[*] Computing DDT
[+] DDT Computed
DDT took 21.816329ms
Iter#1 New set #1 of size 24 (1.0 its/hit = 0.000s/hit): seed=3627937467767614998 [6, 33, 77, 116, 235, 298, 312, 331, 346, 365, 398, 432, 479, 509, 552, 595, 600, 610, 613, 632, 754, 920, 948, 981]
Iter#12 New set #2 of size 24 (6.0 its/hit = 0.000s/hit): seed=6962362594673947513 [22, 120, 126, 174, 188, 278, 334, 370, 404, 409, 420, 441, 481, 545, 548, 641, 681, 703, 758, 761, 792, 864, 929, 991]
Iter#13 New set #1 of size 26 (13.0 its/hit = 0.000s/hit): seed=15996005418023394012 [56, 82, 135, 168, 256, 272, 296, 380, 410, 433, 442, 447, 457, 471, 492, 515, 709, 765, 826, 879, 917, 955, 977, 981, 1005, 1006]
Iter#48 New set #2 of size 26 (24.0 its/hit = 0.000s/hit): seed=2188463486542915264 [3, 46, 53, 187, 343, 369, 381, 431, 454, 459, 510, 562, 616, 659, 708, 723, 753, 768, 783, 789, 803, 826, 874, 919, 942, 1020]
Iter#49 New set #3 of size 26 (16.3 its/hit = 0.000s/hit): seed=3680091631982176291 [6, 8, 37, 186, 204, 219, 333, 337, 358, 372, 476, 533, 544, 565, 576, 635, 643, 678, 762, 794, 806, 824, 924, 954, 978, 1015]
Iter#64 New set #4 of size 26 (16.0 its/hit = 0.000s/hit): seed=6864013775488957240 [23, 191, 232, 237, 318, 385, 450, 469, 493, 566, 649, 710, 721, 751, 765, 772, 776, 777, 787, 800, 812, 862, 916, 951, 971, 991]
Iter#217 New set #5 of size 26 (43.4 its/hit = 0.000s/hit): seed=9344314262693913989 [7, 51, 75, 152, 158, 159, 286, 338, 360, 367, 398, 462, 476, 495, 496, 503, 548, 552, 642, 648, 689, 728, 830, 862, 877, 945]
Iter#221 New set #6 of size 26 (36.8 its/hit = 0.000s/hit): seed=16044965096810395567 [27, 69, 78, 94, 99, 161, 196, 239, 257, 272, 282, 324, 350, 351, 433, 471, 511, 545, 548, 568, 687, 710, 775, 842, 962, 992]
Iter#261 New set #7 of size 26 (37.3 its/hit = 0.000s/hit): seed=17591927011239173950 [5, 68, 97, 102, 121, 185, 196, 220, 223, 284, 344, 515, 516, 566, 594, 616, 626, 672, 768, 807, 810, 814, 870, 878, 953, 991]
Iter#269 New set #8 of size 26 (33.6 its/hit = 0.000s/hit): seed=6631603524986201766 [48, 85, 100, 101, 186, 195, 245, 302, 311, 350, 351, 452, 510, 542, 546, 558, 587, 591, 596, 635, 655, 719, 786, 873, 896, 1018]
Iter#327 New set #9 of size 26 (36.3 its/hit = 0.000s/hit): seed=10237958199821752637 [51, 69, 133, 148, 259, 269, 277, 322, 326, 381, 504, 524, 605, 646, 702, 707, 728, 759, 800, 858, 863, 901, 904, 933, 960, 975]
Iter#491 New set #1 of size 27 (491.0 its/hit = 0.000s/hit): seed=14795213103182165917 [58, 73, 114, 115, 164, 187, 214, 274, 371, 393, 539, 651, 701, 736, 757, 770, 777, 803, 849, 862, 898, 903, 952, 971, 997, 1009, 1013]
Iter#526 New set #1 of size 28 (526.0 its/hit = 0.000s/hit): seed=6959928372344555464 [0, 95, 152, 157, 244, 295, 350, 376, 413, 414, 415, 426, 481, 494, 519, 558, 582, 595, 633, 803, 828, 922, 929, 936, 955, 972, 975, 999]
Iter#777 New set #2 of size 28 (388.5 its/hit = 0.000s/hit): seed=13871077340075468568 [0, 5, 27, 57, 122, 130, 135, 161, 175, 213, 277, 318, 375, 400, 457, 470, 581, 593, 657, 699, 716, 757, 900, 901, 910, 917, 920, 981]
Iter#3824 New set #3 of size 28 (1274.7 its/hit = 0.000s/hit): seed=13110530274439537876 [0, 73, 184, 228, 284, 333, 402, 405, 432, 434, 524, 531, 554, 686, 692, 706, 762, 766, 778, 796, 804, 842, 855, 871, 877, 897, 994, 1006]
Iter#5065 New set #4 of size 28 (1266.2 its/hit = 0.000s/hit): seed=8902199953075942660 [0, 3, 46, 98, 125, 126, 131, 157, 173, 235, 440, 441, 458, 483, 530, 559, 569, 615, 634, 652, 805, 828, 839, 896, 921, 929, 938, 997]
Iter#5772 New set #5 of size 28 (1154.4 its/hit = 0.000s/hit): seed=3982419137279101565 [0, 102, 117, 160, 193, 247, 291, 294, 306, 326, 333, 339, 348, 400, 468, 508, 554, 578, 581, 614, 637, 679, 772, 847, 871, 909, 981, 1003]
Iter#7444 New set #6 of size 28 (1240.7 its/hit = 0.000s/hit): seed=4948280594047754548 [0, 25, 27, 82, 122, 170, 175, 176, 213, 220, 247, 248, 265, 287, 291, 366, 468, 469, 533, 640, 860, 891, 910, 917, 927, 963, 986, 1004]
Iter#8797 New set #7 of size 28 (1256.7 its/hit = 0.000s/hit): seed=2303317484059424345 [0, 7, 52, 136, 144, 198, 209, 214, 267, 332, 335, 362, 387, 442, 512, 580, 625, 627, 638, 695, 697, 739, 787, 807, 817, 844, 979, 1022]
Iter#9474 New set #8 of size 28 (1184.2 its/hit = 0.000s/hit): seed=17395038461237991661 [0, 21, 38, 145, 197, 217, 242, 282, 342, 343, 398, 420, 467, 482, 495, 501, 514, 527, 546, 567, 592, 601, 621, 712, 714, 792, 898, 946]
Iter#9741 New set #9 of size 28 (1082.3 its/hit = 0.000s/hit): seed=16442184622257220670 [0, 51, 97, 157, 190, 201, 227, 304, 314, 488, 535, 553, 590, 700, 752, 793, 813, 826, 828, 830, 831, 852, 859, 929, 962, 988, 1009, 1015]
Iter#11902 New set #10 of size 28 (1190.2 its/hit = 0.000s/hit): seed=16857337853364359776 [0, 64, 68, 78, 114, 143, 194, 219, 259, 278, 341, 389, 472, 474, 495, 503, 539, 542, 606, 621, 690, 729, 748, 758, 898, 956, 1010, 1018]
Iter#11908 New set #1 of size 34 (11908.0 its/hit = 0.000s/hit): seed=17850350711199926706 [0, 93, 105, 139, 150, 189, 222, 275, 300, 351, 367, 369, 374, 385, 402, 432, 436, 509, 523, 531, 537, 563, 574, 594, 610, 619, 654, 655, 762, 842, 849, 888, 897, 998]
Iter#14634 New set #2 of size 34 (7317.0 its/hit = 0.000s/hit): seed=6259302164798245520 [0, 7, 28, 103, 140, 148, 209, 214, 226, 299, 355, 362, 414, 423, 460, 480, 516, 591, 633, 681, 697, 723, 731, 788, 799, 836, 856, 935, 960, 970, 979, 996, 999, 1014]
Iter#16236 New set #3 of size 34 (5412.0 its/hit = 0.000s/hit): seed=3732448236960650592 [0, 60, 64, 156, 223, 240, 258, 323, 358, 372, 427, 437, 451, 456, 481, 498, 542, 555, 558, 587, 606, 631, 632, 635, 662, 709, 791, 845, 853, 902, 907, 947, 973, 975]
Iter#16272 New set #4 of size 34 (4068.0 its/hit = 0.000s/hit): seed=1880148520007905839 [0, 3, 23, 35, 125, 126, 204, 232, 233, 281, 283, 337, 363, 370, 457, 460, 538, 552, 561, 593, 609, 630, 636, 658, 723, 728, 754, 799, 819, 869, 885, 920, 953, 1017]
Iter#23537 New set #5 of size 34 (4707.4 its/hit = 0.000s/hit): seed=3081397963729670557 [0, 27, 80, 83, 110, 128, 165, 174, 211, 220, 243, 254, 265, 332, 380, 382, 399, 432, 435, 463, 469, 475, 512, 644, 685, 691, 733, 762, 823, 842, 844, 866, 910, 917]
Iter#25539 New set #6 of size 34 (4256.5 its/hit = 0.000s/hit): seed=6401115406414519028 [0, 1, 42, 43, 70, 121, 123, 132, 144, 171, 210, 220, 255, 265, 280, 304, 401, 447, 469, 489, 553, 598, 622, 627, 663, 674, 707, 739, 740, 793, 846, 892, 894, 1023]
Iter#28768 New set #7 of size 34 (4109.7 its/hit = 0.000s/hit): seed=13779798045561032387 [0, 21, 72, 73, 75, 81, 133, 142, 158, 184, 212, 238, 316, 320, 383, 497, 524, 526, 546, 567, 692, 696, 736, 749, 782, 804, 827, 833, 838, 877, 880, 977, 991, 1016]
Iter#35569 New set #8 of size 34 (4446.1 its/hit = 0.000s/hit): seed=3699013104181179453 [0, 90, 145, 177, 181, 205, 333, 356, 416, 453, 463, 480, 490, 506, 516, 554, 601, 620, 639, 685, 712, 746, 768, 795, 863, 866, 871, 875, 886, 914, 937, 967, 990, 996]
Iter#37547 New set #9 of size 34 (4171.9 its/hit = 0.000s/hit): seed=7206294226525343527 [0, 12, 36, 49, 53, 178, 216, 219, 229, 259, 311, 327, 381, 391, 419, 421, 472, 484, 500, 504, 617, 684, 767, 776, 781, 800, 814, 824, 840, 916, 933, 954, 965, 968]
Iter#45949 New set #10 of size 34 (4594.9 its/hit = 0.100s/hit): seed=17746616626334982923 [0, 19, 26, 47, 76, 77, 115, 134, 169, 205, 241, 296, 359, 431, 434, 435, 473, 476, 513, 644, 686, 717, 734, 796, 823, 863, 870, 908, 914, 932, 934, 958, 961, 1002]
Iter#106796 New set #20 of size 34 (5339.8 its/hit = 0.100s/hit): seed=9065380210562826067 [0, 143, 149, 204, 206, 228, 281, 317, 332, 341, 355, 474, 480, 489, 512, 516, 612, 636, 663, 681, 710, 753, 778, 801, 844, 869, 885, 894, 953, 970, 996, 1006, 1007, 1019]
Iter#127272 New set #30 of size 34 (4242.4 its/hit = 0.067s/hit): seed=16160409250722181468 [0, 9, 48, 49, 81, 99, 133, 144, 145, 179, 196, 212, 371, 378, 401, 411, 549, 601, 622, 627, 712, 737, 739, 763, 783, 802, 864, 876, 911, 913, 916, 933, 959, 1023]
Iter#197145 New set #40 of size 34 (4928.6 its/hit = 0.100s/hit): seed=10648379798228732226 [0, 1, 10, 21, 42, 43, 97, 201, 260, 270, 327, 356, 435, 463, 481, 488, 546, 558, 567, 617, 639, 644, 685, 700, 795, 814, 823, 826, 830, 852, 859, 866, 975, 1015]
Iter#233218 New set #50 of size 34 (4664.4 its/hit = 0.100s/hit): seed=3936479658084339639 [0, 21, 34, 44, 199, 215, 233, 234, 251, 345, 360, 379, 406, 433, 449, 482, 546, 561, 567, 588, 592, 603, 668, 678, 703, 704, 720, 728, 751, 769, 809, 865, 903, 946]
Iter#286137 New set #60 of size 34 (4769.0 its/hit = 0.100s/hit): seed=16640913315796260781 [0, 16, 61, 158, 204, 286, 362, 408, 443, 446, 455, 487, 570, 605, 608, 623, 645, 672, 682, 688, 697, 722, 744, 797, 821, 833, 854, 885, 948, 953, 979, 980, 991, 1021]
Iter#346984 New set #70 of size 34 (4956.9 its/hit = 0.100s/hit): seed=10683834610918045087 [0, 25, 47, 98, 134, 169, 177, 179, 186, 188, 196, 328, 441, 489, 536, 549, 569, 600, 663, 676, 680, 737, 738, 802, 805, 839, 886, 894, 896, 913, 963, 967, 986, 992]
Iter#415167 New set #80 of size 34 (5189.6 its/hit = 0.112s/hit): seed=16857146488734351109 [0, 102, 103, 114, 166, 237, 240, 256, 258, 306, 318, 355, 389, 422, 447, 485, 498, 503, 624, 637, 646, 669, 681, 699, 707, 847, 867, 892, 901, 909, 935, 960, 970, 1003]
Iter#439035 New set #90 of size 34 (4878.2 its/hit = 0.111s/hit): seed=14966928054171318128 [0, 27, 59, 63, 97, 100, 103, 105, 121, 165, 171, 189, 210, 382, 400, 475, 521, 523, 563, 566, 581, 610, 654, 666, 673, 826, 859, 910, 917, 935, 957, 960, 981, 985]
Iter#506211 New set #100 of size 34 (5062.1 its/hit = 0.110s/hit): seed=3951217600584556129 [0, 31, 53, 63, 80, 91, 121, 171, 174, 198, 210, 221, 254, 290, 364, 367, 395, 403, 464, 511, 521, 566, 568, 574, 579, 625, 695, 781, 806, 815, 824, 825, 849, 939]
Iter#1033846 New set #200 of size 34 (5169.2 its/hit = 0.115s/hit): seed=14239413815912178212 [0, 143, 149, 204, 206, 228, 281, 317, 332, 341, 355, 474, 480, 489, 512, 516, 612, 636, 663, 681, 710, 753, 778, 801, 844, 869, 885, 894, 953, 970, 996, 1006, 1007, 1019]
Iter#1541623 New set #300 of size 34 (5138.7 its/hit = 0.117s/hit): seed=15900256192077419569 [0, 89, 109, 147, 192, 245, 282, 283, 319, 373, 384, 388, 406, 411, 412, 477, 514, 525, 552, 557, 589, 653, 656, 670, 675, 703, 718, 763, 792, 809, 819, 864, 943, 945]
Iter#2010491 New set #400 of size 34 (5026.2 its/hit = 0.115s/hit): seed=15494960525460572877 [0, 10, 58, 71, 103, 138, 142, 160, 178, 219, 232, 259, 260, 270, 348, 349, 383, 409, 471, 472, 497, 508, 538, 648, 651, 687, 689, 719, 754, 776, 822, 935, 954, 960]
Iter#2457721 New set #500 of size 34 (4915.4 its/hit = 0.112s/hit): seed=10128529314993578169 [0, 73, 120, 129, 143, 146, 165, 187, 188, 206, 249, 312, 314, 341, 382, 435, 474, 475, 535, 536, 551, 577, 626, 644, 676, 693, 713, 801, 804, 813, 823, 877, 889, 1007]
Iter#2966144 New set #600 of size 34 (4943.6 its/hit = 0.113s/hit): seed=14249136428518206110 [0, 14, 28, 63, 103, 216, 219, 221, 243, 259, 290, 306, 380, 381, 399, 402, 418, 421, 428, 456, 472, 511, 521, 531, 566, 635, 637, 836, 847, 856, 897, 935, 947, 960]
Iter#3471416 New set #700 of size 34 (4959.2 its/hit = 0.113s/hit): seed=18260489859445469690 [0, 1, 38, 42, 43, 96, 123, 132, 150, 156, 255, 279, 352, 443, 467, 481, 495, 501, 537, 558, 621, 623, 655, 711, 727, 785, 791, 881, 898, 907, 951, 975, 976, 980]
Iter#3916235 New set #800 of size 34 (4895.3 its/hit = 0.113s/hit): seed=15755527082489284934 [0, 22, 23, 106, 155, 197, 199, 306, 310, 363, 412, 444, 527, 543, 557, 586, 603, 604, 609, 629, 630, 637, 658, 668, 702, 714, 725, 770, 847, 861, 945, 966, 995, 1017]
Iter#4406150 New set #900 of size 34 (4895.7 its/hit = 0.112s/hit): seed=15060111663343891792 [0, 8, 100, 150, 156, 222, 225, 277, 304, 336, 344, 351, 385, 437, 444, 491, 537, 553, 632, 655, 657, 702, 705, 770, 791, 793, 810, 873, 900, 904, 907, 957, 973, 985]
Iter#4849526 New set #1000 of size 34 (4849.5 its/hit = 0.111s/hit): seed=9909120126978243119 [0, 56, 91, 100, 193, 232, 246, 264, 284, 316, 326, 395, 401, 443, 464, 510, 538, 578, 614, 622, 623, 679, 735, 743, 749, 754, 766, 772, 957, 977, 980, 985, 994, 1023]
Iter#9777012 New set #2000 of size 34 (4888.5 its/hit = 0.112s/hit): seed=3496933737555144574 [0, 90, 145, 177, 181, 205, 333, 356, 416, 453, 463, 480, 490, 506, 516, 554, 601, 620, 639, 685, 712, 746, 768, 795, 863, 866, 871, 875, 886, 914, 937, 967, 990, 996]
Iter#14502088 New set #3000 of size 34 (4834.0 its/hit = 0.112s/hit): seed=15342313672218486583 [0, 59, 88, 121, 136, 171, 185, 210, 267, 305, 325, 333, 355, 357, 387, 430, 460, 502, 515, 550, 554, 575, 597, 666, 671, 673, 681, 723, 799, 816, 818, 871, 890, 970]
Iter#19471571 New set #4000 of size 34 (4867.9 its/hit = 0.113s/hit): seed=10794952131279093700 [0, 117, 178, 194, 222, 279, 294, 315, 318, 328, 339, 351, 352, 385, 449, 451, 539, 572, 662, 680, 699, 704, 711, 727, 729, 769, 775, 776, 853, 901, 951, 954, 976, 992]
Iter#24270574 New set #5000 of size 34 (4854.1 its/hit = 0.112s/hit): seed=2171485258326039074 [0, 10, 58, 71, 103, 138, 142, 160, 178, 219, 232, 259, 260, 270, 348, 349, 383, 409, 471, 472, 497, 508, 538, 648, 651, 687, 689, 719, 754, 776, 822, 935, 954, 960]
Iter#29418291 New set #6000 of size 34 (4903.0 its/hit = 0.113s/hit): seed=8481111094694870720 [0, 25, 32, 59, 122, 175, 185, 186, 213, 237, 271, 275, 277, 303, 318, 400, 550, 581, 600, 619, 624, 657, 666, 669, 671, 673, 699, 738, 888, 900, 901, 963, 981, 986]
Iter#34402494 New set #7000 of size 34 (4914.6 its/hit = 0.113s/hit): seed=9865993294957090085 [0, 35, 50, 64, 118, 143, 185, 223, 229, 244, 281, 301, 333, 337, 341, 347, 350, 370, 372, 426, 427, 474, 542, 550, 554, 606, 636, 671, 800, 869, 871, 965, 987, 1001]
Iter#39399972 New set #8000 of size 34 (4925.0 its/hit = 0.113s/hit): seed=9463723496496139697 [0, 56, 57, 76, 90, 104, 122, 175, 192, 213, 284, 319, 335, 416, 493, 506, 545, 571, 585, 589, 638, 653, 656, 716, 735, 743, 757, 766, 817, 934, 943, 982, 994, 1002]
Iter#44049501 New set #9000 of size 34 (4894.4 its/hit = 0.112s/hit): seed=1980808813919129427 [0, 27, 53, 97, 138, 139, 219, 231, 259, 349, 361, 374, 459, 462, 463, 471, 472, 509, 517, 647, 685, 708, 781, 824, 826, 841, 859, 866, 884, 910, 915, 917, 941, 974]
Iter#48829286 New set #10000 of size 34 (4882.9 its/hit = 0.112s/hit): seed=17567145191611342271 [0, 20, 80, 116, 147, 153, 174, 184, 193, 254, 269, 307, 315, 325, 377, 458, 520, 524, 525, 540, 559, 572, 575, 599, 614, 670, 679, 692, 775, 777, 868, 890, 912, 997]
Iter#98765702 New set #20000 of size 34 (4938.3 its/hit = 0.113s/hit): seed=4384968323012002093 [0, 27, 59, 63, 97, 100, 103, 105, 121, 165, 171, 189, 210, 382, 400, 475, 521, 523, 563, 566, 581, 610, 654, 666, 673, 826, 859, 910, 917, 935, 957, 960, 981, 985]
Iter#147582932 New set #30000 of size 34 (4919.4 its/hit = 0.113s/hit): seed=6630443000921079308 [0, 30, 60, 98, 119, 148, 198, 263, 275, 282, 331, 352, 368, 408, 514, 587, 591, 619, 625, 631, 645, 695, 726, 727, 731, 780, 786, 792, 797, 805, 839, 888, 925, 951]
