[*] Computing DDT
[+] DDT Computed
DDT took 21.87224ms
Iter#1 New set #1 of size 23 (1.0 its/hit = 0.000s/hit): seed=11598550378446882114 [24, 57, 77, 80, 101, 110, 134, 150, 175, 296, 310, 388, 550, 585, 624, 666, 707, 713, 735, 742, 763, 826, 945]
Iter#2 New set #2 of size 23 (1.0 its/hit = 0.000s/hit): seed=6993175812580214164 [43, 78, 84, 87, 105, 148, 150, 172, 228, 233, 327, 343, 366, 435, 540, 566, 604, 760, 843, 880, 936, 943, 968]
Iter#5 New set #1 of size 24 (5.0 its/hit = 0.000s/hit): seed=7085521634216090293 [56, 82, 91, 289, 311, 371, 462, 502, 520, 544, 560, 572, 585, 594, 626, 634, 745, 754, 769, 800, 851, 884, 966, 1022]
Iter#7 New set #2 of size 24 (3.5 its/hit = 0.000s/hit): seed=9034493429229694098 [5, 69, 79, 106, 122, 128, 153, 169, 247, 265, 305, 339, 473, 492, 510, 566, 591, 592, 605, 679, 711, 857, 880, 942]
Iter#9 New set #3 of size 24 (3.0 its/hit = 0.000s/hit): seed=9942425688668017800 [20, 26, 58, 86, 93, 382, 387, 407, 463, 489, 506, 539, 601, 602, 620, 632, 813, 815, 892, 893, 949, 988, 1007, 1019]
Iter#10 New set #1 of size 26 (10.0 its/hit = 0.000s/hit): seed=5452655776216673931 [9, 29, 118, 138, 161, 166, 192, 224, 290, 306, 340, 342, 406, 543, 655, 669, 683, 702, 710, 743, 757, 761, 803, 941, 987, 1019]
Iter#23 New set #2 of size 26 (11.5 its/hit = 0.000s/hit): seed=16574665761076368484 [37, 42, 80, 87, 137, 169, 180, 222, 225, 286, 305, 329, 333, 407, 448, 578, 600, 626, 627, 639, 671, 675, 680, 759, 775, 1011]
Iter#96 New set #3 of size 26 (32.0 its/hit = 0.000s/hit): seed=17386873268827839341 [79, 102, 172, 185, 202, 331, 362, 363, 419, 467, 485, 525, 568, 606, 660, 670, 692, 697, 723, 754, 794, 815, 864, 871, 891, 990]
Iter#111 New set #1 of size 27 (111.0 its/hit = 0.000s/hit): seed=17462984597271777083 [44, 47, 55, 56, 81, 97, 148, 154, 190, 197, 213, 237, 306, 349, 355, 419, 422, 503, 537, 545, 630, 716, 756, 758, 814, 905, 1016]
Iter#288 New set #2 of size 27 (144.0 its/hit = 0.000s/hit): seed=6899204123846637625 [120, 183, 230, 248, 258, 274, 306, 356, 362, 374, 399, 406, 458, 459, 595, 643, 683, 763, 766, 767, 797, 865, 913, 921, 1001, 1010, 1018]
Iter#375 New set #3 of size 27 (125.0 its/hit = 0.000s/hit): seed=5902472223675671230 [29, 114, 158, 186, 205, 207, 289, 381, 388, 432, 494, 530, 625, 700, 719, 721, 729, 733, 747, 749, 780, 819, 826, 862, 961, 1001, 1020]
Iter#474 New set #4 of size 27 (118.5 its/hit = 0.000s/hit): seed=233333616690999947 [25, 29, 56, 152, 218, 237, 262, 278, 279, 282, 327, 356, 377, 507, 516, 518, 537, 579, 686, 698, 704, 716, 819, 853, 864, 893, 952]
Iter#503 New set #5 of size 27 (100.6 its/hit = 0.000s/hit): seed=1327737081657498260 [70, 85, 102, 160, 187, 230, 258, 283, 284, 324, 350, 418, 421, 427, 484, 485, 550, 598, 622, 669, 745, 754, 760, 782, 849, 888, 963]
Iter#569 New set #1 of size 28 (569.0 its/hit = 0.000s/hit): seed=8387053391505877466 [0, 36, 111, 138, 150, 224, 235, 281, 349, 355, 391, 419, 448, 471, 537, 615, 636, 652, 655, 664, 681, 747, 759, 811, 834, 869, 930, 970]
Iter#591 New set #2 of size 28 (295.5 its/hit = 0.000s/hit): seed=17031050507548318072 [0, 123, 132, 156, 161, 187, 237, 244, 255, 275, 350, 352, 375, 426, 443, 470, 619, 623, 624, 626, 669, 713, 727, 791, 888, 907, 951, 980]
Iter#923 New set #3 of size 28 (307.7 its/hit = 0.000s/hit): seed=9781784803949020353 [0, 8, 15, 44, 156, 215, 218, 251, 280, 285, 297, 330, 336, 344, 390, 393, 401, 499, 598, 622, 724, 764, 791, 846, 907, 950, 969, 1023]
Iter#1256 New set #4 of size 28 (314.0 its/hit = 0.000s/hit): seed=17983476828924190518 [0, 13, 143, 282, 304, 313, 315, 328, 341, 460, 466, 474, 479, 495, 514, 553, 572, 618, 621, 680, 723, 775, 792, 793, 799, 851, 898, 992]
Iter#2438 New set #5 of size 28 (487.6 its/hit = 0.000s/hit): seed=8019711697874497692 [0, 9, 46, 58, 131, 173, 284, 319, 354, 367, 371, 378, 451, 495, 574, 621, 643, 651, 656, 662, 689, 766, 849, 853, 898, 943, 993, 994]
Iter#2639 New set #6 of size 28 (439.8 its/hit = 0.000s/hit): seed=13691623859928158997 [0, 7, 32, 209, 214, 235, 244, 271, 303, 331, 350, 401, 405, 407, 411, 426, 615, 622, 652, 660, 706, 726, 763, 771, 855, 864, 925, 1023]
Iter#2762 New set #1 of size 34 (2762.0 its/hit = 0.000s/hit): seed=9140623875019486151 [0, 11, 12, 40, 72, 76, 87, 109, 127, 152, 278, 281, 283, 293, 302, 415, 500, 504, 552, 595, 636, 675, 718, 748, 782, 803, 819, 838, 869, 934, 955, 972, 1002, 1018]
Iter#3851 New set #2 of size 34 (1925.5 its/hit = 0.000s/hit): seed=15802472772297386151 [0, 36, 71, 79, 92, 106, 119, 158, 160, 262, 263, 273, 346, 348, 368, 391, 402, 419, 440, 508, 530, 531, 543, 573, 629, 648, 719, 812, 833, 897, 919, 938, 984, 991]
Iter#6699 New set #3 of size 34 (2233.0 its/hit = 0.000s/hit): seed=13717169733742284502 [0, 23, 54, 64, 101, 197, 244, 350, 354, 357, 426, 437, 455, 489, 527, 542, 570, 597, 606, 609, 630, 632, 643, 663, 714, 816, 837, 883, 894, 918, 973, 993, 1011, 1021]
Iter#16812 New set #4 of size 34 (4203.0 its/hit = 0.000s/hit): seed=3304825768518763073 [0, 11, 26, 52, 58, 98, 101, 109, 159, 164, 293, 302, 340, 435, 456, 496, 635, 644, 651, 675, 689, 718, 787, 805, 807, 823, 839, 874, 918, 932, 947, 958, 1011, 1013]
Iter#30386 New set #5 of size 34 (6077.2 its/hit = 0.000s/hit): seed=2676507498619406439 [0, 22, 35, 117, 145, 184, 204, 227, 285, 294, 317, 337, 339, 362, 370, 442, 524, 580, 586, 601, 604, 692, 697, 710, 712, 724, 831, 885, 953, 969, 979, 988, 1019, 1022]
Iter#30886 New set #6 of size 34 (5147.7 its/hit = 0.000s/hit): seed=5432950611408021238 [0, 47, 68, 134, 140, 155, 169, 219, 226, 236, 242, 259, 299, 311, 342, 410, 420, 423, 449, 472, 602, 690, 694, 704, 721, 758, 767, 769, 788, 843, 861, 966, 968, 1014]
Iter#36413 New set #7 of size 34 (5201.9 its/hit = 0.000s/hit): seed=17688930403861666052 [0, 48, 96, 97, 103, 138, 164, 198, 216, 319, 340, 349, 381, 421, 435, 436, 471, 496, 594, 625, 644, 656, 695, 785, 823, 826, 859, 881, 911, 935, 943, 959, 960, 998]
Iter#39131 New set #8 of size 34 (4891.4 its/hit = 0.000s/hit): seed=4831229501018277788 [0, 7, 29, 33, 58, 192, 209, 214, 217, 242, 261, 292, 307, 324, 342, 343, 398, 420, 492, 493, 528, 532, 571, 589, 599, 651, 653, 689, 848, 868, 879, 882, 982, 1020]
Iter#66524 New set #9 of size 34 (7391.6 its/hit = 0.111s/hit): seed=4016364451163374263 [0, 102, 103, 114, 166, 237, 240, 256, 258, 306, 318, 355, 389, 422, 447, 485, 498, 503, 624, 637, 646, 669, 681, 699, 707, 847, 867, 892, 901, 909, 935, 960, 970, 1003]
Iter#76581 New set #10 of size 34 (7658.1 its/hit = 0.100s/hit): seed=11285321222983615804 [0, 28, 50, 116, 123, 132, 142, 158, 163, 232, 255, 269, 289, 307, 311, 377, 383, 386, 490, 497, 538, 599, 746, 754, 767, 768, 833, 836, 856, 868, 968, 987, 991, 1001]
Iter#104821 New set #20 of size 34 (5241.0 its/hit = 0.100s/hit): seed=7847626592596754095 [0, 22, 35, 117, 145, 184, 204, 227, 285, 294, 317, 337, 339, 362, 370, 442, 524, 580, 586, 601, 604, 692, 697, 710, 712, 724, 831, 885, 953, 969, 979, 988, 1019, 1022]
Iter#142037 New set #30 of size 34 (4734.6 its/hit = 0.100s/hit): seed=9009515715313676644 [0, 91, 112, 163, 177, 179, 182, 200, 235, 289, 386, 395, 403, 417, 437, 464, 465, 492, 528, 568, 615, 632, 652, 789, 790, 802, 886, 913, 928, 939, 967, 973, 989, 1020]
Iter#181454 New set #40 of size 34 (4536.4 its/hit = 0.100s/hit): seed=10957220099185905474 [0, 73, 120, 129, 143, 146, 165, 187, 188, 206, 249, 312, 314, 341, 382, 435, 474, 475, 535, 536, 551, 577, 626, 644, 676, 693, 713, 801, 804, 813, 823, 877, 889, 1007]
Iter#223341 New set #50 of size 34 (4466.8 its/hit = 0.100s/hit): seed=10900997041030148196 [0, 56, 91, 100, 193, 232, 246, 264, 284, 316, 326, 395, 401, 443, 464, 510, 538, 578, 614, 622, 623, 679, 735, 743, 749, 754, 766, 772, 957, 977, 980, 985, 994, 1023]
Iter#298363 New set #60 of size 34 (4972.7 its/hit = 0.100s/hit): seed=5810535536569553330 [0, 9, 21, 39, 78, 99, 107, 278, 320, 363, 371, 378, 415, 451, 478, 505, 546, 564, 567, 595, 607, 658, 662, 696, 748, 783, 853, 876, 956, 972, 1010, 1016, 1017, 1018]
Iter#361493 New set #70 of size 34 (5164.2 its/hit = 0.114s/hit): seed=2944184071690607539 [0, 118, 177, 206, 221, 285, 290, 301, 313, 347, 360, 361, 366, 442, 461, 511, 533, 580, 618, 708, 724, 751, 761, 801, 820, 851, 886, 891, 903, 941, 967, 969, 1007, 1022]
Iter#405444 New set #80 of size 34 (5068.0 its/hit = 0.112s/hit): seed=3132354336859206797 [0, 30, 68, 137, 140, 148, 180, 190, 193, 239, 243, 288, 299, 380, 399, 423, 425, 454, 529, 548, 590, 591, 614, 679, 690, 715, 731, 752, 758, 780, 786, 832, 983, 1012]
Iter#451917 New set #90 of size 34 (5021.3 its/hit = 0.111s/hit): seed=3858740910737295201 [0, 4, 50, 75, 78, 111, 152, 168, 172, 222, 316, 351, 385, 405, 450, 452, 583, 664, 701, 706, 749, 759, 803, 827, 855, 880, 895, 899, 955, 956, 977, 987, 1001, 1010]
Iter#509295 New set #100 of size 34 (5093.0 its/hit = 0.110s/hit): seed=17677522966081941176 [0, 153, 182, 201, 202, 207, 247, 291, 323, 329, 458, 468, 482, 486, 559, 592, 642, 709, 760, 777, 779, 790, 798, 830, 835, 902, 905, 912, 928, 946, 964, 971, 997, 1015]
Iter#1014664 New set #200 of size 34 (5073.3 its/hit = 0.115s/hit): seed=12042219906953208155 [0, 21, 34, 44, 199, 215, 233, 234, 251, 345, 360, 379, 406, 433, 449, 482, 546, 561, 567, 588, 592, 603, 668, 678, 703, 704, 720, 728, 751, 769, 809, 865, 903, 946]
Iter#1503730 New set #300 of size 34 (5012.4 its/hit = 0.113s/hit): seed=6955862250382837020 [0, 40, 67, 79, 80, 87, 127, 155, 165, 174, 180, 193, 207, 246, 254, 264, 366, 382, 475, 510, 533, 544, 611, 614, 679, 779, 832, 861, 891, 919, 964, 966, 984, 1012]
Iter#2103846 New set #400 of size 34 (5259.6 its/hit = 0.120s/hit): seed=3512946939587476477 [0, 10, 16, 54, 64, 180, 188, 235, 260, 270, 278, 308, 362, 439, 536, 542, 556, 606, 615, 641, 652, 672, 676, 688, 697, 748, 832, 837, 883, 923, 949, 979, 1012, 1018]
Iter#2588010 New set #500 of size 34 (5176.0 its/hit = 0.118s/hit): seed=16651414237001074285 [0, 8, 100, 150, 156, 222, 225, 277, 304, 336, 344, 351, 385, 437, 444, 491, 537, 553, 632, 655, 657, 702, 705, 770, 791, 793, 810, 873, 900, 904, 907, 957, 973, 985]
Iter#2970733 New set #600 of size 34 (4951.2 its/hit = 0.113s/hit): seed=1744860939575490235 [0, 31, 53, 63, 80, 91, 121, 171, 174, 198, 210, 221, 254, 290, 364, 367, 395, 403, 464, 511, 521, 566, 568, 574, 579, 625, 695, 781, 806, 815, 824, 825, 849, 939]
Iter#3637235 New set #700 of size 34 (5196.0 its/hit = 0.120s/hit): seed=11162279092148590437 [0, 2, 32, 84, 86, 101, 154, 192, 271, 284, 303, 353, 401, 448, 454, 459, 517, 529, 589, 622, 653, 747, 765, 766, 811, 887, 918, 924, 974, 983, 994, 1005, 1011, 1023]
Iter#4163630 New set #800 of size 34 (5204.5 its/hit = 0.120s/hit): seed=3062645307089890182 [0, 142, 181, 195, 230, 235, 276, 283, 307, 333, 383, 403, 483, 497, 552, 554, 560, 568, 599, 615, 634, 652, 698, 755, 819, 862, 868, 871, 875, 921, 939, 942, 952, 990]
Iter#4677653 New set #900 of size 34 (5197.4 its/hit = 0.120s/hit): seed=4036301035639587186 [0, 52, 60, 89, 96, 180, 194, 225, 230, 245, 352, 373, 384, 388, 477, 483, 539, 587, 631, 634, 727, 729, 785, 787, 807, 832, 862, 873, 881, 904, 921, 951, 952, 1012]
Iter#5179974 New set #1000 of size 34 (5180.0 its/hit = 0.120s/hit): seed=11060369366437846552 [0, 40, 55, 64, 87, 110, 127, 166, 190, 191, 216, 256, 322, 381, 421, 422, 433, 455, 542, 570, 590, 606, 613, 691, 720, 730, 733, 750, 752, 857, 865, 878, 940, 1021]
Iter#10002104 New set #2000 of size 34 (5001.1 its/hit = 0.115s/hit): seed=18303676106909391659 [0, 1, 16, 42, 43, 77, 96, 142, 224, 227, 311, 383, 459, 462, 487, 497, 517, 647, 672, 688, 722, 767, 785, 821, 831, 834, 841, 881, 908, 930, 961, 968, 974, 988]
Iter#14642583 New set #3000 of size 34 (4880.9 its/hit = 0.113s/hit): seed=7611176283756665093 [0, 26, 30, 48, 90, 97, 115, 176, 192, 194, 317, 416, 431, 452, 476, 506, 539, 583, 589, 653, 710, 729, 780, 786, 826, 859, 860, 899, 911, 932, 958, 959, 1004, 1019]
Iter#19328620 New set #4000 of size 34 (4832.2 its/hit = 0.112s/hit): seed=11772995241973398018 [0, 91, 112, 163, 177, 179, 182, 200, 235, 289, 386, 395, 403, 417, 437, 464, 465, 492, 528, 568, 615, 632, 652, 789, 790, 802, 886, 913, 928, 939, 967, 973, 989, 1020]
Iter#24336414 New set #5000 of size 34 (4867.3 its/hit = 0.112s/hit): seed=8184123456327156832 [0, 15, 16, 39, 60, 93, 114, 158, 300, 331, 363, 369, 389, 390, 393, 401, 478, 488, 503, 505, 587, 622, 631, 658, 672, 688, 700, 726, 833, 852, 925, 991, 1017, 1023]
Iter#29117768 New set #6000 of size 34 (4853.0 its/hit = 0.112s/hit): seed=14085166731335008768 [0, 23, 39, 46, 56, 61, 83, 93, 128, 131, 155, 173, 211, 246, 264, 300, 369, 441, 453, 478, 505, 510, 569, 605, 608, 609, 620, 630, 735, 743, 861, 896, 937, 966]
Iter#33938479 New set #7000 of size 34 (4848.4 its/hit = 0.112s/hit): seed=6875461621746787806 [0, 37, 55, 113, 117, 204, 278, 294, 308, 339, 364, 365, 392, 394, 404, 429, 434, 507, 579, 616, 641, 686, 745, 748, 773, 796, 815, 857, 878, 885, 893, 949, 953, 1018]
Iter#39056634 New set #8000 of size 34 (4882.1 its/hit = 0.113s/hit): seed=16509838867157915909 [0, 27, 80, 83, 110, 128, 165, 174, 211, 220, 243, 254, 265, 332, 380, 382, 399, 432, 435, 463, 469, 475, 512, 644, 685, 691, 733, 762, 823, 842, 844, 866, 910, 917]
Iter#44191306 New set #9000 of size 34 (4910.1 its/hit = 0.113s/hit): seed=13785346536458317962 [0, 48, 96, 97, 103, 138, 164, 198, 216, 319, 340, 349, 381, 421, 435, 436, 471, 496, 594, 625, 644, 656, 695, 785, 823, 826, 859, 881, 911, 935, 943, 959, 960, 998]
Iter#49071911 New set #10000 of size 34 (4907.2 its/hit = 0.113s/hit): seed=11593099021773173965 [0, 2, 14, 36, 55, 84, 86, 141, 156, 257, 312, 367, 391, 396, 402, 418, 419, 428, 451, 485, 531, 574, 577, 646, 662, 791, 849, 853, 857, 867, 878, 889, 897, 907]
Iter#98221759 New set #20000 of size 34 (4911.1 its/hit = 0.113s/hit): seed=18363065499405016294 [0, 58, 102, 149, 164, 227, 229, 313, 340, 361, 463, 488, 494, 496, 582, 612, 618, 651, 685, 689, 700, 708, 753, 800, 831, 851, 852, 866, 909, 936, 941, 965, 988, 1003]
Iter#147151517 New set #30000 of size 34 (4905.1 its/hit = 0.112s/hit): seed=14997566066078480989 [0, 5, 20, 29, 46, 130, 131, 135, 143, 173, 217, 228, 319, 341, 343, 398, 400, 404, 434, 474, 520, 540, 581, 656, 686, 745, 778, 796, 879, 882, 893, 943, 981, 1006]
Iter#196502455 New set #40000 of size 34 (4912.6 its/hit = 0.112s/hit): seed=4355708938282787973 [0, 102, 139, 147, 154, 182, 196, 197, 202, 217, 308, 343, 374, 398, 439, 509, 525, 527, 549, 556, 641, 670, 714, 737, 790, 835, 887, 905, 909, 923, 928, 949, 1003, 1005]
Iter#245688255 New set #50000 of size 34 (4913.8 its/hit = 0.112s/hit): seed=6869854449875333496 [0, 31, 50, 90, 117, 147, 224, 228, 294, 304, 339, 360, 416, 488, 490, 506, 525, 553, 670, 700, 746, 751, 768, 778, 793, 806, 825, 834, 852, 903, 930, 987, 1001, 1006]
Iter#294931265 New set #60000 of size 34 (4915.5 its/hit = 0.112s/hit): seed=13292086986672961733 [0, 96, 141, 192, 194, 203, 206, 257, 276, 328, 335, 359, 396, 432, 513, 539, 589, 638, 653, 680, 698, 729, 762, 785, 801, 817, 842, 870, 872, 881, 931, 942, 992, 1007]
