[*] Computing DDT
[+] DDT Computed
DDT took 23.809441ms
Iter#1 New set #1 of size 22 (1.0 its/hit = 0.000s/hit): seed=9268826620084669040 [21, 145, 155, 252, 331, 333, 397, 405, 415, 419, 496, 548, 609, 613, 637, 713, 717, 720, 742, 850, 871, 950]
Iter#2 New set #1 of size 23 (2.0 its/hit = 0.000s/hit): seed=13005991780294653087 [60, 75, 91, 133, 141, 185, 283, 299, 307, 339, 378, 456, 475, 526, 538, 661, 675, 847, 926, 938, 941, 960, 966]
Iter#12 New set #1 of size 25 (12.0 its/hit = 0.000s/hit): seed=10447517559598851769 [24, 126, 141, 191, 222, 234, 263, 277, 356, 474, 484, 495, 499, 507, 538, 597, 703, 707, 713, 755, 853, 917, 993, 999, 1011]
Iter#31 New set #2 of size 25 (15.5 its/hit = 0.000s/hit): seed=4000477374659769627 [0, 90, 145, 228, 287, 311, 414, 416, 456, 492, 506, 528, 601, 633, 635, 640, 712, 767, 778, 927, 947, 968, 999, 1006, 1020]
Iter#33 New set #3 of size 25 (11.0 its/hit = 0.000s/hit): seed=5840878295431231800 [18, 22, 62, 129, 172, 232, 258, 261, 309, 341, 361, 393, 451, 456, 475, 505, 609, 665, 723, 824, 830, 871, 912, 951, 1007]
Iter#40 New set #4 of size 25 (10.0 its/hit = 0.000s/hit): seed=4879606420899168323 [83, 115, 179, 186, 325, 348, 352, 380, 400, 402, 493, 516, 610, 651, 659, 699, 703, 709, 773, 774, 785, 823, 850, 937, 1009]
Iter#42 New set #5 of size 25 (8.4 its/hit = 0.000s/hit): seed=8064838941667107546 [77, 82, 103, 355, 415, 434, 448, 453, 487, 554, 577, 593, 598, 683, 710, 849, 863, 864, 870, 874, 875, 884, 927, 950, 979]
Iter#54 New set #6 of size 25 (9.0 its/hit = 0.000s/hit): seed=4847955479800757731 [51, 75, 209, 212, 219, 237, 293, 363, 381, 388, 485, 489, 535, 543, 656, 670, 676, 762, 775, 872, 893, 926, 936, 978, 1014]
Iter#57 New set #7 of size 25 (8.1 its/hit = 0.000s/hit): seed=14980215168400822240 [46, 69, 98, 105, 120, 139, 181, 290, 327, 332, 439, 467, 498, 556, 600, 665, 692, 721, 744, 746, 776, 899, 916, 924, 983]
Iter#72 New set #8 of size 25 (9.0 its/hit = 0.000s/hit): seed=16506314626881232968 [3, 25, 50, 167, 184, 214, 230, 366, 367, 390, 436, 463, 479, 485, 490, 515, 523, 613, 625, 697, 714, 829, 897, 926, 990]
Iter#79 New set #9 of size 25 (8.8 its/hit = 0.000s/hit): seed=5140246713716210668 [25, 44, 53, 114, 172, 202, 215, 238, 271, 331, 522, 536, 628, 646, 704, 763, 788, 801, 804, 839, 931, 934, 941, 942, 963]
Iter#90 New set #10 of size 25 (9.0 its/hit = 0.000s/hit): seed=9232055618157618072 [58, 64, 89, 140, 183, 326, 344, 448, 470, 505, 530, 589, 730, 780, 792, 798, 799, 820, 821, 854, 874, 933, 968, 997, 1017]
Iter#113 New set #1 of size 28 (113.0 its/hit = 0.000s/hit): seed=12760855909674385776 [42, 48, 92, 109, 235, 262, 292, 297, 308, 363, 417, 480, 540, 569, 575, 598, 675, 736, 743, 750, 767, 843, 900, 910, 916, 925, 945, 981]
Iter#736 New set #2 of size 28 (368.0 its/hit = 0.000s/hit): seed=13729705432917751428 [41, 48, 71, 123, 125, 145, 153, 157, 158, 193, 239, 242, 279, 280, 362, 388, 454, 489, 527, 536, 552, 554, 659, 722, 795, 845, 945, 1010]
Iter#1240 New set #3 of size 28 (413.3 its/hit = 0.000s/hit): seed=3971591304148357346 [26, 33, 44, 59, 101, 144, 146, 170, 245, 254, 297, 382, 437, 484, 547, 567, 578, 589, 602, 629, 664, 738, 781, 854, 894, 904, 964, 971]
Iter#1254 New set #4 of size 28 (313.5 its/hit = 0.000s/hit): seed=17237095834747820117 [147, 303, 316, 356, 363, 380, 382, 402, 426, 431, 438, 456, 507, 508, 532, 550, 557, 603, 607, 700, 703, 796, 913, 925, 929, 985, 994, 1009]
Iter#2104 New set #5 of size 28 (420.8 its/hit = 0.000s/hit): seed=8252229882760585980 [91, 124, 147, 152, 174, 175, 257, 326, 352, 373, 414, 431, 454, 493, 573, 575, 581, 617, 619, 676, 680, 710, 744, 756, 770, 808, 849, 909]
Iter#2486 New set #6 of size 28 (414.3 its/hit = 0.000s/hit): seed=8754739869296920223 [4, 71, 86, 174, 187, 205, 226, 240, 252, 401, 402, 418, 440, 508, 574, 578, 579, 630, 652, 665, 671, 769, 776, 836, 852, 895, 929, 962]
Iter#2793 New set #7 of size 28 (399.0 its/hit = 0.000s/hit): seed=13414086187788839353 [52, 79, 109, 153, 257, 272, 286, 310, 376, 409, 426, 467, 534, 577, 610, 613, 645, 649, 652, 707, 742, 755, 769, 800, 815, 827, 995, 1022]
Iter#4100 New set #8 of size 28 (512.5 its/hit = 0.000s/hit): seed=1319489899927084856 [61, 98, 204, 257, 262, 283, 317, 359, 385, 387, 448, 464, 469, 471, 538, 571, 622, 651, 674, 727, 740, 829, 881, 923, 929, 943, 950, 1023]
Iter#4511 New set #9 of size 28 (501.2 its/hit = 0.000s/hit): seed=12979772820614215555 [22, 103, 114, 138, 172, 294, 299, 436, 452, 486, 561, 575, 624, 667, 766, 783, 802, 803, 886, 897, 932, 964, 984, 989, 991, 992, 1010, 1012]
Iter#4863 New set #10 of size 28 (486.3 its/hit = 0.000s/hit): seed=6201069235557395540 [12, 73, 79, 90, 149, 193, 257, 293, 364, 405, 426, 466, 473, 492, 524, 530, 715, 758, 773, 775, 802, 837, 842, 845, 881, 923, 924, 931]
Iter#11902 New set #20 of size 28 (595.1 its/hit = 0.000s/hit): seed=5263780382082785009 [17, 101, 135, 164, 246, 284, 335, 339, 360, 390, 412, 463, 479, 496, 540, 619, 636, 651, 694, 708, 753, 782, 812, 838, 938, 999, 1007, 1014]
Iter#18942 New set #30 of size 28 (631.4 its/hit = 0.033s/hit): seed=1988033542669660401 [46, 102, 119, 157, 160, 253, 266, 281, 295, 312, 330, 453, 527, 535, 563, 571, 626, 678, 721, 739, 848, 851, 870, 910, 929, 982, 998, 1008]
Iter#24826 New set #40 of size 28 (620.7 its/hit = 0.025s/hit): seed=17965031819196452918 [47, 69, 83, 146, 192, 208, 262, 298, 326, 328, 353, 485, 497, 510, 520, 600, 635, 716, 777, 788, 810, 821, 837, 846, 864, 935, 980, 1007]
Iter#29458 New set #50 of size 28 (589.2 its/hit = 0.020s/hit): seed=5912732093012517330 [9, 55, 80, 93, 150, 215, 270, 320, 345, 383, 481, 505, 579, 582, 643, 649, 651, 666, 690, 764, 841, 854, 870, 886, 916, 962, 980, 991]
Iter#37401 New set #60 of size 28 (623.3 its/hit = 0.033s/hit): seed=4631348705071578612 [4, 53, 69, 97, 128, 169, 180, 194, 207, 225, 248, 250, 345, 475, 547, 634, 648, 680, 699, 702, 828, 874, 876, 903, 915, 935, 1007, 1022]
Iter#43935 New set #70 of size 28 (627.6 its/hit = 0.029s/hit): seed=9597804975728235435 [50, 67, 100, 156, 177, 281, 319, 384, 425, 447, 469, 508, 569, 587, 640, 667, 693, 732, 737, 783, 811, 831, 889, 891, 927, 972, 982, 988]
Iter#51561 New set #80 of size 28 (644.5 its/hit = 0.025s/hit): seed=12953326404158777611 [51, 81, 169, 281, 347, 443, 489, 508, 529, 652, 653, 670, 699, 725, 766, 776, 787, 802, 809, 811, 849, 853, 900, 936, 976, 1017, 1021, 1022]
Iter#55700 New set #90 of size 28 (618.9 its/hit = 0.022s/hit): seed=18130005599775238270 [23, 103, 113, 164, 192, 200, 249, 261, 297, 331, 366, 369, 396, 446, 520, 584, 599, 613, 660, 675, 750, 777, 815, 837, 880, 958, 997, 1021]
Iter#63905 New set #100 of size 28 (639.0 its/hit = 0.030s/hit): seed=6602462883767795584 [20, 104, 122, 141, 188, 214, 255, 273, 293, 317, 318, 347, 415, 498, 523, 527, 558, 563, 602, 611, 663, 669, 680, 717, 725, 823, 877, 991]
Iter#136527 New set #200 of size 28 (682.6 its/hit = 0.030s/hit): seed=4684169214049737806 [7, 16, 44, 46, 47, 65, 80, 120, 122, 186, 353, 451, 453, 460, 516, 535, 554, 561, 601, 611, 653, 673, 692, 749, 797, 848, 926, 940]
Iter#198222 New set #300 of size 28 (660.7 its/hit = 0.033s/hit): seed=3819780291477587745 [39, 63, 71, 98, 125, 149, 159, 282, 290, 330, 345, 391, 422, 477, 573, 623, 625, 662, 673, 780, 798, 819, 833, 885, 888, 902, 909, 1007]
Iter#255229 New set #400 of size 28 (638.1 its/hit = 0.030s/hit): seed=8956963204242402713 [19, 64, 93, 95, 119, 130, 200, 243, 246, 272, 331, 451, 459, 505, 530, 569, 594, 617, 621, 684, 685, 715, 725, 747, 762, 914, 984, 1018]
Iter#328594 New set #500 of size 28 (657.2 its/hit = 0.032s/hit): seed=9877356894513146522 [17, 55, 98, 141, 150, 164, 288, 376, 447, 506, 519, 523, 531, 556, 586, 596, 623, 624, 638, 684, 685, 725, 782, 852, 906, 939, 953, 956]
Iter#385470 New set #600 of size 28 (642.5 its/hit = 0.030s/hit): seed=2045611024988172782 [7, 91, 92, 109, 123, 144, 152, 177, 274, 328, 351, 365, 370, 414, 468, 508, 567, 573, 639, 728, 742, 749, 796, 824, 843, 853, 877, 1010]
Iter#444206 New set #700 of size 28 (634.6 its/hit = 0.030s/hit): seed=2634598767944911220 [14, 86, 120, 141, 234, 262, 269, 274, 342, 365, 416, 424, 450, 453, 460, 504, 682, 735, 747, 777, 841, 862, 883, 920, 924, 933, 948, 952]
Iter#493893 New set #800 of size 28 (617.4 its/hit = 0.029s/hit): seed=16441918151940020509 [65, 69, 70, 160, 264, 283, 303, 309, 313, 337, 344, 356, 391, 396, 411, 475, 527, 592, 641, 764, 773, 791, 854, 879, 894, 918, 1006, 1019]
Iter#555346 New set #900 of size 28 (617.1 its/hit = 0.028s/hit): seed=5916980797361000274 [61, 97, 149, 231, 242, 325, 329, 411, 437, 450, 566, 620, 667, 669, 709, 720, 731, 734, 767, 806, 818, 822, 853, 863, 873, 988, 1003, 1017]
Iter#628666 New set #1000 of size 28 (628.7 its/hit = 0.028s/hit): seed=8384814173212335856 [3, 17, 74, 90, 103, 112, 120, 135, 178, 252, 259, 288, 289, 296, 315, 365, 538, 627, 701, 745, 827, 833, 862, 913, 931, 1009, 1020, 1022]
Iter#1266844 New set #2000 of size 28 (633.4 its/hit = 0.024s/hit): seed=9327341741816071230 [36, 139, 142, 162, 245, 280, 314, 318, 333, 354, 357, 382, 410, 466, 564, 614, 629, 631, 686, 688, 691, 719, 762, 800, 864, 943, 968, 1017]
Iter#1872880 New set #3000 of size 28 (624.3 its/hit = 0.023s/hit): seed=9859765799086334143 [74, 132, 135, 207, 254, 302, 324, 356, 368, 401, 413, 495, 497, 506, 533, 592, 600, 616, 688, 698, 737, 768, 776, 809, 853, 892, 917, 1005]
Iter#2484520 New set #4000 of size 28 (621.1 its/hit = 0.023s/hit): seed=16706521277568708325 [53, 104, 114, 120, 154, 278, 359, 374, 380, 442, 443, 455, 521, 522, 525, 547, 616, 640, 701, 739, 762, 873, 959, 961, 972, 982, 1002, 1014]
Iter#3108408 New set #5000 of size 28 (621.7 its/hit = 0.022s/hit): seed=17640032708920679330 [20, 114, 134, 179, 208, 217, 231, 441, 448, 506, 533, 580, 584, 594, 631, 668, 677, 821, 833, 876, 913, 916, 944, 956, 963, 989, 991, 1003]
Iter#3730520 New set #6000 of size 28 (621.8 its/hit = 0.024s/hit): seed=4299814746518743841 [18, 43, 155, 195, 267, 425, 442, 477, 513, 554, 617, 622, 650, 672, 805, 856, 858, 868, 887, 906, 911, 935, 967, 989, 990, 1009, 1020, 1021]
Iter#4323815 New set #7000 of size 28 (617.7 its/hit = 0.025s/hit): seed=17486937616500385910 [88, 135, 142, 151, 157, 162, 198, 271, 298, 300, 325, 432, 492, 499, 500, 509, 533, 551, 567, 570, 632, 690, 755, 803, 825, 847, 894, 1016]
Iter#4935418 New set #8000 of size 28 (616.9 its/hit = 0.024s/hit): seed=18134706123501992803 [38, 90, 199, 211, 238, 270, 286, 294, 327, 353, 372, 421, 459, 460, 555, 570, 601, 724, 733, 785, 794, 847, 935, 942, 958, 967, 988, 1001]
Iter#5555117 New set #9000 of size 28 (617.2 its/hit = 0.024s/hit): seed=5308798874927447335 [110, 112, 132, 148, 191, 204, 302, 309, 313, 438, 456, 474, 591, 609, 610, 616, 724, 754, 778, 866, 890, 891, 892, 926, 935, 948, 955, 986]
Iter#6186288 New set #10000 of size 28 (618.6 its/hit = 0.024s/hit): seed=18141605057795837775 [7, 24, 85, 137, 154, 160, 211, 220, 235, 245, 271, 288, 301, 315, 357, 380, 394, 469, 529, 532, 555, 603, 684, 716, 777, 923, 960, 976]
