[*] Computing DDT
[+] DDT Computed
DDT took 21.588681ms
Iter#1 New set #1 of size 22 (1.0 its/hit = 0.000s/hit): seed=2535164880135075103 [15, 17, 42, 50, 86, 153, 277, 282, 339, 395, 402, 429, 464, 466, 568, 598, 610, 726, 794, 826, 896, 991]
Iter#3 New set #2 of size 22 (1.5 its/hit = 0.000s/hit): seed=8627444930284750511 [64, 76, 137, 170, 300, 353, 459, 515, 547, 599, 611, 680, 690, 747, 822, 871, 879, 894, 913, 947, 951, 994]
Iter#5 New set #3 of size 22 (1.7 its/hit = 0.000s/hit): seed=14165470681935838810 [63, 119, 183, 241, 272, 308, 335, 441, 444, 474, 502, 537, 622, 690, 735, 752, 754, 764, 830, 935, 946, 1009]
Iter#7 New set #4 of size 22 (1.8 its/hit = 0.000s/hit): seed=138974368378183057 [44, 51, 108, 184, 286, 300, 397, 432, 436, 482, 611, 683, 691, 709, 721, 731, 759, 858, 869, 870, 899, 940]
Iter#8 New set #5 of size 22 (1.6 its/hit = 0.000s/hit): seed=9779100942837789855 [48, 139, 169, 184, 195, 332, 386, 419, 421, 447, 513, 539, 581, 613, 707, 743, 763, 780, 789, 851, 991, 994]
Iter#9 New set #6 of size 22 (1.5 its/hit = 0.000s/hit): seed=13665799149596980487 [39, 71, 75, 92, 133, 178, 257, 285, 302, 315, 352, 370, 566, 605, 643, 668, 770, 826, 901, 988, 1002, 1003]
Iter#10 New set #7 of size 22 (1.4 its/hit = 0.000s/hit): seed=18263400181365755230 [13, 31, 54, 81, 151, 160, 213, 219, 275, 310, 375, 377, 384, 392, 590, 592, 725, 817, 823, 839, 893, 925]
Iter#11 New set #8 of size 22 (1.4 its/hit = 0.000s/hit): seed=3445627728723759780 [28, 37, 57, 64, 71, 212, 255, 281, 366, 473, 501, 504, 539, 624, 651, 657, 704, 718, 768, 866, 876, 949]
Iter#13 New set #9 of size 22 (1.4 its/hit = 0.000s/hit): seed=12374679779774078513 [19, 63, 150, 178, 219, 229, 269, 273, 296, 309, 506, 510, 540, 611, 625, 774, 821, 958, 974, 977, 986, 1017]
Iter#14 New set #10 of size 22 (1.4 its/hit = 0.000s/hit): seed=17174218204905103914 [23, 74, 91, 174, 300, 310, 381, 383, 407, 438, 479, 482, 535, 561, 577, 648, 658, 685, 768, 797, 805, 836]
Iter#17 New set #1 of size 25 (17.0 its/hit = 0.000s/hit): seed=18376118347595876970 [24, 36, 50, 56, 57, 73, 139, 142, 173, 188, 285, 310, 316, 374, 457, 544, 556, 614, 626, 679, 707, 784, 850, 874, 914]
Iter#36 New set #2 of size 25 (18.0 its/hit = 0.000s/hit): seed=15605045790316069363 [8, 22, 37, 70, 166, 187, 212, 374, 403, 413, 549, 552, 594, 601, 637, 701, 752, 785, 842, 856, 868, 948, 990, 1015, 1018]
Iter#44 New set #3 of size 25 (14.7 its/hit = 0.000s/hit): seed=17657070383528335940 [29, 30, 75, 251, 288, 290, 300, 350, 355, 489, 538, 564, 569, 638, 655, 678, 698, 731, 803, 821, 838, 870, 949, 998, 1003]
Iter#70 New set #4 of size 25 (17.5 its/hit = 0.000s/hit): seed=17445355677956143290 [21, 37, 49, 103, 123, 174, 189, 199, 201, 215, 222, 258, 336, 338, 358, 433, 522, 526, 677, 716, 775, 856, 884, 941, 1017]
Iter#79 New set #5 of size 25 (15.8 its/hit = 0.000s/hit): seed=16735613385712904026 [92, 130, 179, 207, 215, 278, 303, 306, 315, 447, 464, 511, 547, 553, 585, 783, 790, 807, 813, 819, 831, 840, 856, 880, 974]
Iter#83 New set #6 of size 25 (13.8 its/hit = 0.000s/hit): seed=9519886816179494224 [59, 77, 98, 128, 146, 278, 282, 352, 389, 390, 400, 431, 437, 463, 470, 574, 576, 619, 630, 644, 676, 677, 704, 728, 868]
Iter#94 New set #7 of size 25 (13.4 its/hit = 0.000s/hit): seed=3974733067057876117 [94, 136, 149, 165, 189, 240, 305, 333, 353, 422, 432, 497, 537, 547, 558, 560, 642, 651, 701, 706, 713, 718, 1009, 1016, 1020]
Iter#104 New set #8 of size 25 (13.0 its/hit = 0.000s/hit): seed=2952520221362451095 [40, 60, 83, 167, 182, 267, 292, 311, 348, 361, 406, 414, 438, 506, 575, 694, 699, 784, 855, 865, 879, 889, 980, 1001, 1018]
Iter#111 New set #9 of size 25 (12.3 its/hit = 0.000s/hit): seed=2740850335878927042 [17, 54, 99, 107, 129, 190, 196, 223, 256, 317, 321, 412, 437, 507, 510, 518, 598, 641, 648, 695, 838, 900, 964, 997, 1000]
Iter#137 New set #10 of size 25 (13.7 its/hit = 0.000s/hit): seed=2215810485575089729 [0, 2, 96, 252, 253, 264, 275, 288, 327, 378, 410, 451, 485, 489, 554, 573, 582, 610, 619, 621, 628, 806, 888, 917, 962]
Iter#231 New set #20 of size 25 (11.6 its/hit = 0.000s/hit): seed=10771541985145858052 [81, 89, 269, 276, 312, 325, 346, 362, 394, 426, 451, 492, 495, 556, 578, 595, 648, 686, 714, 738, 743, 786, 929, 968, 976]
Iter#317 New set #30 of size 25 (10.6 its/hit = 0.000s/hit): seed=9456272701111365194 [2, 43, 87, 126, 139, 177, 179, 187, 276, 375, 435, 471, 492, 529, 600, 686, 699, 712, 776, 822, 860, 900, 912, 966, 982]
Iter#450 New set #40 of size 25 (11.2 its/hit = 0.000s/hit): seed=9556453511861414948 [5, 22, 71, 192, 378, 381, 487, 511, 549, 551, 597, 602, 649, 825, 860, 896, 900, 930, 951, 976, 979, 988, 1000, 1005, 1012]
Iter#576 New set #50 of size 25 (11.5 its/hit = 0.000s/hit): seed=6063375859070495095 [48, 67, 74, 208, 236, 267, 300, 304, 313, 362, 398, 441, 485, 490, 508, 516, 583, 691, 720, 738, 782, 795, 822, 942, 1011]
Iter#581 New set #1 of size 28 (581.0 its/hit = 0.000s/hit): seed=15044645729341647566 [11, 25, 53, 61, 90, 169, 184, 201, 311, 347, 396, 417, 544, 550, 620, 622, 689, 720, 731, 743, 797, 846, 888, 915, 925, 940, 967, 974]
Iter#645 New set #2 of size 28 (322.5 its/hit = 0.000s/hit): seed=3661208777477371127 [7, 57, 76, 84, 97, 166, 178, 242, 250, 276, 278, 358, 375, 425, 522, 581, 604, 636, 669, 704, 716, 778, 858, 869, 906, 945, 1004, 1021]
Iter#1272 New set #3 of size 28 (424.0 its/hit = 0.000s/hit): seed=17595741905899414909 [7, 19, 30, 34, 73, 161, 171, 190, 203, 224, 257, 260, 275, 279, 302, 382, 533, 614, 615, 701, 713, 737, 753, 761, 795, 821, 929, 937]
Iter#1639 New set #4 of size 28 (409.8 its/hit = 0.000s/hit): seed=1644407758226421226 [44, 92, 153, 156, 199, 213, 222, 299, 317, 330, 376, 396, 409, 431, 437, 444, 467, 480, 523, 529, 546, 598, 624, 721, 752, 768, 858, 888]
Iter#2590 New set #5 of size 28 (518.0 its/hit = 0.000s/hit): seed=16335571444267899327 [16, 38, 51, 56, 58, 87, 115, 119, 143, 153, 159, 182, 269, 294, 299, 316, 345, 463, 545, 553, 597, 641, 709, 723, 932, 942, 1010, 1011]
Iter#2821 New set #6 of size 28 (470.2 its/hit = 0.000s/hit): seed=1010517951364577915 [34, 67, 107, 216, 224, 230, 249, 259, 324, 340, 372, 483, 569, 605, 675, 709, 715, 754, 763, 781, 853, 861, 897, 904, 955, 964, 993, 1019]
Iter#3067 New set #7 of size 28 (438.1 its/hit = 0.000s/hit): seed=12758397912755909000 [66, 67, 133, 290, 293, 317, 359, 384, 427, 491, 540, 551, 641, 643, 654, 717, 725, 727, 754, 773, 779, 790, 812, 823, 828, 862, 881, 899]
Iter#3993 New set #8 of size 28 (499.1 its/hit = 0.000s/hit): seed=700053325451698645 [3, 20, 24, 26, 65, 76, 78, 98, 183, 205, 215, 265, 412, 453, 474, 475, 480, 492, 549, 654, 677, 787, 820, 845, 871, 909, 918, 988]
Iter#4484 New set #9 of size 28 (498.2 its/hit = 0.000s/hit): seed=11508749609019314187 [26, 87, 155, 165, 187, 191, 255, 272, 287, 291, 376, 385, 525, 532, 611, 614, 673, 722, 737, 740, 745, 770, 859, 865, 890, 916, 945, 953]
Iter#4581 New set #10 of size 28 (458.1 its/hit = 0.000s/hit): seed=10602666025698799398 [11, 44, 105, 107, 124, 146, 158, 202, 207, 230, 238, 286, 328, 404, 415, 420, 444, 451, 458, 491, 527, 534, 563, 636, 744, 895, 977, 1007]
Iter#10987 New set #20 of size 28 (549.3 its/hit = 0.000s/hit): seed=6699416246490160698 [43, 69, 126, 160, 184, 199, 200, 224, 229, 281, 303, 318, 340, 361, 395, 441, 598, 604, 618, 639, 661, 665, 728, 792, 800, 830, 868, 940]
Iter#14700 New set #30 of size 28 (490.0 its/hit = 0.000s/hit): seed=15227491323067757769 [13, 18, 26, 28, 31, 38, 58, 103, 135, 158, 165, 224, 230, 307, 332, 390, 440, 495, 561, 618, 619, 641, 645, 683, 710, 849, 957, 988]
Iter#19952 New set #40 of size 28 (498.8 its/hit = 0.000s/hit): seed=7086096095144029755 [52, 106, 108, 142, 145, 195, 284, 288, 343, 346, 476, 496, 543, 551, 620, 668, 717, 726, 781, 795, 800, 878, 926, 944, 954, 963, 986, 1013]
Iter#25024 New set #50 of size 28 (500.5 its/hit = 0.000s/hit): seed=10758590912492301471 [27, 56, 124, 152, 172, 188, 197, 215, 336, 509, 532, 602, 617, 631, 648, 701, 739, 744, 773, 811, 820, 823, 945, 958, 960, 966, 973, 1007]
Iter#31049 New set #60 of size 28 (517.5 its/hit = 0.017s/hit): seed=2110474574068881243 [1, 8, 9, 86, 102, 118, 124, 201, 210, 229, 246, 261, 262, 302, 323, 327, 341, 369, 514, 524, 564, 664, 673, 682, 731, 867, 920, 950]
Iter#36264 New set #70 of size 28 (518.1 its/hit = 0.014s/hit): seed=994485359933236678 [33, 39, 115, 123, 151, 182, 278, 382, 479, 480, 492, 494, 512, 546, 566, 571, 619, 628, 698, 712, 719, 734, 804, 842, 924, 982, 996, 1001]
Iter#40696 New set #80 of size 28 (508.7 its/hit = 0.013s/hit): seed=2602631663891050369 [23, 101, 111, 137, 150, 154, 170, 238, 278, 288, 348, 368, 371, 402, 411, 480, 534, 548, 616, 665, 705, 744, 780, 854, 881, 906, 968, 991]
Iter#44372 New set #90 of size 28 (493.0 its/hit = 0.011s/hit): seed=14575951172190038912 [19, 54, 73, 82, 140, 219, 248, 289, 315, 361, 536, 608, 622, 691, 712, 724, 764, 821, 835, 844, 853, 860, 878, 913, 941, 962, 968, 972]
Iter#50160 New set #100 of size 28 (501.6 its/hit = 0.010s/hit): seed=14990699076775105980 [147, 164, 170, 206, 262, 264, 313, 345, 397, 403, 405, 410, 476, 484, 564, 597, 616, 668, 681, 685, 718, 735, 793, 815, 850, 957, 958, 1011]
Iter#111400 New set #200 of size 28 (557.0 its/hit = 0.010s/hit): seed=1074957819041089254 [8, 9, 15, 30, 37, 123, 214, 216, 225, 243, 245, 260, 283, 357, 391, 394, 420, 494, 633, 658, 688, 691, 733, 745, 765, 800, 861, 966]
Iter#185520 New set #300 of size 28 (618.4 its/hit = 0.013s/hit): seed=10666604250305590534 [12, 43, 89, 123, 139, 166, 399, 460, 475, 497, 543, 599, 667, 738, 743, 761, 782, 798, 807, 885, 913, 933, 940, 941, 943, 954, 992, 1004]
Iter#243435 New set #400 of size 28 (608.6 its/hit = 0.015s/hit): seed=1991135769623856674 [9, 12, 30, 44, 50, 104, 153, 173, 222, 292, 300, 304, 406, 494, 585, 616, 628, 639, 644, 695, 765, 796, 804, 811, 844, 877, 963, 978]
Iter#299296 New set #500 of size 28 (598.6 its/hit = 0.014s/hit): seed=3108184272003463979 [78, 191, 210, 211, 219, 227, 248, 249, 310, 315, 387, 395, 414, 439, 566, 597, 602, 623, 684, 761, 860, 876, 882, 903, 944, 948, 968, 1007]
Iter#363690 New set #600 of size 28 (606.2 its/hit = 0.015s/hit): seed=12511272670808624165 [23, 38, 46, 82, 115, 152, 226, 238, 283, 292, 343, 374, 382, 398, 414, 476, 523, 619, 734, 746, 816, 876, 900, 907, 927, 952, 981, 1011]
Iter#428146 New set #700 of size 28 (611.6 its/hit = 0.014s/hit): seed=10330397584925990171 [11, 103, 147, 227, 253, 282, 303, 332, 348, 365, 379, 412, 419, 466, 544, 548, 577, 579, 590, 622, 648, 652, 723, 838, 860, 927, 943, 996]
Iter#489658 New set #800 of size 28 (612.1 its/hit = 0.015s/hit): seed=460028056277006613 [35, 43, 153, 188, 190, 220, 247, 264, 278, 290, 364, 371, 379, 460, 510, 511, 537, 578, 591, 654, 730, 749, 761, 773, 798, 803, 913, 976]
Iter#544646 New set #900 of size 28 (605.2 its/hit = 0.014s/hit): seed=8622095117225230543 [5, 42, 71, 120, 133, 198, 332, 335, 390, 394, 415, 447, 485, 510, 525, 647, 672, 690, 838, 840, 848, 857, 894, 925, 944, 959, 974, 986]
Iter#602976 New set #1000 of size 28 (603.0 its/hit = 0.014s/hit): seed=5790471752778297302 [2, 4, 22, 64, 76, 78, 115, 191, 194, 195, 201, 202, 227, 409, 423, 438, 460, 482, 487, 492, 544, 580, 668, 696, 727, 848, 938, 959]
Iter#1226591 New set #2000 of size 28 (613.3 its/hit = 0.014s/hit): seed=11443670920218361066 [49, 82, 118, 159, 192, 291, 298, 355, 374, 378, 453, 479, 490, 492, 542, 552, 596, 614, 629, 671, 716, 717, 722, 742, 743, 850, 940, 1010]
Iter#1821948 New set #3000 of size 28 (607.3 its/hit = 0.015s/hit): seed=12660215000374696965 [13, 82, 110, 125, 133, 182, 205, 239, 242, 279, 368, 393, 401, 445, 614, 639, 708, 714, 763, 775, 870, 872, 876, 930, 942, 974, 986, 1020]
Iter#2436330 New set #4000 of size 28 (609.1 its/hit = 0.015s/hit): seed=5135923114154638266 [22, 63, 116, 127, 203, 244, 289, 310, 349, 485, 527, 538, 585, 594, 598, 629, 643, 661, 675, 684, 704, 755, 831, 890, 893, 907, 978, 980]
Iter#3058372 New set #5000 of size 28 (611.7 its/hit = 0.015s/hit): seed=3284188945281735750 [87, 111, 121, 182, 212, 213, 217, 235, 250, 254, 255, 262, 267, 412, 460, 484, 541, 636, 642, 678, 733, 738, 765, 820, 915, 922, 973, 1009]
Iter#3673983 New set #6000 of size 28 (612.3 its/hit = 0.015s/hit): seed=6656582711609793279 [37, 49, 50, 107, 108, 122, 149, 186, 189, 194, 234, 248, 282, 350, 359, 406, 427, 488, 545, 548, 593, 609, 711, 742, 774, 804, 839, 926]
Iter#4308281 New set #7000 of size 28 (615.5 its/hit = 0.015s/hit): seed=13432201935152590250 [87, 148, 172, 189, 252, 255, 269, 274, 307, 333, 400, 427, 445, 461, 471, 472, 477, 481, 540, 593, 667, 737, 786, 816, 839, 926, 995, 999]
Iter#4948950 New set #8000 of size 28 (618.6 its/hit = 0.015s/hit): seed=3643594152149829693 [16, 33, 79, 93, 133, 139, 220, 266, 294, 311, 360, 375, 541, 555, 565, 717, 740, 809, 855, 873, 874, 905, 910, 921, 940, 957, 987, 1014]
Iter#5555084 New set #9000 of size 28 (617.2 its/hit = 0.015s/hit): seed=6541822071551972852 [60, 66, 140, 172, 187, 206, 241, 244, 317, 333, 381, 423, 522, 533, 577, 642, 662, 668, 670, 688, 803, 812, 837, 867, 941, 942, 958, 1000]
Iter#6182204 New set #10000 of size 28 (618.2 its/hit = 0.015s/hit): seed=13121104740129052984 [9, 66, 85, 183, 248, 257, 280, 393, 411, 444, 524, 591, 593, 639, 657, 663, 692, 693, 699, 736, 749, 790, 818, 829, 831, 889, 911, 1002]
Iter#12455546 New set #20000 of size 28 (622.8 its/hit = 0.015s/hit): seed=4204340184124586496 [2, 96, 111, 118, 142, 156, 157, 197, 258, 264, 366, 456, 472, 498, 557, 649, 655, 674, 712, 744, 774, 793, 841, 852, 907, 951, 967, 999]
Iter#18683992 New set #30000 of size 28 (622.8 its/hit = 0.015s/hit): seed=11436370999429434193 [11, 31, 126, 130, 230, 239, 285, 300, 382, 405, 412, 467, 493, 501, 514, 545, 551, 588, 633, 641, 694, 749, 769, 784, 830, 954, 997, 1015]
Iter#24872589 New set #40000 of size 28 (621.8 its/hit = 0.015s/hit): seed=16447728905706784937 [72, 76, 77, 123, 226, 232, 246, 262, 301, 426, 489, 504, 519, 536, 595, 616, 635, 652, 666, 677, 688, 730, 736, 804, 881, 883, 996, 1018]
Iter#31101108 New set #50000 of size 28 (622.0 its/hit = 0.015s/hit): seed=5154796527694465084 [82, 85, 109, 117, 128, 163, 166, 213, 218, 258, 265, 276, 288, 330, 346, 378, 387, 395, 400, 507, 682, 709, 757, 822, 935, 957, 969, 988]
Iter#37302314 New set #60000 of size 28 (621.7 its/hit = 0.015s/hit): seed=12027022023416550268 [58, 64, 122, 137, 146, 155, 178, 206, 231, 271, 278, 305, 350, 413, 441, 445, 465, 484, 531, 539, 551, 552, 674, 846, 879, 888, 922, 935]
Iter#43535133 New set #70000 of size 28 (621.9 its/hit = 0.015s/hit): seed=14622480596720056064 [4, 145, 160, 182, 214, 251, 290, 335, 360, 428, 478, 502, 526, 601, 607, 692, 746, 764, 780, 817, 826, 846, 887, 935, 942, 958, 967, 971]
Iter#49767107 New set #80000 of size 28 (622.1 its/hit = 0.015s/hit): seed=2769101361004226573 [47, 74, 106, 145, 220, 335, 381, 411, 453, 479, 499, 504, 547, 573, 595, 623, 626, 663, 689, 690, 709, 815, 860, 907, 949, 956, 962, 968]
Iter#55942306 New set #90000 of size 28 (621.6 its/hit = 0.015s/hit): seed=18325803142260384707 [24, 62, 149, 160, 181, 209, 211, 212, 217, 254, 327, 341, 364, 401, 453, 470, 540, 562, 573, 607, 619, 726, 748, 749, 819, 895, 993, 1014]
Iter#62197929 New set #100000 of size 28 (622.0 its/hit = 0.015s/hit): seed=2443521015069586285 [3, 4, 9, 21, 149, 155, 216, 245, 254, 256, 367, 442, 464, 470, 475, 485, 547, 559, 640, 658, 667, 705, 737, 860, 867, 911, 966, 1016]
Iter#124281880 New set #200000 of size 28 (621.4 its/hit = 0.015s/hit): seed=16083124032547753202 [8, 52, 55, 111, 207, 212, 229, 257, 319, 435, 451, 477, 531, 533, 541, 678, 725, 772, 776, 832, 833, 858, 881, 886, 918, 946, 1003, 1022]
Iter#186130200 New set #300000 of size 28 (620.4 its/hit = 0.015s/hit): seed=14833740773153311564 [7, 113, 119, 139, 141, 180, 229, 234, 237, 279, 313, 401, 422, 470, 547, 583, 592, 644, 655, 672, 706, 768, 843, 873, 877, 922, 960, 982]
Iter#248352815 New set #400000 of size 28 (620.9 its/hit = 0.015s/hit): seed=5406015673480654377 [7, 129, 176, 198, 220, 268, 333, 391, 453, 456, 472, 490, 514, 523, 524, 531, 591, 698, 723, 725, 752, 825, 861, 866, 872, 881, 888, 935]
