[*] Computing DDT
[+] DDT Computed
DDT took 22.156969ms
Iter#1 New set #1 of size 20 (1.0 its/hit = 0.000s/hit): seed=6059910948487254788 [47, 130, 147, 150, 168, 214, 274, 285, 303, 389, 530, 571, 572, 607, 654, 689, 887, 966, 993, 1019]
Iter#2 New set #1 of size 22 (2.0 its/hit = 0.000s/hit): seed=17615199627543565936 [8, 135, 136, 143, 183, 289, 295, 303, 330, 379, 383, 394, 416, 424, 492, 520, 544, 616, 833, 900, 999, 1003]
Iter#3 New set #1 of size 25 (3.0 its/hit = 0.000s/hit): seed=12815904499293794632 [22, 158, 207, 236, 250, 288, 332, 346, 403, 416, 438, 473, 490, 501, 637, 640, 642, 696, 700, 749, 843, 894, 924, 980, 1022]
Iter#19 New set #2 of size 25 (9.5 its/hit = 0.000s/hit): seed=2852552506610743272 [18, 48, 74, 78, 92, 130, 151, 172, 269, 287, 320, 323, 337, 453, 492, 547, 605, 623, 658, 818, 887, 905, 919, 931, 1000]
Iter#21 New set #1 of size 26 (21.0 its/hit = 0.000s/hit): seed=8132350357926801259 [5, 51, 58, 66, 76, 114, 171, 217, 236, 258, 293, 296, 305, 346, 375, 387, 440, 497, 519, 554, 564, 569, 773, 822, 882, 1003]
Iter#36 New set #2 of size 26 (18.0 its/hit = 0.000s/hit): seed=11313689463994900590 [42, 78, 126, 136, 151, 189, 251, 312, 327, 426, 439, 451, 490, 531, 547, 584, 650, 728, 795, 844, 870, 987, 992, 995, 1004, 1009]
Iter#59 New set #1 of size 27 (59.0 its/hit = 0.000s/hit): seed=10141564435377593841 [9, 15, 41, 48, 181, 263, 325, 339, 350, 357, 429, 456, 464, 481, 529, 533, 539, 544, 606, 631, 752, 790, 898, 918, 959, 972, 994]
Iter#171 New set #2 of size 27 (85.5 its/hit = 0.000s/hit): seed=11369353745081642917 [1, 50, 96, 124, 187, 188, 227, 271, 289, 342, 363, 442, 464, 492, 513, 562, 579, 599, 603, 635, 721, 736, 816, 829, 836, 907, 990]
Iter#185 New set #3 of size 27 (61.7 its/hit = 0.000s/hit): seed=5444860663402019897 [64, 131, 133, 167, 191, 231, 256, 270, 294, 395, 470, 544, 554, 592, 658, 687, 714, 783, 792, 804, 847, 898, 929, 936, 973, 975, 1000]
Iter#188 New set #4 of size 27 (47.0 its/hit = 0.000s/hit): seed=4933787337600513234 [19, 60, 72, 91, 200, 205, 226, 295, 299, 301, 307, 312, 342, 346, 355, 368, 436, 510, 523, 541, 569, 767, 788, 843, 937, 968, 1012]
Iter#269 New set #1 of size 28 (269.0 its/hit = 0.000s/hit): seed=16193304970891211423 [0, 23, 28, 93, 95, 111, 138, 196, 235, 295, 300, 349, 359, 369, 376, 471, 513, 549, 609, 615, 630, 652, 664, 737, 759, 836, 856, 870]
Iter#2720 New set #2 of size 28 (1360.0 its/hit = 0.000s/hit): seed=9752094591571675586 [0, 3, 30, 48, 68, 125, 126, 282, 286, 307, 367, 458, 514, 559, 574, 599, 682, 690, 758, 780, 786, 792, 849, 868, 911, 948, 959, 997]
Iter#3001 New set #3 of size 28 (1000.3 its/hit = 0.000s/hit): seed=1393960823420256570 [0, 30, 49, 107, 139, 141, 150, 257, 374, 396, 489, 491, 493, 509, 537, 564, 571, 607, 655, 663, 705, 780, 786, 810, 894, 916, 933, 982]
Iter#3350 New set #4 of size 28 (837.5 its/hit = 0.000s/hit): seed=18279174759054192763 [0, 55, 201, 242, 331, 334, 342, 404, 420, 433, 486, 490, 596, 720, 726, 745, 746, 760, 768, 794, 798, 830, 857, 865, 878, 893, 925, 1015]
Iter#3953 New set #1 of size 34 (3953.0 its/hit = 0.000s/hit): seed=15951429304113148673 [0, 94, 136, 219, 259, 267, 268, 280, 310, 338, 387, 401, 438, 452, 461, 472, 484, 495, 518, 583, 598, 621, 622, 684, 725, 761, 820, 840, 846, 898, 899, 944, 995, 1023]
Iter#6262 New set #2 of size 34 (3131.0 its/hit = 0.000s/hit): seed=10544858063983870522 [0, 15, 30, 49, 74, 99, 141, 176, 184, 204, 257, 363, 390, 393, 396, 444, 524, 658, 692, 702, 770, 780, 783, 784, 786, 858, 860, 876, 885, 916, 933, 953, 1004, 1017]
Iter#9369 New set #3 of size 34 (3123.0 its/hit = 0.000s/hit): seed=8868946977648307922 [0, 13, 146, 157, 167, 196, 298, 314, 317, 325, 397, 402, 451, 454, 466, 479, 529, 531, 535, 549, 551, 575, 662, 693, 710, 737, 813, 828, 853, 890, 897, 929, 983, 1019]
Iter#13914 New set #4 of size 34 (3478.5 its/hit = 0.000s/hit): seed=7084144799644219918 [0, 7, 16, 33, 76, 112, 137, 143, 209, 214, 261, 286, 288, 292, 341, 355, 417, 425, 440, 465, 474, 483, 530, 634, 672, 681, 682, 688, 921, 934, 938, 948, 970, 1002]
Iter#14323 New set #5 of size 34 (2864.6 its/hit = 0.000s/hit): seed=3107209263877535371 [0, 1, 42, 43, 70, 121, 123, 132, 144, 171, 210, 220, 255, 265, 280, 304, 401, 447, 469, 489, 553, 598, 622, 627, 663, 674, 707, 739, 740, 793, 846, 892, 894, 1023]
Iter#14849 New set #6 of size 34 (2474.8 its/hit = 0.000s/hit): seed=8215316413285800430 [0, 4, 64, 77, 101, 168, 172, 179, 202, 245, 308, 373, 384, 403, 405, 441, 542, 568, 569, 606, 641, 706, 802, 835, 855, 896, 905, 908, 913, 918, 939, 949, 961, 1011]
Iter#18116 New set #7 of size 34 (2588.0 its/hit = 0.000s/hit): seed=5599864311134360712 [0, 89, 97, 111, 147, 159, 164, 176, 286, 331, 340, 352, 388, 477, 488, 496, 525, 664, 670, 682, 700, 726, 727, 759, 826, 852, 859, 860, 874, 925, 948, 951, 1004, 1013]
Iter#19279 New set #8 of size 34 (2409.9 its/hit = 0.000s/hit): seed=18443729983258527582 [0, 61, 62, 100, 117, 180, 234, 279, 294, 339, 433, 443, 448, 456, 541, 547, 588, 605, 608, 623, 635, 678, 711, 720, 747, 811, 832, 865, 947, 957, 976, 980, 985, 1012]
Iter#19801 New set #9 of size 34 (2200.1 its/hit = 0.000s/hit): seed=11345857463918398472 [0, 8, 38, 56, 107, 143, 144, 146, 220, 237, 265, 317, 336, 341, 344, 467, 469, 474, 485, 501, 551, 564, 607, 624, 627, 646, 669, 693, 710, 735, 739, 743, 867, 1019]
Iter#31443 New set #10 of size 34 (3144.3 its/hit = 0.000s/hit): seed=166316845607624130 [0, 61, 165, 180, 194, 203, 235, 243, 244, 314, 350, 380, 382, 399, 406, 410, 426, 475, 535, 539, 605, 608, 615, 652, 703, 721, 729, 809, 813, 832, 843, 872, 931, 1012]
Iter#79969 New set #20 of size 34 (3998.4 its/hit = 0.100s/hit): seed=13740555671437611695 [0, 29, 37, 50, 94, 95, 196, 223, 268, 295, 319, 321, 338, 354, 358, 372, 376, 392, 427, 429, 549, 555, 643, 656, 659, 737, 845, 879, 882, 943, 978, 987, 993, 1001]
Iter#139467 New set #30 of size 34 (4648.9 its/hit = 0.133s/hit): seed=2988260269770007277 [0, 5, 29, 69, 71, 80, 89, 116, 130, 135, 174, 236, 254, 269, 324, 377, 388, 411, 477, 480, 516, 532, 602, 648, 665, 694, 719, 732, 763, 848, 864, 879, 882, 996]
Iter#172786 New set #40 of size 34 (4319.6 its/hit = 0.150s/hit): seed=15023429002647009848 [0, 23, 54, 64, 101, 197, 244, 350, 354, 357, 426, 437, 455, 489, 527, 542, 570, 597, 606, 609, 630, 632, 643, 663, 714, 816, 837, 883, 894, 918, 973, 993, 1011, 1021]
Iter#245106 New set #50 of size 34 (4902.1 its/hit = 0.180s/hit): seed=1851463649032852029 [0, 13, 146, 157, 167, 196, 298, 314, 317, 325, 397, 402, 451, 454, 466, 479, 529, 531, 535, 549, 551, 575, 662, 693, 710, 737, 813, 828, 853, 890, 897, 929, 983, 1019]
Iter#290956 New set #60 of size 34 (4849.3 its/hit = 0.167s/hit): seed=5394815152394924617 [0, 13, 15, 24, 45, 88, 96, 97, 208, 226, 238, 253, 355, 390, 393, 413, 430, 466, 479, 502, 519, 526, 681, 736, 785, 788, 826, 859, 881, 922, 970, 1000, 1008, 1014]
Iter#338657 New set #70 of size 34 (4838.0 its/hit = 0.171s/hit): seed=3679822751620574722 [0, 88, 92, 106, 162, 167, 183, 185, 226, 262, 266, 298, 346, 397, 424, 430, 434, 451, 453, 502, 543, 550, 620, 629, 662, 671, 686, 788, 796, 829, 853, 906, 937, 1014]
Iter#376893 New set #80 of size 34 (4711.2 its/hit = 0.175s/hit): seed=15285003500262353197 [0, 4, 51, 102, 152, 168, 172, 186, 237, 245, 354, 362, 373, 384, 492, 495, 528, 600, 621, 624, 643, 669, 697, 738, 803, 898, 909, 955, 962, 979, 993, 1003, 1009, 1020]
Iter#401514 New set #90 of size 34 (4461.3 its/hit = 0.167s/hit): seed=13705655455742810041 [0, 30, 32, 78, 120, 129, 179, 186, 228, 249, 271, 279, 303, 316, 331, 451, 600, 662, 711, 726, 738, 749, 778, 780, 786, 802, 853, 913, 925, 956, 976, 977, 1006, 1010]
Iter#461262 New set #100 of size 34 (4612.6 its/hit = 0.180s/hit): seed=5124840612276759705 [0, 7, 24, 34, 50, 55, 75, 100, 209, 214, 284, 305, 325, 345, 379, 442, 515, 575, 580, 766, 818, 827, 857, 878, 880, 890, 957, 985, 987, 994, 1000, 1001, 1008, 1022]
Iter#993717 New set #200 of size 34 (4968.6 its/hit = 0.175s/hit): seed=12907375884031030398 [0, 75, 108, 109, 222, 313, 320, 332, 351, 385, 407, 409, 415, 440, 512, 530, 595, 618, 649, 660, 675, 687, 696, 718, 741, 771, 822, 827, 844, 851, 880, 938, 972, 1016]
Iter#1496031 New set #300 of size 34 (4986.8 its/hit = 0.173s/hit): seed=9953509739500685 [0, 5, 9, 19, 63, 69, 130, 135, 190, 313, 318, 322, 367, 371, 378, 437, 521, 566, 574, 590, 618, 632, 665, 699, 717, 732, 734, 750, 752, 849, 851, 901, 940, 973]
Iter#1981104 New set #400 of size 34 (4952.8 its/hit = 0.212s/hit): seed=10913089311510129569 [0, 30, 68, 137, 140, 148, 180, 190, 193, 239, 243, 288, 299, 380, 399, 423, 425, 454, 529, 548, 590, 591, 614, 679, 690, 715, 731, 752, 758, 780, 786, 832, 983, 1012]
Iter#2341388 New set #500 of size 34 (4682.8 its/hit = 0.208s/hit): seed=14185690766049176722 [0, 13, 15, 24, 45, 88, 96, 97, 208, 226, 238, 253, 355, 390, 393, 413, 430, 466, 479, 502, 519, 526, 681, 736, 785, 788, 826, 859, 881, 922, 970, 1000, 1008, 1014]
Iter#2788793 New set #600 of size 34 (4648.0 its/hit = 0.210s/hit): seed=15009526010869999230 [0, 6, 22, 61, 73, 88, 96, 110, 122, 175, 203, 213, 250, 252, 274, 320, 430, 502, 576, 586, 604, 605, 608, 691, 696, 733, 785, 804, 850, 872, 877, 881, 931, 1016]
Iter#3289870 New set #700 of size 34 (4699.8 its/hit = 0.209s/hit): seed=2390540504564554973 [0, 15, 37, 88, 92, 102, 195, 198, 222, 262, 329, 346, 351, 385, 390, 392, 393, 429, 430, 438, 458, 502, 518, 559, 560, 625, 642, 695, 755, 909, 944, 971, 997, 1003]
Iter#3725994 New set #800 of size 34 (4657.5 its/hit = 0.196s/hit): seed=12213099816389787726 [0, 116, 167, 187, 204, 227, 269, 279, 298, 309, 328, 377, 397, 454, 458, 487, 529, 559, 626, 680, 683, 711, 713, 722, 821, 831, 885, 926, 953, 976, 983, 988, 992, 997]
Iter#4312719 New set #900 of size 34 (4791.9 its/hit = 0.191s/hit): seed=12510766011520435922 [0, 142, 181, 195, 230, 235, 276, 283, 307, 333, 383, 403, 483, 497, 552, 554, 560, 568, 599, 615, 634, 652, 698, 755, 819, 862, 868, 871, 875, 921, 939, 942, 952, 990]
Iter#4702245 New set #1000 of size 34 (4702.2 its/hit = 0.183s/hit): seed=16662905159844314013 [0, 14, 32, 66, 75, 152, 155, 224, 271, 274, 286, 303, 315, 317, 418, 428, 522, 572, 576, 584, 682, 710, 775, 803, 827, 834, 850, 861, 880, 930, 948, 955, 966, 1019]
