[*] Computing DDT
[+] DDT Computed
DDT took 23.835411ms
Iter#1 New set #1 of size 22 (1.0 its/hit = 0.000s/hit): seed=4375191756348512300 [42, 89, 170, 293, 316, 353, 390, 425, 470, 527, 533, 546, 555, 669, 735, 754, 795, 849, 856, 889, 899, 973]
Iter#2 New set #1 of size 25 (2.0 its/hit = 0.000s/hit): seed=10452156418783014339 [43, 64, 166, 172, 179, 270, 290, 316, 419, 463, 500, 553, 558, 560, 598, 631, 713, 725, 737, 743, 745, 748, 889, 1005, 1019]
Iter#5 New set #2 of size 25 (2.5 its/hit = 0.000s/hit): seed=12407020509923408506 [44, 60, 98, 107, 130, 198, 217, 223, 247, 296, 298, 333, 397, 435, 441, 495, 527, 559, 639, 771, 805, 881, 892, 992, 1023]
Iter#11 New set #3 of size 25 (3.7 its/hit = 0.000s/hit): seed=12372754757100045124 [5, 7, 187, 239, 260, 311, 434, 464, 526, 541, 546, 551, 587, 606, 652, 663, 710, 720, 729, 757, 767, 856, 893, 1009, 1019]
Iter#22 New set #4 of size 25 (5.5 its/hit = 0.000s/hit): seed=3433641836959727386 [30, 45, 61, 67, 114, 117, 124, 141, 154, 200, 256, 259, 358, 434, 582, 663, 729, 748, 763, 821, 896, 930, 944, 955, 966]
Iter#37 New set #5 of size 25 (7.4 its/hit = 0.000s/hit): seed=2933016698747715412 [7, 30, 42, 46, 47, 112, 274, 313, 329, 366, 446, 510, 569, 575, 628, 685, 707, 709, 719, 823, 827, 855, 938, 981, 1023]
Iter#52 New set #6 of size 25 (8.7 its/hit = 0.000s/hit): seed=8832087681052700190 [58, 79, 188, 212, 241, 251, 276, 391, 434, 497, 564, 568, 576, 627, 661, 721, 730, 825, 835, 845, 887, 960, 972, 994, 1020]
Iter#60 New set #7 of size 25 (8.6 its/hit = 0.000s/hit): seed=834537318545828395 [39, 54, 116, 159, 167, 206, 215, 244, 326, 341, 447, 461, 502, 521, 531, 556, 572, 589, 625, 638, 662, 760, 827, 954, 1012]
Iter#61 New set #8 of size 25 (7.6 its/hit = 0.000s/hit): seed=4764280016817862843 [59, 156, 202, 210, 216, 218, 250, 260, 357, 382, 403, 452, 458, 496, 556, 565, 574, 607, 632, 650, 784, 795, 808, 855, 1013]
Iter#66 New set #9 of size 25 (7.3 its/hit = 0.000s/hit): seed=2812815640598765700 [61, 66, 74, 76, 100, 125, 190, 228, 238, 276, 354, 359, 372, 428, 441, 480, 485, 490, 494, 522, 582, 634, 827, 943, 999]
Iter#67 New set #10 of size 25 (6.7 its/hit = 0.000s/hit): seed=8476924435216507862 [25, 59, 97, 144, 206, 230, 231, 296, 438, 538, 566, 586, 592, 609, 617, 642, 739, 759, 811, 826, 835, 901, 938, 943, 976]
Iter#157 New set #20 of size 25 (7.8 its/hit = 0.000s/hit): seed=14936495818566653725 [35, 54, 77, 150, 190, 220, 288, 351, 436, 509, 566, 575, 581, 583, 619, 634, 656, 700, 729, 746, 766, 806, 822, 881, 912]
Iter#298 New set #30 of size 25 (9.9 its/hit = 0.000s/hit): seed=10857448672563577400 [10, 38, 110, 150, 188, 223, 258, 292, 336, 345, 363, 379, 400, 411, 485, 490, 524, 557, 628, 646, 647, 731, 833, 1021, 1022]
Iter#450 New set #40 of size 25 (11.2 its/hit = 0.000s/hit): seed=15948063069086400236 [118, 170, 220, 243, 274, 302, 309, 312, 365, 375, 383, 391, 419, 460, 497, 641, 656, 696, 697, 761, 768, 811, 855, 870, 999]
Iter#618 New set #50 of size 25 (12.4 its/hit = 0.000s/hit): seed=12036499011776002779 [10, 110, 120, 150, 172, 203, 234, 272, 437, 442, 462, 475, 487, 495, 507, 620, 685, 733, 738, 779, 858, 876, 973, 978, 1001]
Iter#835 New set #60 of size 25 (13.9 its/hit = 0.000s/hit): seed=10410332203811535988 [7, 52, 146, 151, 171, 195, 220, 260, 358, 403, 428, 475, 479, 558, 664, 674, 710, 802, 814, 864, 940, 997, 999, 1005, 1018]
Iter#1101 New set #70 of size 25 (15.7 its/hit = 0.000s/hit): seed=2767545598827514886 [19, 54, 65, 110, 122, 163, 176, 206, 305, 326, 328, 384, 410, 428, 483, 492, 495, 525, 583, 656, 684, 688, 758, 802, 999]
Iter#1190 New set #80 of size 25 (14.9 its/hit = 0.000s/hit): seed=12225011448869991999 [80, 134, 161, 166, 229, 265, 346, 356, 376, 393, 425, 440, 462, 474, 480, 541, 556, 678, 769, 788, 838, 898, 970, 1003, 1017]
Iter#1369 New set #90 of size 25 (15.2 its/hit = 0.000s/hit): seed=15964477030770327779 [49, 75, 119, 126, 160, 209, 247, 331, 408, 432, 594, 606, 636, 666, 694, 713, 755, 758, 766, 809, 828, 934, 938, 942, 1001]
Iter#1544 New set #100 of size 25 (15.4 its/hit = 0.000s/hit): seed=16263913970651015932 [53, 76, 94, 111, 136, 140, 149, 228, 252, 258, 413, 510, 513, 618, 621, 705, 756, 758, 802, 864, 884, 897, 912, 918, 981]
Iter#1933 New set #1 of size 34 (1933.0 its/hit = 0.000s/hit): seed=9089677312340459920 [11, 21, 44, 134, 136, 147, 162, 171, 184, 208, 215, 276, 278, 286, 392, 448, 489, 492, 512, 528, 581, 631, 634, 661, 674, 705, 711, 775, 793, 822, 823, 880, 913, 991]
Iter#8586 New set #2 of size 34 (4293.0 its/hit = 0.000s/hit): seed=13541056892017928094 [55, 91, 102, 110, 222, 253, 270, 290, 293, 311, 314, 368, 390, 400, 418, 489, 492, 493, 539, 561, 562, 618, 627, 665, 702, 714, 722, 733, 772, 792, 826, 852, 859, 933]
Iter#20989 New set #3 of size 34 (6996.3 its/hit = 0.000s/hit): seed=15719893364713020713 [0, 77, 84, 94, 114, 143, 151, 179, 199, 211, 356, 370, 446, 458, 500, 508, 519, 602, 652, 673, 686, 699, 702, 715, 740, 744, 852, 854, 877, 948, 954, 957, 982, 1014]
Iter#28550 New set #4 of size 34 (7137.5 its/hit = 0.250s/hit): seed=13695337409326087229 [26, 27, 41, 95, 137, 198, 215, 236, 275, 282, 307, 309, 312, 332, 352, 354, 437, 457, 463, 468, 481, 503, 538, 577, 602, 641, 715, 721, 784, 808, 823, 906, 909, 921]
Iter#29806 New set #5 of size 34 (5961.2 its/hit = 0.200s/hit): seed=3754774993945266758 [1, 40, 43, 105, 112, 131, 164, 199, 200, 208, 258, 286, 288, 321, 334, 447, 557, 577, 628, 636, 708, 743, 788, 800, 813, 824, 831, 874, 906, 924, 952, 1011, 1014, 1015]
Iter#30362 New set #6 of size 34 (5060.3 its/hit = 0.167s/hit): seed=8136759277840424416 [37, 39, 47, 185, 216, 221, 241, 285, 292, 314, 393, 403, 410, 418, 439, 441, 481, 486, 518, 519, 552, 566, 577, 672, 750, 801, 817, 838, 843, 884, 915, 932, 1008, 1014]
Iter#38504 New set #7 of size 34 (5500.6 its/hit = 0.143s/hit): seed=12490107965878741949 [25, 67, 98, 102, 208, 228, 247, 298, 365, 381, 405, 413, 423, 469, 501, 506, 529, 585, 590, 621, 636, 664, 671, 726, 733, 799, 804, 822, 828, 848, 853, 873, 893, 1017]
Iter#54899 New set #8 of size 34 (6862.4 its/hit = 0.250s/hit): seed=6803894791840943587 [41, 65, 128, 142, 153, 179, 196, 199, 225, 253, 256, 363, 373, 396, 397, 434, 512, 520, 525, 556, 561, 591, 608, 650, 655, 698, 797, 822, 848, 856, 911, 924, 939, 1005]
Iter#55227 New set #9 of size 34 (6136.3 its/hit = 0.222s/hit): seed=14840780632211204154 [4, 38, 48, 57, 117, 118, 136, 166, 189, 191, 202, 216, 245, 308, 334, 349, 383, 412, 610, 614, 620, 634, 636, 656, 713, 768, 799, 815, 884, 891, 929, 950, 984, 992]
Iter#66010 New set #10 of size 34 (6601.0 its/hit = 0.300s/hit): seed=3283916443467889489 [38, 85, 100, 110, 112, 149, 180, 210, 236, 254, 265, 272, 276, 288, 304, 356, 364, 417, 470, 507, 581, 627, 630, 639, 646, 673, 714, 723, 784, 888, 901, 927, 988, 990]
Iter#174469 New set #20 of size 34 (8723.5 its/hit = 0.400s/hit): seed=5501226644953895471 [80, 177, 187, 198, 222, 237, 282, 298, 320, 329, 379, 426, 436, 460, 472, 473, 474, 506, 520, 532, 549, 553, 582, 702, 737, 748, 753, 758, 807, 854, 857, 876, 883, 971]
Iter#225878 New set #30 of size 34 (7529.3 its/hit = 0.333s/hit): seed=2316296014509429941 [5, 13, 19, 36, 75, 90, 148, 188, 216, 233, 302, 492, 517, 542, 595, 627, 645, 658, 672, 674, 683, 752, 770, 800, 891, 906, 909, 937, 944, 949, 950, 970, 976, 990]
Iter#292638 New set #40 of size 34 (7316.0 its/hit = 0.300s/hit): seed=8628957171196459221 [7, 75, 92, 93, 96, 113, 142, 155, 224, 296, 357, 377, 448, 480, 512, 545, 554, 573, 574, 576, 579, 595, 670, 689, 718, 727, 757, 790, 796, 833, 922, 946, 959, 1018]
Iter#346771 New set #50 of size 34 (6935.4 its/hit = 0.280s/hit): seed=5061565763691936248 [0, 5, 34, 52, 64, 66, 81, 85, 92, 93, 199, 221, 238, 380, 413, 414, 438, 485, 529, 538, 551, 565, 603, 655, 668, 691, 729, 784, 800, 861, 887, 925, 932, 980]
Iter#458626 New set #60 of size 34 (7643.8 its/hit = 0.300s/hit): seed=3240705404387946816 [3, 5, 6, 26, 57, 62, 99, 109, 121, 147, 177, 200, 273, 275, 280, 289, 310, 323, 429, 438, 448, 480, 607, 669, 783, 807, 858, 875, 919, 928, 950, 958, 1001, 1016]
Iter#535860 New set #70 of size 34 (7655.1 its/hit = 0.300s/hit): seed=18301004736675232260 [15, 20, 57, 70, 86, 122, 149, 202, 213, 232, 279, 292, 313, 357, 371, 372, 375, 398, 467, 492, 512, 567, 627, 709, 807, 809, 851, 857, 863, 865, 900, 911, 915, 935]
Iter#590411 New set #80 of size 34 (7380.1 its/hit = 0.287s/hit): seed=14744040485607759663 [13, 31, 45, 62, 103, 130, 216, 258, 281, 290, 310, 376, 434, 435, 437, 454, 552, 600, 704, 716, 729, 784, 797, 810, 830, 849, 891, 899, 903, 952, 961, 988, 996, 1002]
Iter#661288 New set #90 of size 34 (7347.6 its/hit = 0.289s/hit): seed=17300982257995963762 [29, 117, 168, 206, 246, 251, 397, 450, 456, 480, 492, 498, 566, 567, 577, 582, 615, 631, 689, 707, 715, 730, 744, 750, 805, 814, 835, 866, 870, 889, 924, 933, 947, 950]
Iter#710712 New set #100 of size 34 (7107.1 its/hit = 0.270s/hit): seed=5835786922667487302 [66, 163, 169, 204, 212, 255, 264, 312, 338, 347, 361, 422, 440, 456, 458, 459, 478, 488, 518, 538, 567, 571, 596, 684, 739, 740, 755, 766, 821, 836, 843, 865, 894, 985]
Iter#1472553 New set #200 of size 34 (7362.8 its/hit = 0.275s/hit): seed=10518143402206635526 [6, 47, 91, 109, 133, 190, 230, 307, 338, 340, 407, 422, 441, 457, 491, 501, 521, 569, 578, 579, 613, 616, 617, 700, 725, 749, 757, 803, 852, 931, 940, 951, 954, 1017]
Iter#2252522 New set #300 of size 34 (7508.4 its/hit = 0.283s/hit): seed=16557726492320499679 [10, 28, 132, 140, 178, 198, 266, 294, 300, 309, 376, 427, 447, 459, 495, 503, 533, 556, 558, 654, 686, 706, 709, 716, 802, 895, 912, 924, 947, 963, 966, 982, 985, 1012]
Iter#3119635 New set #400 of size 34 (7799.1 its/hit = 0.293s/hit): seed=5354897896636783060 [7, 45, 74, 122, 142, 199, 254, 257, 320, 331, 367, 381, 387, 454, 469, 489, 550, 703, 708, 711, 748, 774, 775, 779, 783, 792, 794, 858, 863, 878, 888, 903, 925, 948]
Iter#3816082 New set #500 of size 34 (7632.2 its/hit = 0.290s/hit): seed=18193257739167625259 [101, 103, 109, 154, 159, 179, 251, 351, 358, 376, 419, 420, 459, 465, 472, 480, 501, 507, 515, 580, 581, 618, 628, 684, 738, 772, 777, 822, 867, 883, 946, 948, 977, 998]
Iter#4581120 New set #600 of size 34 (7635.2 its/hit = 0.318s/hit): seed=7081527422322069238 [10, 13, 20, 34, 56, 81, 111, 177, 190, 201, 245, 266, 325, 391, 395, 484, 553, 564, 607, 662, 678, 742, 751, 815, 830, 862, 893, 902, 917, 924, 926, 968, 970, 1017]
Iter#5315344 New set #700 of size 34 (7593.3 its/hit = 0.323s/hit): seed=9748014033748960440 [33, 53, 65, 101, 125, 128, 166, 172, 191, 242, 262, 270, 312, 332, 384, 406, 534, 538, 569, 585, 588, 595, 604, 638, 680, 757, 772, 804, 838, 840, 847, 927, 932, 934]
