[*] Computing DDT
[+] DDT Computed
DDT took 22.904784ms
Iter#1 New set #1 of size 23 (1.0 its/hit = 0.000s/hit): seed=11027297557074464972 [69, 141, 153, 186, 275, 294, 319, 331, 399, 439, 456, 491, 562, 598, 640, 663, 731, 779, 848, 872, 901, 920, 1000]
Iter#7 New set #2 of size 23 (3.5 its/hit = 0.000s/hit): seed=15948159579487336397 [67, 108, 128, 141, 229, 296, 311, 385, 439, 520, 526, 529, 632, 650, 675, 684, 705, 708, 754, 756, 766, 795, 828]
Iter#8 New set #1 of size 25 (8.0 its/hit = 0.000s/hit): seed=14729788993031237467 [68, 139, 151, 160, 230, 231, 298, 361, 426, 476, 514, 580, 622, 634, 643, 695, 733, 735, 763, 800, 886, 937, 959, 1004, 1021]
Iter#53 New set #2 of size 25 (26.5 its/hit = 0.000s/hit): seed=13833448006553002573 [42, 43, 78, 98, 101, 123, 136, 203, 232, 253, 271, 298, 324, 352, 563, 597, 603, 705, 776, 807, 869, 919, 985, 1011, 1016]
Iter#62 New set #3 of size 25 (20.7 its/hit = 0.000s/hit): seed=2744987878535413796 [9, 96, 103, 124, 167, 177, 182, 185, 249, 312, 372, 423, 486, 524, 554, 652, 698, 724, 746, 799, 806, 844, 952, 1001, 1010]
Iter#63 New set #4 of size 25 (15.8 its/hit = 0.000s/hit): seed=323571764665926944 [45, 67, 154, 168, 185, 209, 232, 285, 351, 379, 596, 599, 610, 612, 642, 656, 694, 758, 800, 819, 862, 897, 911, 1019, 1020]
Iter#86 New set #5 of size 25 (17.2 its/hit = 0.000s/hit): seed=14560683678516714329 [58, 100, 129, 219, 222, 256, 266, 310, 360, 375, 465, 534, 559, 589, 590, 593, 607, 728, 801, 841, 846, 878, 1004, 1015, 1023]
Iter#146 New set #6 of size 25 (24.3 its/hit = 0.000s/hit): seed=1084480554523903532 [43, 87, 103, 120, 180, 195, 225, 267, 285, 287, 300, 351, 535, 686, 741, 769, 828, 831, 833, 834, 855, 862, 947, 990, 1015]
Iter#179 New set #7 of size 25 (25.6 its/hit = 0.000s/hit): seed=17214679985810913891 [23, 58, 71, 76, 156, 226, 280, 313, 314, 355, 378, 386, 412, 455, 487, 499, 502, 548, 654, 656, 706, 772, 875, 899, 1001]
Iter#181 New set #8 of size 25 (22.6 its/hit = 0.000s/hit): seed=6101745604268821147 [14, 178, 272, 373, 375, 402, 452, 486, 496, 510, 515, 531, 537, 594, 599, 608, 663, 690, 715, 799, 826, 858, 868, 965, 1022]
Iter#187 New set #9 of size 25 (20.8 its/hit = 0.000s/hit): seed=13149964148561224132 [6, 64, 72, 124, 139, 150, 169, 177, 189, 211, 333, 351, 424, 523, 538, 560, 567, 639, 730, 731, 803, 846, 859, 879, 1006]
Iter#210 New set #10 of size 25 (21.0 its/hit = 0.000s/hit): seed=6284593145151121461 [21, 33, 103, 162, 164, 193, 239, 289, 367, 471, 549, 566, 618, 694, 697, 795, 814, 867, 899, 922, 959, 978, 987, 994, 1004]
Iter#383 New set #20 of size 25 (19.1 its/hit = 0.000s/hit): seed=13478121718414736536 [16, 166, 177, 182, 219, 252, 272, 340, 359, 399, 438, 454, 478, 516, 579, 586, 663, 678, 774, 832, 857, 888, 944, 947, 988]
Iter#480 New set #30 of size 25 (16.0 its/hit = 0.000s/hit): seed=13434401956176806383 [9, 25, 40, 81, 110, 162, 172, 217, 226, 279, 318, 373, 394, 423, 511, 512, 566, 737, 775, 781, 811, 856, 913, 921, 997]
Iter#487 New set #1 of size 28 (487.0 its/hit = 0.000s/hit): seed=17671017643339819213 [7, 9, 32, 71, 107, 164, 176, 191, 260, 274, 366, 385, 401, 467, 516, 527, 545, 584, 597, 619, 628, 661, 686, 742, 793, 826, 841, 909]
Iter#873 New set #2 of size 28 (436.5 its/hit = 0.000s/hit): seed=2489027447499070969 [8, 62, 84, 106, 107, 141, 147, 154, 169, 176, 181, 200, 230, 237, 280, 283, 323, 409, 411, 434, 522, 579, 659, 734, 900, 917, 937, 964]
Iter#907 New set #3 of size 28 (302.3 its/hit = 0.000s/hit): seed=8607370437466968915 [79, 80, 89, 107, 127, 201, 235, 285, 293, 299, 329, 371, 372, 417, 438, 442, 460, 504, 512, 547, 595, 857, 888, 940, 942, 960, 983, 1008]
Iter#2051 New set #4 of size 28 (512.8 its/hit = 0.000s/hit): seed=11403036767737646521 [4, 5, 16, 28, 30, 54, 82, 90, 134, 155, 276, 334, 496, 506, 532, 546, 643, 645, 728, 736, 794, 853, 937, 952, 967, 1001, 1004, 1012]
Iter#2512 New set #5 of size 28 (502.4 its/hit = 0.000s/hit): seed=2143963299199922396 [15, 59, 88, 103, 250, 254, 283, 304, 317, 345, 353, 380, 436, 437, 462, 484, 513, 526, 531, 538, 562, 685, 779, 818, 884, 902, 922, 958]
Iter#3011 New set #6 of size 28 (501.8 its/hit = 0.000s/hit): seed=9605447389499754165 [34, 71, 106, 123, 126, 133, 146, 155, 165, 234, 245, 292, 340, 351, 376, 416, 475, 506, 574, 600, 621, 660, 750, 802, 880, 909, 931, 999]
Iter#3579 New set #7 of size 28 (511.3 its/hit = 0.000s/hit): seed=12242494271848820640 [56, 137, 177, 216, 253, 280, 289, 384, 389, 401, 426, 498, 602, 637, 670, 702, 717, 735, 765, 778, 779, 787, 795, 816, 909, 921, 967, 978]
Iter#6744 New set #8 of size 28 (843.0 its/hit = 0.000s/hit): seed=5292599837404334053 [57, 116, 140, 156, 208, 267, 410, 456, 580, 606, 608, 629, 686, 687, 714, 783, 826, 857, 880, 886, 903, 906, 908, 932, 941, 989, 991, 1008]
Iter#7240 New set #9 of size 28 (804.4 its/hit = 0.000s/hit): seed=9579226551772133394 [70, 93, 101, 172, 309, 444, 500, 509, 532, 535, 539, 553, 560, 574, 613, 627, 662, 668, 702, 739, 851, 859, 914, 920, 924, 925, 975, 992]
Iter#7585 New set #10 of size 28 (758.5 its/hit = 0.000s/hit): seed=10860772190728192463 [35, 86, 120, 153, 182, 213, 217, 224, 251, 315, 321, 330, 350, 384, 390, 418, 528, 555, 703, 773, 826, 878, 885, 887, 922, 956, 976, 990]
Iter#10729 New set #20 of size 28 (536.5 its/hit = 0.000s/hit): seed=18341999430521521791 [67, 73, 123, 149, 174, 230, 416, 423, 441, 506, 516, 547, 569, 744, 782, 829, 839, 863, 907, 909, 911, 921, 933, 934, 986, 1010, 1011, 1021]
Iter#18968 New set #30 of size 28 (632.3 its/hit = 0.000s/hit): seed=9657768425523291891 [19, 26, 44, 59, 63, 124, 125, 132, 145, 186, 251, 322, 385, 393, 398, 403, 521, 524, 535, 550, 554, 606, 737, 754, 764, 799, 890, 1001]
Iter#24621 New set #40 of size 28 (615.5 its/hit = 0.000s/hit): seed=16880424918350508304 [46, 85, 156, 170, 177, 186, 209, 217, 224, 329, 385, 393, 454, 455, 534, 573, 596, 654, 741, 769, 784, 811, 837, 861, 884, 928, 960, 972]
Iter#31275 New set #50 of size 28 (625.5 its/hit = 0.020s/hit): seed=8307778763993249917 [5, 19, 30, 66, 164, 194, 252, 266, 338, 366, 370, 451, 467, 484, 540, 582, 651, 677, 764, 796, 809, 814, 833, 847, 860, 921, 962, 1018]
Iter#38962 New set #60 of size 28 (649.4 its/hit = 0.017s/hit): seed=14958093525781165115 [52, 77, 110, 172, 175, 179, 192, 197, 284, 305, 319, 367, 399, 460, 471, 476, 481, 493, 555, 598, 628, 703, 785, 849, 898, 913, 920, 998]
Iter#47133 New set #70 of size 28 (673.3 its/hit = 0.014s/hit): seed=1110103644277472251 [75, 84, 103, 112, 187, 221, 260, 274, 281, 316, 349, 422, 483, 504, 624, 657, 663, 671, 680, 762, 781, 813, 828, 842, 925, 935, 959, 981]
Iter#54023 New set #80 of size 28 (675.3 its/hit = 0.025s/hit): seed=5307289136327532096 [17, 56, 195, 230, 246, 275, 278, 293, 363, 374, 382, 403, 418, 425, 469, 476, 513, 553, 582, 598, 608, 638, 691, 737, 738, 914, 967, 1003]
Iter#58135 New set #90 of size 28 (645.9 its/hit = 0.022s/hit): seed=11549855657520469260 [2, 25, 39, 93, 107, 173, 178, 224, 228, 273, 351, 394, 431, 438, 543, 556, 562, 614, 620, 629, 670, 863, 889, 891, 937, 977, 993, 1000]
Iter#62592 New set #100 of size 28 (625.9 its/hit = 0.020s/hit): seed=16215555011375480222 [23, 41, 100, 112, 137, 168, 179, 269, 373, 400, 405, 452, 469, 484, 577, 624, 664, 682, 692, 773, 777, 844, 846, 863, 872, 907, 971, 1022]
Iter#115296 New set #200 of size 28 (576.5 its/hit = 0.025s/hit): seed=2341241926376461015 [31, 35, 37, 104, 113, 153, 170, 183, 193, 197, 198, 201, 306, 320, 335, 414, 433, 476, 576, 599, 624, 626, 650, 715, 789, 835, 938, 1001]
Iter#185148 New set #300 of size 28 (617.2 its/hit = 0.033s/hit): seed=3635093478689489431 [61, 109, 113, 122, 168, 223, 250, 267, 286, 292, 314, 323, 400, 439, 528, 579, 630, 680, 699, 809, 810, 821, 828, 852, 855, 954, 971, 1015]
Iter#251606 New set #400 of size 28 (629.0 its/hit = 0.035s/hit): seed=6066650050536553652 [29, 59, 77, 124, 130, 141, 185, 296, 355, 423, 431, 452, 527, 565, 572, 588, 722, 727, 750, 807, 830, 838, 847, 898, 905, 959, 967, 996]
Iter#313856 New set #500 of size 28 (627.7 its/hit = 0.032s/hit): seed=10331453771210042101 [0, 7, 40, 55, 80, 169, 184, 209, 214, 226, 244, 273, 323, 345, 380, 463, 570, 635, 691, 706, 730, 787, 800, 848, 869, 873, 911, 1018]
Iter#382099 New set #600 of size 28 (636.8 its/hit = 0.032s/hit): seed=6884609928616673903 [73, 79, 87, 107, 127, 145, 168, 170, 216, 272, 306, 336, 378, 462, 574, 577, 675, 698, 750, 770, 782, 783, 814, 846, 852, 869, 875, 889]
Iter#436866 New set #700 of size 28 (624.1 its/hit = 0.030s/hit): seed=121766464295685008 [58, 69, 105, 159, 168, 241, 258, 273, 283, 298, 360, 372, 418, 422, 441, 505, 556, 560, 567, 578, 625, 667, 768, 828, 861, 875, 927, 956]
Iter#498278 New set #800 of size 28 (622.8 its/hit = 0.029s/hit): seed=12349894969363591199 [1, 80, 102, 132, 155, 183, 213, 309, 411, 463, 491, 495, 515, 517, 575, 597, 659, 789, 803, 804, 812, 824, 864, 900, 924, 926, 963, 1011]
Iter#562290 New set #900 of size 28 (624.8 its/hit = 0.029s/hit): seed=9891814287653273364 [10, 49, 97, 113, 141, 203, 206, 223, 255, 334, 344, 450, 548, 550, 559, 617, 623, 657, 693, 747, 756, 769, 778, 812, 853, 860, 926, 1015]
Iter#621309 New set #1000 of size 28 (621.3 its/hit = 0.029s/hit): seed=9731624296105609079 [25, 129, 183, 209, 221, 271, 288, 352, 358, 411, 421, 434, 476, 480, 493, 496, 540, 711, 756, 780, 799, 811, 888, 898, 943, 964, 979, 1010]
Iter#1228629 New set #2000 of size 28 (614.3 its/hit = 0.024s/hit): seed=13506290012234543574 [39, 51, 87, 126, 196, 210, 303, 326, 402, 430, 437, 461, 494, 499, 544, 559, 563, 571, 609, 729, 780, 867, 875, 923, 939, 943, 961, 1022]
Iter#1835468 New set #3000 of size 28 (611.8 its/hit = 0.022s/hit): seed=18271519742816132682 [32, 63, 78, 104, 131, 153, 167, 252, 305, 346, 374, 386, 484, 490, 495, 504, 527, 617, 710, 716, 740, 767, 781, 823, 839, 965, 972, 1021]
Iter#2491004 New set #4000 of size 28 (622.8 its/hit = 0.022s/hit): seed=3906311017159848209 [3, 6, 8, 11, 68, 123, 124, 138, 183, 221, 267, 291, 334, 355, 420, 426, 446, 474, 514, 580, 605, 611, 660, 672, 894, 930, 950, 1004]
Iter#3104774 New set #5000 of size 28 (621.0 its/hit = 0.023s/hit): seed=8764078520941087323 [53, 108, 148, 150, 200, 246, 250, 258, 270, 327, 401, 438, 517, 550, 590, 710, 725, 747, 759, 782, 795, 897, 903, 912, 919, 945, 979, 999]
Iter#3718332 New set #6000 of size 28 (619.7 its/hit = 0.023s/hit): seed=3408908725659976829 [32, 46, 130, 133, 244, 245, 254, 299, 460, 479, 519, 560, 607, 638, 643, 671, 693, 696, 726, 769, 786, 846, 909, 920, 924, 934, 945, 988]
Iter#4316694 New set #7000 of size 28 (616.7 its/hit = 0.022s/hit): seed=7408807403294507667 [40, 48, 57, 158, 177, 191, 199, 245, 275, 285, 349, 389, 436, 464, 484, 504, 525, 532, 687, 737, 778, 803, 815, 884, 924, 927, 992, 1003]
Iter#4918289 New set #8000 of size 28 (614.8 its/hit = 0.022s/hit): seed=6984804808492913281 [20, 39, 78, 85, 111, 158, 216, 227, 268, 271, 290, 408, 525, 584, 654, 658, 660, 684, 690, 752, 809, 816, 839, 865, 941, 949, 955, 996]
Iter#5571261 New set #9000 of size 28 (619.0 its/hit = 0.022s/hit): seed=13058586356716248498 [1, 36, 45, 167, 293, 294, 295, 374, 381, 491, 516, 572, 586, 594, 633, 649, 670, 679, 692, 714, 727, 747, 769, 838, 868, 1003, 1010, 1018]
Iter#6188008 New set #10000 of size 28 (618.8 its/hit = 0.022s/hit): seed=16184229030674454501 [31, 38, 55, 76, 94, 167, 178, 223, 281, 326, 437, 456, 529, 536, 557, 577, 594, 614, 624, 636, 658, 709, 718, 722, 776, 780, 783, 1001]
