[*] Computing DDT
[+] DDT Computed
DDT took 21.351395ms
Iter#1 New set #1 of size 25 (1.0 its/hit = 0.000s/hit): seed=7574716604608073349 [35, 95, 97, 177, 348, 409, 419, 458, 525, 527, 542, 559, 599, 662, 677, 763, 801, 847, 859, 863, 875, 898, 919, 924, 974]
Iter#57 New set #2 of size 25 (28.5 its/hit = 0.000s/hit): seed=9827243113597389822 [2, 7, 28, 89, 95, 196, 228, 268, 307, 355, 362, 405, 436, 486, 502, 545, 550, 588, 618, 745, 752, 773, 821, 951, 959]
Iter#88 New set #3 of size 25 (29.3 its/hit = 0.000s/hit): seed=675720396278051360 [6, 56, 61, 122, 139, 219, 386, 461, 484, 580, 592, 641, 700, 775, 782, 789, 793, 801, 817, 847, 874, 876, 913, 954, 981]
Iter#598 New set #4 of size 25 (149.5 its/hit = 0.000s/hit): seed=11013273652860762342 [64, 86, 100, 155, 304, 324, 391, 447, 481, 544, 607, 627, 651, 694, 699, 700, 727, 734, 758, 766, 846, 905, 915, 974, 992]
Iter#635 New set #5 of size 25 (127.0 its/hit = 0.000s/hit): seed=201635654489928043 [38, 40, 119, 147, 196, 303, 306, 427, 495, 534, 553, 605, 642, 740, 790, 823, 854, 859, 928, 935, 944, 974, 984, 1001, 1011]
Iter#713 New set #6 of size 25 (118.8 its/hit = 0.000s/hit): seed=9944229915355550449 [30, 65, 99, 170, 171, 287, 295, 366, 368, 406, 415, 419, 469, 492, 535, 582, 656, 738, 756, 793, 844, 896, 928, 955, 1005]
Iter#772 New set #7 of size 25 (110.3 its/hit = 0.000s/hit): seed=5763922123241294713 [1, 15, 36, 100, 199, 228, 298, 316, 329, 347, 427, 442, 467, 527, 588, 639, 648, 651, 710, 718, 734, 782, 887, 972, 984]
Iter#904 New set #8 of size 25 (113.0 its/hit = 0.000s/hit): seed=12936056662361203720 [144, 195, 262, 265, 290, 292, 344, 438, 444, 470, 478, 494, 523, 539, 570, 573, 606, 666, 667, 827, 864, 930, 945, 1005, 1014]
Iter#915 New set #9 of size 25 (101.7 its/hit = 0.000s/hit): seed=11144330759219212497 [95, 125, 127, 140, 193, 247, 285, 326, 327, 398, 442, 455, 475, 482, 502, 527, 556, 565, 753, 776, 801, 802, 852, 908, 944]
Iter#919 New set #10 of size 25 (91.9 its/hit = 0.000s/hit): seed=18228705778129012033 [61, 96, 115, 116, 130, 163, 179, 211, 240, 265, 297, 319, 416, 563, 576, 589, 641, 704, 738, 748, 750, 815, 941, 975, 978]
Iter#1732 New set #20 of size 25 (86.6 its/hit = 0.000s/hit): seed=11054660717131533892 [52, 114, 233, 260, 326, 347, 382, 395, 417, 426, 474, 632, 634, 658, 659, 687, 746, 788, 811, 815, 819, 903, 933, 958, 1017]
Iter#2098 New set #30 of size 25 (69.9 its/hit = 0.000s/hit): seed=7534594240537587761 [44, 73, 231, 238, 303, 352, 373, 377, 387, 428, 514, 582, 660, 674, 716, 722, 790, 798, 876, 884, 905, 923, 927, 943, 947]
Iter#3347 New set #40 of size 25 (83.7 its/hit = 0.000s/hit): seed=746407130165282735 [43, 74, 120, 126, 232, 243, 249, 264, 333, 341, 395, 467, 488, 617, 679, 707, 752, 805, 875, 885, 921, 923, 926, 958, 996]
Iter#4335 New set #50 of size 25 (86.7 its/hit = 0.000s/hit): seed=84654594749811866 [4, 10, 36, 56, 96, 133, 258, 292, 340, 369, 403, 491, 509, 516, 527, 529, 544, 569, 666, 674, 744, 829, 839, 861, 976]
Iter#5273 New set #60 of size 25 (87.9 its/hit = 0.000s/hit): seed=16084957968611158214 [9, 11, 89, 104, 161, 185, 210, 213, 329, 460, 490, 501, 511, 524, 540, 567, 626, 664, 677, 737, 792, 823, 894, 957, 1015]
Iter#6136 New set #70 of size 25 (87.7 its/hit = 0.000s/hit): seed=7895715269830222746 [74, 113, 127, 149, 165, 186, 201, 264, 267, 310, 324, 331, 353, 429, 518, 584, 699, 781, 811, 844, 852, 876, 926, 941, 988]
Iter#7333 New set #80 of size 25 (91.7 its/hit = 0.000s/hit): seed=16758602454930724303 [41, 58, 68, 80, 128, 206, 224, 262, 314, 338, 348, 355, 417, 445, 478, 520, 535, 562, 611, 633, 676, 850, 859, 905, 968]
Iter#8322 New set #90 of size 25 (92.5 its/hit = 0.000s/hit): seed=6054329413423757001 [24, 119, 169, 188, 237, 288, 345, 396, 459, 523, 608, 646, 691, 723, 795, 852, 857, 875, 877, 915, 933, 937, 954, 955, 989]
Iter#9499 New set #100 of size 25 (95.0 its/hit = 0.000s/hit): seed=325150691884609924 [28, 82, 89, 194, 212, 277, 301, 348, 406, 452, 483, 498, 519, 602, 606, 652, 672, 673, 762, 781, 817, 844, 930, 953, 958]
Iter#17710 New set #200 of size 25 (88.6 its/hit = 0.000s/hit): seed=15740534512557947162 [66, 85, 95, 206, 250, 279, 287, 321, 400, 406, 415, 538, 556, 581, 605, 606, 758, 778, 808, 813, 840, 864, 959, 962, 988]
Iter#27504 New set #300 of size 25 (91.7 its/hit = 0.000s/hit): seed=10152764501470574991 [98, 178, 317, 363, 367, 391, 418, 445, 478, 487, 490, 532, 559, 576, 600, 625, 626, 685, 714, 719, 803, 910, 964, 972, 1019]
Iter#34296 New set #400 of size 25 (85.7 its/hit = 0.002s/hit): seed=7608461825573950631 [84, 90, 236, 255, 257, 392, 417, 463, 507, 547, 548, 591, 649, 659, 783, 801, 814, 821, 841, 885, 940, 941, 972, 985, 1012]
Iter#43155 New set #500 of size 25 (86.3 its/hit = 0.002s/hit): seed=16643271379155048026 [5, 34, 68, 92, 154, 182, 309, 316, 367, 400, 464, 575, 619, 682, 721, 726, 749, 778, 818, 914, 920, 967, 1005, 1010, 1017]
Iter#52502 New set #600 of size 25 (87.5 its/hit = 0.002s/hit): seed=10375950210160425631 [55, 77, 96, 99, 109, 148, 233, 285, 373, 406, 474, 539, 582, 618, 673, 756, 766, 780, 806, 807, 818, 830, 833, 915, 1015]
Iter#62542 New set #700 of size 25 (89.3 its/hit = 0.001s/hit): seed=3557499050256937488 [75, 175, 179, 266, 279, 310, 372, 392, 459, 608, 616, 659, 686, 693, 699, 716, 747, 751, 817, 860, 861, 871, 921, 957, 1014]
Iter#73327 New set #800 of size 25 (91.7 its/hit = 0.002s/hit): seed=17556300463703846331 [55, 135, 143, 169, 170, 225, 243, 300, 323, 326, 395, 399, 401, 471, 492, 542, 556, 567, 626, 642, 795, 863, 944, 968, 996]
Iter#81744 New set #900 of size 25 (90.8 its/hit = 0.002s/hit): seed=3354137558417127744 [7, 50, 69, 122, 162, 171, 172, 185, 186, 252, 273, 350, 411, 419, 425, 449, 514, 574, 690, 734, 840, 894, 908, 1002, 1011]
Iter#91884 New set #1000 of size 25 (91.9 its/hit = 0.002s/hit): seed=15784546257348808861 [38, 68, 91, 146, 222, 251, 278, 296, 309, 319, 331, 486, 533, 553, 559, 579, 590, 652, 718, 722, 787, 847, 945, 953, 969]
Iter#184477 New set #2000 of size 25 (92.2 its/hit = 0.003s/hit): seed=4264767614665147177 [11, 73, 79, 100, 101, 185, 248, 275, 431, 442, 473, 478, 486, 490, 505, 580, 688, 847, 862, 873, 893, 897, 957, 973, 991]
Iter#275670 New set #3000 of size 25 (91.9 its/hit = 0.003s/hit): seed=10355317448666972247 [18, 28, 86, 100, 101, 131, 162, 185, 267, 281, 311, 343, 359, 372, 408, 503, 614, 687, 708, 716, 796, 837, 848, 949, 968]
Iter#364335 New set #4000 of size 25 (91.1 its/hit = 0.004s/hit): seed=2081634346913300383 [4, 37, 110, 118, 128, 139, 335, 388, 397, 475, 480, 516, 528, 571, 733, 763, 782, 828, 870, 888, 889, 930, 935, 964, 990]
Iter#453682 New set #5000 of size 25 (90.7 its/hit = 0.004s/hit): seed=4862584859617669275 [2, 54, 79, 81, 98, 104, 157, 214, 222, 374, 427, 430, 500, 528, 554, 555, 557, 581, 597, 602, 683, 840, 923, 935, 937]
Iter#542930 New set #6000 of size 25 (90.5 its/hit = 0.004s/hit): seed=3278640299987842049 [82, 83, 98, 109, 125, 208, 348, 350, 390, 445, 454, 513, 516, 562, 607, 658, 692, 696, 706, 710, 727, 887, 910, 922, 960]
Iter#629436 New set #7000 of size 25 (89.9 its/hit = 0.004s/hit): seed=8859289999816987451 [3, 50, 142, 185, 225, 248, 290, 297, 319, 345, 357, 458, 482, 519, 584, 589, 599, 774, 775, 805, 829, 933, 945, 995, 1009]
Iter#712701 New set #8000 of size 25 (89.1 its/hit = 0.004s/hit): seed=9970158923788999192 [116, 132, 175, 191, 274, 279, 283, 285, 308, 351, 392, 402, 412, 420, 462, 466, 597, 658, 673, 703, 716, 757, 859, 955, 1018]
Iter#802317 New set #9000 of size 25 (89.1 its/hit = 0.004s/hit): seed=17824927993223055895 [45, 46, 135, 214, 316, 354, 371, 383, 520, 524, 590, 593, 645, 699, 754, 775, 834, 843, 844, 848, 856, 899, 974, 1006, 1014]
Iter#890201 New set #10000 of size 25 (89.0 its/hit = 0.003s/hit): seed=14170049773027766046 [56, 129, 146, 175, 190, 228, 236, 348, 349, 367, 462, 515, 517, 518, 592, 605, 631, 664, 695, 752, 779, 823, 860, 894, 905]
Iter#1766034 New set #20000 of size 25 (88.3 its/hit = 0.004s/hit): seed=17305388081576515179 [64, 135, 174, 183, 191, 223, 230, 253, 276, 277, 318, 401, 416, 427, 526, 529, 542, 701, 708, 717, 797, 811, 821, 838, 971]
Iter#2656234 New set #30000 of size 25 (88.5 its/hit = 0.004s/hit): seed=187269797408363693 [25, 35, 36, 118, 182, 185, 358, 366, 411, 426, 428, 478, 498, 553, 554, 575, 663, 697, 733, 824, 859, 915, 925, 960, 970]
Iter#3532326 New set #40000 of size 25 (88.3 its/hit = 0.003s/hit): seed=16354558011468758403 [2, 34, 66, 84, 195, 196, 369, 376, 458, 459, 469, 506, 567, 603, 661, 734, 741, 815, 874, 930, 949, 954, 961, 1015, 1017]
Iter#4405716 New set #50000 of size 25 (88.1 its/hit = 0.003s/hit): seed=6787553597400530821 [23, 24, 66, 89, 112, 230, 296, 338, 345, 382, 394, 441, 448, 458, 462, 611, 623, 640, 697, 724, 894, 897, 900, 963, 1017]
Iter#5271754 New set #60000 of size 25 (87.9 its/hit = 0.003s/hit): seed=5176133534574884368 [22, 101, 132, 134, 170, 186, 361, 378, 398, 464, 523, 571, 579, 662, 675, 773, 776, 784, 785, 794, 808, 858, 892, 918, 963]
Iter#6140763 New set #70000 of size 25 (87.7 its/hit = 0.003s/hit): seed=13613025336078547674 [65, 89, 98, 111, 142, 156, 193, 227, 233, 288, 390, 439, 466, 494, 529, 589, 676, 757, 780, 782, 807, 876, 888, 947, 1015]
