[*] Computing DDT
[+] DDT Computed
DDT took 23.429808ms
Iter#1 New set #1 of size 23 (1.0 its/hit = 0.000s/hit): seed=4149003492699608988 [7, 111, 131, 144, 148, 168, 186, 365, 473, 522, 530, 550, 557, 590, 593, 604, 605, 665, 805, 842, 859, 935, 982]
Iter#5 New set #1 of size 24 (5.0 its/hit = 0.000s/hit): seed=4053343454345219671 [16, 18, 68, 70, 102, 113, 181, 224, 237, 272, 309, 333, 411, 422, 436, 460, 571, 667, 700, 810, 843, 880, 881, 961]
Iter#10 New set #1 of size 25 (10.0 its/hit = 0.000s/hit): seed=9464730124259561018 [12, 55, 98, 117, 118, 130, 186, 254, 276, 361, 387, 454, 547, 563, 648, 700, 720, 758, 836, 860, 870, 874, 885, 967, 1001]
Iter#39 New set #2 of size 25 (19.5 its/hit = 0.000s/hit): seed=13842120765532291707 [24, 31, 66, 88, 148, 221, 241, 361, 373, 436, 438, 440, 470, 480, 482, 540, 589, 666, 709, 753, 839, 882, 905, 934, 976]
Iter#64 New set #3 of size 25 (21.3 its/hit = 0.000s/hit): seed=1859220503979791205 [26, 91, 120, 139, 153, 157, 162, 212, 250, 262, 326, 436, 460, 481, 549, 562, 590, 719, 765, 789, 792, 856, 896, 952, 957]
Iter#83 New set #4 of size 25 (20.8 its/hit = 0.000s/hit): seed=13810873902882660443 [16, 123, 131, 136, 143, 151, 170, 218, 261, 263, 290, 323, 337, 339, 350, 360, 500, 722, 727, 834, 927, 949, 960, 1008, 1009]
Iter#110 New set #5 of size 25 (22.0 its/hit = 0.000s/hit): seed=12679500475839070733 [12, 86, 132, 163, 221, 271, 331, 357, 394, 456, 486, 513, 682, 690, 712, 719, 784, 818, 833, 843, 884, 887, 890, 929, 942]
Iter#116 New set #6 of size 25 (19.3 its/hit = 0.000s/hit): seed=13248999920433477438 [53, 95, 203, 208, 266, 274, 292, 325, 389, 393, 411, 423, 442, 523, 598, 669, 677, 722, 738, 742, 762, 851, 922, 962, 970]
Iter#140 New set #7 of size 25 (20.0 its/hit = 0.000s/hit): seed=6843590479057911252 [16, 50, 52, 95, 102, 113, 115, 137, 229, 298, 314, 397, 442, 478, 519, 528, 582, 611, 675, 688, 698, 701, 829, 851, 1015]
Iter#148 New set #8 of size 25 (18.5 its/hit = 0.000s/hit): seed=15333760784114344030 [40, 74, 106, 118, 125, 168, 213, 288, 325, 357, 419, 514, 541, 555, 559, 593, 782, 788, 819, 847, 924, 927, 953, 978, 1020]
Iter#196 New set #9 of size 25 (21.8 its/hit = 0.000s/hit): seed=12562001318097514566 [28, 32, 39, 50, 94, 104, 119, 137, 140, 217, 241, 245, 246, 252, 292, 325, 511, 517, 528, 646, 676, 701, 944, 966, 1023]
Iter#230 New set #10 of size 25 (23.0 its/hit = 0.000s/hit): seed=17819177889712398426 [36, 115, 158, 160, 170, 191, 305, 334, 431, 433, 623, 648, 669, 699, 749, 825, 828, 844, 846, 872, 908, 940, 971, 991, 1015]
Iter#411 New set #20 of size 25 (20.5 its/hit = 0.000s/hit): seed=1113975322088837542 [25, 31, 108, 125, 149, 159, 160, 180, 252, 347, 403, 417, 472, 498, 670, 742, 759, 761, 841, 853, 859, 922, 923, 949, 964]
Iter#524 New set #30 of size 25 (17.5 its/hit = 0.000s/hit): seed=4401877506768222269 [40, 177, 216, 231, 236, 260, 262, 286, 316, 327, 348, 363, 395, 419, 525, 553, 598, 663, 713, 722, 783, 808, 892, 923, 965]
Iter#695 New set #40 of size 25 (17.4 its/hit = 0.000s/hit): seed=10954156413038103533 [94, 142, 260, 264, 296, 301, 310, 368, 396, 548, 570, 668, 675, 689, 696, 735, 749, 789, 804, 811, 878, 916, 978, 980, 985]
Iter#855 New set #50 of size 25 (17.1 its/hit = 0.000s/hit): seed=14867285944878307089 [42, 51, 97, 115, 123, 142, 147, 169, 311, 367, 368, 453, 463, 524, 536, 546, 609, 649, 693, 745, 778, 817, 977, 993, 1020]
Iter#1013 New set #60 of size 25 (16.9 its/hit = 0.000s/hit): seed=7024757212736821918 [23, 49, 93, 215, 258, 350, 377, 452, 482, 508, 511, 514, 602, 646, 661, 666, 683, 726, 775, 829, 835, 845, 876, 915, 988]
Iter#1174 New set #70 of size 25 (16.8 its/hit = 0.000s/hit): seed=10026670736270094552 [13, 120, 128, 185, 235, 382, 433, 440, 515, 588, 629, 634, 641, 698, 726, 742, 811, 814, 852, 856, 960, 991, 1011, 1015, 1020]
Iter#1386 New set #80 of size 25 (17.3 its/hit = 0.000s/hit): seed=13782729918826943932 [62, 69, 210, 251, 260, 266, 284, 329, 362, 372, 384, 402, 416, 495, 553, 633, 647, 689, 690, 727, 739, 787, 946, 974, 1004]
Iter#1538 New set #90 of size 25 (17.1 its/hit = 0.000s/hit): seed=13177640058395256191 [58, 61, 63, 90, 110, 184, 189, 238, 339, 345, 351, 469, 499, 529, 594, 745, 749, 763, 783, 789, 814, 826, 935, 969, 1013]
Iter#1696 New set #100 of size 25 (17.0 its/hit = 0.000s/hit): seed=10581871330306112225 [1, 13, 31, 63, 76, 131, 191, 283, 323, 329, 400, 417, 433, 478, 483, 587, 593, 596, 820, 899, 933, 939, 947, 958, 1001]
Iter#3135 New set #200 of size 25 (15.7 its/hit = 0.000s/hit): seed=14915918592162219218 [36, 102, 128, 182, 226, 307, 310, 335, 366, 368, 468, 516, 557, 646, 710, 808, 816, 824, 933, 951, 965, 967, 990, 994, 1011]
Iter#3861 New set #1 of size 34 (3861.0 its/hit = 0.000s/hit): seed=197917951159995266 [54, 69, 96, 116, 126, 133, 164, 194, 238, 252, 256, 260, 281, 288, 304, 372, 380, 433, 454, 491, 597, 611, 614, 623, 662, 689, 707, 730, 768, 872, 911, 917, 972, 974]
Iter#6222 New set #2 of size 34 (3111.0 its/hit = 0.000s/hit): seed=11644897148406778145 [0, 17, 68, 89, 90, 100, 105, 110, 142, 200, 208, 209, 249, 278, 375, 403, 428, 459, 479, 493, 523, 610, 620, 624, 655, 671, 692, 739, 756, 915, 944, 948, 959, 962]
Iter#18567 New set #3 of size 34 (6189.0 its/hit = 0.000s/hit): seed=5952608947627788293 [32, 36, 40, 41, 53, 55, 65, 87, 112, 117, 155, 168, 178, 265, 400, 451, 488, 491, 558, 576, 594, 612, 623, 684, 710, 745, 762, 770, 808, 853, 869, 929, 977, 1000]
Iter#20240 New set #4 of size 34 (5060.0 its/hit = 0.000s/hit): seed=2379229306040450589 [14, 40, 78, 106, 107, 139, 154, 336, 393, 419, 443, 484, 513, 528, 539, 568, 583, 592, 614, 623, 665, 676, 717, 816, 818, 821, 829, 830, 843, 899, 953, 984, 1007, 1011]
Iter#21997 New set #5 of size 34 (4399.4 its/hit = 0.000s/hit): seed=13087274603307119568 [19, 33, 41, 65, 78, 97, 158, 201, 217, 323, 336, 356, 429, 466, 470, 503, 589, 642, 648, 656, 683, 713, 733, 737, 740, 811, 812, 866, 873, 933, 968, 985, 1018, 1021]
Iter#33032 New set #6 of size 34 (5505.3 its/hit = 0.000s/hit): seed=9523434167005440302 [61, 137, 206, 214, 228, 262, 263, 291, 325, 355, 486, 503, 550, 592, 595, 600, 605, 607, 642, 670, 693, 724, 750, 770, 779, 810, 829, 853, 876, 886, 893, 928, 969, 1012]
Iter#35205 New set #7 of size 34 (5029.3 its/hit = 0.000s/hit): seed=61898812432642383 [19, 64, 77, 117, 166, 206, 310, 329, 343, 347, 371, 377, 522, 595, 597, 609, 624, 632, 652, 653, 716, 732, 762, 765, 776, 781, 798, 807, 917, 926, 962, 985, 989, 1016]
Iter#54397 New set #8 of size 34 (6799.6 its/hit = 0.125s/hit): seed=162520979952868912 [11, 40, 58, 115, 186, 218, 229, 251, 315, 327, 328, 387, 397, 414, 420, 433, 477, 489, 516, 593, 610, 614, 655, 663, 714, 718, 732, 762, 780, 787, 842, 906, 909, 936]
Iter#61901 New set #9 of size 34 (6877.9 its/hit = 0.111s/hit): seed=13529024314111467096 [39, 40, 70, 100, 120, 217, 271, 278, 333, 334, 359, 417, 430, 438, 450, 485, 524, 582, 587, 601, 606, 626, 656, 657, 661, 734, 748, 762, 786, 794, 807, 843, 897, 930]
Iter#77360 New set #10 of size 34 (7736.0 its/hit = 0.100s/hit): seed=1029482223915087207 [13, 50, 80, 169, 170, 173, 187, 201, 231, 250, 267, 276, 310, 331, 392, 408, 420, 458, 465, 487, 589, 593, 602, 633, 641, 647, 653, 703, 759, 761, 795, 941, 990, 1001]
Iter#115667 New set #20 of size 34 (5783.4 its/hit = 0.100s/hit): seed=10349568957060814629 [7, 103, 169, 208, 253, 271, 274, 276, 324, 381, 482, 495, 521, 546, 552, 557, 576, 613, 620, 627, 642, 650, 656, 658, 680, 684, 753, 801, 857, 895, 914, 934, 1012, 1013]
Iter#165648 New set #30 of size 34 (5521.6 its/hit = 0.133s/hit): seed=17724858197591257929 [17, 26, 81, 98, 127, 155, 162, 166, 216, 227, 240, 248, 261, 446, 461, 505, 559, 570, 581, 583, 611, 640, 643, 665, 727, 751, 770, 772, 781, 784, 789, 911, 915, 928]
Iter#223925 New set #40 of size 34 (5598.1 its/hit = 0.125s/hit): seed=13393555272731849748 [52, 84, 154, 206, 227, 289, 295, 316, 334, 375, 465, 476, 529, 539, 542, 570, 576, 598, 607, 627, 667, 671, 673, 675, 689, 697, 706, 786, 844, 874, 917, 929, 966, 967]
Iter#283414 New set #50 of size 34 (5668.3 its/hit = 0.120s/hit): seed=4106254127272855548 [10, 20, 45, 135, 137, 146, 163, 170, 185, 209, 214, 277, 279, 287, 393, 449, 488, 493, 513, 529, 580, 630, 635, 660, 675, 704, 710, 774, 792, 822, 823, 881, 912, 990]
Iter#344867 New set #60 of size 34 (5747.8 its/hit = 0.133s/hit): seed=16550886671114368510 [13, 17, 31, 118, 137, 158, 201, 226, 242, 447, 450, 457, 461, 494, 531, 532, 537, 548, 551, 569, 620, 637, 644, 684, 685, 693, 755, 778, 875, 912, 930, 950, 977, 1006]
Iter#421798 New set #70 of size 34 (6025.7 its/hit = 0.143s/hit): seed=3631356016815084241 [78, 96, 117, 146, 226, 284, 290, 293, 380, 435, 458, 465, 468, 503, 513, 514, 563, 567, 605, 679, 688, 729, 765, 769, 813, 831, 837, 929, 935, 982, 986, 998, 1006, 1018]
Iter#496583 New set #80 of size 34 (6207.3 its/hit = 0.138s/hit): seed=14692804428980011159 [8, 27, 42, 97, 201, 288, 291, 337, 357, 364, 371, 397, 415, 416, 477, 488, 490, 499, 545, 558, 586, 597, 634, 653, 693, 739, 756, 809, 815, 819, 823, 825, 924, 965]
Iter#587856 New set #90 of size 34 (6531.7 its/hit = 0.156s/hit): seed=17162353833688573575 [1, 24, 28, 40, 56, 100, 108, 169, 222, 243, 302, 349, 358, 364, 376, 413, 444, 474, 484, 502, 536, 624, 653, 663, 724, 726, 845, 887, 891, 894, 910, 937, 962, 987]
Iter#681021 New set #100 of size 34 (6810.2 its/hit = 0.160s/hit): seed=3553222173477565085 [20, 80, 103, 162, 262, 308, 312, 318, 320, 334, 448, 483, 488, 500, 541, 545, 561, 606, 616, 627, 655, 685, 690, 754, 770, 784, 787, 788, 835, 862, 880, 907, 948, 1001]
Iter#1299900 New set #200 of size 34 (6499.5 its/hit = 0.155s/hit): seed=15065821551817885524 [58, 77, 151, 194, 205, 212, 217, 262, 263, 267, 300, 301, 343, 359, 387, 411, 443, 466, 570, 572, 605, 645, 667, 679, 712, 727, 761, 771, 821, 833, 872, 904, 976, 1003]
Iter#2033017 New set #300 of size 34 (6776.7 its/hit = 0.160s/hit): seed=3510183078015601902 [74, 98, 108, 125, 133, 137, 191, 213, 249, 278, 291, 296, 305, 344, 359, 369, 381, 399, 467, 471, 517, 634, 667, 697, 719, 730, 750, 801, 803, 837, 844, 937, 972, 1018]
Iter#2891895 New set #400 of size 34 (7229.7 its/hit = 0.172s/hit): seed=8337514816723126717 [4, 21, 64, 93, 94, 96, 106, 109, 138, 204, 212, 213, 253, 274, 371, 407, 424, 463, 475, 489, 527, 614, 616, 628, 651, 667, 688, 743, 752, 919, 944, 948, 955, 966]
Iter#3825001 New set #500 of size 34 (7650.0 its/hit = 0.182s/hit): seed=3566958905111067309 [14, 50, 69, 74, 148, 170, 195, 217, 239, 241, 246, 287, 368, 380, 446, 497, 532, 541, 605, 621, 676, 719, 722, 770, 817, 819, 869, 871, 878, 893, 902, 933, 965, 980]
Iter#4667571 New set #600 of size 34 (7779.3 its/hit = 0.185s/hit): seed=16899151230938074689 [22, 69, 115, 156, 158, 243, 250, 262, 292, 337, 357, 368, 442, 453, 560, 616, 620, 654, 663, 668, 681, 706, 718, 728, 743, 768, 822, 826, 838, 874, 962, 979, 989, 1013]
Iter#5324019 New set #700 of size 34 (7605.7 its/hit = 0.181s/hit): seed=6305700065830658930 [23, 89, 129, 159, 176, 177, 246, 275, 292, 321, 327, 390, 406, 451, 497, 508, 526, 582, 618, 623, 656, 658, 664, 768, 782, 789, 804, 813, 830, 849, 854, 909, 915, 938]
Iter#6062404 New set #800 of size 34 (7578.0 its/hit = 0.181s/hit): seed=1249149109285742506 [11, 52, 53, 185, 204, 210, 266, 288, 311, 313, 324, 344, 381, 382, 400, 504, 530, 549, 566, 596, 655, 676, 737, 745, 771, 819, 822, 904, 917, 945, 948, 953, 985, 1014]
Iter#6744317 New set #900 of size 34 (7493.7 its/hit = 0.180s/hit): seed=18179438168208930241 [34, 45, 53, 65, 102, 140, 149, 205, 206, 228, 346, 420, 427, 453, 487, 507, 514, 545, 657, 665, 676, 712, 786, 787, 790, 861, 879, 889, 911, 965, 968, 986, 989, 1009]
Iter#7567545 New set #1000 of size 34 (7567.5 its/hit = 0.181s/hit): seed=7718067607474730481 [6, 54, 81, 123, 130, 187, 242, 257, 275, 311, 316, 381, 405, 425, 442, 511, 602, 656, 696, 699, 707, 772, 786, 803, 806, 868, 870, 883, 887, 890, 891, 968, 993, 1019]
Iter#15159451 New set #2000 of size 34 (7579.7 its/hit = 0.182s/hit): seed=2294644536373149491 [41, 76, 122, 161, 163, 197, 204, 283, 313, 335, 346, 366, 389, 506, 527, 595, 599, 662, 675, 680, 689, 728, 743, 753, 765, 773, 777, 831, 853, 889, 970, 994, 1004, 1021]
Iter#23043300 New set #3000 of size 34 (7681.1 its/hit = 0.185s/hit): seed=13515603744954647511 [1, 15, 28, 38, 51, 95, 107, 185, 197, 202, 312, 344, 359, 377, 393, 426, 440, 497, 520, 527, 554, 654, 657, 712, 781, 789, 840, 844, 862, 888, 902, 979, 992, 996]
Iter#30771342 New set #4000 of size 34 (7692.8 its/hit = 0.185s/hit): seed=11022673184270870541 [2, 3, 44, 50, 69, 164, 234, 293, 309, 322, 335, 368, 407, 416, 498, 500, 545, 547, 555, 701, 729, 732, 757, 793, 800, 830, 909, 919, 926, 934, 947, 957, 994, 997]
Iter#38622961 New set #5000 of size 34 (7724.6 its/hit = 0.186s/hit): seed=7775563979078019281 [48, 71, 106, 129, 133, 152, 161, 177, 245, 253, 260, 293, 323, 367, 381, 439, 452, 481, 501, 511, 526, 532, 589, 591, 641, 745, 791, 816, 834, 859, 980, 994, 999, 1006]
Iter#45911166 New set #6000 of size 34 (7651.9 its/hit = 0.184s/hit): seed=4328139951118380551 [11, 27, 58, 61, 74, 75, 146, 148, 166, 183, 191, 205, 261, 282, 286, 319, 338, 345, 458, 463, 473, 480, 521, 609, 647, 650, 690, 724, 910, 912, 924, 948, 958, 1009]
Iter#53356957 New set #7000 of size 34 (7622.4 its/hit = 0.183s/hit): seed=11000121485757028101 [13, 23, 84, 86, 152, 240, 270, 297, 322, 347, 461, 503, 507, 510, 553, 606, 627, 641, 664, 668, 680, 696, 740, 748, 797, 828, 858, 868, 886, 942, 989, 998, 1004, 1016]
Iter#60916731 New set #8000 of size 34 (7614.6 its/hit = 0.183s/hit): seed=7258928301514009349 [29, 223, 279, 288, 310, 318, 361, 376, 399, 423, 474, 491, 531, 561, 584, 643, 645, 646, 666, 697, 702, 739, 749, 761, 813, 822, 832, 864, 913, 915, 920, 929, 950, 963]
Iter#68479279 New set #9000 of size 34 (7608.8 its/hit = 0.183s/hit): seed=17379097782396400126 [39, 63, 69, 125, 162, 225, 273, 352, 372, 385, 398, 399, 431, 437, 446, 472, 547, 566, 598, 642, 651, 656, 693, 705, 735, 756, 854, 874, 922, 944, 946, 950, 1014, 1019]
Iter#76136719 New set #10000 of size 34 (7613.7 its/hit = 0.183s/hit): seed=7889702418782618729 [56, 59, 73, 107, 116, 125, 135, 149, 184, 197, 235, 240, 242, 259, 272, 306, 377, 465, 545, 555, 559, 561, 567, 644, 733, 822, 825, 845, 850, 866, 917, 941, 1004, 1019]
