[*] Computing DDT
[+] DDT Computed
DDT took 24.468201ms
Iter#1 New set #1 of size 23 (1.0 its/hit = 0.000s/hit): seed=4451906122598645129 [4, 12, 14, 131, 150, 212, 280, 313, 385, 411, 476, 486, 572, 628, 676, 681, 743, 750, 759, 857, 859, 876, 1007]
Iter#2 New set #1 of size 24 (2.0 its/hit = 0.000s/hit): seed=3861244043662452088 [42, 107, 112, 132, 189, 193, 194, 198, 236, 237, 242, 330, 378, 453, 481, 498, 534, 576, 616, 618, 646, 684, 870, 1009]
Iter#12 New set #1 of size 25 (12.0 its/hit = 0.000s/hit): seed=14752316283810954548 [34, 35, 147, 177, 187, 206, 209, 218, 240, 245, 324, 372, 512, 524, 527, 528, 557, 630, 636, 668, 702, 784, 799, 965, 1008]
Iter#23 New set #2 of size 25 (11.5 its/hit = 0.000s/hit): seed=6065808713001810945 [67, 102, 114, 156, 187, 217, 223, 245, 280, 323, 326, 344, 349, 382, 528, 595, 643, 652, 657, 719, 768, 880, 953, 985, 993]
Iter#29 New set #3 of size 25 (9.7 its/hit = 0.000s/hit): seed=13262556004832854937 [103, 237, 252, 256, 277, 279, 362, 367, 370, 395, 411, 413, 432, 433, 549, 553, 557, 585, 590, 608, 744, 828, 852, 859, 964]
Iter#31 New set #4 of size 25 (7.8 its/hit = 0.000s/hit): seed=13996036350182393620 [9, 55, 98, 102, 127, 148, 171, 212, 268, 432, 454, 461, 564, 587, 630, 671, 724, 736, 817, 822, 828, 895, 901, 979, 984]
Iter#37 New set #1 of size 26 (37.0 its/hit = 0.000s/hit): seed=15609379527305642036 [51, 86, 101, 109, 240, 270, 284, 303, 330, 347, 361, 364, 371, 377, 409, 486, 496, 514, 548, 664, 724, 845, 847, 860, 934, 957]
Iter#39 New set #2 of size 26 (19.5 its/hit = 0.000s/hit): seed=14149732933951264547 [101, 138, 182, 205, 211, 282, 343, 392, 435, 477, 478, 512, 528, 552, 589, 598, 616, 670, 732, 763, 769, 816, 843, 896, 907, 943]
Iter#57 New set #1 of size 27 (57.0 its/hit = 0.000s/hit): seed=681022168690089160 [26, 32, 49, 70, 82, 87, 92, 99, 148, 225, 294, 316, 323, 352, 378, 437, 456, 517, 665, 680, 682, 703, 715, 762, 784, 807, 983]
Iter#175 New set #2 of size 27 (87.5 its/hit = 0.000s/hit): seed=8048981866021339029 [13, 25, 76, 85, 364, 389, 392, 468, 475, 503, 636, 642, 656, 685, 712, 736, 749, 755, 772, 781, 788, 833, 856, 869, 872, 936, 1006]
Iter#188 New set #1 of size 28 (188.0 its/hit = 0.000s/hit): seed=7174356662672233377 [0, 37, 39, 58, 65, 78, 310, 353, 392, 411, 429, 478, 487, 505, 565, 628, 651, 689, 722, 725, 763, 765, 821, 864, 924, 956, 995, 1010]
Iter#1352 New set #2 of size 28 (676.0 its/hit = 0.000s/hit): seed=501373113281772865 [0, 1, 22, 42, 43, 99, 122, 175, 190, 200, 213, 225, 400, 451, 581, 586, 590, 604, 662, 752, 783, 789, 853, 873, 876, 904, 981, 989]
Iter#1418 New set #3 of size 28 (472.7 its/hit = 0.000s/hit): seed=5711927980168579356 [0, 226, 277, 308, 318, 324, 354, 406, 448, 457, 532, 593, 641, 643, 657, 699, 703, 747, 788, 809, 811, 848, 900, 901, 920, 949, 993, 1014]
Iter#1616 New set #4 of size 28 (404.0 its/hit = 0.000s/hit): seed=6380911447368645090 [0, 12, 32, 153, 176, 180, 183, 218, 271, 297, 303, 310, 442, 499, 500, 504, 580, 725, 777, 829, 832, 860, 906, 912, 995, 1004, 1012, 1022]
Iter#1626 New set #1 of size 34 (1626.0 its/hit = 0.000s/hit): seed=15747888587264872759 [0, 55, 64, 83, 113, 128, 137, 211, 246, 264, 273, 288, 357, 367, 394, 405, 425, 442, 507, 510, 542, 573, 574, 580, 597, 606, 706, 812, 816, 849, 855, 857, 878, 1022]
Iter#1697 New set #2 of size 34 (848.5 its/hit = 0.000s/hit): seed=6711931730504962735 [0, 11, 17, 102, 202, 222, 225, 238, 293, 302, 351, 385, 409, 432, 450, 451, 526, 650, 662, 667, 687, 701, 736, 762, 822, 835, 842, 853, 873, 895, 904, 905, 909, 1003]
Iter#1913 New set #3 of size 34 (637.7 its/hit = 0.000s/hit): seed=12589848478381350277 [0, 14, 70, 74, 107, 113, 181, 207, 230, 240, 258, 394, 418, 428, 480, 485, 498, 507, 516, 564, 607, 646, 674, 740, 779, 784, 858, 862, 867, 875, 952, 964, 990, 996]
Iter#5292 New set #4 of size 34 (1323.0 its/hit = 0.000s/hit): seed=17472490859830789901 [0, 16, 61, 158, 204, 286, 362, 408, 443, 446, 455, 487, 570, 605, 608, 623, 645, 672, 682, 688, 697, 722, 744, 797, 821, 833, 854, 885, 948, 953, 979, 980, 991, 1021]
Iter#9611 New set #5 of size 34 (1922.2 its/hit = 0.000s/hit): seed=350313784012356095 [0, 18, 37, 96, 98, 137, 162, 179, 198, 221, 266, 288, 290, 358, 392, 409, 424, 425, 429, 511, 555, 625, 687, 695, 742, 756, 785, 802, 805, 822, 839, 845, 881, 913]
Iter#20472 New set #6 of size 34 (3412.0 its/hit = 0.167s/hit): seed=1613676185450811447 [0, 34, 46, 80, 91, 98, 131, 149, 163, 173, 174, 234, 238, 254, 289, 320, 326, 345, 379, 386, 395, 464, 526, 578, 588, 612, 678, 696, 736, 753, 772, 805, 839, 1016]
Iter#21435 New set #7 of size 34 (3062.1 its/hit = 0.143s/hit): seed=4701939031200878805 [0, 22, 23, 98, 140, 236, 280, 299, 332, 400, 423, 438, 481, 489, 512, 518, 558, 581, 586, 598, 602, 604, 609, 630, 663, 694, 805, 839, 844, 846, 894, 944, 975, 981]
Iter#26112 New set #8 of size 34 (3264.0 its/hit = 0.125s/hit): seed=4722066495911358411 [0, 13, 15, 24, 45, 88, 96, 97, 208, 226, 238, 253, 355, 390, 393, 413, 430, 466, 479, 502, 519, 526, 681, 736, 785, 788, 826, 859, 881, 922, 970, 1000, 1008, 1014]
Iter#27997 New set #9 of size 34 (3110.8 its/hit = 0.222s/hit): seed=13369982093796173948 [0, 5, 33, 53, 66, 109, 130, 135, 143, 190, 261, 278, 292, 315, 341, 407, 474, 480, 516, 522, 572, 584, 590, 660, 675, 718, 748, 752, 771, 775, 781, 824, 996, 1018]
Iter#31564 New set #10 of size 34 (3156.4 its/hit = 0.200s/hit): seed=1270057733547014717 [0, 11, 49, 70, 118, 140, 166, 200, 219, 256, 259, 279, 293, 299, 301, 302, 315, 347, 422, 423, 447, 472, 572, 674, 707, 711, 740, 775, 789, 892, 916, 933, 976, 989]
Iter#82690 New set #20 of size 34 (4134.5 its/hit = 0.250s/hit): seed=9969491061230344132 [0, 36, 71, 79, 92, 106, 119, 158, 160, 262, 263, 273, 346, 348, 368, 391, 402, 419, 440, 508, 530, 531, 543, 573, 629, 648, 719, 812, 833, 897, 919, 938, 984, 991]
Iter#163877 New set #30 of size 34 (5462.6 its/hit = 0.267s/hit): seed=1468959253407801617 [0, 6, 22, 61, 73, 88, 96, 110, 122, 175, 203, 213, 250, 252, 274, 320, 430, 502, 576, 586, 604, 605, 608, 691, 696, 733, 785, 804, 850, 872, 877, 881, 931, 1016]
Iter#204195 New set #40 of size 34 (5104.9 its/hit = 0.225s/hit): seed=11822595594482908253 [0, 37, 55, 113, 117, 204, 278, 294, 308, 339, 364, 365, 392, 394, 404, 429, 434, 507, 579, 616, 641, 686, 745, 748, 773, 796, 815, 857, 878, 885, 893, 949, 953, 1018]
Iter#239237 New set #50 of size 34 (4784.7 its/hit = 0.220s/hit): seed=1780013565034588707 [0, 2, 61, 84, 86, 137, 140, 179, 195, 242, 246, 264, 288, 299, 321, 342, 420, 423, 425, 440, 489, 510, 530, 560, 605, 608, 659, 663, 755, 802, 894, 913, 938, 978]
Iter#261925 New set #60 of size 34 (4365.4 its/hit = 0.183s/hit): seed=17940747035966712402 [0, 25, 32, 59, 122, 175, 185, 186, 213, 237, 271, 275, 277, 303, 318, 400, 550, 581, 600, 619, 624, 657, 666, 669, 671, 673, 699, 738, 888, 900, 901, 963, 981, 986]
Iter#303834 New set #70 of size 34 (4340.5 its/hit = 0.186s/hit): seed=12862563179379035065 [0, 65, 95, 159, 161, 189, 283, 287, 295, 309, 316, 366, 367, 375, 376, 470, 533, 552, 563, 565, 574, 628, 640, 654, 683, 749, 819, 849, 874, 891, 926, 927, 977, 1013]
Iter#344480 New set #80 of size 34 (4306.0 its/hit = 0.175s/hit): seed=6801581463806459600 [0, 7, 28, 103, 140, 148, 209, 214, 226, 299, 355, 362, 414, 423, 460, 480, 516, 591, 633, 681, 697, 723, 731, 788, 799, 836, 856, 935, 960, 970, 979, 996, 999, 1014]
Iter#394765 New set #90 of size 34 (4386.3 its/hit = 0.178s/hit): seed=14243057372503701586 [0, 57, 62, 158, 229, 233, 235, 318, 322, 361, 364, 448, 541, 547, 561, 579, 615, 652, 699, 708, 716, 728, 747, 750, 757, 800, 811, 815, 833, 901, 940, 941, 965, 991]
Iter#458613 New set #100 of size 34 (4586.1 its/hit = 0.180s/hit): seed=569966860051940906 [0, 21, 72, 73, 75, 81, 133, 142, 158, 184, 212, 238, 316, 320, 383, 497, 524, 526, 546, 567, 692, 696, 736, 749, 782, 804, 827, 833, 838, 877, 880, 977, 991, 1016]
Iter#949446 New set #200 of size 34 (4747.2 its/hit = 0.180s/hit): seed=10945548291666437791 [0, 68, 136, 189, 267, 275, 306, 319, 332, 364, 387, 400, 407, 459, 512, 517, 563, 579, 581, 619, 637, 654, 656, 660, 690, 758, 771, 815, 844, 847, 888, 943, 974, 981]
Iter#1481627 New set #300 of size 34 (4938.8 its/hit = 0.187s/hit): seed=11487599237933441095 [0, 82, 88, 143, 170, 176, 194, 244, 248, 332, 335, 341, 350, 363, 413, 426, 430, 437, 474, 502, 512, 519, 539, 632, 638, 658, 729, 817, 844, 860, 922, 973, 1004, 1017]
Iter#1962635 New set #400 of size 34 (4906.6 its/hit = 0.185s/hit): seed=10881617978391571757 [0, 5, 9, 19, 63, 69, 130, 135, 190, 313, 318, 322, 367, 371, 378, 437, 521, 566, 574, 590, 618, 632, 665, 699, 717, 732, 734, 750, 752, 849, 851, 901, 940, 973]
Iter#2497492 New set #500 of size 34 (4995.0 its/hit = 0.192s/hit): seed=2032777291860258088 [0, 3, 23, 35, 125, 126, 204, 232, 233, 281, 283, 337, 363, 370, 457, 460, 538, 552, 561, 593, 609, 630, 636, 658, 723, 728, 754, 799, 819, 869, 885, 920, 953, 1017]
Iter#3156860 New set #600 of size 34 (5261.4 its/hit = 0.228s/hit): seed=8113540123005111827 [0, 2, 25, 39, 76, 84, 86, 111, 158, 225, 226, 332, 353, 440, 478, 505, 512, 530, 664, 759, 765, 788, 833, 844, 873, 904, 924, 934, 938, 963, 986, 991, 1002, 1014]
Iter#3596495 New set #700 of size 34 (5137.9 its/hit = 0.234s/hit): seed=2988725925247075290 [0, 5, 34, 52, 65, 66, 74, 130, 135, 146, 154, 155, 199, 345, 379, 485, 522, 551, 565, 584, 603, 628, 646, 668, 693, 784, 787, 807, 858, 861, 867, 887, 966, 1005]
Iter#4077768 New set #800 of size 34 (5097.2 its/hit = 0.242s/hit): seed=6196373409871450951 [0, 2, 61, 84, 86, 137, 140, 179, 195, 242, 246, 264, 288, 299, 321, 342, 420, 423, 425, 440, 489, 510, 530, 560, 605, 608, 659, 663, 755, 802, 894, 913, 938, 978]
Iter#4667313 New set #900 of size 34 (5185.9 its/hit = 0.241s/hit): seed=838537352034023525 [0, 6, 25, 71, 145, 220, 250, 252, 265, 278, 282, 325, 404, 411, 469, 493, 514, 571, 575, 601, 648, 712, 719, 745, 748, 763, 792, 864, 890, 893, 963, 982, 986, 1018]
