[*] Computing DDT
[+] DDT Computed
DDT took 20.944662ms
Iter#1 New set #1 of size 23 (1.0 its/hit = 0.000s/hit): seed=5770901828106697339 [126, 163, 167, 194, 275, 348, 385, 409, 440, 461, 468, 471, 487, 534, 549, 551, 558, 613, 619, 824, 891, 921, 1016]
Iter#3 New set #1 of size 25 (3.0 its/hit = 0.000s/hit): seed=13474733130650880913 [3, 8, 112, 140, 207, 233, 270, 271, 284, 314, 506, 514, 541, 553, 567, 617, 629, 650, 652, 828, 839, 848, 887, 951, 966]
Iter#14 New set #2 of size 25 (7.0 its/hit = 0.000s/hit): seed=11596091051543649401 [44, 101, 131, 160, 210, 212, 215, 277, 279, 285, 300, 356, 360, 391, 402, 450, 546, 618, 687, 752, 810, 900, 936, 982, 1022]
Iter#18 New set #3 of size 25 (6.0 its/hit = 0.000s/hit): seed=9180265355166946140 [87, 159, 209, 251, 277, 298, 314, 318, 545, 552, 575, 598, 604, 662, 663, 677, 727, 743, 775, 800, 814, 850, 856, 859, 891]
Iter#27 New set #4 of size 25 (6.8 its/hit = 0.000s/hit): seed=17778593727486845988 [2, 12, 53, 83, 102, 126, 128, 200, 225, 276, 333, 336, 465, 493, 645, 671, 755, 795, 824, 829, 867, 872, 936, 952, 990]
Iter#50 New set #5 of size 25 (10.0 its/hit = 0.000s/hit): seed=13567257496869673252 [35, 124, 135, 136, 211, 267, 308, 477, 508, 513, 515, 545, 566, 724, 740, 745, 770, 773, 829, 906, 924, 944, 998, 1004, 1011]
Iter#51 New set #6 of size 25 (8.5 its/hit = 0.000s/hit): seed=5597429782442802723 [54, 100, 101, 102, 309, 341, 365, 449, 484, 547, 548, 561, 580, 588, 615, 658, 671, 770, 794, 854, 892, 906, 910, 946, 1020]
Iter#76 New set #7 of size 25 (10.9 its/hit = 0.000s/hit): seed=13286987710825206312 [11, 15, 30, 53, 73, 90, 112, 151, 225, 336, 451, 500, 583, 604, 666, 685, 706, 707, 747, 754, 874, 884, 901, 906, 981]
Iter#122 New set #8 of size 25 (15.2 its/hit = 0.000s/hit): seed=3467464327926889657 [13, 22, 39, 40, 58, 94, 131, 168, 261, 321, 371, 450, 470, 471, 491, 517, 579, 592, 666, 680, 692, 696, 712, 806, 1009]
Iter#147 New set #9 of size 25 (16.3 its/hit = 0.000s/hit): seed=8261418339876024225 [44, 231, 312, 316, 334, 402, 460, 487, 495, 552, 553, 570, 662, 687, 698, 708, 810, 836, 889, 890, 898, 911, 968, 973, 994]
Iter#156 New set #10 of size 25 (15.6 its/hit = 0.000s/hit): seed=6065274902889431429 [35, 96, 104, 249, 329, 379, 407, 422, 515, 555, 562, 576, 592, 596, 624, 636, 643, 677, 720, 771, 784, 933, 940, 947, 991]
Iter#246 New set #1 of size 28 (246.0 its/hit = 0.000s/hit): seed=4989754158507488410 [22, 36, 155, 198, 217, 225, 248, 263, 424, 451, 522, 537, 552, 556, 674, 684, 708, 716, 729, 769, 849, 885, 906, 943, 973, 985, 992, 1023]
Iter#535 New set #2 of size 28 (267.5 its/hit = 0.000s/hit): seed=5031770917989568821 [26, 92, 103, 144, 163, 202, 209, 235, 284, 392, 395, 422, 522, 528, 534, 552, 566, 628, 649, 716, 809, 817, 831, 864, 941, 948, 963, 997]
Iter#1040 New set #3 of size 28 (346.7 its/hit = 0.000s/hit): seed=18439471012847971966 [53, 54, 65, 161, 202, 203, 261, 284, 305, 311, 312, 326, 332, 368, 406, 425, 444, 467, 578, 594, 597, 765, 771, 785, 789, 883, 960, 995]
Iter#1043 New set #4 of size 28 (260.8 its/hit = 0.000s/hit): seed=3867189991427853438 [2, 8, 44, 50, 133, 139, 142, 273, 290, 298, 304, 327, 338, 399, 416, 427, 451, 467, 621, 669, 758, 772, 797, 841, 906, 994, 1009, 1011]
Iter#1480 New set #5 of size 28 (296.0 its/hit = 0.000s/hit): seed=9107936244022630835 [16, 68, 171, 213, 233, 296, 298, 306, 326, 335, 344, 367, 392, 405, 420, 427, 440, 472, 519, 567, 665, 714, 716, 829, 837, 875, 992, 995]
Iter#2417 New set #6 of size 28 (402.8 its/hit = 0.000s/hit): seed=6749381228046952349 [60, 89, 125, 140, 177, 227, 247, 324, 346, 353, 380, 415, 470, 485, 521, 584, 588, 598, 698, 736, 740, 798, 801, 893, 901, 910, 990, 1004]
Iter#3762 New set #7 of size 28 (537.4 its/hit = 0.000s/hit): seed=2889388548303649408 [2, 3, 20, 83, 115, 141, 167, 190, 193, 261, 348, 366, 380, 408, 430, 471, 473, 498, 515, 596, 630, 658, 763, 904, 915, 922, 961, 1001]
Iter#4418 New set #8 of size 28 (552.2 its/hit = 0.000s/hit): seed=13311375408046108242 [73, 100, 145, 179, 213, 227, 237, 252, 279, 373, 377, 380, 385, 391, 522, 562, 580, 592, 607, 623, 774, 798, 799, 810, 835, 873, 936, 1018]
Iter#5340 New set #9 of size 28 (593.3 its/hit = 0.000s/hit): seed=6555866098311603508 [8, 42, 122, 124, 171, 216, 240, 365, 418, 476, 539, 577, 579, 605, 614, 672, 681, 682, 698, 701, 759, 772, 789, 824, 848, 874, 892, 938]
Iter#5598 New set #10 of size 28 (559.8 its/hit = 0.000s/hit): seed=328490226489313834 [10, 11, 32, 33, 113, 150, 165, 190, 206, 244, 355, 359, 403, 442, 558, 585, 676, 704, 741, 753, 782, 791, 822, 865, 875, 896, 934, 1023]
Iter#15497 New set #20 of size 28 (774.8 its/hit = 0.000s/hit): seed=15341286884018044182 [36, 86, 109, 171, 187, 203, 228, 230, 255, 305, 316, 342, 391, 423, 436, 502, 593, 598, 626, 710, 712, 807, 868, 874, 881, 889, 941, 1015]
Iter#19219 New set #30 of size 28 (640.6 its/hit = 0.000s/hit): seed=18444356176727979782 [11, 69, 124, 178, 189, 194, 196, 200, 268, 311, 354, 379, 519, 588, 657, 673, 684, 696, 733, 739, 763, 766, 810, 834, 874, 952, 960, 1023]
Iter#26565 New set #40 of size 28 (664.1 its/hit = 0.000s/hit): seed=11313190189308233693 [43, 95, 149, 204, 211, 245, 280, 311, 372, 415, 426, 444, 445, 504, 586, 609, 643, 681, 699, 734, 787, 791, 852, 858, 870, 913, 1016, 1021]
Iter#31705 New set #50 of size 28 (634.1 its/hit = 0.000s/hit): seed=4560386727149639641 [57, 173, 174, 178, 182, 201, 208, 211, 322, 329, 402, 405, 514, 576, 629, 657, 671, 701, 769, 800, 812, 837, 877, 887, 904, 920, 983, 1001]
Iter#37200 New set #60 of size 28 (620.0 its/hit = 0.000s/hit): seed=11520532609078056093 [0, 2, 65, 101, 111, 176, 179, 190, 192, 200, 273, 289, 304, 353, 363, 364, 394, 437, 484, 488, 683, 765, 774, 831, 895, 924, 968, 1005]
Iter#42726 New set #70 of size 28 (610.4 its/hit = 0.014s/hit): seed=16292232230867172169 [40, 75, 128, 138, 172, 249, 335, 395, 408, 416, 454, 455, 483, 484, 544, 557, 587, 609, 674, 748, 793, 816, 888, 994, 998, 1010, 1015, 1023]
Iter#48083 New set #80 of size 28 (601.0 its/hit = 0.013s/hit): seed=684621499698631691 [60, 97, 98, 107, 113, 118, 136, 138, 150, 173, 208, 353, 411, 417, 439, 463, 478, 499, 531, 571, 608, 689, 695, 707, 737, 791, 873, 934]
Iter#54097 New set #90 of size 28 (601.1 its/hit = 0.011s/hit): seed=4258606984573984422 [51, 155, 212, 226, 248, 281, 302, 313, 363, 370, 373, 381, 440, 471, 473, 482, 513, 625, 629, 679, 726, 801, 823, 871, 921, 929, 969, 985]
Iter#57153 New set #100 of size 28 (571.5 its/hit = 0.010s/hit): seed=18212603175658032183 [22, 29, 75, 86, 126, 136, 157, 164, 207, 237, 326, 345, 392, 394, 434, 485, 499, 508, 546, 645, 649, 730, 733, 762, 798, 891, 932, 940]
Iter#125413 New set #200 of size 28 (627.1 its/hit = 0.010s/hit): seed=3577310782492716348 [6, 153, 164, 175, 182, 193, 243, 257, 358, 397, 444, 451, 554, 697, 716, 730, 754, 769, 784, 786, 790, 832, 858, 927, 952, 988, 1002, 1004]
Iter#180249 New set #300 of size 28 (600.8 its/hit = 0.013s/hit): seed=9116897778242653251 [56, 135, 163, 212, 225, 227, 247, 299, 322, 332, 401, 500, 587, 589, 652, 681, 691, 747, 767, 791, 797, 807, 814, 837, 845, 942, 951, 1003]
Iter#238946 New set #400 of size 28 (597.4 its/hit = 0.013s/hit): seed=3127331645711985987 [56, 97, 127, 137, 166, 175, 242, 244, 341, 444, 468, 485, 521, 565, 576, 595, 611, 625, 686, 697, 713, 714, 793, 800, 802, 820, 934, 984]
Iter#294902 New set #500 of size 28 (589.8 its/hit = 0.014s/hit): seed=648819600857141447 [29, 51, 122, 199, 215, 292, 298, 322, 336, 342, 363, 446, 593, 624, 625, 635, 701, 791, 799, 806, 842, 853, 862, 894, 916, 935, 944, 991]
Iter#349868 New set #600 of size 28 (583.1 its/hit = 0.013s/hit): seed=4397458353714899073 [24, 41, 56, 191, 219, 272, 278, 314, 326, 331, 383, 397, 535, 560, 578, 579, 675, 678, 682, 690, 697, 849, 888, 890, 902, 908, 957, 968]
Iter#409069 New set #700 of size 28 (584.4 its/hit = 0.013s/hit): seed=385513134684827095 [32, 70, 82, 85, 151, 207, 433, 445, 472, 507, 555, 590, 591, 602, 612, 613, 622, 652, 702, 709, 824, 833, 844, 865, 890, 947, 956, 991]
Iter#471160 New set #800 of size 28 (589.0 its/hit = 0.014s/hit): seed=6056565735591404013 [13, 79, 101, 133, 147, 149, 181, 184, 326, 327, 382, 395, 410, 431, 442, 501, 517, 628, 656, 663, 665, 674, 769, 770, 782, 784, 794, 877]
Iter#529803 New set #900 of size 28 (588.7 its/hit = 0.013s/hit): seed=923872755654874639 [42, 95, 119, 159, 184, 192, 208, 224, 336, 425, 435, 437, 570, 601, 602, 621, 628, 645, 789, 796, 814, 848, 860, 908, 916, 941, 992, 1009]
Iter#580278 New set #1000 of size 28 (580.3 its/hit = 0.013s/hit): seed=13668149120297277479 [12, 30, 60, 61, 76, 98, 101, 138, 154, 158, 182, 201, 207, 225, 286, 308, 339, 451, 478, 488, 591, 625, 636, 657, 702, 725, 846, 1021]
Iter#1180822 New set #2000 of size 28 (590.4 its/hit = 0.014s/hit): seed=2461213260662479099 [82, 134, 148, 218, 227, 270, 289, 327, 347, 352, 361, 396, 426, 444, 448, 485, 534, 545, 559, 615, 712, 737, 740, 785, 797, 844, 899, 909]
Iter#1806450 New set #3000 of size 28 (602.2 its/hit = 0.014s/hit): seed=15124032044414624653 [99, 119, 124, 138, 141, 189, 223, 244, 316, 417, 467, 482, 512, 605, 652, 655, 669, 673, 677, 708, 792, 826, 838, 839, 900, 1002, 1004, 1015]
Iter#2412480 New set #4000 of size 28 (603.1 its/hit = 0.014s/hit): seed=13668115549510239322 [22, 105, 182, 235, 240, 248, 385, 388, 428, 486, 513, 532, 551, 594, 596, 641, 680, 686, 722, 729, 769, 804, 824, 844, 884, 943, 959, 1000]
Iter#3043625 New set #5000 of size 28 (608.7 its/hit = 0.014s/hit): seed=2921217970203714524 [19, 40, 95, 229, 302, 311, 336, 337, 384, 405, 417, 435, 457, 458, 481, 507, 519, 522, 525, 539, 551, 602, 701, 757, 768, 783, 795, 957]
Iter#3629795 New set #6000 of size 28 (605.0 its/hit = 0.014s/hit): seed=7082832009773327812 [14, 122, 130, 157, 164, 196, 293, 329, 358, 425, 462, 492, 493, 507, 539, 560, 655, 722, 746, 760, 773, 779, 823, 834, 838, 937, 940, 960]
Iter#4266225 New set #7000 of size 28 (609.5 its/hit = 0.014s/hit): seed=13497893027081873203 [20, 27, 60, 86, 102, 112, 115, 190, 259, 269, 284, 394, 403, 501, 549, 556, 562, 570, 594, 612, 822, 866, 872, 874, 905, 908, 987, 1023]
Iter#4907223 New set #8000 of size 28 (613.4 its/hit = 0.014s/hit): seed=2711431063425903349 [9, 51, 86, 171, 185, 269, 339, 366, 377, 395, 398, 484, 562, 581, 622, 725, 728, 729, 760, 787, 828, 842, 892, 913, 922, 981, 991, 1019]
Iter#5553493 New set #9000 of size 28 (617.1 its/hit = 0.014s/hit): seed=7213102110465185753 [5, 46, 82, 152, 196, 197, 213, 217, 232, 237, 272, 330, 372, 377, 408, 466, 567, 584, 594, 610, 648, 693, 699, 706, 833, 868, 891, 929]
Iter#6182855 New set #10000 of size 28 (618.3 its/hit = 0.015s/hit): seed=12320998866188664265 [8, 47, 119, 162, 198, 272, 302, 326, 385, 419, 450, 470, 473, 482, 494, 497, 532, 542, 703, 726, 747, 751, 759, 795, 814, 896, 898, 1017]
Iter#12432720 New set #20000 of size 28 (621.6 its/hit = 0.015s/hit): seed=17222454738746694164 [0, 13, 19, 43, 61, 110, 111, 114, 126, 211, 243, 274, 341, 436, 444, 491, 563, 572, 665, 688, 691, 724, 733, 828, 836, 876, 935, 942]
Iter#18735987 New set #30000 of size 28 (624.5 its/hit = 0.015s/hit): seed=3240761882099283269 [0, 4, 64, 143, 224, 236, 265, 294, 310, 313, 403, 420, 442, 447, 497, 504, 537, 559, 602, 611, 646, 680, 694, 716, 724, 754, 783, 942]
Iter#24982056 New set #40000 of size 28 (624.6 its/hit = 0.015s/hit): seed=7157647150385528303 [14, 100, 113, 164, 209, 210, 268, 368, 390, 478, 529, 544, 553, 564, 582, 595, 635, 651, 734, 745, 783, 882, 922, 954, 964, 970, 982, 995]
Iter#31179359 New set #50000 of size 28 (623.6 its/hit = 0.015s/hit): seed=9487271519846633785 [3, 9, 22, 72, 99, 138, 175, 182, 187, 225, 390, 425, 428, 443, 447, 470, 533, 585, 593, 601, 609, 701, 718, 719, 769, 777, 925, 947]
Iter#37429650 New set #60000 of size 28 (623.8 its/hit = 0.015s/hit): seed=15441001997316736743 [5, 21, 77, 79, 81, 105, 163, 271, 306, 416, 470, 487, 489, 511, 607, 617, 666, 682, 767, 777, 789, 863, 877, 903, 916, 998, 1004, 1021]
Iter#43532418 New set #70000 of size 28 (621.9 its/hit = 0.015s/hit): seed=7558103348635850583 [157, 162, 188, 219, 262, 408, 418, 428, 441, 464, 498, 509, 526, 542, 583, 619, 651, 662, 693, 703, 729, 734, 787, 809, 861, 903, 911, 1005]
Iter#49771264 New set #80000 of size 28 (622.1 its/hit = 0.015s/hit): seed=2186207143692347525 [6, 83, 86, 106, 117, 118, 133, 157, 178, 236, 279, 358, 463, 477, 571, 583, 596, 651, 662, 670, 709, 758, 771, 772, 810, 900, 916, 1002]
Iter#55990636 New set #90000 of size 28 (622.1 its/hit = 0.015s/hit): seed=16025854547908720161 [28, 44, 89, 145, 202, 235, 246, 308, 378, 381, 395, 440, 567, 709, 742, 769, 770, 822, 849, 853, 898, 943, 977, 995, 1006, 1017, 1021, 1023]
Iter#62245163 New set #100000 of size 28 (622.5 its/hit = 0.015s/hit): seed=7706129900194543273 [92, 102, 130, 148, 151, 233, 234, 246, 334, 339, 394, 423, 447, 508, 517, 579, 672, 693, 702, 720, 788, 820, 862, 878, 910, 941, 972, 1023]
Iter#124296310 New set #200000 of size 28 (621.5 its/hit = 0.015s/hit): seed=5384279483088094133 [260, 300, 337, 408, 428, 433, 437, 486, 533, 566, 623, 630, 664, 671, 677, 678, 698, 704, 718, 730, 792, 844, 877, 925, 946, 953, 955, 1003]
