[*] Computing DDT
[+] DDT Computed
DDT took 21.239511ms
Iter#1 New set #1 of size 23 (1.0 its/hit = 0.000s/hit): seed=13389588149311065637 [93, 97, 161, 168, 242, 271, 296, 327, 328, 393, 416, 437, 452, 618, 634, 664, 701, 755, 813, 827, 977, 991, 1020]
Iter#2 New set #1 of size 24 (2.0 its/hit = 0.000s/hit): seed=6131276648036493084 [70, 165, 337, 347, 375, 428, 484, 486, 490, 544, 564, 565, 576, 626, 718, 745, 762, 806, 814, 920, 924, 945, 975, 990]
Iter#3 New set #2 of size 24 (1.5 its/hit = 0.000s/hit): seed=8571130690836180759 [45, 47, 77, 171, 253, 387, 416, 427, 493, 527, 578, 626, 672, 677, 731, 789, 808, 884, 911, 936, 943, 974, 994, 1005]
Iter#5 New set #1 of size 26 (5.0 its/hit = 0.000s/hit): seed=7188563830496481638 [13, 39, 42, 104, 144, 151, 197, 307, 437, 471, 477, 549, 567, 656, 696, 701, 725, 774, 776, 779, 801, 812, 844, 864, 871, 1009]
Iter#22 New set #2 of size 26 (11.0 its/hit = 0.000s/hit): seed=14403533392807897813 [61, 86, 113, 157, 216, 378, 452, 465, 487, 503, 508, 523, 531, 654, 659, 666, 733, 747, 755, 756, 803, 864, 869, 873, 995, 1012]
Iter#30 New set #1 of size 27 (30.0 its/hit = 0.000s/hit): seed=3044189158702659792 [29, 61, 120, 167, 182, 223, 283, 294, 327, 417, 464, 516, 590, 667, 678, 683, 754, 769, 798, 889, 896, 910, 934, 957, 960, 964, 990]
Iter#33 New set #2 of size 27 (16.5 its/hit = 0.000s/hit): seed=12710268081675755291 [26, 36, 61, 74, 186, 219, 240, 302, 363, 484, 518, 593, 616, 630, 667, 676, 719, 723, 788, 789, 862, 884, 922, 942, 996, 1016, 1018]
Iter#51 New set #3 of size 27 (17.0 its/hit = 0.000s/hit): seed=1290779296758273412 [4, 108, 127, 192, 196, 352, 384, 385, 441, 492, 507, 525, 558, 576, 580, 609, 640, 643, 644, 668, 770, 787, 909, 919, 993, 1008, 1020]
Iter#169 New set #4 of size 27 (42.2 its/hit = 0.000s/hit): seed=13834413847152675442 [72, 80, 175, 238, 255, 272, 296, 297, 300, 454, 488, 528, 541, 562, 589, 618, 644, 663, 690, 738, 744, 787, 834, 895, 919, 940, 1009]
Iter#270 New set #5 of size 27 (54.0 its/hit = 0.000s/hit): seed=3339012585085080428 [73, 128, 319, 336, 342, 374, 439, 451, 461, 464, 522, 549, 573, 617, 620, 649, 745, 769, 794, 800, 825, 851, 871, 903, 953, 972, 1002]
Iter#366 New set #6 of size 27 (61.0 its/hit = 0.000s/hit): seed=11485553416285553794 [9, 34, 101, 144, 178, 274, 276, 292, 304, 308, 321, 386, 416, 432, 467, 490, 495, 541, 623, 633, 662, 712, 755, 781, 942, 946, 983]
Iter#427 New set #7 of size 27 (61.0 its/hit = 0.000s/hit): seed=631861272373433973 [36, 64, 180, 244, 255, 262, 286, 394, 481, 519, 526, 536, 597, 600, 623, 639, 656, 658, 684, 713, 748, 859, 881, 899, 910, 915, 969]
Iter#440 New set #8 of size 27 (55.0 its/hit = 0.000s/hit): seed=6599774596358937633 [68, 84, 101, 120, 165, 167, 223, 241, 250, 344, 347, 385, 421, 440, 530, 544, 582, 590, 629, 664, 695, 739, 769, 774, 889, 934, 990]
Iter#695 New set #9 of size 27 (77.2 its/hit = 0.000s/hit): seed=12972268942760252364 [23, 64, 66, 74, 85, 88, 133, 248, 297, 318, 334, 363, 380, 392, 456, 504, 532, 541, 645, 681, 709, 712, 750, 781, 818, 845, 885]
Iter#773 New set #10 of size 27 (77.3 its/hit = 0.000s/hit): seed=11483465649128338417 [28, 45, 77, 95, 96, 133, 164, 223, 279, 281, 289, 360, 382, 388, 423, 488, 514, 605, 650, 668, 671, 690, 722, 767, 803, 892, 1023]
Iter#1336 New set #1 of size 28 (1336.0 its/hit = 0.000s/hit): seed=4373130626790441507 [0, 100, 148, 179, 230, 304, 314, 326, 444, 491, 535, 553, 578, 591, 702, 705, 731, 770, 772, 793, 802, 810, 813, 862, 913, 952, 957, 985]
Iter#3434 New set #2 of size 28 (1717.0 its/hit = 0.000s/hit): seed=15003158907636159351 [0, 106, 108, 121, 171, 195, 203, 210, 281, 304, 366, 458, 533, 543, 553, 559, 560, 629, 636, 649, 741, 755, 793, 869, 872, 891, 931, 997]
Iter#4411 New set #3 of size 28 (1470.3 its/hit = 0.000s/hit): seed=10753255714809013207 [0, 11, 31, 36, 93, 113, 155, 188, 276, 293, 300, 302, 369, 391, 394, 419, 455, 507, 536, 570, 676, 698, 806, 825, 861, 942, 966, 1021]
Iter#4447 New set #1 of size 34 (4447.0 its/hit = 0.000s/hit): seed=9647317727719141684 [0, 75, 108, 109, 222, 313, 320, 332, 351, 385, 407, 409, 415, 440, 512, 530, 595, 618, 649, 660, 675, 687, 696, 718, 741, 771, 822, 827, 844, 851, 880, 938, 972, 1016]
Iter#11906 New set #2 of size 34 (5953.0 its/hit = 0.000s/hit): seed=3652961865098494085 [0, 12, 44, 122, 146, 175, 176, 192, 213, 215, 220, 239, 244, 251, 265, 287, 350, 406, 426, 469, 500, 504, 548, 551, 589, 640, 653, 693, 703, 715, 809, 860, 927, 1004]
Iter#12452 New set #3 of size 34 (4150.7 its/hit = 0.000s/hit): seed=5373610176989212549 [0, 103, 111, 151, 167, 286, 298, 317, 321, 397, 408, 412, 456, 483, 557, 562, 634, 635, 645, 659, 664, 677, 682, 710, 759, 797, 921, 935, 945, 947, 948, 960, 978, 1019]
Iter#15411 New set #4 of size 34 (3852.8 its/hit = 0.000s/hit): seed=14244904018944389159 [0, 17, 34, 83, 91, 100, 128, 164, 165, 211, 222, 340, 345, 351, 361, 379, 382, 385, 395, 407, 456, 464, 475, 496, 635, 650, 660, 667, 708, 771, 941, 947, 957, 985]
Iter#18860 New set #5 of size 34 (3772.0 its/hit = 0.000s/hit): seed=5684397252870926022 [0, 36, 57, 74, 141, 192, 196, 257, 274, 305, 324, 358, 391, 396, 419, 442, 515, 532, 549, 555, 576, 580, 589, 653, 716, 737, 757, 784, 818, 845, 848, 850, 858, 1022]
Iter#20219 New set #6 of size 34 (3369.8 its/hit = 0.000s/hit): seed=318810332627579587 [0, 58, 79, 92, 156, 184, 223, 224, 244, 262, 332, 346, 350, 366, 372, 426, 427, 453, 512, 524, 533, 620, 651, 689, 692, 791, 834, 844, 891, 907, 919, 930, 937, 984]
Iter#20569 New set #7 of size 34 (2938.4 its/hit = 0.000s/hit): seed=8265722112153971584 [0, 38, 52, 94, 109, 152, 154, 230, 268, 307, 338, 359, 410, 467, 482, 501, 513, 592, 599, 675, 718, 721, 787, 803, 807, 843, 862, 868, 870, 887, 946, 952, 955, 1005]
Iter#43914 New set #8 of size 34 (5489.2 its/hit = 0.125s/hit): seed=1754695857126756089 [0, 5, 9, 19, 63, 69, 130, 135, 190, 313, 318, 322, 367, 371, 378, 437, 521, 566, 574, 590, 618, 632, 665, 699, 717, 732, 734, 750, 752, 849, 851, 901, 940, 973]
Iter#47260 New set #9 of size 34 (5251.1 its/hit = 0.111s/hit): seed=1092654979846735820 [0, 11, 90, 147, 148, 167, 176, 180, 182, 293, 298, 302, 325, 397, 406, 416, 436, 506, 525, 575, 591, 594, 670, 703, 731, 790, 809, 832, 860, 890, 928, 998, 1004, 1012]
Iter#48332 New set #10 of size 34 (4833.2 its/hit = 0.100s/hit): seed=15560112799842988372 [0, 40, 55, 64, 87, 110, 127, 166, 190, 191, 216, 256, 322, 381, 421, 422, 433, 455, 542, 570, 590, 606, 613, 691, 720, 730, 733, 750, 752, 857, 865, 878, 940, 1021]
Iter#97837 New set #20 of size 34 (4891.9 its/hit = 0.100s/hit): seed=13471486821523155569 [0, 37, 136, 161, 184, 230, 235, 267, 320, 334, 364, 367, 375, 387, 392, 429, 470, 494, 524, 574, 579, 582, 596, 615, 652, 692, 696, 794, 815, 849, 862, 936, 952, 1016]
Iter#167389 New set #30 of size 34 (5579.6 its/hit = 0.200s/hit): seed=13105427030181512771 [0, 91, 112, 163, 177, 179, 182, 200, 235, 289, 386, 395, 403, 417, 437, 464, 465, 492, 528, 568, 615, 632, 652, 789, 790, 802, 886, 913, 928, 939, 967, 973, 989, 1020]
Iter#200576 New set #40 of size 34 (5014.4 its/hit = 0.200s/hit): seed=3882096523109918151 [0, 103, 111, 151, 167, 286, 298, 317, 321, 397, 408, 412, 456, 483, 557, 562, 634, 635, 645, 659, 664, 677, 682, 710, 759, 797, 921, 935, 945, 947, 948, 960, 978, 1019]
Iter#240894 New set #50 of size 34 (4817.9 its/hit = 0.200s/hit): seed=6008292560159676275 [0, 5, 29, 69, 71, 80, 89, 116, 130, 135, 174, 236, 254, 269, 324, 377, 388, 411, 477, 480, 516, 532, 602, 648, 665, 694, 719, 732, 763, 848, 864, 879, 882, 996]
Iter#294145 New set #60 of size 34 (4902.4 its/hit = 0.217s/hit): seed=16996228877497071452 [0, 28, 50, 116, 123, 132, 142, 158, 163, 232, 255, 269, 289, 307, 311, 377, 383, 386, 490, 497, 538, 599, 746, 754, 767, 768, 833, 836, 856, 868, 968, 987, 991, 1001]
Iter#350179 New set #70 of size 34 (5002.6 its/hit = 0.229s/hit): seed=15113515671097981158 [0, 29, 46, 78, 92, 112, 122, 131, 166, 173, 175, 183, 186, 213, 256, 262, 310, 346, 417, 422, 465, 492, 528, 600, 725, 738, 829, 879, 882, 906, 956, 995, 1010, 1020]
Iter#388001 New set #80 of size 34 (4850.0 its/hit = 0.237s/hit): seed=13868626761963690283 [0, 18, 37, 96, 98, 137, 162, 179, 198, 221, 266, 288, 290, 358, 392, 409, 424, 425, 429, 511, 555, 625, 687, 695, 742, 756, 785, 802, 805, 822, 839, 845, 881, 913]
Iter#416508 New set #90 of size 34 (4627.9 its/hit = 0.222s/hit): seed=10851268035864926362 [0, 75, 111, 150, 187, 201, 216, 218, 287, 297, 305, 327, 381, 421, 444, 499, 515, 537, 617, 626, 640, 655, 664, 702, 713, 759, 770, 814, 818, 827, 830, 880, 927, 1015]
Iter#441004 New set #100 of size 34 (4410.0 its/hit = 0.220s/hit): seed=7646729473995772659 [0, 69, 111, 116, 119, 158, 183, 184, 263, 269, 312, 368, 377, 446, 448, 488, 524, 577, 664, 665, 692, 700, 732, 744, 747, 759, 811, 829, 833, 852, 854, 889, 906, 991]
Iter#1046883 New set #200 of size 34 (5234.4 its/hit = 0.265s/hit): seed=18072320073683606233 [0, 11, 12, 40, 72, 76, 87, 109, 127, 152, 278, 281, 283, 293, 302, 415, 500, 504, 552, 595, 636, 675, 718, 748, 782, 803, 819, 838, 869, 934, 955, 972, 1002, 1018]
Iter#1588768 New set #300 of size 34 (5295.9 its/hit = 0.237s/hit): seed=18122142976251470574 [0, 14, 153, 156, 177, 207, 241, 274, 296, 403, 405, 418, 428, 456, 473, 484, 568, 576, 635, 684, 706, 777, 779, 791, 840, 850, 855, 886, 907, 912, 939, 947, 964, 967]
Iter#2049135 New set #400 of size 34 (5122.8 its/hit = 0.213s/hit): seed=15542916997806588618 [0, 58, 102, 149, 164, 227, 229, 313, 340, 361, 463, 488, 494, 496, 582, 612, 618, 651, 685, 689, 700, 708, 753, 800, 831, 851, 852, 866, 909, 936, 941, 965, 988, 1003]
Iter#2450603 New set #500 of size 34 (4901.2 its/hit = 0.196s/hit): seed=11834438498659238532 [0, 6, 13, 46, 63, 70, 91, 131, 151, 173, 205, 250, 252, 331, 395, 408, 457, 464, 466, 479, 521, 562, 566, 593, 645, 674, 677, 726, 740, 797, 863, 914, 920, 925]
Iter#2967815 New set #600 of size 34 (4946.4 its/hit = 0.190s/hit): seed=17187458467633526685 [0, 11, 92, 102, 147, 181, 185, 221, 262, 290, 293, 302, 346, 355, 356, 362, 494, 511, 525, 550, 582, 639, 670, 671, 681, 697, 795, 875, 909, 936, 970, 979, 990, 1003]
Iter#3390157 New set #700 of size 34 (4843.1 its/hit = 0.191s/hit): seed=5388247032616219270 [0, 41, 85, 122, 124, 153, 175, 177, 200, 213, 234, 247, 291, 360, 441, 463, 468, 481, 558, 569, 588, 678, 685, 751, 777, 789, 866, 886, 896, 903, 912, 967, 975, 989]
Iter#3884079 New set #800 of size 34 (4855.1 its/hit = 0.202s/hit): seed=4340350948788190190 [0, 16, 32, 66, 72, 145, 203, 204, 271, 278, 303, 320, 357, 462, 522, 584, 597, 601, 647, 672, 688, 696, 712, 748, 782, 816, 838, 841, 872, 885, 931, 953, 1016, 1018]
Iter#4424450 New set #900 of size 34 (4916.1 its/hit = 0.202s/hit): seed=6847651614380058824 [0, 37, 136, 161, 184, 230, 235, 267, 320, 334, 364, 367, 375, 387, 392, 429, 470, 494, 524, 574, 579, 582, 596, 615, 652, 692, 696, 794, 815, 849, 862, 936, 952, 1016]
Iter#4909077 New set #1000 of size 34 (4909.1 its/hit = 0.213s/hit): seed=13132362905242436617 [0, 25, 45, 112, 114, 147, 152, 180, 208, 244, 245, 253, 335, 350, 373, 384, 389, 403, 417, 426, 465, 503, 525, 568, 638, 670, 803, 817, 832, 939, 955, 963, 986, 1012]
