[*] Computing DDT
[+] DDT Computed
DDT took 79.709076ms
Iter#1 New set #1 of size 23 (1.0 its/hit = 0.000s/hit): seed=10841134927053099315 [1, 302, 461, 670, 707, 843, 1029, 1160, 1215, 1476, 1554, 1594, 1648, 1702, 1776, 1781, 1805, 1809, 1814, 1815, 1869, 1936, 2045]
Iter#2 New set #2 of size 23 (1.0 its/hit = 0.000s/hit): seed=264333367364474110 [161, 195, 284, 366, 462, 477, 603, 926, 1215, 1265, 1348, 1403, 1415, 1440, 1462, 1514, 1593, 1668, 1778, 1807, 1858, 1983, 1985]
Iter#3 New set #1 of size 24 (3.0 its/hit = 0.000s/hit): seed=123067549879262824 [21, 51, 80, 174, 199, 213, 450, 453, 733, 764, 815, 914, 999, 1049, 1093, 1213, 1238, 1274, 1310, 1442, 1468, 1826, 1946, 2002]
Iter#10 New set #2 of size 24 (5.0 its/hit = 0.000s/hit): seed=17140138457951968065 [223, 379, 456, 490, 640, 670, 703, 739, 947, 1157, 1182, 1198, 1227, 1228, 1328, 1375, 1464, 1482, 1537, 1649, 1694, 1865, 1927, 1954]
Iter#20 New set #1 of size 25 (20.0 its/hit = 0.000s/hit): seed=8094255640505718229 [135, 236, 243, 332, 437, 479, 482, 570, 618, 801, 967, 1137, 1241, 1348, 1388, 1527, 1577, 1591, 1688, 1769, 1843, 1896, 1950, 2025, 2033]
Iter#35 New set #2 of size 25 (17.5 its/hit = 0.000s/hit): seed=2401033032384838879 [86, 314, 316, 412, 418, 439, 462, 482, 513, 590, 692, 733, 810, 893, 901, 934, 996, 1049, 1236, 1358, 1369, 1393, 1622, 1812, 2020]
Iter#44 New set #3 of size 25 (14.7 its/hit = 0.000s/hit): seed=14240797906279632455 [114, 231, 266, 330, 333, 399, 425, 444, 476, 594, 686, 823, 830, 872, 884, 985, 1039, 1085, 1240, 1268, 1494, 1593, 1889, 1927, 2012]
Iter#108 New set #4 of size 25 (27.0 its/hit = 0.000s/hit): seed=138977715605943942 [27, 201, 208, 400, 405, 432, 474, 513, 549, 627, 725, 1151, 1234, 1356, 1362, 1435, 1446, 1494, 1665, 1676, 1768, 1778, 1796, 1958, 2045]
Iter#185 New set #5 of size 25 (37.0 its/hit = 0.000s/hit): seed=12036740379306634488 [200, 241, 336, 392, 424, 441, 577, 587, 616, 766, 913, 934, 1163, 1271, 1413, 1418, 1453, 1478, 1488, 1568, 1569, 1791, 1814, 1937, 1949]
Iter#191 New set #1 of size 26 (191.0 its/hit = 0.000s/hit): seed=17747469832881189416 [52, 102, 203, 313, 485, 492, 513, 583, 619, 628, 629, 643, 732, 839, 958, 1074, 1090, 1150, 1173, 1246, 1317, 1515, 1592, 1767, 1831, 1886]
Iter#506 New set #1 of size 27 (506.0 its/hit = 0.000s/hit): seed=14452302190792961192 [44, 62, 65, 138, 140, 143, 167, 168, 311, 330, 588, 613, 663, 669, 713, 793, 835, 985, 996, 1412, 1518, 1524, 1547, 1640, 1694, 1767, 1983]
Iter#589 New set #2 of size 27 (294.5 its/hit = 0.000s/hit): seed=7235485487017191463 [93, 161, 289, 295, 451, 678, 732, 819, 850, 866, 918, 931, 1086, 1106, 1193, 1386, 1423, 1585, 1607, 1665, 1674, 1794, 1816, 1828, 1830, 1887, 1998]
Iter#764 New set #3 of size 27 (254.7 its/hit = 0.000s/hit): seed=12156494179233109101 [187, 230, 278, 355, 444, 558, 722, 780, 797, 833, 859, 910, 1124, 1171, 1617, 1645, 1675, 1723, 1761, 1818, 1836, 1885, 1939, 1985, 2021, 2028, 2030]
Iter#2431 New set #4 of size 27 (607.8 its/hit = 0.000s/hit): seed=963351090276597628 [32, 78, 156, 213, 276, 291, 325, 341, 365, 484, 684, 704, 711, 750, 755, 791, 929, 1004, 1072, 1151, 1272, 1427, 1475, 1742, 1833, 1922, 1929]
Iter#2733 New set #5 of size 27 (546.6 its/hit = 0.000s/hit): seed=9875268514208137399 [70, 221, 274, 445, 640, 646, 664, 710, 742, 810, 894, 1000, 1169, 1274, 1290, 1309, 1413, 1485, 1570, 1578, 1590, 1603, 1690, 1750, 1762, 1833, 1933]
Iter#3130 New set #6 of size 27 (521.7 its/hit = 0.000s/hit): seed=17303961261298309793 [22, 95, 177, 182, 268, 289, 352, 439, 506, 536, 557, 616, 714, 749, 886, 916, 937, 1009, 1040, 1252, 1422, 1442, 1562, 1570, 1651, 1683, 2031]
Iter#6237 New set #1 of size 29 (6237.0 its/hit = 0.000s/hit): seed=17108187732659396163 [1, 13, 138, 178, 192, 214, 351, 473, 625, 626, 852, 1008, 1050, 1078, 1105, 1309, 1311, 1450, 1520, 1720, 1745, 1773, 1788, 1794, 1813, 1860, 1940, 1974, 1980]
Iter#16577 New set #2 of size 29 (8288.5 its/hit = 0.500s/hit): seed=17867836781960070337 [71, 94, 163, 170, 262, 330, 338, 452, 583, 620, 659, 957, 970, 1122, 1148, 1224, 1354, 1367, 1420, 1491, 1576, 1669, 1696, 1806, 1819, 1894, 1993, 1997, 2036]
Iter#142556 New set #1 of size 30 (142556.0 its/hit = 15.000s/hit): seed=11940979872212209625 [109, 162, 171, 177, 200, 274, 280, 405, 449, 474, 553, 582, 668, 801, 889, 929, 1140, 1177, 1296, 1448, 1478, 1491, 1552, 1572, 1650, 1654, 1760, 1823, 1957, 2038]
Iter#285283 New set #2 of size 30 (142641.5 its/hit = 15.500s/hit): seed=13687615517180648507 [266, 381, 384, 401, 432, 522, 553, 566, 590, 616, 802, 826, 913, 985, 1029, 1033, 1082, 1135, 1157, 1218, 1303, 1352, 1445, 1477, 1550, 1577, 1721, 1841, 2024, 2030]
Iter#337439 New set #3 of size 30 (112479.7 its/hit = 12.333s/hit): seed=5774286853449487908 [73, 130, 142, 157, 246, 293, 336, 427, 432, 522, 651, 683, 719, 721, 826, 938, 1055, 1058, 1200, 1254, 1396, 1478, 1527, 1544, 1567, 1629, 1684, 1887, 1975, 2008]
Iter#417553 New set #4 of size 30 (104388.2 its/hit = 11.500s/hit): seed=353957650059554712 [54, 158, 300, 306, 345, 431, 487, 604, 689, 720, 737, 744, 772, 777, 899, 966, 1133, 1160, 1238, 1291, 1382, 1435, 1457, 1494, 1748, 1799, 1923, 1968, 1973, 2031]
Iter#468457 New set #5 of size 30 (93691.4 its/hit = 10.400s/hit): seed=14871425674233902870 [4, 42, 115, 135, 155, 247, 255, 484, 518, 767, 790, 811, 814, 856, 879, 919, 932, 1167, 1226, 1232, 1302, 1349, 1454, 1491, 1535, 1659, 1754, 1809, 1944, 2046]
Iter#529287 New set #6 of size 30 (88214.5 its/hit = 9.833s/hit): seed=15495671852403668104 [48, 72, 132, 185, 295, 479, 593, 633, 644, 661, 714, 737, 797, 872, 879, 885, 949, 959, 1026, 1057, 1152, 1180, 1643, 1665, 1674, 1700, 1809, 1846, 1928, 2040]
Iter#633866 New set #7 of size 30 (90552.3 its/hit = 10.143s/hit): seed=17244410205438454015 [24, 93, 170, 209, 321, 372, 422, 439, 517, 592, 627, 641, 677, 689, 790, 809, 830, 870, 883, 976, 1153, 1303, 1351, 1371, 1501, 1545, 1634, 1792, 1917, 2046]
Iter#634024 New set #8 of size 30 (79253.0 its/hit = 8.875s/hit): seed=4024135785056408833 [30, 135, 149, 324, 333, 335, 366, 458, 497, 579, 711, 801, 827, 873, 893, 898, 908, 957, 1002, 1119, 1230, 1239, 1312, 1347, 1359, 1466, 1617, 1655, 1758, 2046]
Iter#701644 New set #9 of size 30 (77960.4 its/hit = 8.667s/hit): seed=6862165962415521384 [123, 223, 249, 364, 610, 611, 767, 787, 938, 978, 1034, 1048, 1088, 1113, 1181, 1189, 1236, 1293, 1432, 1453, 1617, 1706, 1726, 1728, 1798, 1865, 1882, 1902, 1975, 1978]
Iter#703302 New set #10 of size 30 (70330.2 its/hit = 7.900s/hit): seed=1048697631088046021 [68, 101, 138, 240, 251, 259, 363, 374, 390, 689, 752, 949, 955, 1013, 1029, 1056, 1079, 1182, 1195, 1329, 1351, 1362, 1415, 1544, 1569, 1778, 1821, 1847, 1883, 2007]
Iter#1483907 New set #20 of size 30 (74195.4 its/hit = 8.250s/hit): seed=12393129626559514715 [64, 104, 416, 493, 554, 569, 685, 689, 703, 707, 765, 843, 921, 1027, 1130, 1132, 1318, 1324, 1350, 1388, 1520, 1608, 1630, 1631, 1678, 1721, 1863, 1884, 1918, 2032]
Iter#2434287 New set #30 of size 30 (81142.9 its/hit = 9.033s/hit): seed=16005816442381585985 [98, 125, 136, 198, 326, 467, 602, 629, 632, 692, 729, 848, 866, 870, 991, 1002, 1051, 1197, 1198, 1234, 1396, 1428, 1495, 1497, 1572, 1718, 1752, 1776, 1865, 1881]
Iter#2800992 New set #40 of size 30 (70024.8 its/hit = 7.800s/hit): seed=14815949202837502928 [193, 211, 348, 370, 387, 391, 402, 440, 458, 510, 636, 740, 857, 995, 1225, 1232, 1238, 1309, 1315, 1324, 1327, 1542, 1614, 1620, 1755, 1803, 1820, 1903, 1999, 2026]
Iter#3975180 New set #50 of size 30 (79503.6 its/hit = 8.840s/hit): seed=15750805644442648845 [86, 104, 112, 133, 213, 224, 342, 392, 404, 459, 473, 591, 659, 852, 919, 955, 1058, 1060, 1100, 1128, 1294, 1389, 1390, 1492, 1503, 1766, 1771, 1838, 1850, 2014]
Iter#4296756 New set #60 of size 30 (71612.6 its/hit = 7.983s/hit): seed=17760169661161793312 [12, 91, 122, 196, 280, 405, 439, 440, 460, 529, 540, 589, 630, 663, 735, 953, 1095, 1110, 1185, 1187, 1321, 1398, 1453, 1486, 1599, 1793, 1830, 1864, 1942, 2031]
Iter#4917160 New set #70 of size 30 (70245.1 its/hit = 7.829s/hit): seed=18371234128229469355 [43, 55, 122, 137, 167, 229, 363, 372, 414, 508, 516, 550, 560, 561, 589, 600, 649, 924, 931, 932, 1028, 1310, 1319, 1374, 1459, 1465, 1483, 1569, 1764, 1850]
Iter#5742926 New set #80 of size 30 (71786.6 its/hit = 8.000s/hit): seed=10627360855703986002 [19, 79, 89, 169, 182, 236, 364, 376, 458, 497, 527, 603, 623, 704, 864, 952, 1159, 1182, 1200, 1244, 1354, 1392, 1454, 1573, 1701, 1773, 1812, 1876, 2014, 2037]
Iter#6742170 New set #90 of size 30 (74913.0 its/hit = 8.367s/hit): seed=2971729511696768813 [132, 163, 260, 293, 448, 496, 603, 648, 692, 764, 768, 856, 962, 988, 1032, 1168, 1348, 1417, 1442, 1505, 1601, 1635, 1657, 1678, 1781, 1838, 1891, 1898, 1915, 1967]
Iter#7818870 New set #100 of size 30 (78188.7 its/hit = 8.740s/hit): seed=3205057789753147899 [24, 39, 110, 162, 236, 269, 272, 327, 386, 594, 726, 732, 845, 871, 1066, 1219, 1282, 1304, 1310, 1350, 1363, 1410, 1472, 1643, 1665, 1678, 1762, 1776, 1805, 1853]
Iter#14411352 New set #200 of size 30 (72056.8 its/hit = 8.100s/hit): seed=11357588172121964429 [17, 40, 144, 190, 246, 384, 469, 526, 611, 697, 855, 1015, 1033, 1134, 1297, 1308, 1465, 1475, 1506, 1509, 1544, 1651, 1716, 1859, 1867, 1913, 1925, 1946, 1971, 1974]
Iter#21872530 New set #300 of size 30 (72908.4 its/hit = 8.213s/hit): seed=11363729847710564501 [98, 158, 190, 268, 341, 510, 562, 659, 751, 884, 892, 931, 1046, 1066, 1119, 1200, 1245, 1260, 1263, 1353, 1431, 1453, 1468, 1487, 1495, 1577, 1636, 1651, 1764, 1868]
Iter#29964942 New set #400 of size 30 (74912.4 its/hit = 8.452s/hit): seed=5016255564692764135 [57, 142, 241, 283, 426, 581, 637, 708, 830, 837, 841, 1011, 1100, 1141, 1282, 1365, 1398, 1444, 1468, 1486, 1578, 1625, 1637, 1639, 1656, 1782, 1860, 1940, 1957, 2013]
Iter#38465780 New set #500 of size 30 (76931.6 its/hit = 8.690s/hit): seed=11004040483918534003 [20, 235, 274, 305, 420, 527, 660, 704, 765, 856, 986, 988, 1050, 1264, 1284, 1298, 1330, 1467, 1468, 1475, 1633, 1715, 1787, 1845, 1857, 1937, 1957, 1958, 1997, 2018]
Iter#46498403 New set #600 of size 30 (77497.3 its/hit = 8.767s/hit): seed=1997904841970058950 [86, 97, 131, 206, 285, 293, 375, 395, 475, 502, 621, 669, 781, 817, 841, 847, 872, 1377, 1434, 1483, 1522, 1597, 1629, 1646, 1668, 1717, 1799, 1822, 1979, 2034]
Iter#54390544 New set #700 of size 30 (77700.8 its/hit = 8.797s/hit): seed=805274095142323472 [165, 213, 313, 340, 402, 565, 622, 917, 943, 1001, 1050, 1072, 1114, 1154, 1259, 1277, 1295, 1299, 1417, 1491, 1543, 1546, 1574, 1586, 1710, 1826, 1879, 1922, 1944, 2016]
Iter#61265227 New set #800 of size 30 (76581.5 its/hit = 8.671s/hit): seed=8548401809239922083 [21, 77, 111, 170, 212, 241, 388, 460, 461, 628, 690, 754, 834, 884, 948, 1069, 1215, 1246, 1361, 1477, 1548, 1618, 1731, 1749, 1752, 1754, 1944, 1991, 2039, 2045]
