[*] Computing DDT
[+] DDT Computed
DDT took 78.08622ms
Iter#1 New set #1 of size 22 (1.0 its/hit = 0.000s/hit): seed=7614157776950222827 [9, 20, 68, 117, 212, 246, 297, 321, 447, 677, 690, 791, 944, 1029, 1308, 1359, 1452, 1593, 1752, 1909, 1922, 2012]
Iter#2 New set #1 of size 23 (2.0 its/hit = 0.000s/hit): seed=16448968014801051995 [165, 272, 331, 345, 498, 574, 775, 856, 921, 1075, 1283, 1431, 1499, 1522, 1529, 1579, 1708, 1752, 1758, 1878, 1903, 1985, 2034]
Iter#3 New set #2 of size 23 (1.5 its/hit = 0.000s/hit): seed=156024712595507083 [14, 112, 153, 331, 424, 445, 460, 556, 597, 775, 826, 1028, 1148, 1229, 1230, 1248, 1403, 1474, 1616, 1809, 1885, 1935, 2035]
Iter#5 New set #1 of size 24 (5.0 its/hit = 0.000s/hit): seed=5277386065602025483 [0, 10, 235, 293, 597, 638, 667, 681, 726, 756, 825, 917, 934, 971, 1104, 1140, 1149, 1251, 1263, 1378, 1573, 1809, 1825, 1907]
Iter#9 New set #2 of size 24 (4.5 its/hit = 0.000s/hit): seed=14801262897885792755 [24, 103, 179, 342, 394, 510, 558, 594, 601, 659, 738, 792, 924, 955, 966, 1172, 1343, 1418, 1715, 1770, 1817, 1924, 1937, 1951]
Iter#11 New set #3 of size 24 (3.7 its/hit = 0.000s/hit): seed=13463490559933466094 [1, 116, 137, 200, 245, 329, 632, 879, 903, 1007, 1034, 1050, 1062, 1348, 1514, 1683, 1691, 1715, 1747, 1816, 1849, 2009, 2038, 2042]
Iter#16 New set #4 of size 24 (4.0 its/hit = 0.000s/hit): seed=15011096770742832935 [5, 129, 153, 345, 538, 658, 680, 709, 768, 778, 780, 828, 868, 870, 1082, 1107, 1192, 1240, 1583, 1724, 1784, 1880, 2036, 2047]
Iter#33 New set #5 of size 24 (6.6 its/hit = 0.000s/hit): seed=17490246573230060253 [142, 159, 264, 271, 372, 437, 484, 486, 569, 659, 810, 1041, 1163, 1202, 1338, 1458, 1477, 1510, 1539, 1810, 1817, 1829, 2011, 2045]
Iter#43 New set #6 of size 24 (7.2 its/hit = 0.000s/hit): seed=507709160314240920 [125, 231, 280, 327, 389, 419, 437, 500, 533, 687, 692, 836, 857, 885, 888, 1192, 1415, 1430, 1523, 1550, 1571, 1758, 1953, 2039]
Iter#48 New set #7 of size 24 (6.9 its/hit = 0.000s/hit): seed=11562480625975658745 [6, 14, 58, 158, 227, 336, 467, 471, 577, 608, 614, 731, 948, 996, 998, 1013, 1095, 1097, 1190, 1203, 1339, 1449, 1799, 2031]
Iter#51 New set #8 of size 24 (6.4 its/hit = 0.000s/hit): seed=8703145579706419521 [182, 242, 260, 285, 360, 401, 477, 561, 675, 766, 799, 911, 1033, 1088, 1159, 1178, 1206, 1300, 1352, 1650, 1757, 1864, 1933, 1950]
Iter#53 New set #9 of size 24 (5.9 its/hit = 0.000s/hit): seed=14975441846809513313 [41, 53, 280, 292, 303, 378, 583, 746, 772, 889, 907, 994, 1047, 1146, 1232, 1369, 1484, 1506, 1643, 1727, 1788, 1912, 1942, 2020]
Iter#57 New set #10 of size 24 (5.7 its/hit = 0.000s/hit): seed=16136895581284620640 [45, 98, 104, 140, 337, 359, 366, 593, 857, 890, 1001, 1019, 1238, 1278, 1352, 1407, 1591, 1701, 1798, 1831, 1843, 1866, 1872, 1945]
Iter#128 New set #20 of size 24 (6.4 its/hit = 0.000s/hit): seed=17577570804436805340 [60, 202, 227, 481, 543, 595, 646, 699, 718, 779, 804, 884, 960, 961, 1066, 1314, 1362, 1364, 1372, 1566, 1628, 1899, 1967, 2008]
Iter#182 New set #1 of size 25 (182.0 its/hit = 0.000s/hit): seed=18381498057179071037 [134, 170, 458, 465, 557, 590, 604, 841, 1001, 1225, 1263, 1300, 1317, 1346, 1353, 1367, 1456, 1521, 1526, 1609, 1727, 1738, 1744, 1823, 1984]
Iter#298 New set #2 of size 25 (149.0 its/hit = 0.000s/hit): seed=3229152783078666816 [0, 93, 147, 215, 223, 277, 310, 325, 479, 584, 603, 897, 1019, 1159, 1254, 1317, 1343, 1407, 1468, 1517, 1551, 1679, 1687, 1784, 1932]
Iter#334 New set #3 of size 25 (111.3 its/hit = 0.000s/hit): seed=17357026249941905515 [167, 311, 347, 542, 545, 653, 660, 698, 714, 749, 923, 999, 1161, 1236, 1317, 1323, 1354, 1425, 1451, 1603, 1761, 1804, 2010, 2012, 2026]
Iter#486 New set #4 of size 25 (121.5 its/hit = 0.000s/hit): seed=11354070330586634646 [133, 200, 290, 308, 395, 421, 825, 915, 942, 1004, 1087, 1128, 1157, 1238, 1356, 1360, 1407, 1421, 1468, 1625, 1679, 1820, 1838, 1938, 2003]
Iter#551 New set #5 of size 25 (110.2 its/hit = 0.000s/hit): seed=422442486091978071 [91, 118, 119, 306, 322, 347, 382, 427, 549, 553, 669, 765, 1032, 1063, 1079, 1132, 1242, 1349, 1411, 1458, 1550, 1719, 1845, 1974, 1980]
Iter#588 New set #6 of size 25 (98.0 its/hit = 0.000s/hit): seed=13607220974353605521 [129, 196, 316, 486, 492, 590, 732, 812, 826, 828, 967, 1007, 1141, 1417, 1468, 1507, 1619, 1648, 1807, 1813, 1829, 1947, 1991, 2000, 2018]
Iter#664 New set #7 of size 25 (94.9 its/hit = 0.000s/hit): seed=10863203745371917847 [108, 160, 387, 591, 623, 752, 771, 863, 865, 936, 1004, 1085, 1207, 1210, 1228, 1231, 1303, 1328, 1407, 1580, 1601, 1679, 1686, 1730, 1992]
Iter#731 New set #1 of size 28 (731.0 its/hit = 0.000s/hit): seed=17590456814358379941 [8, 96, 145, 300, 316, 332, 403, 416, 513, 589, 614, 768, 790, 887, 986, 1034, 1095, 1263, 1267, 1286, 1314, 1376, 1649, 1651, 1927, 1983, 1985, 2025]
Iter#23025 New set #2 of size 28 (11512.5 its/hit = 1.000s/hit): seed=983280878258220511 [5, 79, 203, 219, 277, 404, 476, 477, 518, 586, 600, 689, 724, 754, 826, 943, 944, 947, 1185, 1404, 1566, 1708, 1763, 1795, 1832, 1834, 1957, 2044]
Iter#42264 New set #3 of size 28 (14088.0 its/hit = 1.333s/hit): seed=5266468451325646152 [194, 258, 309, 393, 444, 502, 562, 715, 751, 763, 853, 876, 1017, 1077, 1139, 1238, 1258, 1455, 1476, 1510, 1693, 1734, 1745, 1784, 1789, 1829, 1869, 2014]
Iter#42783 New set #4 of size 28 (10695.8 its/hit = 1.000s/hit): seed=4081168768126309780 [16, 128, 218, 220, 359, 500, 583, 618, 683, 764, 888, 1010, 1083, 1084, 1256, 1322, 1434, 1455, 1458, 1497, 1507, 1560, 1641, 1688, 1800, 1832, 1835, 1894]
Iter#52721 New set #5 of size 28 (10544.2 its/hit = 1.000s/hit): seed=13043662553346571938 [36, 215, 342, 594, 598, 627, 729, 811, 888, 957, 992, 1107, 1153, 1168, 1269, 1279, 1436, 1463, 1649, 1780, 1844, 1860, 1890, 1891, 1898, 1920, 1978, 1981]
Iter#75393 New set #6 of size 28 (12565.5 its/hit = 1.333s/hit): seed=10978378656911945193 [5, 62, 264, 342, 385, 540, 552, 628, 642, 693, 779, 792, 895, 1120, 1127, 1180, 1214, 1258, 1267, 1310, 1325, 1353, 1555, 1811, 1836, 1868, 1918, 1956]
Iter#77405 New set #7 of size 28 (11057.9 its/hit = 1.143s/hit): seed=2152732656602473905 [249, 305, 536, 549, 571, 631, 649, 772, 850, 904, 1006, 1248, 1371, 1420, 1432, 1487, 1490, 1526, 1550, 1576, 1594, 1627, 1639, 1705, 1879, 1909, 1985, 2029]
Iter#106466 New set #8 of size 28 (13308.2 its/hit = 1.375s/hit): seed=8043862203932987513 [153, 279, 308, 363, 428, 507, 515, 566, 635, 644, 798, 804, 901, 914, 967, 1234, 1287, 1350, 1413, 1590, 1598, 1711, 1727, 1880, 1904, 1929, 1958, 1989]
Iter#111813 New set #9 of size 28 (12423.7 its/hit = 1.222s/hit): seed=1384275708210708506 [16, 26, 27, 131, 425, 455, 729, 745, 799, 805, 819, 823, 965, 1037, 1139, 1195, 1214, 1348, 1370, 1440, 1478, 1599, 1763, 1787, 1900, 1905, 2009, 2020]
Iter#115205 New set #10 of size 28 (11520.5 its/hit = 1.200s/hit): seed=11723189145081889845 [92, 139, 143, 218, 315, 340, 463, 496, 721, 742, 806, 918, 932, 981, 1068, 1178, 1191, 1253, 1356, 1431, 1480, 1491, 1506, 1648, 1766, 1881, 1919, 2028]
Iter#200042 New set #20 of size 28 (10002.1 its/hit = 1.050s/hit): seed=4054732823145351814 [7, 90, 149, 205, 232, 409, 422, 431, 463, 584, 660, 733, 741, 858, 933, 937, 1091, 1109, 1309, 1415, 1525, 1559, 1604, 1793, 1875, 1937, 2006, 2045]
Iter#287476 New set #30 of size 28 (9582.5 its/hit = 1.000s/hit): seed=163581394344895708 [6, 38, 39, 58, 180, 432, 487, 605, 652, 690, 752, 803, 859, 955, 1007, 1083, 1149, 1153, 1260, 1352, 1361, 1371, 1386, 1394, 1429, 1533, 1592, 1756]
Iter#333835 New set #40 of size 28 (8345.9 its/hit = 0.875s/hit): seed=8134528499408984069 [69, 72, 151, 268, 300, 321, 324, 497, 565, 706, 767, 879, 1007, 1113, 1200, 1206, 1408, 1484, 1641, 1645, 1669, 1682, 1782, 1848, 1851, 1866, 1926, 1965]
Iter#392294 New set #50 of size 28 (7845.9 its/hit = 0.840s/hit): seed=22679758543424661 [11, 108, 143, 197, 333, 524, 563, 734, 772, 845, 912, 979, 1116, 1236, 1239, 1264, 1431, 1458, 1599, 1625, 1667, 1761, 1828, 1849, 1892, 1946, 1960, 1979]
Iter#464843 New set #60 of size 28 (7747.4 its/hit = 0.817s/hit): seed=2338187928133185750 [66, 85, 200, 216, 240, 289, 392, 560, 667, 673, 726, 739, 848, 1035, 1179, 1267, 1279, 1351, 1379, 1410, 1477, 1555, 1576, 1625, 1676, 1933, 1962, 2047]
Iter#554790 New set #70 of size 28 (7925.6 its/hit = 0.843s/hit): seed=13485275107227500328 [88, 110, 203, 244, 299, 338, 349, 367, 375, 393, 444, 468, 478, 548, 666, 818, 962, 1075, 1223, 1277, 1288, 1447, 1534, 1566, 1577, 1600, 1707, 1946]
Iter#644589 New set #80 of size 28 (8057.4 its/hit = 0.862s/hit): seed=16424923289941603946 [26, 134, 155, 334, 359, 433, 583, 644, 694, 741, 820, 923, 953, 1066, 1203, 1395, 1459, 1498, 1499, 1517, 1556, 1662, 1682, 1817, 1892, 1914, 2035, 2041]
Iter#728484 New set #90 of size 28 (8094.3 its/hit = 0.867s/hit): seed=5369581192938653381 [126, 187, 289, 323, 374, 483, 555, 599, 795, 809, 1039, 1126, 1144, 1435, 1472, 1625, 1720, 1781, 1794, 1825, 1834, 1837, 1849, 1853, 1907, 1924, 1955, 2001]
Iter#823593 New set #100 of size 28 (8235.9 its/hit = 0.880s/hit): seed=13663763447259333806 [14, 140, 226, 375, 539, 604, 612, 673, 747, 800, 814, 838, 909, 1022, 1146, 1147, 1156, 1191, 1257, 1326, 1362, 1440, 1599, 1866, 1928, 1983, 2026, 2035]
Iter#1645173 New set #200 of size 28 (8225.9 its/hit = 0.875s/hit): seed=1169604932124665690 [177, 320, 334, 366, 479, 561, 604, 679, 712, 812, 841, 845, 900, 1035, 1085, 1167, 1176, 1278, 1287, 1336, 1366, 1469, 1529, 1657, 1790, 1827, 1836, 1846]
Iter#2564309 New set #300 of size 28 (8547.7 its/hit = 0.913s/hit): seed=14928751649296993594 [184, 404, 484, 503, 535, 704, 728, 921, 952, 966, 1034, 1219, 1238, 1275, 1340, 1344, 1348, 1391, 1414, 1542, 1617, 1639, 1747, 1763, 1766, 1769, 1969, 1986]
Iter#3409710 New set #400 of size 28 (8524.3 its/hit = 0.908s/hit): seed=7914632392317903150 [62, 118, 219, 340, 385, 391, 507, 582, 593, 612, 691, 750, 787, 895, 1037, 1092, 1099, 1106, 1149, 1206, 1236, 1338, 1563, 1577, 1746, 1754, 1798, 1987]
Iter#4384067 New set #500 of size 28 (8768.1 its/hit = 0.934s/hit): seed=4754218163597116562 [4, 369, 457, 468, 557, 630, 665, 713, 732, 768, 806, 816, 874, 878, 974, 1084, 1237, 1248, 1255, 1466, 1499, 1590, 1721, 1727, 1739, 1839, 1840, 1843]
Iter#5520742 New set #600 of size 28 (9201.2 its/hit = 0.978s/hit): seed=14623591980416802987 [72, 127, 191, 292, 397, 402, 426, 443, 458, 627, 681, 723, 875, 1222, 1324, 1372, 1405, 1493, 1500, 1564, 1664, 1721, 1758, 1909, 1918, 1921, 1923, 2003]
Iter#6577639 New set #700 of size 28 (9396.6 its/hit = 0.999s/hit): seed=3790073342526511814 [26, 72, 111, 117, 210, 276, 304, 388, 411, 732, 837, 920, 944, 1011, 1148, 1221, 1392, 1480, 1491, 1513, 1529, 1530, 1629, 1669, 1759, 1815, 1871, 1880]
Iter#7508751 New set #800 of size 28 (9385.9 its/hit = 0.998s/hit): seed=4860726129333479858 [75, 161, 201, 218, 265, 291, 404, 663, 670, 733, 765, 844, 950, 1060, 1214, 1260, 1408, 1452, 1463, 1464, 1625, 1627, 1751, 1770, 1776, 1803, 1820, 1984]
Iter#8373026 New set #900 of size 28 (9303.4 its/hit = 0.989s/hit): seed=13724845231052024637 [6, 37, 40, 210, 266, 344, 406, 435, 461, 622, 658, 669, 717, 820, 860, 877, 1034, 1126, 1143, 1176, 1276, 1390, 1518, 1736, 1809, 1860, 1862, 2020]
Iter#9208719 New set #1000 of size 28 (9208.7 its/hit = 0.979s/hit): seed=3228642591277249386 [233, 287, 376, 465, 537, 654, 659, 797, 867, 900, 947, 1013, 1059, 1187, 1230, 1292, 1296, 1298, 1320, 1337, 1350, 1357, 1381, 1423, 1537, 1684, 1755, 1809]
Iter#18836227 New set #2000 of size 28 (9418.1 its/hit = 1.001s/hit): seed=9718564305807531368 [103, 153, 234, 277, 286, 382, 421, 776, 890, 976, 1012, 1157, 1188, 1267, 1308, 1331, 1370, 1517, 1523, 1622, 1654, 1673, 1712, 1763, 1826, 1834, 1916, 1934]
Iter#27496329 New set #3000 of size 28 (9165.4 its/hit = 0.975s/hit): seed=7063559699601477825 [204, 213, 248, 271, 356, 358, 392, 423, 501, 645, 776, 842, 899, 908, 962, 1001, 1078, 1139, 1172, 1254, 1255, 1263, 1307, 1724, 1846, 1883, 1929, 1965]
