[*] Computing DDT
[+] DDT Computed
DDT took 110.610763ms
Iter#1 New set #1 of size 24 (1.0 its/hit = 0.000s/hit): seed=5098961957934358687 [258, 295, 308, 412, 568, 579, 676, 784, 838, 846, 950, 1002, 1008, 1055, 1222, 1339, 1345, 1480, 1592, 1704, 1786, 1922, 1996, 2027]
Iter#8 New set #2 of size 24 (4.0 its/hit = 0.000s/hit): seed=17503346896047992257 [19, 153, 249, 398, 515, 558, 704, 710, 752, 769, 831, 916, 955, 1013, 1207, 1218, 1395, 1399, 1413, 1587, 1742, 1777, 1885, 1981]
Iter#12 New set #3 of size 24 (4.0 its/hit = 0.000s/hit): seed=17356075378383597692 [30, 254, 302, 327, 387, 455, 554, 613, 696, 747, 752, 831, 892, 1043, 1170, 1306, 1409, 1424, 1425, 1465, 1517, 1710, 1899, 1955]
Iter#18 New set #4 of size 24 (4.5 its/hit = 0.000s/hit): seed=14102723798713120797 [412, 517, 698, 822, 859, 931, 1008, 1036, 1070, 1097, 1099, 1138, 1152, 1297, 1355, 1439, 1440, 1463, 1489, 1567, 1790, 1868, 1955, 2021]
Iter#23 New set #5 of size 24 (4.6 its/hit = 0.000s/hit): seed=7345142907457948573 [229, 246, 344, 434, 446, 739, 793, 833, 960, 967, 976, 1054, 1425, 1446, 1471, 1477, 1502, 1536, 1545, 1613, 1725, 1900, 2016, 2030]
Iter#26 New set #6 of size 24 (4.3 its/hit = 0.000s/hit): seed=11872529347725339468 [48, 88, 98, 290, 339, 377, 514, 799, 856, 920, 927, 1016, 1058, 1193, 1245, 1327, 1463, 1530, 1631, 1693, 1718, 1770, 1862, 2025]
Iter#28 New set #7 of size 24 (4.0 its/hit = 0.000s/hit): seed=10761656801430389128 [45, 70, 117, 207, 350, 369, 446, 458, 494, 593, 648, 1122, 1124, 1204, 1288, 1593, 1625, 1771, 1800, 1807, 1809, 1847, 1967, 1968]
Iter#34 New set #1 of size 25 (34.0 its/hit = 0.000s/hit): seed=8555750429502991490 [22, 197, 335, 345, 373, 454, 476, 479, 516, 605, 647, 697, 824, 930, 953, 965, 967, 1041, 1455, 1495, 1506, 1604, 1890, 1938, 2024]
Iter#57 New set #2 of size 25 (28.5 its/hit = 0.000s/hit): seed=6631543234350286386 [36, 351, 374, 683, 737, 789, 805, 939, 1214, 1218, 1390, 1446, 1462, 1501, 1557, 1676, 1684, 1709, 1713, 1726, 1746, 1751, 1886, 1962, 1976]
Iter#64 New set #3 of size 25 (21.3 its/hit = 0.000s/hit): seed=588935912069310596 [126, 127, 269, 315, 364, 381, 435, 471, 566, 643, 684, 1015, 1108, 1198, 1266, 1294, 1321, 1646, 1790, 1793, 1856, 1891, 1894, 1953, 2033]
Iter#76 New set #4 of size 25 (19.0 its/hit = 0.000s/hit): seed=10677665046350393717 [34, 283, 491, 523, 568, 589, 709, 767, 816, 851, 1023, 1206, 1309, 1348, 1376, 1522, 1537, 1561, 1604, 1759, 1779, 1810, 1912, 1926, 2039]
Iter#88 New set #5 of size 25 (17.6 its/hit = 0.000s/hit): seed=2105930454919276426 [145, 190, 263, 444, 539, 572, 590, 632, 705, 746, 754, 873, 924, 945, 1010, 1109, 1376, 1409, 1419, 1534, 1557, 1560, 1623, 1810, 1931]
Iter#133 New set #6 of size 25 (22.2 its/hit = 0.000s/hit): seed=13951854710547578900 [1, 70, 143, 260, 286, 320, 347, 468, 610, 890, 939, 987, 1046, 1160, 1237, 1315, 1396, 1420, 1461, 1496, 1749, 1825, 1857, 1914, 1987]
Iter#195 New set #7 of size 25 (27.9 its/hit = 0.000s/hit): seed=6464336566915617349 [183, 259, 316, 337, 341, 434, 616, 618, 876, 961, 977, 1209, 1322, 1325, 1508, 1613, 1623, 1765, 1780, 1793, 1915, 1932, 1941, 1950, 1979]
Iter#332 New set #8 of size 25 (41.5 its/hit = 0.000s/hit): seed=10840662581427311733 [17, 38, 95, 139, 263, 348, 431, 570, 571, 580, 755, 981, 1175, 1188, 1263, 1289, 1297, 1450, 1466, 1573, 1658, 1664, 1705, 1966, 2018]
Iter#409 New set #9 of size 25 (45.4 its/hit = 0.000s/hit): seed=7371459696600596941 [49, 103, 158, 171, 413, 462, 475, 485, 511, 524, 546, 571, 574, 680, 784, 806, 908, 1086, 1119, 1320, 1323, 1491, 1794, 1877, 1889]
Iter#453 New set #10 of size 25 (45.3 its/hit = 0.000s/hit): seed=17141166042707606081 [11, 80, 221, 307, 377, 579, 629, 691, 709, 779, 908, 1005, 1148, 1255, 1423, 1436, 1440, 1519, 1559, 1601, 1761, 1805, 1966, 1988, 2038]
Iter#514 New set #1 of size 27 (514.0 its/hit = 0.000s/hit): seed=18202549392837594903 [43, 82, 94, 192, 216, 304, 375, 662, 703, 704, 705, 713, 718, 791, 804, 881, 1044, 1118, 1318, 1343, 1561, 1571, 1620, 1732, 1745, 2034, 2041]
Iter#629 New set #2 of size 27 (314.5 its/hit = 0.000s/hit): seed=10863954071672798601 [70, 156, 164, 210, 238, 239, 294, 328, 345, 438, 576, 683, 723, 870, 997, 1097, 1099, 1319, 1333, 1397, 1797, 1826, 1855, 1887, 1954, 1991, 2037]
Iter#1620 New set #3 of size 27 (540.0 its/hit = 0.000s/hit): seed=2706482600330346534 [6, 40, 71, 155, 160, 229, 393, 463, 635, 684, 696, 759, 797, 884, 1084, 1163, 1241, 1294, 1391, 1484, 1682, 1758, 1775, 1813, 1832, 1833, 1944]
Iter#2026 New set #1 of size 28 (2026.0 its/hit = 0.000s/hit): seed=14043870108177897962 [118, 243, 403, 411, 412, 444, 491, 648, 682, 750, 769, 1152, 1327, 1342, 1369, 1384, 1407, 1414, 1428, 1545, 1687, 1700, 1716, 1805, 1836, 2006, 2007, 2024]
Iter#4731 New set #2 of size 28 (2365.5 its/hit = 0.000s/hit): seed=6385278564771938016 [99, 107, 193, 356, 428, 465, 536, 704, 841, 879, 887, 932, 1039, 1251, 1315, 1336, 1348, 1383, 1476, 1488, 1639, 1695, 1699, 1725, 1883, 1948, 2015, 2020]
Iter#7673 New set #3 of size 28 (2557.7 its/hit = 0.333s/hit): seed=17349589261881848737 [20, 102, 295, 318, 364, 376, 463, 538, 629, 707, 718, 835, 914, 951, 982, 1044, 1089, 1300, 1437, 1454, 1569, 1635, 1670, 1774, 1875, 1937, 1951, 1963]
Iter#24670 New set #4 of size 28 (6167.5 its/hit = 1.000s/hit): seed=2246336966153538054 [43, 141, 179, 197, 354, 367, 466, 521, 606, 670, 719, 725, 849, 1009, 1022, 1138, 1172, 1302, 1540, 1542, 1555, 1606, 1635, 1756, 1776, 1950, 2032, 2038]
Iter#24689 New set #1 of size 29 (24689.0 its/hit = 4.000s/hit): seed=2886255559670192044 [235, 310, 328, 339, 376, 377, 387, 420, 502, 522, 585, 634, 930, 1095, 1098, 1124, 1127, 1251, 1265, 1271, 1343, 1396, 1541, 1647, 1691, 1722, 1905, 1913, 1921]
Iter#42096 New set #2 of size 29 (21048.0 its/hit = 3.500s/hit): seed=13518295585680532449 [23, 126, 182, 209, 300, 301, 310, 350, 369, 415, 614, 629, 722, 753, 792, 979, 1052, 1107, 1139, 1161, 1386, 1528, 1534, 1675, 1754, 1805, 1850, 1862, 1959]
Iter#145337 New set #3 of size 29 (48445.7 its/hit = 8.667s/hit): seed=12251510507183409907 [123, 144, 271, 306, 333, 389, 419, 444, 469, 471, 534, 586, 702, 803, 1063, 1133, 1140, 1173, 1243, 1334, 1414, 1508, 1525, 1568, 1737, 1740, 1769, 1779, 1987]
Iter#198813 New set #1 of size 30 (198813.0 its/hit = 39.000s/hit): seed=11052366835122706111 [13, 23, 25, 285, 339, 364, 390, 470, 479, 501, 625, 651, 1037, 1050, 1170, 1243, 1245, 1282, 1339, 1423, 1449, 1465, 1540, 1694, 1710, 1846, 1859, 1931, 1966, 2038]
Iter#385399 New set #2 of size 30 (192699.5 its/hit = 43.000s/hit): seed=3469554532252717530 [83, 125, 141, 196, 313, 351, 440, 505, 532, 689, 729, 784, 983, 1218, 1267, 1297, 1396, 1452, 1468, 1496, 1508, 1551, 1613, 1622, 1663, 1744, 1806, 1869, 1875, 2007]
Iter#480287 New set #3 of size 30 (160095.7 its/hit = 35.333s/hit): seed=12793320608841804874 [30, 162, 181, 223, 244, 302, 307, 316, 469, 494, 496, 518, 616, 798, 846, 871, 918, 982, 1129, 1181, 1306, 1375, 1397, 1475, 1658, 1686, 1756, 1892, 1966, 1989]
Iter#491766 New set #4 of size 30 (122941.5 its/hit = 27.000s/hit): seed=15346597540055839960 [70, 215, 325, 391, 403, 483, 489, 491, 492, 550, 639, 747, 760, 1111, 1146, 1150, 1224, 1254, 1284, 1304, 1315, 1332, 1465, 1466, 1508, 1517, 1618, 1674, 1842, 1952]
Iter#535506 New set #5 of size 30 (107101.2 its/hit = 23.400s/hit): seed=16589990487950956882 [48, 112, 178, 185, 207, 352, 414, 634, 693, 753, 771, 798, 866, 927, 937, 958, 1016, 1041, 1232, 1367, 1399, 1401, 1411, 1529, 1564, 1609, 1652, 1775, 1943, 2028]
Iter#648798 New set #6 of size 30 (108133.0 its/hit = 23.500s/hit): seed=2217480208096718897 [129, 157, 175, 195, 245, 284, 348, 393, 461, 462, 510, 523, 751, 869, 892, 919, 947, 960, 1000, 1159, 1351, 1436, 1453, 1469, 1505, 1545, 1620, 1632, 1709, 1956]
Iter#709393 New set #7 of size 30 (101341.9 its/hit = 21.571s/hit): seed=2830003484648576236 [11, 18, 128, 202, 254, 319, 407, 490, 553, 594, 793, 860, 913, 976, 1014, 1034, 1141, 1170, 1191, 1276, 1373, 1422, 1475, 1491, 1517, 1518, 1635, 1640, 1810, 1971]
Iter#724686 New set #8 of size 30 (90585.8 its/hit = 19.250s/hit): seed=8454475750564538776 [10, 69, 177, 394, 397, 451, 601, 665, 704, 728, 859, 979, 999, 1012, 1050, 1105, 1263, 1266, 1308, 1354, 1487, 1588, 1654, 1712, 1757, 1805, 1841, 1863, 1900, 1965]
Iter#774416 New set #9 of size 30 (86046.2 its/hit = 18.222s/hit): seed=9518177426599720865 [36, 115, 195, 335, 348, 358, 405, 413, 527, 652, 681, 778, 1107, 1134, 1167, 1193, 1257, 1337, 1524, 1617, 1723, 1756, 1767, 1819, 1840, 1845, 1852, 1934, 1938, 2003]
Iter#886977 New set #10 of size 30 (88697.7 its/hit = 18.500s/hit): seed=5072398490947339545 [29, 38, 144, 161, 218, 228, 360, 464, 576, 579, 658, 739, 754, 788, 848, 876, 963, 1070, 1072, 1203, 1430, 1472, 1484, 1563, 1734, 1792, 1893, 1932, 2031, 2043]
