[*] Computing DDT
[+] DDT Computed
DDT took 109.652122ms
Iter#1 New set #1 of size 26 (1.0 its/hit = 0.000s/hit): seed=6285415413975747522 [59, 109, 151, 188, 197, 227, 316, 691, 778, 817, 924, 990, 1220, 1297, 1311, 1316, 1367, 1522, 1557, 1561, 1572, 1582, 1921, 1982, 2011, 2024]
Iter#2 New set #1 of size 28 (2.0 its/hit = 0.000s/hit): seed=9852925379344526531 [55, 165, 190, 199, 359, 382, 432, 475, 765, 836, 847, 970, 1042, 1113, 1340, 1345, 1387, 1490, 1599, 1659, 1678, 1690, 1835, 1857, 1862, 1868, 1930, 2020]
Iter#4 New set #1 of size 30 (4.0 its/hit = 0.000s/hit): seed=2626181438232180450 [1, 77, 182, 249, 306, 334, 368, 566, 616, 628, 740, 764, 792, 888, 1055, 1094, 1201, 1356, 1361, 1426, 1473, 1503, 1577, 1722, 1726, 1753, 1839, 1895, 1940, 1961]
Iter#133 New set #2 of size 30 (66.5 its/hit = 0.000s/hit): seed=6218174401666168285 [8, 22, 35, 41, 53, 119, 253, 266, 304, 356, 438, 439, 773, 979, 1051, 1107, 1184, 1261, 1453, 1494, 1606, 1648, 1707, 1870, 1880, 1896, 1901, 1915, 1949, 2022]
Iter#216 New set #3 of size 30 (72.0 its/hit = 0.000s/hit): seed=8595606734584499524 [27, 54, 118, 162, 212, 327, 369, 378, 533, 547, 564, 576, 585, 624, 742, 827, 850, 868, 930, 941, 943, 1025, 1143, 1187, 1237, 1369, 1503, 1616, 1762, 1906]
Iter#244 New set #4 of size 30 (61.0 its/hit = 0.000s/hit): seed=5184828548289320078 [108, 335, 357, 475, 498, 528, 558, 636, 682, 720, 997, 1104, 1219, 1264, 1319, 1420, 1451, 1464, 1491, 1492, 1509, 1592, 1641, 1693, 1702, 1781, 1830, 1960, 1988, 2000]
Iter#300 New set #5 of size 30 (60.0 its/hit = 0.000s/hit): seed=13851831903505510055 [50, 74, 203, 204, 236, 279, 588, 638, 744, 830, 901, 958, 978, 1037, 1127, 1249, 1300, 1316, 1432, 1437, 1440, 1489, 1496, 1507, 1544, 1759, 1843, 1949, 1967, 2015]
Iter#494 New set #6 of size 30 (82.3 its/hit = 0.000s/hit): seed=9051665058679424886 [110, 116, 119, 142, 309, 443, 550, 578, 585, 586, 712, 716, 725, 824, 844, 845, 887, 912, 932, 1017, 1047, 1313, 1379, 1428, 1451, 1503, 1665, 1683, 1767, 1878]
Iter#531 New set #7 of size 30 (75.9 its/hit = 0.000s/hit): seed=8826283693392840290 [210, 275, 326, 364, 370, 416, 494, 570, 612, 615, 622, 637, 660, 798, 849, 956, 969, 1060, 1112, 1162, 1222, 1248, 1291, 1322, 1421, 1528, 1556, 1776, 1821, 1914]
Iter#534 New set #8 of size 30 (66.8 its/hit = 0.000s/hit): seed=1112967864443014323 [3, 5, 48, 201, 240, 249, 285, 301, 322, 468, 484, 508, 608, 697, 739, 986, 991, 1097, 1114, 1138, 1143, 1270, 1570, 1701, 1826, 1863, 1935, 1960, 1965, 1987]
Iter#699 New set #9 of size 30 (77.7 its/hit = 0.000s/hit): seed=4791061078887700794 [68, 98, 186, 228, 292, 297, 354, 656, 658, 726, 774, 855, 868, 1052, 1071, 1112, 1213, 1247, 1400, 1502, 1566, 1640, 1678, 1728, 1738, 1766, 1896, 1979, 2009, 2020]
Iter#758 New set #10 of size 30 (75.8 its/hit = 0.000s/hit): seed=14262703460695921502 [154, 189, 294, 385, 415, 430, 563, 681, 700, 707, 786, 843, 870, 944, 1023, 1095, 1108, 1115, 1188, 1245, 1283, 1317, 1417, 1525, 1652, 1767, 1774, 1865, 1899, 1984]
Iter#1145 New set #1 of size 31 (1145.0 its/hit = 0.000s/hit): seed=18246079678065535393 [43, 59, 69, 115, 385, 422, 426, 435, 448, 466, 686, 687, 761, 763, 777, 799, 809, 812, 933, 1007, 1011, 1036, 1151, 1217, 1464, 1471, 1484, 1729, 1858, 1956, 1969]
Iter#2437 New set #2 of size 31 (1218.5 its/hit = 0.000s/hit): seed=9446879948184499977 [78, 139, 184, 227, 279, 327, 444, 459, 498, 601, 677, 678, 724, 744, 794, 852, 886, 914, 1027, 1141, 1302, 1388, 1470, 1580, 1608, 1679, 1758, 1832, 1884, 2007, 2023]
Iter#3981 New set #3 of size 31 (1327.0 its/hit = 0.000s/hit): seed=15214721861849061590 [6, 14, 26, 28, 187, 423, 683, 704, 710, 730, 732, 780, 813, 942, 1002, 1061, 1104, 1346, 1410, 1476, 1543, 1594, 1605, 1618, 1678, 1757, 1821, 1833, 1836, 1841, 1958]
Iter#3991 New set #4 of size 31 (997.8 its/hit = 0.000s/hit): seed=15588947853978551998 [34, 51, 53, 708, 753, 780, 784, 850, 865, 925, 940, 949, 1011, 1277, 1326, 1411, 1415, 1456, 1459, 1461, 1496, 1517, 1536, 1540, 1567, 1573, 1745, 1762, 1820, 1833, 1938]
Iter#5553 New set #5 of size 31 (1110.6 its/hit = 0.000s/hit): seed=13109559498400464560 [7, 68, 101, 176, 343, 384, 442, 445, 513, 528, 563, 565, 667, 689, 868, 1028, 1047, 1091, 1203, 1267, 1272, 1417, 1508, 1550, 1602, 1664, 1704, 1778, 1973, 2007, 2018]
Iter#6134 New set #6 of size 31 (1022.3 its/hit = 0.167s/hit): seed=12068738533775424188 [182, 195, 200, 252, 298, 407, 536, 671, 727, 855, 882, 910, 916, 1051, 1074, 1265, 1345, 1348, 1429, 1464, 1566, 1590, 1649, 1738, 1844, 1866, 1869, 1893, 1948, 1958, 1991]
Iter#6560 New set #7 of size 31 (937.1 its/hit = 0.143s/hit): seed=13459791297973990326 [38, 122, 158, 164, 168, 272, 421, 551, 567, 672, 700, 730, 760, 861, 992, 1046, 1077, 1132, 1142, 1173, 1291, 1351, 1489, 1491, 1678, 1692, 1718, 1740, 1820, 1835, 1921]
Iter#7687 New set #8 of size 31 (960.9 its/hit = 0.125s/hit): seed=3749591957276369042 [2, 33, 62, 69, 123, 174, 238, 249, 257, 499, 649, 718, 889, 894, 932, 1159, 1170, 1196, 1239, 1257, 1303, 1393, 1467, 1528, 1553, 1603, 1709, 1729, 1759, 1909, 2014]
Iter#9495 New set #9 of size 31 (1055.0 its/hit = 0.111s/hit): seed=5857576816267973036 [52, 124, 253, 278, 303, 340, 467, 515, 732, 834, 848, 855, 876, 966, 991, 1003, 1031, 1075, 1176, 1403, 1484, 1621, 1627, 1691, 1791, 1836, 1848, 1996, 1999, 2008, 2028]
Iter#9744 New set #10 of size 31 (974.4 its/hit = 0.100s/hit): seed=3289838713203570489 [16, 48, 258, 319, 332, 445, 483, 514, 589, 868, 882, 959, 1027, 1028, 1095, 1107, 1118, 1124, 1126, 1151, 1187, 1203, 1204, 1388, 1474, 1564, 1566, 1661, 1825, 1984, 2010]
Iter#19804 New set #20 of size 31 (990.2 its/hit = 0.150s/hit): seed=11719590427829596452 [8, 66, 123, 135, 228, 232, 290, 381, 435, 456, 499, 545, 590, 604, 625, 708, 728, 1060, 1070, 1338, 1454, 1605, 1628, 1691, 1706, 1745, 1787, 1817, 1890, 1912, 1914]
Iter#26050 New set #30 of size 31 (868.3 its/hit = 0.133s/hit): seed=1948995543701347654 [101, 153, 199, 200, 360, 548, 606, 662, 701, 712, 725, 797, 834, 976, 986, 1089, 1098, 1113, 1169, 1226, 1235, 1271, 1278, 1303, 1423, 1543, 1550, 1646, 1714, 1743, 1783]
Iter#30613 New set #1 of size 32 (30613.0 its/hit = 5.000s/hit): seed=4750751752610792553 [325, 345, 346, 363, 381, 520, 561, 577, 595, 753, 790, 880, 922, 929, 1045, 1049, 1067, 1082, 1096, 1361, 1372, 1437, 1490, 1495, 1531, 1598, 1610, 1739, 1807, 1952, 2004, 2009]
Iter#40578 New set #2 of size 32 (20289.0 its/hit = 3.000s/hit): seed=2757844034235219142 [18, 209, 218, 244, 378, 628, 640, 641, 663, 773, 914, 982, 991, 1104, 1113, 1197, 1269, 1313, 1405, 1447, 1512, 1519, 1527, 1581, 1613, 1656, 1696, 1698, 1706, 1751, 1753, 1822]
Iter#61833 New set #3 of size 32 (20611.0 its/hit = 3.333s/hit): seed=9510218826472664339 [71, 164, 237, 342, 348, 432, 478, 481, 504, 586, 632, 677, 777, 866, 934, 1151, 1207, 1235, 1278, 1318, 1374, 1385, 1573, 1630, 1743, 1786, 1794, 1809, 1849, 1901, 1927, 1958]
Iter#111629 New set #4 of size 32 (27907.2 its/hit = 4.750s/hit): seed=15094469440213778679 [14, 17, 48, 57, 175, 364, 382, 390, 407, 485, 542, 575, 646, 656, 663, 768, 785, 805, 845, 901, 1332, 1403, 1492, 1638, 1658, 1745, 1781, 1821, 1841, 1860, 1964, 2027]
Iter#119667 New set #5 of size 32 (23933.4 its/hit = 4.000s/hit): seed=11559938753321873200 [3, 13, 20, 25, 78, 93, 98, 170, 200, 275, 332, 355, 365, 369, 441, 475, 522, 755, 879, 948, 1130, 1173, 1282, 1479, 1489, 1573, 1866, 1896, 1987, 1998, 2007, 2010]
Iter#128683 New set #6 of size 32 (21447.2 its/hit = 3.667s/hit): seed=16044261929908396346 [51, 120, 151, 449, 556, 629, 677, 678, 724, 743, 753, 774, 797, 802, 868, 915, 1071, 1153, 1156, 1268, 1295, 1340, 1344, 1514, 1523, 1572, 1585, 1912, 1981, 2011, 2021, 2024]
Iter#190278 New set #7 of size 32 (27182.6 its/hit = 4.714s/hit): seed=7193229745354627106 [41, 70, 138, 198, 204, 238, 255, 289, 336, 356, 463, 481, 522, 603, 617, 631, 702, 740, 811, 874, 965, 1054, 1099, 1178, 1317, 1560, 1591, 1625, 1630, 1682, 1748, 1751]
Iter#269863 New set #8 of size 32 (33732.9 its/hit = 5.750s/hit): seed=7846808421361160176 [6, 129, 150, 156, 180, 198, 267, 379, 445, 545, 628, 743, 855, 858, 924, 953, 959, 1080, 1138, 1274, 1320, 1344, 1406, 1433, 1439, 1568, 1574, 1578, 1689, 1865, 2008, 2020]
Iter#326294 New set #9 of size 32 (36254.9 its/hit = 6.000s/hit): seed=9632516776442614890 [81, 146, 229, 253, 401, 506, 541, 706, 750, 863, 895, 930, 970, 1071, 1145, 1160, 1214, 1234, 1278, 1329, 1383, 1512, 1576, 1687, 1798, 1883, 1890, 1892, 1904, 1905, 1933, 1984]
Iter#350768 New set #10 of size 32 (35076.8 its/hit = 5.700s/hit): seed=6392073410159296222 [165, 171, 307, 389, 450, 552, 568, 579, 644, 779, 864, 926, 966, 1032, 1045, 1063, 1087, 1292, 1424, 1479, 1483, 1502, 1543, 1604, 1622, 1661, 1813, 1838, 1844, 1932, 2003, 2009]
Iter#883865 New set #20 of size 32 (44193.2 its/hit = 6.100s/hit): seed=7347016475406707866 [86, 136, 141, 155, 173, 177, 213, 356, 397, 457, 531, 548, 557, 649, 663, 685, 687, 763, 809, 832, 1005, 1241, 1311, 1353, 1455, 1572, 1667, 1671, 1940, 1952, 1970, 2020]
Iter#1809963 New set #30 of size 32 (60332.1 its/hit = 7.800s/hit): seed=10552753479626295939 [6, 44, 81, 139, 248, 278, 419, 483, 665, 707, 774, 800, 802, 829, 847, 1022, 1236, 1335, 1339, 1475, 1559, 1597, 1655, 1678, 1694, 1733, 1827, 1865, 1867, 1983, 1995, 2036]
