[*] Computing DDT
[+] DDT Computed
DDT took 78.691789ms
Iter#1 New set #1 of size 23 (1.0 its/hit = 0.000s/hit): seed=9990361589703152937 [14, 43, 102, 120, 304, 353, 484, 492, 652, 653, 859, 887, 941, 952, 975, 1064, 1242, 1375, 1439, 1510, 1685, 1704, 1878]
Iter#2 New set #2 of size 23 (1.0 its/hit = 0.000s/hit): seed=13100136207014453495 [4, 105, 141, 154, 232, 384, 524, 528, 714, 827, 949, 1027, 1074, 1081, 1164, 1198, 1283, 1512, 1752, 1755, 1859, 1927, 1938]
Iter#3 New set #1 of size 24 (3.0 its/hit = 0.000s/hit): seed=9828830389202585395 [42, 50, 83, 453, 512, 643, 669, 683, 877, 1018, 1036, 1045, 1067, 1095, 1236, 1345, 1363, 1607, 1620, 1662, 1726, 1905, 1987, 2033]
Iter#7 New set #2 of size 24 (3.5 its/hit = 0.000s/hit): seed=6162221960585401144 [13, 84, 377, 387, 423, 457, 488, 598, 622, 899, 954, 973, 1021, 1027, 1172, 1180, 1299, 1478, 1556, 1567, 1571, 1799, 1963, 2031]
Iter#22 New set #3 of size 24 (7.3 its/hit = 0.000s/hit): seed=7091548097033384161 [14, 159, 322, 349, 385, 432, 497, 608, 646, 760, 770, 834, 980, 1384, 1405, 1468, 1472, 1492, 1559, 1682, 1743, 1889, 1991, 2026]
Iter#43 New set #4 of size 24 (10.8 its/hit = 0.000s/hit): seed=8410171847787688856 [8, 344, 792, 940, 945, 954, 998, 1031, 1124, 1133, 1151, 1184, 1218, 1239, 1263, 1317, 1318, 1518, 1769, 1822, 1854, 1877, 1895, 1951]
Iter#45 New set #5 of size 24 (9.0 its/hit = 0.000s/hit): seed=9181564768072901380 [30, 293, 498, 509, 700, 727, 933, 1024, 1176, 1199, 1217, 1218, 1241, 1368, 1402, 1554, 1576, 1639, 1693, 1718, 1798, 1868, 1893, 2038]
Iter#48 New set #6 of size 24 (8.0 its/hit = 0.000s/hit): seed=6410455778655938367 [4, 151, 154, 171, 233, 329, 426, 842, 929, 955, 1020, 1075, 1092, 1146, 1170, 1195, 1268, 1334, 1490, 1513, 1520, 1534, 1620, 1928]
Iter#50 New set #7 of size 24 (7.1 its/hit = 0.000s/hit): seed=18102557636520184176 [36, 200, 268, 316, 323, 368, 403, 483, 614, 890, 927, 968, 1069, 1099, 1140, 1159, 1340, 1433, 1462, 1465, 1490, 1648, 1705, 1758]
Iter#53 New set #8 of size 24 (6.6 its/hit = 0.000s/hit): seed=14365950602090705714 [120, 239, 267, 277, 289, 294, 378, 410, 518, 573, 681, 761, 874, 947, 1046, 1068, 1170, 1242, 1263, 1400, 1610, 1788, 1914, 1994]
Iter#60 New set #9 of size 24 (6.7 its/hit = 0.000s/hit): seed=9288564297802819138 [15, 293, 317, 618, 651, 701, 733, 738, 824, 837, 859, 927, 996, 1277, 1425, 1429, 1431, 1446, 1494, 1716, 1726, 1741, 1765, 1978]
Iter#67 New set #10 of size 24 (6.7 its/hit = 0.000s/hit): seed=15061709030549607805 [74, 216, 258, 440, 472, 540, 554, 562, 826, 938, 954, 968, 977, 1199, 1201, 1208, 1277, 1348, 1504, 1635, 1711, 1812, 1973, 2001]
Iter#92 New set #1 of size 25 (92.0 its/hit = 0.000s/hit): seed=13605052751934528569 [67, 113, 285, 286, 371, 464, 517, 556, 581, 594, 709, 865, 870, 953, 1067, 1187, 1203, 1232, 1448, 1505, 1569, 1610, 1644, 1798, 1888]
Iter#149 New set #2 of size 25 (74.5 its/hit = 0.000s/hit): seed=13668529544952602545 [14, 233, 299, 374, 427, 477, 485, 688, 696, 806, 811, 933, 1028, 1124, 1230, 1490, 1511, 1525, 1585, 1640, 1726, 1739, 1918, 1993, 1998]
Iter#174 New set #3 of size 25 (58.0 its/hit = 0.000s/hit): seed=5241077905228699811 [60, 216, 263, 568, 860, 948, 1033, 1064, 1092, 1117, 1213, 1275, 1313, 1321, 1333, 1360, 1416, 1433, 1475, 1670, 1675, 1683, 1743, 1831, 1836]
Iter#439 New set #4 of size 25 (109.8 its/hit = 0.000s/hit): seed=15926313422998886472 [31, 89, 203, 283, 301, 329, 432, 506, 508, 764, 817, 918, 978, 1020, 1046, 1212, 1327, 1350, 1448, 1489, 1540, 1544, 1716, 1785, 1827]
Iter#455 New set #1 of size 27 (455.0 its/hit = 0.000s/hit): seed=8741935771730638328 [70, 164, 206, 226, 235, 251, 473, 674, 772, 881, 954, 1229, 1336, 1361, 1400, 1481, 1554, 1580, 1592, 1643, 1645, 1649, 1706, 1836, 1857, 1980, 2011]
Iter#2445 New set #2 of size 27 (1222.5 its/hit = 0.000s/hit): seed=6017529426505898005 [77, 154, 339, 437, 457, 514, 522, 590, 632, 642, 753, 894, 956, 1124, 1206, 1316, 1429, 1467, 1560, 1616, 1633, 1872, 1912, 1937, 1968, 2037, 2041]
Iter#7131 New set #3 of size 27 (2377.0 its/hit = 0.000s/hit): seed=433835982876831449 [144, 163, 278, 283, 351, 522, 613, 649, 791, 1024, 1049, 1103, 1125, 1181, 1215, 1424, 1455, 1546, 1612, 1669, 1707, 1746, 1901, 1911, 1922, 1961, 2011]
Iter#8501 New set #1 of size 28 (8501.0 its/hit = 1.000s/hit): seed=7807174254582857780 [50, 52, 112, 145, 262, 295, 393, 471, 576, 755, 799, 955, 1041, 1065, 1157, 1199, 1390, 1493, 1551, 1560, 1601, 1659, 1710, 1823, 1941, 1963, 1973, 2030]
Iter#22092 New set #2 of size 28 (11046.0 its/hit = 1.000s/hit): seed=13664638880288756670 [91, 134, 167, 219, 314, 372, 508, 517, 519, 625, 733, 855, 976, 1144, 1152, 1267, 1280, 1341, 1342, 1356, 1489, 1551, 1652, 1658, 1782, 1853, 1906, 1964]
Iter#34978 New set #3 of size 28 (11659.3 its/hit = 1.333s/hit): seed=14369569068924121896 [66, 114, 186, 228, 415, 441, 525, 823, 849, 852, 890, 939, 1144, 1254, 1314, 1364, 1372, 1384, 1462, 1557, 1594, 1621, 1626, 1674, 1767, 1818, 1858, 1954]
Iter#46632 New set #4 of size 28 (11658.0 its/hit = 1.250s/hit): seed=7733931071829236372 [88, 118, 119, 142, 260, 279, 349, 364, 369, 384, 470, 550, 570, 573, 581, 589, 627, 950, 1098, 1128, 1201, 1213, 1282, 1398, 1424, 1524, 1724, 1766]
Iter#53770 New set #5 of size 28 (10754.0 its/hit = 1.200s/hit): seed=17205814891306111204 [214, 227, 350, 380, 472, 560, 563, 588, 593, 672, 683, 746, 782, 845, 1048, 1149, 1185, 1357, 1398, 1407, 1457, 1482, 1530, 1675, 1679, 1878, 1896, 1915]
Iter#97836 New set #6 of size 28 (16306.0 its/hit = 2.000s/hit): seed=18106290338972127917 [27, 43, 128, 133, 139, 153, 233, 241, 301, 367, 568, 595, 607, 728, 743, 874, 909, 932, 948, 1082, 1301, 1326, 1477, 1498, 1564, 1705, 1851, 1962]
Iter#103288 New set #7 of size 28 (14755.4 its/hit = 1.857s/hit): seed=10945404613181612336 [52, 115, 125, 285, 299, 406, 510, 518, 547, 642, 696, 721, 1098, 1126, 1212, 1338, 1339, 1402, 1425, 1510, 1544, 1614, 1668, 1671, 1692, 1760, 1909, 1953]
Iter#106565 New set #8 of size 28 (13320.6 its/hit = 1.625s/hit): seed=14391346709193924322 [29, 343, 374, 412, 428, 717, 856, 870, 899, 975, 979, 985, 1002, 1062, 1140, 1151, 1181, 1230, 1257, 1292, 1436, 1464, 1607, 1628, 1689, 1817, 1884, 1981]
Iter#113689 New set #9 of size 28 (12632.1 its/hit = 1.556s/hit): seed=15472787205461090328 [39, 114, 146, 314, 417, 425, 447, 506, 518, 524, 584, 660, 715, 830, 925, 1051, 1306, 1432, 1450, 1454, 1470, 1558, 1598, 1600, 1661, 1769, 1869, 2018]
Iter#144685 New set #10 of size 28 (14468.5 its/hit = 1.800s/hit): seed=15836153205772905576 [66, 89, 91, 167, 293, 294, 331, 479, 518, 546, 636, 813, 917, 951, 1020, 1207, 1233, 1351, 1388, 1389, 1448, 1598, 1607, 1668, 1687, 1750, 1977, 1995]
Iter#228153 New set #20 of size 28 (11407.7 its/hit = 1.600s/hit): seed=4560547968225914145 [110, 216, 223, 234, 329, 343, 386, 407, 448, 494, 589, 809, 810, 877, 881, 966, 1036, 1054, 1075, 1166, 1219, 1528, 1642, 1740, 1828, 1928, 1997, 2036]
Iter#300449 New set #30 of size 28 (10015.0 its/hit = 1.467s/hit): seed=17559059065117003372 [2, 15, 177, 228, 243, 515, 544, 563, 576, 586, 596, 804, 840, 906, 941, 1099, 1133, 1162, 1195, 1286, 1294, 1368, 1534, 1536, 1578, 1648, 1779, 1938]
Iter#412210 New set #40 of size 28 (10305.2 its/hit = 1.600s/hit): seed=2176437386417759320 [18, 81, 129, 204, 268, 281, 385, 425, 482, 577, 734, 735, 766, 900, 1081, 1224, 1421, 1425, 1436, 1487, 1525, 1590, 1655, 1891, 1964, 2000, 2016, 2024]
Iter#555058 New set #50 of size 28 (11101.2 its/hit = 1.780s/hit): seed=10285679216447356908 [23, 216, 236, 357, 365, 400, 483, 511, 518, 568, 606, 891, 931, 1120, 1137, 1236, 1245, 1327, 1462, 1482, 1483, 1561, 1593, 1666, 1751, 1877, 1902, 1978]
Iter#654106 New set #60 of size 28 (10901.8 its/hit = 1.850s/hit): seed=7578788504467503758 [5, 65, 122, 218, 234, 454, 551, 599, 613, 614, 634, 685, 981, 1019, 1096, 1138, 1178, 1247, 1294, 1331, 1377, 1397, 1542, 1699, 1723, 1792, 2038, 2047]
Iter#710444 New set #70 of size 28 (10149.2 its/hit = 1.771s/hit): seed=1256507382298123463 [8, 50, 90, 116, 177, 219, 314, 464, 500, 684, 692, 777, 822, 901, 909, 1032, 1098, 1169, 1279, 1334, 1339, 1570, 1757, 1880, 1937, 1956, 1958, 2040]
Iter#766953 New set #80 of size 28 (9586.9 its/hit = 1.700s/hit): seed=239603428847936330 [115, 127, 220, 400, 484, 619, 705, 770, 799, 879, 884, 885, 1001, 1034, 1075, 1088, 1102, 1104, 1151, 1179, 1230, 1380, 1516, 1581, 1659, 1816, 1885, 2000]
Iter#881665 New set #90 of size 28 (9796.3 its/hit = 1.822s/hit): seed=4724859789268666341 [19, 46, 194, 223, 227, 274, 326, 377, 469, 834, 882, 935, 991, 1078, 1199, 1234, 1258, 1339, 1351, 1387, 1468, 1534, 1618, 1775, 1788, 1834, 1980, 2015]
Iter#992244 New set #100 of size 28 (9922.4 its/hit = 1.830s/hit): seed=2941733964641282151 [1, 51, 53, 72, 127, 238, 254, 267, 371, 555, 563, 574, 586, 695, 783, 1255, 1286, 1301, 1347, 1463, 1492, 1631, 1633, 1740, 1757, 1781, 1840, 1847]
