[*] Computing DDT
[+] DDT Computed
DDT took 81.5958ms
Iter#1 New set #1 of size 22 (1.0 its/hit = 0.000s/hit): seed=15117040349385271218 [4, 45, 148, 320, 351, 381, 566, 583, 658, 944, 1136, 1158, 1434, 1470, 1511, 1568, 1595, 1918, 1961, 1984, 1990, 2019]
Iter#2 New set #1 of size 24 (2.0 its/hit = 0.000s/hit): seed=1088643126635832426 [107, 193, 281, 331, 364, 369, 444, 473, 612, 799, 810, 830, 880, 972, 1117, 1278, 1399, 1481, 1496, 1560, 1620, 1650, 1665, 2003]
Iter#35 New set #2 of size 24 (17.5 its/hit = 0.000s/hit): seed=13707065156571323421 [85, 226, 248, 480, 667, 747, 764, 812, 943, 971, 1123, 1184, 1293, 1298, 1406, 1423, 1530, 1693, 1791, 1794, 1837, 1904, 1986, 2043]
Iter#49 New set #3 of size 24 (16.3 its/hit = 0.000s/hit): seed=10003920442348520927 [37, 183, 409, 456, 487, 639, 757, 917, 985, 1140, 1243, 1339, 1406, 1551, 1599, 1652, 1706, 1754, 1777, 1794, 1891, 1976, 2029, 2037]
Iter#51 New set #4 of size 24 (12.8 its/hit = 0.000s/hit): seed=4438444033567289300 [93, 181, 225, 279, 434, 469, 491, 526, 574, 590, 592, 1175, 1256, 1390, 1479, 1537, 1578, 1579, 1582, 1661, 1800, 1871, 1895, 1946]
Iter#67 New set #5 of size 24 (13.4 its/hit = 0.000s/hit): seed=13157184575767550585 [203, 233, 296, 340, 576, 591, 760, 769, 954, 1059, 1071, 1177, 1204, 1298, 1313, 1570, 1604, 1648, 1695, 1697, 1719, 1895, 1950, 1953]
Iter#68 New set #6 of size 24 (11.3 its/hit = 0.000s/hit): seed=17045940501587089856 [17, 76, 130, 187, 386, 531, 540, 639, 762, 928, 991, 1092, 1095, 1108, 1112, 1208, 1252, 1338, 1352, 1532, 1549, 1558, 1799, 2000]
Iter#70 New set #7 of size 24 (10.0 its/hit = 0.000s/hit): seed=12960621732645644739 [227, 272, 282, 519, 521, 534, 535, 556, 623, 656, 822, 854, 966, 973, 1146, 1192, 1199, 1271, 1357, 1546, 1625, 1857, 1869, 2023]
Iter#73 New set #8 of size 24 (9.1 its/hit = 0.000s/hit): seed=13514976202162172311 [21, 262, 487, 550, 706, 738, 745, 817, 849, 1012, 1016, 1125, 1388, 1480, 1508, 1625, 1660, 1716, 1755, 1785, 1794, 1805, 1923, 2021]
Iter#75 New set #9 of size 24 (8.3 its/hit = 0.000s/hit): seed=16386360876757517808 [27, 35, 186, 647, 655, 676, 720, 750, 835, 992, 1097, 1184, 1242, 1283, 1323, 1325, 1429, 1484, 1510, 1536, 1656, 1657, 1804, 1945]
Iter#77 New set #1 of size 25 (77.0 its/hit = 0.000s/hit): seed=13777103652075590998 [116, 145, 177, 194, 225, 496, 497, 595, 679, 775, 778, 1076, 1143, 1359, 1483, 1487, 1513, 1602, 1668, 1686, 1721, 1755, 1865, 1878, 1902]
Iter#169 New set #2 of size 25 (84.5 its/hit = 0.000s/hit): seed=1795694841145199739 [10, 277, 462, 478, 489, 490, 510, 517, 564, 683, 713, 741, 1033, 1079, 1084, 1115, 1127, 1184, 1198, 1277, 1450, 1515, 1667, 1669, 1902]
Iter#312 New set #3 of size 25 (104.0 its/hit = 0.000s/hit): seed=5272908081728869425 [18, 37, 119, 230, 312, 341, 492, 529, 586, 730, 866, 904, 947, 1077, 1135, 1192, 1492, 1568, 1610, 1668, 1825, 1833, 1902, 1941, 2043]
Iter#428 New set #4 of size 25 (107.0 its/hit = 0.000s/hit): seed=11567247249043798260 [9, 74, 122, 353, 470, 551, 591, 747, 829, 855, 926, 959, 1026, 1127, 1181, 1235, 1243, 1341, 1380, 1497, 1727, 1767, 1857, 1903, 2042]
Iter#488 New set #5 of size 25 (97.6 its/hit = 0.000s/hit): seed=3517070737507570675 [31, 149, 216, 284, 373, 431, 638, 650, 655, 747, 854, 877, 901, 920, 950, 1258, 1328, 1423, 1490, 1625, 1732, 1787, 1947, 1967, 2043]
Iter#515 New set #6 of size 25 (85.8 its/hit = 0.000s/hit): seed=9300633812004224704 [85, 225, 359, 622, 795, 814, 845, 881, 887, 903, 939, 952, 966, 1033, 1106, 1177, 1232, 1284, 1462, 1525, 1537, 1911, 1924, 2040, 2041]
Iter#533 New set #7 of size 25 (76.1 its/hit = 0.000s/hit): seed=12869628688000469404 [10, 149, 272, 275, 326, 370, 604, 617, 640, 710, 1039, 1174, 1195, 1247, 1270, 1446, 1454, 1609, 1614, 1653, 1666, 1832, 1921, 1954, 2018]
Iter#543 New set #8 of size 25 (67.9 its/hit = 0.000s/hit): seed=13259852054798482188 [253, 322, 407, 574, 665, 696, 719, 731, 772, 778, 792, 928, 989, 1023, 1054, 1057, 1082, 1352, 1429, 1443, 1574, 1711, 1873, 1886, 2034]
Iter#691 New set #9 of size 25 (76.8 its/hit = 0.000s/hit): seed=18250373672727964012 [6, 14, 168, 455, 575, 732, 781, 806, 864, 888, 908, 924, 932, 1026, 1095, 1107, 1120, 1205, 1372, 1383, 1854, 1906, 1953, 1954, 1975]
Iter#697 New set #10 of size 25 (69.7 its/hit = 0.000s/hit): seed=16923536155107909058 [152, 313, 385, 405, 491, 925, 993, 1086, 1122, 1175, 1281, 1284, 1309, 1395, 1463, 1516, 1547, 1564, 1565, 1754, 1834, 1887, 1924, 1976, 2024]
Iter#1763 New set #20 of size 25 (88.2 its/hit = 0.000s/hit): seed=18058374992413165418 [35, 50, 105, 119, 234, 308, 342, 372, 389, 551, 787, 833, 918, 975, 1130, 1227, 1328, 1467, 1503, 1525, 1860, 1875, 1876, 2025, 2035]
Iter#2396 New set #30 of size 25 (79.9 its/hit = 0.000s/hit): seed=16460076391612808482 [13, 32, 94, 137, 175, 308, 380, 381, 399, 414, 623, 646, 732, 750, 867, 964, 1052, 1111, 1194, 1201, 1380, 1450, 1674, 1931, 1993]
Iter#3042 New set #40 of size 25 (76.1 its/hit = 0.000s/hit): seed=7689994347736948124 [166, 199, 231, 253, 683, 699, 779, 810, 856, 883, 1161, 1178, 1281, 1353, 1359, 1404, 1459, 1464, 1471, 1559, 1673, 1784, 1887, 1899, 1920]
Iter#3568 New set #50 of size 25 (71.4 its/hit = 0.000s/hit): seed=14605706596495354097 [40, 342, 491, 560, 583, 597, 657, 698, 727, 748, 891, 905, 995, 1041, 1491, 1514, 1584, 1602, 1619, 1747, 1828, 1970, 2003, 2013, 2041]
Iter#3648 New set #1 of size 26 (3648.0 its/hit = 0.000s/hit): seed=5293170307388543973 [8, 22, 114, 201, 208, 263, 306, 308, 347, 559, 575, 868, 942, 997, 1008, 1048, 1103, 1337, 1441, 1484, 1643, 1667, 1728, 1862, 1943, 1951]
Iter#7600 New set #2 of size 26 (3800.0 its/hit = 0.500s/hit): seed=643392060595387537 [19, 102, 162, 297, 385, 403, 625, 643, 655, 661, 673, 709, 841, 874, 899, 937, 939, 1264, 1354, 1363, 1388, 1533, 1742, 1783, 1828, 1957]
Iter#7773 New set #3 of size 26 (2591.0 its/hit = 0.333s/hit): seed=13189922808242461004 [51, 76, 135, 285, 296, 308, 386, 534, 654, 695, 709, 739, 751, 937, 976, 1034, 1302, 1351, 1386, 1426, 1457, 1598, 1643, 1645, 1846, 1854]
Iter#8083 New set #4 of size 26 (2020.8 its/hit = 0.250s/hit): seed=6743048744761136212 [16, 32, 205, 216, 296, 406, 463, 482, 699, 731, 805, 840, 920, 981, 1157, 1207, 1246, 1393, 1410, 1525, 1753, 1763, 1768, 1822, 1977, 2021]
Iter#9205 New set #5 of size 26 (1841.0 its/hit = 0.200s/hit): seed=18307304701893866110 [8, 10, 30, 56, 133, 279, 288, 520, 554, 586, 626, 669, 691, 1002, 1066, 1152, 1211, 1250, 1271, 1297, 1379, 1411, 1415, 1494, 1608, 1767]
Iter#10425 New set #6 of size 26 (1737.5 its/hit = 0.167s/hit): seed=13548670717026970116 [15, 38, 110, 174, 523, 568, 610, 667, 797, 831, 859, 888, 1012, 1085, 1121, 1123, 1133, 1183, 1224, 1372, 1475, 1668, 1692, 1742, 1753, 1790]
Iter#10979 New set #7 of size 26 (1568.4 its/hit = 0.143s/hit): seed=5263766714021617836 [35, 76, 87, 163, 172, 207, 225, 313, 562, 565, 679, 887, 941, 1082, 1142, 1303, 1352, 1421, 1427, 1478, 1574, 1586, 1623, 1647, 1690, 1907]
Iter#11948 New set #8 of size 26 (1493.5 its/hit = 0.125s/hit): seed=1501434787210872046 [54, 138, 212, 377, 382, 460, 507, 561, 576, 719, 804, 805, 829, 977, 1001, 1069, 1143, 1280, 1614, 1636, 1746, 1864, 1977, 2005, 2017, 2030]
Iter#15267 New set #9 of size 26 (1696.3 its/hit = 0.222s/hit): seed=16728123999522960224 [29, 87, 186, 332, 346, 347, 458, 693, 719, 779, 827, 879, 992, 1012, 1029, 1107, 1125, 1290, 1295, 1318, 1333, 1356, 1599, 1785, 1915, 1984]
Iter#17681 New set #10 of size 26 (1768.1 its/hit = 0.300s/hit): seed=4926176779013138616 [153, 239, 390, 418, 495, 510, 566, 715, 749, 847, 895, 1012, 1024, 1139, 1379, 1406, 1510, 1667, 1724, 1725, 1729, 1740, 1817, 1870, 1906, 2007]
Iter#18282 New set #1 of size 27 (18282.0 its/hit = 3.000s/hit): seed=399105219647645457 [9, 35, 58, 87, 150, 184, 264, 285, 406, 477, 784, 808, 843, 872, 954, 1116, 1221, 1381, 1389, 1631, 1632, 1703, 1768, 1784, 1818, 1839, 1926]
Iter#46336 New set #2 of size 27 (23168.0 its/hit = 4.000s/hit): seed=15360176507324450306 [264, 300, 332, 447, 448, 579, 585, 601, 645, 649, 670, 706, 724, 772, 797, 875, 884, 1238, 1285, 1421, 1443, 1480, 1523, 1636, 1647, 1922, 1970]
Iter#91262 New set #3 of size 27 (30420.7 its/hit = 5.333s/hit): seed=2876877411881626562 [64, 265, 307, 398, 455, 503, 540, 684, 787, 798, 816, 882, 920, 1109, 1196, 1356, 1406, 1560, 1571, 1618, 1681, 1689, 1833, 1846, 1858, 1949, 2011]
Iter#117436 New set #4 of size 27 (29359.0 its/hit = 5.000s/hit): seed=409260427718217045 [123, 287, 332, 348, 387, 512, 590, 754, 798, 846, 854, 871, 901, 1110, 1228, 1414, 1502, 1573, 1603, 1614, 1621, 1698, 1760, 1790, 1830, 1886, 1982]
Iter#120064 New set #5 of size 27 (24012.8 its/hit = 4.200s/hit): seed=6485898203288131823 [8, 20, 92, 152, 220, 334, 348, 501, 644, 713, 754, 757, 765, 834, 835, 1188, 1204, 1242, 1302, 1373, 1403, 1528, 1577, 1668, 1838, 2015, 2017]
Iter#149380 New set #6 of size 27 (24896.7 its/hit = 4.333s/hit): seed=9355327439677675079 [220, 244, 280, 440, 474, 511, 567, 658, 759, 823, 961, 1012, 1035, 1115, 1160, 1165, 1252, 1301, 1412, 1496, 1497, 1509, 1615, 1663, 1804, 1956, 1966]
Iter#150933 New set #7 of size 27 (21561.9 its/hit = 3.714s/hit): seed=15409460331069630822 [134, 161, 201, 271, 459, 490, 515, 567, 579, 729, 888, 905, 946, 984, 1029, 1081, 1089, 1302, 1477, 1574, 1627, 1693, 1734, 1987, 1990, 1995, 1996]
Iter#194002 New set #8 of size 27 (24250.2 its/hit = 4.125s/hit): seed=5582845680471505642 [159, 225, 245, 257, 457, 492, 496, 734, 779, 784, 807, 937, 1024, 1137, 1151, 1165, 1189, 1237, 1332, 1481, 1515, 1543, 1554, 1643, 1652, 1683, 1915]
Iter#202367 New set #9 of size 27 (22485.2 its/hit = 3.889s/hit): seed=1255102544432101252 [69, 95, 104, 113, 269, 340, 403, 593, 653, 797, 822, 916, 929, 1107, 1156, 1174, 1210, 1241, 1431, 1598, 1632, 1687, 1774, 1776, 1781, 1953, 1985]
Iter#206159 New set #10 of size 27 (20615.9 its/hit = 3.500s/hit): seed=5010456192479704640 [73, 114, 286, 295, 388, 486, 507, 702, 818, 868, 923, 1059, 1129, 1200, 1284, 1304, 1326, 1397, 1530, 1540, 1543, 1602, 1633, 1705, 1712, 1721, 1937]
Iter#413396 New set #20 of size 27 (20669.8 its/hit = 3.550s/hit): seed=7632466278376895798 [72, 102, 104, 203, 242, 354, 482, 638, 701, 954, 1363, 1369, 1408, 1496, 1508, 1523, 1531, 1574, 1623, 1638, 1651, 1720, 1973, 1976, 2006, 2017, 2020]
Iter#672756 New set #30 of size 27 (22425.2 its/hit = 3.833s/hit): seed=15108678964311881086 [29, 67, 121, 265, 328, 431, 534, 689, 718, 782, 837, 893, 1026, 1064, 1079, 1195, 1250, 1278, 1293, 1414, 1421, 1497, 1655, 1875, 1911, 1938, 1948]
Iter#855828 New set #40 of size 27 (21395.7 its/hit = 3.750s/hit): seed=13193926950255192116 [117, 193, 577, 600, 601, 618, 655, 708, 756, 823, 836, 867, 869, 874, 1004, 1069, 1197, 1299, 1385, 1531, 1601, 1696, 1722, 1811, 1886, 1968, 2012]
Iter#992914 New set #50 of size 27 (19858.3 its/hit = 3.640s/hit): seed=2691782890972646804 [38, 92, 140, 154, 354, 362, 425, 631, 664, 743, 917, 1010, 1113, 1203, 1272, 1286, 1326, 1562, 1600, 1631, 1649, 1663, 1690, 1809, 1818, 2008, 2022]
Iter#1132943 New set #60 of size 27 (18882.4 its/hit = 3.417s/hit): seed=4265927038244563832 [13, 156, 243, 257, 267, 291, 364, 391, 395, 440, 596, 906, 984, 1016, 1113, 1116, 1188, 1221, 1236, 1376, 1398, 1450, 1533, 1588, 1812, 2021, 2046]
