[*] Computing DDT
[+] DDT Computed
DDT took 77.686737ms
Iter#1 New set #1 of size 23 (1.0 its/hit = 0.000s/hit): seed=14674089207181520574 [93, 107, 129, 365, 386, 421, 591, 705, 711, 807, 818, 898, 950, 974, 1067, 1071, 1121, 1591, 1642, 1749, 1970, 1993, 2009]
Iter#3 New set #1 of size 24 (3.0 its/hit = 0.000s/hit): seed=13419623805702135355 [158, 196, 315, 321, 471, 524, 539, 588, 1051, 1141, 1239, 1268, 1279, 1331, 1337, 1351, 1449, 1577, 1685, 1846, 1862, 1891, 1911, 1955]
Iter#7 New set #2 of size 24 (3.5 its/hit = 0.000s/hit): seed=10951639489863305533 [10, 106, 126, 146, 192, 625, 658, 708, 730, 777, 840, 903, 990, 1065, 1066, 1174, 1189, 1406, 1433, 1481, 1842, 1869, 1989, 2026]
Iter#13 New set #3 of size 24 (4.3 its/hit = 0.000s/hit): seed=5617295561507307710 [89, 202, 343, 447, 522, 576, 716, 813, 820, 823, 882, 973, 992, 1037, 1097, 1128, 1334, 1386, 1559, 1795, 1934, 1983, 1984, 2003]
Iter#32 New set #4 of size 24 (8.0 its/hit = 0.000s/hit): seed=2044967389745824819 [88, 162, 364, 442, 478, 503, 558, 623, 634, 638, 798, 879, 1026, 1074, 1116, 1121, 1191, 1279, 1459, 1482, 1647, 1871, 1897, 2033]
Iter#45 New set #5 of size 24 (9.0 its/hit = 0.000s/hit): seed=3690574290137331296 [81, 147, 160, 170, 186, 302, 525, 591, 703, 712, 818, 891, 1120, 1127, 1211, 1245, 1400, 1413, 1435, 1502, 1547, 1601, 1695, 1696]
Iter#63 New set #6 of size 24 (10.5 its/hit = 0.000s/hit): seed=16599085638789161217 [23, 82, 258, 260, 280, 332, 400, 496, 629, 634, 691, 748, 782, 847, 872, 969, 1013, 1198, 1234, 1332, 1701, 1774, 1967, 2040]
Iter#66 New set #7 of size 24 (9.4 its/hit = 0.000s/hit): seed=166213124390570575 [111, 131, 281, 297, 392, 512, 543, 617, 699, 835, 924, 1008, 1024, 1033, 1073, 1284, 1356, 1379, 1409, 1486, 1876, 1891, 1979, 2044]
Iter#68 New set #1 of size 25 (68.0 its/hit = 0.000s/hit): seed=7463428564290636137 [38, 67, 87, 117, 134, 159, 180, 437, 472, 536, 642, 792, 913, 999, 1279, 1384, 1481, 1486, 1547, 1556, 1588, 1660, 1671, 1846, 1888]
Iter#131 New set #2 of size 25 (65.5 its/hit = 0.000s/hit): seed=2848307648042453393 [42, 293, 300, 335, 446, 499, 660, 829, 858, 883, 886, 1066, 1273, 1443, 1467, 1629, 1645, 1798, 1803, 1877, 1903, 1961, 2014, 2022, 2047]
Iter#311 New set #3 of size 25 (103.7 its/hit = 0.000s/hit): seed=4653367912950614228 [150, 275, 300, 551, 603, 646, 657, 677, 793, 941, 1073, 1095, 1152, 1361, 1374, 1422, 1459, 1486, 1532, 1606, 1645, 1655, 1688, 1693, 1925]
Iter#316 New set #4 of size 25 (79.0 its/hit = 0.000s/hit): seed=10013904119120750348 [15, 63, 66, 88, 143, 180, 267, 353, 468, 519, 616, 731, 834, 875, 979, 1101, 1140, 1184, 1205, 1320, 1340, 1360, 1654, 1671, 2005]
Iter#320 New set #5 of size 25 (64.0 its/hit = 0.000s/hit): seed=1953827694277970758 [35, 103, 310, 378, 415, 458, 873, 947, 1006, 1088, 1109, 1114, 1198, 1456, 1477, 1519, 1650, 1655, 1660, 1705, 1720, 1723, 1822, 1852, 1871]
Iter#323 New set #6 of size 25 (53.8 its/hit = 0.000s/hit): seed=12007969918594360545 [53, 111, 215, 313, 623, 656, 673, 704, 813, 919, 944, 953, 1042, 1156, 1211, 1212, 1398, 1521, 1615, 1627, 1692, 1720, 1798, 1852, 1977]
Iter#731 New set #7 of size 25 (104.4 its/hit = 0.000s/hit): seed=6169725035908878015 [233, 313, 318, 342, 363, 463, 505, 525, 582, 604, 608, 658, 710, 882, 942, 1008, 1041, 1085, 1202, 1300, 1322, 1576, 1731, 1740, 2006]
Iter#798 New set #8 of size 25 (99.8 its/hit = 0.000s/hit): seed=13268400091812874068 [101, 141, 143, 351, 362, 454, 537, 647, 782, 870, 1029, 1045, 1089, 1190, 1220, 1280, 1329, 1330, 1482, 1509, 1558, 1624, 1711, 1923, 1929]
Iter#1032 New set #9 of size 25 (114.7 its/hit = 0.000s/hit): seed=5620510575926773293 [45, 57, 98, 111, 374, 393, 423, 565, 650, 746, 767, 777, 887, 935, 1126, 1158, 1351, 1450, 1657, 1788, 1794, 1831, 1873, 1894, 1952]
Iter#1242 New set #10 of size 25 (124.2 its/hit = 0.000s/hit): seed=11179269285774376503 [14, 70, 119, 171, 229, 243, 294, 370, 380, 384, 447, 490, 970, 1017, 1047, 1128, 1137, 1156, 1287, 1475, 1738, 1766, 1852, 1911, 1943]
Iter#1749 New set #20 of size 25 (87.4 its/hit = 0.000s/hit): seed=16521058209819273555 [56, 226, 240, 427, 442, 583, 729, 908, 961, 1034, 1043, 1116, 1383, 1418, 1541, 1542, 1570, 1592, 1597, 1641, 1730, 1787, 1859, 2004, 2014]
Iter#2119 New set #30 of size 25 (70.6 its/hit = 0.000s/hit): seed=6029515492268745456 [9, 51, 169, 259, 335, 435, 726, 728, 735, 778, 841, 909, 989, 1045, 1081, 1271, 1364, 1686, 1693, 1696, 1701, 1896, 1897, 1917, 2001]
Iter#2827 New set #40 of size 25 (70.7 its/hit = 0.000s/hit): seed=12197942852994428053 [52, 88, 112, 256, 339, 371, 428, 639, 679, 877, 948, 971, 1002, 1014, 1015, 1221, 1542, 1656, 1788, 1856, 1954, 1961, 1977, 1995, 2014]
Iter#3309 New set #1 of size 26 (3309.0 its/hit = 0.000s/hit): seed=17954965829113184502 [13, 67, 318, 350, 469, 501, 517, 612, 717, 797, 814, 839, 856, 996, 1050, 1204, 1310, 1336, 1355, 1503, 1675, 1718, 1737, 1790, 1888, 1982]
Iter#4029 New set #2 of size 26 (2014.5 its/hit = 0.000s/hit): seed=8678516547577291634 [35, 69, 243, 329, 338, 399, 425, 453, 612, 740, 964, 1002, 1039, 1096, 1111, 1301, 1451, 1459, 1499, 1528, 1587, 1671, 1675, 1877, 1879, 1890]
Iter#4995 New set #1 of size 27 (4995.0 its/hit = 0.000s/hit): seed=2974524729687105211 [18, 214, 357, 495, 505, 578, 629, 634, 651, 661, 693, 701, 736, 869, 898, 1039, 1185, 1225, 1375, 1483, 1539, 1685, 1712, 1719, 1722, 1937, 2022]
Iter#24763 New set #2 of size 27 (12381.5 its/hit = 1.000s/hit): seed=15140297336556534287 [57, 194, 203, 269, 342, 359, 445, 525, 570, 668, 690, 724, 849, 876, 967, 1041, 1103, 1162, 1263, 1304, 1585, 1618, 1701, 1725, 1834, 1928, 2040]
Iter#33228 New set #3 of size 27 (11076.0 its/hit = 1.000s/hit): seed=6547520973835038 [5, 62, 108, 127, 173, 210, 342, 494, 555, 630, 652, 881, 900, 928, 998, 1014, 1111, 1112, 1243, 1277, 1304, 1356, 1460, 1599, 1740, 1801, 1965]
Iter#63780 New set #4 of size 27 (15945.0 its/hit = 1.500s/hit): seed=17300418820384013700 [33, 47, 61, 143, 274, 304, 424, 484, 527, 573, 642, 749, 750, 796, 932, 963, 987, 1128, 1175, 1231, 1330, 1514, 1586, 1649, 1790, 1800, 1847]
Iter#107636 New set #5 of size 27 (21527.2 its/hit = 2.200s/hit): seed=27737184270684890 [34, 49, 202, 239, 241, 262, 290, 369, 423, 518, 526, 575, 606, 675, 685, 778, 885, 977, 1026, 1311, 1496, 1531, 1672, 1901, 1934, 1967, 1972]
Iter#114347 New set #6 of size 27 (19057.8 its/hit = 2.000s/hit): seed=6343789604462041840 [19, 71, 146, 187, 302, 330, 553, 581, 631, 692, 715, 751, 907, 911, 964, 1088, 1396, 1449, 1624, 1656, 1734, 1771, 1876, 1884, 1919, 1940, 2025]
Iter#151392 New set #7 of size 27 (21627.4 its/hit = 2.286s/hit): seed=11570011491266018895 [51, 171, 220, 326, 409, 420, 452, 465, 466, 609, 668, 679, 704, 1087, 1139, 1178, 1313, 1333, 1370, 1407, 1416, 1548, 1552, 1653, 1782, 1809, 1848]
Iter#229705 New set #8 of size 27 (28713.1 its/hit = 3.000s/hit): seed=18292413929758041165 [129, 195, 260, 282, 390, 409, 469, 515, 586, 637, 817, 828, 839, 1142, 1151, 1182, 1282, 1405, 1551, 1755, 1761, 1775, 1814, 1831, 1944, 1949, 1970]
Iter#232449 New set #9 of size 27 (25827.7 its/hit = 2.667s/hit): seed=4718246577457680033 [198, 265, 331, 419, 493, 550, 561, 755, 815, 833, 846, 941, 1117, 1139, 1256, 1308, 1346, 1492, 1569, 1608, 1629, 1679, 1687, 1736, 1800, 1887, 1922]
Iter#253570 New set #10 of size 27 (25357.0 its/hit = 2.700s/hit): seed=14785240543114673410 [78, 172, 177, 247, 258, 259, 285, 330, 532, 622, 728, 736, 823, 999, 1080, 1133, 1198, 1240, 1249, 1482, 1496, 1499, 1582, 1636, 1765, 1831, 1952]
Iter#388237 New set #20 of size 27 (19411.8 its/hit = 2.050s/hit): seed=8616299293937781336 [86, 166, 186, 461, 561, 607, 674, 689, 707, 727, 755, 775, 791, 922, 950, 974, 995, 1079, 1208, 1249, 1355, 1745, 1896, 1931, 1986, 2011, 2032]
Iter#539127 New set #30 of size 27 (17970.9 its/hit = 1.933s/hit): seed=5327519237189108097 [304, 428, 461, 543, 747, 832, 846, 886, 915, 920, 981, 1053, 1102, 1155, 1170, 1271, 1369, 1387, 1404, 1458, 1539, 1669, 1706, 1822, 1939, 1956, 2041]
Iter#945260 New set #40 of size 27 (23631.5 its/hit = 2.525s/hit): seed=10407761914338933358 [99, 175, 225, 227, 578, 599, 637, 652, 744, 792, 906, 1004, 1010, 1034, 1125, 1215, 1272, 1303, 1330, 1405, 1433, 1491, 1518, 1630, 1900, 1920, 1956]
Iter#1095479 New set #50 of size 27 (21909.6 its/hit = 2.340s/hit): seed=9905545233925654523 [161, 438, 515, 826, 886, 952, 982, 1014, 1027, 1056, 1209, 1320, 1389, 1462, 1534, 1610, 1700, 1726, 1737, 1786, 1794, 1883, 1919, 1929, 1942, 1960, 2031]
Iter#1220331 New set #60 of size 27 (20338.8 its/hit = 2.183s/hit): seed=9910007760607012869 [46, 116, 178, 300, 395, 451, 459, 561, 641, 643, 782, 915, 983, 1012, 1071, 1232, 1239, 1260, 1344, 1434, 1458, 1599, 1630, 1660, 1734, 1940, 1999]
Iter#1381621 New set #70 of size 27 (19737.4 its/hit = 2.114s/hit): seed=3061378486836560725 [37, 60, 112, 157, 244, 248, 282, 331, 385, 454, 657, 731, 857, 946, 991, 1031, 1056, 1255, 1341, 1356, 1490, 1603, 1812, 1949, 2002, 2004, 2026]
Iter#1577859 New set #80 of size 27 (19723.2 its/hit = 2.112s/hit): seed=9400461989094517888 [42, 274, 330, 391, 468, 494, 511, 526, 567, 597, 636, 734, 805, 845, 873, 960, 963, 1009, 1078, 1389, 1466, 1511, 1516, 1661, 1689, 1911, 1942]
Iter#1812059 New set #90 of size 27 (20134.0 its/hit = 2.156s/hit): seed=9136187716341057938 [1, 131, 154, 207, 421, 600, 699, 776, 936, 1045, 1087, 1093, 1164, 1230, 1333, 1447, 1499, 1508, 1540, 1549, 1567, 1598, 1827, 1836, 1858, 1970, 2008]
Iter#2057017 New set #100 of size 27 (20570.2 its/hit = 2.200s/hit): seed=8121193812983001305 [4, 100, 111, 324, 354, 429, 478, 563, 631, 635, 760, 777, 846, 1038, 1092, 1277, 1305, 1333, 1348, 1399, 1425, 1458, 1596, 1772, 1904, 1905, 1984]
Iter#4290822 New set #200 of size 27 (21454.1 its/hit = 2.315s/hit): seed=2772102025611458335 [84, 99, 181, 221, 223, 336, 415, 586, 748, 779, 802, 902, 909, 984, 1025, 1040, 1123, 1184, 1246, 1454, 1492, 1511, 1568, 1691, 1743, 1750, 2016]
Iter#6805743 New set #300 of size 27 (22685.8 its/hit = 2.453s/hit): seed=1735970537468118835 [92, 105, 220, 367, 380, 386, 400, 487, 488, 611, 651, 680, 748, 850, 1191, 1240, 1298, 1327, 1355, 1606, 1652, 1699, 1744, 1745, 1838, 1841, 1975]
Iter#9338738 New set #400 of size 27 (23346.8 its/hit = 2.525s/hit): seed=1178163559816410333 [153, 258, 445, 476, 512, 520, 555, 587, 713, 744, 762, 954, 980, 1188, 1329, 1433, 1484, 1556, 1561, 1621, 1670, 1680, 1779, 1820, 1866, 1939, 2003]
Iter#11562846 New set #500 of size 27 (23125.7 its/hit = 2.502s/hit): seed=11817159519623101885 [159, 230, 264, 310, 360, 408, 556, 696, 697, 715, 874, 1011, 1071, 1186, 1367, 1418, 1570, 1685, 1745, 1839, 1880, 1910, 1920, 1935, 1972, 1977, 2042]
Iter#13946580 New set #600 of size 27 (23244.3 its/hit = 2.515s/hit): seed=11590196254646153187 [21, 44, 177, 261, 382, 398, 541, 731, 804, 819, 839, 856, 858, 1021, 1242, 1254, 1271, 1280, 1349, 1459, 1614, 1628, 1636, 1646, 1674, 1740, 1855]
Iter#16620108 New set #700 of size 27 (23743.0 its/hit = 2.571s/hit): seed=9657475227766735759 [28, 97, 137, 176, 321, 332, 362, 417, 457, 467, 525, 676, 840, 902, 1015, 1266, 1280, 1347, 1353, 1355, 1400, 1403, 1505, 1681, 1714, 1733, 1853]
Iter#19182210 New set #800 of size 27 (23977.8 its/hit = 2.600s/hit): seed=11680537179197726417 [33, 103, 319, 373, 520, 564, 577, 611, 634, 656, 713, 959, 1072, 1141, 1144, 1210, 1393, 1397, 1471, 1476, 1520, 1575, 1585, 1676, 1756, 1824, 1958]
Iter#21573119 New set #900 of size 27 (23970.1 its/hit = 2.598s/hit): seed=3345840373394365629 [32, 207, 234, 303, 308, 374, 388, 390, 398, 465, 501, 525, 559, 577, 615, 680, 715, 834, 852, 892, 1040, 1119, 1416, 1580, 1696, 1992, 2019]
Iter#23661840 New set #1000 of size 27 (23661.8 its/hit = 2.565s/hit): seed=6608644516658193008 [17, 265, 290, 307, 321, 356, 433, 488, 504, 531, 548, 746, 813, 1059, 1097, 1107, 1220, 1230, 1292, 1360, 1396, 1493, 1609, 1824, 1843, 1904, 2032]
