[*] Computing DDT
[+] DDT Computed
DDT took 79.169203ms
Iter#1 New set #1 of size 24 (1.0 its/hit = 0.000s/hit): seed=8387676606765398409 [19, 40, 100, 166, 182, 260, 373, 434, 797, 808, 842, 870, 887, 902, 1081, 1313, 1369, 1546, 1724, 1806, 1823, 1897, 1931, 1976]
Iter#2 New set #1 of size 28 (2.0 its/hit = 0.000s/hit): seed=5583102376884634451 [102, 122, 134, 148, 184, 238, 272, 296, 435, 836, 853, 892, 962, 1037, 1143, 1177, 1191, 1251, 1480, 1494, 1517, 1623, 1798, 1821, 1888, 1928, 1937, 1949]
Iter#13 New set #2 of size 28 (6.5 its/hit = 0.000s/hit): seed=8336582352627903489 [210, 284, 360, 434, 700, 782, 888, 938, 975, 981, 1086, 1090, 1092, 1110, 1128, 1181, 1221, 1273, 1302, 1314, 1327, 1357, 1373, 1379, 1569, 1752, 1909, 1939]
Iter#23 New set #1 of size 29 (23.0 its/hit = 0.000s/hit): seed=4724739451280886046 [117, 130, 136, 175, 227, 307, 485, 698, 713, 749, 750, 801, 927, 990, 1005, 1216, 1246, 1263, 1316, 1523, 1536, 1561, 1581, 1660, 1686, 1708, 1822, 1867, 2020]
Iter#75 New set #2 of size 29 (37.5 its/hit = 0.000s/hit): seed=11525442067091068388 [115, 333, 342, 348, 469, 473, 513, 563, 572, 626, 881, 887, 889, 998, 1027, 1160, 1187, 1273, 1290, 1460, 1494, 1584, 1668, 1733, 1734, 1865, 1928, 1981, 2021]
Iter#118 New set #1 of size 30 (118.0 its/hit = 0.000s/hit): seed=316635674341898623 [94, 179, 211, 255, 293, 697, 824, 843, 924, 965, 1041, 1044, 1060, 1079, 1158, 1209, 1273, 1329, 1415, 1434, 1519, 1612, 1646, 1689, 1709, 1718, 1789, 1822, 1928, 2003]
Iter#190 New set #2 of size 30 (95.0 its/hit = 0.000s/hit): seed=7769144191641307714 [57, 114, 209, 232, 268, 424, 582, 609, 844, 885, 919, 925, 932, 1159, 1271, 1481, 1490, 1493, 1528, 1635, 1641, 1711, 1713, 1730, 1751, 1895, 1906, 1919, 1948, 2002]
Iter#218 New set #1 of size 31 (218.0 its/hit = 0.000s/hit): seed=10730392526550275614 [4, 89, 100, 193, 214, 256, 307, 332, 334, 494, 604, 679, 757, 790, 894, 934, 962, 1045, 1097, 1133, 1155, 1158, 1172, 1255, 1306, 1657, 1821, 1829, 1857, 1872, 1955]
Iter#565 New set #2 of size 31 (282.5 its/hit = 0.000s/hit): seed=17639296375646699716 [20, 196, 254, 304, 333, 371, 586, 654, 688, 868, 880, 915, 1030, 1038, 1050, 1055, 1114, 1207, 1243, 1254, 1328, 1535, 1610, 1621, 1681, 1795, 1848, 1898, 1918, 2007, 2017]
Iter#702 New set #3 of size 31 (234.0 its/hit = 0.000s/hit): seed=1424441183732196630 [11, 104, 157, 376, 579, 584, 799, 806, 831, 940, 955, 1200, 1206, 1213, 1222, 1285, 1297, 1316, 1318, 1465, 1538, 1542, 1561, 1695, 1712, 1737, 1781, 1790, 1807, 1916, 2031]
Iter#3651 New set #4 of size 31 (912.8 its/hit = 0.000s/hit): seed=9004072963698442935 [145, 172, 314, 331, 449, 499, 536, 560, 679, 736, 852, 869, 991, 1009, 1131, 1145, 1150, 1418, 1427, 1429, 1434, 1455, 1471, 1538, 1587, 1614, 1758, 1801, 1837, 1935, 1966]
Iter#3807 New set #5 of size 31 (761.4 its/hit = 0.000s/hit): seed=15384463202776494699 [43, 69, 103, 111, 112, 227, 355, 485, 607, 617, 679, 700, 720, 898, 934, 944, 983, 1031, 1141, 1174, 1433, 1440, 1479, 1511, 1552, 1578, 1655, 1671, 1737, 1876, 2017]
Iter#4092 New set #6 of size 31 (682.0 its/hit = 0.000s/hit): seed=8205871737315413699 [116, 327, 343, 612, 699, 715, 823, 835, 1014, 1094, 1156, 1217, 1264, 1342, 1343, 1415, 1504, 1526, 1569, 1578, 1600, 1602, 1697, 1766, 1855, 1918, 1968, 1971, 1975, 1989, 1991]
Iter#4160 New set #7 of size 31 (594.3 its/hit = 0.000s/hit): seed=9014947420431485661 [64, 111, 152, 161, 288, 303, 375, 394, 485, 602, 681, 721, 736, 902, 958, 960, 1065, 1092, 1186, 1213, 1234, 1308, 1335, 1357, 1359, 1368, 1421, 1547, 1575, 1828, 1951]
Iter#5038 New set #8 of size 31 (629.8 its/hit = 0.000s/hit): seed=4989318296131724532 [321, 342, 449, 575, 673, 707, 898, 973, 1015, 1038, 1085, 1121, 1131, 1195, 1278, 1341, 1359, 1401, 1480, 1506, 1528, 1552, 1676, 1734, 1738, 1741, 1784, 1834, 1932, 1948, 2027]
Iter#6151 New set #9 of size 31 (683.4 its/hit = 0.000s/hit): seed=11533329089155069255 [11, 21, 94, 335, 364, 377, 452, 676, 706, 727, 771, 864, 872, 942, 955, 1101, 1106, 1114, 1237, 1297, 1319, 1523, 1532, 1572, 1602, 1649, 1723, 1808, 1863, 1973, 2018]
Iter#6321 New set #10 of size 31 (632.1 its/hit = 0.000s/hit): seed=7165320080597991248 [56, 127, 134, 183, 249, 260, 289, 360, 466, 638, 654, 755, 784, 808, 894, 1015, 1037, 1055, 1081, 1094, 1106, 1192, 1215, 1216, 1419, 1459, 1490, 1691, 1699, 1793, 1852]
Iter#12731 New set #20 of size 31 (636.5 its/hit = 0.050s/hit): seed=10724798168893979168 [41, 43, 84, 94, 119, 225, 250, 258, 443, 483, 523, 578, 696, 779, 802, 835, 853, 888, 892, 1012, 1055, 1197, 1232, 1300, 1476, 1491, 1571, 1728, 1730, 1825, 1984]
Iter#17346 New set #30 of size 31 (578.2 its/hit = 0.033s/hit): seed=1914945903508753816 [70, 73, 153, 250, 268, 336, 356, 372, 426, 532, 552, 635, 678, 783, 1033, 1115, 1202, 1263, 1405, 1416, 1459, 1519, 1573, 1650, 1759, 1798, 1909, 1935, 1959, 1995, 2042]
Iter#26280 New set #40 of size 31 (657.0 its/hit = 0.075s/hit): seed=909054561235056443 [34, 45, 48, 53, 66, 224, 278, 382, 431, 618, 657, 725, 752, 910, 913, 964, 987, 1015, 1084, 1116, 1209, 1274, 1312, 1352, 1381, 1412, 1471, 1546, 1754, 1908, 1979]
Iter#34421 New set #50 of size 31 (688.4 its/hit = 0.080s/hit): seed=4257094071459948968 [84, 93, 125, 149, 251, 275, 487, 562, 734, 749, 757, 778, 801, 869, 1046, 1098, 1230, 1285, 1317, 1321, 1401, 1419, 1535, 1571, 1572, 1673, 1720, 1809, 1847, 1988, 1991]
Iter#40202 New set #60 of size 31 (670.0 its/hit = 0.067s/hit): seed=17886212858340739400 [54, 150, 160, 181, 196, 332, 372, 539, 619, 656, 660, 799, 919, 1157, 1204, 1265, 1402, 1472, 1574, 1617, 1639, 1665, 1713, 1735, 1751, 1756, 1759, 1777, 1963, 1973, 1995]
Iter#45429 New set #70 of size 31 (649.0 its/hit = 0.071s/hit): seed=1802765745081140543 [3, 69, 99, 183, 213, 221, 342, 399, 481, 503, 592, 634, 655, 708, 843, 951, 1098, 1152, 1238, 1325, 1369, 1482, 1554, 1607, 1776, 1809, 1833, 1949, 1958, 1962, 1969]
Iter#52446 New set #80 of size 31 (655.6 its/hit = 0.075s/hit): seed=2100695516936055440 [28, 31, 112, 258, 273, 285, 404, 483, 512, 624, 668, 859, 1008, 1097, 1110, 1115, 1277, 1298, 1333, 1349, 1355, 1364, 1379, 1514, 1559, 1610, 1792, 1825, 1845, 1861, 1984]
Iter#57437 New set #90 of size 31 (638.2 its/hit = 0.078s/hit): seed=16428948049557013565 [72, 103, 137, 147, 157, 162, 219, 336, 397, 464, 472, 495, 517, 610, 629, 689, 769, 865, 1110, 1252, 1332, 1492, 1581, 1609, 1621, 1637, 1726, 1782, 1925, 1946, 2015]
Iter#67915 New set #100 of size 31 (679.2 its/hit = 0.090s/hit): seed=6360312127099685154 [25, 46, 106, 132, 147, 160, 354, 450, 528, 606, 679, 687, 709, 841, 1035, 1233, 1353, 1439, 1441, 1483, 1555, 1575, 1586, 1682, 1736, 1795, 1806, 1872, 1892, 1934, 2032]
Iter#78465 New set #1 of size 32 (78465.0 its/hit = 12.000s/hit): seed=6804525880251659106 [35, 44, 365, 419, 444, 446, 453, 471, 601, 625, 717, 772, 794, 808, 933, 1150, 1256, 1332, 1343, 1353, 1381, 1491, 1496, 1573, 1598, 1613, 1633, 1641, 1651, 1671, 1783, 2034]
Iter#176753 New set #2 of size 32 (88376.5 its/hit = 14.500s/hit): seed=17676995231028150247 [44, 231, 268, 278, 318, 422, 497, 512, 577, 581, 589, 619, 995, 1076, 1101, 1207, 1228, 1235, 1314, 1332, 1386, 1425, 1465, 1477, 1504, 1596, 1614, 1673, 1766, 1839, 1845, 1901]
Iter#223201 New set #3 of size 32 (74400.3 its/hit = 12.333s/hit): seed=9913273682453538326 [79, 169, 174, 191, 198, 384, 516, 612, 694, 714, 768, 829, 867, 966, 1059, 1101, 1165, 1166, 1267, 1369, 1439, 1487, 1512, 1607, 1612, 1625, 1631, 1695, 1769, 1816, 1919, 1925]
Iter#272419 New set #4 of size 32 (68104.8 its/hit = 11.000s/hit): seed=428283294657646613 [5, 230, 294, 366, 383, 409, 484, 519, 542, 620, 641, 694, 754, 850, 1057, 1091, 1103, 1193, 1260, 1270, 1328, 1348, 1389, 1447, 1494, 1639, 1781, 1809, 1871, 1967, 1996, 2014]
Iter#370713 New set #5 of size 32 (74142.6 its/hit = 11.200s/hit): seed=8100767063830494681 [35, 61, 169, 253, 283, 352, 430, 458, 463, 464, 498, 513, 736, 915, 1013, 1019, 1029, 1052, 1165, 1223, 1265, 1274, 1288, 1333, 1392, 1430, 1645, 1718, 1756, 1770, 1792, 1910]
Iter#669469 New set #6 of size 32 (111578.2 its/hit = 16.333s/hit): seed=5749921225781893488 [52, 83, 154, 201, 415, 441, 464, 485, 554, 633, 688, 712, 739, 746, 783, 880, 987, 1064, 1199, 1284, 1354, 1401, 1417, 1448, 1477, 1605, 1734, 1815, 1870, 1929, 1952, 2029]
Iter#702030 New set #7 of size 32 (100290.0 its/hit = 15.000s/hit): seed=2252739393090035643 [187, 269, 313, 380, 455, 472, 527, 610, 726, 770, 789, 856, 955, 1190, 1196, 1240, 1274, 1297, 1390, 1399, 1440, 1451, 1507, 1514, 1582, 1652, 1685, 1705, 1874, 1956, 1979, 2025]
Iter#754922 New set #8 of size 32 (94365.2 its/hit = 14.375s/hit): seed=13332333163047973524 [11, 111, 144, 346, 396, 403, 458, 595, 665, 666, 790, 930, 1048, 1079, 1280, 1324, 1428, 1451, 1536, 1581, 1650, 1666, 1680, 1711, 1719, 1770, 1806, 1823, 1878, 1882, 1980, 1994]
Iter#788635 New set #9 of size 32 (87626.1 its/hit = 13.556s/hit): seed=3759626486342320385 [3, 26, 170, 190, 537, 578, 764, 835, 853, 911, 1001, 1048, 1121, 1247, 1285, 1295, 1307, 1442, 1453, 1455, 1571, 1606, 1633, 1689, 1693, 1700, 1716, 1741, 1772, 1922, 1927, 1985]
Iter#844899 New set #10 of size 32 (84489.9 its/hit = 13.000s/hit): seed=16744887259081167365 [82, 144, 170, 209, 258, 272, 314, 342, 400, 492, 516, 564, 587, 676, 718, 889, 902, 1101, 1110, 1245, 1276, 1283, 1388, 1478, 1588, 1657, 1660, 1741, 1769, 1816, 1848, 2015]
Iter#1179901 New set #20 of size 32 (58995.1 its/hit = 8.900s/hit): seed=4972821905150108569 [39, 152, 191, 197, 208, 289, 389, 454, 494, 569, 604, 620, 635, 667, 682, 708, 739, 824, 841, 885, 943, 949, 1099, 1138, 1140, 1307, 1436, 1685, 1769, 1799, 1879, 1890]
