[*] Computing DDT
[+] DDT Computed
DDT took 79.812438ms
Iter#1 New set #1 of size 26 (1.0 its/hit = 0.000s/hit): seed=16777686655041061830 [87, 178, 263, 283, 458, 514, 793, 817, 1005, 1033, 1096, 1118, 1181, 1324, 1363, 1579, 1610, 1632, 1657, 1698, 1713, 1867, 1873, 1874, 1894, 1895]
Iter#4 New set #1 of size 27 (4.0 its/hit = 0.000s/hit): seed=15123801835664532617 [53, 75, 115, 126, 163, 208, 211, 226, 277, 288, 350, 363, 547, 610, 672, 861, 1205, 1384, 1544, 1624, 1656, 1826, 1842, 1873, 1921, 1970, 2034]
Iter#8 New set #2 of size 27 (4.0 its/hit = 0.000s/hit): seed=12807341518993045963 [184, 269, 313, 331, 347, 413, 459, 535, 564, 580, 618, 641, 736, 870, 887, 955, 1026, 1050, 1128, 1145, 1313, 1345, 1515, 1546, 1714, 1786, 1953]
Iter#12 New set #3 of size 27 (4.0 its/hit = 0.000s/hit): seed=3160926183806580325 [47, 98, 164, 195, 321, 357, 440, 474, 615, 702, 727, 764, 782, 1083, 1386, 1401, 1487, 1595, 1600, 1625, 1649, 1677, 1811, 1898, 1923, 1986, 2017]
Iter#13 New set #4 of size 27 (3.2 its/hit = 0.000s/hit): seed=11238285758251026678 [23, 74, 187, 242, 346, 541, 548, 603, 646, 706, 710, 882, 894, 980, 989, 1137, 1167, 1256, 1323, 1376, 1476, 1560, 1621, 1689, 1807, 1817, 1989]
Iter#17 New set #1 of size 28 (17.0 its/hit = 0.000s/hit): seed=14807272713951453499 [80, 106, 109, 126, 299, 517, 551, 561, 609, 610, 643, 667, 670, 690, 810, 1054, 1102, 1167, 1279, 1382, 1486, 1583, 1598, 1640, 1663, 1810, 1832, 2022]
Iter#28 New set #1 of size 29 (28.0 its/hit = 0.000s/hit): seed=13101899858783132824 [69, 112, 129, 145, 377, 452, 504, 655, 677, 714, 840, 956, 1098, 1356, 1362, 1407, 1462, 1514, 1523, 1588, 1713, 1717, 1837, 1849, 1869, 1909, 1916, 1996, 2044]
Iter#66 New set #2 of size 29 (33.0 its/hit = 0.000s/hit): seed=10509850287352354582 [5, 12, 50, 58, 70, 86, 116, 146, 281, 283, 292, 299, 351, 365, 382, 401, 415, 423, 443, 483, 692, 995, 1125, 1349, 1562, 1732, 1760, 1875, 2030]
Iter#110 New set #3 of size 29 (36.7 its/hit = 0.000s/hit): seed=10730519498164796110 [124, 158, 286, 303, 306, 318, 339, 450, 467, 515, 578, 639, 793, 812, 848, 872, 880, 1070, 1104, 1173, 1193, 1412, 1435, 1618, 1771, 1778, 1997, 2009, 2011]
Iter#117 New set #1 of size 30 (117.0 its/hit = 0.000s/hit): seed=5603629515288759383 [4, 142, 257, 549, 591, 609, 744, 847, 874, 876, 961, 1047, 1055, 1095, 1159, 1169, 1199, 1251, 1302, 1419, 1436, 1488, 1547, 1575, 1640, 1872, 1900, 1995, 2014, 2031]
Iter#139 New set #2 of size 30 (69.5 its/hit = 0.000s/hit): seed=1801708488694488017 [184, 223, 308, 442, 607, 613, 748, 760, 858, 872, 984, 997, 1062, 1134, 1163, 1205, 1222, 1228, 1248, 1329, 1441, 1522, 1556, 1578, 1748, 1762, 1822, 1902, 1942, 2010]
Iter#143 New set #3 of size 30 (47.7 its/hit = 0.000s/hit): seed=17120699984413141519 [9, 16, 25, 54, 58, 99, 105, 172, 354, 530, 663, 705, 758, 834, 901, 908, 917, 924, 1022, 1142, 1175, 1204, 1233, 1258, 1488, 1631, 1642, 1740, 1835, 1980]
Iter#241 New set #4 of size 30 (60.2 its/hit = 0.000s/hit): seed=6231824793156640100 [50, 57, 101, 338, 389, 489, 691, 809, 857, 858, 932, 951, 953, 961, 977, 1083, 1165, 1200, 1237, 1272, 1297, 1334, 1441, 1562, 1611, 1812, 1839, 1905, 1954, 1978]
Iter#305 New set #5 of size 30 (61.0 its/hit = 0.000s/hit): seed=17599010973344110852 [17, 29, 165, 319, 360, 537, 545, 547, 633, 690, 841, 846, 896, 913, 1031, 1094, 1326, 1420, 1437, 1439, 1454, 1548, 1565, 1576, 1639, 1644, 1776, 1807, 1958, 1979]
Iter#382 New set #6 of size 30 (63.7 its/hit = 0.000s/hit): seed=734203363195395918 [42, 190, 267, 437, 448, 490, 542, 581, 703, 768, 940, 1038, 1112, 1138, 1432, 1434, 1458, 1469, 1480, 1499, 1568, 1569, 1628, 1643, 1705, 1762, 1879, 1894, 2011, 2025]
Iter#401 New set #7 of size 30 (57.3 its/hit = 0.000s/hit): seed=16216591130864594924 [3, 134, 185, 189, 212, 250, 388, 432, 482, 527, 598, 679, 718, 803, 867, 974, 1005, 1076, 1167, 1215, 1227, 1359, 1373, 1644, 1655, 1712, 1744, 1801, 1874, 2024]
Iter#436 New set #8 of size 30 (54.5 its/hit = 0.000s/hit): seed=9492691793686164126 [26, 64, 122, 323, 461, 471, 538, 544, 570, 654, 724, 858, 881, 1005, 1015, 1169, 1262, 1287, 1491, 1534, 1554, 1579, 1675, 1804, 1844, 1920, 1922, 2006, 2013, 2039]
Iter#474 New set #9 of size 30 (52.7 its/hit = 0.000s/hit): seed=16104018527648830761 [244, 460, 482, 618, 724, 735, 824, 829, 846, 972, 989, 1041, 1060, 1142, 1154, 1163, 1256, 1349, 1410, 1486, 1523, 1584, 1742, 1772, 1836, 1842, 1870, 1966, 1978, 2038]
Iter#504 New set #1 of size 31 (504.0 its/hit = 0.000s/hit): seed=11871286453731416469 [38, 42, 131, 246, 322, 476, 541, 592, 614, 622, 659, 706, 876, 908, 957, 973, 1003, 1070, 1144, 1195, 1399, 1408, 1442, 1446, 1558, 1613, 1643, 1645, 1700, 1787, 1831]
Iter#1070 New set #2 of size 31 (535.0 its/hit = 0.000s/hit): seed=7682946736477201119 [111, 155, 158, 241, 263, 274, 298, 321, 335, 360, 385, 409, 433, 502, 706, 782, 873, 950, 1039, 1055, 1105, 1138, 1172, 1269, 1317, 1413, 1470, 1605, 1620, 1831, 1992]
Iter#1342 New set #3 of size 31 (447.3 its/hit = 0.000s/hit): seed=10798438879455473815 [7, 106, 163, 164, 225, 248, 287, 325, 342, 367, 384, 445, 603, 677, 680, 1059, 1060, 1089, 1152, 1159, 1211, 1240, 1565, 1677, 1688, 1714, 1734, 1751, 1765, 1880, 1952]
Iter#2312 New set #4 of size 31 (578.0 its/hit = 0.000s/hit): seed=15115518290951239361 [71, 201, 211, 267, 309, 312, 317, 347, 367, 486, 530, 577, 648, 685, 705, 807, 821, 866, 887, 1012, 1110, 1128, 1343, 1392, 1409, 1526, 1563, 1903, 1908, 1918, 1975]
Iter#2647 New set #5 of size 31 (529.4 its/hit = 0.000s/hit): seed=16862135618548678984 [34, 61, 110, 299, 398, 399, 428, 442, 607, 645, 679, 705, 762, 779, 809, 832, 955, 971, 1056, 1061, 1108, 1226, 1298, 1318, 1373, 1434, 1754, 1888, 1965, 2009, 2038]
Iter#2828 New set #6 of size 31 (471.3 its/hit = 0.000s/hit): seed=14680413960324784543 [6, 14, 82, 92, 119, 133, 201, 243, 331, 346, 403, 519, 595, 666, 756, 777, 960, 969, 978, 1017, 1187, 1337, 1363, 1440, 1677, 1768, 1876, 1888, 1947, 1959, 1978]
Iter#3293 New set #7 of size 31 (470.4 its/hit = 0.000s/hit): seed=17811601914604765163 [83, 156, 214, 217, 349, 486, 514, 530, 654, 660, 718, 724, 815, 869, 915, 1032, 1262, 1284, 1317, 1420, 1444, 1465, 1490, 1500, 1786, 1798, 1847, 1910, 1945, 1963, 2000]
Iter#4635 New set #8 of size 31 (579.4 its/hit = 0.000s/hit): seed=4575849443731111957 [57, 76, 107, 169, 294, 317, 365, 404, 587, 646, 1025, 1054, 1124, 1145, 1152, 1200, 1229, 1234, 1266, 1352, 1369, 1379, 1520, 1668, 1776, 1833, 1862, 1913, 1943, 1953, 1981]
Iter#6127 New set #9 of size 31 (680.8 its/hit = 0.000s/hit): seed=3956039578560043750 [7, 12, 80, 105, 223, 241, 283, 335, 345, 370, 402, 516, 731, 942, 976, 1039, 1215, 1238, 1339, 1444, 1485, 1508, 1697, 1702, 1783, 1801, 1822, 1855, 1953, 1979, 2016]
Iter#6770 New set #10 of size 31 (677.0 its/hit = 0.000s/hit): seed=17839456307205009231 [19, 49, 63, 120, 182, 287, 288, 339, 421, 480, 641, 692, 995, 999, 1038, 1045, 1233, 1343, 1372, 1410, 1509, 1512, 1515, 1611, 1629, 1637, 1652, 1748, 1846, 1876, 1899]
Iter#20267 New set #20 of size 31 (1013.3 its/hit = 0.100s/hit): seed=5556981025067036121 [125, 127, 128, 146, 361, 399, 550, 623, 658, 734, 749, 765, 839, 937, 1068, 1155, 1185, 1186, 1265, 1287, 1292, 1429, 1544, 1567, 1657, 1701, 1808, 1834, 1896, 1997, 2042]
Iter#32503 New set #30 of size 31 (1083.4 its/hit = 0.100s/hit): seed=8800834543548767209 [93, 101, 191, 232, 267, 325, 575, 610, 701, 799, 934, 952, 989, 1069, 1077, 1096, 1128, 1145, 1269, 1289, 1377, 1546, 1553, 1623, 1637, 1743, 1754, 1844, 1926, 1941, 2032]
Iter#40392 New set #40 of size 31 (1009.8 its/hit = 0.100s/hit): seed=405665221365773862 [184, 300, 308, 373, 406, 481, 540, 597, 646, 687, 698, 738, 906, 986, 1001, 1013, 1135, 1167, 1218, 1306, 1330, 1364, 1413, 1443, 1648, 1728, 1758, 1864, 1936, 1944, 1973]
Iter#49000 New set #50 of size 31 (980.0 its/hit = 0.120s/hit): seed=8672572566361945249 [11, 77, 108, 138, 188, 196, 230, 241, 305, 337, 628, 1034, 1080, 1095, 1120, 1146, 1199, 1206, 1265, 1275, 1306, 1361, 1598, 1618, 1708, 1716, 1752, 1765, 1867, 1940, 1946]
Iter#54020 New set #60 of size 31 (900.3 its/hit = 0.100s/hit): seed=16026556657673679872 [88, 133, 214, 239, 260, 281, 318, 337, 358, 388, 427, 680, 747, 752, 879, 886, 918, 932, 974, 1038, 1081, 1099, 1276, 1356, 1424, 1430, 1448, 1496, 1986, 1991, 1992]
Iter#60105 New set #70 of size 31 (858.6 its/hit = 0.100s/hit): seed=11548207285426533635 [64, 183, 251, 265, 310, 394, 419, 458, 485, 561, 604, 629, 675, 755, 838, 841, 892, 1035, 1118, 1213, 1216, 1234, 1416, 1481, 1518, 1704, 1717, 1869, 1871, 1980, 2027]
Iter#69151 New set #80 of size 31 (864.4 its/hit = 0.100s/hit): seed=13210359415703714943 [84, 230, 331, 413, 447, 456, 460, 522, 541, 555, 672, 781, 857, 872, 1025, 1031, 1236, 1273, 1403, 1456, 1458, 1481, 1508, 1579, 1697, 1700, 1725, 1769, 1889, 1897, 1986]
Iter#76941 New set #90 of size 31 (854.9 its/hit = 0.100s/hit): seed=8469487194438902392 [3, 145, 165, 339, 476, 479, 514, 523, 894, 931, 987, 1025, 1065, 1079, 1131, 1188, 1375, 1487, 1593, 1594, 1613, 1737, 1750, 1771, 1840, 1876, 1919, 1997, 2010, 2021, 2022]
Iter#83090 New set #100 of size 31 (830.9 its/hit = 0.100s/hit): seed=7746806464961889501 [94, 158, 272, 334, 509, 512, 568, 670, 690, 697, 941, 961, 967, 973, 978, 987, 1248, 1257, 1342, 1373, 1474, 1488, 1622, 1725, 1730, 1746, 1763, 1965, 1976, 1998, 2035]
Iter#101374 New set #1 of size 32 (101374.0 its/hit = 12.000s/hit): seed=14248934338875865462 [46, 85, 104, 148, 213, 215, 260, 404, 508, 513, 529, 532, 559, 803, 1031, 1099, 1135, 1195, 1420, 1427, 1437, 1442, 1531, 1602, 1682, 1754, 1762, 1812, 1833, 1840, 1933, 1955]
Iter#111925 New set #2 of size 32 (55962.5 its/hit = 7.000s/hit): seed=14109227248981501845 [100, 238, 386, 604, 626, 661, 691, 727, 749, 791, 915, 916, 919, 968, 988, 1051, 1169, 1233, 1286, 1357, 1378, 1402, 1433, 1464, 1582, 1678, 1804, 1866, 1971, 1973, 2001, 2033]
Iter#141355 New set #3 of size 32 (47118.3 its/hit = 5.667s/hit): seed=4826163835561790135 [158, 218, 219, 276, 322, 327, 408, 486, 574, 601, 649, 740, 836, 844, 880, 892, 927, 934, 997, 1025, 1108, 1125, 1167, 1611, 1635, 1645, 1657, 1696, 1785, 1808, 1821, 1995]
Iter#379238 New set #4 of size 32 (94809.5 its/hit = 12.000s/hit): seed=3530938247864479350 [60, 120, 155, 192, 596, 616, 622, 666, 686, 716, 761, 781, 1053, 1057, 1066, 1067, 1068, 1149, 1181, 1206, 1259, 1292, 1318, 1407, 1541, 1605, 1609, 1653, 1669, 1797, 1851, 1882]
Iter#452152 New set #5 of size 32 (90430.4 its/hit = 11.400s/hit): seed=3424917242931551040 [44, 160, 173, 189, 193, 196, 400, 518, 591, 604, 769, 821, 830, 846, 911, 942, 1003, 1018, 1228, 1294, 1385, 1436, 1453, 1487, 1517, 1560, 1600, 1623, 1665, 1674, 1683, 2001]
Iter#466732 New set #6 of size 32 (77788.7 its/hit = 9.833s/hit): seed=9380044533282973273 [120, 146, 218, 261, 404, 479, 506, 528, 585, 691, 732, 737, 813, 872, 913, 934, 990, 994, 1059, 1085, 1095, 1112, 1125, 1215, 1293, 1376, 1397, 1466, 1537, 1628, 1707, 1747]
Iter#504842 New set #7 of size 32 (72120.3 its/hit = 9.143s/hit): seed=10266973377525644824 [15, 58, 178, 223, 224, 233, 420, 427, 461, 494, 503, 589, 660, 686, 707, 716, 717, 792, 809, 857, 867, 871, 872, 932, 1220, 1264, 1320, 1381, 1438, 1556, 1652, 2044]
Iter#521324 New set #8 of size 32 (65165.5 its/hit = 8.250s/hit): seed=10685875548319320774 [117, 162, 165, 192, 215, 269, 274, 313, 376, 418, 431, 474, 631, 756, 779, 854, 916, 961, 1073, 1076, 1084, 1142, 1176, 1256, 1322, 1354, 1564, 1646, 1707, 1878, 1982, 2031]
Iter#537847 New set #9 of size 32 (59760.8 its/hit = 7.556s/hit): seed=3644518674508641822 [4, 246, 270, 298, 400, 401, 538, 702, 705, 842, 907, 941, 944, 979, 1006, 1070, 1131, 1208, 1214, 1265, 1283, 1299, 1312, 1376, 1382, 1422, 1559, 1604, 1680, 1771, 1914, 1950]
Iter#553524 New set #10 of size 32 (55352.4 its/hit = 7.000s/hit): seed=17591716345699997915 [18, 80, 96, 185, 231, 455, 508, 676, 788, 879, 924, 941, 972, 1215, 1259, 1365, 1382, 1422, 1423, 1452, 1502, 1516, 1526, 1554, 1601, 1602, 1694, 1703, 1769, 1784, 1793, 1854]
Iter#907479 New set #20 of size 32 (45373.9 its/hit = 5.700s/hit): seed=6135725101892088666 [35, 75, 107, 185, 226, 273, 369, 370, 437, 480, 497, 546, 648, 663, 707, 743, 794, 814, 972, 1133, 1187, 1205, 1278, 1285, 1288, 1514, 1574, 1597, 1654, 1675, 1732, 1916]
Iter#1186757 New set #30 of size 32 (39558.6 its/hit = 4.967s/hit): seed=2910401130430201393 [36, 173, 199, 232, 480, 501, 576, 647, 691, 707, 708, 733, 759, 822, 855, 1016, 1080, 1126, 1185, 1285, 1298, 1323, 1359, 1362, 1485, 1540, 1574, 1761, 1787, 1806, 1856, 1998]
Iter#1704913 New set #40 of size 32 (42622.8 its/hit = 5.325s/hit): seed=17109616897853762765 [77, 111, 175, 186, 247, 337, 362, 430, 449, 495, 556, 560, 637, 650, 711, 759, 851, 866, 1079, 1150, 1152, 1195, 1248, 1256, 1263, 1326, 1345, 1435, 1449, 1787, 1935, 2043]
Iter#2228527 New set #50 of size 32 (44570.5 its/hit = 5.580s/hit): seed=9291799670332805421 [29, 51, 202, 264, 353, 364, 576, 683, 689, 699, 763, 786, 922, 984, 1076, 1153, 1201, 1259, 1278, 1283, 1361, 1469, 1504, 1602, 1658, 1694, 1725, 1819, 1830, 1980, 2028, 2036]
Iter#2756356 New set #60 of size 32 (45939.3 its/hit = 5.750s/hit): seed=18029913764880253888 [7, 42, 167, 170, 279, 288, 293, 317, 482, 603, 604, 647, 668, 685, 687, 711, 737, 912, 954, 1007, 1031, 1073, 1089, 1094, 1172, 1562, 1565, 1608, 1649, 1726, 1965, 2030]
Iter#3232920 New set #70 of size 32 (46184.6 its/hit = 5.786s/hit): seed=18340742851046622889 [84, 91, 177, 190, 240, 280, 297, 339, 425, 670, 912, 931, 938, 1009, 1058, 1077, 1134, 1171, 1338, 1395, 1419, 1484, 1490, 1553, 1599, 1786, 1846, 1884, 1920, 1939, 1951, 1988]
Iter#3597533 New set #80 of size 32 (44969.2 its/hit = 5.638s/hit): seed=17411279126002378489 [18, 108, 303, 371, 411, 474, 503, 524, 636, 675, 738, 851, 1071, 1094, 1122, 1209, 1215, 1271, 1275, 1349, 1351, 1357, 1467, 1566, 1719, 1736, 1755, 1814, 1836, 1841, 1856, 1863]
Iter#4361590 New set #90 of size 32 (48462.1 its/hit = 6.067s/hit): seed=9189396822223834681 [42, 65, 230, 261, 318, 476, 483, 643, 648, 693, 754, 756, 799, 949, 1069, 1228, 1292, 1334, 1377, 1412, 1477, 1567, 1580, 1625, 1727, 1784, 1823, 1841, 1884, 1904, 1978, 1997]
Iter#5143992 New set #100 of size 32 (51439.9 its/hit = 6.450s/hit): seed=4585191621281714780 [42, 169, 339, 416, 541, 550, 555, 588, 603, 861, 887, 907, 1106, 1121, 1138, 1214, 1279, 1357, 1368, 1394, 1473, 1489, 1541, 1575, 1582, 1583, 1610, 1863, 1937, 1942, 2014, 2026]
Iter#12000920 New set #200 of size 32 (60004.6 its/hit = 7.515s/hit): seed=17117457972122742625 [184, 214, 264, 311, 341, 345, 370, 450, 544, 548, 570, 619, 714, 839, 860, 919, 920, 977, 1023, 1089, 1171, 1316, 1436, 1444, 1635, 1755, 1764, 1784, 1882, 1888, 1954, 1999]
Iter#18412173 New set #300 of size 32 (61373.9 its/hit = 7.683s/hit): seed=6257357579197327041 [53, 83, 102, 125, 128, 133, 136, 449, 520, 677, 795, 816, 915, 947, 1090, 1195, 1321, 1343, 1344, 1380, 1429, 1440, 1463, 1478, 1523, 1572, 1708, 1749, 1793, 1877, 1899, 1994]
Iter#24775501 New set #400 of size 32 (61938.8 its/hit = 7.768s/hit): seed=17190394215796408257 [57, 70, 84, 111, 121, 150, 182, 184, 212, 409, 467, 610, 637, 645, 918, 976, 978, 996, 1033, 1221, 1285, 1305, 1325, 1347, 1424, 1652, 1683, 1749, 1783, 1832, 1841, 2029]
Iter#31285484 New set #500 of size 32 (62571.0 its/hit = 7.842s/hit): seed=11484243626027078852 [43, 68, 178, 274, 416, 786, 970, 976, 985, 1010, 1092, 1103, 1108, 1114, 1128, 1220, 1254, 1291, 1300, 1350, 1353, 1364, 1365, 1407, 1430, 1524, 1646, 1677, 1702, 1749, 1857, 1859]
Iter#37917306 New set #600 of size 32 (63195.5 its/hit = 7.917s/hit): seed=3074747455105700365 [37, 67, 273, 290, 292, 308, 421, 583, 658, 757, 795, 821, 944, 991, 1036, 1187, 1204, 1213, 1251, 1409, 1502, 1585, 1623, 1640, 1729, 1757, 1776, 1784, 1811, 1985, 1996, 2025]
Iter#44834923 New set #700 of size 32 (64049.9 its/hit = 8.023s/hit): seed=15439817474784778257 [53, 75, 97, 110, 217, 288, 349, 350, 370, 628, 793, 850, 967, 1010, 1025, 1032, 1154, 1182, 1352, 1369, 1388, 1390, 1420, 1479, 1685, 1694, 1707, 1739, 1758, 1810, 1824, 1866]
Iter#50996723 New set #800 of size 32 (63745.9 its/hit = 7.980s/hit): seed=7209148607589797284 [75, 151, 158, 166, 174, 250, 311, 327, 489, 567, 623, 681, 705, 808, 836, 902, 945, 1063, 1077, 1093, 1195, 1299, 1313, 1485, 1538, 1635, 1636, 1690, 1692, 1773, 1914, 1975]
Iter#57183990 New set #900 of size 32 (63537.8 its/hit = 7.939s/hit): seed=917814728181706342 [128, 136, 195, 198, 259, 346, 391, 423, 620, 708, 820, 822, 825, 861, 933, 967, 1059, 1077, 1116, 1286, 1334, 1584, 1593, 1636, 1672, 1705, 1774, 1777, 1778, 1802, 1898, 2034]
