[*] Computing DDT
[+] DDT Computed
DDT took 109.5576ms
Iter#1 New set #1 of size 24 (1.0 its/hit = 0.000s/hit): seed=10748733658703912722 [65, 145, 376, 434, 468, 494, 538, 610, 627, 703, 838, 989, 1033, 1140, 1212, 1231, 1262, 1292, 1316, 1395, 1534, 1576, 1801, 1982]
Iter#3 New set #2 of size 24 (1.5 its/hit = 0.000s/hit): seed=16985982779662665127 [0, 158, 191, 244, 284, 289, 313, 381, 397, 400, 543, 592, 619, 648, 678, 1221, 1320, 1341, 1407, 1413, 1434, 1663, 1910, 1967]
Iter#4 New set #3 of size 24 (1.3 its/hit = 0.000s/hit): seed=11388178320234035644 [126, 395, 414, 486, 609, 612, 634, 726, 744, 789, 848, 1000, 1074, 1114, 1221, 1227, 1289, 1312, 1527, 1625, 1656, 1842, 1892, 1927]
Iter#14 New set #4 of size 24 (3.5 its/hit = 0.000s/hit): seed=15023814499916643784 [43, 55, 60, 91, 181, 223, 246, 274, 340, 421, 425, 479, 492, 494, 712, 805, 884, 962, 1317, 1404, 1787, 1896, 1984, 1988]
Iter#27 New set #1 of size 25 (27.0 its/hit = 0.000s/hit): seed=7327205607251225231 [322, 324, 478, 514, 563, 574, 947, 996, 1203, 1267, 1284, 1330, 1367, 1375, 1439, 1445, 1491, 1734, 1760, 1770, 1838, 1908, 1959, 2010, 2042]
Iter#206 New set #2 of size 25 (103.0 its/hit = 0.000s/hit): seed=5133130633915401929 [45, 113, 164, 437, 479, 482, 586, 620, 645, 768, 779, 863, 895, 917, 923, 1082, 1283, 1434, 1544, 1548, 1557, 1755, 1790, 1893, 1961]
Iter#259 New set #3 of size 25 (86.3 its/hit = 0.000s/hit): seed=13909699774520603180 [204, 220, 307, 373, 494, 596, 665, 682, 737, 747, 761, 851, 854, 913, 927, 1107, 1257, 1262, 1295, 1392, 1412, 1773, 1976, 2005, 2023]
Iter#383 New set #4 of size 25 (95.8 its/hit = 0.000s/hit): seed=10582442475285737478 [108, 232, 245, 320, 345, 350, 371, 735, 759, 796, 804, 852, 877, 951, 972, 1007, 1182, 1316, 1441, 1497, 1632, 1642, 1685, 1814, 1972]
Iter#407 New set #5 of size 25 (81.4 its/hit = 0.000s/hit): seed=13536304488052138335 [77, 84, 111, 122, 127, 224, 337, 380, 403, 463, 561, 678, 709, 859, 1040, 1051, 1399, 1401, 1424, 1645, 1727, 1741, 1767, 1877, 2002]
Iter#692 New set #6 of size 25 (115.3 its/hit = 0.000s/hit): seed=13979445357624610782 [22, 125, 220, 469, 558, 573, 611, 654, 679, 802, 815, 923, 963, 1142, 1228, 1326, 1486, 1492, 1637, 1691, 1729, 1962, 1990, 2041, 2046]
Iter#809 New set #7 of size 25 (115.6 its/hit = 0.000s/hit): seed=6814913452572615869 [84, 103, 131, 157, 197, 269, 321, 332, 333, 726, 752, 787, 854, 923, 1032, 1059, 1228, 1371, 1457, 1618, 1737, 1875, 1925, 1953, 2021]
Iter#843 New set #8 of size 25 (105.4 its/hit = 0.000s/hit): seed=15112088662743076588 [312, 450, 482, 501, 572, 696, 708, 770, 779, 788, 950, 1072, 1094, 1122, 1161, 1328, 1377, 1442, 1623, 1626, 1634, 1809, 1817, 1827, 1878]
Iter#1120 New set #9 of size 25 (124.4 its/hit = 0.000s/hit): seed=8081899607569041678 [2, 174, 271, 386, 523, 656, 723, 765, 844, 974, 989, 1095, 1119, 1136, 1184, 1196, 1255, 1294, 1296, 1378, 1827, 1856, 1879, 1926, 1951]
Iter#1422 New set #10 of size 25 (142.2 its/hit = 0.000s/hit): seed=8180348711079448281 [205, 214, 215, 239, 261, 333, 349, 371, 385, 449, 729, 826, 848, 852, 1107, 1200, 1265, 1305, 1631, 1660, 1692, 1697, 1710, 1764, 1948]
Iter#1433 New set #1 of size 26 (1433.0 its/hit = 0.000s/hit): seed=10519809711454990529 [221, 229, 294, 386, 517, 559, 598, 626, 785, 859, 901, 939, 948, 1078, 1261, 1284, 1413, 1474, 1551, 1570, 1620, 1735, 1845, 1882, 1978, 2039]
Iter#2860 New set #1 of size 27 (2860.0 its/hit = 0.000s/hit): seed=7275024129863477622 [57, 121, 224, 228, 417, 462, 527, 576, 594, 600, 700, 740, 778, 784, 854, 894, 921, 1011, 1428, 1471, 1595, 1634, 1794, 1960, 1971, 2003, 2010]
Iter#6667 New set #1 of size 28 (6667.0 its/hit = 1.000s/hit): seed=2534393564174950276 [5, 11, 19, 66, 193, 227, 272, 409, 489, 681, 782, 831, 867, 969, 1030, 1056, 1249, 1310, 1430, 1555, 1660, 1687, 1755, 1855, 1882, 1890, 1942, 1951]
Iter#18653 New set #2 of size 28 (9326.5 its/hit = 2.000s/hit): seed=15092399044632635918 [128, 233, 315, 354, 443, 509, 659, 660, 948, 986, 1035, 1063, 1137, 1173, 1227, 1256, 1304, 1330, 1368, 1498, 1635, 1766, 1888, 1896, 1902, 1925, 1936, 1951]
Iter#19584 New set #3 of size 28 (6528.0 its/hit = 1.333s/hit): seed=15604441536505161286 [96, 134, 174, 208, 220, 234, 311, 435, 462, 627, 756, 800, 811, 815, 906, 967, 1188, 1232, 1273, 1691, 1768, 1777, 1788, 1899, 1924, 2001, 2033, 2035]
Iter#21405 New set #4 of size 28 (5351.2 its/hit = 1.250s/hit): seed=9421013504131744126 [1, 75, 128, 260, 368, 385, 518, 529, 572, 583, 624, 680, 705, 804, 805, 816, 867, 901, 988, 1147, 1192, 1261, 1266, 1354, 1363, 1410, 1745, 1749]
Iter#22691 New set #5 of size 28 (4538.2 its/hit = 1.000s/hit): seed=4071491518079873323 [186, 294, 376, 429, 495, 513, 545, 561, 606, 618, 685, 735, 905, 920, 1034, 1036, 1079, 1189, 1199, 1258, 1283, 1371, 1496, 1532, 1597, 1702, 1707, 2030]
Iter#26530 New set #6 of size 28 (4421.7 its/hit = 1.000s/hit): seed=5930370688557194075 [48, 107, 203, 250, 274, 386, 549, 683, 747, 798, 812, 856, 890, 966, 1034, 1338, 1351, 1422, 1476, 1541, 1570, 1620, 1658, 1720, 1747, 1798, 1842, 1865]
Iter#42499 New set #7 of size 28 (6071.3 its/hit = 1.429s/hit): seed=5580827347909554813 [121, 148, 197, 266, 351, 394, 400, 413, 512, 655, 698, 1222, 1235, 1252, 1275, 1310, 1313, 1565, 1698, 1715, 1743, 1769, 1799, 1800, 1803, 1997, 2003, 2045]
Iter#46356 New set #8 of size 28 (5794.5 its/hit = 1.375s/hit): seed=185373237891703575 [53, 283, 287, 395, 425, 432, 532, 549, 657, 685, 694, 704, 720, 835, 1008, 1152, 1210, 1294, 1306, 1411, 1429, 1484, 1485, 1487, 1508, 1907, 1915, 2042]
Iter#55652 New set #9 of size 28 (6183.6 its/hit = 1.444s/hit): seed=5951993709680838059 [130, 193, 205, 242, 285, 321, 399, 408, 541, 569, 632, 776, 792, 847, 873, 980, 995, 1072, 1092, 1728, 1774, 1806, 1891, 1893, 1930, 1955, 2030, 2038]
Iter#61053 New set #10 of size 28 (6105.3 its/hit = 1.400s/hit): seed=7845580279225822565 [149, 150, 204, 215, 278, 349, 397, 447, 452, 464, 466, 504, 648, 959, 1109, 1175, 1241, 1382, 1458, 1509, 1528, 1628, 1820, 1828, 1935, 1966, 2017, 2024]
Iter#158259 New set #20 of size 28 (7913.0 its/hit = 1.850s/hit): seed=5593445031710538265 [29, 44, 232, 321, 327, 330, 333, 394, 466, 496, 616, 847, 855, 923, 952, 982, 1043, 1146, 1160, 1282, 1293, 1360, 1753, 1769, 1788, 1872, 2028, 2037]
Iter#226887 New set #30 of size 28 (7562.9 its/hit = 1.700s/hit): seed=1442658091622999791 [24, 94, 126, 166, 259, 310, 402, 469, 535, 672, 760, 856, 900, 913, 1003, 1082, 1265, 1268, 1331, 1359, 1522, 1632, 1644, 1668, 1687, 1699, 1793, 1949]
Iter#313976 New set #40 of size 28 (7849.4 its/hit = 1.600s/hit): seed=9919654289958153649 [18, 68, 95, 261, 331, 425, 513, 554, 634, 715, 750, 896, 922, 1043, 1096, 1260, 1332, 1374, 1414, 1433, 1515, 1540, 1565, 1600, 1605, 1687, 1828, 2017]
Iter#386872 New set #50 of size 28 (7737.4 its/hit = 1.500s/hit): seed=1189809960610383984 [37, 94, 108, 142, 577, 728, 811, 846, 906, 1068, 1093, 1163, 1227, 1269, 1396, 1521, 1560, 1593, 1644, 1687, 1722, 1785, 1860, 1907, 1986, 2035, 2041, 2047]
Iter#493169 New set #60 of size 28 (8219.5 its/hit = 1.550s/hit): seed=616917749079746616 [65, 68, 103, 137, 160, 291, 358, 456, 598, 704, 758, 794, 858, 1013, 1039, 1107, 1113, 1134, 1144, 1258, 1280, 1363, 1594, 1600, 1662, 1714, 1889, 1944]
Iter#554363 New set #70 of size 28 (7919.5 its/hit = 1.514s/hit): seed=7881080443989923996 [21, 48, 178, 268, 399, 453, 676, 682, 744, 907, 913, 944, 972, 1034, 1049, 1137, 1162, 1171, 1194, 1260, 1315, 1621, 1706, 1731, 1748, 1770, 1847, 2002]
Iter#630804 New set #80 of size 28 (7885.0 its/hit = 1.525s/hit): seed=4393908263242773717 [60, 72, 175, 202, 255, 256, 282, 284, 307, 378, 455, 701, 737, 867, 879, 956, 957, 970, 974, 1089, 1129, 1399, 1402, 1459, 1505, 1532, 1798, 2042]
Iter#691666 New set #90 of size 28 (7685.2 its/hit = 1.511s/hit): seed=3120531637647439672 [0, 111, 143, 214, 278, 400, 418, 522, 632, 649, 654, 685, 842, 890, 1009, 1030, 1032, 1085, 1138, 1190, 1262, 1449, 1557, 1745, 1869, 1892, 1934, 1935]
Iter#755504 New set #100 of size 28 (7555.0 its/hit = 1.470s/hit): seed=15040588944928139843 [17, 88, 97, 176, 478, 743, 784, 878, 930, 958, 1077, 1119, 1128, 1309, 1332, 1353, 1409, 1476, 1604, 1650, 1667, 1673, 1755, 1809, 1988, 2019, 2030, 2039]
