[*] Computing DDT
[+] DDT Computed
DDT took 96.444072ms
Iter#1 New set #1 of size 23 (1.0 its/hit = 0.000s/hit): seed=17131990336569021503 [119, 227, 241, 355, 363, 540, 557, 570, 614, 784, 987, 1017, 1032, 1125, 1137, 1185, 1334, 1425, 1698, 1777, 1796, 1939, 1962]
Iter#2 New set #2 of size 23 (1.0 its/hit = 0.000s/hit): seed=1084327652051222575 [11, 72, 88, 226, 349, 362, 373, 541, 607, 721, 778, 847, 890, 1149, 1314, 1352, 1442, 1651, 1692, 1697, 1752, 1952, 1989]
Iter#3 New set #1 of size 24 (3.0 its/hit = 0.000s/hit): seed=16965181834149664296 [26, 75, 188, 242, 338, 439, 527, 535, 783, 869, 926, 1010, 1189, 1264, 1273, 1295, 1311, 1638, 1658, 1705, 1723, 1799, 1915, 2036]
Iter#10 New set #2 of size 24 (5.0 its/hit = 0.000s/hit): seed=12673366573559374209 [228, 233, 312, 320, 629, 854, 942, 1049, 1065, 1128, 1299, 1356, 1367, 1452, 1496, 1663, 1667, 1732, 1736, 1757, 1808, 1911, 1918, 2014]
Iter#21 New set #3 of size 24 (7.0 its/hit = 0.000s/hit): seed=10540306503925806477 [75, 96, 210, 357, 362, 415, 430, 491, 602, 725, 855, 917, 1084, 1086, 1280, 1286, 1291, 1410, 1488, 1695, 1877, 1965, 1974, 2030]
Iter#23 New set #4 of size 24 (5.8 its/hit = 0.000s/hit): seed=17382227251881369949 [313, 334, 392, 432, 434, 439, 499, 579, 871, 896, 946, 1088, 1108, 1248, 1275, 1456, 1516, 1588, 1634, 1662, 1663, 1749, 1854, 1928]
Iter#26 New set #5 of size 24 (5.2 its/hit = 0.000s/hit): seed=265053599067263498 [92, 287, 544, 620, 629, 760, 770, 771, 784, 844, 850, 879, 933, 1072, 1159, 1247, 1261, 1556, 1640, 1667, 1739, 1814, 1931, 1967]
Iter#30 New set #6 of size 24 (5.0 its/hit = 0.000s/hit): seed=2818266593158208981 [13, 270, 339, 528, 600, 640, 678, 717, 856, 1113, 1119, 1136, 1210, 1323, 1411, 1513, 1581, 1660, 1678, 1679, 1709, 1883, 1953, 1970]
Iter#36 New set #7 of size 24 (5.1 its/hit = 0.000s/hit): seed=15987927252217445822 [61, 99, 139, 255, 467, 473, 574, 777, 822, 845, 860, 972, 975, 1369, 1374, 1418, 1423, 1455, 1543, 1594, 1677, 1816, 1917, 1950]
Iter#38 New set #8 of size 24 (4.8 its/hit = 0.000s/hit): seed=2888421781400080684 [19, 24, 60, 237, 267, 289, 353, 627, 649, 890, 940, 1174, 1188, 1235, 1253, 1290, 1294, 1327, 1705, 1733, 1925, 1939, 2009, 2033]
Iter#43 New set #9 of size 24 (4.8 its/hit = 0.000s/hit): seed=12984428747260578251 [2, 198, 283, 431, 541, 712, 750, 823, 880, 975, 985, 986, 1006, 1074, 1411, 1423, 1481, 1636, 1638, 1765, 1802, 1806, 1834, 1957]
Iter#46 New set #10 of size 24 (4.6 its/hit = 0.000s/hit): seed=16119774592923528210 [49, 61, 145, 155, 337, 495, 580, 685, 730, 868, 927, 937, 1087, 1157, 1181, 1199, 1214, 1289, 1325, 1397, 1461, 1562, 1709, 1725]
Iter#54 New set #1 of size 25 (54.0 its/hit = 0.000s/hit): seed=11079113409571794325 [13, 102, 164, 403, 441, 684, 686, 697, 716, 842, 855, 882, 997, 1024, 1191, 1217, 1285, 1398, 1558, 1746, 1766, 1789, 1929, 1976, 2023]
Iter#99 New set #2 of size 25 (49.5 its/hit = 0.000s/hit): seed=1206178876974524618 [34, 142, 274, 481, 515, 544, 599, 603, 669, 749, 764, 765, 815, 836, 880, 930, 1192, 1248, 1303, 1372, 1437, 1485, 1842, 1915, 1975]
Iter#232 New set #3 of size 25 (77.3 its/hit = 0.000s/hit): seed=17560024251188965823 [111, 169, 186, 259, 335, 383, 560, 564, 601, 695, 767, 1023, 1124, 1305, 1508, 1511, 1630, 1663, 1690, 1807, 1849, 1923, 1981, 2016, 2027]
Iter#247 New set #4 of size 25 (61.8 its/hit = 0.000s/hit): seed=13278519158615691095 [140, 234, 289, 411, 417, 747, 939, 956, 1038, 1133, 1265, 1345, 1375, 1398, 1464, 1469, 1504, 1631, 1633, 1643, 1664, 1698, 1730, 1797, 2004]
Iter#274 New set #5 of size 25 (54.8 its/hit = 0.000s/hit): seed=17260145550212983080 [13, 174, 245, 295, 413, 488, 517, 574, 681, 722, 953, 974, 984, 1173, 1366, 1419, 1495, 1627, 1640, 1689, 1700, 1708, 1748, 1847, 1917]
Iter#374 New set #6 of size 25 (62.3 its/hit = 0.000s/hit): seed=4210151562447774989 [65, 69, 266, 283, 354, 506, 762, 788, 860, 864, 887, 992, 995, 1046, 1084, 1086, 1200, 1219, 1334, 1384, 1686, 1728, 1924, 1999, 2038]
Iter#408 New set #7 of size 25 (58.3 its/hit = 0.000s/hit): seed=6055704546421737974 [56, 83, 124, 161, 359, 522, 529, 543, 547, 607, 616, 927, 978, 1106, 1117, 1119, 1145, 1177, 1343, 1392, 1398, 1494, 1642, 1801, 1944]
Iter#469 New set #8 of size 25 (58.6 its/hit = 0.000s/hit): seed=9585946592899417791 [7, 19, 49, 64, 191, 199, 208, 223, 245, 261, 438, 448, 573, 575, 775, 806, 1300, 1406, 1423, 1503, 1698, 1743, 1782, 1812, 1949]
Iter#567 New set #9 of size 25 (63.0 its/hit = 0.000s/hit): seed=2183385340126901962 [7, 160, 319, 341, 359, 447, 491, 558, 690, 792, 950, 1203, 1287, 1381, 1436, 1489, 1678, 1683, 1716, 1732, 1802, 1878, 1928, 1962, 1969]
Iter#651 New set #10 of size 25 (65.1 its/hit = 0.000s/hit): seed=128863197648342345 [1, 141, 169, 179, 207, 243, 251, 262, 545, 577, 701, 761, 881, 919, 1011, 1047, 1083, 1210, 1389, 1470, 1497, 1577, 1580, 1904, 1979]
Iter#1061 New set #20 of size 25 (53.0 its/hit = 0.000s/hit): seed=964134819263808411 [21, 49, 84, 145, 356, 376, 563, 603, 833, 978, 1110, 1229, 1272, 1335, 1337, 1383, 1434, 1435, 1464, 1571, 1617, 1621, 1707, 1755, 1914]
Iter#1117 New set #1 of size 26 (1117.0 its/hit = 0.000s/hit): seed=14374104467295876628 [83, 215, 251, 328, 453, 592, 613, 682, 795, 825, 917, 921, 1036, 1049, 1074, 1082, 1110, 1150, 1165, 1265, 1424, 1529, 1665, 1861, 1978, 1981]
Iter#1257 New set #2 of size 26 (628.5 its/hit = 0.000s/hit): seed=16349904842478306392 [11, 233, 298, 443, 507, 543, 551, 585, 627, 638, 697, 702, 759, 808, 969, 1107, 1175, 1198, 1236, 1425, 1544, 1662, 1731, 1773, 1862, 1973]
Iter#4418 New set #3 of size 26 (1472.7 its/hit = 0.000s/hit): seed=14673730143704435839 [32, 257, 408, 548, 549, 601, 813, 853, 971, 1131, 1149, 1171, 1176, 1180, 1227, 1282, 1288, 1454, 1679, 1827, 1869, 1899, 1928, 1931, 1938, 2024]
Iter#4517 New set #4 of size 26 (1129.2 its/hit = 0.000s/hit): seed=15703322306343612150 [5, 110, 263, 361, 391, 410, 446, 488, 650, 655, 659, 693, 758, 925, 1029, 1092, 1522, 1529, 1559, 1692, 1749, 1753, 1771, 1924, 1930, 1936]
Iter#5639 New set #5 of size 26 (1127.8 its/hit = 0.000s/hit): seed=16949707533416986407 [37, 256, 303, 306, 371, 430, 465, 558, 570, 624, 692, 833, 861, 880, 940, 977, 1021, 1123, 1154, 1187, 1308, 1342, 1700, 1949, 1959, 2006]
Iter#9245 New set #6 of size 26 (1540.8 its/hit = 0.167s/hit): seed=5501262195834578092 [138, 354, 362, 371, 405, 514, 526, 538, 572, 580, 627, 648, 802, 871, 1239, 1383, 1423, 1520, 1572, 1592, 1595, 1620, 1782, 1924, 1969, 2040]
Iter#13153 New set #7 of size 26 (1879.0 its/hit = 0.143s/hit): seed=4745972275376287583 [147, 245, 309, 441, 665, 769, 780, 802, 841, 900, 1038, 1058, 1061, 1074, 1255, 1305, 1440, 1465, 1562, 1612, 1735, 1777, 1820, 1827, 1955, 2008]
Iter#17261 New set #8 of size 26 (2157.6 its/hit = 0.250s/hit): seed=16227565782845046577 [82, 123, 187, 199, 343, 498, 507, 653, 702, 744, 780, 820, 908, 951, 1056, 1250, 1276, 1302, 1554, 1584, 1693, 1774, 1792, 1928, 1950, 1972]
Iter#18614 New set #9 of size 26 (2068.2 its/hit = 0.222s/hit): seed=18017009393866254042 [97, 117, 125, 197, 248, 251, 353, 493, 588, 641, 821, 847, 972, 1056, 1125, 1166, 1199, 1204, 1226, 1304, 1359, 1618, 1649, 1743, 1872, 1965]
Iter#19497 New set #10 of size 26 (1949.7 its/hit = 0.200s/hit): seed=6843997992244051185 [85, 190, 195, 260, 306, 386, 395, 461, 462, 508, 662, 669, 784, 827, 966, 1127, 1141, 1342, 1543, 1553, 1717, 1731, 1762, 1887, 1969, 2012]
Iter#32688 New set #20 of size 26 (1634.4 its/hit = 0.200s/hit): seed=7881302127966283513 [13, 109, 201, 270, 380, 405, 632, 656, 783, 790, 800, 849, 878, 904, 1157, 1169, 1195, 1196, 1219, 1314, 1396, 1506, 1661, 1678, 1784, 1794]
Iter#41666 New set #30 of size 26 (1388.9 its/hit = 0.167s/hit): seed=13344290327976685252 [18, 186, 223, 356, 445, 482, 506, 584, 605, 872, 883, 992, 1036, 1091, 1322, 1396, 1399, 1450, 1468, 1530, 1540, 1619, 1875, 1948, 1970, 2000]
Iter#56353 New set #40 of size 26 (1408.8 its/hit = 0.175s/hit): seed=2173336020109017617 [110, 214, 355, 366, 367, 488, 519, 585, 639, 766, 823, 903, 1115, 1267, 1296, 1304, 1474, 1504, 1575, 1592, 1749, 1824, 1909, 1941, 1952, 2010]
Iter#68317 New set #50 of size 26 (1366.3 its/hit = 0.160s/hit): seed=9273951102820398718 [5, 9, 10, 13, 34, 48, 204, 209, 412, 482, 555, 582, 626, 763, 918, 977, 1109, 1169, 1226, 1254, 1496, 1533, 1589, 1716, 1879, 2040]
Iter#85153 New set #60 of size 26 (1419.2 its/hit = 0.183s/hit): seed=8100785248113315711 [122, 196, 198, 211, 275, 293, 418, 559, 742, 809, 882, 916, 934, 954, 991, 1110, 1115, 1303, 1326, 1369, 1680, 1777, 1859, 1867, 1908, 1971]
Iter#93570 New set #70 of size 26 (1336.7 its/hit = 0.171s/hit): seed=16519542437243683026 [13, 84, 105, 163, 226, 307, 423, 496, 780, 866, 905, 921, 956, 963, 1082, 1135, 1221, 1254, 1282, 1421, 1465, 1776, 1815, 1969, 1990, 2001]
Iter#106511 New set #80 of size 26 (1331.4 its/hit = 0.162s/hit): seed=13974864921028656376 [8, 15, 19, 139, 179, 218, 233, 239, 314, 542, 597, 652, 718, 774, 804, 815, 865, 1000, 1031, 1058, 1293, 1366, 1606, 1744, 1918, 1979]
Iter#117986 New set #90 of size 26 (1311.0 its/hit = 0.167s/hit): seed=17449569253903259370 [114, 140, 290, 332, 361, 485, 506, 564, 672, 680, 684, 796, 884, 915, 937, 946, 1009, 1526, 1621, 1669, 1750, 1768, 1784, 1889, 1910, 1925]
Iter#134590 New set #100 of size 26 (1345.9 its/hit = 0.180s/hit): seed=4910073891416092212 [159, 173, 247, 272, 353, 464, 480, 797, 811, 880, 892, 962, 1053, 1076, 1100, 1178, 1190, 1256, 1267, 1359, 1392, 1572, 1587, 1796, 1953, 2035]
Iter#282364 New set #200 of size 26 (1411.8 its/hit = 0.215s/hit): seed=2614100866514288654 [57, 91, 365, 650, 668, 704, 947, 991, 1073, 1144, 1170, 1208, 1308, 1332, 1399, 1436, 1480, 1530, 1592, 1616, 1703, 1771, 1805, 1971, 1975, 2010]
Iter#420872 New set #300 of size 26 (1402.9 its/hit = 0.220s/hit): seed=13896117440662621136 [41, 128, 136, 235, 340, 412, 445, 495, 507, 524, 740, 987, 997, 1017, 1068, 1104, 1160, 1327, 1558, 1575, 1817, 1844, 1861, 1934, 1937, 2005]
Iter#594768 New set #400 of size 26 (1486.9 its/hit = 0.245s/hit): seed=7135863888778578822 [30, 41, 81, 129, 327, 485, 540, 627, 726, 728, 913, 1018, 1300, 1363, 1400, 1555, 1598, 1736, 1744, 1752, 1772, 1793, 1840, 1907, 1912, 1948]
Iter#771877 New set #500 of size 26 (1543.8 its/hit = 0.268s/hit): seed=13186007450909464362 [181, 195, 280, 313, 405, 447, 549, 640, 641, 768, 1186, 1272, 1323, 1389, 1408, 1435, 1543, 1551, 1555, 1766, 1825, 1858, 1875, 1918, 1960, 1993]
Iter#925762 New set #600 of size 26 (1542.9 its/hit = 0.270s/hit): seed=11238768597582688586 [61, 74, 89, 90, 92, 295, 335, 469, 565, 679, 796, 949, 973, 1020, 1070, 1144, 1148, 1171, 1223, 1238, 1251, 1354, 1533, 1623, 1962, 2023]
Iter#1093164 New set #700 of size 26 (1561.7 its/hit = 0.267s/hit): seed=761611168727924097 [149, 155, 164, 257, 403, 441, 648, 683, 816, 909, 969, 985, 986, 1050, 1083, 1204, 1283, 1288, 1348, 1392, 1399, 1452, 1489, 1500, 1933, 1972]
Iter#1227059 New set #800 of size 26 (1533.8 its/hit = 0.259s/hit): seed=5353194787866615953 [12, 147, 222, 250, 288, 363, 523, 655, 755, 783, 930, 1008, 1140, 1216, 1319, 1334, 1337, 1429, 1616, 1792, 1813, 1853, 1901, 1943, 2003, 2013]
Iter#1381689 New set #900 of size 26 (1535.2 its/hit = 0.259s/hit): seed=5598608479451195586 [111, 290, 345, 354, 510, 678, 707, 791, 813, 858, 953, 1031, 1052, 1053, 1054, 1072, 1143, 1271, 1328, 1357, 1401, 1583, 1680, 1736, 1841, 1885]
