[*] Computing DDT
[+] DDT Computed
DDT took 97.573897ms
Iter#1 New set #1 of size 26 (1.0 its/hit = 0.000s/hit): seed=7971949009280125059 [127, 297, 325, 334, 411, 605, 684, 711, 857, 869, 920, 999, 1102, 1219, 1302, 1385, 1423, 1464, 1602, 1647, 1678, 1685, 1777, 1859, 1955, 1985]
Iter#2 New set #1 of size 29 (2.0 its/hit = 0.000s/hit): seed=3385030724232732372 [14, 94, 396, 404, 406, 531, 558, 734, 737, 795, 814, 850, 862, 1016, 1046, 1065, 1139, 1144, 1162, 1174, 1267, 1286, 1319, 1400, 1620, 1675, 1848, 1987, 2008]
Iter#12 New set #2 of size 29 (6.0 its/hit = 0.000s/hit): seed=1796513033354906943 [100, 144, 211, 267, 325, 383, 416, 633, 679, 680, 738, 912, 925, 946, 1012, 1030, 1038, 1040, 1163, 1202, 1331, 1409, 1485, 1514, 1616, 1829, 1839, 1918, 1954]
Iter#83 New set #3 of size 29 (27.7 its/hit = 0.000s/hit): seed=8383271186308644089 [26, 90, 164, 234, 269, 500, 522, 613, 660, 724, 789, 840, 864, 1165, 1189, 1210, 1358, 1470, 1508, 1573, 1578, 1582, 1616, 1686, 1784, 1825, 1870, 1911, 2010]
Iter#91 New set #4 of size 29 (22.8 its/hit = 0.000s/hit): seed=14966898188048364390 [59, 203, 240, 315, 357, 458, 637, 703, 838, 898, 979, 986, 991, 1050, 1092, 1120, 1131, 1261, 1416, 1567, 1618, 1620, 1647, 1695, 1700, 1847, 1878, 1971, 1998]
Iter#111 New set #5 of size 29 (22.2 its/hit = 0.000s/hit): seed=7843292022910126734 [27, 67, 81, 129, 139, 154, 359, 443, 470, 491, 598, 604, 737, 1220, 1257, 1390, 1397, 1519, 1524, 1591, 1604, 1658, 1690, 1712, 1762, 1775, 1869, 1872, 1917]
Iter#149 New set #6 of size 29 (24.8 its/hit = 0.000s/hit): seed=17128868162195075915 [53, 141, 196, 271, 281, 356, 362, 459, 514, 709, 752, 776, 813, 947, 962, 1033, 1119, 1130, 1309, 1425, 1653, 1686, 1690, 1711, 1713, 1806, 1895, 1914, 1982]
Iter#171 New set #7 of size 29 (24.4 its/hit = 0.000s/hit): seed=12776792872626884260 [10, 15, 126, 172, 208, 326, 329, 414, 449, 470, 672, 762, 819, 912, 995, 1066, 1274, 1559, 1560, 1636, 1639, 1648, 1817, 1873, 1886, 1906, 1993, 2025, 2044]
Iter#186 New set #8 of size 29 (23.2 its/hit = 0.000s/hit): seed=8211226799578690949 [339, 371, 400, 419, 432, 466, 505, 671, 727, 797, 808, 814, 877, 939, 982, 1032, 1044, 1073, 1243, 1274, 1521, 1563, 1722, 1759, 1801, 1830, 1954, 1957, 2010]
Iter#215 New set #1 of size 31 (215.0 its/hit = 0.000s/hit): seed=8859055206513154165 [50, 79, 88, 131, 186, 212, 323, 327, 353, 368, 448, 509, 619, 818, 886, 997, 1059, 1144, 1184, 1191, 1376, 1391, 1507, 1661, 1694, 1735, 1744, 1850, 1883, 1914, 1920]
Iter#419 New set #2 of size 31 (209.5 its/hit = 0.000s/hit): seed=8700596343575523334 [32, 79, 132, 196, 228, 324, 448, 456, 461, 587, 772, 1037, 1083, 1164, 1219, 1244, 1473, 1524, 1574, 1603, 1618, 1635, 1666, 1671, 1703, 1725, 1740, 1750, 1814, 1938, 2043]
Iter#1313 New set #3 of size 31 (437.7 its/hit = 0.000s/hit): seed=5871260911221560950 [51, 69, 310, 342, 410, 412, 423, 636, 655, 738, 742, 749, 790, 884, 953, 955, 1064, 1129, 1143, 1249, 1345, 1406, 1523, 1524, 1718, 1733, 1784, 1849, 1928, 1939, 1998]
Iter#1654 New set #4 of size 31 (413.5 its/hit = 0.000s/hit): seed=18036213770875851662 [69, 116, 377, 447, 459, 475, 502, 671, 795, 846, 1009, 1066, 1074, 1089, 1094, 1133, 1169, 1199, 1235, 1394, 1421, 1508, 1529, 1543, 1794, 1795, 1869, 1937, 1947, 1983, 2006]
Iter#2123 New set #5 of size 31 (424.6 its/hit = 0.000s/hit): seed=16262325529789103486 [37, 50, 84, 102, 182, 482, 527, 583, 610, 915, 955, 978, 995, 1037, 1052, 1070, 1096, 1146, 1158, 1187, 1212, 1267, 1297, 1316, 1482, 1503, 1540, 1636, 1729, 1764, 1877]
Iter#2202 New set #6 of size 31 (367.0 its/hit = 0.000s/hit): seed=3239482439313215720 [39, 79, 112, 231, 360, 457, 469, 491, 494, 518, 661, 670, 673, 680, 690, 825, 842, 860, 891, 1073, 1161, 1169, 1213, 1328, 1394, 1498, 1610, 1680, 1723, 1806, 1915]
Iter#4515 New set #7 of size 31 (645.0 its/hit = 0.000s/hit): seed=12704021923614140571 [55, 201, 242, 266, 294, 375, 477, 575, 703, 717, 888, 892, 905, 921, 970, 1039, 1041, 1129, 1198, 1277, 1326, 1335, 1370, 1456, 1584, 1710, 1730, 1778, 1833, 1928, 1929]
Iter#6111 New set #8 of size 31 (763.9 its/hit = 0.000s/hit): seed=12063576122444978592 [14, 125, 166, 187, 238, 485, 491, 594, 611, 636, 639, 975, 1027, 1077, 1080, 1167, 1182, 1235, 1269, 1275, 1296, 1310, 1339, 1347, 1427, 1541, 1662, 1698, 1782, 1823, 1970]
Iter#6871 New set #9 of size 31 (763.4 its/hit = 0.000s/hit): seed=2842004979856967775 [7, 83, 139, 217, 243, 302, 303, 597, 632, 678, 758, 784, 788, 808, 873, 983, 1034, 1071, 1324, 1499, 1503, 1545, 1691, 1699, 1794, 1827, 1836, 1842, 1913, 1930, 1971]
Iter#6962 New set #10 of size 31 (696.2 its/hit = 0.000s/hit): seed=15938411441070186381 [22, 170, 188, 199, 205, 450, 473, 528, 645, 690, 696, 739, 749, 813, 825, 948, 975, 978, 1036, 1101, 1115, 1233, 1255, 1265, 1299, 1585, 1647, 1716, 1729, 1795, 1995]
Iter#15348 New set #20 of size 31 (767.4 its/hit = 0.050s/hit): seed=8396956252125966835 [104, 205, 218, 391, 478, 492, 582, 643, 651, 660, 685, 692, 787, 1045, 1072, 1156, 1233, 1277, 1283, 1367, 1552, 1654, 1661, 1688, 1723, 1735, 1746, 1754, 1782, 1942, 1943]
Iter#22683 New set #30 of size 31 (756.1 its/hit = 0.067s/hit): seed=4334830656693983578 [1, 10, 218, 219, 275, 290, 331, 449, 482, 549, 561, 660, 717, 815, 869, 897, 1053, 1101, 1401, 1455, 1479, 1555, 1664, 1826, 1827, 1872, 1890, 1935, 2022, 2040, 2041]
Iter#28100 New set #40 of size 31 (702.5 its/hit = 0.075s/hit): seed=4396056880073006377 [49, 111, 378, 394, 485, 518, 621, 740, 926, 979, 1106, 1151, 1213, 1234, 1265, 1284, 1285, 1327, 1335, 1337, 1346, 1354, 1368, 1416, 1573, 1613, 1619, 1620, 1691, 1907, 2017]
Iter#33278 New set #50 of size 31 (665.6 its/hit = 0.060s/hit): seed=12932828946137124501 [320, 421, 437, 449, 455, 458, 487, 661, 715, 769, 800, 801, 845, 914, 1012, 1038, 1119, 1132, 1249, 1364, 1429, 1440, 1570, 1589, 1652, 1684, 1773, 1886, 1902, 1985, 2034]
Iter#39345 New set #60 of size 31 (655.8 its/hit = 0.067s/hit): seed=2079878203858475289 [111, 119, 267, 268, 273, 355, 358, 557, 569, 590, 658, 700, 711, 723, 730, 753, 790, 808, 863, 877, 944, 991, 1109, 1389, 1501, 1598, 1650, 1798, 1856, 1874, 2009]
Iter#42144 New set #1 of size 32 (42144.0 its/hit = 5.000s/hit): seed=12032035557055790290 [22, 43, 93, 209, 298, 311, 331, 357, 517, 603, 730, 741, 850, 864, 865, 887, 1097, 1125, 1200, 1324, 1354, 1372, 1441, 1579, 1597, 1608, 1612, 1829, 1833, 1859, 1889, 1945]
Iter#53982 New set #2 of size 32 (26991.0 its/hit = 3.000s/hit): seed=3549431110739580716 [3, 32, 44, 56, 132, 149, 586, 627, 694, 725, 735, 891, 895, 924, 962, 1023, 1041, 1103, 1173, 1242, 1314, 1508, 1510, 1541, 1617, 1680, 1748, 1831, 1853, 1869, 1898, 2030]
Iter#138941 New set #3 of size 32 (46313.7 its/hit = 5.333s/hit): seed=17251973583998354625 [20, 144, 158, 229, 277, 314, 330, 423, 444, 474, 492, 504, 565, 631, 677, 895, 930, 1007, 1027, 1047, 1051, 1253, 1378, 1443, 1462, 1519, 1525, 1531, 1738, 1751, 1894, 1921]
Iter#168056 New set #4 of size 32 (42014.0 its/hit = 5.000s/hit): seed=12801618803577683441 [94, 194, 326, 464, 468, 635, 738, 780, 818, 834, 888, 974, 1014, 1271, 1319, 1320, 1321, 1369, 1435, 1536, 1557, 1560, 1621, 1650, 1662, 1687, 1689, 1822, 1883, 1963, 1989, 2034]
Iter#260758 New set #5 of size 32 (52151.6 its/hit = 6.200s/hit): seed=1937984959524894427 [64, 80, 140, 366, 390, 392, 454, 505, 560, 563, 647, 673, 678, 687, 742, 753, 791, 800, 864, 1002, 1066, 1219, 1288, 1291, 1371, 1489, 1551, 1696, 1746, 1962, 2033, 2042]
Iter#306697 New set #6 of size 32 (51116.2 its/hit = 6.500s/hit): seed=17456239167998564987 [174, 237, 344, 371, 479, 515, 593, 658, 690, 692, 870, 910, 961, 1039, 1121, 1157, 1315, 1356, 1370, 1385, 1404, 1587, 1624, 1641, 1692, 1725, 1748, 1803, 1847, 1955, 1998, 2001]
Iter#378994 New set #7 of size 32 (54142.0 its/hit = 7.429s/hit): seed=2458238575500185363 [42, 95, 120, 140, 335, 456, 469, 529, 567, 669, 742, 745, 893, 923, 942, 960, 994, 1071, 1114, 1174, 1195, 1238, 1491, 1530, 1560, 1611, 1723, 1735, 1802, 1821, 1995, 1997]
Iter#381479 New set #8 of size 32 (47684.9 its/hit = 6.500s/hit): seed=2695956481362419684 [18, 22, 23, 31, 132, 172, 313, 364, 371, 524, 536, 545, 592, 593, 755, 791, 872, 1003, 1065, 1172, 1244, 1432, 1438, 1453, 1733, 1758, 1766, 1785, 1904, 1930, 1941, 2044]
Iter#700122 New set #9 of size 32 (77791.3 its/hit = 9.889s/hit): seed=6872201646705208067 [129, 221, 269, 274, 434, 497, 689, 728, 827, 920, 941, 954, 956, 994, 1032, 1051, 1060, 1285, 1326, 1455, 1484, 1557, 1606, 1644, 1684, 1721, 1764, 1772, 1807, 1972, 1994, 2000]
Iter#853521 New set #10 of size 32 (85352.1 its/hit = 10.800s/hit): seed=2858512147838810094 [222, 273, 331, 395, 397, 401, 465, 467, 505, 717, 735, 741, 884, 902, 925, 1141, 1161, 1178, 1211, 1243, 1304, 1424, 1453, 1530, 1558, 1565, 1587, 1644, 1786, 1885, 1960, 2045]
Iter#1308565 New set #20 of size 32 (65428.2 its/hit = 8.850s/hit): seed=17570031306181339402 [30, 49, 85, 89, 102, 142, 215, 329, 376, 531, 576, 930, 1014, 1051, 1061, 1066, 1081, 1210, 1246, 1255, 1362, 1379, 1426, 1572, 1695, 1728, 1823, 1852, 1862, 1937, 1940, 1992]
