[*] Computing DDT
[+] DDT Computed
DDT took 85.566713ms
Iter#1 New set #1 of size 23 (1.0 its/hit = 0.000s/hit): seed=2653150571565228714 [185, 214, 242, 257, 452, 502, 733, 760, 766, 857, 998, 1122, 1297, 1299, 1317, 1324, 1341, 1374, 1432, 1476, 1672, 1750, 2011]
Iter#3 New set #1 of size 24 (3.0 its/hit = 0.000s/hit): seed=13441000276787128790 [106, 266, 287, 373, 376, 512, 515, 619, 733, 753, 792, 794, 951, 961, 973, 996, 1010, 1351, 1565, 1607, 1661, 1701, 1729, 1779]
Iter#7 New set #2 of size 24 (3.5 its/hit = 0.000s/hit): seed=13117304915678431225 [106, 370, 381, 387, 459, 606, 950, 1009, 1027, 1078, 1104, 1147, 1222, 1240, 1298, 1384, 1439, 1612, 1834, 1862, 1897, 1900, 1919, 1971]
Iter#18 New set #3 of size 24 (6.0 its/hit = 0.000s/hit): seed=11508839972978878093 [231, 287, 297, 323, 413, 516, 539, 657, 676, 684, 743, 744, 1039, 1110, 1135, 1304, 1376, 1428, 1462, 1507, 1559, 1744, 1964, 1992]
Iter#29 New set #1 of size 25 (29.0 its/hit = 0.000s/hit): seed=17957621462206877198 [36, 44, 101, 137, 144, 175, 177, 305, 333, 655, 671, 733, 839, 845, 908, 955, 1088, 1211, 1279, 1452, 1477, 1588, 1594, 1693, 2033]
Iter#69 New set #2 of size 25 (34.5 its/hit = 0.000s/hit): seed=225766060493230781 [32, 164, 291, 427, 436, 437, 555, 575, 589, 719, 740, 862, 891, 929, 993, 1019, 1020, 1046, 1458, 1584, 1616, 1662, 1676, 1707, 1749]
Iter#93 New set #1 of size 26 (93.0 its/hit = 0.000s/hit): seed=17064238853296086761 [29, 396, 507, 519, 548, 562, 575, 662, 832, 874, 907, 954, 956, 970, 1146, 1182, 1251, 1292, 1390, 1480, 1525, 1773, 1841, 1946, 1986, 2038]
Iter#194 New set #1 of size 28 (194.0 its/hit = 0.000s/hit): seed=11661434921135845301 [33, 52, 62, 160, 241, 254, 333, 339, 489, 576, 678, 737, 886, 894, 905, 930, 990, 996, 1056, 1189, 1227, 1290, 1408, 1430, 1506, 1708, 1772, 1982]
Iter#1474 New set #1 of size 29 (1474.0 its/hit = 0.000s/hit): seed=2158791189743800655 [128, 183, 187, 400, 504, 546, 555, 601, 638, 776, 934, 959, 994, 1114, 1161, 1207, 1218, 1312, 1370, 1441, 1455, 1471, 1619, 1772, 1799, 1884, 1948, 1953, 1970]
Iter#9166 New set #2 of size 29 (4583.0 its/hit = 0.500s/hit): seed=13230320703647932116 [27, 56, 81, 103, 104, 144, 277, 389, 467, 494, 573, 616, 630, 871, 942, 970, 1007, 1112, 1139, 1189, 1300, 1301, 1323, 1341, 1454, 1585, 1739, 1979, 2040]
Iter#12102 New set #3 of size 29 (4034.0 its/hit = 0.333s/hit): seed=3469854613537772227 [51, 149, 222, 318, 423, 603, 633, 744, 753, 800, 878, 934, 938, 939, 1034, 1041, 1059, 1170, 1180, 1253, 1261, 1369, 1423, 1518, 1631, 1633, 1710, 1754, 1807]
Iter#23770 New set #1 of size 30 (23770.0 its/hit = 3.000s/hit): seed=10515160966137798453 [37, 84, 160, 241, 314, 323, 380, 396, 479, 519, 686, 725, 769, 773, 1190, 1272, 1425, 1456, 1491, 1542, 1569, 1601, 1766, 1787, 1843, 1848, 1969, 1970, 1999, 2004]
Iter#25348 New set #2 of size 30 (12674.0 its/hit = 1.500s/hit): seed=1900646042749825752 [161, 213, 269, 349, 486, 496, 517, 533, 566, 580, 641, 713, 815, 867, 892, 915, 921, 949, 1100, 1113, 1210, 1228, 1261, 1293, 1363, 1613, 1732, 1927, 1935, 2022]
Iter#94771 New set #3 of size 30 (31590.3 its/hit = 5.667s/hit): seed=5202723139294334175 [120, 269, 275, 369, 509, 542, 613, 676, 683, 1014, 1055, 1081, 1132, 1157, 1208, 1222, 1223, 1383, 1430, 1474, 1483, 1542, 1574, 1672, 1689, 1777, 1788, 1893, 1939, 1957]
Iter#186571 New set #4 of size 30 (46642.8 its/hit = 9.000s/hit): seed=213386005075924557 [79, 184, 313, 397, 429, 553, 558, 559, 560, 576, 824, 888, 909, 976, 1050, 1093, 1096, 1217, 1229, 1282, 1407, 1479, 1490, 1555, 1630, 1638, 1655, 1667, 1843, 1849]
Iter#213541 New set #5 of size 30 (42708.2 its/hit = 8.200s/hit): seed=4729938676889439259 [4, 48, 194, 272, 369, 472, 548, 610, 622, 708, 720, 758, 835, 845, 898, 1000, 1042, 1072, 1078, 1113, 1128, 1141, 1150, 1157, 1165, 1253, 1317, 1459, 1928, 1970]
Iter#324999 New set #6 of size 30 (54166.5 its/hit = 9.167s/hit): seed=15711696190395742792 [145, 182, 187, 362, 387, 471, 514, 581, 583, 656, 694, 736, 741, 790, 819, 1115, 1139, 1140, 1296, 1306, 1308, 1357, 1360, 1361, 1389, 1506, 1565, 1709, 1747, 1974]
Iter#355753 New set #7 of size 30 (50821.9 its/hit = 8.429s/hit): seed=7102049480458329336 [47, 57, 88, 144, 250, 255, 258, 352, 521, 791, 926, 939, 1025, 1055, 1091, 1125, 1164, 1179, 1294, 1303, 1317, 1342, 1498, 1657, 1677, 1681, 1863, 1890, 1937, 1981]
Iter#361100 New set #8 of size 30 (45137.5 its/hit = 7.375s/hit): seed=3071604200258922574 [26, 67, 89, 356, 502, 520, 542, 552, 607, 615, 720, 750, 900, 1013, 1049, 1123, 1126, 1133, 1248, 1286, 1298, 1338, 1367, 1420, 1483, 1655, 1690, 1692, 1813, 1886]
Iter#418175 New set #9 of size 30 (46463.9 its/hit = 7.333s/hit): seed=1061971227089095404 [200, 224, 315, 380, 384, 470, 494, 546, 668, 681, 776, 966, 1032, 1107, 1138, 1142, 1164, 1195, 1220, 1232, 1295, 1365, 1503, 1505, 1549, 1645, 1830, 1919, 2032, 2045]
Iter#661064 New set #10 of size 30 (66106.4 its/hit = 9.400s/hit): seed=10868030253983579402 [100, 124, 169, 186, 242, 243, 315, 329, 396, 505, 545, 574, 648, 679, 741, 1197, 1275, 1284, 1351, 1509, 1575, 1612, 1614, 1624, 1698, 1741, 1748, 1965, 2025, 2044]
Iter#1256683 New set #20 of size 30 (62834.1 its/hit = 8.150s/hit): seed=12344913593136460031 [169, 202, 251, 388, 448, 535, 712, 843, 847, 889, 968, 984, 1004, 1136, 1285, 1358, 1369, 1422, 1469, 1508, 1531, 1562, 1629, 1651, 1659, 1701, 1771, 2004, 2013, 2026]
Iter#1807321 New set #30 of size 30 (60244.0 its/hit = 7.933s/hit): seed=902359363975490706 [15, 126, 262, 369, 513, 575, 611, 621, 807, 872, 894, 908, 920, 936, 973, 978, 998, 1003, 1049, 1124, 1221, 1232, 1261, 1418, 1487, 1594, 1637, 1713, 1783, 1959]
