[*] Computing DDT
[+] DDT Computed
DDT took 80.112623ms
Iter#1 New set #1 of size 24 (1.0 its/hit = 0.000s/hit): seed=15921915333211769155 [345, 440, 480, 487, 691, 726, 863, 976, 1077, 1140, 1351, 1359, 1379, 1532, 1550, 1609, 1611, 1625, 1678, 1792, 1815, 1877, 1942, 2021]
Iter#6 New set #2 of size 24 (3.0 its/hit = 0.000s/hit): seed=5331948024438455247 [118, 136, 223, 239, 266, 412, 548, 590, 713, 780, 814, 835, 850, 864, 872, 955, 1071, 1150, 1169, 1332, 1349, 1384, 1405, 1735]
Iter#7 New set #3 of size 24 (2.3 its/hit = 0.000s/hit): seed=7968232534152457601 [42, 136, 257, 290, 585, 609, 613, 620, 703, 717, 734, 791, 815, 830, 1002, 1327, 1332, 1360, 1470, 1510, 1618, 1791, 1859, 1950]
Iter#10 New set #4 of size 24 (2.5 its/hit = 0.000s/hit): seed=14323428845626825479 [21, 118, 121, 201, 301, 386, 563, 576, 670, 713, 817, 836, 930, 943, 951, 995, 1211, 1445, 1700, 1733, 1743, 1784, 1893, 1946]
Iter#19 New set #5 of size 24 (3.8 its/hit = 0.000s/hit): seed=7190451960474883984 [282, 447, 666, 708, 793, 864, 904, 922, 980, 983, 1006, 1224, 1286, 1432, 1473, 1525, 1569, 1623, 1660, 1683, 1868, 1906, 1941, 2006]
Iter#27 New set #6 of size 24 (4.5 its/hit = 0.000s/hit): seed=14043078028599800545 [11, 35, 152, 202, 204, 276, 487, 623, 737, 744, 807, 893, 1061, 1123, 1150, 1174, 1222, 1241, 1277, 1490, 1819, 1872, 1995, 2022]
Iter#33 New set #7 of size 24 (4.7 its/hit = 0.000s/hit): seed=15767221378669318290 [54, 102, 311, 317, 370, 457, 678, 699, 783, 894, 962, 1191, 1314, 1492, 1504, 1571, 1619, 1623, 1665, 1724, 1793, 1910, 1973, 1982]
Iter#39 New set #8 of size 24 (4.9 its/hit = 0.000s/hit): seed=6290363840891457970 [57, 85, 190, 207, 436, 446, 468, 469, 499, 593, 681, 819, 833, 883, 890, 1035, 1165, 1288, 1485, 1559, 1853, 1862, 1883, 1932]
Iter#43 New set #9 of size 24 (4.8 its/hit = 0.000s/hit): seed=9775953107563043034 [63, 117, 159, 284, 387, 475, 715, 718, 900, 921, 1037, 1079, 1099, 1127, 1142, 1167, 1341, 1360, 1391, 1440, 1619, 1633, 1786, 1813]
Iter#49 New set #1 of size 25 (49.0 its/hit = 0.000s/hit): seed=3805101786809217199 [49, 123, 138, 281, 302, 327, 328, 331, 468, 497, 639, 699, 755, 1148, 1212, 1381, 1413, 1643, 1651, 1730, 1756, 1848, 1990, 1996, 2024]
Iter#126 New set #2 of size 25 (63.0 its/hit = 0.000s/hit): seed=11783154496902691162 [136, 140, 239, 540, 655, 740, 806, 882, 940, 989, 995, 1055, 1097, 1286, 1341, 1400, 1481, 1494, 1579, 1630, 1633, 1658, 1823, 1893, 2008]
Iter#148 New set #3 of size 25 (49.3 its/hit = 0.000s/hit): seed=12714993403279818900 [79, 91, 200, 281, 359, 481, 557, 604, 700, 834, 921, 961, 1016, 1032, 1046, 1074, 1161, 1241, 1284, 1360, 1425, 1474, 1505, 1833, 1995]
Iter#241 New set #4 of size 25 (60.2 its/hit = 0.000s/hit): seed=10580616297831840317 [46, 165, 282, 348, 352, 387, 417, 457, 706, 720, 1011, 1044, 1065, 1100, 1122, 1319, 1529, 1573, 1742, 1743, 1762, 1838, 1873, 2000, 2004]
Iter#275 New set #5 of size 25 (55.0 its/hit = 0.000s/hit): seed=440648033198053478 [56, 265, 449, 491, 509, 581, 645, 741, 778, 990, 1025, 1119, 1135, 1162, 1329, 1335, 1354, 1411, 1458, 1463, 1545, 1605, 1687, 1719, 1809]
Iter#281 New set #6 of size 25 (46.8 its/hit = 0.000s/hit): seed=12323006597230023480 [16, 19, 176, 374, 416, 457, 645, 829, 912, 972, 1162, 1194, 1205, 1252, 1393, 1397, 1414, 1469, 1563, 1691, 1692, 1813, 1826, 1901, 1958]
Iter#492 New set #7 of size 25 (70.3 its/hit = 0.000s/hit): seed=11749266730349800873 [37, 117, 126, 151, 173, 354, 371, 599, 648, 703, 722, 866, 879, 1034, 1073, 1077, 1190, 1295, 1338, 1414, 1527, 1580, 1646, 1708, 1950]
Iter#548 New set #8 of size 25 (68.5 its/hit = 0.000s/hit): seed=8815777687772744540 [89, 153, 288, 342, 346, 522, 567, 603, 666, 709, 793, 886, 1008, 1029, 1116, 1552, 1566, 1572, 1690, 1808, 1832, 1851, 1901, 1937, 1988]
Iter#589 New set #9 of size 25 (65.4 its/hit = 0.000s/hit): seed=932639715723391507 [19, 34, 132, 224, 233, 242, 252, 262, 377, 559, 675, 758, 811, 911, 962, 1062, 1183, 1212, 1389, 1539, 1692, 1759, 1867, 1917, 1937]
Iter#598 New set #10 of size 25 (59.8 its/hit = 0.000s/hit): seed=11490766546901879 [37, 307, 504, 613, 664, 827, 1041, 1047, 1119, 1198, 1340, 1365, 1371, 1393, 1417, 1429, 1500, 1538, 1542, 1676, 1750, 1764, 1830, 1861, 1918]
Iter#1263 New set #20 of size 25 (63.2 its/hit = 0.000s/hit): seed=15605646834108896428 [173, 183, 474, 606, 633, 650, 813, 876, 961, 1068, 1151, 1225, 1283, 1287, 1387, 1483, 1559, 1597, 1668, 1711, 1796, 1841, 1847, 1919, 2031]
Iter#2008 New set #1 of size 26 (2008.0 its/hit = 0.000s/hit): seed=16072921044414636300 [328, 359, 367, 448, 557, 692, 722, 759, 829, 877, 1099, 1177, 1183, 1238, 1309, 1347, 1366, 1405, 1701, 1726, 1743, 1785, 1959, 1981, 1992, 2014]
Iter#3427 New set #2 of size 26 (1713.5 its/hit = 0.000s/hit): seed=8803477555225906842 [15, 85, 144, 301, 325, 373, 497, 624, 723, 764, 768, 782, 802, 845, 929, 1167, 1170, 1341, 1473, 1475, 1543, 1571, 1572, 1630, 1717, 1895]
Iter#4825 New set #3 of size 26 (1608.3 its/hit = 0.000s/hit): seed=15117843808822702645 [65, 180, 193, 196, 239, 302, 308, 370, 507, 612, 649, 673, 708, 899, 1042, 1058, 1156, 1273, 1348, 1454, 1505, 1510, 1619, 1669, 1743, 1839]
Iter#6136 New set #4 of size 26 (1534.0 its/hit = 0.000s/hit): seed=16578176834363537058 [209, 319, 474, 489, 524, 541, 624, 684, 815, 885, 897, 956, 989, 1154, 1442, 1524, 1551, 1575, 1762, 1775, 1844, 1850, 1885, 1891, 1915, 1980]
Iter#6425 New set #5 of size 26 (1285.0 its/hit = 0.200s/hit): seed=7568058588709429131 [77, 112, 119, 196, 263, 282, 343, 519, 589, 731, 779, 920, 966, 1025, 1070, 1143, 1173, 1180, 1505, 1574, 1641, 1705, 1753, 1847, 1991, 2008]
Iter#8057 New set #6 of size 26 (1342.8 its/hit = 0.167s/hit): seed=9900753517640089467 [17, 71, 189, 215, 309, 310, 332, 544, 608, 787, 788, 872, 973, 1098, 1103, 1139, 1155, 1198, 1225, 1295, 1299, 1350, 1431, 1597, 1807, 2046]
Iter#9863 New set #7 of size 26 (1409.0 its/hit = 0.143s/hit): seed=13224713138926507483 [40, 71, 105, 207, 267, 274, 361, 594, 630, 668, 861, 896, 931, 941, 1133, 1170, 1243, 1290, 1312, 1340, 1342, 1360, 1500, 1511, 1540, 1804]
Iter#13681 New set #8 of size 26 (1710.1 its/hit = 0.250s/hit): seed=208112659223107334 [23, 31, 67, 91, 128, 149, 478, 528, 617, 640, 681, 867, 915, 978, 1006, 1070, 1149, 1206, 1232, 1282, 1561, 1591, 1953, 1975, 2005, 2010]
Iter#22752 New set #9 of size 26 (2528.0 its/hit = 0.444s/hit): seed=690990998107247663 [131, 150, 204, 218, 226, 313, 380, 737, 772, 985, 1051, 1100, 1147, 1198, 1393, 1554, 1647, 1682, 1702, 1716, 1730, 1742, 1793, 1882, 1990, 2027]
Iter#23434 New set #10 of size 26 (2343.4 its/hit = 0.400s/hit): seed=5095999559763448402 [67, 87, 99, 117, 281, 505, 604, 690, 731, 775, 790, 911, 967, 1022, 1231, 1262, 1329, 1463, 1479, 1507, 1531, 1543, 1754, 1823, 1956, 1958]
Iter#35688 New set #20 of size 26 (1784.4 its/hit = 0.300s/hit): seed=6001768681710538246 [47, 115, 166, 247, 253, 328, 335, 382, 443, 838, 842, 942, 944, 971, 987, 989, 1039, 1043, 1057, 1159, 1216, 1241, 1431, 1652, 1923, 2009]
Iter#50432 New set #30 of size 26 (1681.1 its/hit = 0.300s/hit): seed=5817074212687621119 [343, 409, 419, 452, 485, 490, 528, 681, 706, 727, 962, 994, 999, 1020, 1097, 1195, 1204, 1248, 1403, 1430, 1479, 1498, 1522, 1751, 1839, 1869]
Iter#57981 New set #40 of size 26 (1449.5 its/hit = 0.250s/hit): seed=10682645449505745838 [130, 149, 152, 257, 328, 534, 556, 703, 825, 855, 864, 883, 937, 978, 1066, 1156, 1235, 1595, 1672, 1718, 1790, 1817, 1851, 1861, 1936, 1944]
Iter#77264 New set #50 of size 26 (1545.3 its/hit = 0.260s/hit): seed=9949446363881990006 [39, 97, 124, 203, 223, 294, 441, 451, 596, 628, 647, 663, 677, 700, 750, 1027, 1033, 1303, 1330, 1338, 1606, 1663, 1716, 1747, 1827, 1951]
Iter#95076 New set #60 of size 26 (1584.6 its/hit = 0.267s/hit): seed=6591645102881882588 [57, 83, 159, 209, 237, 391, 429, 462, 596, 635, 710, 932, 970, 1016, 1091, 1232, 1256, 1290, 1421, 1689, 1737, 1803, 1808, 1848, 1942, 1954]
Iter#111039 New set #70 of size 26 (1586.3 its/hit = 0.271s/hit): seed=920168906148345474 [24, 37, 88, 172, 277, 292, 320, 451, 503, 527, 588, 639, 691, 862, 952, 1026, 1028, 1085, 1237, 1504, 1522, 1575, 1671, 1675, 1866, 1935]
Iter#124872 New set #80 of size 26 (1560.9 its/hit = 0.275s/hit): seed=11292763766913787036 [273, 296, 469, 513, 553, 569, 624, 808, 848, 863, 937, 966, 976, 995, 1106, 1135, 1168, 1239, 1254, 1371, 1404, 1678, 1793, 1808, 1948, 2018]
Iter#145690 New set #90 of size 26 (1618.8 its/hit = 0.278s/hit): seed=5712662101727067409 [197, 230, 293, 382, 448, 464, 590, 635, 730, 738, 756, 846, 926, 1124, 1319, 1370, 1445, 1478, 1491, 1588, 1724, 1813, 1871, 1908, 1916, 1927]
Iter#167276 New set #100 of size 26 (1672.8 its/hit = 0.290s/hit): seed=12176528386657121444 [79, 371, 419, 462, 599, 744, 872, 897, 908, 959, 1146, 1211, 1269, 1343, 1486, 1501, 1522, 1617, 1744, 1840, 1842, 1857, 1881, 1928, 1975, 2029]
Iter#335355 New set #200 of size 26 (1676.8 its/hit = 0.290s/hit): seed=11017285946215910738 [140, 218, 332, 369, 450, 518, 577, 712, 768, 772, 842, 918, 1042, 1277, 1496, 1514, 1657, 1679, 1766, 1803, 1814, 1862, 1881, 1988, 2012, 2044]
Iter#503292 New set #300 of size 26 (1677.6 its/hit = 0.300s/hit): seed=10708748497003849158 [71, 96, 171, 286, 287, 339, 394, 693, 842, 1070, 1124, 1129, 1176, 1180, 1220, 1288, 1438, 1458, 1575, 1600, 1779, 1791, 1819, 1901, 1915, 1991]
Iter#661275 New set #400 of size 26 (1653.2 its/hit = 0.318s/hit): seed=8765519183176521715 [27, 42, 48, 126, 133, 182, 247, 391, 458, 476, 528, 531, 627, 774, 833, 891, 909, 1200, 1209, 1257, 1590, 1681, 1767, 1836, 1847, 1880]
Iter#829554 New set #500 of size 26 (1659.1 its/hit = 0.318s/hit): seed=6421017281461185274 [10, 55, 100, 160, 225, 257, 264, 297, 317, 355, 398, 405, 719, 786, 853, 896, 937, 1039, 1050, 1098, 1302, 1384, 1565, 1740, 1907, 1994]
Iter#982433 New set #600 of size 26 (1637.4 its/hit = 0.322s/hit): seed=5222156306710519327 [27, 91, 264, 355, 539, 611, 653, 664, 675, 713, 725, 978, 1301, 1308, 1446, 1505, 1528, 1579, 1581, 1584, 1594, 1724, 1745, 1849, 1970, 1993]
Iter#1164386 New set #700 of size 26 (1663.4 its/hit = 0.334s/hit): seed=4349314342496800360 [18, 45, 63, 249, 297, 359, 500, 600, 626, 686, 797, 828, 911, 922, 1027, 1051, 1306, 1384, 1421, 1465, 1721, 1772, 1805, 1818, 1867, 1882]
