[*] Computing DDT
[+] DDT Computed
DDT took 77.7793ms
Iter#1 New set #1 of size 29 (1.0 its/hit = 0.000s/hit): seed=1610682809590868658 [17, 236, 247, 323, 401, 487, 502, 515, 550, 557, 572, 580, 616, 710, 817, 970, 987, 1018, 1021, 1108, 1220, 1252, 1267, 1304, 1420, 1477, 1499, 1894, 2008]
Iter#27 New set #2 of size 29 (13.5 its/hit = 0.000s/hit): seed=1499104987259793748 [10, 121, 152, 177, 331, 439, 464, 478, 533, 775, 862, 1025, 1163, 1193, 1217, 1229, 1250, 1449, 1518, 1568, 1581, 1601, 1610, 1637, 1661, 1663, 1783, 1928, 1980]
Iter#51 New set #1 of size 30 (51.0 its/hit = 0.000s/hit): seed=6699804107257929244 [7, 26, 28, 34, 37, 258, 267, 280, 336, 353, 554, 617, 627, 704, 710, 722, 831, 875, 881, 912, 973, 1014, 1096, 1103, 1130, 1133, 1263, 1386, 1813, 1934]
Iter#110 New set #2 of size 30 (55.0 its/hit = 0.000s/hit): seed=959210095304755703 [31, 43, 137, 224, 303, 307, 409, 429, 442, 452, 582, 622, 650, 904, 974, 1223, 1432, 1498, 1527, 1566, 1591, 1676, 1711, 1726, 1796, 1853, 1912, 1918, 1933, 1993]
Iter#206 New set #3 of size 30 (68.7 its/hit = 0.000s/hit): seed=12919845429488797325 [27, 35, 182, 343, 479, 510, 541, 561, 579, 711, 713, 758, 825, 842, 857, 937, 1075, 1154, 1192, 1197, 1222, 1363, 1425, 1642, 1655, 1755, 1825, 1867, 1932, 1940]
Iter#334 New set #4 of size 30 (83.5 its/hit = 0.000s/hit): seed=5246302223435629268 [13, 105, 268, 431, 446, 693, 779, 823, 862, 964, 986, 989, 993, 1042, 1084, 1109, 1172, 1322, 1426, 1438, 1493, 1569, 1590, 1768, 1773, 1803, 1836, 1890, 1920, 1951]
Iter#546 New set #5 of size 30 (109.2 its/hit = 0.000s/hit): seed=2804974677709608799 [2, 56, 67, 84, 123, 150, 181, 211, 558, 759, 845, 865, 896, 983, 997, 1016, 1036, 1074, 1209, 1276, 1282, 1473, 1651, 1801, 1836, 1843, 1851, 1857, 2036, 2044]
Iter#713 New set #6 of size 30 (118.8 its/hit = 0.000s/hit): seed=17174874665308915352 [135, 149, 197, 203, 208, 298, 323, 336, 349, 408, 470, 482, 597, 674, 705, 759, 785, 936, 1043, 1147, 1317, 1596, 1601, 1668, 1689, 1705, 1820, 1919, 2009, 2026]
Iter#771 New set #7 of size 30 (110.1 its/hit = 0.000s/hit): seed=2981038104739271106 [6, 38, 171, 218, 276, 307, 408, 448, 560, 593, 687, 805, 809, 964, 994, 1032, 1035, 1065, 1187, 1313, 1339, 1424, 1453, 1612, 1655, 1799, 1970, 1977, 2015, 2023]
Iter#787 New set #8 of size 30 (98.4 its/hit = 0.000s/hit): seed=9872975642135575936 [35, 51, 255, 270, 387, 409, 416, 429, 538, 585, 694, 779, 940, 982, 1022, 1118, 1156, 1185, 1191, 1283, 1287, 1316, 1516, 1559, 1569, 1655, 1706, 1711, 1768, 1813]
Iter#858 New set #9 of size 30 (95.3 its/hit = 0.000s/hit): seed=3931491355070636830 [67, 182, 204, 209, 442, 456, 473, 521, 658, 662, 674, 737, 843, 913, 968, 1043, 1098, 1145, 1237, 1285, 1292, 1388, 1429, 1452, 1519, 1607, 1806, 1869, 1950, 2001]
Iter#912 New set #10 of size 30 (91.2 its/hit = 0.000s/hit): seed=9267793230690290352 [122, 170, 173, 177, 289, 488, 508, 566, 660, 693, 719, 813, 913, 920, 939, 1192, 1201, 1304, 1378, 1401, 1454, 1567, 1623, 1671, 1797, 1870, 1938, 1965, 2007, 2032]
Iter#1522 New set #20 of size 30 (76.1 its/hit = 0.000s/hit): seed=14046969643830377202 [26, 153, 367, 379, 419, 486, 593, 603, 706, 791, 827, 830, 955, 1116, 1137, 1194, 1248, 1256, 1319, 1371, 1380, 1423, 1578, 1677, 1713, 1715, 1783, 1886, 2014, 2044]
Iter#2066 New set #30 of size 30 (68.9 its/hit = 0.000s/hit): seed=2573865506235199652 [11, 32, 75, 155, 236, 276, 342, 354, 366, 398, 500, 509, 517, 545, 717, 752, 835, 943, 953, 1023, 1163, 1190, 1226, 1318, 1489, 1582, 1680, 1687, 1791, 2026]
Iter#2157 New set #1 of size 31 (2157.0 its/hit = 0.000s/hit): seed=17237752059959040115 [106, 304, 534, 654, 688, 722, 724, 755, 963, 1021, 1069, 1085, 1102, 1227, 1293, 1370, 1413, 1469, 1494, 1500, 1559, 1669, 1732, 1742, 1755, 1762, 1808, 1844, 1953, 2035, 2046]
Iter#2938 New set #2 of size 31 (1469.0 its/hit = 0.000s/hit): seed=12397221540696506564 [2, 58, 310, 312, 369, 375, 400, 450, 497, 578, 611, 615, 616, 890, 914, 925, 927, 943, 1135, 1223, 1253, 1269, 1334, 1485, 1611, 1700, 1719, 1819, 1877, 1935, 1977]
Iter#3299 New set #3 of size 31 (1099.7 its/hit = 0.000s/hit): seed=5633673900519025933 [46, 89, 110, 518, 548, 616, 641, 646, 728, 775, 811, 824, 883, 1050, 1091, 1168, 1276, 1278, 1281, 1365, 1432, 1586, 1618, 1686, 1691, 1730, 1739, 1784, 1919, 1935, 2008]
Iter#3505 New set #4 of size 31 (876.2 its/hit = 0.000s/hit): seed=4546096672517790016 [50, 73, 76, 162, 341, 359, 457, 691, 697, 717, 722, 759, 795, 859, 875, 911, 1017, 1018, 1071, 1093, 1112, 1241, 1274, 1338, 1346, 1510, 1634, 1789, 1795, 1844, 1953]
Iter#3803 New set #5 of size 31 (760.6 its/hit = 0.000s/hit): seed=11355048149535203693 [92, 227, 258, 317, 363, 392, 426, 440, 456, 675, 743, 804, 888, 1018, 1080, 1161, 1196, 1232, 1237, 1513, 1539, 1581, 1602, 1647, 1760, 1773, 1896, 1931, 1965, 1978, 2033]
Iter#4293 New set #6 of size 31 (715.5 its/hit = 0.000s/hit): seed=8902269061894570331 [86, 117, 158, 179, 188, 202, 224, 290, 372, 538, 588, 610, 625, 635, 824, 878, 893, 916, 941, 993, 998, 1057, 1234, 1343, 1354, 1707, 1709, 1716, 1758, 1786, 1788]
Iter#5258 New set #7 of size 31 (751.1 its/hit = 0.000s/hit): seed=563038377346305594 [22, 33, 80, 183, 286, 357, 376, 503, 519, 590, 793, 805, 854, 993, 1000, 1064, 1074, 1096, 1134, 1207, 1449, 1497, 1499, 1539, 1637, 1712, 1796, 1830, 1840, 1966, 1969]
Iter#8109 New set #8 of size 31 (1013.6 its/hit = 0.000s/hit): seed=5054577307294009051 [66, 136, 152, 256, 293, 322, 342, 476, 567, 573, 617, 629, 823, 863, 885, 971, 993, 1002, 1036, 1052, 1144, 1213, 1425, 1444, 1577, 1605, 1637, 1662, 1775, 1945, 1952]
Iter#8464 New set #9 of size 31 (940.4 its/hit = 0.000s/hit): seed=16691111212542935428 [53, 81, 204, 213, 336, 606, 619, 808, 879, 889, 1045, 1092, 1129, 1184, 1193, 1218, 1232, 1253, 1448, 1579, 1651, 1652, 1678, 1717, 1723, 1769, 1853, 1868, 1900, 1918, 2025]
Iter#10302 New set #10 of size 31 (1030.2 its/hit = 0.100s/hit): seed=12268058536132815166 [30, 241, 413, 475, 536, 672, 702, 885, 963, 1104, 1175, 1191, 1209, 1227, 1287, 1385, 1419, 1433, 1511, 1543, 1561, 1594, 1608, 1682, 1756, 1856, 1923, 1939, 1945, 1997, 2029]
Iter#13373 New set #20 of size 31 (668.7 its/hit = 0.050s/hit): seed=3050397009866404487 [9, 25, 107, 124, 309, 312, 471, 473, 498, 525, 652, 694, 901, 917, 953, 1017, 1024, 1245, 1298, 1333, 1367, 1452, 1488, 1519, 1577, 1621, 1676, 1825, 1843, 1977, 1994]
Iter#22557 New set #30 of size 31 (751.9 its/hit = 0.067s/hit): seed=5505790868719303471 [267, 458, 565, 584, 659, 755, 801, 853, 867, 898, 920, 941, 1043, 1050, 1136, 1302, 1304, 1313, 1425, 1488, 1512, 1569, 1618, 1652, 1663, 1664, 1783, 1931, 1944, 1956, 1980]
Iter#29208 New set #40 of size 31 (730.2 its/hit = 0.050s/hit): seed=14379601326953960248 [34, 73, 77, 133, 142, 162, 195, 411, 446, 458, 677, 711, 725, 748, 789, 839, 849, 1165, 1201, 1285, 1293, 1344, 1356, 1411, 1486, 1538, 1749, 1902, 1952, 1970, 2025]
Iter#39210 New set #50 of size 31 (784.2 its/hit = 0.060s/hit): seed=14877046922334446986 [4, 119, 147, 322, 356, 386, 501, 726, 738, 863, 902, 913, 978, 1029, 1103, 1171, 1212, 1214, 1227, 1234, 1342, 1353, 1495, 1527, 1649, 1707, 1716, 1745, 1813, 1958, 2031]
Iter#47151 New set #60 of size 31 (785.8 its/hit = 0.067s/hit): seed=4176756040666057543 [23, 70, 81, 150, 186, 276, 379, 393, 449, 599, 659, 766, 974, 1114, 1138, 1156, 1203, 1248, 1313, 1388, 1432, 1435, 1439, 1648, 1774, 1778, 1955, 1958, 1972, 2021, 2034]
Iter#54631 New set #70 of size 31 (780.4 its/hit = 0.071s/hit): seed=18238055529290977858 [5, 84, 162, 195, 207, 239, 251, 310, 382, 383, 473, 547, 563, 657, 716, 743, 789, 1018, 1063, 1163, 1243, 1407, 1413, 1434, 1439, 1501, 1627, 1868, 1890, 1988, 2030]
Iter#61773 New set #80 of size 31 (772.2 its/hit = 0.075s/hit): seed=2251529226247536054 [3, 102, 198, 217, 230, 389, 452, 467, 658, 691, 791, 817, 825, 855, 894, 935, 991, 1055, 1063, 1159, 1217, 1253, 1360, 1434, 1518, 1677, 1709, 1800, 1822, 1905, 2040]
Iter#66169 New set #90 of size 31 (735.2 its/hit = 0.067s/hit): seed=13838254890071922083 [44, 124, 209, 217, 378, 416, 427, 476, 568, 628, 635, 677, 755, 767, 782, 831, 991, 1063, 1114, 1115, 1203, 1367, 1415, 1505, 1531, 1665, 1679, 1783, 1915, 1978, 2038]
Iter#74345 New set #100 of size 31 (743.5 its/hit = 0.070s/hit): seed=7365183167291340832 [56, 118, 262, 273, 326, 356, 386, 664, 742, 794, 835, 891, 1112, 1175, 1254, 1274, 1356, 1389, 1426, 1430, 1450, 1498, 1606, 1616, 1728, 1745, 1769, 1826, 1854, 1858, 2000]
Iter#152885 New set #200 of size 31 (764.4 its/hit = 0.075s/hit): seed=8884017157945003884 [214, 360, 374, 426, 440, 535, 622, 656, 731, 808, 947, 1136, 1236, 1266, 1304, 1346, 1354, 1365, 1473, 1591, 1627, 1634, 1677, 1707, 1740, 1767, 1859, 1874, 1987, 1999, 2010]
Iter#167106 New set #1 of size 32 (167106.0 its/hit = 16.000s/hit): seed=13614723780810706968 [2, 147, 286, 376, 399, 474, 504, 574, 584, 685, 688, 758, 942, 998, 1038, 1052, 1192, 1296, 1315, 1374, 1447, 1456, 1600, 1685, 1704, 1726, 1821, 1844, 1915, 1934, 1936, 1952]
Iter#217535 New set #2 of size 32 (108767.5 its/hit = 10.500s/hit): seed=3983734800330910646 [79, 80, 98, 115, 147, 170, 272, 326, 368, 417, 494, 519, 521, 555, 614, 632, 889, 1134, 1169, 1243, 1246, 1301, 1307, 1310, 1328, 1407, 1426, 1639, 1815, 1916, 1987, 2045]
Iter#246588 New set #3 of size 32 (82196.0 its/hit = 8.000s/hit): seed=14820732230690092500 [14, 43, 56, 88, 93, 241, 356, 400, 538, 732, 792, 796, 804, 894, 943, 1193, 1264, 1423, 1428, 1463, 1515, 1683, 1707, 1759, 1770, 1772, 1803, 1829, 1872, 1934, 1937, 2026]
Iter#386969 New set #4 of size 32 (96742.2 its/hit = 9.500s/hit): seed=10660822286873117420 [35, 40, 74, 98, 383, 458, 487, 716, 778, 826, 900, 922, 935, 1062, 1147, 1164, 1234, 1265, 1275, 1278, 1529, 1538, 1552, 1592, 1596, 1626, 1650, 1669, 1846, 1878, 1909, 1978]
Iter#608502 New set #5 of size 32 (121700.4 its/hit = 12.000s/hit): seed=305555212728021596 [48, 56, 118, 127, 171, 201, 215, 221, 240, 291, 307, 467, 614, 698, 778, 812, 1032, 1079, 1205, 1250, 1272, 1295, 1323, 1336, 1358, 1424, 1427, 1499, 1509, 1588, 2043, 2047]
Iter#754519 New set #6 of size 32 (125753.2 its/hit = 12.333s/hit): seed=4235755835001139581 [80, 138, 189, 207, 212, 352, 405, 414, 431, 453, 457, 515, 538, 558, 627, 724, 725, 851, 890, 949, 956, 959, 987, 1052, 1100, 1304, 1362, 1417, 1446, 1497, 1657, 1760]
Iter#774532 New set #7 of size 32 (110647.4 its/hit = 10.857s/hit): seed=9275169615943885356 [16, 103, 129, 153, 189, 280, 328, 409, 612, 656, 659, 686, 688, 694, 714, 755, 813, 981, 1022, 1059, 1165, 1387, 1501, 1639, 1651, 1685, 1747, 1766, 1919, 1932, 2013, 2046]
Iter#829599 New set #8 of size 32 (103699.9 its/hit = 10.250s/hit): seed=12208972250907132187 [66, 75, 79, 84, 189, 211, 242, 266, 319, 387, 453, 563, 589, 635, 636, 654, 696, 705, 803, 864, 882, 987, 1107, 1388, 1566, 1581, 1715, 1723, 1825, 1923, 1981, 2009]
Iter#883835 New set #9 of size 32 (98203.9 its/hit = 9.667s/hit): seed=3566030678879849977 [16, 32, 34, 74, 214, 337, 489, 610, 628, 675, 691, 710, 771, 841, 860, 967, 1024, 1235, 1250, 1266, 1282, 1297, 1352, 1464, 1537, 1544, 1601, 1611, 1617, 1658, 1964, 2046]
Iter#947829 New set #10 of size 32 (94782.9 its/hit = 9.300s/hit): seed=749505845833422940 [4, 34, 38, 118, 160, 259, 263, 288, 289, 293, 303, 337, 378, 495, 576, 723, 760, 784, 805, 983, 1106, 1268, 1327, 1331, 1332, 1438, 1499, 1548, 1743, 1758, 1820, 1827]
Iter#1610487 New set #20 of size 32 (80524.4 its/hit = 7.900s/hit): seed=16186744391887523878 [49, 58, 73, 130, 158, 290, 402, 527, 545, 553, 582, 609, 863, 961, 1032, 1075, 1128, 1157, 1270, 1281, 1298, 1355, 1367, 1371, 1395, 1433, 1588, 1732, 1821, 1847, 1876, 1961]
Iter#2074040 New set #30 of size 32 (69134.7 its/hit = 6.767s/hit): seed=1346847783746623656 [71, 123, 135, 142, 173, 302, 361, 458, 538, 638, 669, 874, 903, 1062, 1070, 1179, 1193, 1244, 1294, 1461, 1498, 1522, 1588, 1656, 1661, 1715, 1754, 1826, 1836, 1928, 2002, 2045]
Iter#3042295 New set #40 of size 32 (76057.4 its/hit = 7.475s/hit): seed=4736468364006739 [71, 102, 346, 413, 419, 439, 484, 592, 667, 686, 729, 745, 774, 781, 842, 856, 1063, 1218, 1267, 1294, 1390, 1403, 1450, 1505, 1513, 1586, 1640, 1933, 1934, 1966, 2026, 2037]
Iter#3613452 New set #50 of size 32 (72269.0 its/hit = 7.100s/hit): seed=5800044145048197557 [104, 141, 222, 243, 334, 567, 573, 683, 770, 824, 883, 946, 998, 1017, 1047, 1094, 1107, 1176, 1201, 1272, 1364, 1535, 1564, 1577, 1676, 1760, 1918, 1923, 1949, 1952, 1986, 2024]
Iter#4073482 New set #60 of size 32 (67891.4 its/hit = 6.667s/hit): seed=3723502778914899257 [383, 448, 492, 518, 542, 679, 721, 752, 774, 816, 843, 952, 1007, 1034, 1129, 1131, 1146, 1174, 1225, 1360, 1366, 1415, 1425, 1568, 1638, 1736, 1740, 1777, 1824, 1836, 1931, 1958]
Iter#4785927 New set #70 of size 32 (68370.4 its/hit = 6.714s/hit): seed=18180969968777455503 [383, 448, 492, 518, 542, 679, 721, 752, 774, 816, 843, 952, 1007, 1034, 1129, 1131, 1146, 1174, 1225, 1360, 1366, 1415, 1425, 1568, 1638, 1736, 1740, 1777, 1824, 1836, 1931, 1958]
Iter#5669925 New set #80 of size 32 (70874.1 its/hit = 6.963s/hit): seed=2008501183716584901 [50, 197, 211, 331, 361, 408, 428, 539, 552, 581, 640, 712, 718, 776, 812, 848, 899, 977, 1001, 1082, 1205, 1208, 1218, 1239, 1335, 1605, 1761, 1769, 1784, 1843, 1847, 1848]
Iter#6093600 New set #90 of size 32 (67706.7 its/hit = 6.656s/hit): seed=11006346969317803107 [96, 158, 270, 319, 417, 434, 456, 550, 553, 671, 715, 884, 920, 993, 1115, 1116, 1134, 1218, 1247, 1342, 1379, 1382, 1427, 1533, 1617, 1625, 1648, 1650, 1664, 1807, 1834, 1978]
Iter#6655782 New set #100 of size 32 (66557.8 its/hit = 6.540s/hit): seed=7158231366537749262 [2, 17, 99, 158, 248, 402, 417, 429, 497, 730, 838, 843, 855, 999, 1057, 1101, 1116, 1153, 1170, 1265, 1280, 1315, 1379, 1490, 1645, 1674, 1683, 1742, 1758, 1803, 1811, 1818]
Iter#14526129 New set #200 of size 32 (72630.6 its/hit = 7.120s/hit): seed=4282796180798400738 [17, 88, 137, 222, 249, 287, 349, 387, 397, 401, 426, 517, 541, 547, 604, 642, 769, 815, 887, 991, 1012, 1028, 1055, 1076, 1105, 1131, 1132, 1208, 1456, 1616, 1819, 1859]
Iter#21205618 New set #300 of size 32 (70685.4 its/hit = 6.937s/hit): seed=6356001227793710472 [122, 129, 176, 183, 222, 234, 358, 364, 493, 558, 607, 680, 815, 965, 983, 1011, 1027, 1028, 1112, 1241, 1262, 1332, 1352, 1383, 1433, 1461, 1485, 1540, 1651, 1736, 1835, 1985]
Iter#28368962 New set #400 of size 32 (70922.4 its/hit = 6.965s/hit): seed=17905302811791840771 [165, 382, 418, 471, 475, 531, 656, 665, 673, 771, 904, 995, 1004, 1011, 1135, 1235, 1273, 1274, 1337, 1368, 1599, 1605, 1627, 1690, 1803, 1807, 1820, 1857, 1933, 2002, 2020, 2041]
Iter#34883272 New set #500 of size 32 (69766.5 its/hit = 6.856s/hit): seed=5919793139400761527 [30, 99, 177, 300, 385, 413, 487, 578, 634, 703, 715, 854, 917, 972, 978, 999, 1064, 1136, 1152, 1197, 1224, 1238, 1510, 1572, 1606, 1621, 1796, 1810, 1818, 1873, 1927, 1996]
