[*] Computing DDT
[+] DDT Computed
DDT took 77.505241ms
Iter#1 New set #1 of size 21 (1.0 its/hit = 0.000s/hit): seed=3500570773464032097 [38, 249, 427, 735, 832, 871, 1020, 1103, 1137, 1316, 1326, 1445, 1454, 1484, 1688, 1765, 1874, 1883, 1958, 2004, 2022]
Iter#2 New set #2 of size 21 (1.0 its/hit = 0.000s/hit): seed=11918533427567988410 [6, 124, 226, 337, 383, 407, 580, 1051, 1113, 1221, 1240, 1253, 1280, 1530, 1552, 1567, 1594, 1657, 1724, 1851, 1860]
Iter#3 New set #1 of size 22 (3.0 its/hit = 0.000s/hit): seed=12505137925951519166 [309, 498, 523, 770, 798, 825, 917, 957, 1043, 1147, 1149, 1171, 1312, 1321, 1325, 1343, 1500, 1558, 1636, 1660, 1709, 1865]
Iter#4 New set #2 of size 22 (2.0 its/hit = 0.000s/hit): seed=14693753968306567121 [29, 31, 89, 266, 365, 425, 480, 505, 554, 555, 632, 739, 826, 890, 1177, 1281, 1331, 1350, 1697, 1903, 1993, 2026]
Iter#5 New set #1 of size 23 (5.0 its/hit = 0.000s/hit): seed=7479074539051165056 [10, 139, 153, 614, 627, 713, 824, 902, 1061, 1165, 1169, 1272, 1375, 1422, 1582, 1638, 1730, 1739, 1802, 1812, 1839, 1928, 1995]
Iter#8 New set #1 of size 24 (8.0 its/hit = 0.000s/hit): seed=8029556881385770982 [123, 195, 278, 443, 448, 465, 480, 526, 547, 674, 717, 927, 1177, 1291, 1304, 1414, 1506, 1575, 1676, 1682, 1691, 1713, 1740, 1832]
Iter#11 New set #2 of size 24 (5.5 its/hit = 0.000s/hit): seed=17838288420387874159 [172, 224, 235, 323, 358, 435, 521, 606, 767, 848, 923, 1018, 1091, 1120, 1125, 1513, 1573, 1644, 1669, 1735, 1748, 1752, 1827, 1971]
Iter#16 New set #3 of size 24 (5.3 its/hit = 0.000s/hit): seed=4634060583167222102 [81, 225, 323, 392, 471, 483, 509, 585, 590, 886, 889, 924, 984, 1074, 1200, 1447, 1538, 1615, 1716, 1733, 1748, 1811, 1935, 1959]
Iter#31 New set #4 of size 24 (7.8 its/hit = 0.000s/hit): seed=3373968969453140119 [41, 135, 209, 226, 271, 386, 478, 489, 557, 580, 592, 614, 682, 684, 896, 925, 1073, 1171, 1174, 1228, 1273, 1417, 1573, 1913]
Iter#42 New set #5 of size 24 (8.4 its/hit = 0.000s/hit): seed=17717685429361532557 [79, 392, 416, 455, 501, 556, 572, 580, 602, 640, 667, 705, 726, 1001, 1105, 1134, 1159, 1306, 1312, 1331, 1550, 1591, 1950, 2026]
Iter#50 New set #6 of size 24 (8.3 its/hit = 0.000s/hit): seed=8302496274435860511 [8, 75, 160, 186, 330, 516, 521, 530, 541, 561, 570, 768, 953, 975, 1213, 1251, 1281, 1344, 1365, 1443, 1578, 1656, 1718, 1885]
Iter#51 New set #7 of size 24 (7.3 its/hit = 0.000s/hit): seed=9089366603313767621 [17, 19, 166, 564, 587, 623, 717, 782, 854, 968, 1024, 1072, 1111, 1167, 1226, 1265, 1437, 1476, 1616, 1715, 1789, 1903, 1908, 1923]
Iter#56 New set #8 of size 24 (7.0 its/hit = 0.000s/hit): seed=17779080868684491992 [23, 38, 184, 335, 377, 380, 416, 425, 447, 656, 839, 1020, 1061, 1348, 1446, 1631, 1636, 1789, 1831, 1883, 1902, 1903, 1968, 2008]
Iter#73 New set #9 of size 24 (8.1 its/hit = 0.000s/hit): seed=6173019842704324270 [77, 87, 134, 167, 178, 227, 518, 522, 670, 698, 744, 749, 750, 755, 1091, 1225, 1265, 1329, 1334, 1405, 1423, 1466, 1659, 1756]
Iter#76 New set #10 of size 24 (7.6 its/hit = 0.000s/hit): seed=2164379328382633450 [82, 86, 102, 212, 339, 349, 405, 490, 565, 837, 910, 984, 1007, 1178, 1238, 1327, 1480, 1525, 1605, 1736, 1835, 1875, 1994, 2021]
Iter#123 New set #20 of size 24 (6.2 its/hit = 0.000s/hit): seed=2311332988556779190 [260, 273, 347, 473, 493, 586, 654, 658, 749, 865, 899, 1465, 1484, 1516, 1522, 1572, 1684, 1798, 1799, 1871, 1879, 1955, 1976, 2036]
Iter#132 New set #1 of size 25 (132.0 its/hit = 0.000s/hit): seed=14184230683537871675 [83, 283, 288, 311, 333, 435, 725, 798, 851, 869, 915, 1039, 1128, 1142, 1302, 1369, 1424, 1466, 1530, 1536, 1644, 1833, 1838, 1953, 1971]
Iter#181 New set #1 of size 26 (181.0 its/hit = 0.000s/hit): seed=18298018183932382797 [11, 84, 118, 167, 213, 243, 429, 527, 658, 747, 917, 1017, 1101, 1142, 1266, 1340, 1346, 1392, 1493, 1508, 1586, 1610, 1732, 1745, 1776, 1899]
Iter#824 New set #1 of size 27 (824.0 its/hit = 0.000s/hit): seed=17705730918983458824 [30, 31, 134, 174, 198, 227, 311, 410, 423, 452, 456, 489, 491, 515, 524, 703, 729, 786, 915, 1088, 1099, 1381, 1414, 1685, 1759, 1860, 2022]
Iter#974 New set #2 of size 27 (487.0 its/hit = 0.000s/hit): seed=13580370579598320991 [63, 79, 341, 355, 427, 452, 507, 567, 762, 771, 784, 849, 909, 916, 929, 949, 1313, 1335, 1352, 1570, 1610, 1695, 1699, 1838, 1866, 1891, 1964]
Iter#1776 New set #3 of size 27 (592.0 its/hit = 0.000s/hit): seed=1998547004674165931 [61, 69, 92, 119, 138, 172, 175, 367, 383, 467, 587, 634, 950, 988, 1151, 1187, 1268, 1294, 1327, 1397, 1437, 1483, 1567, 1694, 1909, 1922, 1967]
Iter#1861 New set #4 of size 27 (465.2 its/hit = 0.000s/hit): seed=10920782664394458193 [37, 184, 197, 258, 363, 492, 520, 567, 594, 642, 657, 683, 740, 1004, 1078, 1160, 1197, 1411, 1486, 1566, 1585, 1598, 1626, 1680, 1835, 1862, 1994]
Iter#4122 New set #5 of size 27 (824.4 its/hit = 0.000s/hit): seed=17279410346593503687 [60, 199, 231, 315, 318, 338, 358, 384, 599, 706, 747, 768, 847, 868, 1016, 1029, 1119, 1234, 1317, 1484, 1489, 1770, 1806, 1922, 1943, 1945, 2014]
Iter#4235 New set #6 of size 27 (705.8 its/hit = 0.000s/hit): seed=7054283211912993157 [64, 207, 230, 267, 400, 489, 492, 507, 522, 607, 683, 730, 958, 983, 997, 1001, 1103, 1193, 1250, 1353, 1359, 1462, 1496, 1722, 1833, 1847, 1921]
Iter#5781 New set #7 of size 27 (825.9 its/hit = 0.000s/hit): seed=1113108372582263874 [117, 352, 361, 452, 534, 565, 614, 711, 759, 789, 877, 882, 938, 1004, 1113, 1174, 1235, 1282, 1384, 1444, 1564, 1718, 1890, 1913, 1970, 2034, 2047]
Iter#6244 New set #8 of size 27 (780.5 its/hit = 0.000s/hit): seed=16396000372936791685 [21, 36, 146, 253, 260, 313, 330, 331, 516, 555, 557, 559, 614, 623, 898, 1028, 1144, 1254, 1271, 1384, 1412, 1454, 1643, 1716, 1747, 1958, 1989]
Iter#6509 New set #1 of size 28 (6509.0 its/hit = 0.000s/hit): seed=1988674415628716680 [49, 56, 82, 150, 163, 422, 594, 707, 754, 858, 885, 1077, 1158, 1172, 1254, 1296, 1318, 1338, 1344, 1351, 1379, 1413, 1453, 1532, 1545, 1554, 1696, 1922]
Iter#11436 New set #1 of size 29 (11436.0 its/hit = 1.000s/hit): seed=16815931064978329093 [16, 99, 135, 174, 220, 300, 471, 532, 579, 606, 630, 792, 831, 948, 1026, 1094, 1131, 1141, 1144, 1304, 1469, 1489, 1520, 1742, 1835, 1885, 1911, 1956, 1963]
Iter#71137 New set #2 of size 29 (35568.5 its/hit = 3.500s/hit): seed=18087788909555152383 [274, 341, 342, 496, 679, 729, 787, 870, 902, 910, 1045, 1071, 1098, 1113, 1134, 1170, 1407, 1490, 1505, 1516, 1524, 1563, 1650, 1711, 1760, 1866, 1928, 1933, 1937]
Iter#90259 New set #3 of size 29 (30086.3 its/hit = 3.000s/hit): seed=5443448980701308520 [15, 148, 169, 322, 463, 507, 579, 689, 727, 755, 773, 797, 827, 1084, 1113, 1155, 1194, 1309, 1552, 1555, 1570, 1685, 1720, 1780, 1829, 1871, 1883, 1884, 2031]
Iter#103763 New set #1 of size 30 (103763.0 its/hit = 11.000s/hit): seed=1703268160310124993 [166, 315, 339, 388, 529, 569, 652, 776, 794, 875, 900, 936, 1001, 1079, 1163, 1266, 1291, 1346, 1378, 1405, 1479, 1509, 1512, 1525, 1785, 1805, 1869, 1995, 2007, 2031]
Iter#242359 New set #2 of size 30 (121179.5 its/hit = 13.000s/hit): seed=15816056470504771133 [110, 154, 294, 357, 377, 398, 479, 500, 508, 546, 622, 629, 715, 843, 980, 1001, 1198, 1201, 1366, 1398, 1447, 1537, 1584, 1702, 1734, 1807, 1824, 1906, 2008, 2028]
Iter#293737 New set #3 of size 30 (97912.3 its/hit = 10.333s/hit): seed=2240825988704471546 [38, 80, 85, 141, 256, 297, 314, 348, 364, 411, 445, 498, 575, 584, 604, 636, 847, 854, 1000, 1074, 1113, 1322, 1379, 1500, 1572, 1627, 1649, 1681, 2016, 2042]
Iter#296453 New set #4 of size 30 (74113.2 its/hit = 8.000s/hit): seed=7636886762560321555 [171, 386, 438, 592, 598, 686, 688, 710, 811, 838, 989, 1002, 1023, 1055, 1071, 1148, 1186, 1252, 1335, 1351, 1366, 1686, 1725, 1782, 1856, 1900, 1909, 1928, 1969, 2007]
Iter#355637 New set #5 of size 30 (71127.4 its/hit = 7.600s/hit): seed=5527443328112974998 [213, 215, 242, 246, 262, 331, 426, 443, 449, 483, 577, 661, 1023, 1063, 1089, 1153, 1207, 1223, 1245, 1359, 1377, 1596, 1607, 1687, 1732, 1792, 1830, 1886, 1924, 1927]
Iter#450126 New set #6 of size 30 (75021.0 its/hit = 8.000s/hit): seed=3465019217108496721 [52, 246, 261, 270, 281, 395, 457, 477, 502, 508, 641, 678, 775, 803, 871, 1017, 1111, 1163, 1211, 1226, 1667, 1692, 1741, 1764, 1801, 1819, 1833, 1839, 1841, 2002]
Iter#564632 New set #7 of size 30 (80661.7 its/hit = 8.714s/hit): seed=2871118563420873809 [95, 414, 490, 520, 595, 651, 722, 763, 778, 962, 991, 1038, 1223, 1329, 1347, 1408, 1483, 1488, 1496, 1509, 1589, 1590, 1735, 1736, 1855, 1902, 1946, 1952, 1963, 2020]
Iter#574869 New set #8 of size 30 (71858.6 its/hit = 7.750s/hit): seed=3382877713258123394 [66, 129, 173, 238, 342, 409, 460, 471, 578, 589, 613, 765, 830, 1268, 1270, 1272, 1342, 1432, 1490, 1505, 1532, 1605, 1683, 1758, 1766, 1799, 1856, 1934, 1955, 1957]
Iter#618005 New set #9 of size 30 (68667.2 its/hit = 7.333s/hit): seed=8963293559755359004 [81, 97, 106, 175, 271, 277, 400, 474, 546, 668, 690, 768, 801, 838, 890, 933, 938, 1083, 1303, 1347, 1393, 1593, 1699, 1759, 1844, 1920, 1928, 2013, 2024, 2038]
Iter#633046 New set #10 of size 30 (63304.6 its/hit = 6.800s/hit): seed=16920698829058581166 [10, 99, 117, 159, 165, 249, 303, 352, 385, 445, 454, 473, 479, 555, 784, 955, 971, 1019, 1132, 1167, 1188, 1228, 1245, 1373, 1585, 1652, 1740, 1787, 1973, 2010]
Iter#1201952 New set #20 of size 30 (60097.6 its/hit = 6.450s/hit): seed=14027256845912086687 [11, 149, 187, 274, 451, 452, 491, 569, 583, 650, 716, 876, 969, 990, 1108, 1109, 1178, 1342, 1415, 1428, 1438, 1471, 1522, 1534, 1574, 1733, 1775, 1866, 1989, 2044]
Iter#2371493 New set #30 of size 30 (79049.8 its/hit = 8.467s/hit): seed=8819447965635125317 [17, 57, 96, 164, 324, 345, 645, 749, 915, 959, 996, 1121, 1131, 1197, 1227, 1258, 1373, 1508, 1534, 1604, 1609, 1652, 1674, 1681, 1683, 1695, 1709, 1731, 1803, 1945]
Iter#3297606 New set #40 of size 30 (82440.1 its/hit = 8.825s/hit): seed=17793398106894417155 [48, 70, 74, 109, 118, 142, 230, 345, 508, 512, 602, 811, 828, 846, 879, 949, 982, 1056, 1136, 1212, 1367, 1389, 1412, 1420, 1699, 1861, 1954, 1987, 2026, 2039]
Iter#4093188 New set #50 of size 30 (81863.8 its/hit = 8.780s/hit): seed=625425559021850885 [3, 219, 221, 288, 290, 418, 433, 475, 557, 593, 701, 810, 844, 872, 904, 925, 1043, 1061, 1164, 1196, 1298, 1432, 1488, 1535, 1623, 1665, 1704, 1729, 1969, 2030]
Iter#5044135 New set #60 of size 30 (84068.9 its/hit = 9.017s/hit): seed=7278849825014751886 [68, 102, 210, 279, 318, 493, 521, 829, 833, 1014, 1028, 1206, 1207, 1213, 1253, 1276, 1392, 1537, 1570, 1572, 1578, 1608, 1613, 1634, 1669, 1723, 1782, 1803, 1884, 1929]
Iter#6475175 New set #70 of size 30 (92502.5 its/hit = 9.914s/hit): seed=11765801081157958036 [17, 42, 77, 249, 319, 343, 349, 352, 475, 522, 560, 577, 670, 687, 719, 801, 920, 921, 927, 977, 1025, 1125, 1176, 1325, 1463, 1657, 1691, 1887, 1978, 1982]
Iter#7260777 New set #80 of size 30 (90759.7 its/hit = 9.725s/hit): seed=2158494489956707659 [101, 130, 149, 253, 324, 479, 487, 697, 745, 816, 900, 907, 921, 925, 961, 1037, 1210, 1497, 1548, 1582, 1610, 1644, 1648, 1694, 1778, 1808, 1865, 1888, 1909, 1923]
Iter#7942777 New set #90 of size 30 (88253.1 its/hit = 9.456s/hit): seed=7724942828878343526 [13, 49, 92, 241, 373, 444, 462, 488, 505, 583, 675, 727, 760, 866, 988, 1167, 1183, 1336, 1373, 1588, 1594, 1630, 1762, 1790, 1792, 1795, 1854, 1909, 1916, 2002]
Iter#8975516 New set #100 of size 30 (89755.2 its/hit = 9.600s/hit): seed=5851884559522599140 [72, 154, 182, 402, 443, 594, 824, 882, 967, 1027, 1056, 1212, 1309, 1328, 1361, 1392, 1425, 1473, 1498, 1510, 1538, 1642, 1651, 1661, 1743, 1897, 1924, 1937, 1947, 2039]
Iter#18187696 New set #200 of size 30 (90938.5 its/hit = 9.740s/hit): seed=8657710710561635549 [110, 143, 263, 441, 455, 460, 510, 551, 604, 605, 760, 829, 1031, 1043, 1069, 1230, 1255, 1268, 1331, 1560, 1581, 1590, 1690, 1736, 1781, 1783, 1849, 1921, 1965, 2001]
Iter#25780258 New set #300 of size 30 (85934.2 its/hit = 9.210s/hit): seed=6286160156075778490 [93, 94, 153, 160, 176, 208, 266, 365, 402, 414, 419, 508, 551, 695, 757, 827, 846, 885, 927, 1024, 1039, 1161, 1523, 1601, 1674, 1682, 1695, 1806, 1963, 1991]
Iter#33400301 New set #400 of size 30 (83500.8 its/hit = 8.952s/hit): seed=10659316372751586052 [75, 105, 177, 232, 400, 422, 449, 504, 509, 692, 705, 851, 862, 1175, 1242, 1440, 1474, 1478, 1481, 1489, 1514, 1532, 1550, 1562, 1645, 1816, 1818, 1866, 1873, 2001]
