[*] Computing DDT
[+] DDT Computed
DDT took 317.363989ms
Iter#1 New set #1 of size 25 (1.0 its/hit = 0.000s/hit): seed=137428018303002592 [212, 221, 578, 637, 1071, 1095, 1162, 1231, 1451, 1690, 1718, 2052, 2346, 2367, 2584, 2696, 3010, 3127, 3561, 3638, 3705, 3711, 3719, 3754, 4088]
Iter#2 New set #2 of size 25 (1.0 its/hit = 0.000s/hit): seed=14812335005421299569 [596, 605, 896, 1260, 1334, 1455, 1641, 1644, 2170, 2179, 2239, 2270, 2325, 2558, 2715, 2859, 2941, 2980, 3355, 3359, 3460, 3638, 3696, 3717, 3824]
Iter#3 New set #1 of size 28 (3.0 its/hit = 0.000s/hit): seed=2267952161528469058 [82, 93, 357, 835, 900, 1005, 1130, 1345, 1364, 1584, 1594, 1650, 2016, 2267, 2406, 2527, 2612, 2879, 2999, 3268, 3351, 3501, 3570, 3610, 3729, 3754, 3802, 3898]
Iter#4 New set #1 of size 33 (4.0 its/hit = 0.000s/hit): seed=14083785135095661053 [2, 382, 595, 614, 655, 685, 1101, 1174, 1176, 1219, 1226, 1365, 1461, 1465, 1830, 1886, 2005, 2190, 2247, 2584, 2586, 2782, 2828, 2876, 2907, 2964, 3470, 3505, 3704, 3804, 3910, 3962, 4025]
Iter#1335 New set #2 of size 33 (667.5 its/hit = 0.000s/hit): seed=591993640435505297 [45, 80, 217, 229, 295, 490, 532, 1060, 1074, 1172, 1267, 1375, 1443, 1515, 1561, 1743, 1756, 1823, 2048, 2287, 2318, 2329, 2450, 2465, 2579, 2591, 2598, 3069, 3481, 3628, 3633, 3664, 4068]
Iter#1371 New set #1 of size 36 (1371.0 its/hit = 0.000s/hit): seed=2404121092250740466 [109, 171, 224, 363, 404, 466, 690, 722, 727, 894, 1058, 1083, 1104, 1189, 1311, 1417, 1492, 1730, 1941, 2405, 2420, 2455, 2516, 2639, 2812, 2830, 2986, 3071, 3124, 3165, 3193, 3200, 3828, 3883, 4054, 4072]
Iter#3927 New set #2 of size 36 (1963.5 its/hit = 0.500s/hit): seed=16917975757692725884 [55, 241, 248, 415, 440, 647, 710, 993, 1182, 1218, 1586, 1653, 1889, 2158, 2197, 2251, 2298, 2397, 2422, 2474, 2504, 2551, 2636, 2730, 2815, 2896, 3033, 3220, 3222, 3282, 3303, 3446, 3673, 3722, 3938, 3995]
Iter#4941 New set #3 of size 36 (1647.0 its/hit = 0.333s/hit): seed=10937518525863131575 [173, 318, 408, 495, 542, 619, 845, 1254, 1441, 1497, 1673, 1682, 2102, 2173, 2184, 2200, 2226, 2295, 2332, 2389, 2401, 2422, 2729, 2740, 2835, 2884, 2934, 2948, 2982, 3165, 3243, 3544, 3549, 3742, 3769, 3916]
Iter#5874 New set #4 of size 36 (1468.5 its/hit = 0.250s/hit): seed=17167919517045629802 [130, 331, 392, 471, 782, 902, 1119, 1137, 1190, 1328, 1389, 1483, 1710, 1892, 1965, 1995, 2104, 2233, 2261, 2388, 2471, 2571, 2830, 2847, 3186, 3403, 3439, 3477, 3503, 3550, 3623, 3652, 3717, 3743, 4021, 4092]
Iter#6701 New set #5 of size 36 (1340.2 its/hit = 0.400s/hit): seed=16037944503574095916 [79, 172, 437, 476, 575, 912, 1000, 1164, 1208, 1232, 1499, 1600, 1771, 1810, 1896, 2087, 2148, 2170, 2235, 2276, 2327, 2555, 2953, 3215, 3229, 3306, 3442, 3467, 3576, 3646, 3875, 3883, 3905, 3946, 4053, 4055]
Iter#8613 New set #6 of size 36 (1435.5 its/hit = 0.333s/hit): seed=5629856153079361878 [217, 388, 598, 904, 1024, 1079, 1202, 1246, 1490, 1673, 1798, 2076, 2104, 2292, 2299, 2357, 2404, 2414, 2415, 2417, 2492, 2526, 2661, 2673, 2733, 2811, 2917, 2935, 2993, 3157, 3169, 3358, 3717, 3721, 3882, 4009]
Iter#9073 New set #7 of size 36 (1296.1 its/hit = 0.429s/hit): seed=9041966597940237400 [290, 543, 785, 958, 980, 1068, 1154, 1403, 1442, 1465, 1550, 1699, 1770, 1850, 2048, 2100, 2103, 2240, 2244, 2310, 2511, 2526, 2637, 2653, 2698, 2895, 2896, 3126, 3209, 3226, 3379, 3554, 3567, 3873, 3956, 4023]
Iter#9749 New set #8 of size 36 (1218.6 its/hit = 0.375s/hit): seed=15080986474188079644 [27, 94, 140, 251, 257, 274, 377, 378, 456, 556, 651, 800, 886, 1197, 1239, 1258, 1362, 1561, 1591, 1778, 1897, 1946, 2039, 2176, 2461, 2481, 2488, 2602, 2765, 3020, 3196, 3225, 3434, 3452, 3631, 3797]
Iter#10028 New set #9 of size 36 (1114.2 its/hit = 0.333s/hit): seed=15336214961836047544 [147, 294, 347, 416, 559, 563, 742, 806, 839, 868, 908, 911, 1199, 1218, 1456, 1578, 1906, 1998, 2022, 2146, 2211, 2341, 2364, 2374, 2418, 2427, 2581, 2662, 3024, 3073, 3150, 3516, 3650, 3714, 3937, 3955]
Iter#10086 New set #10 of size 36 (1008.6 its/hit = 0.300s/hit): seed=15212168865154764985 [253, 255, 413, 446, 467, 571, 949, 976, 1006, 1017, 1061, 1315, 1367, 1416, 1535, 1688, 1896, 1929, 2050, 2104, 2120, 2203, 2357, 2689, 2723, 2803, 2950, 3002, 3034, 3208, 3418, 3457, 3513, 3747, 3861, 4040]
Iter#23502 New set #20 of size 36 (1175.1 its/hit = 0.350s/hit): seed=13630762542590072189 [5, 204, 221, 234, 361, 375, 401, 403, 986, 1008, 1122, 1357, 1595, 1799, 1815, 1818, 1861, 1878, 2162, 2192, 2297, 2369, 2392, 2410, 2472, 2523, 2618, 2726, 2749, 2938, 3133, 3141, 3363, 3692, 3736, 3829]
Iter#41988 New set #30 of size 36 (1399.6 its/hit = 0.467s/hit): seed=12749440575004973299 [27, 367, 641, 782, 824, 932, 1051, 1065, 1169, 1246, 1378, 1392, 1443, 1552, 1623, 1955, 2010, 2022, 2169, 2256, 2350, 2410, 2816, 2879, 2882, 2909, 3327, 3331, 3477, 3558, 3610, 3650, 3809, 3865, 3870, 4058]
Iter#62300 New set #40 of size 36 (1557.5 its/hit = 0.500s/hit): seed=17641208072382241158 [53, 74, 200, 938, 1174, 1237, 1518, 1534, 1553, 1567, 1635, 1639, 1745, 1887, 2000, 2120, 2188, 2428, 2530, 2545, 2561, 2798, 2974, 2980, 3117, 3144, 3275, 3289, 3439, 3462, 3761, 3863, 3907, 3935, 3964, 3983]
Iter#99940 New set #50 of size 36 (1998.8 its/hit = 0.660s/hit): seed=16237396385267853288 [55, 506, 774, 870, 888, 1018, 1043, 1048, 1098, 1368, 1529, 1592, 1721, 1812, 1978, 1995, 2016, 2058, 2073, 2122, 2341, 2627, 2708, 2896, 3334, 3369, 3384, 3394, 3584, 3613, 3798, 3927, 3928, 3957, 4031, 4071]
Iter#116617 New set #60 of size 36 (1943.6 its/hit = 0.650s/hit): seed=42402240119452924 [73, 141, 223, 230, 307, 335, 391, 504, 583, 595, 698, 873, 885, 977, 1043, 1112, 1166, 1462, 1483, 1801, 1904, 1975, 2175, 2560, 2600, 2610, 2671, 2853, 2918, 3141, 3290, 3368, 3482, 3574, 3773, 3870]
Iter#141187 New set #70 of size 36 (2017.0 its/hit = 0.671s/hit): seed=2276744754646110540 [72, 343, 410, 498, 589, 608, 783, 800, 819, 842, 879, 960, 1197, 1247, 1285, 1328, 1411, 1448, 1752, 1872, 2164, 2216, 2288, 2324, 2425, 2494, 2567, 2656, 2667, 2980, 3083, 3148, 3251, 3531, 3623, 3924]
Iter#153458 New set #80 of size 36 (1918.2 its/hit = 0.637s/hit): seed=3817111423691960545 [115, 146, 554, 572, 760, 1067, 1126, 1223, 1412, 1476, 1479, 1488, 1507, 1534, 1794, 1873, 1946, 1958, 1989, 2039, 2172, 2330, 2331, 2466, 2649, 2863, 3033, 3173, 3304, 3354, 3586, 3607, 3688, 3720, 3725, 3954]
Iter#170659 New set #90 of size 36 (1896.2 its/hit = 0.633s/hit): seed=4123445998398970072 [53, 89, 123, 240, 421, 445, 506, 611, 995, 1210, 1288, 1325, 1369, 1402, 1606, 1653, 2166, 2245, 2270, 2275, 2531, 2574, 2668, 2685, 2702, 2875, 3031, 3109, 3115, 3640, 3725, 3762, 3913, 3998, 4073, 4079]
Iter#183333 New set #100 of size 36 (1833.3 its/hit = 0.610s/hit): seed=15813706999449038245 [1, 56, 484, 769, 882, 948, 978, 997, 1023, 1064, 1140, 1288, 1308, 1379, 1533, 1581, 1847, 1865, 1903, 2087, 2163, 2247, 2430, 2585, 2760, 2767, 2950, 2985, 3025, 3041, 3174, 3360, 3369, 3473, 3490, 3872]
Iter#385652 New set #200 of size 36 (1928.3 its/hit = 0.645s/hit): seed=14566925422147377154 [38, 130, 204, 239, 281, 291, 361, 454, 596, 679, 693, 919, 1054, 1176, 1229, 1298, 1451, 1579, 1723, 1893, 1944, 2189, 2257, 2431, 2692, 2712, 2879, 2965, 3016, 3026, 3044, 3095, 3113, 3647, 3781, 4081]
Iter#589670 New set #300 of size 36 (1965.6 its/hit = 0.657s/hit): seed=6040062560820577021 [46, 64, 196, 225, 461, 532, 751, 1081, 1370, 1393, 1485, 1768, 1772, 2019, 2044, 2124, 2136, 2237, 2362, 2368, 2495, 2574, 2741, 3068, 3233, 3314, 3391, 3404, 3427, 3557, 3596, 3634, 3699, 3740, 3809, 3849]
Iter#780799 New set #400 of size 36 (1952.0 its/hit = 0.653s/hit): seed=4596221556951285714 [53, 74, 173, 332, 452, 454, 607, 664, 700, 753, 786, 878, 1111, 1346, 1631, 1725, 1871, 1937, 2357, 2389, 2463, 2548, 2549, 2591, 2666, 2772, 2956, 3028, 3058, 3139, 3228, 3294, 3546, 3620, 3641, 4017]
Iter#940583 New set #500 of size 36 (1881.2 its/hit = 0.628s/hit): seed=7840088398826352719 [48, 233, 305, 503, 666, 839, 909, 1013, 1269, 1295, 1843, 1899, 2005, 2018, 2035, 2188, 2231, 2349, 2386, 2407, 2562, 2713, 2768, 2773, 2838, 2953, 3117, 3168, 3251, 3306, 3617, 3619, 3647, 3722, 3846, 3963]
Iter#1136010 New set #600 of size 36 (1893.3 its/hit = 0.633s/hit): seed=5344470205686046153 [166, 301, 411, 458, 628, 687, 1089, 1275, 1297, 1373, 1406, 1485, 1742, 1879, 1961, 1981, 2013, 2209, 2272, 2298, 2330, 2416, 2423, 2576, 2670, 2852, 2969, 3171, 3207, 3501, 3609, 3625, 3626, 3736, 3956, 4009]
Iter#1329640 New set #700 of size 36 (1899.5 its/hit = 0.636s/hit): seed=15674296018403844396 [205, 320, 348, 372, 491, 492, 649, 1048, 1056, 1060, 1179, 1207, 1343, 1508, 1727, 1740, 1763, 2024, 2085, 2756, 2760, 2852, 2937, 2940, 2987, 3152, 3171, 3299, 3301, 3315, 3351, 3474, 3581, 3779, 3863, 3971]
Iter#1516520 New set #800 of size 36 (1895.7 its/hit = 0.634s/hit): seed=10226391049971201016 [27, 276, 327, 377, 472, 549, 629, 787, 856, 859, 1116, 1159, 1235, 1308, 1660, 1892, 1894, 1949, 2118, 2131, 2278, 2692, 3000, 3001, 3102, 3139, 3170, 3184, 3196, 3283, 3418, 3503, 3561, 3693, 3958, 4062]
Iter#1703768 New set #900 of size 36 (1893.1 its/hit = 0.633s/hit): seed=14187316731371153547 [57, 90, 107, 316, 327, 349, 542, 667, 766, 860, 1162, 1172, 1244, 1430, 1460, 1512, 1541, 1660, 1777, 1796, 1820, 1952, 2500, 2557, 2573, 2648, 2886, 3169, 3173, 3243, 3256, 3421, 3616, 3807, 3984, 3992]
Iter#1912735 New set #1000 of size 36 (1912.7 its/hit = 0.640s/hit): seed=4408320524312990498 [86, 134, 218, 360, 698, 974, 979, 1012, 1129, 1452, 1491, 1724, 1912, 1944, 1962, 2025, 2046, 2058, 2169, 2358, 2787, 2867, 3052, 3075, 3224, 3285, 3347, 3402, 3496, 3504, 3550, 3747, 3828, 3993, 4015, 4078]
Iter#3903389 New set #2000 of size 36 (1951.7 its/hit = 0.653s/hit): seed=3727270537373899143 [62, 69, 232, 493, 750, 793, 800, 802, 1070, 1125, 1166, 1169, 1292, 1298, 1625, 1810, 1949, 2116, 2244, 2302, 2515, 2627, 2862, 2942, 3079, 3122, 3225, 3252, 3266, 3309, 3403, 3530, 3691, 3725, 3897, 3997]
Iter#5864405 New set #3000 of size 36 (1954.8 its/hit = 0.656s/hit): seed=8287428047811089135 [20, 29, 32, 82, 115, 153, 647, 814, 870, 890, 932, 943, 981, 1131, 1307, 1594, 1613, 1666, 1749, 1789, 1995, 2256, 2294, 2328, 2392, 3205, 3217, 3273, 3350, 3404, 3451, 3552, 3665, 3901, 3931, 4042]
Iter#7764920 New set #4000 of size 36 (1941.2 its/hit = 0.652s/hit): seed=4723274031294216306 [63, 70, 77, 395, 768, 843, 951, 1373, 1454, 1520, 1591, 1776, 1832, 1895, 2205, 2225, 2252, 2337, 2464, 2465, 2549, 2691, 2831, 2842, 3040, 3146, 3156, 3297, 3535, 3572, 3597, 3620, 3623, 3804, 3943, 4003]
Iter#9761207 New set #5000 of size 36 (1952.2 its/hit = 0.656s/hit): seed=8281132980964564947 [100, 125, 208, 479, 676, 839, 898, 1087, 1336, 1450, 1481, 1715, 1789, 1878, 1904, 1938, 2287, 2306, 2391, 2445, 2617, 2666, 2773, 3027, 3091, 3307, 3490, 3491, 3561, 3583, 3614, 3683, 3792, 3890, 3911, 4041]
Iter#11754394 New set #6000 of size 36 (1959.1 its/hit = 0.658s/hit): seed=11476015780074012882 [24, 114, 303, 339, 418, 542, 646, 669, 774, 782, 995, 1111, 1316, 1386, 1494, 1583, 1723, 1960, 2009, 2200, 2294, 2324, 2476, 2548, 2601, 2758, 2917, 3034, 3062, 3183, 3326, 3611, 3703, 3743, 4016, 4031]
Iter#13689543 New set #7000 of size 36 (1955.6 its/hit = 0.657s/hit): seed=15128074891686102524 [167, 296, 301, 402, 539, 581, 628, 691, 726, 769, 883, 889, 964, 998, 1625, 1661, 1779, 1781, 1874, 1901, 1971, 2064, 2257, 2339, 2528, 2637, 2735, 3079, 3229, 3260, 3458, 3535, 3546, 3567, 3774, 3948]
Iter#15706501 New set #8000 of size 36 (1963.3 its/hit = 0.660s/hit): seed=2693606368007442040 [667, 668, 879, 914, 959, 1225, 1261, 1335, 1342, 1491, 1541, 1573, 1664, 1750, 1767, 1898, 1984, 2514, 2528, 2581, 2748, 2776, 2867, 2919, 3101, 3104, 3151, 3155, 3206, 3408, 3411, 3475, 3663, 3826, 3838, 3977]
Iter#17641726 New set #9000 of size 36 (1960.2 its/hit = 0.659s/hit): seed=8290047963728321735 [77, 149, 360, 369, 401, 409, 529, 782, 915, 927, 1195, 1292, 1382, 1402, 1485, 1496, 1502, 1654, 1657, 1717, 1787, 1811, 1845, 2108, 2576, 2680, 2937, 3145, 3279, 3302, 3357, 3481, 3522, 3829, 3878, 4024]
Iter#19717168 New set #10000 of size 36 (1971.7 its/hit = 0.662s/hit): seed=4354946676625842185 [398, 464, 563, 665, 821, 980, 992, 1002, 1380, 1466, 1676, 1749, 1750, 1799, 1838, 1951, 1968, 2232, 2234, 2422, 2452, 2548, 2579, 2760, 2813, 2953, 2964, 3064, 3580, 3725, 3738, 3754, 3781, 3837, 3987, 4009]
