[*] Computing DDT
[+] DDT Computed
DDT took 319.173255ms
Iter#1 New set #1 of size 30 (1.0 its/hit = 0.000s/hit): seed=13628008055127459919 [138, 521, 576, 610, 620, 875, 910, 928, 1100, 1138, 1201, 1233, 1498, 1514, 1962, 2058, 2211, 2229, 2337, 2367, 2654, 2943, 2957, 3008, 3132, 3243, 3285, 3377, 3565, 3733]
Iter#4 New set #1 of size 32 (4.0 its/hit = 0.000s/hit): seed=3141314635626290785 [28, 53, 54, 227, 257, 340, 530, 574, 1083, 1141, 1335, 1412, 1416, 1683, 1996, 2000, 2424, 2509, 2513, 2529, 2681, 2909, 3067, 3261, 3308, 3318, 3396, 3585, 3613, 3623, 3706, 3725]
Iter#8 New set #2 of size 32 (4.0 its/hit = 0.000s/hit): seed=3697129337859260255 [38, 41, 99, 138, 278, 648, 858, 883, 984, 1058, 1106, 1181, 1185, 1377, 1557, 1578, 1961, 2050, 2091, 2114, 2297, 2311, 2542, 2586, 2762, 2904, 2929, 2969, 3295, 3343, 3671, 3743]
Iter#9 New set #3 of size 32 (3.0 its/hit = 0.000s/hit): seed=12135636438900972344 [197, 199, 491, 710, 841, 902, 907, 1069, 1224, 1441, 1602, 1767, 1768, 1830, 1840, 1867, 2082, 2122, 2351, 2374, 2559, 2888, 2923, 3017, 3044, 3048, 3346, 3459, 3594, 3728, 3786, 3836]
Iter#12 New set #4 of size 32 (3.0 its/hit = 0.000s/hit): seed=17507262965523874955 [80, 222, 373, 408, 431, 575, 807, 1031, 1186, 1394, 1457, 1876, 1924, 2094, 2602, 2623, 2715, 2719, 2911, 2912, 3019, 3040, 3049, 3091, 3213, 3424, 3629, 3670, 3793, 3808, 3928, 3935]
Iter#13 New set #5 of size 32 (2.6 its/hit = 0.000s/hit): seed=11780121929557774999 [51, 256, 438, 680, 852, 923, 992, 1098, 1149, 1242, 1711, 1749, 1785, 2082, 2217, 2300, 2353, 2481, 2566, 2765, 2916, 2969, 3187, 3404, 3491, 3561, 3873, 3932, 3934, 3952, 4068, 4076]
Iter#14 New set #6 of size 32 (2.3 its/hit = 0.000s/hit): seed=11667880416357601523 [27, 166, 189, 319, 513, 527, 538, 679, 700, 760, 946, 1033, 1053, 1257, 1466, 1560, 1858, 2065, 2078, 2082, 2120, 2262, 2314, 2495, 2881, 2940, 3058, 3248, 3276, 3656, 3729, 4025]
Iter#15 New set #7 of size 32 (2.1 its/hit = 0.000s/hit): seed=12318092951651826357 [38, 52, 371, 419, 480, 562, 596, 754, 983, 1009, 1328, 1354, 1388, 1688, 1693, 1704, 1723, 1786, 1797, 1818, 2037, 2261, 2281, 2464, 2504, 3000, 3176, 3186, 3661, 3682, 4008, 4094]
Iter#18 New set #8 of size 32 (2.2 its/hit = 0.000s/hit): seed=16492035998183177399 [4, 238, 246, 462, 542, 588, 721, 787, 1100, 1165, 1214, 1638, 1696, 1725, 1866, 2103, 2110, 2172, 2184, 2601, 2735, 2747, 2767, 2942, 2963, 2988, 3209, 3311, 3395, 3689, 3735, 4028]
Iter#30 New set #1 of size 33 (30.0 its/hit = 0.000s/hit): seed=10371136549325188263 [230, 265, 269, 495, 508, 847, 1028, 1092, 1279, 1464, 1564, 1675, 1699, 1786, 1813, 1991, 2020, 2035, 2082, 2160, 2310, 2386, 2429, 2566, 2919, 3066, 3156, 3292, 3643, 3650, 3911, 3976, 4030]
Iter#59 New set #2 of size 33 (29.5 its/hit = 0.000s/hit): seed=14345717720900717661 [85, 316, 373, 383, 397, 412, 578, 598, 640, 900, 995, 1031, 1033, 1517, 1671, 1770, 1841, 1971, 2120, 2146, 2213, 2562, 2760, 2844, 2871, 2895, 2903, 2969, 3151, 3155, 3701, 3791, 4024]
Iter#136 New set #3 of size 33 (45.3 its/hit = 0.000s/hit): seed=16894335366055655084 [84, 153, 194, 248, 355, 377, 656, 708, 788, 821, 895, 973, 1355, 1612, 1726, 1747, 2067, 2119, 2130, 2182, 2194, 2691, 2775, 3019, 3081, 3354, 3554, 3631, 3720, 3798, 3799, 3910, 4016]
Iter#148 New set #4 of size 33 (37.0 its/hit = 0.000s/hit): seed=3305128512624906060 [365, 409, 574, 713, 718, 726, 870, 981, 1016, 1021, 1029, 1329, 1384, 1395, 1400, 1464, 1475, 2017, 2023, 2087, 2163, 2240, 2334, 2440, 2598, 2819, 2910, 3190, 3257, 3353, 3355, 3372, 3695]
Iter#172 New set #5 of size 33 (34.4 its/hit = 0.000s/hit): seed=13359781293149892 [437, 507, 587, 612, 613, 707, 782, 886, 971, 974, 1157, 1238, 1281, 1455, 1560, 1743, 1845, 1947, 1962, 1964, 2078, 2175, 2547, 2621, 3224, 3300, 3314, 3516, 3870, 3900, 3916, 3973, 3997]
Iter#185 New set #6 of size 33 (30.8 its/hit = 0.000s/hit): seed=561980522479777016 [43, 47, 199, 243, 302, 420, 532, 542, 571, 707, 1084, 1183, 1254, 1370, 1456, 1792, 2010, 2730, 3029, 3078, 3101, 3123, 3229, 3250, 3283, 3356, 3399, 3476, 3605, 3637, 3721, 3750, 3944]
Iter#189 New set #1 of size 38 (189.0 its/hit = 0.000s/hit): seed=1620252902769317146 [62, 279, 284, 297, 305, 347, 516, 581, 752, 926, 1092, 1284, 1308, 1394, 1567, 1738, 1838, 1857, 2028, 2131, 2216, 2219, 2220, 2268, 2274, 2402, 2507, 2545, 2549, 2651, 2996, 3317, 3511, 3567, 3660, 3760, 3911, 3965]
Iter#571 New set #1 of size 39 (571.0 its/hit = 0.000s/hit): seed=13338481773553354770 [99, 300, 521, 730, 781, 831, 906, 1381, 1520, 1536, 1617, 1626, 1635, 1789, 1826, 1917, 2004, 2126, 2132, 2149, 2540, 2585, 2588, 2737, 2756, 2770, 2771, 2864, 2905, 3149, 3209, 3249, 3282, 3425, 3433, 3492, 3602, 3753, 4022]
Iter#1323 New set #2 of size 39 (661.5 its/hit = 0.000s/hit): seed=16382336599761825255 [103, 220, 310, 521, 690, 781, 787, 831, 862, 874, 898, 1102, 1144, 1194, 1372, 1390, 1400, 1408, 1538, 1607, 1758, 1905, 2012, 2307, 2310, 2367, 2377, 2589, 2888, 2935, 3067, 3111, 3286, 3312, 3464, 3567, 3717, 3733, 3810]
Iter#2130 New set #3 of size 39 (710.0 its/hit = 0.000s/hit): seed=1892233033848158933 [9, 47, 131, 318, 364, 396, 609, 624, 633, 699, 739, 1005, 1100, 1195, 1327, 1533, 1594, 1783, 1796, 2204, 2292, 2301, 2320, 2443, 2477, 2664, 2692, 2701, 2707, 2813, 2838, 2929, 2958, 2989, 3241, 3479, 3553, 3930, 3931]
Iter#2970 New set #4 of size 39 (742.5 its/hit = 0.000s/hit): seed=16027788191292112396 [315, 498, 611, 786, 987, 998, 1224, 1374, 1578, 1589, 1612, 1649, 1806, 1811, 1905, 1915, 2008, 2054, 2081, 2097, 2146, 2195, 2264, 2424, 2515, 2591, 2627, 2664, 2888, 2936, 3018, 3163, 3190, 3405, 3462, 3595, 3732, 3968, 4089]
Iter#3124 New set #5 of size 39 (624.8 its/hit = 0.000s/hit): seed=15799131927897662232 [13, 470, 636, 661, 712, 835, 858, 922, 1072, 1085, 1112, 1329, 1377, 1547, 1707, 1790, 1961, 1989, 2050, 2054, 2059, 2184, 2283, 2762, 2834, 3108, 3126, 3131, 3250, 3293, 3362, 3427, 3428, 3499, 3513, 3619, 3623, 4011, 4081]
Iter#3727 New set #1 of size 40 (3727.0 its/hit = 1.000s/hit): seed=3521625197616096670 [87, 257, 365, 570, 575, 618, 659, 862, 1149, 1155, 1260, 1269, 1442, 1524, 1602, 1663, 1699, 1992, 2169, 2237, 2350, 2492, 2509, 2529, 2659, 2789, 2794, 2833, 2983, 3144, 3183, 3214, 3221, 3244, 3401, 3411, 3589, 3590, 3859, 3948]
Iter#4914 New set #2 of size 40 (2457.0 its/hit = 0.500s/hit): seed=9644016284077464842 [92, 120, 148, 229, 367, 451, 511, 688, 783, 805, 847, 887, 1138, 1178, 1304, 1376, 1437, 1525, 1559, 1647, 1813, 1879, 2116, 2205, 2347, 2414, 2635, 2693, 2820, 2983, 2988, 3092, 3161, 3294, 3356, 3494, 3505, 3641, 3817, 3862]
Iter#9390 New set #3 of size 40 (3130.0 its/hit = 0.667s/hit): seed=8495039267046114140 [0, 28, 210, 499, 502, 691, 756, 914, 1074, 1090, 1168, 1172, 1383, 1649, 1672, 1705, 1710, 1734, 1804, 1828, 2075, 2272, 2300, 2406, 2632, 2649, 2665, 2905, 3075, 3129, 3246, 3417, 3429, 3453, 3573, 3575, 3613, 3731, 3787, 4047]
Iter#11551 New set #4 of size 40 (2887.8 its/hit = 0.750s/hit): seed=8540381709227019530 [0, 218, 224, 421, 941, 1027, 1100, 1196, 1207, 1260, 1348, 1446, 1699, 1788, 1828, 1910, 1937, 2014, 2217, 2231, 2303, 2416, 2549, 2554, 2560, 2595, 2649, 3163, 3453, 3544, 3594, 3627, 3701, 3724, 3732, 3880, 3908, 3950, 3980, 4082]
Iter#12746 New set #5 of size 40 (2549.2 its/hit = 0.600s/hit): seed=8639898628511256699 [84, 128, 144, 180, 223, 298, 414, 478, 1040, 1168, 1287, 1401, 1637, 1722, 1814, 1858, 2021, 2069, 2250, 2649, 2699, 2714, 2777, 2783, 2950, 3060, 3085, 3455, 3485, 3529, 3600, 3602, 3657, 3696, 3748, 3759, 3765, 3785, 3898, 3982]
Iter#22027 New set #6 of size 40 (3671.2 its/hit = 1.000s/hit): seed=2050475540478583722 [112, 313, 331, 386, 408, 488, 683, 720, 749, 850, 1256, 1301, 1361, 1386, 1407, 1592, 1744, 1947, 1978, 2042, 2096, 2169, 2463, 2528, 2585, 2665, 2715, 2737, 2771, 2906, 2945, 3057, 3066, 3134, 3166, 3169, 3370, 3425, 3736, 4042]
Iter#26725 New set #7 of size 40 (3817.9 its/hit = 1.000s/hit): seed=158529393647525703 [8, 55, 108, 143, 231, 250, 289, 318, 454, 510, 694, 1044, 1101, 1162, 1204, 1212, 1218, 1267, 1300, 1315, 1326, 1333, 1490, 1634, 2033, 2063, 2176, 2278, 2286, 2303, 2446, 2489, 2643, 3138, 3154, 3162, 3226, 3245, 3277, 3328]
Iter#29749 New set #8 of size 40 (3718.6 its/hit = 1.000s/hit): seed=2523935758661463057 [51, 92, 123, 146, 277, 380, 384, 421, 433, 476, 478, 614, 717, 750, 775, 794, 820, 894, 1019, 1251, 1287, 1337, 2646, 3094, 3138, 3146, 3185, 3237, 3245, 3478, 3504, 3530, 3537, 3659, 3787, 3909, 3934, 3958, 4019, 4023]
Iter#30688 New set #9 of size 40 (3409.8 its/hit = 0.889s/hit): seed=4013654690827346385 [86, 140, 453, 721, 912, 976, 1100, 1345, 1351, 1417, 1570, 1581, 1681, 1697, 1698, 1780, 1860, 2029, 2277, 2601, 2619, 2644, 2692, 2725, 2770, 2869, 3070, 3076, 3110, 3184, 3208, 3492, 3592, 3700, 3703, 3708, 3827, 3977, 3981, 4018]
Iter#34110 New set #10 of size 40 (3411.0 its/hit = 0.900s/hit): seed=9178140026239969221 [137, 337, 460, 646, 728, 950, 1004, 1251, 1327, 1339, 1552, 1586, 1635, 1723, 1743, 1751, 1950, 2013, 2455, 2656, 2683, 2706, 2721, 2910, 2933, 2980, 3056, 3068, 3182, 3192, 3244, 3278, 3391, 3399, 3426, 3534, 3688, 3697, 3904, 4029]
Iter#54987 New set #20 of size 40 (2749.4 its/hit = 0.750s/hit): seed=2774044319522457845 [11, 252, 365, 441, 537, 643, 800, 890, 1030, 1147, 1225, 1257, 1292, 1471, 1619, 1776, 1784, 1957, 1966, 2144, 2151, 2199, 2330, 2681, 2737, 2746, 2784, 2905, 2969, 3012, 3209, 3348, 3359, 3371, 3425, 3728, 3814, 3935, 3992, 4066]
Iter#72510 New set #30 of size 40 (2417.0 its/hit = 0.667s/hit): seed=9449800469921740931 [113, 114, 144, 226, 283, 572, 589, 853, 1197, 1337, 1352, 1414, 1462, 1519, 1747, 1797, 1908, 2073, 2235, 2425, 2438, 2712, 2723, 2846, 2947, 2987, 3054, 3389, 3490, 3637, 3688, 3845, 3860, 3869, 3871, 3886, 3951, 3981, 4033, 4095]
Iter#88955 New set #40 of size 40 (2223.9 its/hit = 0.625s/hit): seed=2183972891528517985 [107, 224, 246, 417, 580, 669, 676, 728, 957, 1142, 1374, 1494, 1570, 1806, 1844, 1887, 1987, 2121, 2183, 2392, 2400, 2478, 2512, 2655, 2772, 2820, 2888, 2927, 3110, 3120, 3151, 3163, 3247, 3351, 3409, 3503, 3595, 3819, 3977, 3978]
Iter#109528 New set #50 of size 40 (2190.6 its/hit = 0.600s/hit): seed=15787527361253060507 [0, 21, 636, 957, 1032, 1354, 1413, 1516, 1588, 1640, 1828, 1894, 1975, 1998, 2068, 2109, 2138, 2211, 2378, 2623, 2649, 2677, 2760, 2874, 3005, 3047, 3082, 3159, 3324, 3394, 3453, 3537, 3553, 3696, 3752, 3773, 3997, 4037, 4058, 4080]
Iter#133633 New set #60 of size 40 (2227.2 its/hit = 0.617s/hit): seed=8721463450100526326 [90, 100, 207, 294, 446, 479, 539, 594, 753, 929, 965, 1025, 1027, 1127, 1142, 1429, 1449, 1562, 1585, 1900, 1954, 1955, 1990, 2087, 2174, 2661, 2744, 2806, 2917, 2919, 2986, 3081, 3199, 3270, 3445, 3574, 3583, 3684, 3790, 3857]
Iter#158623 New set #70 of size 40 (2266.0 its/hit = 0.629s/hit): seed=15229896347016834687 [22, 41, 89, 244, 254, 409, 485, 690, 784, 1197, 1211, 1230, 1323, 1458, 1485, 1765, 1780, 1816, 1841, 1901, 2217, 2239, 2272, 2282, 2319, 2425, 2597, 2613, 2757, 2796, 3076, 3090, 3108, 3254, 3521, 3549, 3572, 3604, 3893, 3981]
Iter#173203 New set #80 of size 40 (2165.0 its/hit = 0.600s/hit): seed=10900106312477959901 [185, 186, 296, 328, 497, 609, 687, 998, 1172, 1402, 1438, 1547, 1620, 1713, 1916, 2005, 2226, 2246, 2398, 2422, 2482, 2542, 2845, 2900, 2926, 3028, 3272, 3429, 3498, 3507, 3551, 3672, 3687, 3696, 3730, 3809, 3856, 3988, 4009, 4026]
Iter#191931 New set #90 of size 40 (2132.6 its/hit = 0.600s/hit): seed=2228371160973723296 [79, 122, 350, 398, 430, 449, 513, 551, 827, 833, 889, 1568, 1775, 1830, 1849, 1857, 1943, 2100, 2166, 2171, 2348, 2490, 2520, 2549, 2558, 3013, 3092, 3243, 3281, 3402, 3435, 3545, 3635, 3737, 3864, 3895, 3949, 3984, 4031, 4074]
Iter#210129 New set #100 of size 40 (2101.3 its/hit = 0.590s/hit): seed=5876081578509321015 [0, 158, 271, 315, 346, 396, 400, 410, 532, 605, 650, 747, 1075, 1519, 1559, 1564, 1717, 1760, 1836, 1839, 1863, 1904, 2264, 2484, 2519, 2526, 2652, 2911, 3008, 3044, 3228, 3548, 3612, 3687, 3737, 3777, 3901, 3984, 4019, 4055]
Iter#409320 New set #200 of size 40 (2046.6 its/hit = 0.575s/hit): seed=3522601573293207391 [162, 276, 408, 634, 713, 714, 904, 1093, 1115, 1121, 1357, 1361, 1383, 1419, 1475, 1539, 1840, 1927, 2004, 2145, 2161, 2231, 2233, 2467, 2499, 2537, 2598, 2691, 2731, 2865, 2999, 3114, 3136, 3314, 3372, 3378, 3506, 3558, 3770, 4070]
Iter#615646 New set #300 of size 40 (2052.2 its/hit = 0.577s/hit): seed=3194378570113559459 [0, 95, 326, 352, 367, 398, 449, 737, 922, 932, 1146, 1155, 1201, 1263, 1343, 1441, 1467, 1507, 1595, 1671, 1682, 1703, 1777, 1829, 1914, 1985, 2100, 2171, 2409, 2701, 2714, 2960, 3007, 3030, 3196, 3249, 3352, 3550, 3897, 4091]
Iter#845567 New set #400 of size 40 (2113.9 its/hit = 0.598s/hit): seed=12244094878896292380 [46, 285, 345, 551, 998, 1110, 1129, 1144, 1180, 1614, 1706, 1914, 1975, 2051, 2052, 2140, 2208, 2362, 2369, 2596, 2812, 2895, 2901, 2913, 3042, 3131, 3178, 3224, 3270, 3278, 3293, 3479, 3524, 3526, 3661, 3830, 3865, 3895, 3966, 4075]
Iter#1053165 New set #500 of size 40 (2106.3 its/hit = 0.596s/hit): seed=17989297007949308551 [167, 263, 356, 461, 574, 628, 751, 858, 1139, 1215, 1274, 1291, 1337, 1359, 1470, 1499, 1665, 1689, 1754, 1919, 1972, 2006, 2021, 2275, 2378, 2482, 2551, 2572, 2720, 2724, 2878, 2921, 3137, 3533, 3546, 3637, 3765, 3799, 3866, 3893]
Iter#1245191 New set #600 of size 40 (2075.3 its/hit = 0.587s/hit): seed=1536151487292864174 [16, 163, 165, 462, 531, 704, 790, 826, 837, 926, 947, 1177, 1221, 1367, 1699, 1715, 1750, 2051, 2090, 2159, 2204, 2250, 2349, 2365, 2481, 2679, 2937, 2978, 3001, 3036, 3273, 3444, 3547, 3811, 3822, 3872, 3927, 3943, 3982, 3998]
Iter#1456091 New set #700 of size 40 (2080.1 its/hit = 0.589s/hit): seed=14658019017158707974 [38, 277, 482, 711, 718, 737, 740, 877, 941, 1184, 1312, 1364, 1466, 1500, 1530, 1646, 1751, 1819, 1826, 1853, 1988, 2141, 2144, 2198, 2251, 2491, 2745, 2933, 2982, 3057, 3205, 3315, 3355, 3441, 3453, 3612, 3678, 3775, 3993, 4053]
Iter#1668753 New set #800 of size 40 (2085.9 its/hit = 0.590s/hit): seed=12561187476115626715 [13, 358, 363, 601, 661, 902, 925, 1076, 1146, 1194, 1329, 1599, 1729, 1740, 1816, 1896, 1959, 1961, 1962, 2002, 2073, 2096, 2117, 2529, 2612, 2624, 2668, 2684, 2768, 3225, 3311, 3368, 3541, 3594, 3656, 3706, 3895, 3953, 4027, 4057]
Iter#1819189 New set #900 of size 40 (2021.3 its/hit = 0.572s/hit): seed=9326874207009589741 [46, 141, 285, 486, 592, 680, 793, 846, 916, 1725, 1745, 1886, 1904, 1952, 2189, 2190, 2384, 2565, 2834, 2840, 2846, 2876, 2888, 3122, 3148, 3170, 3175, 3194, 3256, 3301, 3306, 3312, 3331, 3339, 3493, 3661, 3960, 3966, 4011, 4083]
Iter#1864431 New set #1 of size 43 (1864431.0 its/hit = 528.000s/hit): seed=11290024908748928436 [0, 54, 172, 237, 349, 495, 601, 612, 642, 712, 771, 969, 1066, 1299, 1371, 1389, 1552, 1623, 1716, 1781, 1873, 1961, 1980, 2348, 2349, 2430, 2509, 2540, 2573, 2932, 2963, 3068, 3076, 3167, 3188, 3257, 3330, 3483, 3653, 3896, 3963, 4025, 4045]
Iter#1886173 New set #2 of size 43 (943086.5 its/hit = 267.000s/hit): seed=11553355556819033880 [0, 94, 109, 183, 321, 363, 794, 842, 932, 1215, 1308, 1380, 1521, 1534, 1662, 1751, 1859, 1900, 1940, 2033, 2041, 2054, 2059, 2067, 2100, 2159, 2236, 2308, 2412, 2537, 2566, 2648, 2654, 2823, 2860, 2892, 2960, 3183, 3318, 3554, 3584, 3902, 3906]
Iter#1998991 New set #3 of size 43 (666330.3 its/hit = 188.667s/hit): seed=6629784103706281522 [0, 77, 129, 301, 385, 438, 497, 517, 702, 730, 790, 1044, 1442, 1685, 1703, 1722, 2028, 2221, 2247, 2345, 2438, 2897, 2947, 2983, 3003, 3007, 3050, 3132, 3181, 3352, 3430, 3524, 3552, 3559, 3564, 3593, 3643, 3709, 3781, 3814, 3876, 3934, 4042]
Iter#2174849 New set #4 of size 43 (543712.2 its/hit = 154.000s/hit): seed=3447852423419718572 [0, 20, 129, 158, 215, 290, 319, 390, 483, 508, 532, 650, 665, 683, 689, 840, 906, 926, 934, 1202, 1539, 1637, 1657, 1692, 1844, 1883, 1966, 2498, 2882, 2949, 3027, 3074, 3130, 3190, 3197, 3285, 3353, 3430, 3526, 3559, 3669, 4007, 4051]
Iter#2482536 New set #5 of size 43 (496507.2 its/hit = 140.600s/hit): seed=6826600155008396299 [0, 97, 379, 436, 441, 564, 571, 761, 839, 877, 899, 1113, 1290, 1334, 1341, 1458, 1494, 1621, 1639, 1882, 1929, 1947, 1999, 2225, 2346, 2352, 2379, 2577, 2851, 2907, 3062, 3073, 3296, 3327, 3398, 3614, 3648, 3656, 3755, 3771, 3796, 3855, 3899]
Iter#2630646 New set #6 of size 43 (438441.0 its/hit = 124.167s/hit): seed=15446166015216513610 [0, 160, 210, 352, 523, 630, 664, 780, 1090, 1102, 1132, 1144, 1155, 1168, 1256, 1259, 1507, 1666, 1993, 2290, 2516, 2542, 2604, 2639, 2696, 2924, 3099, 3100, 3118, 3137, 3230, 3259, 3334, 3557, 3576, 3585, 3672, 3683, 3716, 3860, 3917, 3926, 4083]
Iter#3113946 New set #1 of size 46 (3113946.0 its/hit = 882.000s/hit): seed=17704139746613507699 [0, 103, 121, 423, 482, 493, 577, 724, 999, 1034, 1054, 1120, 1127, 1322, 1381, 1569, 1590, 1604, 1617, 1755, 1757, 1846, 1896, 1941, 1968, 2029, 2092, 2124, 2206, 2434, 2585, 2712, 2779, 2908, 2997, 3293, 3406, 3634, 3641, 3691, 3758, 3802, 3825, 3849, 3891, 3977]
Iter#3315802 New set #2 of size 46 (1657901.0 its/hit = 469.500s/hit): seed=12126686052112750600 [0, 168, 303, 353, 382, 467, 472, 485, 894, 1037, 1190, 1208, 1331, 1417, 1493, 1521, 1542, 1725, 1746, 1913, 1964, 1966, 1981, 1990, 2001, 2044, 2067, 2241, 2282, 2298, 2361, 2464, 2598, 2670, 2674, 2808, 3027, 3104, 3141, 3156, 3197, 3505, 3535, 3554, 3846, 3933]
Iter#3651029 New set #3 of size 46 (1217009.6 its/hit = 344.667s/hit): seed=1599150901062481336 [0, 82, 116, 120, 142, 255, 471, 493, 595, 892, 907, 964, 1076, 1083, 1159, 1205, 1237, 1295, 1728, 1755, 1762, 1846, 1943, 2019, 2274, 2364, 2372, 2524, 2737, 2862, 2878, 2879, 3009, 3071, 3133, 3208, 3383, 3423, 3435, 3549, 3560, 3566, 3607, 3772, 3824, 4089]
Iter#9149745 New set #4 of size 46 (2287436.2 its/hit = 648.000s/hit): seed=10465813121573795605 [0, 19, 46, 87, 212, 364, 367, 382, 404, 417, 428, 434, 578, 614, 709, 849, 1006, 1108, 1193, 1270, 1342, 1710, 1746, 1964, 2062, 2080, 2151, 2162, 2451, 2529, 2561, 2640, 2876, 2904, 2905, 2956, 2977, 3088, 3143, 3245, 3249, 3291, 3509, 3550, 3575, 3927]
Iter#9502564 New set #5 of size 46 (1900512.8 its/hit = 538.400s/hit): seed=16617958972150077428 [0, 33, 202, 207, 335, 348, 381, 384, 396, 400, 702, 718, 756, 901, 1056, 1074, 1125, 1216, 1695, 1734, 1760, 1904, 1931, 1988, 2196, 2327, 2377, 2513, 2525, 2618, 2646, 2708, 2764, 2774, 3083, 3448, 3552, 3605, 3612, 3702, 3763, 3834, 3871, 3934, 3984, 4022]
Iter#12499194 New set #6 of size 46 (2083199.0 its/hit = 590.667s/hit): seed=16992452293960531264 [0, 16, 58, 151, 500, 502, 554, 566, 587, 639, 733, 755, 1109, 1145, 1151, 1218, 1259, 1273, 1455, 1546, 1583, 1599, 1615, 1708, 1771, 1798, 1880, 2020, 2064, 2387, 2671, 2696, 2948, 2972, 2988, 3006, 3075, 3205, 3242, 3289, 3372, 3447, 3573, 3588, 3683, 3759]
Iter#22604992 New set #7 of size 46 (3229284.5 its/hit = 916.286s/hit): seed=12681637275029041077 [0, 28, 371, 396, 416, 848, 865, 897, 993, 1105, 1246, 1275, 1314, 1357, 1519, 1564, 1669, 1854, 2140, 2155, 2228, 2272, 2289, 2300, 2309, 2652, 2695, 2832, 3008, 3029, 3051, 3144, 3217, 3239, 3253, 3254, 3320, 3377, 3438, 3513, 3548, 3612, 3961, 3984, 4019, 4070]
Iter#23529368 New set #8 of size 46 (2941171.0 its/hit = 834.375s/hit): seed=12313948260079575776 [0, 179, 265, 378, 460, 507, 537, 609, 803, 805, 867, 942, 1004, 1102, 1169, 1207, 1216, 1246, 1362, 1611, 1655, 1739, 1927, 1986, 2110, 2155, 2285, 2401, 2413, 2555, 2595, 2618, 2638, 2639, 2645, 2655, 2817, 3253, 3337, 3514, 3568, 3585, 3589, 3732, 3834, 4094]
Iter#24548043 New set #9 of size 46 (2727560.5 its/hit = 773.556s/hit): seed=3681565308600738958 [0, 404, 425, 475, 490, 603, 623, 662, 705, 709, 804, 849, 896, 917, 964, 993, 1056, 1061, 1066, 1082, 1251, 1289, 1560, 1764, 2146, 2153, 2161, 2289, 2454, 2646, 2768, 2804, 2832, 2901, 2937, 2963, 3133, 3136, 3315, 3500, 3631, 3697, 3702, 3942, 4025, 4089]
