[*] Computing DDT
[+] DDT Computed
DDT took 324.438101ms
Iter#1 New set #1 of size 28 (1.0 its/hit = 0.000s/hit): seed=11269605370090918279 [67, 126, 207, 244, 376, 500, 706, 742, 803, 832, 900, 1025, 1390, 1818, 1857, 2019, 2043, 2362, 2414, 2651, 2682, 2753, 2820, 3117, 3131, 3387, 3554, 3707]
Iter#2 New set #1 of size 31 (2.0 its/hit = 0.000s/hit): seed=3863808331895849054 [54, 119, 568, 715, 793, 901, 1070, 1247, 1529, 1633, 1733, 1765, 2052, 2061, 2372, 2388, 2390, 2477, 2891, 2975, 3113, 3246, 3257, 3338, 3450, 3476, 3490, 4002, 4017, 4023, 4054]
Iter#10 New set #1 of size 32 (10.0 its/hit = 0.000s/hit): seed=5350549444597077171 [150, 227, 250, 292, 341, 343, 723, 747, 1185, 1349, 1655, 1690, 1699, 1885, 1927, 1942, 2185, 2195, 2208, 2287, 2323, 2618, 2650, 2802, 2969, 3030, 3153, 3445, 3532, 3863, 3871, 3910]
Iter#14 New set #2 of size 32 (7.0 its/hit = 0.000s/hit): seed=16626023307463070766 [246, 425, 463, 629, 747, 834, 860, 1033, 1125, 1269, 1329, 1440, 1536, 1762, 1844, 1851, 1867, 1930, 1997, 2171, 2448, 2691, 2932, 2946, 3151, 3172, 3224, 3257, 3336, 3402, 3798, 3894]
Iter#34 New set #1 of size 33 (34.0 its/hit = 0.000s/hit): seed=2745931845541176542 [239, 353, 652, 716, 723, 737, 762, 1367, 1854, 1882, 1965, 1982, 2054, 2201, 2423, 2628, 2659, 2668, 3101, 3105, 3170, 3209, 3228, 3278, 3352, 3534, 3570, 3646, 3723, 3781, 3852, 3892, 4042]
Iter#39 New set #2 of size 33 (19.5 its/hit = 0.000s/hit): seed=18082074495422208780 [78, 225, 693, 734, 797, 1034, 1362, 1459, 1488, 1649, 1740, 2300, 2457, 2583, 2741, 2743, 2759, 2764, 2856, 2865, 3024, 3281, 3287, 3320, 3323, 3419, 3524, 3586, 3683, 3702, 3713, 3714, 3941]
Iter#58 New set #3 of size 33 (19.3 its/hit = 0.000s/hit): seed=14562480967833170424 [158, 275, 295, 659, 801, 959, 1234, 1471, 1525, 1616, 1931, 1957, 1985, 2130, 2148, 2250, 2310, 2421, 2456, 2533, 2599, 2625, 2628, 2692, 2745, 3200, 3355, 3495, 3607, 3759, 3802, 3849, 3974]
Iter#92 New set #4 of size 33 (23.0 its/hit = 0.000s/hit): seed=14166743508808100464 [49, 216, 218, 232, 346, 363, 495, 581, 652, 685, 728, 935, 962, 1017, 1137, 1145, 1204, 1608, 1657, 1810, 1827, 1877, 2095, 2167, 2381, 2774, 3170, 3412, 3516, 3584, 3857, 3916, 4089]
Iter#142 New set #5 of size 33 (28.4 its/hit = 0.000s/hit): seed=12083487976661346978 [85, 253, 553, 632, 636, 754, 978, 1037, 1112, 1206, 1413, 1515, 1572, 1649, 1908, 1971, 1998, 2059, 2069, 2153, 2258, 2335, 2481, 2607, 2736, 2906, 2996, 3215, 3237, 3531, 3660, 3667, 3793]
Iter#150 New set #6 of size 33 (25.0 its/hit = 0.000s/hit): seed=7643311214832197805 [73, 155, 164, 175, 302, 559, 692, 1154, 1293, 1441, 1504, 1712, 1778, 1881, 1929, 1950, 2141, 2534, 2665, 2820, 2844, 2887, 3069, 3125, 3233, 3289, 3454, 3557, 3575, 3730, 3921, 4042, 4064]
Iter#202 New set #1 of size 38 (202.0 its/hit = 0.000s/hit): seed=11760365914191634470 [48, 124, 214, 228, 476, 595, 603, 686, 695, 710, 722, 1048, 1180, 1411, 1626, 1706, 1894, 1910, 2434, 2441, 2689, 2884, 2909, 3115, 3180, 3208, 3245, 3358, 3492, 3503, 3544, 3575, 3647, 3803, 3824, 3850, 3958, 4056]
Iter#227 New set #1 of size 39 (227.0 its/hit = 0.000s/hit): seed=8642157531315570860 [25, 107, 111, 139, 146, 172, 538, 555, 562, 607, 672, 674, 683, 695, 697, 760, 945, 990, 1047, 1077, 1589, 1684, 1696, 1926, 1969, 1984, 2010, 2147, 2437, 2538, 2612, 2651, 2772, 2863, 2884, 3188, 3230, 3317, 3779]
Iter#254 New set #1 of size 40 (254.0 its/hit = 0.000s/hit): seed=12725275167243398202 [0, 7, 22, 139, 142, 316, 568, 575, 815, 884, 990, 994, 1064, 1083, 1181, 1205, 1300, 1405, 1429, 1491, 1545, 1675, 1970, 1988, 2051, 2334, 2341, 2355, 2511, 2513, 2833, 3037, 3106, 3162, 3229, 3241, 3605, 3778, 3967, 3989]
Iter#4352 New set #2 of size 40 (2176.0 its/hit = 0.500s/hit): seed=6127181583151226251 [51, 90, 271, 298, 316, 380, 384, 529, 584, 635, 647, 733, 839, 884, 913, 1321, 1395, 1784, 1795, 1924, 1966, 2036, 2100, 2298, 2736, 2798, 2962, 3094, 3183, 3305, 3308, 3433, 3434, 3829, 3832, 3960, 3970, 4007, 4045, 4059]
Iter#8329 New set #3 of size 40 (2776.3 its/hit = 0.667s/hit): seed=2533445892867990735 [163, 279, 340, 387, 536, 551, 752, 760, 993, 998, 1250, 1420, 1529, 1588, 1642, 1795, 1975, 1999, 2014, 2051, 2099, 2476, 2615, 2727, 2852, 2955, 3026, 3045, 3112, 3157, 3219, 3249, 3281, 3344, 3471, 3576, 3689, 3698, 3822, 3888]
Iter#11726 New set #4 of size 40 (2931.5 its/hit = 0.750s/hit): seed=8548980500201887927 [107, 139, 375, 402, 505, 510, 519, 533, 583, 630, 716, 844, 847, 904, 1073, 1326, 1346, 1355, 1472, 1572, 1804, 1921, 1927, 1989, 2122, 2249, 2273, 2359, 2392, 2570, 2655, 2657, 2751, 2881, 2968, 3044, 3059, 3195, 3491, 3694]
Iter#11920 New set #5 of size 40 (2384.0 its/hit = 0.600s/hit): seed=8911360879568015338 [0, 192, 252, 263, 295, 676, 693, 751, 895, 946, 991, 1069, 1153, 1313, 1315, 1337, 1790, 1869, 2065, 2066, 2238, 2258, 2418, 2458, 2475, 2586, 2789, 2987, 3023, 3077, 3148, 3153, 3248, 3462, 3730, 3818, 3819, 3918, 3932, 4044]
Iter#11921 New set #6 of size 40 (1986.8 its/hit = 0.500s/hit): seed=9124938278215404537 [0, 11, 200, 254, 443, 595, 677, 695, 836, 880, 952, 1014, 1370, 1437, 1547, 1565, 1618, 1710, 1763, 1848, 1915, 2025, 2127, 2274, 2335, 2523, 2567, 2737, 2905, 2984, 3192, 3297, 3303, 3308, 3349, 3452, 3575, 3863, 3900, 4048]
Iter#18606 New set #7 of size 40 (2658.0 its/hit = 0.714s/hit): seed=1687916202991639814 [258, 263, 299, 633, 648, 709, 942, 951, 1064, 1074, 1104, 1204, 1333, 1439, 1602, 1773, 1856, 1917, 1962, 2081, 2169, 2195, 2267, 2314, 2646, 2670, 2682, 2765, 2936, 3018, 3020, 3128, 3221, 3240, 3259, 3386, 3518, 3710, 3839, 4088]
Iter#19044 New set #8 of size 40 (2380.5 its/hit = 0.625s/hit): seed=8070679419096127309 [30, 322, 348, 466, 540, 579, 658, 685, 691, 870, 913, 1007, 1009, 1066, 1093, 1431, 1432, 1542, 1544, 1720, 1732, 1924, 2004, 2150, 2228, 2231, 2239, 2326, 2423, 2728, 3045, 3152, 3283, 3372, 3421, 3432, 3451, 3694, 3888, 4047]
Iter#22976 New set #9 of size 40 (2552.9 its/hit = 0.667s/hit): seed=14406478373439472317 [13, 27, 49, 357, 360, 381, 425, 564, 664, 681, 1173, 1340, 1409, 1437, 1673, 1754, 1961, 2071, 2321, 2325, 2336, 2368, 2494, 2566, 2827, 2932, 2953, 3000, 3202, 3231, 3283, 3293, 3294, 3371, 3510, 3515, 3774, 3817, 3835, 3974]
Iter#25454 New set #10 of size 40 (2545.4 its/hit = 0.700s/hit): seed=992689178041944546 [0, 16, 18, 65, 278, 338, 341, 579, 720, 756, 761, 1074, 1119, 1188, 1197, 1293, 1333, 1334, 1396, 1583, 1599, 1632, 1734, 1828, 1845, 1999, 2223, 2414, 2489, 2649, 2946, 3202, 3214, 3216, 3453, 3523, 3577, 3789, 3878, 3881]
Iter#46185 New set #20 of size 40 (2309.2 its/hit = 0.650s/hit): seed=13804486782212685471 [85, 103, 220, 453, 575, 622, 627, 725, 768, 800, 939, 1057, 1168, 1197, 1327, 1352, 1384, 1731, 1780, 1798, 1828, 1935, 2040, 2064, 2407, 2730, 2757, 2848, 2869, 2898, 3068, 3076, 3121, 3237, 3288, 3323, 3610, 3709, 3812, 3896]
Iter#65498 New set #30 of size 40 (2183.3 its/hit = 0.600s/hit): seed=17218409320023286145 [408, 414, 504, 603, 661, 664, 714, 768, 1089, 1225, 1294, 1316, 1329, 1340, 1823, 1900, 1947, 2038, 2261, 2262, 2349, 2352, 2509, 2540, 2588, 2788, 2789, 2937, 3100, 3298, 3308, 3444, 3556, 3562, 3700, 3703, 3727, 3872, 3995, 4076]
Iter#87110 New set #40 of size 40 (2177.8 its/hit = 0.625s/hit): seed=16711747711796425820 [49, 172, 203, 321, 327, 343, 653, 693, 970, 1016, 1048, 1056, 1359, 1377, 1442, 1770, 1815, 2061, 2153, 2215, 2234, 2277, 2278, 2282, 2323, 2350, 2394, 2484, 2555, 2643, 2788, 2979, 3093, 3226, 3394, 3396, 3546, 3547, 3599, 4081]
Iter#104346 New set #50 of size 40 (2086.9 its/hit = 0.600s/hit): seed=12994967353856284404 [99, 184, 240, 296, 458, 465, 567, 701, 734, 902, 1022, 1149, 1376, 1505, 1566, 1610, 1694, 1763, 1774, 1957, 1971, 2137, 2243, 2276, 2356, 2391, 2608, 2752, 2771, 2874, 2953, 2983, 3050, 3118, 3225, 3294, 3385, 3626, 3758, 3783]
Iter#124509 New set #60 of size 40 (2075.1 its/hit = 0.600s/hit): seed=305404012325159968 [171, 180, 403, 588, 690, 760, 768, 834, 939, 983, 1046, 1057, 1060, 1098, 1167, 1193, 1296, 1356, 1550, 1828, 1887, 1935, 2038, 2125, 2297, 2393, 2429, 2561, 2623, 2679, 2702, 2741, 3056, 3121, 3153, 3290, 3448, 3759, 3955, 3981]
Iter#132608 New set #70 of size 40 (1894.4 its/hit = 0.543s/hit): seed=5116234676886684851 [253, 268, 359, 366, 415, 484, 737, 866, 927, 1315, 1490, 1502, 1563, 1601, 1666, 1724, 1743, 1821, 1843, 1953, 2034, 2141, 2235, 2418, 2454, 2498, 2610, 2701, 2714, 2908, 2963, 3055, 3123, 3232, 3325, 3475, 3649, 3807, 3898, 3904]
Iter#146828 New set #1 of size 43 (146828.0 its/hit = 42.000s/hit): seed=12514540577624233034 [0, 139, 200, 360, 408, 445, 541, 666, 754, 763, 880, 952, 1067, 1227, 1249, 1369, 1460, 1713, 1750, 1765, 1966, 2195, 2291, 2311, 2382, 2522, 2715, 2856, 2887, 3027, 3098, 3106, 3197, 3241, 3367, 3424, 3458, 3721, 3995, 4006, 4034, 4065, 4066]
Iter#487922 New set #2 of size 43 (243961.0 its/hit = 71.000s/hit): seed=6970681706883520383 [0, 61, 66, 439, 567, 696, 762, 779, 936, 1048, 1197, 1265, 1351, 1359, 1741, 1767, 1952, 2014, 2033, 2061, 2177, 2250, 2270, 2358, 2394, 2414, 2433, 2457, 2492, 2549, 2823, 2925, 2941, 3318, 3432, 3442, 3469, 3523, 3603, 3627, 3705, 3941, 4013]
Iter#521718 New set #3 of size 43 (173906.0 its/hit = 50.333s/hit): seed=15535572067299071668 [0, 20, 129, 158, 215, 290, 319, 390, 483, 508, 532, 650, 665, 683, 689, 840, 906, 926, 934, 1202, 1539, 1637, 1657, 1692, 1844, 1883, 1966, 2498, 2882, 2949, 3027, 3074, 3130, 3190, 3197, 3285, 3353, 3430, 3526, 3559, 3669, 4007, 4051]
Iter#853774 New set #4 of size 43 (213443.5 its/hit = 62.000s/hit): seed=2683447261122813972 [0, 62, 198, 322, 400, 402, 523, 624, 633, 644, 776, 818, 920, 1248, 1332, 1395, 1610, 1636, 1640, 1760, 1802, 1806, 1875, 1904, 1992, 2134, 2548, 2623, 2624, 2724, 2812, 3149, 3159, 3222, 3310, 3347, 3426, 3551, 3576, 3599, 3633, 3854, 4083]
Iter#2002582 New set #1 of size 46 (2002582.0 its/hit = 582.000s/hit): seed=9962672734082718534 [0, 16, 130, 135, 192, 276, 292, 512, 634, 638, 765, 788, 936, 1330, 1357, 1359, 1378, 1414, 1470, 1535, 1547, 1583, 1599, 1767, 1868, 1900, 2066, 2113, 2173, 2258, 2309, 2390, 2404, 2405, 2412, 2460, 2523, 2666, 2792, 3078, 3144, 3171, 3304, 3579, 3584, 4048]
Iter#3721772 New set #2 of size 46 (1860886.0 its/hit = 540.500s/hit): seed=13906165830844503339 [0, 51, 177, 190, 300, 519, 534, 602, 773, 811, 841, 1107, 1420, 1644, 1663, 1735, 1800, 1815, 1958, 2013, 2087, 2119, 2260, 2316, 2321, 2470, 2488, 2534, 2569, 2609, 3038, 3124, 3265, 3321, 3532, 3583, 3640, 3658, 3707, 3747, 3828, 3976, 3978, 3981, 4054, 4060]
Iter#5477843 New set #3 of size 46 (1825947.6 its/hit = 531.000s/hit): seed=10017038603679905450 [0, 34, 240, 259, 421, 491, 611, 659, 720, 1027, 1154, 1188, 1193, 1288, 1446, 1543, 1588, 1676, 1725, 1745, 1779, 1796, 1813, 1828, 2090, 2162, 2240, 2496, 2497, 2590, 2649, 2760, 2808, 2854, 2946, 3138, 3141, 3272, 3291, 3324, 3339, 3453, 3498, 3577, 3878, 3881]
Iter#7617503 New set #4 of size 46 (1904375.8 its/hit = 554.250s/hit): seed=9261935269783431856 [0, 17, 39, 121, 167, 232, 235, 274, 435, 664, 773, 814, 846, 875, 1054, 1097, 1127, 1357, 2123, 2167, 2208, 2309, 2316, 2427, 2494, 2569, 2576, 2704, 2828, 2845, 3080, 3100, 3134, 3144, 3203, 3354, 3376, 3511, 3620, 3654, 3681, 3715, 3716, 3833, 3886, 4038]
Iter#8279398 New set #5 of size 46 (1655879.6 its/hit = 481.800s/hit): seed=9117153518612917475 [0, 91, 95, 149, 355, 386, 498, 541, 622, 660, 669, 719, 781, 900, 950, 1036, 1072, 1130, 1166, 1206, 1227, 1398, 1555, 1613, 1750, 1792, 1829, 1843, 1914, 2030, 2116, 2137, 2203, 2295, 2426, 2486, 2658, 2798, 3040, 3177, 3323, 3657, 3693, 3798, 3832, 3992]
Iter#14235817 New set #6 of size 46 (2372636.2 its/hit = 691.167s/hit): seed=6698897057840407943 [0, 24, 27, 42, 147, 187, 375, 455, 484, 497, 554, 569, 724, 1025, 1382, 1635, 1681, 1738, 1752, 2027, 2124, 2165, 2487, 2712, 2727, 2755, 2776, 2785, 2826, 2838, 2912, 3115, 3205, 3281, 3325, 3364, 3405, 3413, 3473, 3515, 3643, 3759, 3812, 3851, 3869, 4042]
Iter#14529612 New set #7 of size 46 (2075658.9 its/hit = 604.571s/hit): seed=9040348969195182848 [0, 114, 140, 144, 177, 314, 425, 515, 559, 646, 794, 928, 1047, 1107, 1177, 1380, 1398, 1501, 1592, 1642, 1662, 1669, 1690, 1786, 1815, 1958, 2187, 2297, 2574, 2738, 2768, 2798, 2868, 2937, 3038, 3051, 3275, 3438, 3461, 3610, 3621, 3661, 3734, 3951, 3981, 3992]
Iter#15693950 New set #8 of size 46 (1961743.8 its/hit = 571.500s/hit): seed=3771685085851195293 [0, 41, 219, 294, 324, 507, 522, 566, 629, 668, 721, 723, 750, 772, 968, 1071, 1091, 1102, 1145, 1607, 1615, 1793, 1835, 1879, 2214, 2215, 2388, 2452, 2477, 2482, 2517, 2591, 2614, 2639, 2676, 2865, 2976, 3112, 3436, 3569, 3585, 3589, 3733, 3859, 4081, 4094]
Iter#18866707 New set #9 of size 46 (2096300.9 its/hit = 609.889s/hit): seed=5810336398014195112 [0, 168, 184, 242, 342, 349, 371, 494, 652, 799, 932, 1105, 1250, 1314, 1410, 1453, 1625, 1709, 1728, 1889, 1913, 2001, 2091, 2100, 2108, 2122, 2254, 2276, 2682, 2716, 2821, 2862, 2960, 3167, 3273, 3287, 3330, 3342, 3401, 3420, 3528, 3566, 3571, 3581, 3820, 3970]
Iter#19412767 New set #10 of size 46 (1941276.8 its/hit = 564.700s/hit): seed=4220182997022957541 [0, 55, 291, 328, 332, 535, 694, 705, 759, 897, 959, 1061, 1084, 1126, 1141, 1253, 1282, 1284, 1429, 1550, 1674, 1764, 1775, 1811, 1858, 1966, 2063, 2126, 2169, 2204, 2242, 2365, 2511, 2579, 2681, 2906, 3027, 3162, 3197, 3305, 3320, 3341, 3419, 3629, 3830, 3961]
