[*] Computing DDT
[+] DDT Computed
DDT took 324.48388ms
Iter#1 New set #1 of size 25 (1.0 its/hit = 0.000s/hit): seed=16150203462747562651 [139, 320, 696, 772, 999, 1296, 1300, 1369, 1457, 1612, 1642, 1703, 1778, 1954, 2012, 2178, 2318, 2326, 2452, 2954, 3037, 3093, 3276, 3383, 3570]
Iter#2 New set #1 of size 27 (2.0 its/hit = 0.000s/hit): seed=6779999097706142034 [424, 537, 987, 1093, 1222, 1397, 1587, 1602, 1793, 2244, 2270, 2320, 2528, 2556, 2734, 2899, 2997, 3130, 3179, 3186, 3190, 3264, 3350, 3466, 3549, 3937, 3991]
Iter#8 New set #2 of size 27 (4.0 its/hit = 0.000s/hit): seed=13699992884152337336 [240, 243, 668, 926, 1026, 1069, 1176, 1462, 1516, 1565, 1668, 1733, 2044, 2079, 2219, 2249, 2316, 2428, 2487, 2818, 3051, 3170, 3246, 3336, 3619, 3798, 3901]
Iter#15 New set #1 of size 28 (15.0 its/hit = 0.000s/hit): seed=18403759127005187524 [129, 438, 465, 616, 721, 804, 915, 989, 1050, 1347, 1444, 1507, 1646, 1686, 1904, 2009, 2055, 2085, 2310, 2536, 2581, 2678, 2791, 2929, 3512, 3534, 3628, 3647]
Iter#17 New set #2 of size 28 (8.5 its/hit = 0.000s/hit): seed=7299000868029394717 [182, 244, 294, 326, 450, 463, 505, 601, 762, 1126, 1195, 1651, 1879, 1981, 2026, 2193, 2732, 2789, 2836, 3091, 3309, 3341, 3373, 3624, 3661, 3816, 3964, 4068]
Iter#23 New set #3 of size 28 (7.7 its/hit = 0.000s/hit): seed=1556566290086061289 [115, 306, 425, 544, 870, 1105, 1315, 1640, 1651, 1717, 1763, 1832, 1875, 1882, 2157, 2218, 2407, 2502, 2690, 2708, 2975, 3068, 3123, 3455, 3595, 3699, 3842, 3998]
Iter#24 New set #4 of size 28 (6.0 its/hit = 0.000s/hit): seed=14972692232005786864 [226, 307, 364, 511, 584, 631, 667, 804, 1352, 1413, 1635, 1868, 1936, 2099, 2257, 2351, 2382, 2579, 2682, 2703, 2724, 2897, 3038, 3193, 3472, 3482, 3555, 3612]
Iter#31 New set #5 of size 28 (6.2 its/hit = 0.000s/hit): seed=10525438024718573035 [148, 171, 540, 652, 1117, 1160, 1613, 1627, 1743, 2066, 2143, 2196, 2207, 2239, 2351, 2392, 2492, 2896, 2962, 3058, 3118, 3294, 3319, 3490, 3617, 3623, 3723, 3978]
Iter#58 New set #6 of size 28 (9.7 its/hit = 0.000s/hit): seed=18204225052772592216 [96, 107, 271, 367, 386, 524, 697, 725, 800, 878, 930, 1084, 1133, 1332, 1344, 1963, 2001, 2030, 2157, 2360, 2574, 3094, 3402, 3457, 3465, 3629, 3633, 4031]
Iter#81 New set #7 of size 28 (11.6 its/hit = 0.000s/hit): seed=15494323810315344965 [157, 304, 335, 821, 859, 1205, 1435, 1442, 1538, 1557, 1731, 1835, 2066, 2298, 2329, 2626, 2768, 2870, 2895, 2909, 2947, 2951, 3029, 3107, 3287, 3565, 3797, 3961]
Iter#82 New set #8 of size 28 (10.2 its/hit = 0.000s/hit): seed=8324966643772031745 [25, 31, 70, 93, 338, 429, 465, 641, 776, 982, 1181, 1216, 1302, 1415, 1633, 1701, 1765, 1858, 2092, 2314, 2827, 2869, 2953, 3067, 3103, 3487, 3839, 3991]
Iter#95 New set #9 of size 28 (10.6 its/hit = 0.000s/hit): seed=17602651140006148409 [76, 167, 320, 787, 1029, 1073, 1782, 1837, 1839, 1872, 2074, 2239, 2257, 2336, 2510, 2713, 2834, 2952, 3225, 3348, 3361, 3512, 3539, 3723, 3746, 3924, 4053, 4054]
Iter#98 New set #10 of size 28 (9.8 its/hit = 0.000s/hit): seed=13898664229069209822 [162, 275, 370, 453, 636, 689, 889, 1070, 1108, 1224, 1293, 1701, 1899, 1931, 2084, 2225, 2377, 2511, 2625, 2676, 2962, 3034, 3098, 3173, 3293, 3405, 3605, 3838]
Iter#275 New set #20 of size 28 (13.8 its/hit = 0.000s/hit): seed=12548072126163725948 [292, 386, 395, 457, 554, 1021, 1051, 1172, 1221, 1358, 1363, 1534, 1546, 1721, 1959, 1992, 2100, 2127, 2207, 2496, 2580, 2674, 2785, 2880, 3012, 3472, 3561, 3714]
Iter#508 New set #30 of size 28 (16.9 its/hit = 0.000s/hit): seed=10582131357229607510 [255, 304, 306, 473, 651, 679, 723, 734, 771, 873, 914, 1027, 1253, 1368, 1492, 1495, 1685, 1996, 2098, 2333, 2359, 2401, 2635, 2642, 2712, 3114, 3453, 3702]
Iter#607 New set #1 of size 29 (607.0 its/hit = 0.000s/hit): seed=3305223342271968892 [133, 273, 332, 338, 477, 575, 724, 744, 937, 1100, 1128, 1260, 1261, 1591, 1776, 1804, 1808, 1829, 1835, 1838, 2314, 2345, 2649, 2797, 3154, 3236, 3373, 3508, 3980]
Iter#732 New set #2 of size 29 (366.0 its/hit = 0.000s/hit): seed=16957155184443847527 [197, 256, 293, 299, 303, 349, 397, 1088, 1258, 1266, 1274, 1447, 1600, 1633, 1673, 1801, 1819, 1858, 1934, 2157, 2195, 2348, 2984, 3004, 3181, 3349, 3405, 3597, 3843]
Iter#791 New set #3 of size 29 (263.7 its/hit = 0.000s/hit): seed=200164061385942094 [295, 425, 876, 915, 967, 1118, 1372, 1396, 1902, 1946, 2050, 2409, 2438, 2563, 2744, 2928, 2941, 2961, 3133, 3140, 3214, 3331, 3505, 3524, 3545, 3946, 3965, 3994, 4020]
Iter#1092 New set #4 of size 29 (273.0 its/hit = 0.000s/hit): seed=16240944212532129660 [199, 277, 323, 355, 356, 367, 793, 899, 966, 1004, 1146, 1242, 1251, 1314, 1604, 1846, 1908, 2240, 2454, 2597, 2741, 2766, 2829, 2866, 3165, 3438, 3574, 3812, 3941]
Iter#1102 New set #5 of size 29 (220.4 its/hit = 0.000s/hit): seed=4860430242893077397 [146, 155, 167, 271, 436, 498, 708, 883, 922, 980, 998, 1196, 1406, 1440, 1453, 1703, 1741, 1962, 2323, 2360, 2432, 2465, 2532, 2809, 2839, 3211, 3631, 3668, 3802]
Iter#1314 New set #1 of size 43 (1314.0 its/hit = 0.000s/hit): seed=6465534203799745404 [111, 328, 340, 392, 434, 441, 486, 542, 663, 972, 1098, 1108, 1165, 1186, 1449, 1512, 1855, 1883, 2154, 2209, 2235, 2238, 2323, 2348, 2468, 2501, 2513, 2590, 2616, 2838, 2870, 2872, 2892, 2944, 2987, 3090, 3148, 3210, 3330, 3470, 3655, 3890, 3922]
Iter#7520 New set #2 of size 43 (3760.0 its/hit = 1.500s/hit): seed=10310826190849076978 [35, 83, 301, 353, 423, 447, 498, 838, 843, 886, 975, 1053, 1106, 1118, 1264, 1390, 1755, 1757, 1985, 2272, 2274, 2340, 2627, 2648, 2758, 2784, 2787, 3003, 3018, 3038, 3094, 3111, 3199, 3210, 3211, 3316, 3390, 3428, 3764, 3770, 3847, 3877, 3951]
Iter#9382 New set #3 of size 43 (3127.3 its/hit = 1.333s/hit): seed=15730446533956303724 [20, 161, 182, 331, 901, 1028, 1034, 1191, 1195, 1251, 1317, 1325, 1378, 1460, 1614, 1665, 1683, 1698, 1876, 1907, 2008, 2029, 2056, 2093, 2097, 2150, 2257, 2436, 2579, 2689, 2795, 2843, 2854, 2864, 3391, 3397, 3535, 3658, 3733, 3902, 3930, 3969, 4014]
Iter#11864 New set #4 of size 43 (2966.0 its/hit = 1.250s/hit): seed=9611849833715256343 [44, 57, 187, 335, 357, 570, 688, 720, 737, 748, 784, 808, 909, 972, 984, 1031, 1086, 1109, 1154, 1291, 1408, 1416, 1628, 1672, 1717, 1728, 1731, 1762, 1887, 1919, 2156, 2266, 2318, 2361, 2672, 2872, 2887, 3066, 3220, 3319, 3753, 3868, 3938]
Iter#11886 New set #5 of size 43 (2377.2 its/hit = 1.000s/hit): seed=11217158842812674799 [18, 211, 546, 722, 857, 941, 999, 1029, 1051, 1157, 1247, 1368, 1455, 1490, 1563, 1685, 1713, 1719, 1820, 1958, 1964, 2069, 2093, 2338, 2422, 2548, 2707, 2757, 2815, 2860, 2877, 2942, 3078, 3146, 3196, 3232, 3246, 3250, 3413, 3487, 3786, 3929, 3961]
Iter#19362 New set #6 of size 43 (3227.0 its/hit = 1.333s/hit): seed=18389054147700546173 [32, 37, 91, 165, 194, 270, 345, 428, 480, 562, 640, 745, 823, 988, 999, 1062, 1091, 1098, 1254, 1300, 1332, 1396, 1412, 1716, 1727, 1871, 2192, 2232, 2441, 2455, 2512, 2524, 2665, 2686, 2722, 2782, 2802, 3108, 3405, 3440, 3464, 3482, 3948]
Iter#35068 New set #7 of size 43 (5009.7 its/hit = 2.000s/hit): seed=14906648315609103248 [135, 356, 392, 471, 490, 524, 567, 653, 781, 836, 1036, 1245, 1270, 1384, 1418, 1447, 1492, 1615, 1708, 1880, 1915, 2088, 2235, 2298, 2361, 2419, 2493, 2891, 3276, 3284, 3290, 3292, 3312, 3377, 3430, 3561, 3625, 3721, 3736, 3827, 4021, 4069, 4076]
Iter#36640 New set #8 of size 43 (4580.0 its/hit = 1.875s/hit): seed=10667599549033402971 [46, 51, 113, 163, 201, 209, 266, 351, 468, 522, 546, 644, 726, 767, 833, 937, 1168, 1184, 1385, 1492, 1517, 1536, 1939, 2020, 2098, 2268, 2302, 2356, 2432, 2500, 2528, 2579, 2700, 2868, 3091, 3124, 3280, 3420, 3551, 3744, 3772, 3841, 4082]
Iter#49674 New set #9 of size 43 (5519.3 its/hit = 2.222s/hit): seed=16112262563473344318 [208, 235, 402, 574, 872, 1064, 1098, 1209, 1347, 1473, 1493, 1556, 1607, 1621, 1704, 1717, 1790, 1841, 1899, 1983, 2040, 2095, 2120, 2183, 2184, 2189, 2290, 2419, 2954, 2986, 2996, 3010, 3043, 3072, 3127, 3207, 3254, 3323, 3628, 3647, 3762, 3777, 3921]
Iter#55563 New set #1 of size 66 (55563.0 its/hit = 23.000s/hit): seed=14315667846101625200 [13, 30, 45, 55, 74, 79, 88, 253, 289, 300, 427, 488, 553, 588, 644, 654, 690, 801, 868, 1039, 1108, 1259, 1264, 1307, 1381, 1418, 1493, 1501, 1516, 1587, 1596, 1605, 1854, 1904, 1983, 2046, 2054, 2066, 2082, 2162, 2196, 2298, 2326, 2338, 2345, 2441, 2443, 2515, 2642, 2692, 2709, 2982, 3023, 3106, 3196, 3223, 3470, 3637, 3756, 3782, 3803, 3871, 3876, 3948, 3980, 4030]
Iter#66936 New set #2 of size 66 (33468.0 its/hit = 13.500s/hit): seed=9882398665467300298 [76, 123, 128, 129, 205, 207, 252, 339, 388, 580, 588, 603, 605, 682, 698, 713, 776, 810, 925, 1075, 1108, 1161, 1178, 1192, 1219, 1267, 1270, 1276, 1288, 1357, 1490, 1537, 1977, 1999, 2001, 2033, 2097, 2102, 2131, 2360, 2371, 2415, 2478, 2490, 2584, 2606, 2620, 2671, 2693, 2766, 2771, 2828, 2832, 2890, 2947, 3012, 3026, 3216, 3243, 3341, 3497, 3561, 3621, 3653, 3859, 3902]
Iter#75735 New set #3 of size 66 (25245.0 its/hit = 10.333s/hit): seed=810029304770366092 [86, 95, 200, 331, 374, 410, 496, 561, 716, 798, 917, 968, 982, 1093, 1151, 1216, 1276, 1316, 1330, 1515, 1555, 1674, 1739, 1763, 1790, 1821, 1878, 1881, 2140, 2143, 2155, 2389, 2437, 2468, 2473, 2584, 2625, 2679, 2849, 2857, 2884, 2916, 2939, 2944, 3038, 3079, 3084, 3094, 3183, 3235, 3269, 3311, 3349, 3397, 3424, 3438, 3461, 3515, 3559, 3571, 3813, 3887, 3933, 3996, 4026, 4080]
Iter#91637 New set #4 of size 66 (22909.2 its/hit = 9.250s/hit): seed=7564824592020368433 [83, 166, 237, 252, 259, 418, 720, 759, 783, 1056, 1098, 1108, 1109, 1132, 1210, 1213, 1217, 1388, 1457, 1501, 1534, 1539, 1661, 1702, 1734, 1745, 1872, 1884, 1903, 1924, 1956, 1968, 2139, 2157, 2237, 2293, 2414, 2421, 2473, 2552, 2611, 2626, 2686, 2740, 2765, 2807, 2810, 2936, 3038, 3075, 3114, 3209, 3219, 3228, 3257, 3279, 3286, 3401, 3521, 3528, 3552, 3689, 3767, 3867, 3952, 3997]
Iter#169806 New set #5 of size 66 (33961.2 its/hit = 13.400s/hit): seed=18052421332562549594 [149, 158, 216, 366, 387, 461, 519, 610, 619, 664, 711, 749, 781, 789, 821, 836, 853, 870, 933, 1043, 1185, 1224, 1302, 1346, 1478, 1533, 1537, 1540, 1658, 1668, 1763, 1776, 1839, 1906, 1912, 1933, 1947, 1985, 2191, 2328, 2408, 2436, 2565, 2625, 2671, 2819, 2924, 2985, 3003, 3144, 3167, 3203, 3205, 3225, 3283, 3327, 3383, 3436, 3490, 3513, 3761, 4008, 4022, 4053, 4081, 4093]
Iter#216511 New set #6 of size 66 (36085.2 its/hit = 14.000s/hit): seed=16230187391633678921 [1, 164, 179, 182, 203, 209, 226, 241, 276, 343, 464, 477, 590, 626, 632, 688, 725, 920, 989, 1036, 1047, 1192, 1267, 1296, 1313, 1321, 1398, 1433, 1511, 1721, 1728, 1743, 1794, 1859, 1932, 1986, 2054, 2152, 2190, 2270, 2286, 2298, 2351, 2421, 2423, 2517, 2526, 2538, 2665, 2680, 2734, 2867, 2906, 3179, 3200, 3294, 3442, 3623, 3642, 3664, 3785, 3906, 3952, 3984, 4056, 4067]
Iter#275729 New set #7 of size 66 (39389.9 its/hit = 15.286s/hit): seed=6461136126187916930 [44, 355, 440, 447, 456, 647, 652, 700, 750, 833, 837, 907, 961, 1016, 1038, 1062, 1082, 1192, 1235, 1261, 1325, 1389, 1413, 1538, 1567, 1629, 1662, 1679, 1765, 1789, 1798, 1815, 1830, 1884, 1907, 2040, 2069, 2079, 2115, 2160, 2192, 2349, 2450, 2497, 2526, 2584, 2623, 2773, 2812, 3059, 3135, 3232, 3305, 3311, 3352, 3401, 3446, 3592, 3614, 3721, 3794, 3824, 3864, 4012, 4044, 4072]
Iter#276403 New set #8 of size 66 (34550.4 its/hit = 13.375s/hit): seed=15359760518518903992 [45, 134, 241, 246, 354, 523, 527, 655, 694, 709, 928, 962, 969, 1010, 1059, 1123, 1227, 1344, 1384, 1396, 1437, 1443, 1510, 1554, 1597, 1608, 1625, 1640, 1718, 1811, 1840, 1868, 1873, 1963, 1971, 1985, 2147, 2191, 2192, 2268, 2317, 2366, 2385, 2395, 2526, 2749, 2902, 2929, 2971, 2994, 3079, 3128, 3158, 3441, 3489, 3495, 3566, 3670, 3714, 3750, 3810, 3910, 3920, 3996, 4030, 4039]
Iter#294252 New set #9 of size 66 (32694.7 its/hit = 12.667s/hit): seed=2335739848423048125 [7, 137, 170, 251, 264, 282, 361, 600, 672, 680, 756, 769, 779, 838, 872, 956, 1262, 1265, 1300, 1313, 1353, 1491, 1496, 1498, 1500, 1504, 1536, 1598, 1643, 1644, 1677, 1718, 1747, 1783, 1849, 1852, 1860, 1946, 1973, 2028, 2255, 2306, 2381, 2393, 2502, 2522, 2540, 2563, 2659, 2920, 2967, 2971, 3177, 3236, 3267, 3278, 3427, 3456, 3500, 3506, 3523, 3556, 3808, 3898, 4007, 4088]
Iter#382231 New set #10 of size 66 (38223.1 its/hit = 14.600s/hit): seed=9782254527655035992 [58, 153, 250, 524, 598, 773, 825, 889, 1001, 1075, 1277, 1309, 1318, 1360, 1379, 1399, 1405, 1417, 1455, 1483, 1537, 1642, 1675, 1826, 1855, 1954, 2051, 2056, 2067, 2081, 2092, 2093, 2112, 2222, 2313, 2426, 2511, 2518, 2540, 2543, 2640, 2664, 2699, 2767, 2788, 2934, 2977, 3028, 3064, 3075, 3090, 3100, 3181, 3286, 3329, 3333, 3427, 3481, 3483, 3584, 3645, 3758, 3830, 3844, 3884, 3987]
Iter#754539 New set #20 of size 66 (37726.9 its/hit = 13.600s/hit): seed=15780735917707522565 [134, 160, 187, 210, 213, 220, 480, 532, 574, 639, 787, 826, 1010, 1065, 1132, 1201, 1239, 1291, 1363, 1366, 1492, 1500, 1532, 1592, 1607, 1676, 1836, 1845, 1940, 2028, 2111, 2138, 2239, 2285, 2380, 2396, 2512, 2558, 2608, 2670, 2790, 2810, 2888, 2889, 2959, 2962, 3001, 3135, 3137, 3171, 3231, 3250, 3314, 3325, 3496, 3499, 3514, 3581, 3828, 3843, 3878, 3932, 3976, 4042, 4044, 4085]
Iter#999046 New set #30 of size 66 (33301.5 its/hit = 11.767s/hit): seed=7462052859852382514 [13, 24, 44, 129, 195, 262, 378, 388, 453, 565, 688, 1048, 1103, 1156, 1175, 1255, 1300, 1346, 1422, 1442, 1444, 1450, 1458, 1500, 1545, 1601, 1606, 1682, 1688, 1691, 1739, 1933, 2022, 2039, 2074, 2185, 2196, 2217, 2294, 2334, 2446, 2553, 2618, 2675, 2754, 2889, 2926, 2930, 3059, 3094, 3242, 3289, 3316, 3442, 3464, 3475, 3491, 3589, 3622, 3629, 3634, 3679, 3889, 3977, 4050, 4092]
Iter#1202256 New set #40 of size 66 (30056.4 its/hit = 10.525s/hit): seed=4996584698941578141 [7, 91, 93, 99, 114, 255, 272, 338, 380, 594, 648, 671, 832, 862, 995, 1062, 1129, 1198, 1309, 1425, 1454, 1662, 1723, 1798, 1817, 1821, 1856, 1888, 1895, 2034, 2124, 2193, 2209, 2216, 2226, 2278, 2308, 2344, 2357, 2416, 2466, 2616, 2703, 2777, 2797, 2845, 2934, 2938, 2998, 3077, 3095, 3174, 3214, 3267, 3397, 3471, 3493, 3617, 3620, 3702, 3751, 3831, 3868, 3950, 3954, 4034]
Iter#1447148 New set #50 of size 66 (28943.0 its/hit = 10.060s/hit): seed=15188071456744320972 [63, 81, 93, 95, 200, 201, 208, 392, 443, 444, 549, 625, 629, 861, 949, 984, 1015, 1036, 1050, 1157, 1211, 1272, 1280, 1353, 1461, 1466, 1483, 1504, 1690, 1696, 1848, 1899, 2097, 2100, 2287, 2321, 2543, 2744, 2820, 2947, 2966, 3049, 3050, 3086, 3093, 3107, 3230, 3241, 3340, 3345, 3432, 3471, 3503, 3517, 3528, 3544, 3552, 3651, 3662, 3664, 3731, 3866, 3879, 3915, 3946, 3963]
Iter#1670623 New set #60 of size 66 (27843.7 its/hit = 9.633s/hit): seed=6498787226964151776 [17, 22, 28, 128, 159, 214, 222, 420, 578, 664, 683, 872, 891, 1054, 1092, 1134, 1150, 1178, 1180, 1202, 1493, 1524, 1525, 1567, 1655, 1671, 1824, 1877, 1902, 1936, 2112, 2196, 2237, 2308, 2328, 2401, 2452, 2501, 2505, 2604, 2626, 2689, 2704, 2713, 2732, 2774, 2792, 2894, 2934, 3029, 3052, 3172, 3212, 3221, 3287, 3315, 3336, 3391, 3506, 3569, 3679, 3691, 3904, 3927, 4012, 4063]
Iter#1802389 New set #70 of size 66 (25748.4 its/hit = 8.886s/hit): seed=10684814655845607609 [47, 93, 160, 187, 295, 303, 625, 675, 693, 702, 725, 748, 824, 886, 1085, 1122, 1220, 1235, 1245, 1274, 1308, 1387, 1638, 1900, 1912, 1958, 1984, 2037, 2078, 2141, 2198, 2270, 2325, 2379, 2422, 2435, 2465, 2529, 2644, 2647, 2663, 2726, 2739, 2786, 2839, 2897, 2902, 2938, 2963, 2985, 3239, 3446, 3447, 3498, 3540, 3575, 3590, 3595, 3703, 3732, 3736, 3837, 3896, 4017, 4057, 4065]
Iter#2086552 New set #80 of size 66 (26081.9 its/hit = 8.950s/hit): seed=5415571298486282577 [0, 6, 102, 161, 261, 297, 319, 364, 411, 462, 484, 489, 516, 522, 563, 604, 646, 687, 910, 1018, 1042, 1053, 1172, 1273, 1283, 1300, 1333, 1412, 1549, 1565, 1598, 1604, 1666, 1898, 1966, 2026, 2118, 2191, 2212, 2238, 2386, 2432, 2456, 2715, 2739, 2776, 2831, 2842, 2922, 2985, 3011, 3018, 3129, 3207, 3511, 3531, 3557, 3558, 3577, 3652, 3654, 3707, 3733, 3840, 3910, 4092]
Iter#2298336 New set #90 of size 66 (25537.1 its/hit = 8.744s/hit): seed=16324291287397342066 [4, 68, 91, 122, 206, 222, 304, 333, 396, 459, 503, 517, 526, 610, 700, 1023, 1062, 1163, 1265, 1363, 1414, 1415, 1476, 1502, 1586, 1588, 1626, 1739, 1753, 2039, 2102, 2141, 2251, 2258, 2261, 2412, 2484, 2552, 2625, 2886, 2931, 2971, 2977, 3057, 3075, 3078, 3119, 3148, 3152, 3238, 3394, 3434, 3462, 3505, 3578, 3666, 3714, 3732, 3737, 3744, 3821, 3846, 3922, 3999, 4042, 4071]
Iter#2547693 New set #100 of size 66 (25476.9 its/hit = 8.700s/hit): seed=5966909303346114501 [6, 31, 87, 94, 99, 154, 341, 378, 419, 445, 611, 630, 684, 712, 944, 1041, 1042, 1093, 1102, 1151, 1187, 1242, 1325, 1432, 1438, 1451, 1595, 1739, 1888, 2025, 2169, 2194, 2232, 2293, 2315, 2429, 2491, 2533, 2536, 2553, 2651, 2725, 2757, 2978, 2979, 2992, 3046, 3110, 3122, 3155, 3163, 3291, 3300, 3401, 3404, 3414, 3632, 3636, 3676, 3703, 3771, 3777, 3791, 3809, 4047, 4057]
Iter#5724603 New set #200 of size 66 (28623.0 its/hit = 9.660s/hit): seed=212683641842257980 [14, 69, 155, 172, 269, 453, 457, 470, 476, 820, 822, 887, 911, 914, 962, 965, 1049, 1138, 1209, 1237, 1477, 1630, 1735, 1742, 1743, 1781, 1910, 1947, 1955, 2045, 2068, 2120, 2156, 2296, 2353, 2419, 2558, 2697, 2732, 2757, 2929, 2962, 2993, 3049, 3086, 3112, 3197, 3276, 3282, 3340, 3391, 3421, 3436, 3475, 3554, 3584, 3623, 3675, 3716, 3727, 3758, 3809, 3841, 3881, 3991, 3994]
Iter#8138605 New set #300 of size 66 (27128.7 its/hit = 9.127s/hit): seed=4868141079809860018 [10, 20, 62, 69, 94, 128, 178, 179, 189, 287, 298, 339, 365, 367, 376, 391, 571, 637, 677, 686, 700, 748, 799, 958, 1090, 1099, 1125, 1163, 1341, 1473, 1534, 1558, 1679, 1703, 1743, 1817, 1818, 1895, 1919, 1996, 2077, 2111, 2134, 2187, 2246, 2401, 2458, 2550, 2686, 2691, 2780, 3009, 3014, 3056, 3113, 3140, 3175, 3254, 3266, 3288, 3402, 3496, 3536, 3728, 4057, 4060]
Iter#10746638 New set #400 of size 66 (26866.6 its/hit = 9.025s/hit): seed=14256029539661101825 [111, 208, 248, 266, 338, 449, 508, 613, 615, 671, 761, 765, 810, 913, 992, 1006, 1023, 1028, 1064, 1117, 1162, 1304, 1331, 1399, 1428, 1452, 1552, 1555, 1578, 1587, 1670, 1781, 1874, 1980, 2000, 2001, 2013, 2031, 2036, 2047, 2142, 2243, 2270, 2423, 2454, 2557, 2615, 2643, 2677, 2689, 2699, 2719, 2732, 2778, 2785, 2817, 3023, 3093, 3205, 3269, 3321, 3498, 3568, 3846, 3941, 4038]
Iter#13523422 New set #500 of size 66 (27046.8 its/hit = 9.076s/hit): seed=11621483633098672346 [96, 152, 182, 279, 284, 338, 405, 431, 543, 558, 573, 597, 601, 811, 822, 905, 932, 1051, 1073, 1104, 1248, 1360, 1407, 1429, 1482, 1548, 1562, 1615, 1648, 1696, 1712, 1713, 1772, 1807, 1847, 1911, 1934, 1967, 2018, 2044, 2077, 2171, 2287, 2374, 2426, 2539, 2546, 2635, 2683, 2703, 2728, 2732, 2781, 2953, 3062, 3221, 3224, 3279, 3322, 3334, 3712, 3735, 3767, 3908, 3917, 4033]
Iter#16040107 New set #600 of size 66 (26733.5 its/hit = 8.963s/hit): seed=9949198174487768091 [5, 34, 156, 224, 247, 311, 382, 443, 516, 585, 644, 732, 850, 861, 875, 916, 929, 938, 986, 1012, 1020, 1039, 1041, 1109, 1367, 1528, 1530, 1583, 1745, 1760, 1806, 2028, 2062, 2067, 2130, 2333, 2380, 2503, 2518, 2547, 2549, 2579, 2662, 2753, 2772, 2830, 2882, 2910, 2914, 2945, 3070, 3116, 3246, 3287, 3300, 3357, 3486, 3511, 3556, 3580, 3731, 3774, 3897, 3967, 3970, 3986]
Iter#18964481 New set #700 of size 66 (27092.1 its/hit = 9.077s/hit): seed=3476388172773184394 [1, 67, 140, 286, 314, 358, 394, 515, 667, 707, 736, 951, 990, 1019, 1054, 1071, 1101, 1150, 1168, 1249, 1295, 1370, 1404, 1440, 1470, 1627, 1651, 1765, 1768, 1833, 1877, 1906, 1939, 2012, 2038, 2045, 2175, 2212, 2222, 2231, 2235, 2359, 2428, 2526, 2537, 2565, 2628, 2630, 2736, 2743, 2784, 2813, 3255, 3328, 3435, 3495, 3531, 3588, 3727, 3793, 3817, 3884, 3975, 4021, 4028, 4029]
