[*] Computing DDT
[+] DDT Computed
DDT took 332.226973ms
Iter#1 New set #1 of size 25 (1.0 its/hit = 0.000s/hit): seed=10543910156658219379 [281, 502, 602, 888, 930, 1011, 1445, 1446, 1685, 2264, 2338, 2521, 2756, 2842, 2922, 2948, 3094, 3219, 3252, 3271, 3328, 3369, 4034, 4038, 4040]
Iter#2 New set #1 of size 27 (2.0 its/hit = 0.000s/hit): seed=2584828391392824612 [93, 399, 930, 1017, 1103, 1110, 1158, 1184, 1257, 1465, 1505, 1588, 1957, 2472, 2484, 2710, 2930, 3043, 3083, 3275, 3303, 3393, 3424, 3737, 3746, 3885, 3909]
Iter#4 New set #2 of size 27 (2.0 its/hit = 0.000s/hit): seed=8948951187507811444 [65, 121, 266, 310, 562, 674, 796, 1041, 1098, 1580, 1582, 1835, 1840, 1945, 1985, 2241, 2246, 2354, 2706, 2817, 2925, 3263, 3469, 3519, 3613, 3799, 3877]
Iter#8 New set #3 of size 27 (2.7 its/hit = 0.000s/hit): seed=9564267894572314293 [341, 372, 496, 608, 622, 907, 1102, 1238, 1427, 1472, 1488, 1513, 1623, 1642, 1707, 1929, 1961, 2723, 2823, 2916, 3112, 3416, 3500, 3557, 3834, 3935, 3988]
Iter#9 New set #4 of size 27 (2.2 its/hit = 0.000s/hit): seed=15564313174757823979 [83, 104, 421, 620, 1020, 1171, 1353, 1385, 1500, 1559, 1578, 1908, 1947, 1996, 2034, 2391, 2424, 2560, 2646, 3013, 3079, 3245, 3369, 3380, 3481, 3781, 3944]
Iter#15 New set #5 of size 27 (3.0 its/hit = 0.000s/hit): seed=17416516996989793954 [210, 223, 525, 551, 1020, 1027, 1105, 1199, 1448, 1478, 1598, 1905, 1909, 1944, 2099, 2106, 2170, 2191, 2290, 2464, 2491, 2575, 3020, 3083, 3214, 3704, 3903]
Iter#22 New set #6 of size 27 (3.7 its/hit = 0.000s/hit): seed=320589440569490306 [107, 260, 482, 712, 1024, 1040, 1172, 1279, 1368, 1585, 1795, 1985, 2258, 2312, 2333, 2521, 2603, 2807, 2842, 3074, 3139, 3330, 3425, 3496, 3514, 3962, 4013]
Iter#26 New set #1 of size 28 (26.0 its/hit = 0.000s/hit): seed=13286467962901081697 [174, 604, 812, 897, 1153, 1197, 1286, 1607, 1701, 1920, 2234, 2256, 2266, 2296, 2332, 2350, 2410, 2455, 2467, 2472, 2656, 2663, 2812, 2866, 3550, 3753, 3847, 3875]
Iter#35 New set #2 of size 28 (17.5 its/hit = 0.000s/hit): seed=6371831063903155297 [173, 202, 672, 790, 917, 1089, 1235, 1451, 1514, 1621, 1881, 2181, 2301, 2332, 2529, 2579, 2702, 2757, 2782, 2888, 2942, 3020, 3342, 3371, 3864, 3883, 4042, 4067]
Iter#53 New set #3 of size 28 (17.7 its/hit = 0.000s/hit): seed=4394213771519882398 [32, 179, 189, 596, 815, 1095, 1284, 1494, 1698, 1801, 1862, 1944, 2064, 2407, 2649, 2684, 2720, 2912, 2999, 3231, 3247, 3335, 3363, 3466, 3664, 3727, 4071, 4090]
Iter#54 New set #4 of size 28 (13.5 its/hit = 0.000s/hit): seed=6318300658794642160 [30, 838, 898, 942, 948, 1011, 1329, 1594, 2000, 2004, 2010, 2165, 2178, 2278, 2293, 2328, 3219, 3276, 3307, 3490, 3561, 3658, 3751, 3831, 3861, 3919, 3965, 4079]
Iter#55 New set #5 of size 28 (11.0 its/hit = 0.000s/hit): seed=2882172905151086532 [78, 250, 264, 641, 759, 855, 860, 1029, 1060, 1244, 1305, 1633, 1829, 1995, 2092, 2157, 2318, 2373, 2453, 2495, 2594, 2753, 2831, 3095, 3114, 3229, 3779, 4039]
Iter#63 New set #6 of size 28 (10.5 its/hit = 0.000s/hit): seed=13652245492230447908 [20, 228, 333, 413, 504, 531, 673, 973, 1015, 1292, 1484, 1539, 1664, 1814, 1826, 2065, 2107, 2696, 2701, 3213, 3324, 3697, 3725, 3737, 3861, 3958, 3993, 3999]
Iter#99 New set #7 of size 28 (14.1 its/hit = 0.000s/hit): seed=2413055992072590121 [80, 299, 404, 728, 777, 1077, 1117, 1372, 1447, 1606, 1681, 1989, 2017, 2076, 2078, 2212, 2480, 2745, 2853, 2881, 3012, 3039, 3168, 3206, 3602, 3831, 3906, 3924]
Iter#120 New set #8 of size 28 (15.0 its/hit = 0.000s/hit): seed=11457880098451603022 [62, 118, 336, 338, 398, 595, 727, 865, 883, 927, 1495, 1627, 1696, 1888, 2206, 2442, 2447, 2496, 2752, 2896, 2970, 3033, 3139, 3281, 3466, 3786, 3790, 3875]
Iter#122 New set #1 of size 29 (122.0 its/hit = 0.000s/hit): seed=7807799659821278412 [620, 679, 828, 860, 939, 1196, 1219, 1223, 1267, 1303, 1366, 1701, 1883, 2209, 2512, 2563, 2572, 2592, 2619, 2655, 2903, 2911, 2995, 3006, 3206, 3445, 3578, 3895, 3935]
Iter#172 New set #2 of size 29 (86.0 its/hit = 0.000s/hit): seed=1856562668736322032 [9, 58, 240, 525, 549, 706, 842, 864, 1096, 1140, 1230, 1560, 1856, 1889, 1920, 1931, 1969, 2476, 2647, 2934, 2950, 2991, 3063, 3092, 3225, 3480, 3560, 3857, 3999]
Iter#656 New set #3 of size 29 (218.7 its/hit = 0.000s/hit): seed=7658992297772810210 [10, 79, 293, 424, 498, 626, 687, 711, 716, 808, 924, 942, 1104, 1265, 1343, 1529, 1753, 1949, 2176, 2504, 2775, 2835, 2973, 3087, 3214, 3232, 3926, 4010, 4035]
Iter#766 New set #4 of size 29 (191.5 its/hit = 0.000s/hit): seed=7584136705120685978 [48, 209, 388, 574, 764, 803, 982, 1045, 1102, 1206, 1230, 1473, 1576, 1976, 2085, 2114, 2266, 2539, 2718, 2732, 3039, 3107, 3126, 3361, 3367, 3764, 3782, 3961, 4088]
Iter#791 New set #5 of size 29 (158.2 its/hit = 0.000s/hit): seed=15525565596123123343 [137, 256, 270, 546, 582, 1287, 1361, 1455, 1845, 2041, 2152, 2159, 2236, 2241, 2315, 2388, 2447, 2606, 2618, 2765, 2846, 2860, 2934, 3046, 3082, 3171, 3380, 3599, 4043]
Iter#1019 New set #6 of size 29 (169.8 its/hit = 0.000s/hit): seed=7353762584764723109 [413, 458, 520, 966, 1302, 1391, 1403, 1449, 1525, 1548, 1617, 1729, 1942, 2267, 2328, 2520, 2579, 2944, 3429, 3638, 3757, 3785, 3810, 3833, 3845, 3871, 3890, 3969, 4003]
Iter#1215 New set #7 of size 29 (173.6 its/hit = 0.000s/hit): seed=15789848715473254352 [80, 104, 233, 286, 922, 1069, 1095, 1107, 1118, 1123, 1177, 1274, 1332, 1997, 2133, 2472, 2489, 2527, 2676, 2714, 2790, 2838, 2861, 2929, 2943, 3026, 3610, 3652, 3836]
Iter#1234 New set #8 of size 29 (154.2 its/hit = 0.000s/hit): seed=12593797574709075973 [44, 63, 104, 302, 358, 498, 790, 1028, 1260, 1597, 1669, 1722, 2109, 2172, 2267, 2310, 2394, 2515, 2516, 2598, 2755, 2960, 3029, 3230, 3283, 3365, 3407, 3938, 4008]
Iter#1248 New set #9 of size 29 (138.7 its/hit = 0.000s/hit): seed=10481827722566353911 [92, 246, 290, 382, 470, 568, 595, 720, 885, 1046, 1114, 1227, 1262, 1495, 1496, 1599, 1891, 2079, 2156, 2429, 2502, 2693, 3218, 3228, 3643, 3660, 3725, 4000, 4003]
Iter#1329 New set #10 of size 29 (132.9 its/hit = 0.000s/hit): seed=5270835119423298383 [83, 336, 417, 673, 873, 908, 976, 1313, 1341, 1483, 1567, 1590, 1738, 1850, 1986, 2327, 2344, 2382, 2413, 2438, 2686, 2717, 3299, 3332, 3593, 3694, 3746, 3894, 3929]
Iter#1533 New set #1 of size 42 (1533.0 its/hit = 0.000s/hit): seed=11487219889668907672 [21, 346, 348, 370, 388, 430, 478, 481, 592, 661, 736, 839, 951, 991, 1124, 1310, 1344, 1375, 1500, 1723, 1880, 1899, 1922, 2097, 2162, 2327, 2380, 2389, 2468, 2591, 2668, 2688, 3077, 3268, 3288, 3412, 3439, 3453, 3628, 3766, 3862, 3920]
Iter#8801 New set #1 of size 43 (8801.0 its/hit = 4.000s/hit): seed=8307687450947661453 [228, 242, 344, 368, 446, 463, 576, 607, 650, 831, 857, 965, 1076, 1171, 1239, 1322, 1444, 1564, 1620, 1631, 1648, 1649, 1661, 1778, 1830, 1877, 1930, 1939, 1968, 2263, 2403, 2412, 2558, 2671, 2849, 2859, 2879, 2881, 2938, 3059, 3417, 3429, 3781]
Iter#13954 New set #2 of size 43 (6977.0 its/hit = 3.000s/hit): seed=3432367378358112573 [276, 339, 416, 451, 486, 496, 526, 603, 653, 687, 696, 1048, 1097, 1135, 1167, 1278, 1393, 1414, 1533, 1545, 1629, 1676, 1722, 1772, 1785, 1989, 2081, 2347, 2380, 2526, 2872, 2894, 3063, 3139, 3142, 3202, 3271, 3353, 3419, 3486, 3766, 3917, 4039]
Iter#25077 New set #3 of size 43 (8359.0 its/hit = 3.667s/hit): seed=3053718283389199563 [180, 338, 374, 831, 855, 1101, 1127, 1169, 1284, 1327, 1390, 1660, 1762, 1782, 1798, 1849, 1866, 2089, 2186, 2277, 2390, 2396, 2582, 2630, 2635, 2770, 2842, 2855, 2908, 2916, 2956, 3109, 3350, 3514, 3532, 3543, 3568, 3593, 3696, 3811, 3888, 4036, 4068]
Iter#25291 New set #4 of size 43 (6322.8 its/hit = 2.750s/hit): seed=4457473218850913774 [3, 9, 11, 103, 135, 183, 223, 260, 340, 534, 670, 683, 705, 811, 815, 942, 1008, 1028, 1172, 1239, 1384, 1410, 1497, 1580, 1609, 1865, 1957, 2140, 2331, 2365, 2438, 2597, 2752, 2811, 2847, 2934, 2962, 3129, 3334, 3619, 3660, 3719, 3790]
Iter#29301 New set #5 of size 43 (5860.2 its/hit = 2.600s/hit): seed=345243355013000370 [101, 119, 135, 283, 377, 517, 568, 736, 859, 888, 942, 957, 1009, 1148, 1200, 1446, 1523, 1635, 1727, 1732, 1748, 1789, 1815, 2031, 2038, 2141, 2240, 2641, 2684, 2865, 2937, 3008, 3124, 3156, 3182, 3187, 3205, 3264, 3267, 3278, 3492, 3578, 3763]
Iter#42056 New set #6 of size 43 (7009.3 its/hit = 3.000s/hit): seed=4129404168183617239 [132, 183, 205, 295, 541, 624, 667, 781, 956, 1039, 1155, 1165, 1210, 1237, 1673, 1679, 1729, 1863, 1901, 1932, 1952, 2021, 2213, 2253, 2255, 2290, 2421, 2441, 2574, 2878, 2882, 2924, 3090, 3130, 3153, 3360, 3395, 3462, 3475, 3555, 3629, 3847, 3857]
Iter#46816 New set #1 of size 66 (46816.0 its/hit = 21.000s/hit): seed=4660524194049699961 [127, 138, 150, 163, 251, 290, 494, 632, 663, 693, 781, 885, 948, 1046, 1181, 1256, 1258, 1269, 1280, 1327, 1449, 1456, 1457, 1490, 1829, 1846, 1922, 1929, 1954, 1993, 2104, 2110, 2162, 2343, 2382, 2422, 2424, 2614, 2626, 2643, 2666, 2687, 2692, 2696, 2699, 2770, 2906, 2920, 2947, 2969, 3065, 3130, 3134, 3227, 3240, 3276, 3411, 3507, 3675, 3691, 3713, 3825, 3919, 4022, 4055, 4075]
Iter#105551 New set #2 of size 66 (52775.5 its/hit = 23.500s/hit): seed=16369564733739680242 [21, 74, 183, 264, 271, 313, 527, 578, 671, 724, 758, 831, 851, 936, 1113, 1296, 1301, 1547, 1553, 1663, 1677, 1710, 1760, 1817, 1889, 1923, 2085, 2151, 2156, 2165, 2228, 2290, 2423, 2518, 2633, 2676, 2682, 2683, 2700, 2711, 2755, 2781, 2807, 2894, 2970, 2980, 2982, 2993, 3030, 3043, 3078, 3142, 3182, 3295, 3333, 3502, 3510, 3536, 3539, 3650, 3714, 3723, 3756, 3848, 3895, 4084]
Iter#146536 New set #3 of size 66 (48845.3 its/hit = 22.000s/hit): seed=10191707186010147328 [114, 187, 235, 307, 348, 349, 360, 459, 472, 474, 563, 569, 609, 664, 671, 679, 822, 883, 962, 1075, 1179, 1281, 1338, 1451, 1521, 1632, 1691, 1712, 1724, 1805, 1815, 1851, 1858, 1894, 1919, 2021, 2126, 2228, 2279, 2362, 2370, 2391, 2508, 2511, 2592, 2643, 2652, 2658, 2693, 2780, 2888, 2920, 2965, 2971, 2985, 3251, 3289, 3337, 3370, 3453, 3549, 3600, 3773, 3784, 3806, 4012]
Iter#158637 New set #4 of size 66 (39659.2 its/hit = 17.750s/hit): seed=7115061651370037489 [342, 467, 547, 610, 668, 736, 805, 871, 970, 1003, 1022, 1024, 1041, 1131, 1325, 1396, 1405, 1406, 1440, 1447, 1519, 1594, 1602, 1604, 1612, 1620, 1640, 1700, 1778, 1793, 1890, 1905, 1961, 2046, 2069, 2184, 2196, 2223, 2340, 2453, 2524, 2591, 2664, 2808, 2832, 2895, 2927, 2930, 3068, 3098, 3124, 3183, 3287, 3513, 3520, 3531, 3540, 3555, 3653, 3694, 3701, 3732, 3858, 3903, 3916, 4080]
Iter#185040 New set #5 of size 66 (37008.0 its/hit = 16.600s/hit): seed=7229642076262986564 [0, 137, 182, 223, 345, 367, 413, 471, 489, 560, 716, 822, 926, 961, 1082, 1145, 1155, 1260, 1299, 1367, 1462, 1488, 1515, 1523, 1534, 1710, 1740, 1745, 1805, 1891, 1921, 1946, 1997, 2025, 2048, 2064, 2074, 2154, 2156, 2193, 2209, 2365, 2420, 2463, 2514, 2535, 2536, 2548, 2730, 2835, 2961, 3004, 3194, 3366, 3378, 3468, 3497, 3543, 3629, 3710, 3736, 3775, 3811, 3837, 3902, 3957]
Iter#214422 New set #6 of size 66 (35737.0 its/hit = 16.000s/hit): seed=16562836794672492078 [68, 84, 142, 206, 209, 240, 262, 321, 381, 442, 455, 566, 644, 655, 744, 885, 1025, 1147, 1196, 1292, 1293, 1358, 1364, 1497, 1601, 1619, 1720, 1726, 1744, 1917, 2113, 2136, 2143, 2236, 2263, 2366, 2418, 2534, 2763, 2833, 2859, 2939, 3020, 3065, 3116, 3209, 3212, 3237, 3270, 3290, 3340, 3387, 3440, 3528, 3552, 3592, 3603, 3614, 3626, 3687, 3800, 3861, 3904, 3949, 3980, 4056]
Iter#220814 New set #7 of size 66 (31544.9 its/hit = 14.143s/hit): seed=15387861369076984894 [72, 90, 230, 400, 427, 447, 471, 493, 648, 801, 825, 830, 838, 896, 964, 1008, 1013, 1047, 1086, 1095, 1101, 1121, 1189, 1226, 1262, 1297, 1309, 1408, 1450, 1475, 1486, 1507, 1580, 1585, 1668, 1823, 1968, 2005, 2010, 2019, 2265, 2724, 2792, 2796, 2813, 2930, 2995, 3051, 3068, 3134, 3151, 3167, 3178, 3336, 3411, 3509, 3583, 3683, 3701, 3730, 3824, 3842, 3851, 3952, 3979, 4019]
Iter#229618 New set #8 of size 66 (28702.2 its/hit = 12.875s/hit): seed=8227583076655423395 [7, 34, 125, 169, 212, 235, 237, 469, 649, 650, 667, 732, 798, 834, 864, 915, 958, 979, 988, 1128, 1129, 1176, 1198, 1203, 1297, 1359, 1479, 1499, 1645, 1661, 1759, 1777, 1822, 1915, 1950, 1996, 2061, 2068, 2229, 2253, 2329, 2406, 2477, 2602, 2674, 2679, 2781, 2805, 2813, 2824, 2893, 2960, 3062, 3099, 3122, 3283, 3359, 3381, 3422, 3777, 3969, 3994, 4007, 4083, 4084, 4093]
Iter#264197 New set #9 of size 66 (29355.2 its/hit = 13.222s/hit): seed=8258096114240033004 [77, 108, 119, 139, 151, 174, 192, 240, 246, 290, 297, 527, 551, 589, 625, 693, 879, 896, 918, 957, 1361, 1382, 1385, 1428, 1433, 1507, 1565, 1587, 1588, 1628, 1693, 1772, 1800, 1831, 1944, 2044, 2055, 2156, 2209, 2226, 2330, 2375, 2541, 2565, 2764, 2851, 3073, 3085, 3234, 3244, 3459, 3467, 3524, 3527, 3588, 3618, 3623, 3637, 3681, 3816, 3915, 3966, 3995, 3999, 4053, 4082]
Iter#301481 New set #10 of size 66 (30148.1 its/hit = 13.600s/hit): seed=7830774028923991462 [22, 110, 244, 264, 358, 380, 407, 473, 506, 610, 615, 814, 1060, 1096, 1247, 1333, 1400, 1409, 1443, 1512, 1614, 1656, 1663, 1853, 1890, 1984, 2112, 2175, 2179, 2357, 2523, 2549, 2556, 2674, 2724, 2727, 2753, 2777, 2841, 2865, 2929, 2984, 3129, 3220, 3233, 3270, 3281, 3283, 3309, 3331, 3340, 3341, 3390, 3456, 3498, 3508, 3552, 3579, 3584, 3745, 3842, 3856, 3867, 3922, 3973, 4035]
Iter#646477 New set #20 of size 66 (32323.8 its/hit = 14.600s/hit): seed=10218014913724002005 [311, 404, 503, 520, 564, 628, 740, 769, 859, 1040, 1067, 1117, 1134, 1136, 1146, 1156, 1186, 1222, 1342, 1520, 1583, 1586, 1711, 1804, 1895, 1926, 2052, 2167, 2242, 2267, 2273, 2274, 2309, 2318, 2334, 2336, 2337, 2348, 2381, 2467, 2683, 2732, 2777, 2805, 2909, 2917, 2950, 3010, 3049, 3080, 3084, 3182, 3220, 3222, 3342, 3345, 3359, 3424, 3547, 3593, 3617, 3742, 3853, 3888, 4003, 4091]
Iter#799315 New set #30 of size 66 (26643.8 its/hit = 12.033s/hit): seed=4292934009375044922 [63, 81, 120, 152, 203, 271, 318, 338, 413, 471, 485, 603, 653, 671, 679, 751, 865, 997, 1080, 1092, 1149, 1169, 1266, 1300, 1389, 1395, 1627, 1721, 1736, 1802, 1820, 1933, 2131, 2254, 2302, 2339, 2358, 2450, 2461, 2617, 2642, 2688, 2782, 2831, 2861, 2864, 2869, 2873, 2932, 2937, 2981, 3032, 3154, 3196, 3198, 3226, 3328, 3336, 3380, 3395, 3457, 3523, 3718, 3905, 3945, 4014]
Iter#1185003 New set #40 of size 66 (29625.1 its/hit = 13.325s/hit): seed=17126003127940237 [77, 85, 107, 127, 208, 334, 458, 477, 671, 732, 753, 772, 845, 956, 987, 1012, 1032, 1091, 1101, 1102, 1241, 1251, 1278, 1321, 1451, 1455, 1486, 1598, 1652, 1702, 2058, 2125, 2280, 2356, 2386, 2454, 2548, 2669, 2696, 2740, 2741, 2851, 2864, 2940, 3030, 3061, 3074, 3096, 3133, 3201, 3313, 3371, 3374, 3454, 3620, 3629, 3634, 3657, 3673, 3675, 3696, 3822, 3884, 3938, 3963, 3994]
Iter#1330344 New set #50 of size 66 (26606.9 its/hit = 11.940s/hit): seed=8307636225129835904 [26, 35, 42, 57, 109, 199, 297, 399, 419, 446, 507, 516, 594, 614, 691, 829, 918, 1009, 1021, 1029, 1096, 1166, 1180, 1261, 1284, 1326, 1486, 1580, 1660, 1706, 1711, 1789, 1865, 1943, 2021, 2041, 2164, 2188, 2256, 2262, 2280, 2297, 2459, 2521, 2551, 2563, 2580, 2777, 2920, 3019, 3029, 3109, 3245, 3298, 3354, 3365, 3478, 3632, 3829, 3961, 3981, 3986, 3990, 4043, 4075, 4076]
Iter#1640739 New set #60 of size 66 (27345.7 its/hit = 12.217s/hit): seed=8092969059558030559 [18, 82, 86, 219, 271, 280, 287, 290, 324, 403, 408, 517, 579, 643, 653, 674, 705, 762, 797, 813, 850, 942, 1070, 1088, 1117, 1143, 1194, 1257, 1306, 1378, 1419, 1614, 1620, 1648, 1697, 1710, 1749, 1870, 2067, 2073, 2168, 2209, 2220, 2320, 2322, 2340, 2627, 2646, 2814, 3026, 3035, 3065, 3075, 3117, 3175, 3269, 3270, 3514, 3593, 3621, 3655, 3767, 3889, 3932, 3950, 4050]
Iter#1893689 New set #70 of size 66 (27052.7 its/hit = 12.057s/hit): seed=4825927076076943351 [104, 127, 147, 224, 340, 352, 512, 567, 653, 718, 859, 938, 947, 972, 1000, 1097, 1137, 1235, 1258, 1299, 1405, 1427, 1446, 1455, 1470, 1495, 1513, 1575, 1595, 1630, 1707, 1782, 1786, 1919, 1922, 1963, 2079, 2129, 2154, 2223, 2336, 2376, 2488, 2762, 2763, 2794, 2849, 2881, 2897, 2939, 2957, 2979, 2981, 3140, 3159, 3453, 3476, 3495, 3739, 3875, 3881, 3886, 4000, 4031, 4065, 4073]
Iter#2249594 New set #80 of size 66 (28119.9 its/hit = 12.513s/hit): seed=4927804898645552451 [77, 140, 244, 332, 366, 385, 535, 731, 770, 858, 879, 883, 902, 1072, 1115, 1136, 1147, 1231, 1244, 1579, 1608, 1609, 1616, 1750, 1785, 1804, 1809, 1811, 1892, 2031, 2048, 2144, 2170, 2193, 2211, 2347, 2417, 2418, 2429, 2438, 2451, 2474, 2491, 2511, 2689, 2703, 2743, 2782, 2955, 3009, 3015, 3090, 3118, 3151, 3254, 3336, 3448, 3474, 3490, 3658, 3754, 3893, 3921, 3938, 4035, 4039]
Iter#2699479 New set #90 of size 66 (29994.2 its/hit = 13.322s/hit): seed=7188209606441576734 [120, 252, 274, 331, 362, 375, 378, 441, 508, 590, 629, 691, 793, 875, 898, 902, 990, 993, 1062, 1163, 1413, 1448, 1449, 1528, 1537, 1654, 1763, 1831, 2111, 2112, 2139, 2142, 2219, 2326, 2357, 2364, 2447, 2541, 2567, 2694, 2721, 2790, 2867, 2913, 3036, 3055, 3120, 3163, 3274, 3336, 3344, 3354, 3360, 3411, 3428, 3464, 3474, 3663, 3706, 3723, 3759, 3782, 3807, 3848, 3879, 4062]
Iter#3055219 New set #100 of size 66 (30552.2 its/hit = 13.560s/hit): seed=16829427020552806293 [132, 242, 276, 352, 395, 470, 516, 538, 550, 569, 580, 627, 676, 745, 757, 792, 882, 920, 976, 990, 1178, 1218, 1253, 1291, 1308, 1311, 1373, 1381, 1389, 1392, 1448, 1566, 1651, 1766, 1810, 1849, 1853, 1881, 1884, 1920, 2056, 2066, 2188, 2248, 2380, 2398, 2413, 2488, 2527, 2663, 2667, 2765, 2937, 2967, 3011, 3013, 3100, 3112, 3172, 3213, 3533, 3549, 3698, 3738, 3887, 3944]
Iter#5866439 New set #200 of size 66 (29332.2 its/hit = 12.970s/hit): seed=9298372017613141464 [120, 276, 458, 506, 514, 569, 642, 652, 694, 721, 805, 806, 910, 921, 932, 969, 1034, 1037, 1093, 1170, 1184, 1210, 1316, 1380, 1398, 1490, 1520, 1590, 1702, 1789, 1818, 2007, 2128, 2164, 2173, 2427, 2433, 2456, 2461, 2529, 2546, 2562, 2676, 2677, 2687, 2708, 2725, 2737, 2778, 2790, 2847, 2883, 2894, 2917, 3390, 3402, 3468, 3540, 3600, 3619, 3843, 3859, 3909, 3911, 3992, 3998]
Iter#8526103 New set #300 of size 66 (28420.3 its/hit = 12.550s/hit): seed=8090684519250882147 [86, 108, 423, 500, 564, 585, 631, 704, 726, 775, 812, 886, 889, 901, 972, 1209, 1213, 1257, 1300, 1339, 1401, 1425, 1540, 1541, 1564, 1681, 1683, 1693, 1779, 1860, 1904, 1911, 2143, 2178, 2191, 2204, 2439, 2470, 2487, 2518, 2539, 2642, 2661, 2754, 2777, 2799, 2820, 2836, 2860, 2883, 2915, 2929, 2980, 3008, 3037, 3188, 3365, 3366, 3407, 3418, 3528, 3619, 3832, 3837, 3875, 4061]
Iter#10759171 New set #400 of size 66 (26897.9 its/hit = 11.868s/hit): seed=11085576828762627554 [290, 382, 408, 526, 534, 607, 614, 725, 756, 839, 846, 848, 875, 1022, 1159, 1161, 1244, 1246, 1353, 1420, 1458, 1547, 1568, 1674, 1740, 1766, 1785, 1843, 2108, 2195, 2231, 2301, 2339, 2389, 2500, 2512, 2541, 2580, 2595, 2648, 2699, 2758, 2911, 3012, 3100, 3119, 3124, 3179, 3239, 3301, 3339, 3417, 3432, 3435, 3563, 3589, 3661, 3746, 3792, 3802, 3926, 4011, 4024, 4038, 4064, 4086]
Iter#13620476 New set #500 of size 66 (27241.0 its/hit = 12.004s/hit): seed=6730472578969796283 [13, 67, 96, 146, 230, 252, 366, 396, 500, 692, 1016, 1021, 1051, 1081, 1138, 1199, 1250, 1349, 1470, 1490, 1626, 1703, 1784, 2004, 2018, 2021, 2113, 2150, 2159, 2223, 2329, 2522, 2533, 2610, 2691, 2731, 2795, 2877, 2878, 2883, 2907, 3048, 3098, 3118, 3120, 3169, 3194, 3222, 3223, 3225, 3236, 3342, 3387, 3401, 3403, 3420, 3447, 3491, 3615, 3673, 3713, 3722, 3736, 3784, 3899, 3994]
Iter#15979175 New set #600 of size 66 (26632.0 its/hit = 11.732s/hit): seed=11374221000958614381 [12, 238, 301, 467, 482, 597, 760, 762, 781, 787, 855, 1104, 1119, 1129, 1174, 1187, 1192, 1240, 1270, 1278, 1286, 1355, 1414, 1502, 1589, 1660, 1721, 1799, 1824, 1950, 2018, 2037, 2107, 2173, 2176, 2192, 2449, 2492, 2591, 2716, 2741, 2790, 2814, 2862, 2988, 3029, 3046, 3084, 3136, 3164, 3168, 3203, 3324, 3345, 3428, 3523, 3542, 3615, 3662, 3781, 3796, 3825, 3831, 3852, 3857, 3920]
Iter#18322455 New set #700 of size 66 (26174.9 its/hit = 11.526s/hit): seed=9355054312703202792 [77, 117, 150, 210, 249, 363, 444, 457, 485, 526, 533, 542, 560, 561, 572, 605, 691, 788, 871, 971, 978, 1009, 1010, 1053, 1056, 1203, 1259, 1305, 1329, 1422, 1537, 1551, 1566, 1648, 1739, 1816, 1820, 1918, 1924, 1926, 2065, 2123, 2328, 2340, 2404, 2548, 2599, 2692, 2791, 3100, 3191, 3222, 3362, 3391, 3519, 3630, 3808, 3840, 3899, 3917, 3936, 3946, 3966, 3988, 4018, 4054]
Iter#21156215 New set #800 of size 66 (26445.3 its/hit = 11.641s/hit): seed=7725148633784516234 [11, 69, 100, 108, 128, 173, 249, 396, 405, 488, 615, 646, 664, 874, 889, 1046, 1059, 1073, 1249, 1251, 1305, 1325, 1333, 1338, 1349, 1394, 1395, 1399, 1418, 1491, 1606, 1618, 1700, 1730, 1746, 1821, 1871, 1946, 2147, 2232, 2250, 2267, 2349, 2455, 2496, 2565, 2597, 2660, 2695, 2940, 2944, 3080, 3148, 3207, 3284, 3323, 3450, 3457, 3497, 3605, 3628, 3648, 3841, 3850, 4023, 4034]
Iter#24168686 New set #900 of size 66 (26854.1 its/hit = 11.819s/hit): seed=14835577546679930228 [34, 195, 234, 431, 452, 494, 560, 770, 773, 780, 854, 875, 880, 1084, 1092, 1253, 1276, 1372, 1431, 1512, 1540, 1548, 1580, 1667, 1670, 1755, 1799, 1889, 1980, 2041, 2114, 2143, 2153, 2200, 2201, 2346, 2358, 2494, 2528, 2560, 2606, 2700, 2716, 2877, 2927, 2954, 3055, 3098, 3100, 3109, 3160, 3212, 3283, 3318, 3364, 3629, 3690, 3704, 3707, 3874, 3885, 3919, 3938, 3985, 4019, 4079]
