[*] Computing DDT
[+] DDT Computed
DDT took 330.34551ms
Iter#1 New set #1 of size 26 (1.0 its/hit = 0.000s/hit): seed=16879689615874197893 [116, 226, 265, 284, 322, 563, 576, 736, 768, 1095, 1267, 1313, 1466, 1540, 1601, 1694, 1733, 1841, 1986, 2522, 3029, 3325, 3404, 3539, 3610, 3919]
Iter#2 New set #2 of size 26 (1.0 its/hit = 0.000s/hit): seed=17359035396583739152 [86, 262, 515, 689, 765, 806, 1024, 1070, 1164, 1370, 1388, 1483, 1765, 1799, 2166, 2252, 2254, 2289, 2436, 3176, 3205, 3446, 3521, 3550, 3794, 3952]
Iter#3 New set #3 of size 26 (1.0 its/hit = 0.000s/hit): seed=10930711790627222160 [99, 125, 793, 878, 1010, 1094, 1567, 1636, 1645, 1671, 1712, 1778, 2188, 2353, 2494, 2554, 2575, 2612, 2816, 2848, 3017, 3213, 3686, 3756, 3778, 3928]
Iter#4 New set #1 of size 27 (4.0 its/hit = 0.000s/hit): seed=8096392593643837646 [225, 298, 431, 459, 522, 615, 832, 1043, 1224, 1319, 1323, 1472, 1501, 1507, 1721, 1796, 2129, 2793, 3296, 3319, 3434, 3470, 3644, 3904, 3934, 4002, 4043]
Iter#5 New set #1 of size 28 (5.0 its/hit = 0.000s/hit): seed=1170122536965864699 [101, 350, 408, 422, 933, 1107, 1388, 1453, 1550, 1805, 2262, 2379, 2388, 2412, 2556, 2640, 2711, 2831, 2950, 3038, 3192, 3256, 3406, 3525, 3570, 3785, 3853, 3986]
Iter#15 New set #2 of size 28 (7.5 its/hit = 0.000s/hit): seed=8333842213658446489 [200, 265, 348, 422, 619, 1009, 1128, 1167, 1423, 1799, 1825, 1869, 2110, 2137, 2172, 2273, 2332, 2363, 2382, 2430, 2589, 2718, 2922, 2996, 3008, 3172, 3191, 3519]
Iter#51 New set #1 of size 31 (51.0 its/hit = 0.000s/hit): seed=14521405567852647273 [167, 209, 393, 513, 759, 768, 847, 929, 1048, 1053, 1105, 1266, 1313, 1317, 1359, 1480, 1661, 2007, 2062, 2118, 2365, 2524, 2599, 2764, 2799, 3170, 3568, 3650, 3783, 3813, 3831]
Iter#158 New set #1 of size 32 (158.0 its/hit = 0.000s/hit): seed=16478625338447569796 [343, 369, 459, 476, 508, 530, 550, 720, 829, 895, 1033, 1403, 1537, 2066, 2104, 2325, 2360, 2382, 2467, 2587, 2593, 2863, 2891, 2993, 3315, 3416, 3517, 3796, 3853, 3859, 3874, 4042]
Iter#317 New set #1 of size 36 (317.0 its/hit = 0.000s/hit): seed=15309246509507699094 [69, 117, 353, 511, 602, 698, 949, 1086, 1229, 1291, 1354, 1535, 1591, 1660, 1785, 1841, 1894, 1913, 1949, 1953, 2010, 2226, 2315, 2335, 2377, 2512, 2730, 2900, 2908, 3159, 3181, 3393, 3463, 3589, 3654, 3900]
Iter#2323 New set #2 of size 36 (1161.5 its/hit = 0.000s/hit): seed=71313669775619082 [11, 87, 89, 168, 170, 234, 341, 561, 613, 769, 1003, 1104, 1400, 1632, 1648, 1651, 1701, 1801, 1876, 1956, 2021, 2212, 2510, 2780, 2821, 2843, 2891, 3011, 3160, 3203, 3272, 3485, 3654, 3723, 3783, 3830]
Iter#3705 New set #3 of size 36 (1235.0 its/hit = 0.333s/hit): seed=14788750499099905429 [127, 133, 420, 448, 491, 546, 568, 620, 649, 783, 805, 830, 921, 959, 1046, 1087, 1299, 1330, 1603, 1820, 2003, 2061, 2176, 2344, 2353, 2377, 2752, 2910, 3031, 3166, 3250, 3352, 3593, 3715, 3721, 3842]
Iter#4743 New set #4 of size 36 (1185.8 its/hit = 0.250s/hit): seed=2112349374007864965 [101, 177, 280, 321, 349, 514, 526, 614, 989, 1116, 1162, 1224, 1271, 1349, 1391, 1397, 1745, 1940, 1955, 1959, 2128, 2187, 2259, 2577, 2601, 2655, 2659, 2750, 2810, 3058, 3295, 3376, 3436, 3453, 3744, 4023]
Iter#10707 New set #5 of size 36 (2141.4 its/hit = 0.600s/hit): seed=13544868473633795359 [44, 223, 346, 570, 641, 710, 854, 943, 1004, 1091, 1214, 1403, 1407, 1464, 1481, 1641, 1862, 1872, 1881, 2030, 2087, 2143, 2227, 2299, 2459, 2523, 2735, 3054, 3126, 3160, 3319, 3430, 3634, 3743, 4020, 4064]
Iter#13530 New set #6 of size 36 (2255.0 its/hit = 0.667s/hit): seed=17408376325927509606 [220, 366, 545, 623, 693, 848, 850, 1033, 1118, 1199, 1264, 1288, 1394, 1416, 1524, 1652, 1991, 2030, 2130, 2401, 2432, 2482, 2852, 2944, 3074, 3168, 3205, 3350, 3395, 3433, 3487, 3531, 3610, 4010, 4047, 4055]
Iter#14708 New set #7 of size 36 (2101.1 its/hit = 0.714s/hit): seed=10904697845798941029 [6, 139, 242, 304, 610, 764, 974, 1091, 1347, 1385, 1387, 1440, 1509, 1546, 1694, 1702, 1810, 1979, 1996, 2061, 2143, 2168, 2403, 2540, 2570, 2679, 2930, 3185, 3397, 3579, 3654, 3675, 3678, 3821, 3981, 4006]
Iter#15261 New set #8 of size 36 (1907.6 its/hit = 0.625s/hit): seed=15303740678286859333 [132, 157, 465, 477, 540, 569, 609, 1124, 1144, 1147, 1391, 1485, 1635, 1871, 1874, 1890, 1997, 2075, 2168, 2196, 2286, 2557, 2736, 2812, 2918, 2967, 3235, 3322, 3620, 3773, 3822, 3852, 3894, 4016, 4043, 4087]
Iter#15278 New set #9 of size 36 (1697.6 its/hit = 0.556s/hit): seed=17285706945245986693 [8, 40, 113, 162, 177, 257, 321, 474, 483, 723, 864, 1329, 1437, 1509, 1743, 1805, 1852, 1948, 2032, 2267, 2407, 2417, 2614, 2618, 2729, 2858, 2871, 2985, 3103, 3191, 3240, 3384, 3621, 3718, 3790, 4031]
Iter#16620 New set #10 of size 36 (1662.0 its/hit = 0.500s/hit): seed=1930428310359079015 [13, 63, 114, 264, 355, 442, 672, 685, 784, 887, 950, 1192, 1255, 1271, 1496, 1527, 1665, 1703, 1761, 1853, 2030, 2095, 2513, 2612, 2751, 2798, 2998, 3035, 3085, 3094, 3668, 3821, 3833, 3868, 4007, 4029]
Iter#27665 New set #20 of size 36 (1383.2 its/hit = 0.450s/hit): seed=18194348107679736806 [186, 276, 283, 292, 764, 1102, 1319, 1693, 1741, 1748, 1763, 1765, 1785, 1890, 1898, 1919, 1985, 2112, 2454, 2458, 2605, 2652, 2691, 2838, 2867, 2868, 2873, 2874, 2908, 2994, 3295, 3361, 3420, 3428, 3446, 3838]
Iter#42072 New set #30 of size 36 (1402.4 its/hit = 0.467s/hit): seed=3248499433197553896 [24, 450, 461, 474, 517, 882, 887, 902, 929, 1160, 1317, 1353, 1438, 1462, 1604, 1614, 1642, 1659, 1738, 1767, 1873, 2039, 2216, 2341, 2375, 2627, 2770, 3237, 3581, 3715, 3723, 3877, 3945, 4004, 4013, 4063]
Iter#79889 New set #40 of size 36 (1997.2 its/hit = 0.675s/hit): seed=14782574049435638133 [2, 104, 168, 169, 479, 617, 649, 692, 751, 788, 828, 883, 934, 944, 1142, 1375, 1412, 1474, 1619, 1868, 1962, 2044, 2137, 2304, 2360, 2401, 2640, 2864, 2935, 2965, 3098, 3338, 3458, 3473, 3649, 3700]
Iter#98882 New set #50 of size 36 (1977.6 its/hit = 0.680s/hit): seed=2850355777053651028 [31, 165, 650, 729, 983, 987, 1115, 1157, 1187, 1352, 1373, 1435, 1512, 1593, 1618, 1910, 1965, 2109, 2472, 2567, 2634, 2671, 2786, 2875, 2915, 3024, 3043, 3318, 3342, 3345, 3489, 3565, 3670, 3684, 3826, 3858]
Iter#119296 New set #60 of size 36 (1988.3 its/hit = 0.683s/hit): seed=11839618904948139838 [222, 271, 359, 360, 496, 510, 757, 833, 926, 950, 1120, 1490, 1553, 1577, 1586, 1589, 1862, 1869, 2128, 2220, 2277, 2399, 2425, 2613, 2686, 3140, 3475, 3517, 3642, 3657, 3767, 3815, 3827, 3846, 3947, 4055]
Iter#148355 New set #70 of size 36 (2119.4 its/hit = 0.729s/hit): seed=6658309834534531489 [98, 195, 373, 555, 636, 786, 813, 1034, 1105, 1167, 1255, 1261, 1813, 2032, 2043, 2170, 2293, 2353, 2354, 2377, 2581, 2586, 2663, 2687, 2696, 2865, 2894, 2995, 3136, 3273, 3335, 3620, 3748, 3781, 3937, 4069]
Iter#159336 New set #80 of size 36 (1991.7 its/hit = 0.688s/hit): seed=5768041022106935664 [434, 882, 1150, 1207, 1277, 1397, 1481, 1529, 1600, 1643, 1650, 1681, 1765, 1845, 1978, 2144, 2218, 2420, 2495, 2524, 2560, 2682, 2817, 2930, 2968, 3023, 3054, 3072, 3234, 3323, 3331, 3372, 3766, 3861, 3923, 3973]
Iter#171425 New set #90 of size 36 (1904.7 its/hit = 0.656s/hit): seed=6330273573947187218 [23, 115, 468, 483, 512, 688, 714, 870, 1131, 1210, 1420, 1432, 1536, 1588, 1632, 1642, 1781, 1889, 1905, 2004, 2136, 2281, 2428, 2572, 2592, 2841, 2913, 2970, 3044, 3197, 3372, 3413, 3601, 3619, 3664, 3790]
Iter#189030 New set #100 of size 36 (1890.3 its/hit = 0.650s/hit): seed=16668280716937180086 [64, 169, 328, 387, 420, 467, 480, 700, 798, 803, 1045, 1133, 1204, 1241, 1353, 1428, 1515, 1644, 1891, 2219, 2238, 2475, 2550, 2598, 2768, 2810, 2837, 2954, 3054, 3220, 3329, 3507, 3635, 3697, 3750, 3762]
Iter#412528 New set #200 of size 36 (2062.6 its/hit = 0.715s/hit): seed=17323683555515041928 [9, 182, 373, 571, 579, 951, 1038, 1044, 1065, 1364, 1552, 1765, 1825, 1910, 1911, 1963, 1998, 2022, 2092, 2190, 2310, 2377, 2413, 2685, 2699, 2703, 2708, 2878, 3174, 3252, 3286, 3317, 3380, 3636, 3994, 4002]
Iter#600709 New set #300 of size 36 (2002.4 its/hit = 0.693s/hit): seed=14504918428994600967 [25, 87, 116, 190, 385, 489, 575, 583, 645, 814, 821, 855, 962, 1077, 1210, 1303, 1530, 1765, 1930, 2011, 2116, 2145, 2370, 2423, 2424, 2510, 2850, 2936, 3153, 3161, 3339, 3346, 3504, 3648, 3998, 4038]
Iter#825903 New set #400 of size 36 (2064.8 its/hit = 0.715s/hit): seed=6931258700411103948 [54, 139, 435, 567, 602, 712, 847, 1105, 1185, 1239, 1388, 1429, 1431, 1535, 1671, 1831, 2140, 2222, 2281, 2291, 2309, 2338, 2758, 2806, 2882, 2923, 2966, 3258, 3439, 3449, 3496, 3511, 3694, 3815, 3872, 3991]
Iter#1029746 New set #500 of size 36 (2059.5 its/hit = 0.712s/hit): seed=7843281567970623132 [58, 200, 259, 263, 369, 503, 650, 950, 957, 1125, 1191, 1256, 1300, 1481, 1626, 1639, 1732, 1818, 1951, 1965, 2136, 2208, 2343, 2467, 2522, 2628, 2707, 2717, 2747, 2982, 3293, 3615, 3624, 3654, 3864, 4082]
Iter#1247855 New set #600 of size 36 (2079.8 its/hit = 0.718s/hit): seed=15866705137416263571 [185, 310, 317, 343, 365, 669, 814, 990, 1044, 1069, 1118, 1226, 1317, 1356, 1400, 1655, 1698, 1798, 1820, 1961, 2025, 2271, 2338, 2372, 2390, 2754, 3011, 3043, 3070, 3342, 3404, 3458, 3558, 3630, 3870, 4058]
Iter#1411090 New set #700 of size 36 (2015.8 its/hit = 0.697s/hit): seed=2130389788478994779 [8, 92, 483, 653, 725, 861, 1011, 1112, 1116, 1145, 1151, 1196, 1204, 1334, 1469, 1662, 1845, 1998, 2192, 2242, 2342, 2480, 2495, 2524, 2665, 2744, 2756, 2906, 2915, 3010, 3102, 3273, 3323, 3383, 3845, 3994]
Iter#1649964 New set #800 of size 36 (2062.5 its/hit = 0.713s/hit): seed=890074844388630464 [76, 100, 119, 205, 209, 236, 253, 480, 493, 537, 641, 708, 882, 1081, 1190, 1525, 1728, 1785, 1788, 1867, 1958, 2138, 2175, 2259, 2314, 2654, 2805, 2857, 3124, 3233, 3234, 3255, 3406, 3584, 3853, 3997]
Iter#1852826 New set #900 of size 36 (2058.7 its/hit = 0.711s/hit): seed=2791079077091852743 [239, 378, 405, 644, 823, 899, 953, 1074, 1078, 1167, 1538, 1758, 1962, 2003, 2139, 2194, 2315, 2347, 2349, 2384, 2426, 2451, 2558, 2569, 2822, 2827, 3005, 3396, 3397, 3457, 3532, 3682, 3685, 3785, 3831, 4011]
Iter#2057176 New set #1000 of size 36 (2057.2 its/hit = 0.711s/hit): seed=903405903923800086 [136, 206, 283, 345, 347, 435, 445, 719, 731, 756, 779, 876, 915, 943, 1019, 1046, 1180, 1767, 1804, 1848, 1923, 2359, 2372, 2432, 2436, 2619, 2661, 2679, 2746, 2955, 3049, 3535, 3740, 3820, 3850, 3915]
Iter#4149962 New set #2000 of size 36 (2075.0 its/hit = 0.716s/hit): seed=13519241008613208847 [163, 171, 197, 349, 583, 588, 826, 858, 900, 997, 1115, 1214, 1265, 1323, 1489, 1494, 1503, 1595, 1793, 1977, 2136, 2175, 2273, 2291, 2610, 2611, 2648, 2688, 2799, 2822, 2847, 3582, 3677, 3762, 3875, 4035]
Iter#6182648 New set #3000 of size 36 (2060.9 its/hit = 0.712s/hit): seed=1587218529189508880 [111, 298, 550, 594, 641, 739, 942, 962, 1069, 1131, 1307, 1453, 1519, 1853, 1862, 1972, 2124, 2194, 2396, 2471, 2813, 2900, 3010, 3085, 3166, 3240, 3338, 3389, 3606, 3624, 3644, 3702, 3919, 4018, 4033, 4071]
Iter#8122150 New set #4000 of size 36 (2030.5 its/hit = 0.701s/hit): seed=645976247454533455 [179, 462, 627, 813, 920, 928, 1257, 1290, 1345, 1385, 1516, 1614, 1685, 1696, 1826, 1898, 2065, 2216, 2309, 2362, 2501, 2593, 2722, 2813, 2843, 3240, 3503, 3703, 3759, 3781, 3793, 3836, 3933, 4022, 4041, 4074]
Iter#9985028 New set #5000 of size 36 (1997.0 its/hit = 0.690s/hit): seed=847033396474184983 [198, 405, 501, 718, 803, 814, 1463, 1469, 1522, 1827, 2002, 2218, 2258, 2279, 2327, 2412, 2495, 2511, 2514, 2533, 2643, 2876, 2924, 3218, 3229, 3250, 3267, 3317, 3449, 3609, 3663, 3736, 3846, 3857, 3861, 3985]
Iter#12006626 New set #6000 of size 36 (2001.1 its/hit = 0.692s/hit): seed=5089366053915948865 [100, 238, 429, 571, 588, 766, 852, 936, 1017, 1026, 1093, 1097, 1129, 1360, 1563, 1638, 1651, 1745, 1773, 2207, 2257, 2402, 2426, 2552, 2570, 2810, 2866, 2932, 3061, 3219, 3369, 3506, 3520, 3700, 3701, 3995]
Iter#13924414 New set #7000 of size 36 (1989.2 its/hit = 0.688s/hit): seed=655075849934690462 [16, 82, 109, 348, 363, 440, 544, 573, 598, 625, 808, 810, 1584, 1603, 1740, 1881, 1937, 1992, 2101, 2228, 2554, 2660, 2740, 2785, 2846, 2875, 3154, 3170, 3174, 3185, 3471, 3476, 3552, 3729, 3821, 3901]
Iter#16039686 New set #8000 of size 36 (2005.0 its/hit = 0.693s/hit): seed=15614877502053135278 [233, 310, 405, 539, 618, 624, 956, 1102, 1415, 1509, 2010, 2092, 2271, 2322, 2332, 2415, 2457, 2482, 2537, 2603, 2639, 3075, 3082, 3086, 3150, 3282, 3298, 3299, 3316, 3409, 3733, 3899, 3937, 4010, 4061, 4090]
Iter#18046780 New set #9000 of size 36 (2005.2 its/hit = 0.693s/hit): seed=10410229821257836093 [50, 56, 254, 393, 394, 405, 614, 766, 890, 960, 1034, 1047, 1189, 1198, 1613, 1656, 1661, 1748, 1774, 1835, 2035, 2039, 2238, 2262, 2291, 2526, 2533, 2564, 2860, 2945, 3420, 3689, 3708, 3901, 3966, 4052]
Iter#20020742 New set #10000 of size 36 (2002.1 its/hit = 0.692s/hit): seed=10344466971420338623 [33, 49, 50, 427, 623, 689, 698, 722, 828, 1199, 1382, 1408, 1503, 1620, 2137, 2248, 2406, 2412, 2534, 2637, 2810, 2827, 2851, 3002, 3032, 3039, 3081, 3212, 3348, 3680, 3744, 3768, 3783, 3884, 3907, 4032]
Iter#39888192 New set #20000 of size 36 (1994.4 its/hit = 0.690s/hit): seed=10863766287772187608 [71, 72, 164, 203, 438, 558, 569, 599, 703, 792, 801, 993, 1595, 1884, 1928, 1996, 2063, 2085, 2103, 2127, 2390, 2441, 2468, 2891, 2973, 3068, 3213, 3365, 3523, 3604, 3624, 3745, 3782, 4017, 4065, 4070]
