[*] Computing DDT
[+] DDT Computed
DDT took 315.152751ms
Iter#1 New set #1 of size 34 (1.0 its/hit = 0.000s/hit): seed=734713444413843910 [0, 301, 339, 527, 800, 856, 926, 962, 1044, 1118, 1162, 1305, 1426, 1497, 1506, 1618, 1917, 2004, 2213, 2267, 2376, 2467, 2555, 2746, 2885, 2989, 3061, 3516, 3556, 3642, 3797, 4017, 4018, 4074]
Iter#2 New set #1 of size 35 (2.0 its/hit = 0.000s/hit): seed=6557031691766560868 [0, 309, 407, 422, 466, 540, 585, 670, 773, 974, 1046, 1074, 1176, 1245, 1450, 1556, 2021, 2334, 2430, 2587, 2654, 2746, 2764, 2887, 3021, 3323, 3380, 3386, 3447, 3472, 3604, 3860, 3921, 3929, 4082]
Iter#3 New set #1 of size 37 (3.0 its/hit = 0.000s/hit): seed=6603518732484136776 [0, 22, 29, 138, 154, 399, 429, 472, 483, 578, 784, 888, 1103, 1293, 1425, 1501, 1541, 1563, 1897, 2187, 2272, 2294, 2303, 2347, 2363, 2436, 2501, 2886, 2927, 2976, 3014, 3177, 3392, 3426, 3666, 3847, 3894]
Iter#9 New set #2 of size 37 (4.5 its/hit = 0.000s/hit): seed=17621277107665252403 [0, 80, 258, 320, 438, 468, 550, 585, 791, 1106, 1114, 1221, 1232, 1286, 1346, 1449, 1892, 2101, 2183, 2252, 2312, 2416, 2455, 2505, 2619, 2641, 2675, 2867, 3178, 3205, 3268, 3325, 3399, 3477, 3491, 3557, 3598]
Iter#25 New set #3 of size 37 (8.3 its/hit = 0.000s/hit): seed=3561033162931870330 [0, 107, 139, 186, 224, 249, 367, 623, 747, 752, 1007, 1037, 1410, 1665, 1842, 1897, 2271, 2285, 2412, 2657, 2720, 2759, 3003, 3120, 3161, 3237, 3329, 3376, 3382, 3488, 3514, 3544, 3607, 3901, 3934, 3966, 4002]
Iter#51 New set #4 of size 37 (12.8 its/hit = 0.000s/hit): seed=3053497016864767321 [0, 65, 177, 184, 452, 544, 618, 719, 761, 950, 954, 1177, 1761, 1799, 1807, 2128, 2190, 2217, 2220, 2237, 2363, 2524, 2594, 2603, 2630, 2775, 2836, 2978, 2986, 3232, 3315, 3396, 3427, 3552, 3887, 3899, 4080]
Iter#55 New set #5 of size 37 (11.0 its/hit = 0.000s/hit): seed=13557868694695767993 [0, 153, 240, 344, 393, 565, 581, 749, 1007, 1149, 1219, 1350, 1488, 1582, 1634, 1810, 1885, 1905, 1997, 2379, 2789, 2902, 2926, 3047, 3111, 3179, 3328, 3419, 3505, 3647, 3702, 3881, 3918, 3958, 3993, 4048, 4070]
Iter#102 New set #6 of size 37 (17.0 its/hit = 0.000s/hit): seed=4130100743027636538 [0, 55, 340, 351, 366, 376, 386, 615, 680, 711, 869, 1028, 1044, 1059, 1124, 1186, 1482, 1498, 1574, 1682, 1853, 2176, 2202, 2239, 2350, 2444, 2725, 3076, 3140, 3179, 3195, 3380, 3493, 3509, 3524, 3578, 3622]
Iter#103 New set #7 of size 37 (14.7 its/hit = 0.000s/hit): seed=18180586604878028618 [0, 25, 96, 107, 591, 749, 856, 903, 1010, 1030, 1096, 1152, 1307, 1327, 1571, 1616, 1631, 1659, 1780, 1803, 2027, 2225, 2242, 2409, 2507, 2751, 2772, 2908, 2935, 3068, 3098, 3196, 3400, 3479, 3795, 3867, 4024]
Iter#115 New set #1 of size 38 (115.0 its/hit = 0.000s/hit): seed=11376148983138000383 [0, 11, 55, 63, 164, 227, 326, 502, 700, 729, 810, 910, 992, 1031, 1032, 1534, 1938, 1998, 2080, 2090, 2245, 2630, 2644, 2721, 2779, 2832, 3009, 3206, 3218, 3226, 3340, 3389, 3520, 3752, 3767, 3838, 3857, 3928]
Iter#143 New set #1 of size 43 (143.0 its/hit = 0.000s/hit): seed=296814199762232549 [1, 85, 215, 349, 460, 511, 574, 648, 658, 762, 824, 1004, 1046, 1276, 1366, 1368, 1407, 1494, 1595, 1650, 1937, 1949, 2004, 2078, 2339, 2368, 2401, 2564, 2614, 2687, 2700, 2830, 2941, 2960, 3033, 3099, 3254, 3554, 3571, 3767, 3931, 3960, 4047]
Iter#394 New set #2 of size 43 (197.0 its/hit = 0.000s/hit): seed=13780685824370260170 [0, 118, 129, 310, 440, 598, 628, 802, 961, 984, 1221, 1459, 1481, 1515, 1528, 1643, 1708, 1724, 1753, 1902, 2195, 2310, 2332, 2340, 2672, 2812, 2909, 2961, 2985, 3161, 3223, 3242, 3332, 3388, 3616, 3737, 3771, 3787, 3919, 3964, 3977, 4017, 4094]
Iter#474 New set #3 of size 43 (158.0 its/hit = 0.000s/hit): seed=16666121726017674209 [0, 55, 60, 141, 241, 251, 252, 285, 674, 734, 863, 972, 1081, 1193, 1375, 1442, 1586, 1606, 1683, 1828, 1849, 1882, 1952, 2031, 2085, 2431, 2588, 2593, 2665, 2722, 3015, 3049, 3185, 3228, 3334, 3450, 3505, 3609, 3766, 3818, 3881, 3925, 4065]
Iter#904 New set #4 of size 43 (226.0 its/hit = 0.000s/hit): seed=12209815104891122984 [0, 25, 62, 145, 399, 430, 536, 547, 555, 571, 656, 708, 716, 831, 1005, 1018, 1360, 1527, 1542, 1955, 2000, 2002, 2016, 2028, 2179, 2273, 2396, 2402, 2641, 2739, 2775, 2917, 3079, 3134, 3215, 3290, 3590, 3681, 3689, 3718, 3726, 3760, 3928]
Iter#1046 New set #5 of size 43 (209.2 its/hit = 0.000s/hit): seed=4786302469489982794 [0, 14, 83, 341, 381, 536, 672, 835, 885, 994, 1121, 1123, 1149, 1257, 1336, 1364, 1377, 1574, 1653, 1838, 1847, 1856, 2045, 2055, 2122, 2143, 2177, 2258, 2373, 2407, 2431, 2519, 2654, 2755, 2891, 2923, 2927, 3175, 3282, 3472, 3695, 3751, 3828]
Iter#1351 New set #6 of size 43 (225.2 its/hit = 0.000s/hit): seed=6336085095080865278 [0, 240, 250, 267, 425, 630, 782, 788, 864, 962, 963, 1022, 1096, 1235, 1322, 2026, 2068, 2087, 2104, 2118, 2143, 2179, 2276, 2308, 2438, 2503, 2605, 2609, 2646, 2698, 2703, 2797, 2842, 3037, 3050, 3277, 3643, 3802, 3832, 3864, 4024, 4059, 4084]
Iter#1509 New set #7 of size 43 (215.6 its/hit = 0.000s/hit): seed=4885518727806371535 [0, 102, 285, 428, 587, 1005, 1041, 1053, 1246, 1466, 1500, 1522, 1628, 1700, 1919, 1968, 2158, 2209, 2227, 2247, 2554, 2743, 2784, 2816, 2987, 3001, 3023, 3052, 3063, 3150, 3276, 3344, 3355, 3436, 3453, 3454, 3479, 3686, 3700, 3802, 3864, 3921, 3969]
Iter#1692 New set #8 of size 43 (211.5 its/hit = 0.000s/hit): seed=5502745702302293991 [0, 80, 471, 511, 602, 612, 653, 764, 787, 811, 1105, 1416, 1462, 1487, 1678, 1825, 2093, 2137, 2476, 2554, 2664, 2712, 2713, 2729, 2769, 2803, 2822, 2872, 3063, 3140, 3191, 3279, 3284, 3306, 3386, 3544, 3546, 3621, 3685, 3796, 3915, 3984, 4026]
Iter#1762 New set #9 of size 43 (195.8 its/hit = 0.000s/hit): seed=15612259471594044992 [0, 77, 211, 249, 328, 473, 525, 526, 532, 678, 699, 763, 782, 800, 854, 934, 1074, 1237, 1263, 1455, 1584, 1659, 1676, 1977, 2244, 2252, 2471, 2492, 2675, 2717, 2766, 2794, 3079, 3164, 3181, 3411, 3537, 3574, 3589, 3757, 3845, 3998, 4013]
Iter#1840 New set #10 of size 43 (184.0 its/hit = 0.000s/hit): seed=15851710780587654722 [0, 96, 147, 204, 245, 346, 402, 457, 741, 867, 913, 972, 1081, 1139, 1174, 1288, 1389, 1473, 1663, 1815, 2073, 2084, 2161, 2209, 2222, 2230, 2638, 2786, 2962, 3013, 3015, 3033, 3111, 3124, 3232, 3317, 3609, 3722, 3862, 3907, 4048, 4076, 4079]
Iter#3988 New set #20 of size 43 (199.4 its/hit = 0.050s/hit): seed=10662815575225176528 [0, 15, 43, 79, 265, 363, 532, 636, 770, 788, 1315, 1495, 1563, 1577, 1599, 1623, 1739, 1876, 1913, 2062, 2298, 2594, 2634, 2684, 2745, 2834, 2839, 2965, 2993, 3042, 3046, 3060, 3071, 3139, 3273, 3368, 3457, 3471, 3493, 3593, 3681, 3785, 3807]
Iter#6317 New set #30 of size 43 (210.6 its/hit = 0.067s/hit): seed=2682655699966998460 [0, 16, 17, 157, 273, 284, 564, 681, 812, 1018, 1128, 1176, 1348, 1413, 1565, 1710, 1808, 1894, 1942, 1976, 2123, 2179, 2347, 2364, 2446, 2494, 2774, 2785, 2836, 2838, 3176, 3196, 3212, 3293, 3368, 3371, 3510, 3519, 3703, 3727, 3871, 3954, 3970]
Iter#9290 New set #40 of size 43 (232.2 its/hit = 0.075s/hit): seed=447603244753249201 [0, 168, 204, 272, 277, 416, 563, 669, 821, 979, 1116, 1170, 1183, 1494, 1582, 1695, 1804, 1807, 1867, 2039, 2096, 2174, 2397, 2421, 2457, 2537, 2582, 2601, 2633, 2678, 2792, 2820, 2974, 3053, 3089, 3151, 3393, 3407, 3725, 3762, 3794, 3821, 3851]
Iter#11175 New set #50 of size 43 (223.5 its/hit = 0.060s/hit): seed=10716889655981793511 [0, 383, 537, 727, 760, 879, 929, 987, 1006, 1245, 1393, 1546, 1547, 1565, 1597, 1733, 1753, 1828, 1841, 1917, 1971, 2013, 2034, 2064, 2178, 2332, 2517, 2720, 2818, 2822, 2857, 2858, 2969, 3212, 3322, 3336, 3574, 3596, 3619, 3690, 3876, 3923, 4063]
Iter#13071 New set #60 of size 43 (217.9 its/hit = 0.067s/hit): seed=7945842515804379839 [0, 170, 210, 366, 517, 618, 722, 822, 858, 1020, 1039, 1057, 1257, 1269, 1470, 1520, 1597, 1657, 1752, 1764, 1765, 1785, 1928, 1963, 2075, 2148, 2176, 2197, 2311, 2445, 2765, 2808, 2878, 3024, 3148, 3526, 3546, 3712, 3853, 3970, 4002, 4042, 4054]
Iter#14935 New set #70 of size 43 (213.4 its/hit = 0.071s/hit): seed=4496599554445516762 [0, 26, 123, 173, 201, 315, 368, 388, 498, 553, 726, 736, 786, 987, 1003, 1075, 1282, 1507, 1638, 1662, 1817, 1992, 2046, 2211, 2403, 2416, 2463, 2472, 2473, 2512, 2616, 2740, 2862, 2867, 2954, 3201, 3209, 3255, 3414, 3581, 3634, 3699, 4016]
Iter#17173 New set #80 of size 43 (214.7 its/hit = 0.062s/hit): seed=12483111507080334637 [0, 147, 232, 289, 442, 480, 568, 579, 603, 830, 1218, 1312, 1507, 1516, 1549, 2046, 2150, 2200, 2483, 2489, 2498, 2648, 2672, 2682, 2685, 2834, 2919, 2921, 2978, 3073, 3162, 3415, 3421, 3449, 3451, 3550, 3567, 3598, 3610, 3732, 3742, 4007, 4037]
Iter#18663 New set #90 of size 43 (207.4 its/hit = 0.067s/hit): seed=12573072090371243118 [0, 258, 271, 668, 681, 919, 921, 922, 953, 970, 1056, 1075, 1086, 1164, 1357, 1369, 1377, 1702, 1707, 1898, 1966, 1979, 2002, 2141, 2258, 2394, 2460, 2519, 2682, 2686, 2704, 2926, 3003, 3131, 3133, 3301, 3396, 3552, 3708, 3766, 3948, 4047, 4081]
Iter#19912 New set #100 of size 43 (199.1 its/hit = 0.060s/hit): seed=13449762876723075850 [0, 58, 104, 132, 199, 430, 864, 931, 1145, 1370, 1551, 1612, 1676, 1718, 1879, 1905, 2164, 2192, 2440, 2507, 2545, 2694, 2707, 2755, 2860, 3014, 3037, 3116, 3325, 3391, 3475, 3494, 3546, 3787, 3794, 3819, 3843, 3890, 3904, 3911, 3956, 3965, 4016]
Iter#49673 New set #200 of size 43 (248.4 its/hit = 0.085s/hit): seed=2632808641496821923 [0, 113, 142, 175, 373, 621, 737, 900, 914, 992, 1156, 1414, 1461, 1527, 1678, 1720, 1740, 1798, 1812, 2278, 2283, 2473, 2583, 2712, 2765, 2793, 2890, 2980, 3006, 3172, 3240, 3280, 3457, 3507, 3523, 3547, 3635, 3733, 3770, 3832, 3836, 3870, 3951]
Iter#74415 New set #300 of size 43 (248.1 its/hit = 0.083s/hit): seed=7698482466749517880 [0, 35, 360, 604, 616, 651, 760, 935, 1173, 1233, 1341, 1347, 1389, 1411, 1508, 1533, 1866, 1875, 1922, 2120, 2137, 2336, 2397, 2421, 2627, 2771, 2850, 3083, 3086, 3095, 3189, 3203, 3253, 3275, 3293, 3398, 3509, 3542, 3587, 3744, 3769, 3836, 3887]
Iter#101475 New set #400 of size 43 (253.7 its/hit = 0.085s/hit): seed=4941623991790972537 [0, 10, 59, 81, 90, 105, 141, 372, 441, 522, 537, 655, 824, 928, 1057, 1066, 1094, 1121, 1210, 1604, 1684, 1783, 1890, 1988, 2211, 2232, 2330, 2489, 2500, 2737, 2746, 2777, 2819, 3082, 3108, 3143, 3187, 3555, 3697, 3777, 3786, 3808, 3956]
Iter#130277 New set #500 of size 43 (260.6 its/hit = 0.088s/hit): seed=10913440948401443341 [0, 57, 128, 408, 465, 499, 539, 673, 707, 722, 1192, 1419, 1457, 1517, 1585, 1616, 1672, 1915, 1997, 2131, 2197, 2354, 2406, 2438, 2443, 2682, 2722, 2751, 2896, 3081, 3244, 3503, 3561, 3613, 3633, 3724, 3734, 3817, 3850, 3898, 3971, 4041, 4078]
Iter#154704 New set #600 of size 43 (257.8 its/hit = 0.088s/hit): seed=10439249011958231048 [0, 12, 47, 221, 299, 316, 389, 430, 662, 685, 913, 920, 1045, 1189, 1274, 1285, 1313, 1321, 1691, 1720, 1891, 1924, 1995, 2110, 2263, 2289, 2434, 2595, 2899, 2922, 2928, 3237, 3321, 3358, 3454, 3524, 3559, 3732, 3815, 3843, 3900, 3908, 4071]
Iter#180922 New set #700 of size 43 (258.5 its/hit = 0.089s/hit): seed=15903625837751165897 [0, 40, 284, 409, 473, 851, 890, 891, 908, 920, 1128, 1231, 1248, 1539, 1577, 1631, 2052, 2151, 2238, 2260, 2399, 2578, 2653, 2709, 2807, 2889, 3107, 3167, 3177, 3191, 3295, 3378, 3423, 3429, 3491, 3508, 3527, 3672, 3711, 3748, 3852, 3876, 4056]
Iter#216147 New set #800 of size 43 (270.2 its/hit = 0.092s/hit): seed=10839261106874178306 [0, 14, 121, 208, 262, 264, 351, 499, 612, 764, 770, 805, 1054, 1085, 1369, 1393, 1458, 1479, 1860, 1920, 2063, 2144, 2362, 2432, 2457, 2498, 2560, 2562, 2705, 2721, 3033, 3039, 3137, 3298, 3308, 3387, 3437, 3556, 3562, 3603, 3839, 3961, 4058]
Iter#242619 New set #900 of size 43 (269.6 its/hit = 0.092s/hit): seed=7537609638376602656 [0, 168, 256, 362, 386, 424, 703, 734, 740, 841, 1035, 1088, 1106, 1128, 1719, 1833, 1857, 1890, 1912, 1936, 2141, 2279, 2468, 2475, 2755, 2837, 2863, 2905, 2944, 2993, 3083, 3157, 3235, 3296, 3339, 3403, 3481, 3491, 3560, 3713, 3780, 3786, 3975]
Iter#271379 New set #1000 of size 43 (271.4 its/hit = 0.092s/hit): seed=16979052342932839851 [1, 58, 287, 463, 548, 613, 640, 642, 699, 815, 862, 911, 1152, 1191, 1317, 1394, 1404, 1482, 1720, 1765, 1786, 1854, 1873, 2019, 2086, 2117, 2242, 2445, 2589, 2772, 2903, 2911, 3267, 3320, 3363, 3411, 3506, 3650, 3689, 3705, 3770, 3937, 3941]
Iter#546291 New set #2000 of size 43 (273.1 its/hit = 0.093s/hit): seed=16796682439274107450 [0, 134, 225, 255, 375, 386, 460, 511, 527, 944, 1037, 1039, 1447, 1532, 1557, 1584, 1656, 1752, 1768, 2014, 2037, 2042, 2043, 2047, 2067, 2201, 2235, 2408, 2585, 2807, 2971, 3034, 3043, 3060, 3085, 3090, 3112, 3169, 3278, 3526, 3555, 3603, 3756]
Iter#814962 New set #3000 of size 43 (271.7 its/hit = 0.093s/hit): seed=15315759228479460875 [0, 42, 45, 196, 265, 292, 329, 423, 442, 881, 954, 978, 1054, 1072, 1279, 1370, 1388, 1564, 1688, 1717, 1763, 1778, 1886, 1919, 1937, 1980, 2041, 2062, 2127, 2176, 2228, 2428, 2687, 2803, 2849, 2945, 2956, 3044, 3054, 3156, 3743, 4007, 4047]
Iter#1095447 New set #4000 of size 43 (273.9 its/hit = 0.094s/hit): seed=17633027860982032967 [0, 11, 32, 44, 52, 216, 237, 289, 533, 768, 828, 863, 1150, 1158, 1300, 1413, 1540, 1745, 1839, 1986, 2113, 2193, 2220, 2235, 2257, 2299, 2393, 2475, 2573, 2747, 2853, 3037, 3219, 3255, 3287, 3490, 3734, 3950, 3963, 3971, 4009, 4035, 4073]
Iter#1374067 New set #5000 of size 43 (274.8 its/hit = 0.094s/hit): seed=4206404940717574129 [0, 41, 55, 137, 226, 338, 347, 405, 435, 535, 554, 760, 849, 943, 1184, 1249, 1337, 1499, 1625, 1699, 1812, 1839, 2008, 2107, 2126, 2268, 2612, 2746, 2804, 2828, 2830, 2910, 3054, 3218, 3278, 3543, 3637, 3642, 3676, 3799, 3856, 3864, 3942]
Iter#1655159 New set #6000 of size 43 (275.9 its/hit = 0.094s/hit): seed=12708011383248793844 [0, 71, 240, 536, 586, 609, 833, 959, 1007, 1012, 1038, 1125, 1427, 1444, 1448, 1464, 1513, 1542, 1602, 1674, 1767, 1800, 1894, 1923, 2207, 2228, 2392, 2421, 2707, 2898, 2907, 2994, 3067, 3110, 3325, 3421, 3530, 3564, 3747, 3762, 3910, 3949, 4091]
Iter#1931035 New set #7000 of size 43 (275.9 its/hit = 0.094s/hit): seed=11544897054893082291 [0, 20, 118, 129, 264, 293, 338, 574, 585, 614, 762, 772, 775, 791, 1028, 1102, 1112, 1157, 1163, 1338, 1525, 1667, 1869, 1918, 2155, 2280, 2292, 2327, 2454, 2529, 2701, 2709, 2810, 3090, 3093, 3347, 3435, 3474, 3532, 3567, 3786, 3791, 4008]
Iter#2200020 New set #8000 of size 43 (275.0 its/hit = 0.094s/hit): seed=15837516768873419213 [0, 34, 346, 382, 495, 726, 838, 842, 1038, 1043, 1065, 1152, 1384, 1469, 1528, 1590, 1631, 1674, 1676, 1733, 2157, 2268, 2318, 2468, 2488, 2747, 2845, 2870, 3084, 3198, 3243, 3334, 3351, 3429, 3632, 3650, 3654, 3752, 3803, 3883, 3913, 3929, 3996]
Iter#2473641 New set #9000 of size 43 (274.8 its/hit = 0.094s/hit): seed=5664847197479525801 [0, 86, 155, 302, 313, 437, 519, 570, 603, 607, 704, 765, 885, 886, 1006, 1094, 1135, 1573, 1698, 1722, 1785, 1812, 1983, 2393, 2438, 2702, 2720, 2832, 2872, 2935, 3048, 3110, 3331, 3390, 3519, 3524, 3577, 3820, 3853, 3881, 3930, 3986, 4063]
Iter#2760107 New set #10000 of size 43 (276.0 its/hit = 0.094s/hit): seed=2522159608331333665 [0, 49, 154, 465, 534, 543, 610, 944, 1032, 1106, 1114, 1437, 1452, 1487, 1504, 1608, 1711, 1789, 1809, 1850, 1896, 1927, 2044, 2071, 2086, 2122, 2356, 2429, 2437, 2569, 2640, 2676, 2901, 2975, 3057, 3194, 3448, 3466, 3467, 3515, 3574, 3830, 3865]
Iter#5579810 New set #20000 of size 43 (279.0 its/hit = 0.095s/hit): seed=1199807834416118654 [0, 29, 133, 198, 405, 483, 508, 641, 723, 740, 777, 815, 829, 1010, 1030, 1055, 1503, 1661, 1880, 1896, 2489, 2584, 2749, 2766, 2968, 3009, 3078, 3128, 3146, 3243, 3295, 3322, 3363, 3409, 3588, 3596, 3639, 3668, 3702, 3871, 3949, 4031, 4080]
Iter#8430199 New set #30000 of size 43 (281.0 its/hit = 0.096s/hit): seed=12578576812233911985 [0, 52, 162, 250, 274, 394, 438, 525, 548, 805, 988, 993, 1052, 1110, 1185, 1439, 1474, 1562, 1612, 1780, 1828, 1850, 1975, 1998, 2051, 2181, 2227, 2605, 2965, 2991, 2995, 3042, 3157, 3435, 3453, 3543, 3822, 3834, 3939, 3955, 4020, 4048, 4050]
Iter#11188440 New set #40000 of size 43 (279.7 its/hit = 0.096s/hit): seed=13583751436829295296 [0, 172, 245, 251, 533, 643, 772, 799, 979, 982, 1122, 1293, 1398, 1415, 1441, 1611, 1865, 1903, 2009, 2256, 2257, 2274, 2294, 2337, 2521, 2590, 2606, 2611, 2616, 2690, 2729, 2902, 2945, 3213, 3364, 3467, 3571, 3733, 3875, 3926, 3943, 3983, 4083]
Iter#13970556 New set #50000 of size 43 (279.4 its/hit = 0.097s/hit): seed=14810445277638523532 [0, 35, 87, 102, 138, 197, 384, 679, 810, 862, 1021, 1276, 1305, 1309, 1344, 1470, 1557, 1573, 1607, 1670, 1832, 1950, 2028, 2213, 2292, 2521, 2670, 2823, 2848, 2967, 3067, 3202, 3353, 3387, 3407, 3516, 3634, 3654, 3804, 3810, 3877, 3926, 4039]
Iter#16793930 New set #60000 of size 43 (279.9 its/hit = 0.100s/hit): seed=5171815536215514571 [0, 371, 383, 466, 575, 581, 626, 661, 765, 828, 1029, 1062, 1312, 1367, 1369, 1428, 1595, 1612, 1617, 1638, 1726, 1750, 2011, 2024, 2080, 2226, 2671, 2716, 2723, 2731, 2734, 2763, 2911, 3025, 3271, 3429, 3475, 3556, 3720, 3775, 3808, 3839, 4087]
Iter#19573668 New set #70000 of size 43 (279.6 its/hit = 0.101s/hit): seed=11648587907717715037 [0, 185, 239, 240, 248, 323, 325, 345, 473, 732, 758, 769, 774, 793, 925, 981, 1089, 1118, 1190, 1218, 1553, 1562, 1670, 1746, 1960, 1975, 1985, 2238, 2432, 2538, 2591, 2610, 2821, 2981, 3069, 3229, 3341, 3513, 3842, 3893, 3906, 3931, 4003]
Iter#22371649 New set #80000 of size 43 (279.6 its/hit = 0.103s/hit): seed=13241404385927741742 [0, 65, 98, 160, 181, 225, 432, 720, 816, 861, 937, 1087, 1226, 1276, 1339, 1645, 1750, 1781, 1870, 2142, 2264, 2479, 2507, 2846, 2877, 2906, 2985, 3238, 3285, 3341, 3364, 3404, 3436, 3446, 3465, 3480, 3498, 3501, 3564, 3696, 3716, 4055, 4071]
Iter#25166145 New set #90000 of size 43 (279.6 its/hit = 0.104s/hit): seed=3398903597457890620 [0, 56, 191, 209, 210, 217, 313, 372, 416, 653, 693, 862, 964, 1048, 1056, 1121, 1166, 1224, 1407, 1535, 1549, 1685, 1709, 1726, 1730, 1770, 1947, 2205, 2257, 2367, 2422, 2485, 2779, 2810, 2814, 2833, 3033, 3238, 3341, 3380, 3756, 3829, 3937]
Iter#27881250 New set #100000 of size 43 (278.8 its/hit = 0.104s/hit): seed=12705287165692278559 [0, 340, 364, 465, 554, 705, 730, 979, 1179, 1183, 1184, 1233, 1562, 1569, 1605, 1636, 1688, 1761, 1889, 1916, 2105, 2137, 2146, 2382, 2613, 2662, 2776, 2787, 2842, 2851, 3061, 3238, 3315, 3414, 3539, 3665, 3680, 3708, 3766, 3934, 3958, 4000, 4008]
