[*] Computing DDT
[+] DDT Computed
DDT took 328.187022ms
Iter#1 New set #1 of size 26 (1.0 its/hit = 0.000s/hit): seed=15151602777102998741 [379, 559, 600, 635, 645, 923, 1165, 1210, 1233, 1460, 1773, 1944, 2049, 2076, 2079, 2948, 3104, 3274, 3291, 3322, 3568, 3802, 3828, 3874, 3883, 3993]
Iter#3 New set #2 of size 26 (1.5 its/hit = 0.000s/hit): seed=2837447161754941803 [345, 588, 642, 656, 805, 907, 1023, 1044, 1249, 1455, 1477, 1574, 1582, 1905, 2125, 2158, 2257, 2482, 2504, 3319, 3755, 3763, 3802, 3824, 3847, 3891]
Iter#4 New set #1 of size 28 (4.0 its/hit = 0.000s/hit): seed=986126293358803676 [0, 10, 107, 120, 233, 286, 453, 463, 525, 731, 740, 768, 965, 1193, 1393, 1640, 2162, 2262, 2364, 2372, 2623, 3159, 3264, 3291, 3495, 3665, 3756, 3790]
Iter#11 New set #2 of size 28 (5.5 its/hit = 0.000s/hit): seed=3093550095047683657 [47, 332, 379, 412, 642, 735, 994, 1130, 1148, 1149, 1512, 1581, 1649, 1685, 1753, 1847, 1902, 2524, 2556, 2932, 3168, 3335, 3451, 3457, 3492, 3866, 3973, 3978]
Iter#25 New set #3 of size 28 (8.3 its/hit = 0.000s/hit): seed=7895971340984660739 [148, 205, 577, 593, 675, 739, 911, 998, 1204, 1488, 1547, 1799, 1901, 2188, 2209, 2399, 2622, 2652, 2679, 2873, 2968, 3118, 3166, 3271, 3861, 3918, 3953, 4040]
Iter#54 New set #1 of size 30 (54.0 its/hit = 0.000s/hit): seed=8130235103833308591 [77, 88, 185, 206, 243, 449, 510, 891, 895, 1068, 1077, 1122, 1567, 1690, 1903, 1966, 2082, 2100, 2151, 2960, 3024, 3125, 3146, 3171, 3299, 3357, 3375, 3477, 3625, 3923]
Iter#302 New set #2 of size 30 (151.0 its/hit = 0.000s/hit): seed=7746378011956187896 [255, 401, 500, 526, 677, 768, 929, 952, 1336, 1464, 1519, 1556, 1567, 1872, 2133, 2179, 2232, 2484, 2562, 2573, 2657, 2751, 2755, 2757, 2871, 3172, 3331, 3851, 3956, 3984]
Iter#340 New set #3 of size 30 (113.3 its/hit = 0.000s/hit): seed=9884427218829338808 [9, 84, 144, 154, 252, 448, 541, 815, 888, 1366, 1595, 1679, 1717, 1908, 2018, 2075, 2088, 2115, 2363, 2484, 2567, 2616, 2648, 2676, 3196, 3310, 3348, 3511, 3753, 3874]
Iter#553 New set #1 of size 31 (553.0 its/hit = 0.000s/hit): seed=909428305711576785 [0, 23, 24, 127, 161, 181, 312, 409, 531, 570, 678, 766, 875, 1022, 1031, 1040, 1149, 1527, 1544, 1801, 1923, 2142, 2192, 2427, 2576, 2730, 2820, 2939, 3405, 3413, 3670]
Iter#583 New set #2 of size 31 (291.5 its/hit = 0.000s/hit): seed=10046434049679107730 [0, 215, 219, 249, 305, 368, 448, 472, 522, 684, 721, 988, 1037, 1058, 1243, 1272, 1374, 1493, 1769, 1948, 2008, 2200, 2212, 2392, 2831, 2857, 3074, 3219, 3285, 3578, 4049]
Iter#600 New set #3 of size 31 (200.0 its/hit = 0.000s/hit): seed=10572420067244176237 [0, 55, 236, 327, 401, 488, 496, 577, 745, 793, 869, 1020, 1120, 1377, 1569, 2126, 2169, 2642, 2675, 2719, 2786, 2952, 2981, 3011, 3333, 3374, 3660, 3680, 3794, 3817, 4004]
Iter#918 New set #4 of size 31 (229.5 its/hit = 0.000s/hit): seed=13212601645653025209 [0, 45, 147, 375, 484, 506, 708, 710, 732, 806, 918, 984, 1055, 1147, 1217, 1226, 1244, 1562, 1817, 2201, 2280, 2373, 2942, 3061, 3255, 3298, 3418, 3699, 3903, 3971, 4014]
Iter#1097 New set #5 of size 31 (219.4 its/hit = 0.000s/hit): seed=2781471855235922768 [0, 422, 518, 555, 909, 935, 979, 1016, 1132, 1285, 1725, 1814, 1942, 2093, 2207, 2290, 2608, 2693, 2752, 2808, 2919, 3070, 3086, 3101, 3141, 3230, 3414, 3475, 3592, 3893, 4026]
Iter#1545 New set #6 of size 31 (257.5 its/hit = 0.000s/hit): seed=4986768009533793143 [0, 13, 225, 305, 334, 828, 944, 1008, 1021, 1298, 1340, 1536, 1685, 1769, 1866, 2008, 2018, 2074, 2415, 2446, 2606, 2741, 2866, 2897, 2986, 3235, 3415, 3428, 3524, 3565, 3616]
Iter#1909 New set #7 of size 31 (272.7 its/hit = 0.000s/hit): seed=8125904539710479384 [0, 45, 189, 307, 372, 415, 953, 1056, 1210, 1459, 1641, 1821, 1984, 2425, 2500, 2515, 2646, 2731, 2980, 3142, 3172, 3433, 3445, 3563, 3618, 3666, 3702, 3864, 3971, 4014, 4029]
Iter#2037 New set #8 of size 31 (254.6 its/hit = 0.000s/hit): seed=405575561766009326 [0, 29, 157, 236, 315, 349, 392, 432, 1287, 1434, 1474, 1488, 1503, 1506, 1559, 1816, 1836, 2383, 2465, 2531, 2597, 2675, 2719, 2750, 2830, 2989, 3139, 3167, 3231, 3330, 3835]
Iter#2624 New set #9 of size 31 (291.6 its/hit = 0.000s/hit): seed=11658695598832040517 [0, 386, 407, 723, 779, 856, 882, 1154, 1156, 1247, 1352, 1429, 1809, 1814, 2012, 2215, 2234, 2240, 2325, 2511, 2658, 2663, 2676, 2693, 3040, 3138, 3162, 3442, 3475, 3705, 4011]
Iter#2762 New set #10 of size 31 (276.2 its/hit = 0.000s/hit): seed=10367443223358319926 [0, 19, 22, 336, 417, 434, 468, 928, 974, 1012, 1063, 1326, 1464, 1612, 1803, 2129, 2158, 2341, 2355, 2690, 2770, 2822, 3145, 3461, 3570, 3621, 3644, 3826, 3930, 4002, 4012]
Iter#5413 New set #20 of size 31 (270.6 its/hit = 0.050s/hit): seed=1566404337791416091 [0, 9, 244, 786, 1101, 1142, 1275, 1301, 1347, 1601, 1608, 1653, 1820, 1830, 2002, 2104, 2140, 2314, 2440, 2447, 2890, 2916, 3103, 3158, 3239, 3356, 3451, 3522, 3598, 3858, 4093]
Iter#5666 New set #1 of size 32 (5666.0 its/hit = 1.000s/hit): seed=11537315999494325019 [65, 123, 242, 379, 507, 519, 549, 579, 605, 694, 870, 997, 1555, 1613, 1888, 1922, 1945, 2138, 2200, 2383, 2494, 2610, 2637, 2792, 2918, 3018, 3269, 3305, 3335, 3792, 4010, 4079]
Iter#7019 New set #1 of size 34 (7019.0 its/hit = 2.000s/hit): seed=442813739316003043 [0, 64, 91, 219, 260, 359, 522, 660, 719, 721, 753, 794, 983, 1087, 1297, 1339, 1380, 1465, 1662, 1724, 1847, 2011, 2071, 2135, 2478, 2926, 3064, 3237, 3263, 3279, 3484, 3659, 3668, 3799]
Iter#7727 New set #2 of size 34 (3863.5 its/hit = 1.000s/hit): seed=5765130481404253339 [0, 60, 314, 402, 657, 743, 1182, 1186, 1341, 1408, 1522, 1653, 1731, 1814, 1895, 2014, 2252, 2440, 2549, 2574, 2653, 2659, 2668, 2693, 2851, 2868, 3149, 3232, 3475, 3551, 3614, 3627, 3998, 4093]
Iter#9744 New set #3 of size 34 (3248.0 its/hit = 1.000s/hit): seed=11057791946366404233 [0, 100, 160, 164, 440, 476, 510, 700, 744, 900, 943, 1130, 1240, 1523, 1567, 1687, 1837, 1871, 1897, 1911, 2010, 2030, 2318, 2474, 2641, 2869, 2974, 3096, 3099, 3140, 3150, 3259, 3282, 3642]
Iter#10457 New set #4 of size 34 (2614.2 its/hit = 0.750s/hit): seed=17305944030109536396 [0, 298, 456, 534, 543, 562, 743, 820, 1018, 1023, 1408, 1575, 1591, 1679, 1810, 1895, 2086, 2087, 2399, 2596, 2609, 2720, 2930, 2938, 3121, 3193, 3243, 3355, 3397, 3421, 3434, 3678, 3686, 3892]
Iter#10827 New set #5 of size 34 (2165.4 its/hit = 0.600s/hit): seed=14698252596402363260 [0, 45, 246, 252, 386, 514, 554, 588, 900, 1013, 1130, 1213, 1500, 1885, 1936, 2030, 2202, 2403, 2491, 2658, 2927, 3001, 3040, 3052, 3148, 3205, 3248, 3455, 3465, 3646, 3759, 3921, 3971, 4014]
Iter#11025 New set #6 of size 34 (1837.5 its/hit = 0.500s/hit): seed=11942639681516079619 [0, 32, 101, 288, 436, 464, 736, 936, 957, 1088, 1359, 1368, 1551, 1557, 1767, 1976, 2138, 2657, 2687, 2964, 3047, 3166, 3182, 3198, 3227, 3284, 3326, 3457, 3572, 3647, 3767, 3771, 3855, 3943]
Iter#14816 New set #7 of size 34 (2116.6 its/hit = 0.714s/hit): seed=16481812933509797792 [0, 20, 51, 144, 344, 391, 752, 755, 774, 887, 906, 926, 970, 1101, 1224, 1273, 1424, 1546, 1642, 1681, 1786, 1828, 2115, 2165, 2447, 2649, 2953, 3453, 3460, 3522, 3532, 3583, 3714, 3812]
Iter#16756 New set #8 of size 34 (2094.5 its/hit = 0.625s/hit): seed=7882185785548907916 [0, 250, 426, 648, 803, 805, 854, 855, 940, 1066, 1107, 1214, 1325, 1362, 1655, 1672, 2075, 2081, 2235, 2268, 2413, 2611, 2638, 2963, 3038, 3170, 3316, 3340, 3422, 3545, 3726, 3731, 3981, 4025]
Iter#18455 New set #9 of size 34 (2050.6 its/hit = 0.667s/hit): seed=1140612502857256927 [0, 177, 223, 363, 725, 827, 1032, 1080, 1390, 1532, 1795, 1815, 1886, 1888, 1890, 1958, 1979, 1983, 2000, 2007, 2147, 2159, 2308, 2378, 2480, 2651, 2672, 3054, 3346, 3394, 3467, 3602, 3822, 4020]
Iter#21725 New set #10 of size 34 (2172.5 its/hit = 0.700s/hit): seed=5411488067727884810 [0, 408, 428, 577, 578, 614, 674, 695, 1006, 1009, 1120, 1280, 1432, 1569, 1921, 1954, 1984, 2040, 2151, 2335, 2385, 2561, 2610, 2743, 2980, 2984, 3098, 3172, 3375, 3407, 3458, 3792, 3806, 4010]
Iter#25505 New set #1 of size 35 (25505.0 its/hit = 8.000s/hit): seed=13285809860162363569 [113, 190, 275, 540, 844, 1197, 1233, 1554, 1557, 1569, 1694, 1914, 1997, 2021, 2042, 2162, 2288, 2289, 2353, 2355, 2389, 2606, 2696, 2774, 3189, 3328, 3373, 3396, 3486, 3568, 3638, 3697, 3740, 3852, 3910]
Iter#27175 New set #1 of size 37 (27175.0 its/hit = 9.000s/hit): seed=12474765311370770194 [0, 309, 313, 610, 617, 773, 838, 860, 953, 1097, 1397, 1427, 1435, 1749, 1881, 1968, 1978, 2070, 2084, 2125, 2167, 2316, 2434, 2569, 2959, 3134, 3258, 3286, 3427, 3459, 3519, 3538, 3563, 3634, 3666, 4016, 4087]
Iter#151719 New set #2 of size 37 (75859.5 its/hit = 25.500s/hit): seed=17761388115280287605 [0, 259, 614, 644, 956, 958, 971, 1066, 1113, 1248, 1295, 1322, 1376, 1401, 1475, 1516, 1543, 1636, 1707, 1733, 1796, 2109, 2151, 2301, 2561, 2577, 2585, 2963, 3071, 3178, 3390, 3537, 3656, 3824, 3891, 4025, 4052]
Iter#187068 New set #3 of size 37 (62356.0 its/hit = 21.000s/hit): seed=10035499765499706186 [0, 314, 460, 643, 648, 724, 822, 942, 1012, 1116, 1267, 1292, 1344, 1464, 1611, 1612, 1742, 1759, 1927, 1984, 1989, 2124, 2235, 2429, 2462, 2555, 2574, 2611, 2645, 2712, 2805, 2868, 2980, 3172, 3185, 3920, 4021]
Iter#210584 New set #4 of size 37 (52646.0 its/hit = 17.750s/hit): seed=5631943659609749112 [0, 74, 90, 104, 444, 567, 766, 902, 1133, 1269, 1281, 1354, 1485, 1489, 1527, 1744, 1801, 2265, 2368, 2394, 2456, 2514, 2688, 2874, 2925, 3025, 3116, 3213, 3329, 3393, 3696, 3783, 3843, 3947, 3969, 4023, 4077]
Iter#239349 New set #5 of size 37 (47869.8 its/hit = 16.200s/hit): seed=7855199754849912399 [0, 34, 97, 358, 491, 748, 923, 1491, 1587, 1649, 1706, 1745, 1779, 1797, 2033, 2090, 2114, 2179, 2288, 2346, 2379, 2407, 2497, 2632, 2809, 2823, 2833, 2840, 2852, 2955, 2975, 3105, 3129, 3318, 3778, 3779, 3816]
Iter#253934 New set #6 of size 37 (42322.3 its/hit = 14.333s/hit): seed=12549314503681828747 [0, 20, 111, 307, 529, 590, 728, 823, 906, 926, 972, 1076, 1099, 1171, 1275, 1439, 1683, 1688, 1887, 2057, 2058, 2140, 2220, 2512, 2524, 2584, 2791, 3142, 3239, 3387, 3389, 3412, 3445, 3477, 3560, 3636, 3955]
Iter#270930 New set #7 of size 37 (38704.3 its/hit = 13.143s/hit): seed=16054997576907436853 [0, 64, 87, 115, 189, 535, 760, 997, 1070, 1173, 1284, 1430, 1448, 1454, 1499, 1811, 1906, 2069, 2071, 2117, 2135, 2425, 2500, 2568, 2759, 2797, 2877, 3028, 3088, 3143, 3151, 3280, 3392, 3622, 3650, 3749, 3945]
Iter#272218 New set #8 of size 37 (34027.2 its/hit = 11.500s/hit): seed=13653309396860490452 [0, 24, 379, 446, 517, 833, 866, 1160, 1258, 1644, 1686, 1849, 1932, 1963, 2043, 2239, 2319, 2438, 2534, 2634, 2732, 2754, 2947, 3160, 3292, 3360, 3385, 3405, 3413, 3463, 3648, 3776, 3898, 3899, 3966, 3974, 3978]
Iter#306813 New set #9 of size 37 (34090.3 its/hit = 11.556s/hit): seed=17454047806344932719 [0, 40, 135, 609, 626, 634, 765, 927, 1229, 1623, 1644, 1669, 1737, 1775, 1812, 1852, 1981, 2110, 2242, 2348, 2463, 2506, 2534, 2655, 2674, 2982, 3051, 3053, 3335, 3382, 3438, 3439, 3535, 3629, 3753, 3963, 3978]
Iter#321557 New set #10 of size 37 (32155.7 its/hit = 10.900s/hit): seed=16879543852174764540 [0, 199, 520, 866, 955, 1151, 1170, 1174, 1277, 1456, 1492, 1692, 1862, 1893, 1947, 2120, 2174, 2198, 2350, 2352, 2387, 2605, 2678, 2685, 2794, 2910, 2949, 3160, 3322, 3353, 3366, 3372, 3755, 3823, 3885, 3898, 4040]
Iter#737651 New set #20 of size 37 (36882.6 its/hit = 12.500s/hit): seed=14583689495039008136 [0, 83, 183, 213, 250, 486, 501, 829, 854, 940, 1194, 1302, 1404, 1616, 1658, 1711, 2027, 2059, 2079, 2236, 2469, 2550, 2620, 2683, 2836, 2838, 2850, 2859, 2902, 2958, 2961, 3034, 3325, 3396, 3671, 3719, 4092]
Iter#1029020 New set #30 of size 37 (34300.7 its/hit = 11.633s/hit): seed=2151603676093666720 [0, 59, 134, 165, 181, 250, 302, 389, 531, 554, 678, 854, 925, 940, 1028, 1068, 1161, 1384, 1577, 1604, 1693, 1702, 1945, 2141, 2206, 2209, 2218, 2339, 2436, 2520, 3205, 3529, 3759, 3802, 3850, 3929, 4063]
Iter#1470494 New set #40 of size 37 (36762.4 its/hit = 12.475s/hit): seed=5806178262394171923 [0, 3, 77, 354, 667, 681, 735, 744, 1002, 1053, 1195, 1322, 1525, 1610, 1652, 1659, 1933, 1934, 2039, 2131, 2313, 2535, 2585, 2724, 2894, 2957, 2962, 2983, 3050, 3282, 3310, 3494, 3574, 3630, 3642, 3891, 3916]
Iter#1770349 New set #50 of size 37 (35407.0 its/hit = 12.040s/hit): seed=1412310883123086216 [0, 97, 263, 314, 432, 596, 693, 786, 946, 960, 1151, 1391, 1521, 1553, 1604, 2067, 2096, 2185, 2206, 2346, 2379, 2387, 2444, 2574, 2636, 2713, 2750, 2781, 2830, 2868, 3356, 3372, 3554, 3598, 3617, 3802, 4086]
Iter#2013199 New set #60 of size 37 (33553.3 its/hit = 11.400s/hit): seed=1221057752375563770 [0, 162, 170, 268, 304, 432, 820, 966, 1366, 1420, 1556, 1659, 1680, 1712, 1718, 1827, 1881, 2150, 2312, 2488, 2750, 2811, 2830, 2957, 2959, 3019, 3124, 3286, 3434, 3454, 3540, 3574, 3673, 3678, 3909, 3925, 4024]
Iter#2229540 New set #70 of size 37 (31850.6 its/hit = 10.814s/hit): seed=11322988368309772620 [0, 35, 37, 38, 72, 821, 834, 868, 893, 902, 1017, 1051, 1180, 1228, 1242, 1254, 1257, 1391, 1409, 1468, 1605, 2283, 2304, 2424, 2629, 2705, 2713, 3024, 3059, 3312, 3393, 3486, 3546, 3597, 3783, 4036, 4086]
Iter#2606573 New set #80 of size 37 (32582.2 its/hit = 11.050s/hit): seed=5556131313248430047 [0, 182, 341, 553, 570, 772, 958, 1071, 1259, 1320, 1414, 1438, 1572, 1577, 1632, 1676, 1735, 1835, 1845, 2173, 2192, 2321, 2338, 2339, 2696, 2730, 2771, 2827, 2854, 3178, 3319, 3498, 3579, 3683, 3850, 4052, 4054]
Iter#2798456 New set #90 of size 37 (31094.0 its/hit = 10.544s/hit): seed=15898658431723985727 [0, 14, 302, 344, 370, 543, 588, 615, 698, 807, 1136, 1150, 1173, 1224, 1308, 1349, 1424, 1500, 1603, 1826, 1936, 2049, 2117, 2133, 2218, 2419, 2436, 2654, 2726, 2799, 3193, 3280, 3288, 3301, 3686, 3906, 4095]
Iter#3095133 New set #100 of size 37 (30951.3 its/hit = 10.490s/hit): seed=10073140010688738419 [0, 4, 129, 134, 249, 308, 539, 805, 1058, 1243, 1362, 1457, 1461, 1563, 1650, 1655, 1876, 1944, 2010, 2175, 2342, 2508, 2559, 2974, 2999, 3031, 3140, 3430, 3525, 3559, 3710, 3774, 3883, 3914, 3929, 4063, 4068]
Iter#5898115 New set #1 of size 40 (5898115.0 its/hit = 2000.000s/hit): seed=13933062394540050004 [0, 36, 87, 97, 129, 177, 239, 396, 589, 729, 1010, 1614, 1815, 1899, 1916, 1958, 2111, 2302, 2346, 2379, 2384, 2395, 2408, 2507, 2543, 2722, 2739, 2899, 2993, 3088, 3128, 3143, 3345, 3430, 3559, 3582, 3612, 3861, 3907, 3984]
Iter#10411230 New set #2 of size 40 (5205615.0 its/hit = 1765.500s/hit): seed=10264798817786898708 [0, 80, 249, 270, 301, 651, 704, 749, 914, 1041, 1058, 1093, 1137, 1243, 1268, 1342, 1416, 1530, 1603, 1704, 2310, 2340, 2396, 2437, 2451, 2726, 3014, 3085, 3245, 3301, 3373, 3381, 3417, 3517, 3593, 3624, 3704, 3787, 3876, 3894]
Iter#16293140 New set #3 of size 40 (5431046.5 its/hit = 1839.000s/hit): seed=1107254938325450820 [0, 95, 174, 371, 429, 517, 630, 780, 1101, 1105, 1207, 1229, 1314, 1475, 1660, 1829, 1914, 1961, 2149, 2251, 2301, 2438, 2447, 2485, 2506, 2540, 2595, 2947, 3118, 3137, 3335, 3390, 3522, 3653, 3672, 3732, 3788, 3917, 3937, 4041]
Iter#16545249 New set #4 of size 40 (4136312.2 its/hit = 1400.500s/hit): seed=1983766931894647647 [0, 116, 462, 471, 521, 644, 898, 918, 935, 1046, 1241, 1248, 1372, 1636, 1710, 1844, 1877, 1879, 1943, 2019, 2214, 2280, 2292, 2644, 2843, 2882, 2905, 2934, 2942, 3101, 3190, 3208, 3302, 3368, 3423, 3575, 3725, 3853, 4026, 4081]
Iter#18056388 New set #5 of size 40 (3611277.5 its/hit = 1222.400s/hit): seed=600345633705107393 [0, 51, 283, 301, 319, 431, 517, 533, 600, 665, 832, 934, 956, 1038, 1123, 1281, 1401, 1484, 1622, 1733, 1777, 1991, 2438, 2459, 2505, 2633, 2688, 2697, 2701, 2898, 2947, 3196, 3516, 3532, 3583, 3593, 3676, 3876, 3969, 4009]
Iter#20819617 New set #6 of size 40 (3469936.0 its/hit = 1174.333s/hit): seed=13024696201347411900 [0, 79, 195, 266, 325, 680, 813, 839, 884, 1075, 1221, 1404, 1405, 1420, 1429, 1542, 1545, 1645, 1731, 1847, 2225, 2488, 2511, 2598, 2659, 2859, 3044, 3062, 3064, 3104, 3124, 3162, 3232, 3279, 3357, 3632, 3671, 3935, 3996, 4055]
Iter#26441789 New set #1 of size 42 (26441788.0 its/hit = 8942.000s/hit): seed=2608905529582682476 [0, 245, 349, 519, 714, 744, 882, 971, 994, 1129, 1173, 1250, 1360, 1407, 1487, 1494, 1865, 1882, 1974, 2045, 2119, 2311, 2313, 2353, 2392, 2581, 2593, 2621, 2633, 2804, 2807, 2839, 2853, 2950, 3046, 3068, 3300, 3372, 3620, 3726, 3838, 4041]
