[*] Computing DDT
[+] DDT Computed
DDT took 328.240285ms
Iter#1 New set #1 of size 26 (1.0 its/hit = 0.000s/hit): seed=16439958866439913449 [21, 237, 680, 750, 870, 950, 965, 1169, 1404, 1637, 1823, 2076, 2221, 2248, 2467, 2475, 2499, 2570, 2647, 2878, 3280, 3356, 3500, 3578, 3651, 3750]
Iter#2 New set #2 of size 26 (1.0 its/hit = 0.000s/hit): seed=8775277282400844723 [63, 70, 120, 455, 563, 594, 751, 869, 1166, 1224, 1441, 1659, 1823, 2124, 2230, 2236, 2577, 2762, 2941, 2991, 3070, 3250, 3352, 3367, 3953, 4036]
Iter#3 New set #3 of size 26 (1.0 its/hit = 0.000s/hit): seed=13388143142772235158 [386, 436, 889, 943, 947, 1071, 1095, 1423, 1783, 1796, 1995, 2008, 2328, 2439, 2475, 2542, 2745, 3045, 3275, 3348, 3398, 3403, 3419, 3884, 3913, 3952]
Iter#4 New set #4 of size 26 (1.0 its/hit = 0.000s/hit): seed=13394687209063281695 [88, 147, 278, 303, 350, 783, 807, 818, 875, 969, 1145, 1311, 1356, 1408, 1610, 1914, 2246, 2268, 2290, 2841, 3142, 3163, 3350, 3381, 3383, 3740]
Iter#6 New set #1 of size 27 (6.0 its/hit = 0.000s/hit): seed=2977120239409453657 [106, 135, 277, 673, 691, 728, 749, 968, 1011, 1509, 1520, 1568, 1691, 1738, 1828, 1881, 1891, 2109, 2206, 2638, 3252, 3326, 3490, 3845, 3957, 4029, 4038]
Iter#8 New set #2 of size 27 (4.0 its/hit = 0.000s/hit): seed=13843923634486415802 [279, 346, 496, 675, 842, 1144, 1261, 1290, 1460, 1718, 2217, 2300, 2452, 2512, 2576, 2641, 2763, 2838, 2923, 3097, 3115, 3315, 3598, 3701, 3767, 3939, 4055]
Iter#11 New set #3 of size 27 (3.7 its/hit = 0.000s/hit): seed=7127305360663186552 [32, 438, 567, 777, 872, 1225, 1261, 1646, 1889, 1983, 2264, 2306, 2358, 2497, 2544, 2593, 3003, 3086, 3137, 3374, 3512, 3526, 3536, 3616, 3637, 3953, 3997]
Iter#13 New set #4 of size 27 (3.2 its/hit = 0.000s/hit): seed=4175998385963047267 [58, 241, 367, 405, 894, 953, 1067, 1191, 1470, 1572, 1633, 1671, 1767, 2156, 2733, 3002, 3144, 3207, 3400, 3424, 3468, 3489, 3528, 3642, 3796, 3850, 4095]
Iter#17 New set #1 of size 28 (17.0 its/hit = 0.000s/hit): seed=7618814436280419901 [6, 42, 90, 101, 309, 360, 498, 695, 993, 1069, 1946, 1977, 2065, 2099, 2421, 2484, 2512, 2560, 2884, 2897, 3151, 3197, 3209, 3273, 3717, 3835, 3883, 4009]
Iter#20 New set #2 of size 28 (10.0 its/hit = 0.000s/hit): seed=12533495536383751428 [138, 532, 625, 743, 860, 888, 997, 1049, 1090, 1093, 1128, 1205, 1223, 1504, 1563, 2406, 2475, 2546, 2553, 2707, 2709, 2763, 3019, 3156, 3234, 3500, 3758, 4023]
Iter#35 New set #3 of size 28 (11.7 its/hit = 0.000s/hit): seed=14537538387692886611 [236, 300, 525, 954, 965, 1105, 1250, 1377, 1417, 1432, 1821, 1837, 1866, 1902, 1952, 2213, 2270, 2303, 2502, 2528, 2627, 3051, 3069, 3574, 3685, 3771, 3811, 4030]
Iter#57 New set #4 of size 28 (14.2 its/hit = 0.000s/hit): seed=13227095216088928201 [280, 579, 602, 662, 762, 798, 959, 973, 1193, 1521, 1537, 2002, 2018, 2117, 2254, 2310, 2364, 2481, 2632, 2726, 2765, 2875, 2912, 2993, 3413, 3476, 3539, 3560]
Iter#70 New set #5 of size 28 (14.0 its/hit = 0.000s/hit): seed=17563897912525668951 [278, 338, 598, 658, 827, 889, 893, 1311, 1555, 2166, 2376, 2572, 2629, 2729, 2958, 3063, 3078, 3085, 3183, 3186, 3234, 3480, 3496, 3527, 3653, 3714, 4000, 4090]
Iter#82 New set #6 of size 28 (13.7 its/hit = 0.000s/hit): seed=17975217178723801575 [81, 273, 278, 381, 414, 441, 713, 1012, 1188, 1221, 1415, 1961, 2031, 2249, 2608, 2660, 2733, 2834, 2903, 2910, 3091, 3112, 3211, 3245, 3420, 3440, 3806, 3930]
Iter#93 New set #7 of size 28 (13.3 its/hit = 0.000s/hit): seed=1339872005726111452 [311, 371, 398, 406, 520, 587, 712, 867, 1607, 1695, 1910, 1951, 1994, 2024, 2234, 2419, 2488, 2577, 2618, 2665, 2670, 2697, 2701, 3106, 3141, 3473, 3795, 3820]
Iter#142 New set #1 of size 29 (142.0 its/hit = 0.000s/hit): seed=9123570557914120264 [134, 229, 341, 591, 682, 1012, 1085, 1129, 1157, 1405, 1741, 1828, 1887, 2111, 2182, 2212, 2803, 2837, 2910, 3226, 3319, 3338, 3403, 3451, 3630, 3799, 3833, 3893, 4083]
Iter#312 New set #2 of size 29 (156.0 its/hit = 0.000s/hit): seed=5890107930648345592 [2, 42, 268, 368, 403, 497, 616, 698, 703, 732, 790, 1114, 1287, 1352, 1535, 1634, 1667, 1807, 2251, 2586, 2717, 2819, 3077, 3225, 3274, 3401, 3466, 3696, 3883]
Iter#317 New set #3 of size 29 (105.7 its/hit = 0.000s/hit): seed=4521622346120556234 [42, 90, 103, 156, 271, 664, 1147, 1639, 1741, 1840, 1958, 2031, 2033, 2084, 2166, 2255, 2435, 2470, 2493, 2563, 2639, 2833, 2934, 3135, 3311, 3386, 3732, 3820, 4063]
Iter#634 New set #1 of size 31 (634.0 its/hit = 0.000s/hit): seed=2688568701851860321 [0, 65, 131, 1017, 1102, 1333, 1396, 1450, 1468, 1557, 1577, 1584, 1605, 1782, 1864, 1937, 1995, 2229, 2303, 2339, 2381, 2639, 2780, 2964, 3457, 3585, 3651, 3850, 3950, 3958, 3965]
Iter#676 New set #2 of size 31 (338.0 its/hit = 0.000s/hit): seed=13806553772258669116 [0, 154, 222, 259, 475, 595, 603, 881, 896, 935, 1432, 1538, 1543, 1676, 1796, 1855, 1957, 2274, 2449, 2610, 2627, 2717, 2737, 2854, 3101, 3498, 3562, 3739, 3987, 4010, 4026]
Iter#748 New set #3 of size 31 (249.3 its/hit = 0.000s/hit): seed=407274683376866213 [0, 103, 127, 190, 341, 566, 725, 889, 947, 1145, 1390, 1459, 1529, 1590, 1615, 1617, 1632, 1664, 1845, 1979, 2007, 2147, 2731, 2820, 2939, 3108, 3658, 3828, 3864, 3991, 4020]
Iter#770 New set #4 of size 31 (192.5 its/hit = 0.000s/hit): seed=16998355023236064289 [0, 77, 254, 333, 353, 437, 556, 766, 794, 921, 1113, 1380, 1527, 1565, 1662, 1763, 1801, 1994, 2009, 2241, 2464, 2577, 2656, 2667, 2861, 2983, 3018, 3050, 3091, 3489, 3656]
Iter#985 New set #5 of size 31 (197.0 its/hit = 0.000s/hit): seed=10440947275843080871 [0, 24, 184, 206, 342, 363, 398, 494, 506, 732, 785, 806, 936, 1026, 1201, 1343, 1359, 1735, 1767, 2159, 2181, 2308, 2321, 2435, 2706, 3180, 3207, 3234, 3405, 3413, 4054]
Iter#1181 New set #6 of size 31 (196.8 its/hit = 0.000s/hit): seed=8366194169486429382 [0, 174, 212, 425, 518, 613, 619, 735, 942, 1195, 1568, 1609, 1652, 2149, 2251, 2370, 2545, 2555, 2645, 2768, 2904, 2915, 2937, 2956, 2970, 3086, 3370, 3471, 3592, 3938, 4074]
Iter#1399 New set #7 of size 31 (199.9 its/hit = 0.000s/hit): seed=18209015891676788590 [0, 42, 195, 367, 925, 1028, 1407, 1414, 1429, 1538, 1813, 1945, 2043, 2173, 2449, 2511, 2521, 2590, 2754, 3162, 3238, 3249, 3339, 3385, 3473, 3515, 3550, 3579, 3935, 3987, 3996]
Iter#1848 New set #8 of size 31 (231.0 its/hit = 0.000s/hit): seed=10135737935216575419 [0, 358, 380, 767, 845, 993, 994, 1242, 1420, 1472, 2014, 2261, 2289, 2304, 2420, 2488, 2549, 2602, 2617, 2736, 2809, 2832, 2975, 3124, 3199, 3229, 3331, 3546, 3627, 3952, 3967]
Iter#1948 New set #9 of size 31 (216.4 its/hit = 0.000s/hit): seed=4193548645111316431 [0, 4, 493, 547, 574, 681, 912, 1124, 1457, 1461, 1515, 1633, 1679, 1696, 1755, 1846, 2036, 2279, 2439, 2535, 2562, 2582, 2596, 2756, 2894, 3191, 3243, 3365, 3867, 3879, 4073]
Iter#2450 New set #1 of size 32 (2450.0 its/hit = 0.000s/hit): seed=16313683128056980591 [110, 119, 304, 308, 357, 484, 1103, 1164, 1377, 1468, 1631, 1669, 1721, 1947, 2033, 2040, 2053, 2088, 2170, 2590, 2790, 2791, 2895, 2944, 3147, 3328, 3352, 3377, 3399, 3474, 3601, 3696]
Iter#3696 New set #2 of size 32 (1848.0 its/hit = 0.500s/hit): seed=1135649237436786544 [53, 109, 113, 404, 432, 481, 526, 708, 710, 1026, 1117, 1586, 1624, 1752, 1868, 1893, 2158, 2203, 2328, 2385, 2420, 2478, 2486, 2906, 2927, 3118, 3174, 3254, 3329, 3510, 3759, 3886]
Iter#4587 New set #1 of size 34 (4587.0 its/hit = 1.000s/hit): seed=619438594000916706 [0, 81, 239, 294, 456, 559, 562, 619, 746, 750, 778, 859, 865, 968, 1018, 1047, 1175, 1265, 1469, 1515, 1592, 1661, 2228, 2457, 2545, 2562, 2918, 2970, 3029, 3345, 3432, 3582, 3803, 4073]
Iter#5481 New set #2 of size 34 (2740.5 its/hit = 0.500s/hit): seed=15735768886473020668 [0, 214, 284, 289, 313, 367, 503, 751, 822, 979, 1267, 1298, 1363, 1630, 1762, 1989, 2093, 2166, 2362, 2410, 2866, 2879, 2900, 3070, 3077, 3249, 3258, 3459, 3549, 3550, 3591, 3616, 3818, 3940]
Iter#7285 New set #3 of size 34 (2428.3 its/hit = 0.667s/hit): seed=12954310055750718021 [0, 204, 390, 431, 433, 585, 871, 875, 1123, 1231, 1286, 1378, 1484, 1549, 1577, 1580, 1729, 1916, 1949, 1960, 2111, 2232, 2339, 2404, 2427, 2576, 3078, 3403, 3518, 3669, 3842, 3850, 3907, 4051]
Iter#8134 New set #4 of size 34 (2033.5 its/hit = 0.500s/hit): seed=15614633656854972185 [0, 388, 436, 506, 605, 730, 732, 806, 938, 1014, 1274, 1406, 1609, 1647, 1900, 1942, 2055, 2412, 2752, 2915, 3132, 3146, 3228, 3297, 3370, 3414, 3584, 3688, 3771, 3777, 3814, 3855, 3863, 4064]
Iter#10595 New set #5 of size 34 (2119.0 its/hit = 0.600s/hit): seed=12478952930689932275 [0, 176, 190, 471, 483, 487, 520, 585, 683, 840, 852, 910, 1369, 1445, 1579, 1669, 1785, 1822, 2174, 2307, 2612, 2647, 2678, 2692, 2715, 3051, 3208, 3403, 3423, 3438, 3658, 3828, 3842, 4034]
Iter#12103 New set #6 of size 34 (2017.2 its/hit = 0.667s/hit): seed=9003381504859422150 [0, 258, 372, 554, 691, 964, 1416, 1616, 1641, 1821, 1935, 1948, 2000, 2004, 2106, 2437, 2599, 2651, 2734, 2831, 2836, 2853, 3085, 3133, 3205, 3219, 3246, 3361, 3396, 3467, 3613, 3759, 4078, 4089]
Iter#12765 New set #7 of size 34 (1823.6 its/hit = 0.571s/hit): seed=16925666750072153643 [0, 272, 414, 428, 578, 609, 670, 715, 768, 861, 976, 1005, 1006, 1012, 1312, 1464, 1487, 1514, 1570, 1612, 1701, 1825, 1838, 1973, 2110, 2655, 2966, 3036, 3094, 3187, 3256, 3836, 3915, 4003]
Iter#12866 New set #8 of size 34 (1608.2 its/hit = 0.500s/hit): seed=17090193646800331078 [0, 14, 51, 203, 378, 458, 537, 766, 867, 869, 1077, 1136, 1150, 1278, 1397, 1506, 1527, 1616, 1801, 1952, 2061, 2070, 2205, 2391, 2465, 2836, 3139, 3333, 3396, 3427, 3532, 3583, 3680, 4013]
Iter#16131 New set #9 of size 34 (1792.3 its/hit = 0.556s/hit): seed=12401612496631018811 [0, 101, 167, 188, 310, 414, 540, 574, 670, 768, 782, 1042, 1115, 1117, 1233, 1255, 1504, 1511, 1774, 1959, 2536, 2613, 2744, 3060, 3069, 3227, 3326, 3365, 3474, 3620, 3715, 3754, 3867, 4000]
Iter#17497 New set #10 of size 34 (1749.7 its/hit = 0.600s/hit): seed=14691071920149613711 [0, 145, 192, 269, 419, 530, 613, 631, 699, 741, 816, 890, 891, 1399, 1844, 1996, 2066, 2258, 2271, 2748, 2847, 2882, 2889, 3032, 3055, 3119, 3190, 3471, 3478, 3530, 3887, 3924, 3972, 4074]
Iter#27259 New set #1 of size 37 (27259.0 its/hit = 9.000s/hit): seed=118184905385630069 [0, 65, 72, 444, 492, 510, 511, 529, 636, 695, 821, 893, 902, 1091, 1133, 1333, 1396, 1489, 1687, 1692, 1897, 2057, 2335, 2482, 2581, 2584, 2635, 2949, 2984, 2996, 3065, 3353, 3393, 3553, 3569, 3783, 3997]
Iter#144892 New set #2 of size 37 (72446.0 its/hit = 26.500s/hit): seed=8455413236665657340 [0, 177, 285, 736, 886, 917, 983, 1096, 1365, 1368, 1373, 1387, 1454, 1637, 1647, 1815, 1958, 1976, 1991, 2055, 2459, 2498, 2631, 2679, 2759, 3236, 3315, 3484, 3659, 3676, 3688, 3882, 3884, 3942, 3945, 4007, 4050]
Iter#148369 New set #3 of size 37 (49456.3 its/hit = 18.000s/hit): seed=2143691544190229426 [0, 23, 122, 172, 286, 301, 372, 506, 586, 600, 612, 712, 731, 732, 806, 915, 965, 1001, 1031, 1038, 1040, 1492, 1557, 1622, 1641, 1821, 1921, 2188, 2350, 2385, 2758, 2964, 3322, 3457, 3593, 3792, 3876]
Iter#155569 New set #4 of size 37 (38892.2 its/hit = 14.500s/hit): seed=3279377703235263486 [0, 31, 236, 392, 458, 864, 979, 1081, 1263, 1315, 1322, 1431, 1528, 1783, 1849, 2093, 2205, 2239, 2391, 2418, 2585, 2593, 2597, 2675, 2719, 2979, 2989, 3030, 3070, 3153, 3608, 3675, 3891, 3897, 3949, 3954, 3974]
Iter#207990 New set #5 of size 37 (41598.0 its/hit = 16.200s/hit): seed=5349700745863578171 [0, 115, 344, 369, 504, 585, 602, 697, 707, 1114, 1224, 1419, 1424, 1448, 1450, 1499, 1919, 2163, 2253, 2443, 2501, 2780, 2944, 3147, 3321, 3403, 3425, 3487, 3595, 3720, 3747, 3838, 3842, 3958, 3983, 4018, 4056]
Iter#249147 New set #6 of size 37 (41524.5 its/hit = 16.667s/hit): seed=15376820188553886313 [0, 54, 166, 349, 362, 530, 775, 894, 929, 999, 1034, 1062, 1070, 1118, 1132, 1208, 1356, 1371, 1389, 1666, 1863, 1990, 2029, 2094, 2290, 2516, 2526, 2568, 3167, 3184, 3230, 3330, 3478, 3622, 3737, 3926, 3972]
Iter#266756 New set #7 of size 37 (38108.0 its/hit = 15.429s/hit): seed=17128559798636224632 [0, 109, 142, 360, 457, 633, 643, 669, 945, 1083, 1116, 1166, 1205, 1223, 1336, 1395, 1482, 1555, 1673, 1719, 1759, 1777, 1802, 1940, 2041, 2053, 2701, 2871, 2943, 3196, 3266, 3456, 3721, 3765, 3801, 3856, 4065]
Iter#282589 New set #8 of size 37 (35323.6 its/hit = 14.375s/hit): seed=16528244213082596720 [0, 490, 736, 753, 869, 950, 1206, 1251, 1253, 1281, 1289, 1308, 1368, 1432, 1653, 1792, 1935, 1976, 1993, 2440, 2579, 2604, 2610, 2654, 2688, 2734, 3237, 3333, 3361, 3557, 3668, 3680, 3830, 3906, 3969, 4010, 4093]
Iter#302687 New set #9 of size 37 (33631.9 its/hit = 13.778s/hit): seed=4838098511355511429 [0, 114, 179, 573, 648, 689, 695, 822, 1191, 1202, 1267, 1450, 1539, 1638, 1794, 1814, 1989, 2089, 2187, 2197, 2219, 2235, 2297, 2331, 2335, 2611, 2693, 2728, 2780, 2984, 3084, 3337, 3475, 3514, 3609, 3663, 3958]
Iter#318937 New set #10 of size 37 (31893.7 its/hit = 13.100s/hit): seed=10575812813742643142 [0, 73, 430, 433, 786, 844, 1004, 1023, 1072, 1110, 1482, 1580, 1818, 1849, 1856, 1906, 1949, 2137, 2239, 2285, 2287, 2369, 2399, 2720, 2817, 2877, 2943, 3041, 3151, 3177, 3233, 3356, 3598, 3606, 3679, 3765, 3974]
Iter#567319 New set #20 of size 37 (28365.9 its/hit = 11.550s/hit): seed=2854232564361062793 [0, 33, 96, 234, 334, 348, 360, 381, 415, 743, 825, 981, 1033, 1129, 1252, 1279, 1385, 1408, 1411, 1558, 1758, 1841, 1895, 2326, 2431, 2575, 3097, 3235, 3502, 3561, 3565, 3618, 3721, 3735, 4001, 4029, 4065]
Iter#809479 New set #30 of size 37 (26982.6 its/hit = 10.500s/hit): seed=850871054744640621 [0, 9, 157, 327, 454, 485, 563, 871, 1154, 1194, 1231, 1287, 1434, 1601, 1602, 1608, 1660, 1710, 1924, 1960, 2010, 2240, 2485, 2786, 2902, 2905, 2974, 2981, 3138, 3140, 3156, 3307, 3505, 3575, 3800, 4041, 4092]
Iter#1117925 New set #40 of size 37 (27948.1 its/hit = 10.550s/hit): seed=13379131269337835830 [0, 62, 68, 76, 82, 477, 486, 528, 702, 866, 1126, 1159, 1170, 1237, 1323, 1472, 1668, 1736, 1851, 2365, 2620, 2685, 2736, 3034, 3160, 3226, 3399, 3419, 3490, 3552, 3558, 3599, 3633, 3823, 3898, 3934, 3952]
Iter#1384898 New set #50 of size 37 (27698.0 its/hit = 10.300s/hit): seed=5654669148089961046 [0, 151, 194, 442, 497, 528, 530, 637, 703, 717, 744, 899, 928, 1109, 1218, 1260, 1323, 1494, 1548, 1621, 1851, 2107, 2231, 2763, 2806, 2929, 3043, 3163, 3282, 3461, 3478, 3567, 3621, 3642, 3643, 3972, 4042]
Iter#1930844 New set #60 of size 37 (32180.7 its/hit = 11.733s/hit): seed=13053490323304841279 [0, 39, 105, 137, 209, 458, 504, 545, 584, 798, 912, 953, 975, 1045, 1124, 1128, 1200, 1430, 1540, 1677, 2036, 2076, 2163, 2176, 2205, 2347, 2391, 2443, 3028, 3221, 3244, 3395, 3563, 3650, 3654, 3666, 3681]
Iter#2182005 New set #70 of size 37 (31171.5 its/hit = 11.300s/hit): seed=13789952644781030212 [0, 123, 194, 304, 637, 703, 839, 930, 1013, 1157, 1162, 1170, 1239, 1292, 1613, 1832, 1869, 2065, 2202, 2203, 2225, 2429, 2685, 2811, 2813, 2815, 2927, 3019, 3062, 3185, 3626, 3706, 3761, 3786, 3798, 3823, 3932]
Iter#2340325 New set #80 of size 37 (29254.1 its/hit = 10.575s/hit): seed=5992670220416093781 [0, 2, 8, 31, 115, 124, 364, 478, 507, 513, 585, 852, 864, 1431, 1448, 1499, 1783, 2307, 2640, 2647, 2733, 2735, 2761, 2839, 2876, 2914, 2922, 3127, 3209, 3317, 3403, 3589, 3638, 3842, 3949, 3954, 4094]
Iter#2541573 New set #90 of size 37 (28239.7 its/hit = 10.167s/hit): seed=8002569093123904480 [0, 11, 90, 188, 386, 406, 459, 475, 603, 803, 829, 896, 1039, 1115, 1137, 1140, 1255, 1471, 1738, 2079, 2154, 2396, 2413, 2556, 2638, 2658, 2785, 2850, 2933, 3040, 3115, 3303, 3308, 3373, 3962, 4023, 4077]
Iter#2929891 New set #100 of size 37 (29298.9 its/hit = 10.500s/hit): seed=5038448309211418252 [0, 124, 187, 233, 295, 525, 740, 1060, 1232, 1272, 1394, 1409, 1635, 1670, 1752, 1777, 1784, 2245, 2601, 2621, 2629, 2701, 2787, 2857, 3015, 3093, 3173, 3196, 3209, 3269, 3317, 3819, 3931, 4036, 4044, 4049, 4067]
Iter#4000794 New set #1 of size 40 (4000794.0 its/hit = 1422.000s/hit): seed=10542761477309345051 [0, 94, 107, 529, 851, 983, 1086, 1335, 1568, 1644, 1705, 1753, 1916, 1941, 2057, 2073, 2111, 2152, 2190, 2277, 2370, 2406, 2534, 2566, 2584, 2648, 2779, 2796, 2875, 2880, 3111, 3406, 3481, 3484, 3659, 3907, 3938, 3978, 4047, 4059]
Iter#7493882 New set #2 of size 40 (3746941.0 its/hit = 1317.000s/hit): seed=7534018565336267239 [0, 161, 169, 291, 312, 409, 438, 585, 686, 1044, 1125, 1230, 1358, 1442, 1531, 1544, 1676, 1794, 2142, 2331, 2417, 2518, 2650, 2681, 2698, 2774, 2803, 2854, 2906, 3013, 3039, 3117, 3403, 3498, 3609, 3652, 3670, 3723, 3763, 3842]
Iter#13109463 New set #3 of size 40 (4369821.0 its/hit = 1528.333s/hit): seed=8373946266544884076 [0, 37, 75, 76, 125, 232, 313, 361, 427, 470, 539, 706, 738, 939, 1211, 1228, 1257, 1264, 1337, 1501, 1512, 1668, 1736, 1987, 2148, 2508, 2738, 2987, 3031, 3049, 3114, 3258, 3351, 3459, 3468, 3730, 3886, 3951, 4038, 4085]
Iter#13936950 New set #1 of size 42 (13936950.0 its/hit = 4871.000s/hit): seed=14644909636461681071 [0, 98, 257, 333, 342, 431, 449, 544, 693, 831, 890, 991, 1024, 1276, 1293, 1445, 1530, 1605, 1740, 1873, 1955, 2095, 2097, 2132, 2163, 2273, 2489, 2546, 2667, 2742, 2843, 2880, 2917, 3070, 3174, 3440, 3677, 3693, 3750, 3798, 3870, 3883]
Iter#22527075 New set #1 of size 66 (22527076.0 its/hit = 7842.000s/hit): seed=4056835138293350026 [0, 82, 114, 211, 271, 404, 420, 551, 561, 670, 687, 839, 945, 964, 1007, 1056, 1183, 1218, 1255, 1279, 1370, 1377, 1390, 1406, 1414, 1583, 1723, 1734, 1760, 1761, 1864, 1960, 1963, 2018, 2235, 2412, 2596, 2606, 2671, 2792, 2833, 2842, 2902, 2933, 2939, 2964, 3044, 3053, 3071, 3098, 3191, 3208, 3213, 3239, 3262, 3289, 3633, 3725, 3763, 3797, 3942, 3959, 4006, 4014, 4049, 4053]
