[*] Computing DDT
[+] DDT Computed
DDT took 330.497295ms
Iter#1 New set #1 of size 34 (1.0 its/hit = 0.000s/hit): seed=6739320007761605878 [0, 102, 177, 355, 756, 1073, 1255, 1285, 1347, 1353, 1498, 1528, 1708, 1951, 1990, 2091, 2157, 2325, 2326, 2359, 2523, 2534, 2573, 2600, 2861, 3041, 3162, 3234, 3334, 3745, 3762, 3907, 4045, 4070]
Iter#2 New set #2 of size 34 (1.0 its/hit = 0.000s/hit): seed=2029874836448419199 [0, 181, 203, 274, 378, 562, 650, 815, 1163, 1187, 1205, 1252, 1543, 1577, 1811, 1941, 2008, 2032, 2103, 2150, 2542, 2581, 2689, 2992, 3197, 3384, 3406, 3429, 3469, 3652, 3725, 3797, 3852, 3896]
Iter#3 New set #1 of size 35 (3.0 its/hit = 0.000s/hit): seed=374629478392048538 [0, 37, 48, 50, 187, 343, 425, 602, 605, 961, 1050, 1073, 1075, 1509, 1516, 1537, 2027, 2123, 2229, 2754, 2799, 2861, 2954, 3212, 3237, 3351, 3412, 3547, 3605, 3630, 3791, 3812, 3937, 3958, 3967]
Iter#4 New set #2 of size 35 (2.0 its/hit = 0.000s/hit): seed=7939651065041888530 [0, 57, 186, 266, 408, 418, 424, 593, 970, 1018, 1386, 1436, 1440, 1669, 1679, 1802, 1828, 1925, 1945, 1957, 2112, 2571, 2815, 2838, 2986, 3077, 3111, 3255, 3350, 3370, 3430, 3859, 3887, 3918, 4009]
Iter#6 New set #3 of size 35 (2.0 its/hit = 0.000s/hit): seed=799385637660654940 [0, 183, 354, 480, 597, 927, 1047, 1183, 1249, 1329, 1526, 1553, 1699, 1798, 1840, 1925, 1994, 2100, 2243, 2254, 2287, 2457, 2458, 2500, 2536, 2631, 2682, 2775, 2908, 3001, 3095, 3324, 3756, 3943, 3946]
Iter#8 New set #4 of size 35 (2.0 its/hit = 0.000s/hit): seed=10030328463172277744 [0, 7, 36, 235, 373, 456, 512, 565, 605, 957, 993, 1223, 1385, 1406, 1430, 1488, 1566, 1649, 1654, 1784, 1922, 2097, 2174, 2537, 2564, 2641, 2695, 3087, 3101, 3225, 3294, 3442, 3755, 3821, 3914]
Iter#9 New set #1 of size 37 (9.0 its/hit = 0.000s/hit): seed=12162584250614384841 [0, 114, 115, 341, 389, 510, 583, 589, 807, 814, 831, 853, 953, 1110, 1406, 1764, 1869, 2113, 2223, 2250, 2260, 2284, 2302, 2350, 2564, 2594, 2623, 2687, 2714, 2847, 3215, 3217, 3373, 3388, 3437, 3549, 3586]
Iter#16 New set #2 of size 37 (8.0 its/hit = 0.000s/hit): seed=12598410500019217095 [0, 187, 264, 269, 378, 441, 534, 552, 576, 609, 706, 802, 826, 904, 1071, 1168, 1226, 1364, 1548, 1580, 1793, 1879, 2020, 2227, 2258, 2277, 2480, 2481, 2645, 2692, 2767, 3020, 3278, 3492, 3570, 3937, 4079]
Iter#18 New set #3 of size 37 (6.0 its/hit = 0.000s/hit): seed=2519754540942202950 [0, 76, 169, 193, 226, 464, 945, 1039, 1111, 1112, 1217, 1262, 1422, 1436, 1488, 1685, 1827, 2008, 2045, 2095, 2142, 2228, 2265, 2333, 2357, 2509, 2746, 2900, 3033, 3053, 3449, 3471, 3512, 3663, 3864, 3972, 4082]
Iter#45 New set #4 of size 37 (11.2 its/hit = 0.000s/hit): seed=9804229753956864584 [0, 189, 206, 288, 294, 296, 355, 383, 413, 508, 564, 692, 725, 846, 914, 1061, 1645, 2051, 2066, 2286, 2311, 2353, 3077, 3088, 3170, 3172, 3216, 3237, 3375, 3730, 3865, 3884, 3914, 3917, 3949, 4008, 4033]
Iter#56 New set #5 of size 37 (11.2 its/hit = 0.000s/hit): seed=17529637927946852736 [0, 19, 95, 397, 527, 724, 1061, 1153, 1179, 1220, 1357, 1372, 1412, 1423, 1440, 1456, 1475, 1601, 1638, 2394, 2536, 2586, 2614, 2633, 2646, 2826, 2926, 3184, 3239, 3416, 3474, 3686, 3763, 3791, 3809, 3974, 4042]
Iter#59 New set #6 of size 37 (9.8 its/hit = 0.000s/hit): seed=8200364323758843807 [0, 29, 129, 325, 624, 721, 741, 945, 955, 959, 1125, 1174, 1180, 1301, 1334, 1516, 1573, 1965, 2147, 2265, 2423, 2501, 2963, 2995, 3017, 3188, 3213, 3216, 3297, 3332, 3581, 3646, 3650, 3658, 3689, 3744, 3750]
Iter#67 New set #7 of size 37 (9.6 its/hit = 0.000s/hit): seed=6366211390664991349 [0, 104, 108, 228, 242, 310, 448, 471, 615, 655, 816, 883, 897, 942, 1172, 1194, 1353, 1747, 1767, 1872, 2347, 2370, 2383, 2513, 2557, 2579, 2701, 3113, 3141, 3240, 3309, 3347, 3364, 3495, 3524, 3558, 3874]
Iter#83 New set #1 of size 39 (83.0 its/hit = 0.000s/hit): seed=6557248861976516294 [0, 11, 70, 79, 391, 404, 450, 499, 556, 675, 724, 774, 1119, 1134, 1368, 1540, 1600, 1880, 2165, 2218, 2299, 2391, 2399, 2659, 2694, 2705, 2727, 2845, 3237, 3283, 3355, 3374, 3385, 3432, 3527, 3539, 3769, 3900, 3935]
Iter#168 New set #1 of size 43 (168.0 its/hit = 0.000s/hit): seed=6631619695031525838 [0, 42, 109, 406, 566, 586, 614, 652, 765, 815, 1035, 1111, 1283, 1317, 1343, 1451, 1473, 1518, 1536, 1710, 1798, 1799, 1850, 1985, 2152, 2211, 2356, 2525, 2609, 2619, 2673, 2813, 3030, 3047, 3253, 3465, 3509, 3515, 3622, 3958, 3963, 3980, 4016]
Iter#308 New set #2 of size 43 (154.0 its/hit = 0.000s/hit): seed=13702396765479985433 [0, 29, 91, 192, 275, 337, 373, 494, 512, 667, 671, 702, 741, 814, 949, 1428, 1550, 1551, 1608, 1748, 1863, 1872, 2014, 2109, 2150, 2228, 2494, 2536, 2691, 2759, 2776, 2848, 2860, 2918, 2959, 3111, 3219, 3379, 3445, 3547, 3643, 3811, 3889]
Iter#748 New set #3 of size 43 (249.3 its/hit = 0.000s/hit): seed=18435135540245444289 [0, 23, 79, 379, 414, 515, 726, 739, 801, 814, 888, 1011, 1161, 1185, 1223, 1345, 1384, 1521, 1522, 1674, 1697, 1761, 2033, 2232, 2288, 2432, 2593, 2612, 2624, 2742, 2852, 3119, 3164, 3340, 3408, 3487, 3638, 3676, 3686, 3743, 3846, 3852, 3878]
Iter#2467 New set #4 of size 43 (616.8 its/hit = 0.000s/hit): seed=6130974875742435278 [0, 30, 34, 429, 483, 517, 651, 664, 680, 964, 1004, 1023, 1068, 1093, 1115, 1833, 2129, 2227, 2409, 2423, 2468, 2811, 2830, 2998, 3142, 3157, 3271, 3315, 3361, 3372, 3378, 3413, 3465, 3566, 3639, 3693, 3796, 3861, 3899, 3932, 3968, 3992, 4071]
Iter#3003 New set #5 of size 43 (600.6 its/hit = 0.200s/hit): seed=16504579358821479009 [0, 181, 336, 383, 453, 568, 811, 900, 929, 946, 1048, 1140, 1392, 1471, 1533, 1542, 1589, 1695, 1864, 1889, 2160, 2248, 2342, 2428, 2538, 2581, 2632, 2641, 2672, 2697, 2700, 2759, 2965, 3064, 3093, 3203, 3328, 3449, 3558, 3805, 3896, 4001, 4014]
Iter#3059 New set #6 of size 43 (509.8 its/hit = 0.167s/hit): seed=1371424214849952728 [0, 76, 162, 182, 263, 271, 460, 574, 764, 966, 1040, 1060, 1108, 1165, 1171, 1556, 1571, 1572, 1721, 1756, 1759, 1787, 1856, 2036, 2294, 2330, 2338, 2363, 2470, 2717, 2831, 2905, 2962, 3146, 3174, 3184, 3201, 3433, 3576, 3581, 3860, 3917, 3952]
Iter#3228 New set #7 of size 43 (461.1 its/hit = 0.143s/hit): seed=1701997687433357985 [0, 275, 577, 593, 615, 673, 782, 825, 842, 946, 1118, 1194, 1395, 1448, 1634, 1647, 1763, 1853, 1901, 1947, 2161, 2251, 2396, 2461, 2569, 2751, 2778, 2902, 2956, 3015, 3106, 3234, 3287, 3444, 3488, 3524, 3613, 3635, 3642, 3656, 3687, 3702, 3941]
Iter#3287 New set #8 of size 43 (410.9 its/hit = 0.125s/hit): seed=997687627313205989 [0, 21, 57, 159, 218, 357, 474, 499, 584, 592, 691, 734, 855, 887, 1016, 1020, 1036, 1145, 1178, 1552, 1720, 1779, 1825, 1975, 2008, 2029, 2041, 2364, 2522, 2524, 2530, 2635, 2720, 2751, 3064, 3226, 3437, 3494, 3545, 3631, 3768, 3770, 3793]
Iter#3527 New set #9 of size 43 (391.9 its/hit = 0.111s/hit): seed=4301585271857433801 [0, 128, 205, 279, 366, 569, 634, 810, 849, 956, 1150, 1171, 1311, 1401, 1411, 1608, 1818, 1923, 1982, 2007, 2119, 2349, 2538, 2676, 2781, 2832, 3001, 3037, 3069, 3082, 3091, 3126, 3135, 3183, 3270, 3271, 3282, 3339, 3490, 3513, 3817, 3937, 3972]
Iter#3755 New set #10 of size 43 (375.5 its/hit = 0.100s/hit): seed=17480681726998062754 [0, 54, 56, 134, 237, 319, 697, 901, 997, 1009, 1046, 1052, 1082, 1103, 1130, 1276, 1310, 1320, 1412, 1441, 1899, 1963, 1980, 2036, 2260, 2382, 2490, 2500, 2630, 2681, 2765, 2889, 2898, 2943, 3360, 3423, 3537, 3562, 3671, 3681, 3698, 3996, 4025]
Iter#6330 New set #20 of size 43 (316.5 its/hit = 0.100s/hit): seed=5031053782624335552 [0, 109, 142, 196, 248, 283, 303, 309, 541, 623, 732, 742, 816, 933, 1103, 1104, 1130, 1281, 1362, 1470, 1586, 1620, 1902, 1939, 2208, 2267, 2346, 2536, 2748, 2767, 2798, 2839, 2845, 2861, 3072, 3152, 3380, 3483, 3489, 3689, 3751, 3836, 4046]
Iter#9545 New set #30 of size 43 (318.2 its/hit = 0.100s/hit): seed=15605955194053049257 [0, 12, 33, 183, 253, 261, 296, 298, 675, 801, 875, 924, 1034, 1062, 1132, 1286, 1299, 1387, 1671, 1684, 1721, 1745, 1769, 1949, 1968, 2014, 2042, 2106, 2395, 2501, 2544, 2785, 2886, 2918, 2944, 3286, 3548, 3701, 3759, 3777, 3946, 3992, 4086]
Iter#11133 New set #40 of size 43 (278.3 its/hit = 0.100s/hit): seed=4476773221534437970 [0, 9, 103, 116, 153, 389, 396, 512, 529, 611, 652, 696, 884, 941, 1003, 1125, 1154, 1402, 1462, 1579, 1658, 1922, 1930, 2088, 2129, 2360, 2499, 2639, 2707, 2714, 2775, 2838, 2847, 2980, 3020, 3098, 3179, 3281, 3343, 3643, 3886, 3902, 4086]
Iter#14860 New set #50 of size 43 (297.2 its/hit = 0.100s/hit): seed=7688308699406801750 [0, 550, 557, 574, 796, 842, 857, 924, 1005, 1016, 1446, 1562, 1614, 1630, 1643, 1908, 2203, 2259, 2283, 2308, 2389, 2421, 2465, 2654, 2662, 2733, 3197, 3202, 3275, 3296, 3315, 3361, 3463, 3476, 3503, 3529, 3654, 3681, 3710, 3823, 3851, 3901, 4019]
Iter#17285 New set #60 of size 43 (288.1 its/hit = 0.100s/hit): seed=1941369160834839358 [0, 39, 286, 380, 465, 634, 715, 726, 783, 949, 1043, 1154, 1432, 1590, 1593, 1684, 1733, 1788, 1864, 1962, 2077, 2096, 2157, 2324, 2341, 2361, 2368, 2378, 2541, 2573, 2606, 2645, 2747, 2859, 3198, 3456, 3532, 3589, 3717, 3752, 3980, 4001, 4054]
Iter#19572 New set #70 of size 43 (279.6 its/hit = 0.100s/hit): seed=18133591074750859623 [0, 90, 204, 340, 389, 583, 616, 845, 887, 934, 993, 1090, 1171, 1178, 1244, 1331, 1445, 1473, 1516, 1531, 1566, 1633, 1649, 1672, 1712, 1902, 2029, 2084, 2363, 2364, 2635, 2693, 2694, 2748, 2997, 3082, 3102, 3120, 3133, 3362, 3374, 3494, 3793]
Iter#21788 New set #80 of size 43 (272.4 its/hit = 0.100s/hit): seed=11499199198486026912 [0, 35, 240, 402, 563, 830, 855, 879, 1137, 1218, 1395, 1468, 1709, 1788, 1830, 1919, 2109, 2237, 2345, 2447, 2607, 2643, 2686, 2906, 2935, 3020, 3023, 3095, 3275, 3302, 3416, 3493, 3522, 3567, 3569, 3599, 3668, 3743, 3886, 3890, 4028, 4070, 4077]
Iter#24808 New set #90 of size 43 (275.6 its/hit = 0.111s/hit): seed=78863521993844351 [0, 8, 42, 120, 321, 360, 406, 415, 427, 480, 517, 649, 687, 706, 1173, 1193, 1237, 1298, 1317, 1378, 1531, 1533, 1616, 1850, 2051, 2104, 2120, 2198, 2336, 2765, 2849, 2922, 3035, 3116, 3255, 3293, 3314, 3362, 3410, 3447, 3509, 3634, 3812]
Iter#26824 New set #100 of size 43 (268.2 its/hit = 0.100s/hit): seed=3543586322393099795 [0, 28, 176, 252, 259, 279, 316, 367, 524, 528, 667, 797, 878, 880, 909, 957, 1293, 1356, 1428, 1439, 1696, 1814, 1829, 1914, 2194, 2227, 2351, 2355, 2392, 2446, 2772, 2851, 2879, 2899, 3052, 3357, 3366, 3370, 3375, 3398, 3534, 3714, 3991]
Iter#53790 New set #200 of size 43 (269.0 its/hit = 0.105s/hit): seed=8406483885061242764 [0, 135, 261, 410, 611, 712, 943, 1022, 1079, 1120, 1253, 1330, 1469, 1526, 1583, 1596, 1645, 1695, 1748, 1820, 2052, 2094, 2116, 2158, 2516, 2554, 2563, 2638, 2750, 2799, 2891, 2971, 3093, 3166, 3205, 3379, 3705, 3862, 3885, 3895, 3900, 3926, 3964]
Iter#81425 New set #300 of size 43 (271.4 its/hit = 0.110s/hit): seed=5471203067542451121 [0, 24, 25, 175, 350, 370, 424, 473, 654, 672, 791, 950, 959, 993, 1032, 1038, 1057, 1240, 1278, 1288, 1601, 1719, 1898, 2154, 2293, 2299, 2425, 2487, 2504, 2626, 2838, 2890, 2910, 3192, 3308, 3569, 3581, 3607, 3650, 3669, 3698, 3943, 4015]
Iter#116633 New set #400 of size 43 (291.6 its/hit = 0.117s/hit): seed=8066021406730618235 [0, 276, 292, 313, 404, 406, 473, 532, 610, 639, 1083, 1239, 1429, 1431, 1475, 2038, 2254, 2269, 2363, 2442, 2464, 2506, 2528, 2597, 2660, 2801, 2803, 2832, 2865, 2961, 3160, 3391, 3497, 3501, 3508, 3736, 3762, 3800, 3823, 3824, 3826, 3847, 4070]
Iter#141593 New set #500 of size 43 (283.2 its/hit = 0.114s/hit): seed=11359805468476420905 [0, 180, 198, 354, 443, 467, 499, 519, 525, 529, 560, 714, 759, 888, 1051, 1424, 1515, 1517, 1528, 1561, 1575, 1598, 1740, 1884, 2193, 2323, 2445, 2512, 2533, 2596, 2706, 2909, 3012, 3056, 3244, 3337, 3380, 3494, 3534, 3571, 3586, 3642, 3865]
Iter#171010 New set #600 of size 43 (285.0 its/hit = 0.115s/hit): seed=12741671359557551223 [0, 2, 38, 88, 528, 586, 879, 924, 990, 1053, 1182, 1265, 1492, 1623, 1655, 1739, 1778, 1887, 1953, 2097, 2157, 2324, 2378, 2411, 2553, 2754, 2836, 2849, 2854, 3308, 3378, 3432, 3446, 3448, 3570, 3722, 3839, 3872, 3881, 3900, 3962, 3998, 4015]
Iter#199248 New set #700 of size 43 (284.6 its/hit = 0.116s/hit): seed=1454976927172362698 [0, 118, 140, 195, 290, 291, 354, 365, 412, 480, 508, 798, 939, 1231, 1264, 1455, 1520, 1564, 1663, 1759, 1855, 2014, 2044, 2060, 2203, 2355, 2500, 2801, 2896, 3072, 3111, 3149, 3176, 3240, 3391, 3406, 3465, 3526, 3564, 3575, 3579, 3622, 3731]
Iter#230732 New set #800 of size 43 (288.4 its/hit = 0.117s/hit): seed=9296374592558903525 [0, 30, 32, 410, 778, 919, 1093, 1097, 1115, 1136, 1283, 1519, 1753, 1846, 1991, 2010, 2051, 2062, 2183, 2273, 2386, 2402, 2409, 2423, 2584, 2673, 2710, 2715, 2773, 3021, 3303, 3372, 3378, 3391, 3550, 3704, 3717, 3847, 4002, 4007, 4010, 4013, 4075]
Iter#255757 New set #900 of size 43 (284.2 its/hit = 0.116s/hit): seed=14730550432789000003 [0, 17, 38, 205, 521, 555, 597, 661, 747, 780, 859, 888, 907, 970, 988, 1019, 1343, 1396, 1623, 1633, 1638, 1818, 1900, 2007, 2179, 2501, 2829, 2832, 2845, 2906, 2915, 2954, 2979, 3037, 3052, 3082, 3232, 3271, 3482, 3648, 3697, 3768, 3780]
Iter#283187 New set #1000 of size 43 (283.2 its/hit = 0.115s/hit): seed=4781735574094386604 [0, 3, 317, 407, 475, 481, 496, 511, 558, 568, 680, 720, 812, 897, 1097, 1112, 1308, 1526, 1617, 1787, 1797, 1811, 1862, 1886, 2101, 2207, 2221, 2414, 2565, 2634, 2651, 2766, 2776, 2868, 3292, 3360, 3419, 3497, 3599, 3929, 4066, 4069, 4083]
Iter#559213 New set #2000 of size 43 (279.6 its/hit = 0.113s/hit): seed=6032512189862496145 [0, 9, 155, 274, 291, 313, 987, 1033, 1043, 1226, 1245, 1407, 1521, 1523, 1682, 1739, 1760, 1811, 1954, 2167, 2251, 2382, 2439, 2555, 2743, 2837, 2881, 2907, 2917, 3015, 3052, 3102, 3125, 3261, 3407, 3460, 3664, 3691, 3697, 3825, 3923, 3936, 4013]
Iter#823702 New set #3000 of size 43 (274.6 its/hit = 0.111s/hit): seed=9624968970302817093 [0, 187, 322, 414, 496, 532, 558, 646, 1135, 1176, 1186, 1237, 1290, 1294, 1431, 1536, 1660, 1716, 1829, 2005, 2143, 2195, 2359, 2366, 2515, 2692, 2727, 2752, 2817, 3039, 3045, 3177, 3195, 3407, 3411, 3422, 3433, 3499, 3698, 3871, 3888, 3961, 3997]
Iter#1112260 New set #4000 of size 43 (278.1 its/hit = 0.112s/hit): seed=7956679980802923167 [0, 50, 280, 423, 450, 487, 497, 724, 948, 998, 1092, 1181, 1228, 1242, 1264, 1287, 1413, 1553, 1763, 1936, 2124, 2215, 2303, 2311, 2321, 2374, 2401, 2413, 2495, 2519, 2544, 2942, 2968, 3049, 3101, 3116, 3130, 3212, 3243, 3362, 3625, 3884, 4078]
Iter#1394463 New set #5000 of size 43 (278.9 its/hit = 0.113s/hit): seed=3999949609382022373 [0, 216, 473, 625, 660, 723, 770, 940, 1099, 1171, 1495, 1564, 1645, 1663, 1828, 1980, 2084, 2145, 2175, 2179, 2196, 2210, 2217, 2233, 2345, 2373, 2409, 2458, 2495, 2628, 2956, 3054, 3114, 3314, 3324, 3346, 3388, 3456, 3562, 3579, 3821, 3911, 3970]
Iter#1670549 New set #6000 of size 43 (278.4 its/hit = 0.113s/hit): seed=10055608919857328570 [0, 66, 106, 169, 243, 277, 313, 353, 385, 500, 502, 666, 749, 753, 976, 1018, 1030, 1261, 1417, 1571, 1614, 1625, 1774, 1960, 2226, 2354, 2373, 2489, 2553, 2601, 2654, 2754, 2788, 2850, 3023, 3184, 3220, 3379, 3442, 3582, 3693, 3718, 4000]
Iter#1951410 New set #7000 of size 43 (278.8 its/hit = 0.113s/hit): seed=13374142123565545252 [0, 13, 66, 421, 538, 616, 642, 696, 755, 930, 1004, 1023, 1115, 1123, 1197, 1258, 1314, 1326, 1401, 1476, 1627, 1757, 1810, 1978, 2062, 2288, 2384, 2426, 2625, 2691, 2693, 2799, 2846, 2969, 3055, 3060, 3160, 3250, 3394, 3817, 4007, 4025, 4071]
Iter#2240370 New set #8000 of size 43 (280.0 its/hit = 0.113s/hit): seed=5301984468447472226 [0, 12, 206, 642, 654, 684, 691, 789, 801, 927, 945, 1226, 1385, 1446, 1745, 1823, 1838, 1862, 2026, 2273, 2285, 2455, 2659, 2671, 2693, 2709, 2724, 2809, 2834, 2906, 3035, 3249, 3279, 3297, 3327, 3346, 3538, 3580, 3763, 3798, 3848, 3897, 3905]
Iter#2524914 New set #9000 of size 43 (280.5 its/hit = 0.114s/hit): seed=2249973514695524670 [0, 24, 119, 210, 325, 394, 507, 599, 691, 736, 793, 940, 941, 973, 978, 1012, 1527, 1553, 1608, 1614, 1840, 1867, 1892, 1921, 2170, 2234, 2238, 2433, 2440, 2605, 2676, 2791, 2847, 2899, 3030, 3267, 3454, 3508, 3664, 3792, 3985, 4014, 4040]
Iter#2801187 New set #10000 of size 43 (280.1 its/hit = 0.113s/hit): seed=217659940121957059 [0, 149, 161, 222, 312, 419, 433, 571, 582, 765, 973, 979, 1124, 1166, 1210, 1329, 1617, 1840, 2020, 2051, 2129, 2310, 2313, 2386, 2519, 2522, 2648, 2753, 2776, 2792, 2805, 3103, 3161, 3437, 3457, 3507, 3757, 3802, 3822, 3878, 3905, 3946, 4051]
Iter#5558862 New set #20000 of size 43 (277.9 its/hit = 0.113s/hit): seed=6720333454432411300 [0, 338, 559, 573, 585, 677, 1079, 1177, 1273, 1422, 1478, 1481, 1554, 1582, 1595, 1689, 1891, 1931, 1941, 1942, 1943, 1954, 1993, 2035, 2135, 2544, 2702, 2719, 2792, 2802, 3163, 3172, 3220, 3373, 3380, 3473, 3684, 3716, 3725, 3757, 3869, 3892, 3922]
Iter#8328541 New set #30000 of size 43 (277.6 its/hit = 0.112s/hit): seed=9784736557625305041 [0, 9, 163, 280, 333, 389, 396, 446, 564, 697, 701, 822, 849, 875, 1297, 1363, 1372, 1394, 1501, 1511, 1597, 1703, 1900, 2004, 2066, 2180, 2414, 2486, 2707, 2714, 2720, 2838, 2847, 3094, 3116, 3312, 3413, 3440, 3519, 3704, 3716, 3731, 3915]
Iter#11098961 New set #40000 of size 43 (277.5 its/hit = 0.112s/hit): seed=2156645079842991899 [0, 56, 76, 83, 512, 817, 837, 868, 873, 933, 954, 1250, 1257, 1277, 1316, 1364, 1436, 1488, 1649, 1803, 1812, 1896, 1985, 2325, 2382, 2407, 2569, 2626, 2629, 2662, 2905, 3197, 3199, 3360, 3412, 3563, 3625, 3633, 3677, 3779, 3930, 3989, 4057]
Iter#13843233 New set #50000 of size 43 (276.9 its/hit = 0.112s/hit): seed=15539916602218931750 [0, 3, 14, 354, 637, 662, 667, 773, 925, 948, 1082, 1116, 1184, 1312, 1330, 1343, 1393, 1500, 1575, 1755, 1759, 1831, 1883, 1907, 1959, 1962, 2035, 2307, 2319, 2391, 2435, 2519, 2525, 2624, 2691, 3033, 3067, 3356, 3559, 3617, 3706, 3929, 4042]
Iter#16620480 New set #60000 of size 43 (277.0 its/hit = 0.112s/hit): seed=11666846868192868633 [0, 29, 41, 264, 303, 387, 409, 432, 446, 448, 743, 1061, 1107, 1111, 1140, 1148, 1193, 1203, 1218, 1253, 1732, 1833, 1856, 2073, 2112, 2198, 2239, 2319, 2342, 2345, 2647, 2656, 3041, 3044, 3067, 3257, 3303, 3389, 3493, 3580, 3787, 3793, 3993]
Iter#19410856 New set #70000 of size 43 (277.3 its/hit = 0.112s/hit): seed=15276556761988427148 [0, 42, 144, 303, 465, 557, 590, 631, 726, 829, 935, 968, 973, 974, 1072, 1224, 1399, 1442, 1506, 1583, 1719, 1855, 1936, 2105, 2308, 2422, 2442, 2542, 2761, 2810, 2965, 2996, 3050, 3179, 3302, 3351, 3471, 3505, 3644, 3700, 3832, 3883, 4072]
Iter#22233706 New set #80000 of size 43 (277.9 its/hit = 0.112s/hit): seed=1668742405161415640 [0, 109, 121, 125, 236, 423, 458, 914, 1074, 1109, 1161, 1222, 1262, 1314, 1531, 1574, 1585, 1595, 1624, 1628, 1664, 1767, 1889, 1942, 1960, 2002, 2043, 2058, 2140, 2171, 2175, 2239, 2245, 2353, 2359, 2379, 2704, 2850, 2989, 3474, 3674, 3678, 3820]
Iter#25019214 New set #90000 of size 43 (278.0 its/hit = 0.112s/hit): seed=12953916479628107964 [0, 92, 108, 126, 528, 877, 879, 1078, 1087, 1167, 1451, 1590, 1732, 1838, 1845, 1865, 1900, 1902, 1980, 2056, 2058, 2146, 2191, 2210, 2238, 2497, 2542, 2797, 2931, 3004, 3021, 3081, 3083, 3107, 3164, 3224, 3337, 3508, 3559, 3686, 3767, 3890, 3951]
Iter#27833782 New set #100000 of size 43 (278.3 its/hit = 0.112s/hit): seed=948554699970987867 [0, 40, 230, 366, 446, 469, 487, 765, 805, 866, 1105, 1113, 1206, 1214, 1289, 1452, 1683, 1843, 1986, 2067, 2075, 2224, 2292, 2300, 2412, 2498, 2720, 2745, 2812, 2851, 2884, 2980, 2990, 3290, 3471, 3475, 3608, 3612, 3659, 3776, 3825, 3859, 3901]
