[*] Computing DDT
[+] DDT Computed
DDT took 325.378969ms
Iter#1 New set #1 of size 25 (1.0 its/hit = 0.000s/hit): seed=7859520106762459820 [290, 333, 507, 644, 691, 830, 847, 897, 994, 1073, 1192, 1510, 1754, 1808, 2075, 2196, 2298, 2361, 2541, 2845, 2969, 3176, 3370, 3686, 3902]
Iter#2 New set #1 of size 26 (2.0 its/hit = 0.000s/hit): seed=17627809119025309361 [297, 438, 618, 1086, 1106, 1155, 1274, 1637, 1711, 1833, 1962, 2052, 2224, 2372, 2409, 2430, 2555, 2896, 3007, 3512, 3559, 3596, 3845, 3987, 4001, 4036]
Iter#3 New set #1 of size 27 (3.0 its/hit = 0.000s/hit): seed=12357748328673584 [105, 340, 388, 660, 753, 820, 843, 958, 1041, 1258, 1698, 1926, 2142, 2261, 2296, 2310, 2594, 2811, 2954, 3071, 3122, 3260, 3320, 3541, 3625, 3731, 3788]
Iter#4 New set #2 of size 27 (2.0 its/hit = 0.000s/hit): seed=1205007982591606783 [91, 258, 275, 443, 517, 752, 875, 1035, 1248, 1485, 1814, 1946, 1978, 1997, 2217, 2328, 2644, 2668, 2783, 2830, 2973, 3053, 3202, 3789, 3875, 3920, 3940]
Iter#8 New set #3 of size 27 (2.7 its/hit = 0.000s/hit): seed=12898305182824964753 [115, 233, 296, 326, 350, 583, 585, 803, 851, 943, 1140, 1162, 1697, 1722, 1735, 2153, 2736, 2810, 2838, 2890, 2959, 3388, 3537, 3576, 3763, 3948, 4035]
Iter#14 New set #4 of size 27 (3.5 its/hit = 0.000s/hit): seed=8408583997352592360 [302, 440, 736, 737, 814, 852, 1160, 1331, 1618, 1835, 1964, 2013, 2090, 2289, 2586, 2630, 2848, 3229, 3256, 3284, 3326, 3452, 3565, 3664, 3848, 3880, 4010]
Iter#17 New set #5 of size 27 (3.4 its/hit = 0.000s/hit): seed=18266799622604032304 [251, 382, 504, 752, 1124, 1520, 1681, 1724, 1725, 1805, 2165, 2327, 2377, 2663, 2682, 2856, 2894, 2931, 2985, 3245, 3355, 3403, 3441, 3790, 3824, 4010, 4087]
Iter#18 New set #1 of size 28 (18.0 its/hit = 0.000s/hit): seed=14947855878715349077 [156, 208, 476, 1151, 1314, 1376, 1426, 1510, 1528, 1742, 1987, 2182, 2281, 2328, 2429, 2511, 2714, 2905, 3024, 3035, 3212, 3411, 3522, 3523, 3642, 3701, 3765, 4027]
Iter#34 New set #2 of size 28 (17.0 its/hit = 0.000s/hit): seed=13898194186711913746 [7, 12, 118, 297, 300, 338, 365, 433, 452, 494, 528, 546, 919, 959, 1046, 1130, 1176, 1231, 1272, 1481, 1559, 1977, 1993, 2227, 2465, 2545, 3128, 3768]
Iter#43 New set #3 of size 28 (14.3 its/hit = 0.000s/hit): seed=3504614626064704818 [187, 193, 332, 355, 365, 369, 683, 791, 1139, 1192, 1257, 1959, 2137, 2737, 2775, 2778, 2842, 2979, 3039, 3178, 3186, 3308, 3371, 3388, 3671, 3769, 3813, 3957]
Iter#73 New set #4 of size 28 (18.2 its/hit = 0.000s/hit): seed=9187585299250890862 [143, 413, 715, 758, 833, 893, 929, 1373, 1794, 1899, 2000, 2130, 2151, 2467, 2578, 2637, 2697, 2725, 2727, 2767, 2958, 3162, 3176, 3488, 3495, 3709, 3884, 4069]
Iter#97 New set #5 of size 28 (19.4 its/hit = 0.000s/hit): seed=11245374727716227828 [35, 130, 209, 336, 381, 502, 628, 1050, 1153, 1218, 1248, 1332, 1337, 1453, 1658, 1666, 2050, 2183, 2189, 2454, 2886, 2926, 2992, 3068, 3418, 3462, 3757, 3892]
Iter#114 New set #6 of size 28 (19.0 its/hit = 0.000s/hit): seed=15483663220576293409 [5, 17, 28, 121, 145, 307, 544, 833, 979, 1180, 1288, 1488, 1686, 1808, 1995, 2023, 2125, 2397, 2439, 2663, 2674, 3083, 3110, 3141, 3256, 3833, 3918, 3996]
Iter#119 New set #7 of size 28 (17.0 its/hit = 0.000s/hit): seed=1959870309950294297 [461, 576, 603, 605, 655, 746, 965, 1205, 1439, 1518, 1522, 1591, 1735, 1895, 1928, 1951, 2240, 2296, 2340, 2736, 2992, 3065, 3173, 3410, 3511, 3632, 3894, 3979]
Iter#129 New set #1 of size 29 (129.0 its/hit = 0.000s/hit): seed=2946533584424719223 [222, 255, 319, 349, 399, 412, 414, 1081, 1095, 1206, 1386, 1460, 1535, 1841, 1915, 1917, 2294, 2331, 2467, 2612, 3014, 3234, 3387, 3453, 3536, 3749, 3759, 4040, 4075]
Iter#213 New set #2 of size 29 (106.5 its/hit = 0.000s/hit): seed=6830262761639154099 [13, 64, 81, 148, 149, 187, 377, 437, 466, 934, 1196, 1272, 1366, 1600, 1716, 1800, 1923, 2190, 2425, 2472, 2593, 2621, 2659, 2851, 2878, 3373, 3537, 3603, 4004]
Iter#256 New set #3 of size 29 (85.3 its/hit = 0.000s/hit): seed=11197841565518032538 [98, 186, 220, 287, 288, 353, 667, 1047, 1121, 1131, 1426, 1461, 1487, 1557, 1986, 2004, 2236, 2540, 2730, 2788, 2801, 2893, 2935, 3108, 3371, 3688, 3735, 3987, 4070]
Iter#272 New set #4 of size 29 (68.0 its/hit = 0.000s/hit): seed=3384836884822367097 [154, 194, 240, 319, 376, 397, 658, 686, 827, 862, 912, 1045, 1381, 1429, 1473, 1613, 1888, 1916, 2027, 2100, 2288, 2745, 2998, 3089, 3338, 3393, 3482, 3520, 3523]
Iter#348 New set #5 of size 29 (69.6 its/hit = 0.000s/hit): seed=11153417460256469887 [9, 90, 118, 340, 384, 515, 527, 849, 1202, 1207, 1215, 1582, 1689, 1758, 1858, 1925, 2164, 2575, 2751, 2775, 2790, 2984, 2988, 3037, 3287, 3448, 3687, 3997, 4070]
Iter#377 New set #1 of size 30 (377.0 its/hit = 0.000s/hit): seed=13020132359793569748 [112, 218, 256, 492, 744, 1035, 1197, 1285, 1468, 1641, 1687, 1825, 2547, 2732, 2752, 2837, 2847, 2911, 2951, 2983, 3161, 3429, 3508, 3520, 3527, 3837, 3886, 4013, 4016, 4078]
Iter#439 New set #1 of size 31 (439.0 its/hit = 0.000s/hit): seed=8496970156087673099 [0, 134, 189, 365, 495, 682, 816, 1158, 1440, 1566, 1623, 1670, 1907, 2271, 2348, 2425, 2500, 2551, 2787, 2841, 3055, 3173, 3188, 3264, 3441, 3483, 3690, 3769, 3929, 3963, 4063]
Iter#467 New set #2 of size 31 (233.5 its/hit = 0.000s/hit): seed=16443743850703772513 [0, 61, 96, 140, 322, 553, 573, 624, 818, 1033, 1129, 1367, 1374, 1400, 1623, 2197, 2212, 2338, 2348, 2433, 2492, 2728, 2827, 2994, 3046, 3578, 3610, 3734, 3742, 3813, 3963]
Iter#495 New set #3 of size 31 (165.0 its/hit = 0.000s/hit): seed=8016647713699489011 [0, 88, 184, 265, 291, 342, 354, 444, 494, 764, 1133, 1306, 1346, 1489, 1715, 1739, 1922, 1984, 1986, 2101, 2398, 2681, 2906, 2980, 3172, 3492, 3630, 3718, 3804, 3916, 3928]
Iter#653 New set #4 of size 31 (163.2 its/hit = 0.000s/hit): seed=10341536274591916075 [0, 52, 340, 421, 547, 795, 1027, 1065, 1167, 1176, 1391, 1416, 1446, 2103, 2118, 2279, 2437, 2583, 2713, 2756, 2864, 2883, 2909, 3000, 3085, 3102, 3872, 4031, 4032, 4084, 4086]
Iter#684 New set #5 of size 31 (136.8 its/hit = 0.000s/hit): seed=7555513338896001820 [0, 114, 261, 517, 585, 610, 1209, 1344, 1423, 1544, 1665, 2072, 2142, 2187, 2267, 2297, 2333, 2438, 2788, 2805, 2947, 3002, 3403, 3538, 3637, 3670, 3674, 3677, 3842, 4016, 4021]
Iter#892 New set #6 of size 31 (148.7 its/hit = 0.000s/hit): seed=9480432627270581967 [157, 239, 268, 330, 377, 482, 972, 1134, 1501, 1543, 1922, 2018, 2086, 2592, 2688, 2783, 3010, 3061, 3089, 3251, 3282, 3307, 3433, 3563, 3832, 3873, 3878, 3884, 3893, 3920, 3994]
Iter#915 New set #7 of size 31 (130.7 its/hit = 0.000s/hit): seed=15816279248511879009 [0, 345, 570, 657, 1023, 1063, 1297, 1397, 1453, 1476, 1526, 2070, 2158, 2192, 2227, 2252, 2276, 2399, 2478, 2538, 2603, 2653, 2720, 2730, 2757, 3145, 3263, 3401, 3427, 3841, 4061]
Iter#1164 New set #8 of size 31 (145.5 its/hit = 0.000s/hit): seed=5627431968267289770 [0, 170, 329, 722, 872, 912, 1101, 1124, 1164, 1412, 1449, 1476, 1878, 1971, 2036, 2098, 2296, 2447, 2495, 2757, 3262, 3409, 3454, 3485, 3522, 3540, 3596, 3740, 3829, 3841, 4053]
Iter#1166 New set #9 of size 31 (129.6 its/hit = 0.000s/hit): seed=14362016237795687455 [189, 367, 455, 520, 550, 683, 713, 881, 961, 1090, 1126, 1526, 1755, 1965, 2083, 2122, 2227, 2320, 2334, 2387, 2580, 2706, 3021, 3315, 3451, 3474, 3823, 3850, 3864, 3963, 4080]
Iter#1277 New set #10 of size 31 (127.7 its/hit = 0.000s/hit): seed=8537720153556690130 [0, 24, 65, 235, 573, 813, 928, 1104, 1333, 1396, 1600, 1638, 1640, 2048, 2089, 2123, 2197, 2208, 2623, 2728, 2923, 3152, 3159, 3357, 3371, 3405, 3413, 3461, 3621, 3632, 3663]
Iter#2091 New set #1 of size 34 (2091.0 its/hit = 0.000s/hit): seed=1170457963924671635 [0, 124, 232, 258, 547, 620, 688, 689, 997, 1011, 1139, 1202, 1539, 1577, 1906, 1920, 2279, 2339, 2448, 2466, 2599, 2756, 2848, 2853, 2877, 3022, 3151, 3209, 3317, 3392, 3749, 3850, 3886, 4038]
Iter#2870 New set #2 of size 34 (1435.0 its/hit = 0.500s/hit): seed=5425024956045022357 [0, 70, 324, 432, 539, 756, 791, 799, 850, 1074, 1355, 1413, 1422, 1435, 1561, 1672, 1689, 1734, 1805, 1867, 2075, 2084, 2508, 2677, 2750, 2830, 3031, 3112, 3436, 3519, 3571, 3731, 3820, 4080]
Iter#4363 New set #3 of size 34 (1454.3 its/hit = 0.333s/hit): seed=10736554640474279381 [0, 8, 259, 407, 443, 582, 585, 807, 889, 964, 1049, 1197, 1247, 1352, 1529, 1543, 1553, 1618, 1631, 1664, 1796, 2025, 2096, 2414, 2914, 2922, 3133, 3288, 3403, 3523, 3617, 3842, 4089, 4095]
Iter#6438 New set #4 of size 34 (1609.5 its/hit = 0.500s/hit): seed=2785366144652558327 [0, 23, 70, 308, 826, 857, 894, 935, 1031, 1040, 1208, 1410, 1419, 1564, 1775, 1805, 1867, 1990, 2122, 2242, 2330, 2471, 2592, 2814, 2944, 3008, 3101, 3528, 3548, 3595, 3629, 3710, 3914, 4026]
Iter#6472 New set #5 of size 34 (1294.4 its/hit = 0.400s/hit): seed=1639617827660495162 [0, 106, 143, 313, 374, 475, 517, 603, 729, 896, 1370, 1452, 1478, 1598, 1782, 1800, 2127, 2229, 2260, 2328, 2408, 2438, 2455, 2829, 2947, 2993, 3258, 3270, 3349, 3379, 3459, 3504, 3651, 4060]
Iter#7145 New set #6 of size 34 (1190.8 its/hit = 0.500s/hit): seed=16034759354996148647 [0, 84, 378, 537, 597, 638, 675, 867, 1126, 1330, 1451, 1454, 1547, 1567, 1778, 1868, 1982, 2046, 2082, 2365, 2523, 2626, 2641, 2689, 2759, 2973, 3017, 3058, 3150, 3328, 3419, 3580, 3945, 4048]
Iter#7450 New set #7 of size 34 (1064.3 its/hit = 0.429s/hit): seed=11422119122734398385 [0, 14, 31, 181, 314, 420, 491, 531, 621, 678, 802, 870, 925, 1028, 1052, 1103, 1136, 1150, 1152, 1773, 1901, 1945, 2090, 2180, 2336, 2497, 2541, 2574, 2699, 2772, 2868, 3784, 3949, 3954]
Iter#9169 New set #8 of size 34 (1146.1 its/hit = 0.375s/hit): seed=1927646875742641244 [0, 117, 127, 431, 490, 648, 674, 1123, 1163, 1251, 1280, 1289, 1443, 1484, 1787, 1828, 1853, 1954, 2235, 2359, 2570, 2611, 2615, 2649, 2740, 2753, 2820, 2888, 2939, 3220, 3338, 3453, 3507, 3713]
Iter#9451 New set #9 of size 34 (1050.1 its/hit = 0.444s/hit): seed=464561789055064822 [0, 12, 124, 126, 209, 451, 610, 798, 820, 975, 1102, 1191, 1574, 1624, 1649, 1941, 2219, 2632, 2639, 2779, 3084, 3129, 3209, 3317, 3406, 3434, 3538, 3585, 3678, 3795, 3797, 3807, 3862, 4016]
Iter#14573 New set #10 of size 34 (1457.3 its/hit = 0.600s/hit): seed=10451023283068384618 [0, 180, 341, 369, 496, 614, 745, 793, 966, 1235, 1335, 1366, 1393, 1632, 1680, 1772, 1845, 1850, 2056, 2151, 2262, 2467, 2561, 2796, 2971, 3495, 3838, 3889, 3890, 3912, 3919, 3973, 3983, 4059]
Iter#25363 New set #1 of size 37 (25363.0 its/hit = 10.000s/hit): seed=2467765794152642922 [0, 145, 304, 551, 770, 869, 991, 1307, 1313, 1644, 1654, 1726, 1737, 1790, 2024, 2097, 2145, 2160, 2534, 2811, 2867, 2889, 2928, 2982, 3016, 3019, 3032, 3224, 3333, 3410, 3439, 3446, 3450, 3590, 3680, 3957, 3978]
Iter#32291 New set #2 of size 37 (16145.5 its/hit = 6.500s/hit): seed=2788888223761593947 [0, 31, 93, 432, 971, 1104, 1132, 1223, 1315, 1376, 1400, 1707, 1843, 1847, 1910, 2048, 2053, 2290, 2418, 2426, 2554, 2750, 2830, 3046, 3064, 3152, 3153, 3230, 3266, 3279, 3464, 3541, 3657, 3724, 3742, 3949, 3954]
Iter#40773 New set #3 of size 37 (13591.0 its/hit = 5.667s/hit): seed=17212122945535498600 [0, 7, 216, 345, 568, 575, 742, 749, 950, 1045, 1081, 1093, 1206, 1298, 1375, 1410, 1415, 1704, 1710, 1792, 2010, 2122, 2176, 2210, 2227, 2538, 2593, 2628, 2866, 2905, 2974, 3140, 3221, 3528, 3575, 3608, 3616]
Iter#93693 New set #4 of size 37 (23423.2 its/hit = 10.000s/hit): seed=13313479832985776677 [0, 145, 284, 419, 530, 674, 688, 773, 923, 1280, 1582, 1660, 1840, 1952, 1954, 2061, 2166, 2179, 2316, 2410, 2448, 2485, 2503, 2569, 2748, 2840, 2844, 2847, 2848, 2889, 3032, 3378, 3478, 3831, 3972, 4013, 4041]
Iter#96249 New set #5 of size 37 (19249.8 its/hit = 8.200s/hit): seed=16824230767554758574 [0, 49, 382, 450, 565, 776, 850, 943, 1015, 1191, 1240, 1355, 1387, 1426, 1561, 1633, 1746, 1847, 1874, 1891, 1911, 1964, 1971, 2219, 2495, 2548, 2582, 2631, 2812, 3063, 3064, 3084, 3191, 3279, 3596, 3685, 3884]
Iter#119483 New set #6 of size 37 (19913.8 its/hit = 8.500s/hit): seed=16175948936968291897 [0, 271, 307, 410, 588, 628, 763, 1059, 1214, 1271, 1500, 1535, 1614, 1667, 1717, 1751, 1794, 1839, 1936, 2264, 2268, 2331, 2395, 2460, 2519, 2537, 2552, 3142, 3170, 3171, 3424, 3445, 3547, 3609, 3861, 3902, 3995]
Iter#137683 New set #7 of size 37 (19669.0 its/hit = 8.429s/hit): seed=12315461133303050166 [0, 25, 39, 88, 110, 119, 160, 404, 529, 609, 709, 849, 1046, 1141, 1306, 1346, 1597, 2018, 2021, 2057, 2110, 2189, 2204, 2584, 2655, 2741, 2749, 2843, 3099, 3200, 3259, 3305, 3415, 3654, 3681, 3853, 3944]
Iter#151892 New set #8 of size 37 (18986.5 its/hit = 8.125s/hit): seed=13683871556515368197 [0, 62, 159, 188, 244, 300, 519, 744, 811, 935, 1115, 1255, 1266, 1282, 1302, 1492, 1682, 1830, 2002, 2063, 2350, 2409, 2790, 2961, 3101, 3282, 3322, 3341, 3599, 3604, 3633, 3642, 3719, 3895, 4008, 4026, 4091]
Iter#152269 New set #9 of size 37 (16918.8 its/hit = 7.222s/hit): seed=15878157227374881388 [0, 255, 258, 328, 563, 666, 694, 759, 777, 782, 808, 959, 1067, 1084, 1157, 1238, 1357, 1418, 1504, 1674, 1698, 1713, 1774, 1823, 2015, 2309, 2599, 2815, 2853, 2878, 3009, 3035, 3144, 3268, 3307, 3706, 3800]
Iter#160316 New set #10 of size 37 (16031.6 its/hit = 6.900s/hit): seed=5944727283257745302 [0, 194, 527, 547, 592, 637, 652, 703, 763, 862, 1191, 1194, 1250, 1456, 1935, 2091, 2121, 2198, 2219, 2246, 2279, 2630, 2734, 2756, 2902, 2968, 3084, 3273, 3342, 3361, 3366, 3388, 3424, 3948, 3970, 3995, 4092]
Iter#390838 New set #20 of size 37 (19541.9 its/hit = 8.450s/hit): seed=15376848472108261600 [0, 183, 200, 236, 294, 372, 605, 750, 880, 892, 952, 957, 968, 1142, 1542, 1641, 1695, 1710, 1821, 2059, 2138, 2236, 2598, 2675, 2708, 2719, 2905, 2916, 3047, 3083, 3104, 3228, 3435, 3575, 3607, 3777, 3858]
Iter#655842 New set #30 of size 37 (21861.4 its/hit = 9.500s/hit): seed=6883025122727509321 [0, 54, 192, 343, 432, 701, 807, 974, 1085, 1210, 1229, 1371, 1389, 1609, 1919, 2066, 2253, 2256, 2258, 2506, 2515, 2669, 2750, 2830, 2915, 2985, 3277, 3288, 3335, 3370, 3433, 3482, 3570, 3644, 3988, 4018, 4095]
Iter#1006592 New set #40 of size 37 (25164.8 its/hit = 10.925s/hit): seed=13813517465785000685 [0, 50, 156, 220, 238, 261, 657, 711, 1276, 1315, 1387, 1436, 1772, 1952, 2031, 2061, 2072, 2085, 2233, 2252, 2333, 2376, 2418, 2467, 2558, 2587, 2631, 2653, 2660, 2873, 3153, 3736, 3751, 3884, 3919, 3975, 4013]
Iter#1256431 New set #50 of size 37 (25128.6 its/hit = 10.900s/hit): seed=7306891007895753672 [0, 318, 391, 752, 853, 884, 887, 904, 947, 963, 1014, 1057, 1076, 1230, 1405, 1545, 1908, 2017, 2033, 2353, 2524, 2698, 2745, 2777, 2823, 3108, 3297, 3318, 3384, 3521, 3560, 3586, 3652, 3717, 3863, 3991, 4027]
Iter#1495396 New set #60 of size 37 (24923.3 its/hit = 10.817s/hit): seed=2351961783663497753 [0, 40, 65, 651, 667, 715, 813, 850, 1076, 1245, 1333, 1355, 1396, 1514, 1561, 1812, 1825, 1828, 1852, 1879, 2021, 2189, 2214, 2313, 2524, 2649, 2872, 2962, 3357, 3453, 3517, 3560, 3632, 3894, 3944, 4069, 4081]
Iter#1535604 New set #1 of size 40 (1535604.0 its/hit = 666.000s/hit): seed=1502420930010144669 [0, 136, 174, 287, 395, 497, 534, 773, 799, 858, 888, 1619, 1719, 1810, 2086, 2087, 2149, 2251, 2266, 2316, 2569, 2609, 2762, 2855, 2871, 2978, 2991, 3107, 3225, 3443, 3456, 3496, 3571, 3625, 3643, 3815, 3820, 3892, 4042, 4088]
Iter#5886571 New set #2 of size 40 (2943285.5 its/hit = 1279.000s/hit): seed=5594376843836414513 [0, 5, 15, 154, 242, 249, 489, 614, 647, 747, 878, 1058, 1088, 1243, 1285, 1394, 1855, 1944, 1957, 2010, 2108, 2151, 2194, 2199, 2254, 2342, 2386, 2397, 2484, 2561, 2601, 2608, 2687, 2911, 2974, 3140, 3647, 3774, 3893, 3931]
