[*] Computing DDT
[+] DDT Computed
DDT took 342.481498ms
Iter#1 New set #1 of size 28 (1.0 its/hit = 0.000s/hit): seed=55420166776027823 [7, 47, 141, 191, 329, 566, 773, 1337, 1394, 1414, 1606, 1759, 2068, 2288, 2403, 2763, 2846, 2859, 2891, 2964, 3007, 3086, 3182, 3189, 3525, 3602, 3757, 4085]
Iter#2 New set #1 of size 31 (2.0 its/hit = 0.000s/hit): seed=4277150948676092236 [65, 122, 234, 393, 401, 456, 459, 493, 761, 851, 1036, 1157, 1759, 1938, 2001, 2021, 2087, 2150, 2407, 2478, 2543, 2756, 3009, 3209, 3222, 3350, 3355, 3387, 3674, 3687, 4043]
Iter#3 New set #2 of size 31 (1.5 its/hit = 0.000s/hit): seed=15324969106234515145 [211, 258, 454, 495, 620, 694, 948, 960, 1166, 1242, 1252, 1407, 1616, 1667, 1695, 1762, 2223, 2363, 2384, 2755, 2931, 3071, 3102, 3105, 3356, 3413, 3487, 3661, 3752, 3894, 4010]
Iter#5 New set #3 of size 31 (1.7 its/hit = 0.000s/hit): seed=8458727353796499475 [86, 127, 141, 370, 560, 562, 906, 1035, 1124, 1200, 1337, 1405, 1474, 1489, 1912, 1941, 2264, 2357, 2369, 2514, 2778, 2930, 2978, 2984, 3148, 3347, 3350, 3637, 3690, 3717, 3864]
Iter#8 New set #1 of size 32 (8.0 its/hit = 0.000s/hit): seed=4151670364699956840 [56, 97, 264, 651, 655, 873, 970, 1023, 1090, 1342, 1344, 1413, 1453, 1584, 1772, 1816, 2059, 2106, 2343, 2424, 2573, 2577, 2592, 2817, 2835, 3325, 3330, 3447, 3452, 3595, 3885, 3988]
Iter#13 New set #2 of size 32 (6.5 its/hit = 0.000s/hit): seed=8448746373328557619 [27, 43, 108, 538, 559, 705, 782, 955, 1022, 1029, 1052, 1268, 1478, 1512, 1662, 1680, 1757, 2034, 2184, 2320, 2426, 2773, 2912, 3025, 3218, 3294, 3340, 3665, 3703, 3720, 3890, 4045]
Iter#36 New set #3 of size 32 (12.0 its/hit = 0.000s/hit): seed=12227048407154602578 [323, 400, 706, 796, 801, 850, 853, 1023, 1334, 1550, 1695, 1782, 1968, 2019, 2244, 2320, 2331, 2597, 2854, 3102, 3176, 3512, 3576, 3577, 3680, 3739, 3754, 3771, 3855, 3898, 3939, 3993]
Iter#51 New set #4 of size 32 (12.8 its/hit = 0.000s/hit): seed=11829191778420349376 [19, 137, 601, 604, 961, 962, 1062, 1089, 1098, 1105, 1116, 1160, 1201, 1237, 1692, 1939, 2032, 2544, 2610, 2633, 2726, 2882, 3019, 3156, 3489, 3567, 3683, 3754, 3870, 3991, 4043, 4052]
Iter#61 New set #1 of size 33 (61.0 its/hit = 0.000s/hit): seed=2941517141238789164 [10, 129, 673, 748, 842, 932, 1187, 1243, 1249, 1398, 1600, 1759, 1974, 1980, 2277, 2287, 2308, 2369, 2389, 2452, 2490, 2665, 2843, 2879, 2972, 3048, 3120, 3342, 3419, 3434, 3923, 3929, 4090]
Iter#63 New set #1 of size 34 (63.0 its/hit = 0.000s/hit): seed=1275803726390335398 [204, 357, 375, 449, 848, 898, 963, 1221, 1310, 1440, 1525, 1701, 1823, 1956, 2003, 2047, 2144, 2187, 2213, 2309, 2797, 2901, 2969, 3061, 3146, 3206, 3237, 3393, 3408, 3433, 3520, 3584, 3611, 3833]
Iter#101 New set #1 of size 35 (101.0 its/hit = 0.000s/hit): seed=1786046060896571913 [116, 167, 211, 365, 383, 601, 635, 772, 1140, 1350, 1616, 1722, 1773, 1868, 1965, 2007, 2390, 2500, 2593, 2769, 2842, 2892, 2926, 3005, 3017, 3032, 3077, 3081, 3105, 3227, 3574, 3658, 3699, 3774, 3951]
Iter#351 New set #1 of size 38 (351.0 its/hit = 0.000s/hit): seed=10408615150841202583 [172, 262, 264, 382, 420, 588, 719, 742, 756, 1053, 1134, 1152, 1293, 1384, 1740, 1911, 2041, 2146, 2262, 2451, 2529, 2606, 2679, 2791, 2837, 3041, 3121, 3204, 3229, 3298, 3308, 3385, 3477, 3608, 3721, 3758, 3931, 3983]
Iter#746 New set #2 of size 38 (373.0 its/hit = 0.000s/hit): seed=11257236069853665782 [54, 112, 136, 310, 326, 447, 500, 604, 618, 624, 665, 743, 1064, 1112, 1147, 1206, 1310, 1321, 1372, 1386, 1390, 1537, 1617, 1635, 1792, 1846, 2012, 2096, 2335, 2775, 2806, 2889, 3206, 3211, 3221, 3370, 3681, 3840]
Iter#901 New set #1 of size 39 (901.0 its/hit = 0.000s/hit): seed=9458098125306561953 [51, 139, 224, 325, 421, 531, 544, 613, 690, 750, 774, 876, 917, 1367, 1730, 1851, 2059, 2113, 2207, 2220, 2250, 2258, 2337, 2369, 2569, 2596, 2700, 2735, 2751, 2759, 2772, 3094, 3627, 3780, 3787, 3950, 3971, 3982, 4008]
Iter#1053 New set #2 of size 39 (526.5 its/hit = 0.000s/hit): seed=5953944323145644345 [82, 333, 405, 557, 657, 679, 772, 864, 1213, 1217, 1520, 1536, 1618, 1638, 1680, 1771, 2013, 2442, 2470, 2548, 2673, 2742, 2808, 2861, 3052, 3100, 3164, 3223, 3307, 3403, 3424, 3465, 3622, 3725, 3772, 3864, 4006, 4076, 4084]
Iter#2205 New set #1 of size 40 (2205.0 its/hit = 0.000s/hit): seed=14967562237506051847 [0, 273, 432, 514, 595, 655, 656, 766, 790, 825, 1518, 1527, 1737, 1741, 1781, 1801, 1893, 1918, 2060, 2120, 2221, 2270, 2274, 2491, 2509, 2691, 2711, 2737, 2750, 2830, 2950, 2982, 3001, 3003, 3439, 3502, 3603, 3735, 3885, 3896]
Iter#3866 New set #2 of size 40 (1933.0 its/hit = 0.500s/hit): seed=12247375932323145294 [67, 94, 95, 389, 481, 508, 546, 795, 815, 844, 876, 990, 1145, 1217, 1412, 1736, 1890, 2048, 2115, 2214, 2227, 2244, 2383, 2436, 2604, 2634, 2705, 2863, 2876, 2924, 2925, 2952, 3005, 3295, 3392, 3457, 3596, 4036, 4040, 4043]
Iter#5678 New set #3 of size 40 (1892.7 its/hit = 0.667s/hit): seed=13442731702219388677 [150, 296, 373, 483, 505, 638, 851, 903, 912, 955, 1030, 1243, 1355, 1535, 1536, 1616, 1656, 1746, 1776, 1901, 1921, 1946, 1957, 2042, 2072, 2216, 2352, 2686, 2835, 3169, 3319, 3348, 3458, 3555, 3672, 3786, 3868, 4034, 4056, 4066]
Iter#6789 New set #4 of size 40 (1697.2 its/hit = 0.500s/hit): seed=566986569945343870 [26, 373, 477, 483, 537, 547, 612, 638, 642, 716, 789, 847, 1119, 1137, 1322, 1326, 1346, 1368, 1633, 1830, 1852, 1892, 2213, 2345, 2413, 2612, 2662, 2680, 2686, 2827, 3079, 3186, 3348, 3356, 3458, 3593, 3617, 3912, 3924, 4056]
Iter#8570 New set #5 of size 40 (1714.0 its/hit = 0.600s/hit): seed=15375659604211306371 [109, 414, 423, 479, 543, 555, 582, 758, 960, 964, 1070, 1087, 1169, 1233, 1243, 1464, 1493, 1521, 1540, 1585, 1901, 1939, 1955, 2030, 2043, 2046, 2139, 2207, 2322, 2437, 2443, 2556, 2625, 2807, 3514, 3679, 3710, 3720, 3755, 4088]
Iter#8612 New set #6 of size 40 (1435.3 its/hit = 0.500s/hit): seed=13571507888140311503 [66, 134, 188, 404, 689, 728, 749, 755, 889, 998, 1153, 1219, 1556, 1561, 1584, 1650, 1682, 1701, 1799, 2100, 2226, 2686, 2831, 2926, 2971, 2981, 2995, 3098, 3350, 3396, 3470, 3498, 3616, 3715, 3750, 3786, 3810, 3831, 3938, 3939]
Iter#13509 New set #7 of size 40 (1929.9 its/hit = 0.571s/hit): seed=16160089222114378364 [382, 386, 477, 602, 687, 862, 903, 1052, 1239, 1475, 1592, 1607, 1621, 1656, 1693, 1835, 1989, 2206, 2213, 2229, 2245, 2270, 2359, 2570, 2575, 2918, 2971, 3106, 3169, 3186, 3334, 3516, 3578, 3643, 3672, 3805, 3826, 3902, 3952, 4070]
Iter#15367 New set #8 of size 40 (1920.9 its/hit = 0.625s/hit): seed=1612392426383829753 [70, 176, 276, 506, 586, 642, 654, 862, 1053, 1207, 1239, 1305, 1375, 1411, 1560, 1606, 1621, 1683, 2085, 2110, 2296, 2353, 2411, 2421, 2597, 2659, 2671, 2939, 3049, 3067, 3286, 3319, 3357, 3432, 3516, 3900, 3902, 3962, 4070, 4085]
Iter#21049 New set #9 of size 40 (2338.8 its/hit = 0.778s/hit): seed=851786329436902166 [170, 203, 276, 344, 482, 830, 1166, 1207, 1265, 1299, 1475, 1805, 1906, 1968, 1990, 2008, 2312, 2421, 2424, 2464, 2483, 2614, 2644, 2709, 2830, 2935, 2944, 2980, 3156, 3196, 3286, 3462, 3638, 3651, 3684, 3701, 3768, 3774, 3974, 4044]
Iter#21546 New set #10 of size 40 (2154.6 its/hit = 0.700s/hit): seed=156756976395478663 [112, 240, 398, 500, 591, 626, 734, 810, 910, 1022, 1216, 1281, 1306, 1358, 1514, 1925, 2068, 2096, 2208, 2458, 2490, 2500, 2559, 2679, 2695, 2798, 2842, 3225, 3284, 3305, 3344, 3418, 3764, 3830, 3836, 3863, 3925, 3943, 3949, 3997]
Iter#48662 New set #20 of size 40 (2433.1 its/hit = 0.750s/hit): seed=15328608827674632538 [165, 312, 342, 513, 529, 649, 991, 1160, 1257, 1351, 1686, 1689, 1723, 1768, 1966, 2049, 2134, 2180, 2182, 2196, 2218, 2257, 2310, 2340, 2361, 2439, 2647, 2648, 2711, 2830, 2910, 2994, 3086, 3263, 3543, 3615, 3735, 3774, 3943, 4015]
Iter#60706 New set #30 of size 40 (2023.5 its/hit = 0.633s/hit): seed=11222969124293106931 [6, 320, 321, 452, 606, 765, 911, 936, 1038, 1148, 1217, 1267, 1707, 1725, 1758, 1779, 1883, 1913, 1965, 2035, 2153, 2203, 2278, 2310, 2338, 2486, 2557, 2590, 2674, 2704, 2708, 2993, 3175, 3397, 3457, 3598, 3675, 3738, 3821, 3999]
Iter#84971 New set #40 of size 40 (2124.3 its/hit = 0.650s/hit): seed=15195305988456460824 [48, 50, 170, 178, 214, 385, 448, 555, 1003, 1109, 1122, 1204, 1347, 1390, 1492, 1521, 1528, 1614, 2081, 2083, 2126, 2154, 2267, 2378, 2446, 2464, 2552, 2661, 2936, 2953, 2981, 2990, 3081, 3188, 3259, 3432, 3573, 3817, 3866, 4044]
Iter#95946 New set #50 of size 40 (1918.9 its/hit = 0.580s/hit): seed=5325552179941033573 [249, 368, 543, 702, 724, 761, 1302, 1342, 1432, 1479, 1505, 1684, 1801, 1845, 1874, 1912, 1949, 2011, 2020, 2109, 2173, 2180, 2216, 2280, 2401, 2593, 2628, 2807, 2868, 2997, 3200, 3280, 3376, 3395, 3488, 3514, 3582, 3622, 3668, 4065]
Iter#119444 New set #60 of size 40 (1990.7 its/hit = 0.600s/hit): seed=13288331460208998282 [265, 268, 292, 365, 602, 841, 1100, 1384, 1473, 1482, 1510, 1581, 1685, 1693, 1824, 1828, 1937, 1980, 2053, 2133, 2146, 2209, 2316, 2383, 2393, 2405, 2546, 2799, 2837, 2993, 3019, 3153, 3241, 3624, 3747, 3784, 3827, 3873, 3975, 4036]
Iter#133553 New set #70 of size 40 (1907.9 its/hit = 0.571s/hit): seed=882998982458544856 [127, 153, 269, 382, 404, 599, 731, 894, 899, 1047, 1049, 1166, 1301, 1306, 1325, 1386, 1411, 1548, 1652, 1665, 1669, 1710, 1906, 2096, 2112, 2366, 2463, 2528, 2636, 2860, 2995, 3210, 3252, 3317, 3357, 3477, 3501, 3660, 3742, 3890]
Iter#146972 New set #80 of size 40 (1837.2 its/hit = 0.550s/hit): seed=14473272732687083265 [12, 40, 57, 369, 477, 622, 627, 654, 789, 829, 851, 862, 972, 1119, 1361, 1410, 1560, 1591, 1595, 1693, 1745, 1804, 1897, 2173, 2245, 2285, 2359, 2363, 2671, 2741, 2846, 3024, 3064, 3191, 3334, 3551, 3840, 3852, 3865, 4003]
Iter#155836 New set #90 of size 40 (1731.5 its/hit = 0.522s/hit): seed=9068333165820632188 [0, 37, 145, 267, 322, 327, 395, 460, 547, 571, 624, 818, 1170, 1204, 1228, 1257, 1301, 1458, 1611, 1824, 1927, 1929, 2248, 2279, 2314, 2329, 2685, 2756, 2786, 2889, 2981, 3032, 3103, 3107, 3174, 3437, 3496, 3501, 3823, 4072]
Iter#186781 New set #100 of size 40 (1867.8 its/hit = 0.560s/hit): seed=14360041995204259973 [0, 14, 360, 488, 574, 632, 715, 723, 1121, 1136, 1147, 1150, 1514, 1633, 1793, 1797, 1825, 1876, 2128, 2175, 2201, 2215, 2452, 2582, 2600, 2676, 2818, 2852, 3105, 3191, 3298, 3365, 3660, 3721, 3733, 3867, 3883, 3939, 4004, 4065]
Iter#432852 New set #200 of size 40 (2164.3 its/hit = 0.640s/hit): seed=8770212304843217232 [59, 231, 407, 447, 641, 708, 732, 743, 746, 830, 1052, 1112, 1166, 1476, 1487, 1560, 1730, 1792, 2030, 2059, 2202, 2317, 2424, 2448, 2451, 2475, 2892, 2935, 3004, 3196, 3260, 3266, 3413, 3423, 3523, 3704, 3837, 3906, 3955, 4012]
Iter#616610 New set #300 of size 40 (2055.4 its/hit = 0.603s/hit): seed=17363510113950509054 [78, 138, 364, 496, 523, 635, 949, 1126, 1260, 1365, 1428, 1700, 1951, 1981, 1992, 2021, 2035, 2291, 2323, 2462, 2590, 2772, 2808, 2896, 2930, 3003, 3034, 3061, 3078, 3144, 3174, 3258, 3431, 3478, 3542, 3663, 3746, 3894, 3948, 4028]
Iter#682578 New set #1 of size 43 (682578.0 its/hit = 200.000s/hit): seed=10258329937577302470 [0, 23, 209, 255, 315, 362, 798, 975, 989, 1031, 1040, 1041, 1062, 1121, 1356, 1363, 1559, 1582, 1609, 1610, 1781, 1836, 1879, 2214, 2340, 2509, 2724, 2818, 2844, 2878, 2900, 2915, 3009, 3155, 3310, 3370, 3378, 3381, 3591, 3896, 3939, 3982, 4081]
Iter#1216102 New set #2 of size 43 (608051.0 its/hit = 178.000s/hit): seed=9508041631787163105 [0, 529, 547, 943, 1046, 1225, 1226, 1240, 1388, 1420, 1544, 1581, 1715, 1744, 1896, 1911, 2009, 2057, 2101, 2142, 2168, 2226, 2279, 2488, 2584, 2751, 2756, 2843, 2997, 3018, 3025, 3061, 3091, 3124, 3195, 3218, 3293, 3329, 3348, 3670, 3718, 3853, 3903]
Iter#1808098 New set #3 of size 43 (602699.3 its/hit = 176.000s/hit): seed=10914443484055426613 [0, 2, 5, 82, 385, 482, 523, 832, 1005, 1104, 1132, 1159, 1169, 1237, 1319, 1472, 1487, 1570, 1675, 2048, 2194, 2199, 2290, 2334, 2401, 2505, 2532, 2697, 2733, 2735, 2736, 3152, 3181, 3230, 3267, 3564, 3568, 3576, 3691, 3952, 3977, 3989, 4083]
Iter#2227610 New set #4 of size 43 (556902.5 its/hit = 162.750s/hit): seed=10209318984938794459 [0, 225, 236, 248, 369, 488, 510, 577, 704, 783, 869, 907, 967, 1120, 1256, 1569, 1687, 1897, 1951, 2164, 2243, 2305, 2310, 2415, 2446, 2542, 2553, 2675, 2719, 2846, 2995, 3014, 3020, 3201, 3333, 3334, 3383, 3660, 3680, 3772, 3838, 3983, 4004]
Iter#3401458 New set #5 of size 43 (680291.6 its/hit = 198.600s/hit): seed=6808038406883508753 [0, 91, 219, 249, 287, 412, 522, 567, 660, 719, 721, 802, 908, 1052, 1055, 1058, 1103, 1160, 1198, 1243, 1582, 1901, 2034, 2099, 2319, 2373, 2394, 2479, 2637, 2772, 2844, 2925, 2936, 3204, 3210, 3378, 3418, 3463, 3784, 3811, 3815, 3848, 4088]
Iter#3976084 New set #6 of size 43 (662680.7 its/hit = 193.333s/hit): seed=14347897987401697086 [0, 314, 437, 446, 556, 576, 791, 858, 879, 921, 936, 944, 1359, 1381, 1422, 1638, 1689, 1735, 1751, 1767, 1952, 2061, 2074, 2089, 2321, 2371, 2537, 2574, 2819, 2868, 2908, 2986, 3274, 3443, 3625, 3641, 3663, 3776, 3902, 3966, 4005, 4013, 4054]
Iter#5421110 New set #7 of size 43 (774444.3 its/hit = 226.714s/hit): seed=18011324773660099205 [0, 6, 192, 349, 443, 900, 904, 937, 980, 1102, 1130, 1187, 1522, 1618, 1638, 1809, 1916, 2025, 2030, 2066, 2089, 2111, 2157, 2234, 2258, 2353, 2493, 2502, 2578, 2639, 2668, 2745, 3012, 3167, 3330, 3358, 3585, 3663, 3866, 3868, 3907, 3998, 4011]
Iter#5702642 New set #8 of size 43 (712830.2 its/hit = 208.625s/hit): seed=1297838472119797406 [0, 295, 307, 442, 486, 666, 764, 862, 950, 1020, 1067, 1117, 1206, 1291, 1542, 1713, 1792, 1813, 1966, 2246, 2590, 2598, 2620, 2763, 2885, 2929, 2968, 3027, 3034, 3069, 3104, 3142, 3197, 3339, 3374, 3445, 3492, 3662, 3794, 3819, 3928, 4000, 4044]
Iter#5868731 New set #9 of size 43 (652081.2 its/hit = 190.778s/hit): seed=6687075380077638964 [0, 53, 491, 514, 601, 726, 739, 874, 935, 1063, 1112, 1439, 1600, 1744, 1771, 1778, 1842, 1881, 2034, 2058, 2090, 2158, 2349, 2491, 2497, 2923, 2932, 2936, 2959, 2972, 3001, 3025, 3058, 3101, 3145, 3210, 3286, 3328, 3329, 3371, 3447, 3477, 4026]
Iter#6748531 New set #10 of size 43 (674853.1 its/hit = 197.600s/hit): seed=6930968316818965081 [0, 47, 127, 189, 748, 839, 866, 958, 993, 1283, 1324, 1397, 1413, 1481, 1542, 1844, 1886, 2070, 2225, 2289, 2360, 2407, 2425, 2480, 2500, 2598, 2677, 2820, 2832, 2882, 2939, 2955, 3062, 3104, 3160, 3178, 3190, 3313, 3427, 3822, 3898, 4052, 4080]
Iter#13186878 New set #20 of size 43 (659343.9 its/hit = 193.300s/hit): seed=18163569755262295504 [0, 16, 32, 260, 457, 502, 534, 585, 668, 763, 803, 1087, 1339, 1583, 1593, 1599, 1653, 1751, 1900, 2087, 2357, 2412, 2413, 2440, 2477, 2537, 2609, 2638, 2865, 3075, 3166, 3198, 3403, 3424, 3573, 3584, 3801, 3842, 3852, 3856, 3902, 3995, 4093]
Iter#13946290 New set #1 of size 46 (13946290.0 its/hit = 4089.000s/hit): seed=7289127389144515566 [0, 87, 164, 271, 413, 467, 487, 842, 846, 876, 1158, 1165, 1176, 1296, 1666, 1785, 1822, 1890, 1926, 2028, 2054, 2088, 2264, 2282, 2318, 2345, 2361, 2474, 2516, 2519, 2551, 2672, 2884, 2892, 2921, 3000, 3088, 3143, 3311, 3346, 3441, 3511, 3781, 3833, 3872, 3926]
Iter#17343610 New set #2 of size 46 (8671805.0 its/hit = 2544.500s/hit): seed=16111536674653996075 [0, 46, 71, 225, 311, 406, 436, 469, 574, 822, 844, 1110, 1114, 1267, 1354, 1573, 1726, 1797, 1818, 1909, 1989, 2032, 2062, 2080, 2154, 2244, 2306, 2415, 2446, 2501, 2547, 2556, 2607, 2664, 2852, 2874, 3016, 3105, 3365, 3446, 3487, 3696, 3703, 3771, 3855, 3867]
Iter#31381795 New set #3 of size 46 (10460599.0 its/hit = 3061.333s/hit): seed=11919236029210640003 [0, 68, 70, 147, 159, 310, 375, 484, 613, 627, 635, 866, 932, 989, 1142, 1212, 1233, 1388, 1511, 1670, 1743, 1805, 1867, 2040, 2100, 2168, 2743, 2787, 2916, 2960, 3155, 3160, 3173, 3348, 3407, 3471, 3490, 3493, 3558, 3858, 3895, 3898, 3982, 4008, 4062, 4074]
Iter#32740758 New set #4 of size 46 (8185189.5 its/hit = 2395.000s/hit): seed=14337423845652019858 [0, 58, 322, 341, 397, 456, 540, 562, 624, 676, 690, 753, 818, 831, 839, 1018, 1059, 1502, 1632, 1656, 1814, 1845, 1931, 1997, 2132, 2196, 2225, 2238, 2273, 2536, 2552, 2586, 2680, 2693, 2948, 3006, 3060, 3062, 3072, 3237, 3391, 3475, 3547, 3668, 3871, 3993]
Iter#35993336 New set #5 of size 46 (7198667.0 its/hit = 2105.800s/hit): seed=15570160810876641521 [0, 142, 175, 331, 389, 408, 691, 808, 1056, 1073, 1075, 1083, 1164, 1205, 1223, 1350, 1402, 1418, 1466, 1513, 1637, 1698, 1820, 1863, 2053, 2098, 2141, 2393, 2498, 2520, 2526, 2646, 2890, 3044, 3098, 3158, 3246, 3262, 3266, 3299, 3458, 3613, 3702, 3737, 4007, 4055]
Iter#38803402 New set #6 of size 46 (6467233.5 its/hit = 1892.000s/hit): seed=15214655522895145785 [0, 141, 307, 516, 590, 803, 824, 933, 949, 978, 1025, 1184, 1189, 1294, 1303, 1307, 1492, 1526, 1697, 1714, 1756, 1870, 1903, 1947, 2145, 2257, 2350, 2352, 2413, 2445, 2603, 2638, 2707, 2826, 3142, 3322, 3389, 3445, 3450, 3635, 3755, 3810, 3851, 3955, 3999, 4061]
Iter#40781481 New set #7 of size 46 (5825925.5 its/hit = 1704.286s/hit): seed=14079428173985132068 [0, 83, 308, 330, 336, 358, 363, 587, 635, 776, 790, 882, 1101, 1102, 1455, 1472, 2009, 2020, 2136, 2159, 2221, 2308, 2322, 2325, 2447, 2469, 2548, 2550, 2639, 2663, 2736, 2809, 2812, 2975, 3003, 3018, 3091, 3493, 3522, 3585, 3710, 3826, 3914, 3952, 4002, 4062]
Iter#42673301 New set #8 of size 46 (5334162.5 its/hit = 1560.375s/hit): seed=15857051734122507216 [0, 85, 104, 175, 352, 396, 845, 919, 986, 1155, 1350, 1483, 1507, 1513, 1628, 1682, 1727, 1757, 1770, 1840, 1906, 1921, 1965, 1966, 2092, 2385, 2409, 2420, 2503, 2617, 2877, 3027, 3056, 3151, 3165, 3197, 3510, 3612, 3692, 3792, 3825, 3831, 3843, 3947, 3984, 4091]
Iter#43838586 New set #9 of size 46 (4870954.0 its/hit = 1424.778s/hit): seed=419608492860230431 [0, 145, 164, 179, 183, 317, 330, 367, 789, 955, 1035, 1052, 1277, 1364, 1564, 1862, 1896, 1925, 2059, 2102, 2136, 2236, 2315, 2318, 2322, 2411, 2474, 2767, 2772, 2889, 2913, 2997, 3008, 3032, 3126, 3135, 3249, 3293, 3300, 3337, 3514, 3548, 3550, 3780, 3784, 3875]
