[*] Computing DDT
[+] DDT Computed
DDT took 1.355117101s
Iter#1 New set #1 of size 29 (1.0 its/hit = 0.000s/hit): seed=6432255048403088456 [342, 465, 559, 687, 1621, 2302, 2853, 4267, 4346, 4865, 4870, 5226, 5416, 5530, 5570, 5724, 5806, 6581, 6638, 6683, 6747, 6819, 6862, 6880, 6973, 7168, 7236, 7379, 7869]
Iter#2 New set #1 of size 31 (2.0 its/hit = 0.000s/hit): seed=304025292278795057 [407, 454, 594, 681, 758, 878, 1143, 1317, 1407, 1520, 1750, 2316, 2393, 2414, 2474, 3050, 3296, 3972, 4314, 4362, 4637, 4678, 4888, 5021, 5174, 5758, 6409, 6833, 6964, 7415, 7957]
Iter#8 New set #2 of size 31 (4.0 its/hit = 0.000s/hit): seed=9109718447157099941 [962, 1067, 1595, 2125, 2435, 2627, 2951, 3175, 3179, 3235, 3566, 4276, 4592, 4760, 5024, 5222, 5366, 5848, 6001, 6061, 6082, 6970, 7008, 7073, 7175, 7231, 7344, 7696, 7793, 7813, 7829]
Iter#11 New set #1 of size 34 (11.0 its/hit = 0.000s/hit): seed=9908137873699799195 [195, 496, 691, 852, 962, 1046, 1143, 1205, 1977, 2013, 2023, 2106, 2576, 2620, 2874, 2939, 3314, 3592, 4540, 4668, 5104, 5130, 5214, 5274, 5356, 5636, 5646, 6387, 6585, 6859, 7057, 7317, 7569, 7763]
Iter#233 New set #1 of size 37 (233.0 its/hit = 0.000s/hit): seed=3463862655207087019 [154, 450, 500, 512, 516, 975, 1155, 1443, 1560, 2045, 2555, 2873, 3018, 3495, 4037, 4122, 4387, 4509, 5088, 5186, 5222, 5230, 5233, 5248, 5432, 5865, 6110, 6150, 6274, 6437, 6456, 6949, 7168, 7188, 7728, 7923, 7970]
Iter#23218 New set #2 of size 37 (11609.0 its/hit = 12.000s/hit): seed=12568477094034392476 [204, 310, 341, 360, 1033, 1223, 1860, 2035, 2299, 3021, 3092, 3322, 3378, 3634, 3689, 3850, 4095, 4254, 4314, 4357, 4499, 4740, 4816, 5090, 5310, 5439, 5865, 6036, 6098, 6207, 6393, 6729, 6749, 6840, 6852, 7824, 8019]
Iter#87257 New set #1 of size 38 (87257.0 its/hit = 90.000s/hit): seed=14427684548831964514 [486, 565, 900, 1294, 1424, 1598, 1992, 2048, 2199, 2707, 3573, 3611, 3626, 3667, 3835, 4011, 4038, 4436, 4959, 4976, 5026, 5051, 5267, 5303, 5795, 6052, 6302, 6347, 6569, 6627, 6687, 6738, 6766, 7347, 7595, 7843, 8034, 8117]
Iter#195768 New set #2 of size 38 (97884.0 its/hit = 101.500s/hit): seed=11076054270079741605 [146, 444, 501, 745, 1086, 1121, 1128, 1495, 1691, 1883, 1949, 1969, 1975, 1994, 2285, 2493, 2567, 2611, 2619, 3013, 3061, 3650, 3862, 4094, 4246, 4840, 5509, 5846, 5907, 6000, 6103, 6487, 6995, 7226, 7417, 7649, 7707, 7894]
Iter#231857 New set #3 of size 38 (77285.7 its/hit = 80.000s/hit): seed=4775167224081000705 [84, 101, 367, 1585, 1734, 1907, 1988, 2104, 2135, 2366, 2453, 2511, 2544, 2589, 2988, 3563, 3717, 3777, 3805, 3966, 4018, 4047, 4612, 4785, 5117, 5463, 5522, 6063, 6122, 6641, 6645, 7123, 7196, 7433, 7632, 7656, 7833, 8041]
Iter#365005 New set #4 of size 38 (91251.2 its/hit = 94.750s/hit): seed=11479483327050921068 [4, 177, 180, 213, 340, 790, 824, 1449, 1499, 1838, 1850, 1870, 2163, 2293, 2791, 2966, 3019, 3397, 3546, 3618, 3843, 4007, 4080, 4261, 4825, 5005, 5392, 5487, 5585, 6093, 6365, 6467, 6888, 7251, 7281, 7620, 8010, 8185]
Iter#451486 New set #5 of size 38 (90297.2 its/hit = 94.000s/hit): seed=5133414418679415183 [358, 605, 648, 854, 896, 1641, 1668, 1911, 2255, 2309, 2498, 2583, 2664, 2724, 2954, 3315, 3408, 4275, 4293, 4330, 4783, 5206, 5423, 5457, 5539, 5581, 5793, 5812, 5852, 6214, 6407, 6485, 6775, 6828, 7313, 7473, 7494, 7608]
Iter#493181 New set #6 of size 38 (82196.8 its/hit = 85.500s/hit): seed=10061561507753062241 [5, 233, 272, 298, 484, 606, 672, 974, 1185, 1224, 1577, 1636, 1722, 1894, 2283, 2302, 3049, 3545, 3654, 3678, 3858, 4151, 4236, 4556, 4977, 5179, 5520, 5672, 6204, 6241, 6625, 6715, 6944, 7125, 7394, 7592, 8021, 8080]
Iter#629052 New set #7 of size 38 (89864.6 its/hit = 93.714s/hit): seed=9992887804793591209 [214, 332, 454, 574, 641, 644, 987, 1141, 1235, 1254, 1627, 1915, 1951, 2204, 2714, 2781, 2990, 3158, 3508, 3797, 3913, 4120, 4122, 4366, 5187, 5933, 6478, 6512, 6649, 6905, 7088, 7318, 7340, 7570, 7598, 7712, 7899, 8090]
Iter#682930 New set #8 of size 38 (85366.2 its/hit = 89.000s/hit): seed=3583470167017134339 [594, 663, 710, 1640, 1721, 2602, 2658, 2705, 2827, 2939, 3036, 3313, 3372, 3610, 3621, 3847, 4013, 4159, 4316, 4649, 4893, 5018, 5055, 5112, 5399, 5691, 5751, 5801, 5811, 6046, 6194, 6275, 6854, 6910, 6970, 7042, 7317, 7639]
Iter#698403 New set #9 of size 38 (77600.3 its/hit = 80.889s/hit): seed=1902882605953172205 [87, 738, 750, 807, 857, 1116, 1687, 2156, 2344, 2570, 2759, 2793, 3014, 3735, 4035, 4241, 4272, 4294, 4405, 4425, 4438, 4886, 4908, 5026, 5222, 5234, 5294, 5496, 5631, 5960, 6887, 6996, 7156, 7563, 7646, 7662, 7719, 7890]
Iter#765364 New set #10 of size 38 (76536.4 its/hit = 79.900s/hit): seed=4604777285082919752 [93, 365, 388, 1004, 1849, 1866, 1922, 2317, 2906, 2948, 3101, 3514, 3703, 3706, 3767, 3922, 4097, 4693, 5027, 5278, 5389, 5863, 5928, 6282, 6516, 6702, 6792, 6874, 7001, 7243, 7256, 7522, 7792, 7811, 7876, 7975, 8156, 8166]
Iter#1169035 New set #1 of size 39 (1169035.0 its/hit = 1219.000s/hit): seed=9661178804595070709 [50, 943, 1021, 1420, 1747, 1780, 1959, 2177, 3196, 3265, 3298, 3338, 3585, 3626, 3663, 4227, 4542, 4557, 4585, 4737, 4913, 5149, 5372, 5413, 5611, 5715, 5791, 6139, 6310, 6328, 6363, 6427, 6612, 7083, 7317, 7617, 7714, 7817, 8066]
Iter#1587385 New set #2 of size 39 (793692.5 its/hit = 827.000s/hit): seed=7209326478400546624 [89, 137, 232, 381, 599, 790, 925, 1088, 1293, 1914, 2165, 2320, 2765, 3224, 3270, 3271, 3376, 3388, 3433, 3454, 3489, 3678, 3715, 4125, 4262, 4593, 5019, 5152, 5305, 5770, 5822, 6003, 6223, 6703, 6759, 7143, 7221, 7233, 8034]
Iter#2147431 New set #1 of size 40 (2147431.0 its/hit = 2255.000s/hit): seed=8193974270512279032 [64, 148, 285, 605, 648, 822, 914, 1005, 1202, 1550, 1728, 1756, 1938, 2075, 2320, 2373, 2962, 3249, 3531, 3879, 4121, 4141, 4192, 4242, 4391, 4449, 4726, 4799, 5298, 5676, 5723, 5838, 6012, 6598, 6749, 7127, 7397, 7565, 7757, 8120]
Iter#2902638 New set #1 of size 41 (2902638.0 its/hit = 3057.000s/hit): seed=14953307507006988610 [216, 931, 982, 1199, 1262, 1399, 1443, 1798, 1846, 2073, 2562, 2723, 2948, 2967, 3060, 3221, 3648, 3709, 3879, 4252, 4269, 4274, 4626, 5070, 5282, 5339, 5362, 5595, 5645, 5652, 6355, 6416, 6436, 6518, 6991, 7647, 7653, 7744, 7908, 8021, 8178]
Iter#4012624 New set #2 of size 41 (2006312.0 its/hit = 2111.000s/hit): seed=6493079599418929570 [288, 675, 746, 779, 928, 995, 1017, 1104, 1606, 2093, 2202, 2409, 2515, 2575, 3081, 3348, 3426, 3688, 3705, 3830, 4252, 5466, 5874, 6024, 6162, 6230, 6248, 6366, 6493, 6661, 6967, 7087, 7172, 7363, 7552, 7705, 7745, 7864, 7934, 7974, 8157]
Iter#5175755 New set #3 of size 41 (1725251.6 its/hit = 1732.667s/hit): seed=7047481537632471526 [11, 76, 171, 894, 1124, 1130, 1175, 1294, 1373, 1601, 1686, 1783, 1837, 2056, 2471, 3042, 3204, 3622, 3710, 4107, 4193, 4410, 4460, 4626, 4879, 5309, 5332, 5376, 5396, 6079, 6413, 6627, 6785, 6878, 6914, 6964, 7054, 7466, 7498, 7644, 8106]
Iter#7412216 New set #4 of size 41 (1853054.0 its/hit = 1755.250s/hit): seed=3630075725903223459 [164, 223, 675, 760, 1098, 1262, 1332, 1880, 2482, 2518, 2716, 2914, 3109, 3131, 3159, 3197, 3308, 3385, 3396, 3443, 3609, 3800, 3834, 3860, 4335, 4376, 4659, 4681, 4928, 4933, 5003, 5207, 5619, 6259, 6925, 6934, 7042, 7120, 7550, 7634, 8171]
