[*] Computing DDT
[+] DDT Computed
DDT took 1.344832047s
Iter#1 New set #1 of size 31 (1.0 its/hit = 0.000s/hit): seed=7703951535640744730 [390, 466, 546, 1209, 1325, 1740, 1873, 1876, 2792, 2867, 3271, 3347, 4123, 4133, 4190, 4411, 4447, 4608, 4891, 5519, 5541, 5674, 5703, 5863, 6460, 6476, 6626, 7065, 7110, 7259, 8059]
Iter#3 New set #2 of size 31 (1.5 its/hit = 0.000s/hit): seed=7140013161957249129 [77, 121, 519, 972, 1161, 1361, 1688, 2363, 2829, 3545, 3581, 3629, 3717, 4196, 4911, 5015, 5031, 5199, 5451, 5589, 5708, 5719, 5792, 5821, 6054, 6405, 6450, 6691, 7508, 7525, 7694]
Iter#12 New set #3 of size 31 (4.0 its/hit = 0.000s/hit): seed=15410837310624308724 [129, 688, 705, 1420, 1572, 1956, 1971, 2682, 2792, 3154, 3250, 3646, 3735, 3919, 3947, 4049, 4098, 4851, 4955, 5145, 5196, 5260, 5286, 5671, 5709, 5832, 6274, 7027, 7211, 7419, 7711]
Iter#16 New set #4 of size 31 (4.0 its/hit = 0.000s/hit): seed=15094582657925198393 [92, 302, 770, 1394, 1485, 1737, 2388, 2765, 2857, 3397, 3507, 3564, 3811, 3863, 3953, 4150, 4157, 4284, 4348, 4825, 4857, 4861, 6043, 6127, 6650, 6770, 6796, 7160, 7926, 8111, 8138]
Iter#17 New set #5 of size 31 (3.4 its/hit = 0.000s/hit): seed=4628357693231606279 [18, 382, 432, 983, 1034, 1306, 1470, 1763, 2854, 3236, 3254, 4046, 4100, 4197, 4238, 4439, 4749, 5150, 5203, 5299, 5522, 5554, 5936, 6071, 6877, 7058, 7078, 7138, 7153, 7555, 7801]
Iter#22 New set #6 of size 31 (3.7 its/hit = 0.000s/hit): seed=4514267834835040184 [454, 701, 724, 1419, 1436, 1540, 1726, 2040, 2084, 2427, 2459, 2486, 2569, 2828, 3281, 3782, 3940, 4126, 4267, 4408, 4963, 5454, 5706, 6111, 6278, 6361, 6391, 6762, 6844, 7566, 8061]
Iter#28 New set #7 of size 31 (4.0 its/hit = 0.000s/hit): seed=16967830881474236966 [471, 966, 1095, 1265, 1292, 1330, 1462, 1926, 2207, 2251, 2368, 2522, 2583, 2663, 2978, 3040, 3131, 3220, 4308, 4347, 4719, 4978, 5070, 5076, 5413, 5511, 5558, 5563, 6064, 6372, 7553]
Iter#31 New set #8 of size 31 (3.9 its/hit = 0.000s/hit): seed=3841243325672156635 [198, 329, 384, 488, 543, 630, 728, 1734, 1820, 1843, 2156, 3126, 3136, 3301, 3647, 3983, 4290, 4984, 5740, 5770, 5832, 5881, 5971, 6089, 6480, 6482, 6806, 6867, 7440, 7913, 7999]
Iter#38 New set #9 of size 31 (4.2 its/hit = 0.000s/hit): seed=6543393933072472807 [228, 284, 532, 755, 771, 1631, 1772, 2261, 2633, 3188, 3488, 3535, 4009, 4110, 5437, 5463, 5473, 5807, 5931, 6304, 6306, 6445, 6555, 6735, 6815, 6846, 6910, 7110, 7140, 8068, 8073]
Iter#44 New set #1 of size 33 (44.0 its/hit = 0.000s/hit): seed=2122276081826814267 [116, 437, 766, 874, 1598, 1837, 2709, 2864, 2919, 3227, 3483, 3512, 3752, 3860, 4493, 4956, 5077, 5187, 5200, 5648, 5790, 6043, 6088, 6218, 6366, 6704, 7027, 7219, 7393, 7636, 7648, 7786, 7863]
Iter#256 New set #1 of size 35 (256.0 its/hit = 0.000s/hit): seed=5088040625360202694 [251, 573, 1084, 1114, 1154, 1473, 1608, 2059, 2123, 2185, 2815, 2863, 2955, 3100, 3172, 3530, 3922, 3959, 4539, 4660, 4893, 6270, 6536, 6682, 6885, 6901, 7229, 7240, 7310, 7324, 7566, 7700, 7844, 8005, 8121]
Iter#1840 New set #2 of size 35 (920.0 its/hit = 0.500s/hit): seed=4073866682645990694 [125, 394, 663, 751, 888, 978, 1238, 1899, 2621, 2804, 2852, 3350, 3864, 4410, 4415, 4426, 4480, 4648, 4769, 5633, 5665, 5881, 5927, 5989, 6200, 6317, 6324, 6617, 6718, 6994, 7262, 7342, 7463, 7591, 8014]
Iter#3694 New set #3 of size 35 (1231.3 its/hit = 1.000s/hit): seed=4447639110083284914 [704, 982, 1324, 1368, 1459, 1863, 2752, 2870, 3105, 3390, 3441, 3964, 4696, 4722, 4833, 4879, 4931, 5101, 5304, 5460, 5524, 5603, 6069, 6074, 6471, 6478, 6485, 6486, 6708, 7173, 7308, 7370, 7846, 8075, 8100]
Iter#6412 New set #4 of size 35 (1603.0 its/hit = 1.500s/hit): seed=6528603399717701445 [73, 92, 463, 612, 841, 1028, 1274, 1449, 1731, 2743, 2996, 3378, 3420, 3559, 4339, 4434, 4479, 4514, 4640, 4717, 4994, 5318, 5538, 5542, 5556, 6065, 6232, 6249, 6309, 6618, 6762, 6859, 7474, 7600, 7752]
Iter#9733 New set #1 of size 36 (9733.0 its/hit = 9.000s/hit): seed=17531732070343921081 [221, 293, 1156, 1277, 1428, 1605, 1832, 1875, 2400, 2612, 2630, 2694, 3014, 3672, 3743, 3770, 4282, 4483, 4549, 4649, 4962, 5061, 5490, 5561, 5586, 5714, 5719, 5726, 5748, 6096, 6121, 6296, 6548, 7057, 7885, 8022]
Iter#10391 New set #2 of size 36 (5195.5 its/hit = 4.500s/hit): seed=1007706587010449762 [46, 340, 442, 1111, 1198, 1255, 1301, 1892, 2359, 2447, 2473, 2703, 2754, 2885, 2926, 3233, 3295, 3978, 4024, 4095, 4464, 4813, 5116, 5345, 5412, 5827, 6193, 6316, 6478, 6600, 6796, 6801, 7433, 7558, 7873, 8163]
Iter#33216 New set #1 of size 39 (33216.0 its/hit = 29.000s/hit): seed=6519891817332821934 [352, 367, 421, 706, 740, 748, 799, 816, 1165, 1205, 1229, 1434, 1583, 2533, 2557, 2954, 3887, 4147, 4312, 4344, 4446, 4731, 4982, 5012, 5491, 5539, 5640, 5810, 6190, 6375, 6407, 6704, 6799, 7157, 7225, 7287, 7355, 7424, 7542]
Iter#1573189 New set #1 of size 40 (1573189.0 its/hit = 1251.000s/hit): seed=7299503064021437046 [124, 572, 1431, 2106, 2231, 2466, 2690, 2788, 3056, 3142, 3232, 3560, 3571, 3580, 3587, 3957, 4002, 4018, 4148, 4356, 4390, 4404, 4622, 4753, 4823, 5083, 5254, 5355, 5520, 5823, 6102, 6279, 6313, 7007, 7386, 7748, 7784, 7787, 7825, 8148]
