[*] Computing DDT
[+] DDT Computed
DDT took 1.400586246s
Iter#1 New set #1 of size 30 (1.0 its/hit = 0.000s/hit): seed=17528554380495766896 [260, 1324, 1940, 2256, 2313, 2330, 2348, 2628, 2896, 2980, 3010, 3192, 3675, 4128, 4429, 4449, 4639, 4711, 4820, 4928, 4996, 5297, 5380, 5581, 6748, 6756, 7139, 7565, 7617, 7852]
Iter#2 New set #2 of size 30 (1.0 its/hit = 0.000s/hit): seed=2997019132196857643 [87, 361, 467, 1141, 1397, 1498, 1652, 1777, 1907, 1966, 2004, 2098, 2228, 2451, 2492, 2591, 3662, 4039, 4135, 4500, 4639, 4947, 5476, 5932, 6250, 6663, 6732, 7471, 7647, 7966]
Iter#3 New set #3 of size 30 (1.0 its/hit = 0.000s/hit): seed=8982076785047966845 [151, 227, 932, 964, 1211, 1278, 1851, 2499, 3054, 3401, 3633, 4076, 4150, 4310, 4402, 4433, 4636, 4892, 4962, 5018, 5044, 5220, 5648, 7049, 7264, 7297, 7358, 7845, 7861, 8029]
Iter#4 New set #4 of size 30 (1.0 its/hit = 0.000s/hit): seed=8445672928056546117 [128, 361, 424, 661, 1875, 2262, 2590, 2688, 2763, 2962, 3641, 3858, 4222, 4453, 4546, 4552, 4720, 5426, 5622, 5646, 5974, 6163, 6450, 6484, 6995, 7067, 7432, 7552, 7693, 7969]
Iter#10 New set #5 of size 30 (2.0 its/hit = 0.000s/hit): seed=11807812925680836154 [67, 171, 517, 560, 700, 877, 1043, 1102, 1237, 1669, 1922, 2067, 2245, 3433, 3563, 4140, 4526, 4566, 4633, 4733, 5097, 5498, 6042, 6313, 6382, 6448, 6535, 6750, 7579, 8017]
Iter#11 New set #6 of size 30 (1.8 its/hit = 0.000s/hit): seed=18147143330132894215 [109, 917, 1036, 1914, 2494, 2653, 2757, 2841, 2880, 3210, 3306, 3443, 3820, 4033, 4288, 4341, 4519, 4641, 4680, 4759, 5090, 5091, 5101, 5809, 6046, 6764, 6950, 7073, 7109, 8123]
Iter#14 New set #7 of size 30 (2.0 its/hit = 0.000s/hit): seed=2897728959734427180 [196, 1013, 1829, 1992, 1993, 2022, 2201, 2656, 2743, 2793, 2936, 2958, 2971, 3297, 3490, 3617, 3701, 4084, 4470, 4648, 5008, 5217, 6156, 6336, 6547, 6841, 6984, 7103, 7178, 7888]
Iter#15 New set #8 of size 30 (1.9 its/hit = 0.000s/hit): seed=15038143960760360718 [281, 1072, 1666, 1705, 1985, 1987, 2051, 2061, 2087, 2137, 2145, 2682, 2843, 3165, 3324, 3372, 3453, 4447, 4553, 4704, 5091, 5112, 5364, 5442, 6068, 6437, 7209, 7746, 7762, 7915]
Iter#17 New set #9 of size 30 (1.9 its/hit = 0.000s/hit): seed=5781856339030702659 [164, 179, 524, 733, 989, 1275, 1639, 1644, 1688, 1952, 2038, 2381, 2618, 2843, 3558, 4270, 4719, 4775, 5041, 5547, 5816, 5881, 5938, 6100, 6174, 6476, 7318, 7790, 7795, 7809]
Iter#21 New set #10 of size 30 (2.1 its/hit = 0.000s/hit): seed=15308799047015703333 [124, 576, 902, 1048, 1235, 1870, 2148, 2247, 2427, 3211, 3432, 3483, 3711, 4163, 4274, 4473, 4527, 4686, 4752, 4863, 4935, 5226, 5583, 5773, 6108, 6149, 6437, 6981, 7074, 7675]
Iter#26 New set #1 of size 32 (26.0 its/hit = 0.000s/hit): seed=7347265731350954761 [75, 597, 790, 1021, 1142, 1361, 1998, 2469, 2681, 3116, 3129, 3517, 3762, 4091, 4383, 5066, 5142, 5328, 5358, 5534, 5791, 6273, 6633, 6650, 6669, 6739, 6747, 7073, 7172, 7826, 7970, 8112]
Iter#27 New set #2 of size 32 (13.5 its/hit = 0.000s/hit): seed=154063696263384275 [49, 56, 186, 217, 349, 406, 830, 921, 1155, 1644, 1694, 2273, 2516, 3078, 3632, 3820, 4265, 4363, 5161, 5490, 6015, 6294, 6428, 6430, 6502, 6805, 7016, 7293, 7354, 7677, 8012, 8036]
Iter#90 New set #1 of size 33 (90.0 its/hit = 0.000s/hit): seed=6449397752546890889 [73, 183, 400, 456, 693, 1210, 1331, 1472, 1549, 1835, 1914, 2325, 2409, 2465, 2557, 2767, 2796, 3044, 3165, 3787, 3805, 4106, 4819, 4844, 5004, 5312, 5641, 6094, 6392, 6518, 6681, 6858, 7555]
Iter#740 New set #2 of size 33 (370.0 its/hit = 0.000s/hit): seed=11264560235081105277 [5, 141, 387, 958, 1175, 1664, 1804, 1984, 2504, 2773, 3100, 3108, 3324, 3335, 3823, 3996, 4045, 4049, 4144, 4541, 4584, 4729, 4770, 4819, 5229, 5389, 5493, 5715, 5845, 6028, 6203, 7422, 7510]
Iter#2464 New set #3 of size 33 (821.3 its/hit = 0.667s/hit): seed=10258261367592854992 [21, 65, 104, 480, 839, 882, 977, 1300, 1491, 1631, 2370, 2562, 2806, 2994, 3136, 3158, 3352, 3744, 3796, 4065, 4456, 4781, 5048, 5419, 5567, 6124, 6401, 6855, 6973, 7150, 7283, 7378, 7687]
Iter#2638 New set #4 of size 33 (659.5 its/hit = 0.500s/hit): seed=2682215901329738564 [143, 415, 421, 508, 721, 781, 1446, 1529, 1594, 2730, 2967, 3042, 3534, 3548, 3729, 3813, 3886, 4209, 4761, 4887, 5169, 5205, 5219, 5367, 5465, 6110, 6460, 7120, 7198, 7437, 7645, 7663, 7837]
Iter#3055 New set #5 of size 33 (611.0 its/hit = 0.600s/hit): seed=14834353755463683820 [6, 271, 337, 476, 702, 726, 1099, 1645, 1720, 2054, 2295, 2546, 2628, 2970, 3081, 3451, 3527, 3677, 3832, 4000, 4003, 4008, 4760, 5757, 6045, 6080, 6092, 6143, 6271, 6812, 6835, 7088, 7161]
Iter#3437 New set #6 of size 33 (572.8 its/hit = 0.500s/hit): seed=6394672967844945007 [130, 238, 380, 391, 507, 824, 1304, 1306, 1441, 1491, 2002, 2153, 2632, 2662, 2710, 3464, 4055, 4151, 4840, 5184, 5559, 5604, 6092, 6748, 6899, 7049, 7132, 7172, 7188, 7623, 7781, 7874, 7945]
Iter#3977 New set #7 of size 33 (568.1 its/hit = 0.571s/hit): seed=15928585123295419008 [299, 528, 883, 1238, 1309, 1576, 1916, 1960, 2023, 2399, 3900, 4139, 4684, 5118, 5371, 5408, 5476, 5485, 5588, 5623, 5696, 5882, 6160, 6273, 6473, 6505, 7014, 7041, 7261, 7435, 7776, 7962, 8185]
Iter#4235 New set #8 of size 33 (529.4 its/hit = 0.500s/hit): seed=16385187482443700548 [42, 215, 549, 1141, 1541, 1620, 1645, 1660, 2423, 2729, 3181, 3346, 3709, 3942, 4085, 4663, 4866, 4929, 5177, 5669, 5884, 5953, 6219, 6592, 6728, 6750, 6882, 6913, 6932, 7311, 7609, 7985, 8100]
Iter#4328 New set #9 of size 33 (480.9 its/hit = 0.444s/hit): seed=16773424268510808421 [107, 192, 762, 1123, 1143, 1333, 1340, 1375, 1768, 2910, 2935, 3092, 3118, 3250, 3253, 3491, 3648, 3768, 4277, 4315, 4389, 4409, 4569, 4584, 5069, 5803, 5834, 5839, 6623, 7182, 7261, 7524, 7896]
Iter#4511 New set #10 of size 33 (451.1 its/hit = 0.400s/hit): seed=17667912464201820329 [212, 543, 585, 777, 1075, 1108, 1248, 1321, 1342, 1642, 1788, 2129, 2468, 2589, 2872, 2906, 3102, 3381, 4020, 4380, 4508, 4815, 5006, 5399, 5734, 5991, 6016, 6468, 6706, 7477, 7513, 7518, 7580]
Iter#9743 New set #20 of size 33 (487.1 its/hit = 0.500s/hit): seed=2243377593062434262 [62, 768, 927, 1062, 1670, 1687, 1729, 1858, 2273, 2369, 2840, 3599, 4212, 4227, 4608, 5066, 5451, 5457, 5523, 5606, 5748, 5802, 6040, 6245, 6760, 6855, 6876, 6908, 6974, 7501, 7626, 7801, 7912]
Iter#12220 New set #1 of size 34 (12220.0 its/hit = 13.000s/hit): seed=456640194189870712 [58, 117, 364, 437, 604, 917, 1385, 1878, 2006, 2115, 2646, 2673, 2842, 3233, 3502, 3748, 3945, 4302, 4674, 4689, 4734, 4990, 5203, 5763, 6480, 6630, 6827, 6871, 7280, 7515, 7546, 7669, 7918, 7945]
Iter#18382 New set #2 of size 34 (9191.0 its/hit = 9.500s/hit): seed=3400177112868710623 [56, 81, 147, 317, 443, 635, 1166, 1412, 1611, 1772, 1788, 2056, 2767, 3198, 3509, 3938, 4244, 4264, 5064, 5663, 5724, 5789, 6211, 6264, 6489, 6595, 6632, 7045, 7275, 7450, 7516, 7672, 7763, 7795]
Iter#23057 New set #3 of size 34 (7685.7 its/hit = 8.000s/hit): seed=4646344023239310925 [63, 1158, 1282, 1669, 2089, 2445, 2709, 3396, 3663, 3679, 3693, 4391, 4540, 4677, 4865, 4903, 4934, 5056, 5134, 5142, 5149, 5215, 5253, 5330, 5712, 6353, 6514, 6550, 6715, 6741, 6920, 7424, 7958, 8154]
Iter#23686 New set #4 of size 34 (5921.5 its/hit = 6.250s/hit): seed=14353235305145853037 [81, 138, 360, 402, 1015, 1201, 2025, 2235, 2289, 2355, 2364, 2435, 2662, 2768, 3231, 3283, 3378, 3422, 3617, 3624, 3694, 4071, 4309, 4636, 5036, 5909, 5990, 6230, 6252, 6524, 6578, 6617, 7882, 8036]
Iter#26128 New set #5 of size 34 (5225.6 its/hit = 5.600s/hit): seed=13567866136435215159 [1470, 1514, 1620, 1749, 1863, 1994, 2156, 2201, 2625, 2742, 3137, 3170, 3579, 3707, 3733, 4356, 4763, 4770, 4994, 5014, 5030, 5111, 5156, 5396, 5501, 5841, 5871, 6589, 7417, 7823, 7895, 8148, 8151, 8187]
Iter#28939 New set #6 of size 34 (4823.2 its/hit = 5.167s/hit): seed=9733081619988492590 [211, 432, 818, 1063, 1185, 1388, 1840, 1982, 2317, 2354, 2610, 2800, 2914, 3043, 4009, 4428, 4510, 4624, 4746, 4838, 4930, 5323, 5595, 5929, 5951, 5965, 6691, 6798, 7078, 7080, 7510, 7934, 7956, 7982]
Iter#30517 New set #7 of size 34 (4359.6 its/hit = 4.714s/hit): seed=6184686476235975925 [287, 986, 1161, 1280, 1456, 1649, 1662, 2212, 2547, 2742, 3084, 3097, 3228, 3371, 3445, 3575, 3737, 3780, 3833, 4089, 4255, 4381, 4490, 4911, 5002, 5217, 5339, 5479, 5497, 5617, 6852, 8040, 8063, 8093]
Iter#37976 New set #8 of size 34 (4747.0 its/hit = 5.125s/hit): seed=2248804489639266817 [104, 222, 517, 894, 1122, 1209, 1241, 1301, 1700, 1860, 1960, 1988, 2075, 2367, 2432, 2512, 2608, 3743, 3882, 3998, 4346, 4732, 5032, 5088, 5609, 5820, 6330, 7446, 7732, 7811, 7892, 7916, 7933, 8082]
Iter#52106 New set #9 of size 34 (5789.6 its/hit = 6.222s/hit): seed=12618227562539649017 [172, 776, 915, 1505, 1796, 1799, 1827, 1998, 2029, 2311, 2372, 2837, 2877, 2974, 3582, 3821, 4404, 4427, 4495, 5060, 5264, 5271, 5305, 5505, 5589, 5672, 5920, 5937, 6017, 6099, 6212, 6256, 7851, 8164]
Iter#53895 New set #10 of size 34 (5389.5 its/hit = 5.800s/hit): seed=14276495473199978680 [44, 243, 596, 783, 811, 873, 897, 1218, 1524, 1650, 1756, 1933, 2370, 2440, 3326, 3435, 3637, 3645, 3671, 3682, 4187, 4201, 4235, 4287, 5260, 5406, 5705, 5709, 5965, 6996, 7231, 7341, 8054, 8110]
Iter#66631 New set #1 of size 35 (66631.0 its/hit = 72.000s/hit): seed=2743862580088305384 [520, 979, 1110, 1479, 1702, 1988, 2562, 2565, 2777, 2839, 3212, 3414, 3516, 3898, 3950, 4020, 4447, 4547, 4684, 4685, 4862, 4893, 4983, 5268, 5782, 6168, 6306, 6599, 6802, 6987, 7197, 7262, 7449, 7853, 8171]
Iter#157704 New set #2 of size 35 (78852.0 its/hit = 85.500s/hit): seed=18164395461143221892 [157, 550, 870, 1311, 1336, 1680, 1933, 2395, 2820, 3019, 3358, 3660, 3885, 4104, 4151, 4152, 4274, 4590, 4677, 4717, 4867, 5104, 5231, 5391, 5453, 5463, 5866, 6046, 6340, 6535, 6546, 6568, 6798, 7425, 7714]
Iter#494213 New set #3 of size 35 (164737.7 its/hit = 178.000s/hit): seed=8446190235582788143 [113, 222, 574, 714, 1054, 1142, 1195, 1356, 1674, 1804, 1881, 1948, 2153, 2283, 2455, 2778, 3238, 3385, 3392, 3640, 3981, 4355, 4690, 4710, 5042, 5707, 5904, 5982, 6007, 6875, 6928, 6999, 7502, 7626, 7766]
Iter#880841 New set #4 of size 35 (220210.2 its/hit = 238.000s/hit): seed=2856662815418072572 [735, 867, 1028, 1055, 1168, 2161, 2473, 2479, 2568, 3212, 3303, 3558, 3762, 3992, 4023, 4054, 4454, 4547, 4593, 4760, 4809, 5121, 6285, 6692, 6716, 6813, 6885, 6952, 7183, 7254, 7508, 7550, 7993, 8121, 8167]
Iter#902938 New set #5 of size 35 (180587.6 its/hit = 195.200s/hit): seed=16694730158685778665 [294, 1199, 1347, 1535, 1578, 1705, 1774, 1809, 2042, 2460, 2690, 3167, 3534, 3694, 3735, 3869, 4365, 4400, 4421, 5073, 5819, 6092, 6285, 6344, 6391, 6539, 6705, 6907, 7227, 7254, 7587, 7600, 7648, 7660, 7871]
Iter#1069568 New set #6 of size 35 (178261.3 its/hit = 192.667s/hit): seed=5472269443111609700 [178, 294, 643, 1240, 1626, 1674, 1877, 1942, 2526, 2656, 2815, 2822, 2933, 3193, 3575, 3772, 4424, 4464, 4500, 4569, 4756, 4998, 5422, 5443, 5655, 5672, 5884, 5921, 6068, 6426, 6625, 6758, 7167, 7760, 8067]
Iter#1280817 New set #7 of size 35 (182973.9 its/hit = 197.714s/hit): seed=15874943942697383921 [142, 166, 435, 632, 902, 1155, 1237, 1615, 1851, 2231, 2758, 2767, 3157, 3191, 3287, 3511, 4290, 4326, 4727, 4735, 4786, 5043, 5098, 5633, 5964, 6063, 6284, 6422, 6576, 7146, 7469, 7561, 7645, 7808, 8186]
Iter#1360434 New set #8 of size 35 (170054.2 its/hit = 183.750s/hit): seed=10341029159777652246 [315, 434, 459, 668, 966, 1089, 1787, 1874, 1961, 2297, 2435, 2752, 3132, 3145, 3595, 3704, 4129, 4403, 5086, 5270, 5338, 5367, 5461, 5488, 5493, 5662, 5781, 6035, 6244, 6505, 6850, 6870, 7047, 7627, 7945]
Iter#1500235 New set #9 of size 35 (166692.8 its/hit = 180.111s/hit): seed=9664855466463771974 [21, 488, 894, 996, 1116, 1280, 1315, 1349, 1466, 2174, 2256, 2476, 2636, 2743, 3034, 3234, 3259, 3300, 3426, 3751, 3848, 3869, 3916, 4371, 4560, 4603, 4950, 5138, 5481, 5557, 6717, 6826, 6944, 7884, 8088]
Iter#2210589 New set #10 of size 35 (221058.9 its/hit = 238.900s/hit): seed=6689771873974006227 [246, 255, 674, 881, 1505, 1584, 1592, 1625, 1673, 1906, 2236, 2279, 2292, 2733, 2833, 3330, 3708, 3772, 3906, 3910, 4217, 4346, 4768, 4849, 5117, 5595, 5826, 6178, 6413, 6631, 6782, 6903, 7041, 7190, 7701]
Iter#4082903 New set #20 of size 35 (204145.2 its/hit = 220.750s/hit): seed=16531253528766397257 [259, 344, 818, 1578, 2076, 2101, 2121, 2234, 2296, 2436, 2694, 3321, 3439, 3593, 3631, 3776, 3854, 3963, 5069, 5159, 5296, 5582, 5805, 5843, 5862, 5893, 6577, 6853, 7257, 7507, 7604, 7690, 7710, 7812, 8060]
Iter#6228670 New set #30 of size 35 (207622.3 its/hit = 224.533s/hit): seed=3189906298498979614 [366, 394, 1073, 1353, 1547, 1629, 1637, 1834, 1930, 2137, 2170, 2397, 2429, 2442, 2817, 3109, 3305, 3508, 3747, 4049, 4098, 4110, 4936, 5156, 5216, 5264, 5709, 5793, 6284, 6296, 6411, 6505, 6780, 7579, 7645]
Iter#8072728 New set #40 of size 35 (201818.2 its/hit = 218.275s/hit): seed=13586323517399295874 [301, 357, 735, 901, 952, 1050, 1232, 1323, 1409, 1835, 1977, 2158, 2555, 3009, 3197, 3201, 3360, 3418, 4075, 4227, 4326, 4411, 5602, 5610, 6514, 6842, 7060, 7064, 7148, 7182, 7189, 7210, 7260, 7281, 7932]
Iter#11645114 New set #50 of size 35 (232902.3 its/hit = 251.780s/hit): seed=8861294067034672198 [28, 374, 525, 536, 754, 850, 1259, 1654, 1785, 1807, 1873, 2401, 2701, 3268, 3365, 3437, 4216, 4372, 4487, 4737, 4744, 4746, 4972, 5280, 5426, 5601, 5698, 5861, 5990, 6319, 6636, 6855, 6867, 7931, 7984]
Iter#12412633 New set #1 of size 36 (12412633.0 its/hit = 13417.000s/hit): seed=4225811694758624264 [309, 439, 1019, 1331, 1520, 1647, 1943, 1960, 2122, 2189, 2455, 2540, 2636, 2649, 2704, 2848, 2906, 3316, 3336, 4370, 4425, 4507, 4918, 5008, 5065, 5066, 5382, 6936, 6945, 7203, 7325, 7558, 7614, 7802, 7836, 7871]
