[*] Computing DDT
[+] DDT Computed
DDT took 1.358887992s
Iter#1 New set #1 of size 29 (1.0 its/hit = 0.000s/hit): seed=16866608266268926894 [105, 246, 435, 861, 1337, 1445, 1696, 1963, 2429, 2498, 2538, 3210, 3598, 3842, 3977, 4160, 4424, 4438, 4901, 5089, 5324, 5820, 6151, 6269, 6464, 6519, 7393, 7620, 7759]
Iter#2 New set #2 of size 29 (1.0 its/hit = 0.000s/hit): seed=5210057786251823147 [157, 522, 548, 573, 626, 1017, 1167, 1237, 1425, 1512, 1642, 1916, 2233, 2684, 4508, 4622, 5061, 5355, 5735, 5818, 5907, 6084, 6426, 6521, 6753, 6956, 7456, 7700, 7867]
Iter#3 New set #1 of size 32 (3.0 its/hit = 0.000s/hit): seed=11152160966454478937 [227, 533, 970, 1555, 2071, 2416, 2490, 2517, 2524, 2865, 2889, 3091, 3897, 4258, 4300, 4323, 4398, 4473, 4684, 4856, 5377, 5879, 6035, 6132, 6323, 6922, 7022, 7275, 7307, 7330, 7401, 7513]
Iter#39 New set #2 of size 32 (19.5 its/hit = 0.000s/hit): seed=6493773567027161590 [61, 194, 581, 683, 1619, 1927, 2319, 2414, 2485, 3094, 3253, 3812, 4104, 4385, 4644, 5020, 5372, 5879, 5908, 6133, 6443, 6624, 6720, 7122, 7428, 7468, 7548, 7627, 7777, 7987, 8139, 8161]
Iter#64 New set #3 of size 32 (21.3 its/hit = 0.000s/hit): seed=2381566122031515728 [574, 908, 1103, 1115, 1161, 1517, 1892, 2166, 2201, 2242, 2305, 3165, 3316, 3389, 3419, 3455, 3466, 3725, 4141, 4920, 6072, 6329, 6641, 6743, 6758, 6804, 6856, 6984, 7143, 7306, 7654, 7825]
Iter#71 New set #4 of size 32 (17.8 its/hit = 0.000s/hit): seed=3195340457632674550 [264, 394, 704, 811, 905, 963, 1070, 1244, 1255, 1418, 1518, 1550, 2194, 2617, 2943, 3668, 3745, 4108, 4235, 4705, 4754, 4780, 4982, 6296, 6442, 6644, 6655, 6772, 7167, 7221, 7963, 8181]
Iter#125 New set #5 of size 32 (25.0 its/hit = 0.000s/hit): seed=3436300232862980556 [60, 145, 266, 481, 536, 705, 830, 1123, 1251, 2180, 2370, 2868, 2911, 3996, 4486, 4711, 4752, 4926, 5005, 5105, 5446, 5896, 5998, 6221, 6379, 6642, 6684, 6822, 7029, 7404, 7496, 7625]
Iter#127 New set #6 of size 32 (21.2 its/hit = 0.000s/hit): seed=5200126611284811173 [310, 664, 847, 1339, 1679, 1801, 1840, 2101, 2320, 2814, 2910, 3389, 3397, 3423, 3437, 3509, 3627, 4275, 4476, 4512, 4775, 5198, 5555, 5742, 5947, 5968, 6181, 6526, 6657, 7157, 7896, 8075]
Iter#171 New set #7 of size 32 (24.4 its/hit = 0.000s/hit): seed=7804405926494322 [454, 605, 845, 983, 1072, 1110, 1208, 1511, 1527, 1708, 1740, 3486, 3542, 3911, 4062, 4092, 4584, 4693, 4698, 5103, 5144, 5159, 5228, 5315, 6009, 6244, 6372, 6711, 7487, 7532, 7627, 8145]
Iter#220 New set #8 of size 32 (27.5 its/hit = 0.000s/hit): seed=12899809125555019374 [21, 534, 961, 1013, 1135, 1292, 1468, 1693, 1958, 2411, 3140, 3254, 3484, 3630, 4454, 4529, 4620, 4651, 4755, 4900, 5158, 5774, 6590, 6766, 7096, 7211, 7403, 7428, 7506, 7778, 7881, 7905]
Iter#344 New set #9 of size 32 (38.2 its/hit = 0.000s/hit): seed=5711379292125708700 [49, 1227, 1417, 1446, 1623, 1939, 1940, 1977, 2602, 2737, 2906, 3106, 3113, 3115, 3244, 4147, 4369, 4434, 4560, 5003, 5206, 5481, 5623, 6197, 6392, 6995, 7533, 7695, 7934, 7971, 7993, 7999]
Iter#375 New set #10 of size 32 (37.5 its/hit = 0.000s/hit): seed=4818355319902002894 [75, 357, 554, 571, 1192, 1439, 1624, 1803, 1841, 2015, 2035, 2381, 2919, 2973, 4023, 4310, 4449, 4843, 5434, 5667, 5686, 6059, 6063, 6092, 6225, 6272, 6364, 6558, 6756, 7088, 7209, 7418]
Iter#463 New set #1 of size 33 (463.0 its/hit = 0.000s/hit): seed=16612341311300627159 [277, 409, 421, 447, 478, 1001, 1078, 1326, 1711, 1950, 2095, 2102, 2131, 2505, 2794, 2889, 4097, 4163, 4350, 4393, 4512, 4652, 5392, 5914, 6051, 7047, 7115, 7401, 7427, 7497, 7629, 7723, 8029]
Iter#655 New set #1 of size 34 (655.0 its/hit = 0.000s/hit): seed=4501541200828863531 [461, 560, 642, 718, 877, 956, 1132, 2021, 2167, 2301, 2645, 2849, 3064, 3146, 3158, 3495, 3498, 3581, 4014, 4181, 4256, 4388, 4417, 4440, 4493, 4594, 5194, 5320, 5579, 5801, 6626, 6954, 7342, 7795]
Iter#2737 New set #2 of size 34 (1368.5 its/hit = 1.000s/hit): seed=1722110846230066627 [245, 295, 432, 476, 499, 875, 1320, 1484, 1769, 1775, 1790, 1825, 1960, 2421, 3099, 3161, 3574, 3590, 4094, 4217, 4273, 4516, 5255, 5463, 6422, 6633, 7120, 7373, 7452, 7639, 7731, 7926, 7970, 7991]
Iter#3548 New set #3 of size 34 (1182.7 its/hit = 1.000s/hit): seed=4640428387903945937 [483, 1008, 1721, 1767, 1832, 2043, 2160, 2611, 2637, 2724, 3237, 3316, 3780, 3877, 4029, 4219, 4419, 4498, 4510, 5429, 5819, 6211, 6487, 6493, 6545, 6970, 6973, 6985, 7096, 7112, 7228, 7229, 7782, 7946]
Iter#4733 New set #1 of size 35 (4733.0 its/hit = 4.000s/hit): seed=7655985497888856084 [21, 870, 1066, 1105, 1192, 1215, 1467, 1469, 1499, 1510, 1639, 2175, 2752, 3021, 3413, 3750, 4153, 4318, 4335, 4516, 4617, 4649, 4782, 5223, 5593, 5628, 5867, 6026, 6113, 6568, 6788, 6958, 7404, 7486, 8029]
Iter#4983 New set #2 of size 35 (2491.5 its/hit = 2.500s/hit): seed=11467257138852776019 [802, 1040, 1136, 1362, 1550, 1755, 2903, 3011, 3084, 3261, 3411, 3520, 3536, 3581, 3720, 3854, 4020, 4527, 4995, 5116, 5209, 5734, 5765, 5934, 6023, 6029, 6098, 6317, 6343, 6494, 6614, 6731, 6969, 7170, 7305]
Iter#5368 New set #3 of size 35 (1789.3 its/hit = 1.667s/hit): seed=13043894622163237671 [448, 509, 694, 953, 1091, 1140, 1810, 2003, 2283, 2390, 2511, 2721, 2851, 3456, 4000, 4125, 4145, 4446, 4538, 4609, 5185, 5257, 5448, 5642, 5773, 6253, 6908, 7018, 7129, 7249, 7527, 7857, 7915, 7985, 8119]
Iter#6375 New set #4 of size 35 (1593.8 its/hit = 1.500s/hit): seed=2755936375715463588 [67, 463, 643, 1018, 1189, 1235, 1285, 1452, 1738, 1823, 2120, 2266, 2487, 2938, 2957, 2991, 3371, 3382, 4638, 4814, 5049, 5159, 5166, 5315, 5365, 5410, 6166, 6239, 6388, 6785, 7068, 7245, 8070, 8108, 8127]
Iter#13904 New set #5 of size 35 (2780.8 its/hit = 2.600s/hit): seed=11784464861108648977 [582, 645, 704, 1280, 1589, 1687, 2011, 2227, 2336, 2425, 2549, 2553, 2693, 2841, 3146, 3158, 3380, 3431, 3539, 4252, 4800, 5583, 5606, 5609, 5670, 5682, 5807, 6265, 6777, 6878, 6994, 7441, 7708, 7927, 8168]
Iter#16548 New set #6 of size 35 (2758.0 its/hit = 2.500s/hit): seed=5034826065360765935 [72, 579, 684, 936, 1722, 2304, 2307, 2340, 2847, 3258, 3287, 3601, 3927, 4532, 4713, 4860, 5053, 5642, 5948, 5961, 6017, 6215, 6326, 6412, 6418, 6472, 6671, 6753, 6889, 6918, 7039, 7741, 7940, 8069, 8126]
Iter#17472 New set #7 of size 35 (2496.0 its/hit = 2.286s/hit): seed=9760026060705518521 [31, 720, 853, 1264, 1945, 2052, 2419, 2977, 3136, 3261, 3657, 3774, 4190, 4526, 4528, 4534, 4582, 5074, 5667, 6263, 6391, 6475, 6481, 6536, 6716, 6753, 6822, 6841, 6870, 7038, 7090, 7292, 7446, 7453, 7532]
Iter#19507 New set #8 of size 35 (2438.4 its/hit = 2.250s/hit): seed=5586477815607582814 [77, 131, 396, 765, 1058, 1193, 1207, 1439, 2079, 2121, 2458, 2622, 2651, 3074, 3339, 3653, 5037, 5139, 5169, 5397, 5439, 5724, 5894, 6044, 6091, 6096, 6139, 6191, 6287, 6319, 6930, 7119, 7224, 7508, 8138]
Iter#21436 New set #9 of size 35 (2381.8 its/hit = 2.111s/hit): seed=4103999282760372584 [97, 273, 470, 565, 653, 1137, 1239, 1774, 2493, 2697, 2769, 3206, 3658, 3720, 3722, 4291, 4534, 4783, 5020, 5059, 5329, 5593, 5877, 6140, 6321, 6657, 6844, 6893, 7057, 7193, 7660, 8015, 8084, 8115, 8152]
Iter#23055 New set #10 of size 35 (2305.5 its/hit = 2.100s/hit): seed=5747495492965146305 [11, 210, 241, 638, 673, 818, 1099, 1130, 1247, 1321, 1647, 1729, 2137, 2686, 3120, 3218, 3271, 3356, 3487, 3784, 4153, 4760, 4926, 5000, 5012, 5270, 7163, 7255, 7443, 7548, 7637, 7704, 7782, 7816, 7935]
Iter#24773 New set #1 of size 36 (24773.0 its/hit = 22.000s/hit): seed=6469354973213898882 [161, 554, 625, 1128, 1451, 1500, 1810, 2094, 2215, 2370, 2493, 2495, 2512, 2558, 2942, 3197, 3269, 3370, 3627, 4348, 4697, 4728, 4797, 4906, 4941, 5235, 5332, 5474, 6701, 7155, 7399, 7434, 7455, 7464, 7747, 7791]
Iter#30952 New set #2 of size 36 (15476.0 its/hit = 13.500s/hit): seed=1693731955693268404 [390, 552, 888, 980, 1190, 1519, 1723, 1821, 2002, 2208, 2341, 2576, 2622, 2630, 2647, 2978, 3498, 3592, 3897, 4003, 4331, 4756, 5165, 5265, 5294, 5342, 5397, 5486, 5538, 5738, 5842, 6580, 7114, 7156, 7298, 8062]
Iter#31614 New set #3 of size 36 (10538.0 its/hit = 9.333s/hit): seed=10693737557582682928 [44, 256, 447, 664, 840, 873, 1357, 1401, 1463, 2107, 2358, 2554, 2569, 2666, 3107, 3453, 3638, 3700, 4912, 5060, 5270, 5472, 5482, 5595, 6060, 6062, 6456, 6754, 6887, 7112, 7140, 7341, 7444, 7765, 7982, 8129]
Iter#41454 New set #4 of size 36 (10363.5 its/hit = 9.000s/hit): seed=16629055903777762259 [286, 1531, 1716, 2495, 2514, 2583, 2708, 2855, 2870, 3078, 3174, 3323, 3363, 3736, 3866, 4044, 4332, 4725, 5043, 5399, 5427, 5457, 5577, 5579, 5657, 5718, 5927, 6533, 6556, 6738, 7161, 7280, 7291, 7437, 7559, 7996]
Iter#44572 New set #5 of size 36 (8914.4 its/hit = 7.600s/hit): seed=5484964738585299060 [74, 210, 395, 667, 1258, 1480, 1853, 1947, 2178, 2681, 2754, 3301, 3624, 3627, 3830, 3886, 4169, 4201, 4362, 4647, 5031, 5046, 5163, 5184, 5555, 5952, 6540, 6574, 6716, 6964, 7157, 7173, 7587, 7955, 7958, 7979]
Iter#60748 New set #6 of size 36 (10124.7 its/hit = 8.667s/hit): seed=14134781966178650584 [569, 595, 615, 1153, 1450, 1595, 1635, 2355, 2364, 2625, 2724, 3550, 3650, 3865, 3890, 4105, 4208, 4262, 4456, 4617, 4622, 4846, 5157, 5207, 5345, 5378, 5560, 5802, 6113, 6375, 6949, 7319, 7361, 7608, 7761, 7851]
Iter#62005 New set #7 of size 36 (8857.9 its/hit = 7.571s/hit): seed=8809087248795373564 [303, 409, 567, 626, 1109, 2805, 2959, 3176, 3298, 3457, 3539, 3595, 3616, 3721, 3775, 3827, 4197, 4361, 4402, 4464, 4919, 4960, 5537, 5640, 5743, 5816, 5939, 6044, 6081, 6111, 6174, 6289, 6417, 6622, 6661, 8081]
Iter#65420 New set #8 of size 36 (8177.5 its/hit = 6.875s/hit): seed=17210430906347611365 [9, 52, 668, 1061, 1131, 1278, 1370, 1386, 1472, 1485, 1981, 2195, 2399, 2633, 2852, 2914, 3322, 3441, 3605, 3692, 3797, 3811, 4211, 4269, 4845, 5081, 5124, 5211, 5413, 5592, 5613, 5823, 5841, 6025, 6909, 7888]
Iter#67680 New set #9 of size 36 (7520.0 its/hit = 6.333s/hit): seed=1783920956414304713 [246, 271, 444, 461, 829, 1151, 1952, 2248, 2304, 2506, 2748, 2762, 2811, 3234, 3249, 3374, 3412, 3533, 3597, 4227, 4280, 4581, 4582, 4716, 5065, 5324, 5339, 5573, 5677, 6073, 6409, 6428, 6550, 6598, 6642, 6933]
Iter#74395 New set #10 of size 36 (7439.5 its/hit = 6.300s/hit): seed=11081632169632840404 [35, 616, 661, 1013, 2071, 2154, 2642, 2671, 2750, 2751, 2784, 2789, 2857, 2865, 2915, 3113, 3197, 3347, 3790, 4093, 4164, 4427, 4451, 5042, 5215, 5517, 5662, 6117, 6312, 6616, 7084, 7218, 7309, 7583, 7736, 7894]
Iter#151813 New set #1 of size 38 (151813.0 its/hit = 126.000s/hit): seed=11716477902356314939 [42, 83, 382, 405, 504, 588, 937, 985, 1104, 1187, 1330, 1546, 2261, 2291, 2551, 2720, 3036, 3085, 3205, 3290, 4122, 4196, 4312, 4348, 4582, 4742, 4750, 5057, 5473, 5596, 5842, 7062, 7311, 7368, 7528, 7558, 7971, 8058]
Iter#526230 New set #2 of size 38 (263115.0 its/hit = 216.500s/hit): seed=3027348000002302070 [409, 557, 866, 876, 1021, 1179, 1219, 1282, 1876, 1987, 2159, 2234, 2263, 2323, 3088, 3770, 3771, 4515, 4537, 4687, 4728, 4812, 5732, 5755, 5907, 6061, 6297, 6314, 6653, 6704, 6736, 6873, 7076, 7209, 7400, 7405, 7813, 8119]
Iter#583759 New set #3 of size 38 (194586.3 its/hit = 160.000s/hit): seed=8872630892987976783 [645, 663, 1027, 1414, 1544, 1588, 1791, 2092, 2200, 2339, 2676, 2715, 2842, 2896, 2963, 3315, 3340, 3439, 3476, 3669, 3757, 3848, 3925, 3979, 4017, 4020, 4256, 4805, 4832, 4998, 5075, 5345, 5740, 6145, 6282, 6815, 7630, 7931]
Iter#703954 New set #1 of size 39 (703954.0 its/hit = 578.000s/hit): seed=3843784537471103682 [308, 394, 598, 1694, 1754, 1831, 2264, 2413, 2448, 2518, 2922, 3060, 3558, 3578, 3625, 3626, 3714, 3877, 4048, 4085, 4340, 4703, 4982, 5138, 5249, 5641, 5961, 6195, 6781, 6881, 7033, 7043, 7372, 7525, 7546, 7684, 7758, 7817, 8117]
Iter#2835038 New set #2 of size 39 (1417519.0 its/hit = 1157.000s/hit): seed=11969446901070183573 [86, 303, 340, 521, 927, 1061, 1065, 1261, 1401, 1496, 1541, 1563, 1641, 2651, 2656, 2699, 2798, 2855, 2930, 3201, 3274, 3438, 3681, 4019, 4081, 4519, 4530, 4713, 4826, 5068, 5137, 5745, 5758, 6116, 6184, 6188, 6552, 6702, 7179]
Iter#3383721 New set #3 of size 39 (1127907.0 its/hit = 920.667s/hit): seed=13788244489681399224 [72, 177, 345, 451, 496, 645, 1253, 1298, 1357, 1476, 1782, 1968, 1985, 2193, 2366, 2621, 3089, 3784, 3785, 4039, 4069, 4079, 4261, 4670, 4716, 4901, 5105, 5274, 5554, 6110, 6303, 6499, 6595, 6733, 6759, 6877, 7092, 7559, 8019]
Iter#4483312 New set #4 of size 39 (1120828.0 its/hit = 914.750s/hit): seed=10694236165151543093 [36, 206, 642, 645, 2227, 2235, 2376, 2525, 2921, 2957, 3217, 3265, 3597, 3846, 3858, 4226, 4352, 4612, 4652, 4989, 5001, 5117, 5607, 5616, 5723, 5828, 5967, 6036, 6119, 6196, 6273, 6418, 6792, 7131, 7158, 7291, 7399, 7742, 8025]
Iter#4962333 New set #5 of size 39 (992466.6 its/hit = 809.800s/hit): seed=6906320380420387229 [137, 163, 303, 326, 1219, 1244, 1261, 1338, 1622, 1687, 1926, 1982, 2212, 2224, 2409, 2726, 2739, 3208, 3538, 3682, 3731, 3787, 3830, 3849, 4494, 4747, 5399, 5420, 5615, 5639, 5967, 6094, 6155, 6184, 6509, 6721, 7122, 7338, 8160]
Iter#6328718 New set #6 of size 39 (1054786.4 its/hit = 860.333s/hit): seed=14709827863020735612 [157, 558, 763, 890, 971, 1111, 1141, 1282, 1436, 1452, 1663, 1998, 2037, 2410, 2643, 2844, 3356, 3434, 3466, 3479, 3595, 3780, 4005, 4017, 4540, 4717, 5124, 5525, 5623, 5895, 6089, 6156, 6616, 6621, 7046, 7060, 7320, 7659, 7903]
Iter#6379388 New set #7 of size 39 (911341.1 its/hit = 743.286s/hit): seed=12954008034382713742 [141, 180, 677, 774, 959, 975, 978, 1172, 1222, 1331, 1676, 1810, 1932, 2320, 2364, 2976, 2997, 3390, 3430, 3739, 3774, 4024, 4235, 4687, 5174, 5175, 5286, 5460, 5565, 5826, 6406, 6488, 6574, 6840, 6922, 7088, 7158, 7211, 7633]
Iter#8040835 New set #8 of size 39 (1005104.4 its/hit = 819.125s/hit): seed=1535441017000872064 [166, 475, 636, 1009, 1198, 1320, 1630, 1872, 2374, 2469, 2776, 2939, 3128, 3200, 3510, 3761, 3797, 4085, 4267, 4428, 4589, 4631, 4820, 4944, 5727, 5795, 5900, 5904, 6001, 6201, 6224, 6552, 6716, 7102, 7147, 7279, 7451, 7507, 7583]
Iter#8645919 New set #9 of size 39 (960657.7 its/hit = 782.444s/hit): seed=8018822402912491409 [808, 939, 991, 1130, 1155, 1206, 1262, 1585, 1689, 1977, 2079, 2272, 2371, 2551, 2563, 2880, 3015, 3159, 3389, 4473, 4692, 4795, 5235, 5240, 5473, 5908, 6410, 6606, 6639, 6667, 6720, 7017, 7245, 7258, 7267, 7427, 7531, 7906, 8017]
Iter#9310123 New set #10 of size 39 (931012.3 its/hit = 757.900s/hit): seed=8649648599002767467 [75, 174, 385, 509, 698, 958, 1458, 1495, 1655, 1703, 2629, 2697, 2814, 3080, 3083, 3096, 3254, 3470, 3572, 3748, 3788, 4756, 5569, 5600, 5852, 6193, 6312, 6335, 6656, 6706, 6895, 7113, 7254, 7393, 7520, 7735, 7822, 7945, 8115]
