[*] Computing DDT
[+] DDT Computed
DDT took 1.410809464s
Iter#1 New set #1 of size 30 (1.0 its/hit = 0.000s/hit): seed=11267716411383058726 [136, 712, 778, 1100, 1207, 1407, 1432, 1460, 1912, 2034, 2093, 2273, 3084, 3241, 3531, 4279, 4997, 5213, 5407, 5603, 5688, 6126, 6210, 6532, 6879, 7199, 7368, 7714, 7858, 7941]
Iter#2 New set #1 of size 31 (2.0 its/hit = 0.000s/hit): seed=6031174600961595128 [267, 527, 556, 1605, 1653, 1758, 1793, 1840, 2128, 2294, 2488, 2758, 2883, 3170, 3407, 3457, 3492, 4185, 4340, 4546, 4726, 4884, 5231, 5535, 6459, 6896, 6992, 7249, 7474, 7576, 7755]
Iter#5 New set #2 of size 31 (2.5 its/hit = 0.000s/hit): seed=8436510432022693954 [439, 458, 490, 727, 1344, 1508, 1762, 2141, 2480, 2790, 2947, 3018, 3040, 3102, 3828, 3871, 4332, 4346, 4440, 4615, 4694, 4959, 5425, 5426, 5879, 6388, 6497, 6571, 7490, 7614, 7909]
Iter#6 New set #3 of size 31 (2.0 its/hit = 0.000s/hit): seed=11320490104865229790 [101, 237, 1086, 1258, 1629, 1704, 1798, 1818, 2190, 2388, 2755, 2819, 2843, 3036, 3769, 3865, 4000, 4145, 4676, 5027, 5426, 5442, 5911, 6024, 6178, 6610, 6840, 7420, 7468, 7499, 8071]
Iter#16 New set #4 of size 31 (4.0 its/hit = 0.000s/hit): seed=2071146078672314671 [116, 206, 288, 378, 543, 689, 814, 937, 1039, 1198, 1386, 1612, 2056, 2571, 2588, 2624, 3057, 3214, 3298, 3693, 4100, 4179, 4232, 4442, 4755, 4946, 5132, 5851, 6131, 6761, 8118]
Iter#18 New set #5 of size 31 (3.6 its/hit = 0.000s/hit): seed=15450861144317717365 [18, 303, 396, 705, 1514, 1905, 1941, 2103, 2444, 3141, 3406, 3919, 3961, 4128, 4375, 4842, 5115, 5124, 5318, 5681, 6074, 6213, 6301, 6428, 6486, 6646, 6650, 7451, 7691, 7763, 7948]
Iter#23 New set #6 of size 31 (3.8 its/hit = 0.000s/hit): seed=1156409000703328016 [84, 358, 428, 550, 1929, 2074, 2090, 2379, 2475, 2678, 3359, 3633, 4160, 5171, 5355, 5574, 5666, 6026, 6391, 6860, 6869, 7104, 7184, 7492, 7548, 7707, 7732, 7733, 8066, 8104, 8179]
Iter#37 New set #7 of size 31 (5.3 its/hit = 0.000s/hit): seed=4210988696109152567 [706, 738, 886, 1010, 1285, 1574, 1762, 1955, 2267, 2555, 2737, 2832, 2837, 3141, 3231, 3458, 4267, 4297, 4829, 5195, 5247, 5506, 5835, 6629, 6729, 6887, 7016, 7220, 7255, 7355, 7642]
Iter#38 New set #8 of size 31 (4.8 its/hit = 0.000s/hit): seed=14594864405836753625 [126, 239, 392, 590, 1185, 1413, 1534, 1738, 1812, 2171, 2220, 2611, 3209, 3331, 3988, 4517, 4727, 5110, 5225, 5415, 5440, 5462, 6003, 6005, 6110, 6954, 7222, 7359, 7700, 7846, 7862]
Iter#39 New set #9 of size 31 (4.3 its/hit = 0.000s/hit): seed=2925422773712221333 [44, 226, 595, 632, 1002, 1111, 1338, 1651, 2181, 2288, 2299, 2304, 2325, 2458, 2486, 2557, 3242, 3507, 3630, 3737, 3850, 4512, 4657, 4827, 5777, 5798, 6285, 6289, 6870, 6964, 7155]
Iter#45 New set #10 of size 31 (4.5 its/hit = 0.000s/hit): seed=18331855121963749612 [100, 148, 278, 606, 1511, 1733, 1810, 2186, 2256, 2344, 2384, 2926, 2958, 3160, 3316, 3809, 3869, 4064, 4386, 4480, 4556, 4856, 5115, 5516, 5545, 5668, 5790, 5802, 6475, 6880, 7589]
Iter#56 New set #1 of size 32 (56.0 its/hit = 0.000s/hit): seed=12634099810452736979 [183, 465, 601, 850, 951, 1068, 1195, 1784, 2188, 2377, 2659, 2706, 3214, 3394, 3474, 3559, 4689, 5121, 5273, 5779, 5836, 5947, 6065, 6380, 6623, 6721, 7509, 7585, 7686, 7699, 7924, 8186]
Iter#91 New set #2 of size 32 (45.5 its/hit = 0.000s/hit): seed=12003060260978300256 [271, 663, 777, 879, 1782, 1790, 2214, 2269, 2365, 2422, 2616, 2763, 3015, 3690, 4091, 4225, 4557, 4605, 5106, 5147, 5367, 5781, 5834, 5906, 6224, 6653, 6740, 6877, 6974, 7434, 7547, 7763]
Iter#201 New set #3 of size 32 (67.0 its/hit = 0.000s/hit): seed=4063068582590733581 [27, 473, 731, 1119, 1209, 1473, 2041, 2068, 2265, 2712, 3031, 3177, 3530, 4585, 4973, 5016, 5124, 5333, 5441, 5444, 5540, 5654, 6096, 6612, 6835, 7100, 7175, 7403, 7567, 7616, 7955, 8175]
Iter#246 New set #4 of size 32 (61.5 its/hit = 0.000s/hit): seed=6285684970280138625 [11, 122, 466, 705, 1567, 1752, 1877, 2314, 3005, 3211, 3443, 3484, 3600, 3629, 3952, 4079, 4101, 4229, 4267, 4506, 5279, 5475, 5678, 6138, 6195, 6386, 6536, 6954, 7248, 7355, 7916, 8174]
Iter#249 New set #5 of size 32 (49.8 its/hit = 0.000s/hit): seed=7841111339794703284 [55, 727, 761, 797, 813, 1147, 1408, 1629, 1809, 1963, 2117, 2192, 2324, 2342, 2640, 2828, 3893, 3919, 4154, 4430, 4720, 5655, 5923, 6077, 6123, 6255, 6289, 7035, 7422, 7469, 7833, 7953]
Iter#251 New set #6 of size 32 (41.8 its/hit = 0.000s/hit): seed=10228737320890257235 [552, 872, 1324, 1393, 1408, 1788, 1979, 1983, 2472, 2917, 3068, 3123, 3179, 3194, 3758, 4086, 4271, 4311, 4348, 4548, 4612, 4837, 5729, 6062, 6272, 6398, 6556, 6895, 7062, 7543, 7918, 7966]
Iter#370 New set #7 of size 32 (52.9 its/hit = 0.000s/hit): seed=10579169082333376653 [180, 707, 1147, 1314, 1612, 1689, 1739, 2125, 2240, 2320, 2650, 2861, 3105, 3369, 3651, 3695, 3948, 4539, 4621, 5038, 5370, 5872, 5978, 6117, 6728, 6812, 6881, 7111, 7732, 8014, 8027, 8129]
Iter#372 New set #8 of size 32 (46.5 its/hit = 0.000s/hit): seed=15647707433924486735 [265, 1215, 1383, 1523, 1875, 3181, 3332, 3474, 3641, 4033, 4191, 4206, 4480, 4498, 4596, 4615, 4841, 4995, 5008, 5040, 5525, 5621, 5823, 5866, 6073, 6228, 6570, 6709, 6737, 7205, 7560, 7952]
Iter#375 New set #9 of size 32 (41.7 its/hit = 0.000s/hit): seed=6298125505557049738 [39, 1309, 1511, 1894, 1904, 2023, 2303, 2440, 2780, 3051, 3315, 3703, 4000, 4027, 4211, 4283, 4636, 4947, 4960, 5034, 5460, 5673, 5909, 5941, 5975, 6374, 6487, 6629, 6987, 7356, 7932, 8184]
Iter#394 New set #10 of size 32 (39.4 its/hit = 0.000s/hit): seed=11598770772114314770 [247, 614, 761, 974, 1278, 1341, 1890, 1955, 2117, 2136, 2161, 2214, 2838, 3127, 3131, 3363, 3565, 3827, 3911, 4405, 4567, 4910, 5211, 5452, 5668, 5793, 6533, 6987, 7540, 7569, 7613, 8166]
Iter#622 New set #1 of size 33 (622.0 its/hit = 0.000s/hit): seed=7744540807682260875 [83, 246, 483, 728, 859, 1011, 1134, 1323, 1807, 2159, 2267, 2366, 2575, 2866, 3193, 3204, 3531, 4004, 4166, 4311, 5402, 6224, 6328, 6722, 6781, 6852, 6863, 7389, 7504, 7656, 7707, 7930, 8144]
Iter#1447 New set #2 of size 33 (723.5 its/hit = 0.500s/hit): seed=18074333206471682911 [167, 589, 630, 952, 972, 1962, 2447, 2609, 3227, 3291, 3458, 3570, 3681, 3771, 4239, 4350, 4818, 4849, 4926, 4941, 5078, 5296, 5848, 6127, 6266, 6357, 6485, 6496, 6570, 6726, 6879, 7063, 7937]
Iter#2159 New set #1 of size 34 (2159.0 its/hit = 2.000s/hit): seed=5798616606154957759 [211, 1633, 1765, 1849, 1861, 2058, 2067, 2097, 2278, 2341, 2570, 2595, 2677, 3879, 4252, 4557, 4590, 4770, 4800, 4820, 4844, 4863, 5696, 5714, 5748, 5775, 5982, 6191, 6401, 6664, 6686, 8060, 8103, 8123]
Iter#2242 New set #1 of size 35 (2242.0 its/hit = 2.000s/hit): seed=11554851915222122682 [40, 269, 529, 845, 892, 926, 1032, 1128, 1327, 1953, 2479, 2879, 2884, 2928, 2990, 3156, 3399, 3422, 3700, 3862, 4049, 4729, 4971, 5190, 5649, 6004, 6502, 6890, 7111, 7812, 7826, 7828, 7916, 7933, 7993]
Iter#4713 New set #2 of size 35 (2356.5 its/hit = 2.500s/hit): seed=8077662550784955608 [404, 443, 656, 735, 765, 1846, 1887, 2445, 2551, 2887, 2998, 3194, 3519, 3637, 3753, 3829, 3880, 3916, 4446, 4779, 4809, 5338, 5689, 5970, 6279, 6435, 6589, 6776, 6893, 7131, 7263, 7351, 7633, 7666, 7875]
Iter#4870 New set #3 of size 35 (1623.3 its/hit = 1.667s/hit): seed=8698942363595593256 [33, 209, 251, 306, 383, 476, 876, 1603, 1617, 1897, 1951, 2152, 2432, 2435, 2641, 2734, 2837, 3103, 3161, 3248, 3392, 3441, 3841, 3900, 3908, 4106, 4173, 4410, 4744, 4939, 4957, 5272, 6154, 7086, 8124]
Iter#10250 New set #4 of size 35 (2562.5 its/hit = 2.750s/hit): seed=11503515494088785948 [220, 447, 635, 963, 1239, 1429, 1679, 2053, 2093, 2133, 2311, 2510, 2701, 2835, 3037, 3095, 3339, 3567, 3692, 3954, 4377, 4843, 5220, 5521, 5525, 5557, 5697, 5894, 5936, 6058, 6451, 7154, 7188, 7262, 8076]
Iter#10570 New set #5 of size 35 (2114.0 its/hit = 2.200s/hit): seed=2908125888369769381 [213, 412, 482, 784, 1250, 2028, 2679, 2690, 2737, 2791, 2890, 2901, 3197, 3254, 3436, 3505, 3777, 5089, 5170, 5412, 5456, 5960, 6171, 6508, 6844, 6872, 6966, 7175, 7339, 7578, 7615, 7699, 7717, 8068, 8123]
Iter#13498 New set #6 of size 35 (2249.7 its/hit = 2.333s/hit): seed=10383525133317639431 [233, 271, 664, 736, 750, 775, 956, 1013, 1888, 2115, 2211, 3016, 3131, 3251, 3674, 3829, 4256, 4260, 4635, 4849, 5013, 5224, 5604, 5622, 5707, 5719, 5829, 5885, 6409, 6508, 7069, 7121, 7368, 7648, 7845]
Iter#15598 New set #1 of size 36 (15598.0 its/hit = 16.000s/hit): seed=12956123072771767511 [808, 1027, 1035, 1675, 1755, 2847, 3035, 3128, 3270, 3665, 3831, 4218, 4318, 4329, 4491, 5128, 5259, 5457, 5626, 5641, 5741, 5809, 5938, 5962, 6131, 6175, 6260, 6600, 6999, 7049, 7178, 7202, 7651, 7656, 7684, 7958]
Iter#35784 New set #2 of size 36 (17892.0 its/hit = 16.000s/hit): seed=14768152681769236191 [444, 584, 961, 1241, 1448, 1540, 1563, 2498, 2527, 3114, 3653, 3660, 4070, 4113, 4165, 4267, 4332, 4630, 4777, 4801, 5098, 5268, 5597, 5791, 6001, 6058, 6385, 6756, 6781, 6845, 7259, 7439, 7739, 7801, 8089, 8160]
Iter#53108 New set #3 of size 36 (17702.7 its/hit = 15.667s/hit): seed=1938489177298975567 [961, 1567, 1688, 1694, 1864, 1925, 2035, 2554, 3291, 3597, 3701, 3798, 3848, 4193, 4441, 4532, 4764, 4991, 5416, 5802, 5874, 5969, 6052, 6073, 6305, 6699, 6719, 6740, 6751, 6754, 6820, 6901, 6904, 6929, 8121, 8188]
Iter#55025 New set #4 of size 36 (13756.2 its/hit = 12.000s/hit): seed=13892021366258103795 [76, 367, 429, 713, 795, 997, 1244, 1644, 1761, 1837, 2024, 2434, 3036, 3633, 3650, 3914, 4138, 4140, 4614, 4984, 5086, 5134, 5180, 6029, 6204, 6316, 6470, 6547, 6620, 6650, 6797, 6911, 6948, 6965, 7688, 8139]
Iter#73105 New set #5 of size 36 (14621.0 its/hit = 12.600s/hit): seed=10046237522361196203 [221, 315, 394, 514, 706, 939, 1289, 1325, 1337, 1479, 1514, 1545, 2171, 2317, 2615, 3209, 3693, 3776, 3834, 4032, 4041, 4116, 4607, 5065, 5161, 5556, 5923, 6280, 6349, 6569, 6771, 7258, 7328, 7440, 7692, 8178]
Iter#85849 New set #1 of size 38 (85849.0 its/hit = 73.000s/hit): seed=18256605111742464350 [0, 103, 245, 343, 476, 676, 769, 800, 1021, 1045, 1101, 1666, 1809, 1858, 2626, 3096, 3268, 3295, 3530, 3580, 3751, 3944, 3984, 4170, 4322, 4363, 4722, 4959, 5083, 5881, 6420, 6546, 6589, 6610, 6926, 7069, 7300, 7961]
Iter#302351 New set #1 of size 39 (302351.0 its/hit = 251.000s/hit): seed=10937124138938320932 [367, 392, 490, 1364, 1456, 1462, 1533, 1695, 1845, 2013, 2592, 2606, 3257, 3381, 3469, 3703, 3842, 3875, 3960, 4321, 4574, 4646, 5147, 5823, 5825, 5855, 5917, 5983, 6101, 6128, 6170, 6477, 6604, 7075, 7147, 7312, 7837, 7972, 8184]
Iter#1005318 New set #2 of size 39 (502659.0 its/hit = 413.500s/hit): seed=3922625548946713845 [58, 470, 651, 961, 1007, 1228, 1233, 1563, 1739, 1745, 1815, 2054, 2378, 2427, 2867, 3424, 3939, 4021, 4040, 4385, 4432, 4565, 5673, 5777, 5858, 5914, 6105, 6301, 6307, 6441, 6851, 7072, 7148, 7364, 7368, 7422, 7454, 7964, 8057]
Iter#1569437 New set #1 of size 40 (1569437.0 its/hit = 1289.000s/hit): seed=11631219539231716659 [52, 174, 258, 471, 807, 821, 1031, 1100, 1190, 1202, 1426, 1487, 1750, 2163, 2488, 2539, 2816, 2832, 2902, 2961, 3109, 3545, 3763, 4031, 4096, 4286, 4489, 4502, 4512, 4609, 5080, 5349, 5556, 5634, 5732, 5776, 5797, 6457, 6971, 7608]
Iter#9654966 New set #2 of size 40 (4827483.0 its/hit = 3956.000s/hit): seed=12498320722344504429 [156, 334, 371, 524, 930, 1342, 1346, 2379, 2404, 2629, 2750, 2858, 3214, 3455, 3518, 3666, 3849, 3931, 3940, 3996, 4021, 4480, 4608, 4624, 4657, 5077, 5127, 5173, 5652, 5790, 5893, 6126, 6318, 6323, 6374, 6506, 6871, 7054, 7896, 8151]
