[*] Computing DDT
[+] DDT Computed
DDT took 1.397669185s
Iter#1 New set #1 of size 29 (1.0 its/hit = 0.000s/hit): seed=3798362331884483453 [46, 1452, 1926, 2914, 3224, 3550, 3623, 3678, 4298, 4446, 4453, 4514, 4693, 4929, 5002, 5308, 5665, 5801, 6002, 6014, 6080, 6332, 7139, 7336, 7700, 7715, 7845, 7882, 8133]
Iter#2 New set #1 of size 30 (2.0 its/hit = 0.000s/hit): seed=18370384723827823622 [215, 594, 1021, 1533, 1729, 1941, 2070, 2232, 2642, 2758, 2766, 2832, 2973, 3018, 3709, 3894, 4630, 4742, 4931, 4972, 5250, 5347, 5440, 5880, 6323, 6341, 7411, 7607, 7718, 8048]
Iter#6 New set #2 of size 30 (3.0 its/hit = 0.000s/hit): seed=9960438145167667690 [96, 247, 471, 909, 1017, 1038, 1235, 1252, 1455, 1462, 1694, 1743, 1882, 2210, 2276, 3867, 4069, 4872, 4895, 4995, 5249, 5647, 6202, 6646, 6745, 7070, 7304, 7345, 7427, 7985]
Iter#7 New set #3 of size 30 (2.3 its/hit = 0.000s/hit): seed=4435100793041527821 [476, 541, 681, 942, 1111, 1219, 1452, 1457, 1515, 2174, 2860, 2905, 2948, 2952, 2987, 3316, 3645, 3928, 3979, 4831, 4961, 5194, 5532, 5781, 5970, 6044, 6829, 7392, 7751, 8055]
Iter#9 New set #4 of size 30 (2.2 its/hit = 0.000s/hit): seed=4599120182077422060 [344, 362, 391, 403, 643, 825, 889, 1064, 1079, 1205, 2006, 2178, 2778, 3614, 3962, 4114, 4298, 4851, 4880, 4976, 5211, 5436, 5490, 6478, 6686, 6879, 7154, 7388, 7564, 7859]
Iter#10 New set #5 of size 30 (2.0 its/hit = 0.000s/hit): seed=8655213316536912265 [143, 1210, 1288, 1416, 2352, 2376, 2459, 2599, 2672, 2685, 3180, 3321, 3735, 4556, 4713, 5063, 5186, 5468, 5551, 5634, 6455, 6542, 6561, 6909, 6958, 7015, 7397, 7406, 7463, 7625]
Iter#12 New set #1 of size 31 (12.0 its/hit = 0.000s/hit): seed=6722095452183120398 [15, 351, 982, 1044, 1079, 1147, 1393, 1547, 2268, 2341, 2380, 3360, 3467, 3657, 3728, 3738, 4084, 4237, 4950, 5581, 5650, 5733, 5827, 5851, 6094, 6380, 7070, 7256, 7418, 7609, 8174]
Iter#23 New set #2 of size 31 (11.5 its/hit = 0.000s/hit): seed=13550020527295878935 [102, 636, 661, 734, 1392, 1675, 2481, 2584, 2656, 2776, 3025, 3122, 3259, 3419, 3594, 3607, 4011, 4025, 4151, 4731, 4849, 4981, 5690, 5710, 5740, 6094, 6188, 6296, 6607, 6744, 7660]
Iter#40 New set #3 of size 31 (13.3 its/hit = 0.000s/hit): seed=2789116164217233477 [88, 319, 485, 564, 577, 826, 1276, 1587, 2158, 2203, 2484, 2913, 4201, 4261, 4383, 4723, 4726, 5645, 5757, 6712, 6825, 6892, 7004, 7036, 7309, 7358, 7402, 7404, 8015, 8093, 8191]
Iter#42 New set #4 of size 31 (10.5 its/hit = 0.000s/hit): seed=2150150077579784832 [8, 335, 975, 1516, 1714, 2014, 2140, 2160, 2604, 2997, 3119, 3196, 3315, 3397, 3760, 3807, 4148, 5321, 5337, 6295, 6416, 6434, 6804, 6811, 6902, 7126, 7144, 7213, 7863, 7927, 8129]
Iter#47 New set #5 of size 31 (9.4 its/hit = 0.000s/hit): seed=10214567735423955553 [106, 308, 460, 548, 746, 893, 1301, 1434, 1596, 1651, 1745, 1773, 1994, 2482, 2710, 2868, 3036, 3341, 3409, 3462, 3560, 4000, 5673, 6263, 6434, 6846, 6877, 7080, 7095, 7918, 8028]
Iter#49 New set #6 of size 31 (8.2 its/hit = 0.000s/hit): seed=12872126309949531508 [114, 378, 551, 678, 1395, 1518, 1633, 1803, 1822, 2021, 2597, 2932, 3201, 3232, 3416, 3711, 4256, 4292, 4316, 4780, 4872, 4931, 4967, 5367, 5756, 5762, 5958, 6224, 6444, 7088, 7229]
Iter#50 New set #7 of size 31 (7.1 its/hit = 0.000s/hit): seed=5903099159823325489 [23, 666, 732, 768, 862, 1567, 1926, 1969, 2087, 2112, 2147, 2396, 2563, 2806, 3160, 3747, 4235, 4286, 4378, 4648, 4856, 5065, 5091, 5372, 5662, 6287, 6371, 6709, 7268, 7305, 8173]
Iter#51 New set #1 of size 32 (51.0 its/hit = 0.000s/hit): seed=6737933222021624518 [38, 1353, 1433, 1645, 2480, 2486, 2519, 2602, 2775, 3201, 3659, 3723, 3823, 3943, 4135, 4281, 4945, 5297, 5348, 5490, 5842, 6213, 6573, 6786, 7114, 7337, 7438, 7476, 7583, 7660, 7742, 8072]
Iter#106 New set #2 of size 32 (53.0 its/hit = 0.000s/hit): seed=14621468774749087037 [310, 429, 750, 763, 890, 1306, 1414, 1582, 1868, 2236, 2751, 2996, 3094, 3361, 3713, 3979, 4807, 5680, 5759, 6074, 6373, 6498, 6816, 6897, 7147, 7330, 7337, 7731, 7764, 8050, 8083, 8115]
Iter#115 New set #3 of size 32 (38.3 its/hit = 0.000s/hit): seed=1768340753380459618 [16, 259, 311, 335, 461, 871, 1199, 1223, 1293, 2401, 2494, 2660, 2897, 3078, 3239, 3955, 4051, 4168, 4843, 5082, 5886, 5997, 6229, 6323, 6556, 6662, 6969, 7236, 7424, 7448, 7831, 8135]
Iter#155 New set #4 of size 32 (38.8 its/hit = 0.000s/hit): seed=13731907754251058553 [295, 475, 748, 814, 844, 1093, 1159, 1183, 1386, 1802, 1932, 2838, 3301, 3426, 3526, 3654, 3935, 3939, 3981, 4276, 4945, 5237, 5331, 5443, 5606, 5874, 5999, 6854, 6961, 7247, 7881, 8101]
Iter#186 New set #5 of size 32 (37.2 its/hit = 0.000s/hit): seed=2152867484446724373 [383, 530, 851, 1001, 1167, 1224, 1320, 1496, 1650, 1694, 2302, 2390, 2802, 2881, 3246, 3606, 3617, 3653, 4322, 4486, 4737, 5153, 5362, 5882, 6018, 6308, 6967, 7116, 7345, 7530, 7561, 7875]
Iter#195 New set #6 of size 32 (32.5 its/hit = 0.000s/hit): seed=3897717768319880168 [432, 634, 681, 1059, 1586, 1881, 2350, 2745, 2762, 3108, 3146, 3415, 3438, 3695, 3867, 3918, 4015, 4099, 4249, 4565, 4682, 4841, 4896, 5593, 5666, 6417, 6666, 6715, 7551, 7564, 7949, 8129]
Iter#233 New set #7 of size 32 (33.3 its/hit = 0.000s/hit): seed=9431607995688981675 [262, 624, 630, 869, 1142, 1185, 1739, 2113, 2545, 2706, 3177, 3888, 4212, 4238, 4311, 4348, 4829, 5187, 5395, 5536, 5789, 5793, 5845, 6479, 6496, 6533, 6830, 7180, 7381, 7454, 7628, 8036]
Iter#323 New set #8 of size 32 (40.4 its/hit = 0.000s/hit): seed=6964654554018694411 [83, 243, 299, 688, 697, 750, 1196, 1751, 1895, 2195, 2358, 2919, 3402, 3576, 3913, 4268, 4376, 4701, 4709, 4860, 4879, 4883, 5121, 5227, 5305, 5412, 5987, 6819, 7019, 7024, 7651, 8016]
Iter#402 New set #9 of size 32 (44.7 its/hit = 0.000s/hit): seed=7125051341410724277 [121, 239, 275, 698, 849, 1300, 1468, 1986, 2045, 2834, 2887, 3001, 4157, 4209, 4226, 4244, 4308, 4361, 4510, 4643, 4870, 4988, 5181, 6100, 6918, 7080, 7231, 7638, 7819, 7850, 7960, 8052]
Iter#415 New set #10 of size 32 (41.5 its/hit = 0.000s/hit): seed=8917829641262192931 [126, 132, 1133, 1172, 1441, 1825, 2060, 2774, 2800, 2931, 2958, 3005, 3625, 3671, 3788, 4022, 4173, 4329, 4504, 5002, 5300, 5411, 5539, 5918, 6026, 6452, 6754, 7006, 7483, 7579, 7801, 7903]
Iter#492 New set #1 of size 33 (492.0 its/hit = 0.000s/hit): seed=18166695306741302109 [213, 445, 651, 1288, 1389, 1417, 1661, 1668, 1941, 2430, 2889, 3323, 3492, 3731, 4229, 4230, 4263, 4900, 5482, 5578, 5633, 5679, 5836, 5913, 6015, 6343, 6890, 6901, 6978, 7139, 7625, 7815, 7958]
Iter#521 New set #2 of size 33 (260.5 its/hit = 0.000s/hit): seed=12761532676708781313 [120, 122, 275, 518, 1533, 1783, 1908, 1961, 2171, 2215, 2244, 2402, 2459, 3260, 3382, 3453, 3567, 3939, 4505, 4514, 4836, 4873, 5146, 5661, 6465, 6921, 6965, 7078, 7108, 7520, 7868, 8032, 8083]
Iter#894 New set #1 of size 34 (894.0 its/hit = 0.000s/hit): seed=13020840065629107146 [11, 247, 655, 1334, 1505, 1676, 2087, 2410, 2765, 2864, 3109, 3215, 3405, 3465, 4220, 4315, 4367, 4770, 5055, 5107, 5466, 5852, 6225, 6236, 6342, 6401, 6960, 7271, 7361, 7394, 7547, 7558, 7704, 7855]
Iter#1182 New set #1 of size 35 (1182.0 its/hit = 1.000s/hit): seed=9794543401967290774 [231, 246, 267, 367, 764, 936, 1109, 1463, 1785, 1842, 2197, 2231, 2574, 3100, 3463, 3611, 3815, 3835, 3988, 4021, 4454, 5044, 5224, 5597, 5862, 5878, 6201, 6311, 6590, 6595, 6634, 6899, 6961, 7255, 7822]
Iter#1329 New set #1 of size 36 (1329.0 its/hit = 1.000s/hit): seed=13133105004713959755 [51, 422, 493, 1388, 1663, 1957, 2192, 2452, 3013, 3093, 3266, 3303, 3637, 3644, 3686, 3690, 3793, 3955, 4415, 4635, 4681, 4805, 4808, 4931, 5091, 5328, 5410, 5521, 6196, 6458, 6624, 6769, 7055, 7328, 8000, 8091]
Iter#1605 New set #1 of size 37 (1605.0 its/hit = 1.000s/hit): seed=13378314816511803413 [165, 296, 457, 897, 1213, 1336, 1372, 1419, 1566, 1646, 2089, 2164, 2172, 2345, 2635, 2884, 2927, 2928, 2990, 3402, 3478, 3795, 3800, 4194, 4224, 4345, 4690, 5193, 5462, 6339, 6802, 6838, 7473, 7504, 7821, 8131, 8171]
Iter#100070 New set #2 of size 37 (50035.0 its/hit = 42.500s/hit): seed=14880958468894201198 [34, 234, 451, 810, 1051, 1098, 1310, 1490, 1562, 1674, 2136, 2618, 2718, 2753, 2874, 2893, 2941, 3078, 3523, 4238, 4296, 4301, 4470, 4613, 4713, 5151, 5508, 5893, 5935, 6048, 6559, 6725, 6733, 6833, 7036, 7568, 7694]
Iter#162869 New set #1 of size 38 (162869.0 its/hit = 136.000s/hit): seed=15398918643817867335 [47, 510, 527, 760, 1163, 1179, 2033, 2112, 2425, 2581, 2591, 2622, 2659, 2667, 2678, 2873, 3283, 3608, 3739, 3907, 4399, 4423, 4821, 5019, 5405, 5651, 5777, 6128, 6224, 6434, 6732, 7003, 7198, 7405, 7501, 7515, 7744, 7861]
Iter#340258 New set #2 of size 38 (170129.0 its/hit = 155.500s/hit): seed=14474921256223889632 [96, 326, 539, 543, 584, 656, 962, 1271, 1428, 1522, 1664, 1701, 1920, 2065, 2197, 2298, 2486, 2758, 2906, 2999, 3694, 3875, 3980, 4338, 4455, 4633, 4930, 4950, 5148, 5348, 5672, 5892, 6236, 6257, 6911, 7064, 7133, 8183]
Iter#437498 New set #1 of size 42 (437498.0 its/hit = 414.000s/hit): seed=15782462523022671636 [208, 215, 317, 370, 476, 1102, 1201, 1277, 1324, 1624, 1722, 1940, 2982, 3300, 3372, 3536, 3563, 3568, 3570, 4357, 4458, 4486, 4592, 4677, 5259, 5335, 5381, 5464, 5624, 5711, 5886, 6312, 6526, 6606, 6815, 7069, 7275, 7292, 7573, 7595, 7639, 7878]
Iter#9218597 New set #2 of size 42 (4609298.5 its/hit = 4947.500s/hit): seed=7160963845668398699 [212, 403, 539, 683, 782, 787, 1374, 1540, 1621, 1635, 2266, 2353, 2376, 2534, 2740, 2785, 2967, 2989, 3195, 3204, 3614, 3686, 3756, 4071, 4164, 4383, 4916, 5226, 5242, 5548, 5598, 5749, 5874, 6164, 6225, 6329, 6700, 6775, 6984, 7467, 7525, 7857]
