[*] Computing DDT
[+] DDT Computed
DDT took 1.344091655s
Iter#1 New set #1 of size 30 (1.0 its/hit = 0.000s/hit): seed=4829021189252346987 [111, 136, 265, 805, 843, 1036, 1501, 2413, 3081, 3204, 3680, 3951, 4025, 4116, 4573, 4613, 4990, 6242, 6280, 6821, 6932, 6975, 6984, 7130, 7184, 7222, 7557, 7920, 7938, 8139]
Iter#3 New set #2 of size 30 (1.5 its/hit = 0.000s/hit): seed=9565838196138045509 [36, 134, 198, 305, 415, 495, 768, 993, 1545, 1559, 1593, 1839, 1842, 2110, 2884, 2998, 3113, 3450, 4179, 4437, 4793, 5007, 5474, 5512, 5730, 6027, 6347, 7119, 7371, 7455]
Iter#4 New set #3 of size 30 (1.3 its/hit = 0.000s/hit): seed=11312283792148103842 [418, 1704, 2148, 2155, 2656, 2740, 2874, 3124, 3163, 3377, 3615, 4017, 4046, 4247, 4593, 5053, 5401, 5485, 5576, 6091, 6355, 6452, 6736, 7347, 7458, 7753, 7787, 7943, 8096, 8182]
Iter#6 New set #1 of size 31 (6.0 its/hit = 0.000s/hit): seed=8961762672532397980 [454, 864, 986, 1077, 1788, 1967, 2480, 2692, 3250, 3263, 3580, 3611, 3721, 3856, 3919, 4325, 4458, 4474, 4631, 4695, 4911, 5424, 5511, 5813, 6235, 6240, 7165, 7452, 7820, 7902, 8055]
Iter#9 New set #2 of size 31 (4.5 its/hit = 0.000s/hit): seed=13135229046914282874 [103, 153, 183, 193, 768, 1107, 1549, 1602, 1677, 2099, 2201, 2321, 2458, 2887, 3490, 3820, 3841, 4217, 4247, 4252, 4403, 4785, 5112, 5130, 5159, 5473, 5516, 5822, 6099, 6233, 7515]
Iter#12 New set #3 of size 31 (4.0 its/hit = 0.000s/hit): seed=9116350421003315722 [72, 231, 348, 496, 944, 1478, 2393, 2493, 3061, 3679, 3815, 3903, 4170, 4384, 4828, 6237, 6298, 6496, 6956, 6959, 7045, 7099, 7177, 7278, 7537, 7551, 7696, 7716, 7724, 7939, 8081]
Iter#21 New set #4 of size 31 (5.2 its/hit = 0.000s/hit): seed=7172287421915669472 [62, 398, 1150, 1171, 1232, 1240, 1390, 1667, 2331, 2504, 2729, 3743, 3760, 3823, 4090, 4160, 4336, 4464, 4871, 4986, 5104, 5231, 5330, 5958, 6041, 6100, 6272, 7740, 7824, 7946, 7993]
Iter#37 New set #5 of size 31 (7.4 its/hit = 0.000s/hit): seed=14701467684359300129 [356, 485, 702, 807, 1257, 1305, 1332, 1455, 1626, 1909, 2161, 2447, 2926, 3483, 3745, 4138, 4230, 4366, 4433, 4455, 4608, 5214, 5249, 6240, 6552, 7126, 7172, 7262, 7432, 7877, 8156]
Iter#44 New set #6 of size 31 (7.3 its/hit = 0.000s/hit): seed=15707928183923466741 [207, 330, 1731, 1766, 1844, 1902, 2094, 2184, 2691, 2714, 2727, 3209, 3228, 3279, 3413, 3827, 4148, 4383, 5096, 5349, 5439, 5457, 5585, 5665, 5771, 6010, 6013, 6179, 6838, 7780, 7942]
Iter#46 New set #1 of size 32 (46.0 its/hit = 0.000s/hit): seed=7097804614056807049 [460, 683, 1071, 1110, 1149, 1269, 1370, 1547, 1743, 2584, 2825, 2906, 3202, 3331, 3541, 3615, 3888, 5310, 5463, 5474, 5889, 6078, 6160, 6957, 7051, 7409, 7466, 7643, 7794, 7870, 7980, 8156]
Iter#68 New set #2 of size 32 (34.0 its/hit = 0.000s/hit): seed=17590396743423782502 [0, 82, 154, 537, 542, 773, 1797, 1988, 2008, 2582, 2597, 2742, 2928, 2948, 3410, 3508, 3825, 4096, 4143, 4287, 4413, 4711, 4994, 5399, 5475, 5495, 5685, 5711, 5878, 5969, 7327, 7606]
Iter#142 New set #3 of size 32 (47.3 its/hit = 0.000s/hit): seed=16923688858798403665 [188, 445, 827, 1173, 1270, 1458, 1639, 1996, 2605, 2713, 3155, 3177, 3284, 3878, 4536, 5234, 5403, 5406, 5527, 5550, 5782, 5795, 6256, 6613, 6615, 6742, 6811, 7429, 7448, 7670, 8016, 8155]
Iter#158 New set #4 of size 32 (39.5 its/hit = 0.000s/hit): seed=10272346437370001116 [274, 385, 394, 455, 792, 974, 1239, 1305, 1346, 1513, 2850, 3187, 3546, 3618, 3621, 3628, 3750, 4170, 4311, 4683, 4688, 4929, 5590, 5652, 5754, 6135, 6605, 6960, 7347, 7604, 7783, 8182]
Iter#189 New set #5 of size 32 (37.8 its/hit = 0.000s/hit): seed=10782271027694366075 [11, 316, 385, 659, 887, 927, 1295, 1314, 1977, 2212, 2928, 3489, 3544, 3620, 3650, 3722, 4025, 4779, 5019, 5295, 5378, 5711, 6121, 6159, 6339, 6668, 6819, 7038, 7224, 7396, 7997, 8191]
Iter#202 New set #6 of size 32 (33.7 its/hit = 0.000s/hit): seed=13918840013630176161 [485, 983, 1081, 1546, 1754, 1980, 2041, 2238, 2295, 2306, 2480, 2882, 2952, 3301, 3838, 4272, 4747, 5124, 5173, 5457, 5718, 6118, 6167, 6213, 6716, 6801, 6941, 6997, 7136, 7375, 7607, 8110]
Iter#212 New set #7 of size 32 (30.3 its/hit = 0.000s/hit): seed=17717942442409514486 [384, 616, 652, 741, 1388, 1707, 1892, 2181, 2333, 2511, 3087, 3629, 3953, 4132, 4389, 4849, 5229, 5232, 5802, 5978, 6076, 6460, 6513, 6872, 7298, 7340, 7575, 7649, 7754, 7891, 8064, 8181]
Iter#290 New set #8 of size 32 (36.2 its/hit = 0.000s/hit): seed=4151840874740193462 [288, 347, 384, 657, 1154, 1209, 1424, 1449, 1489, 1581, 2033, 2235, 2327, 2499, 2545, 3084, 3259, 3507, 3815, 4077, 4894, 5001, 5092, 5418, 5703, 6416, 6604, 6813, 6937, 7008, 7693, 7841]
Iter#326 New set #9 of size 32 (36.2 its/hit = 0.000s/hit): seed=7900552929140140073 [211, 409, 783, 908, 1000, 1169, 1274, 1325, 1911, 1933, 2232, 2616, 2672, 2821, 3221, 3618, 3620, 3795, 4219, 4631, 4835, 4991, 5250, 6237, 6400, 6574, 6924, 7161, 7347, 7586, 7641, 7769]
Iter#349 New set #10 of size 32 (34.9 its/hit = 0.000s/hit): seed=17804095289245358888 [243, 530, 667, 801, 918, 1027, 1077, 1111, 1387, 1485, 1883, 1887, 2256, 2370, 2664, 3020, 3100, 3304, 3305, 3655, 4108, 4122, 4274, 4354, 4435, 4955, 5413, 5636, 5820, 6453, 7017, 7368]
Iter#387 New set #1 of size 33 (387.0 its/hit = 0.000s/hit): seed=360679048963846315 [198, 266, 379, 391, 529, 686, 812, 1159, 1300, 1867, 2390, 2607, 2610, 2858, 2890, 2967, 3415, 3514, 3932, 4013, 4442, 4915, 4961, 5175, 5432, 5783, 5800, 6568, 7254, 7537, 7696, 7845, 7891]
Iter#893 New set #2 of size 33 (446.5 its/hit = 0.000s/hit): seed=3762052079216985363 [153, 770, 1060, 1194, 1816, 1904, 2040, 2144, 2148, 2404, 2425, 2765, 2962, 3310, 3442, 3480, 3665, 3674, 3984, 5089, 5313, 5735, 5801, 5960, 6238, 6270, 6882, 7225, 7368, 7512, 7974, 8005, 8107]
Iter#1619 New set #3 of size 33 (539.7 its/hit = 0.333s/hit): seed=14047173511584313546 [92, 249, 727, 1010, 1075, 1216, 1383, 2165, 2213, 2723, 2811, 2868, 3247, 3297, 3702, 3715, 4089, 4232, 4833, 5150, 5318, 5395, 5601, 5950, 6565, 6598, 6602, 6647, 6860, 7082, 7192, 7741, 8152]
Iter#2079 New set #4 of size 33 (519.8 its/hit = 0.500s/hit): seed=14538138481163656235 [413, 658, 1384, 1522, 1604, 1868, 2398, 2525, 2914, 3392, 3469, 4046, 4223, 4438, 4555, 4633, 4726, 4869, 5092, 5330, 5484, 5679, 5727, 5874, 5921, 7050, 7148, 7593, 7600, 7717, 7924, 8006, 8104]
Iter#2418 New set #5 of size 33 (483.6 its/hit = 0.400s/hit): seed=1772024815049833865 [490, 537, 671, 728, 1176, 1193, 1313, 1581, 2273, 2299, 2342, 2363, 2752, 3035, 3488, 3652, 3881, 4100, 4384, 4720, 5143, 5285, 5331, 5539, 5962, 6094, 6266, 6330, 7173, 7175, 7619, 7760, 7990]
Iter#2420 New set #6 of size 33 (403.3 its/hit = 0.333s/hit): seed=9595633590617758385 [307, 501, 718, 787, 858, 1097, 1271, 1636, 1731, 1958, 2061, 2500, 2569, 2670, 2692, 2754, 3128, 3132, 3471, 3681, 3874, 4108, 4292, 5062, 5092, 5674, 5843, 6698, 6726, 6821, 7525, 7875, 7944]
Iter#2657 New set #7 of size 33 (379.6 its/hit = 0.286s/hit): seed=4599584579096545167 [281, 486, 543, 782, 818, 921, 1114, 1406, 1438, 1951, 2090, 2274, 2518, 2815, 3071, 3750, 4079, 4103, 4822, 5373, 5519, 5807, 6016, 6435, 6608, 6924, 7030, 7074, 7495, 7558, 7786, 7915, 8127]
Iter#3075 New set #8 of size 33 (384.4 its/hit = 0.375s/hit): seed=2577160966057391032 [353, 604, 924, 930, 1054, 1264, 1379, 1398, 2091, 2266, 2898, 2942, 3000, 3312, 3418, 3675, 3710, 3747, 3899, 3983, 4233, 4256, 4291, 4504, 4730, 4898, 5461, 5577, 6116, 6347, 6799, 7319, 7496]
Iter#3151 New set #9 of size 33 (350.1 its/hit = 0.333s/hit): seed=13946932776901514936 [134, 1049, 1134, 1290, 1839, 2099, 2522, 2533, 2747, 2857, 3343, 3500, 3528, 3709, 3820, 4058, 4354, 4503, 4550, 4781, 4988, 5006, 5896, 6233, 6423, 6426, 7003, 7139, 7383, 8026, 8041, 8062, 8164]
Iter#3320 New set #10 of size 33 (332.0 its/hit = 0.300s/hit): seed=3981279963003409129 [520, 836, 911, 947, 1215, 1231, 1504, 1721, 1886, 2026, 2332, 2388, 2504, 2743, 3244, 3541, 3614, 4213, 4535, 4568, 4736, 5019, 5599, 6091, 6358, 6488, 6521, 6614, 6966, 6986, 7293, 7574, 7934]
Iter#4930 New set #1 of size 34 (4930.0 its/hit = 5.000s/hit): seed=11175049953946636942 [54, 98, 266, 334, 1189, 1356, 1648, 2045, 2868, 2941, 2987, 3014, 3069, 3514, 3550, 3558, 3702, 3751, 3842, 4405, 4624, 4650, 4723, 5040, 5184, 5421, 5490, 5774, 7116, 7184, 7286, 7748, 8044, 8131]
Iter#5151 New set #2 of size 34 (2575.5 its/hit = 2.500s/hit): seed=14754060575493427693 [111, 382, 552, 627, 641, 958, 1418, 1550, 1883, 1967, 3095, 3111, 3781, 3837, 4144, 4787, 4895, 5085, 5188, 5476, 5640, 6062, 6097, 6287, 6319, 6380, 6746, 6798, 6880, 7105, 7176, 7722, 8010, 8150]
Iter#8081 New set #3 of size 34 (2693.7 its/hit = 2.667s/hit): seed=8732599847312205782 [70, 477, 622, 707, 1152, 1155, 1380, 1493, 1630, 2033, 2112, 2401, 2817, 3164, 3192, 3334, 3449, 4819, 4849, 4971, 5016, 5272, 5372, 5531, 5610, 5772, 5963, 6444, 6645, 6792, 7046, 8055, 8072, 8114]
Iter#11046 New set #4 of size 34 (2761.5 its/hit = 2.750s/hit): seed=18038025630112684786 [58, 115, 326, 511, 781, 1096, 1388, 1828, 2063, 2088, 2206, 2319, 2353, 2376, 2426, 2497, 2580, 2757, 2950, 4137, 4230, 4328, 4636, 4670, 4815, 4862, 4884, 5290, 5413, 7144, 7305, 7615, 7723, 8094]
Iter#34611 New set #1 of size 35 (34611.0 its/hit = 35.000s/hit): seed=7202200885034271209 [131, 135, 271, 425, 633, 713, 765, 876, 964, 1792, 1872, 2138, 2252, 2377, 2973, 2982, 3053, 3237, 3322, 3459, 3963, 3989, 4117, 4527, 4808, 4869, 5214, 5531, 5697, 6281, 6480, 6489, 6893, 7444, 7539]
Iter#36073 New set #2 of size 35 (18036.5 its/hit = 18.500s/hit): seed=8752963827115088964 [149, 309, 404, 878, 1042, 1325, 1540, 1605, 1836, 2008, 2115, 2264, 2512, 2667, 2796, 3230, 3329, 3456, 3799, 4211, 4435, 4441, 4769, 5182, 5308, 5455, 5591, 6550, 6591, 6900, 7234, 7339, 7814, 7831, 7924]
Iter#109376 New set #3 of size 35 (36458.7 its/hit = 37.667s/hit): seed=17904834480438641968 [122, 396, 473, 549, 726, 1218, 1334, 1534, 1557, 1816, 2207, 2288, 2448, 2753, 2830, 2988, 3282, 3644, 3847, 4452, 4455, 4490, 4768, 4863, 5462, 5561, 5627, 5765, 5791, 6651, 6800, 6887, 7227, 7736, 7801]
Iter#161267 New set #4 of size 35 (40316.8 its/hit = 41.750s/hit): seed=10014539925169626109 [649, 689, 791, 863, 922, 1175, 1355, 1378, 1458, 1616, 2427, 2615, 2854, 2949, 2967, 3733, 3762, 4019, 4295, 4524, 4570, 4911, 4973, 5039, 5138, 5583, 5925, 6341, 6514, 6744, 6766, 6891, 7065, 7324, 7801]
Iter#288659 New set #5 of size 35 (57731.8 its/hit = 60.000s/hit): seed=5571548048374866284 [432, 572, 622, 636, 833, 1345, 1526, 1884, 2060, 2224, 2420, 2771, 2788, 2918, 3036, 3037, 3447, 3738, 3854, 4043, 4048, 4321, 4686, 4871, 5022, 5132, 5474, 6005, 6233, 6295, 6772, 7119, 7254, 7528, 7930]
Iter#289209 New set #6 of size 35 (48201.5 its/hit = 50.167s/hit): seed=14147620893554546007 [80, 439, 522, 988, 1269, 1503, 1525, 1571, 1651, 1728, 1781, 2042, 2361, 2517, 2531, 2739, 3168, 3182, 3246, 3335, 3993, 4576, 4584, 5062, 5074, 5147, 5465, 5525, 5991, 6028, 6576, 6969, 7353, 7545, 7787]
Iter#354739 New set #7 of size 35 (50677.0 its/hit = 52.714s/hit): seed=5894721178080348247 [57, 247, 455, 793, 958, 975, 2095, 3096, 3213, 3270, 3445, 3486, 3548, 4335, 4691, 4981, 5057, 5878, 5993, 6268, 6323, 6454, 6651, 6688, 6957, 6987, 7064, 7087, 7221, 7237, 7469, 7525, 7532, 7579, 7714]
Iter#417630 New set #8 of size 35 (52203.8 its/hit = 54.250s/hit): seed=4468592341318569289 [25, 125, 266, 942, 1084, 1097, 1412, 1943, 2916, 3005, 3131, 3140, 3387, 3759, 3823, 4255, 4529, 4646, 4734, 5343, 5456, 5586, 5798, 6321, 6647, 6778, 7330, 7356, 7374, 7414, 7829, 7890, 7910, 7939, 8169]
Iter#661320 New set #9 of size 35 (73480.0 its/hit = 76.333s/hit): seed=6124860355841979342 [8, 185, 721, 805, 1254, 1393, 1621, 1725, 2213, 2401, 2772, 3015, 3312, 3501, 3524, 3971, 4117, 4185, 4927, 5261, 5663, 5695, 5808, 5964, 6552, 7267, 7289, 7470, 7543, 7711, 7802, 7865, 7998, 8003, 8004]
Iter#749825 New set #10 of size 35 (74982.5 its/hit = 77.900s/hit): seed=1048823170650630513 [32, 94, 509, 534, 902, 1162, 1437, 1735, 2027, 2935, 3205, 3338, 3462, 3745, 3862, 4139, 4269, 4510, 4601, 5074, 5242, 5379, 5785, 5885, 5892, 5924, 6028, 6098, 6837, 7125, 7677, 7957, 7958, 8009, 8175]
Iter#3703970 New set #20 of size 35 (185198.5 its/hit = 192.500s/hit): seed=8122183687356272567 [904, 931, 1082, 1785, 1835, 1938, 2223, 2264, 2280, 2838, 3153, 3176, 3424, 3430, 3558, 3759, 3818, 3880, 4047, 4304, 4734, 4831, 4950, 5284, 5701, 6716, 6938, 7056, 7200, 7502, 7606, 7681, 7714, 7962, 8057]
Iter#5492208 New set #30 of size 35 (183073.6 its/hit = 190.400s/hit): seed=246697669524152390 [146, 434, 939, 1060, 1120, 1362, 1404, 1449, 1676, 1726, 2237, 2626, 2870, 2944, 3798, 3928, 3962, 4266, 4692, 4718, 4871, 4991, 5176, 5480, 5972, 5979, 6124, 6878, 7395, 7725, 7857, 7892, 7940, 8054, 8078]
