[*] Computing DDT
[+] DDT Computed
DDT took 1.308212751s
Iter#1 New set #1 of size 30 (1.0 its/hit = 0.000s/hit): seed=306065934875789783 [208, 272, 284, 874, 1215, 1423, 1712, 2087, 2125, 3480, 3705, 3715, 3877, 4740, 5079, 5258, 5392, 5618, 5661, 5731, 5949, 6235, 6340, 6714, 6843, 7229, 7775, 8038, 8126, 8177]
Iter#2 New set #2 of size 30 (1.0 its/hit = 0.000s/hit): seed=1901013780438327969 [266, 891, 1114, 1180, 1214, 1449, 1631, 1851, 2316, 2491, 2554, 2860, 3278, 3876, 4265, 4427, 5083, 5188, 6022, 6079, 6729, 6998, 7037, 7185, 7198, 7465, 7728, 7806, 8001, 8002]
Iter#3 New set #3 of size 30 (1.0 its/hit = 0.000s/hit): seed=3032442974549962648 [32, 84, 196, 629, 1018, 1222, 1402, 1488, 1565, 1619, 2060, 2446, 2779, 2798, 2846, 3016, 3286, 3383, 3781, 4793, 4998, 5603, 5923, 6000, 6359, 6473, 6496, 6808, 7959, 8100]
Iter#4 New set #1 of size 31 (4.0 its/hit = 0.000s/hit): seed=4440466823214374743 [825, 1091, 1125, 1195, 1355, 1665, 1720, 1913, 1964, 2949, 2973, 3676, 3743, 3760, 3955, 4078, 4372, 4487, 4514, 4637, 5002, 5102, 5391, 5664, 5947, 6682, 6899, 7118, 7200, 7913, 8145]
Iter#8 New set #2 of size 31 (4.0 its/hit = 0.000s/hit): seed=8071310411248568923 [187, 222, 237, 377, 630, 1695, 1700, 1742, 1902, 2094, 2394, 2469, 2557, 2681, 2774, 3606, 3747, 3939, 4306, 4319, 4440, 4516, 4544, 4630, 4757, 4763, 5767, 6529, 8033, 8053, 8167]
Iter#28 New set #3 of size 31 (9.3 its/hit = 0.000s/hit): seed=3051022698153021203 [178, 320, 660, 798, 901, 1128, 1211, 1725, 1828, 2276, 2357, 2536, 2876, 2969, 3031, 3103, 3711, 4079, 4411, 4664, 4812, 4876, 5236, 5378, 6140, 6494, 6609, 6921, 7043, 7701, 7745]
Iter#39 New set #4 of size 31 (9.8 its/hit = 0.000s/hit): seed=14332711078009742112 [229, 769, 1098, 1498, 1918, 2076, 2213, 2431, 2922, 3211, 3311, 3493, 3700, 3875, 4017, 4020, 4515, 4746, 4907, 4959, 5438, 5558, 5725, 5829, 6016, 6211, 6238, 6440, 7085, 7435, 7512]
Iter#50 New set #1 of size 33 (50.0 its/hit = 0.000s/hit): seed=10425714273058713981 [26, 388, 682, 786, 887, 992, 1418, 2680, 3185, 3272, 3492, 3916, 3946, 4128, 4372, 4700, 5276, 5520, 6468, 6805, 6927, 6996, 7128, 7258, 7413, 7425, 7702, 7880, 7947, 8011, 8021, 8050, 8107]
Iter#88 New set #2 of size 33 (44.0 its/hit = 0.000s/hit): seed=7954461462019985281 [405, 647, 824, 850, 914, 1160, 1563, 1767, 1768, 1804, 2196, 3507, 3640, 3972, 4539, 4875, 4990, 5300, 5320, 5684, 6038, 6142, 6479, 6614, 6627, 6686, 6703, 6807, 6914, 7846, 7914, 8027, 8057]
Iter#259 New set #3 of size 33 (86.3 its/hit = 0.000s/hit): seed=2679981728476327972 [461, 542, 1462, 1822, 1846, 2317, 2642, 2665, 2808, 3400, 3524, 3556, 3585, 4614, 4828, 5528, 5532, 5551, 5613, 5676, 5899, 6091, 6391, 6409, 6750, 6885, 7034, 7602, 7914, 7919, 7948, 8088, 8126]
Iter#326 New set #4 of size 33 (81.5 its/hit = 0.000s/hit): seed=12901183188327191787 [36, 254, 1577, 1602, 1870, 2172, 2287, 2362, 2975, 3490, 3515, 3829, 3832, 3838, 4583, 4666, 4729, 4811, 4974, 5298, 5444, 5556, 5634, 5821, 5862, 6829, 7000, 7019, 7485, 7562, 7613, 8137, 8156]
Iter#721 New set #5 of size 33 (144.2 its/hit = 0.000s/hit): seed=3823261609933087163 [24, 30, 42, 82, 577, 929, 1130, 1236, 1298, 1435, 1547, 1566, 1688, 2234, 2375, 3101, 3463, 4096, 4257, 4332, 4359, 4942, 4998, 5155, 5563, 5871, 5896, 5904, 5960, 6372, 6456, 6998, 7158]
Iter#1811 New set #6 of size 33 (301.8 its/hit = 0.167s/hit): seed=3063408447704378656 [552, 1089, 1847, 2228, 2517, 2551, 2572, 2632, 2639, 2642, 2698, 2807, 2832, 2840, 2929, 2952, 2972, 3462, 3745, 3803, 4036, 4056, 4942, 5101, 5475, 5490, 5629, 6082, 6533, 6871, 6978, 7096, 7544]
Iter#2720 New set #7 of size 33 (388.6 its/hit = 0.286s/hit): seed=12174271247008890435 [332, 639, 1238, 1296, 1426, 1634, 1723, 1975, 1978, 2090, 2092, 2452, 2472, 2598, 2811, 2962, 3239, 3440, 3478, 3904, 3912, 4212, 4864, 4978, 5244, 5315, 5714, 5928, 6074, 6193, 6562, 6577, 6781]
Iter#3343 New set #8 of size 33 (417.9 its/hit = 0.250s/hit): seed=16139714080260498923 [41, 65, 378, 867, 1084, 1315, 1402, 1609, 2043, 2285, 2896, 3563, 3934, 4273, 4304, 4458, 4619, 4834, 4937, 5166, 5169, 5762, 5882, 5975, 6299, 6518, 6905, 6924, 7282, 7394, 7429, 7845, 8160]
Iter#3891 New set #1 of size 34 (3891.0 its/hit = 3.000s/hit): seed=17888559583379217177 [103, 262, 988, 1063, 1176, 1212, 1390, 1766, 1870, 1879, 2074, 2299, 2334, 2755, 2771, 3140, 3662, 3904, 4036, 4038, 4273, 4291, 4396, 4655, 4890, 6066, 6072, 6232, 6750, 6794, 7141, 7801, 8071, 8113]
Iter#4837 New set #2 of size 34 (2418.5 its/hit = 1.500s/hit): seed=13972208839073229276 [395, 997, 1372, 1401, 1406, 1602, 1656, 2137, 2174, 2199, 2617, 3405, 3406, 3541, 4072, 4178, 4222, 4324, 4639, 5033, 5308, 5360, 5519, 5532, 5577, 5676, 5755, 5793, 6360, 6634, 7020, 7507, 8076, 8150]
Iter#10617 New set #3 of size 34 (3539.0 its/hit = 2.667s/hit): seed=14255833964295382672 [10, 236, 241, 417, 701, 704, 811, 1189, 1434, 1605, 1796, 2026, 2193, 2546, 2635, 2793, 2986, 3206, 3444, 3483, 4013, 4093, 4478, 5124, 5292, 5741, 5953, 6443, 6738, 6869, 7236, 7507, 7913, 8054]
Iter#14049 New set #4 of size 34 (3512.2 its/hit = 2.750s/hit): seed=5475921695355825476 [256, 439, 650, 835, 901, 1800, 1971, 2027, 2229, 2547, 2671, 2855, 3070, 3213, 3389, 3455, 3519, 3753, 4546, 4836, 5111, 5584, 5664, 5853, 5956, 6480, 6864, 7097, 7221, 7432, 7532, 7769, 8106, 8182]
Iter#37691 New set #5 of size 34 (7538.2 its/hit = 5.800s/hit): seed=1384335290644235418 [266, 328, 373, 573, 604, 979, 1218, 1779, 2025, 2035, 2313, 2721, 2753, 2937, 3146, 3206, 3840, 4031, 4455, 5038, 5228, 5306, 5449, 5650, 6281, 6405, 6613, 6807, 6934, 7171, 7303, 7348, 7737, 7969]
Iter#38231 New set #6 of size 34 (6371.8 its/hit = 5.000s/hit): seed=15515370699317356088 [21, 136, 452, 861, 1127, 1250, 1404, 1610, 1738, 1955, 2113, 2404, 2428, 2468, 2675, 3141, 3180, 3900, 4254, 4567, 4993, 5517, 5538, 5631, 5639, 5655, 6251, 6354, 6696, 6826, 6989, 7236, 7303, 7651]
Iter#46975 New set #7 of size 34 (6710.7 its/hit = 5.143s/hit): seed=11606513466654159950 [115, 781, 1271, 1907, 2101, 2129, 2170, 2559, 2595, 2789, 2804, 3023, 3059, 3588, 4166, 4306, 4463, 5195, 5258, 5273, 5486, 6163, 6311, 6373, 6424, 6587, 6679, 7173, 7282, 7570, 7755, 7920, 8136, 8167]
Iter#56402 New set #8 of size 34 (7050.2 its/hit = 5.500s/hit): seed=14668643566171747038 [326, 466, 532, 670, 686, 774, 826, 1010, 1093, 1113, 1155, 2205, 2414, 2692, 2952, 3158, 3281, 3578, 3716, 4093, 4833, 4880, 5265, 5662, 6058, 6202, 6600, 6618, 6643, 6971, 6975, 7082, 7166, 8090]
Iter#67876 New set #9 of size 34 (7541.8 its/hit = 5.889s/hit): seed=16378042626301634886 [131, 428, 907, 911, 969, 1177, 1210, 1584, 1727, 1804, 1932, 2056, 2075, 2352, 2904, 2959, 3180, 3548, 3572, 3637, 3893, 3909, 5176, 5229, 5539, 5866, 6073, 6231, 6253, 6269, 6518, 6550, 6901, 7788]
Iter#78418 New set #10 of size 34 (7841.8 its/hit = 6.100s/hit): seed=2958524864303129732 [351, 516, 610, 615, 905, 1173, 1597, 1651, 2104, 2178, 2200, 2808, 3163, 3187, 3354, 3810, 4048, 4147, 4185, 4404, 5293, 5312, 5379, 5392, 5427, 5591, 5659, 5703, 6385, 6516, 6791, 6883, 7094, 7111]
Iter#224925 New set #20 of size 34 (11246.2 its/hit = 8.850s/hit): seed=3990174222500258865 [87, 469, 1117, 1339, 1649, 2045, 2091, 2196, 2204, 2272, 2832, 2836, 3031, 3457, 3519, 3637, 3696, 3706, 4542, 4575, 4780, 4844, 4876, 5085, 5156, 5704, 6722, 7031, 7365, 7369, 7400, 7460, 7517, 7754]
Iter#281981 New set #30 of size 34 (9399.4 its/hit = 7.400s/hit): seed=6326629057053358308 [532, 558, 783, 1236, 1417, 1430, 1597, 1683, 1853, 2070, 2307, 2337, 2725, 2849, 3219, 3901, 3964, 4209, 4596, 4601, 5116, 5333, 5604, 6491, 6557, 6696, 6786, 7019, 7272, 7300, 7515, 7929, 8085, 8086]
Iter#348980 New set #1 of size 35 (348980.0 its/hit = 275.000s/hit): seed=2394973768828504728 [137, 183, 246, 394, 403, 619, 926, 1230, 1604, 2108, 2241, 2267, 2536, 3501, 3557, 3929, 3946, 4105, 4951, 5217, 5578, 5796, 6044, 6175, 6690, 6740, 6794, 6807, 7019, 7084, 7507, 7587, 7640, 7760, 7785]
Iter#807269 New set #2 of size 35 (403634.5 its/hit = 318.000s/hit): seed=4562617510507590828 [134, 207, 310, 391, 421, 429, 434, 991, 1052, 1450, 1482, 1704, 2030, 2204, 2242, 3060, 3456, 3997, 4214, 4224, 4315, 4377, 4603, 4791, 5156, 6232, 6238, 6297, 6529, 6635, 6999, 7298, 7417, 7691, 7858]
Iter#956151 New set #3 of size 35 (318717.0 its/hit = 251.000s/hit): seed=3882291398325408802 [596, 601, 720, 787, 930, 1020, 1028, 1093, 1113, 1210, 1491, 1541, 1652, 2618, 2620, 2797, 2886, 3219, 3270, 3611, 4146, 4331, 5212, 5240, 5347, 5631, 5927, 6562, 6580, 6662, 6732, 7167, 7623, 7668, 8063]
Iter#1732133 New set #4 of size 35 (433033.2 its/hit = 343.500s/hit): seed=10207415441753931140 [558, 695, 791, 856, 922, 1109, 1915, 2016, 2223, 2699, 2753, 3105, 3162, 3262, 3580, 3778, 3897, 4065, 4119, 4182, 4319, 4815, 5038, 5437, 5675, 5759, 5931, 5989, 6162, 6885, 7426, 7636, 7906, 7908, 8035]
Iter#1907827 New set #5 of size 35 (381565.4 its/hit = 302.800s/hit): seed=11677551387125598723 [241, 470, 802, 1135, 1728, 1788, 1960, 2096, 2354, 2509, 2513, 2651, 3113, 3299, 3322, 3664, 3882, 4523, 4833, 4998, 5122, 5164, 5261, 5351, 5635, 5649, 5795, 6108, 6285, 6310, 6357, 6739, 7696, 7753, 8080]
Iter#1977570 New set #6 of size 35 (329595.0 its/hit = 261.667s/hit): seed=11825036734538833199 [618, 1201, 1594, 1637, 1703, 2100, 2268, 2296, 2323, 2375, 3061, 3462, 3617, 3884, 3905, 4501, 4588, 4617, 4744, 4771, 4918, 5252, 5749, 5874, 5920, 6106, 6123, 6141, 6395, 6556, 6653, 6699, 7549, 7588, 8161]
Iter#2003492 New set #7 of size 35 (286213.2 its/hit = 227.286s/hit): seed=1001109907144156779 [161, 274, 677, 702, 721, 879, 1179, 1207, 1432, 1603, 1971, 2126, 2398, 3010, 3031, 3622, 3701, 3943, 4005, 4607, 4610, 5438, 5815, 5836, 6045, 6063, 6248, 6255, 6491, 6517, 6540, 6742, 6802, 6810, 7936]
Iter#2107131 New set #8 of size 35 (263391.4 its/hit = 209.250s/hit): seed=1667908439787000623 [278, 475, 847, 1325, 1536, 2084, 3087, 3117, 3205, 3221, 4060, 4188, 4285, 4476, 4628, 4879, 5208, 5379, 5439, 5474, 5766, 5811, 5841, 6043, 6155, 6361, 6859, 6914, 6975, 6990, 7310, 7422, 7446, 7976, 8079]
Iter#2783849 New set #9 of size 35 (309316.6 its/hit = 245.222s/hit): seed=3990695769442965824 [5, 210, 231, 266, 603, 1355, 1453, 1748, 2085, 2093, 2510, 2554, 2741, 2885, 3144, 3262, 3394, 3451, 3549, 3768, 3770, 4234, 4285, 4621, 5150, 5276, 5295, 5436, 6475, 6616, 6677, 7004, 7177, 7572, 8034]
Iter#3054510 New set #10 of size 35 (305451.0 its/hit = 242.000s/hit): seed=582147867491296472 [229, 446, 921, 1252, 2102, 2141, 2420, 2588, 2609, 3228, 3316, 4052, 4251, 4612, 4614, 4625, 4937, 5193, 5494, 5527, 5689, 5700, 5733, 5968, 6120, 6521, 6586, 6847, 6863, 6912, 7173, 7248, 7300, 7511, 8076]
Iter#6398051 New set #20 of size 35 (319902.6 its/hit = 253.200s/hit): seed=1401158441333512181 [188, 320, 593, 750, 813, 1055, 1086, 1548, 1554, 1813, 2099, 3237, 3798, 4053, 4104, 4200, 4215, 4716, 4973, 5016, 5178, 5239, 5283, 5822, 6175, 6418, 6463, 6626, 6799, 6889, 7190, 7218, 7722, 7760, 7925]
Iter#6905520 New set #1 of size 36 (6905520.0 its/hit = 5466.000s/hit): seed=16045259928789699559 [3, 436, 455, 580, 675, 807, 884, 1152, 1518, 1922, 1993, 2091, 2109, 2545, 3069, 3486, 4595, 4821, 5275, 5438, 5514, 5517, 5908, 5928, 5968, 5988, 6146, 6304, 6514, 6529, 6570, 7059, 7416, 7480, 7709, 8071]
