[*] Computing DDT
[+] DDT Computed
DDT took 1.405649494s
Iter#1 New set #1 of size 30 (1.0 its/hit = 0.000s/hit): seed=14987749395222562569 [129, 353, 1233, 1317, 1693, 1858, 1986, 2125, 2648, 2718, 2986, 2994, 3036, 3199, 3349, 3490, 3523, 4175, 4289, 4500, 5686, 5812, 5898, 6504, 6911, 7354, 7735, 7779, 7829, 7975]
Iter#2 New set #2 of size 30 (1.0 its/hit = 0.000s/hit): seed=5463767620004606908 [58, 179, 659, 725, 2041, 2165, 2484, 2540, 2577, 2804, 3875, 3965, 4125, 4126, 4497, 4852, 5483, 5493, 5601, 5809, 6473, 6558, 6810, 7177, 7287, 7367, 7457, 7801, 8088, 8133]
Iter#4 New set #1 of size 31 (4.0 its/hit = 0.000s/hit): seed=10469689550316135405 [89, 425, 652, 926, 1586, 1609, 1618, 1946, 2368, 2531, 2808, 3148, 3198, 3590, 3777, 3891, 4741, 4856, 5152, 5336, 6148, 6894, 6976, 6991, 7103, 7143, 7439, 7533, 7642, 7787, 7883]
Iter#10 New set #2 of size 31 (5.0 its/hit = 0.000s/hit): seed=1691619923617557806 [432, 450, 966, 1048, 1088, 1217, 1657, 2425, 3034, 3073, 3325, 3344, 3480, 3615, 3736, 4342, 4419, 4534, 4679, 4895, 5119, 5264, 5459, 5540, 5751, 5966, 6312, 6875, 6988, 6997, 8059]
Iter#11 New set #3 of size 31 (3.7 its/hit = 0.000s/hit): seed=2179514653210626868 [290, 352, 992, 1601, 1675, 2364, 2676, 2839, 3346, 3365, 3950, 4120, 4263, 4307, 4435, 4716, 4771, 4817, 4841, 5256, 5489, 5606, 6584, 6681, 7501, 7520, 7563, 7637, 7669, 7885, 8136]
Iter#12 New set #1 of size 32 (12.0 its/hit = 0.000s/hit): seed=10953035377235087745 [17, 38, 492, 502, 711, 1452, 1676, 1738, 1994, 3163, 3363, 3617, 3791, 3931, 5177, 5279, 5764, 6058, 6634, 6669, 6671, 6757, 6846, 7186, 7405, 7747, 7794, 7850, 7905, 7959, 8025, 8158]
Iter#27 New set #2 of size 32 (13.5 its/hit = 0.000s/hit): seed=10932416854846603787 [430, 448, 733, 884, 928, 1110, 1126, 1638, 1741, 1833, 1845, 2555, 2742, 2764, 2871, 2891, 3263, 3585, 3935, 4005, 4036, 4500, 4763, 4838, 6239, 6285, 6588, 6718, 6929, 7007, 7566, 7823]
Iter#39 New set #3 of size 32 (13.0 its/hit = 0.000s/hit): seed=10017582826225856595 [76, 1261, 1461, 1515, 1562, 1765, 2013, 2109, 2121, 2665, 2746, 2749, 2898, 2930, 3205, 3637, 3969, 4157, 4256, 4714, 5488, 5925, 5970, 6236, 6391, 6532, 6778, 6820, 7408, 7676, 7855, 8018]
Iter#40 New set #4 of size 32 (10.0 its/hit = 0.000s/hit): seed=11584518549671747114 [274, 279, 829, 1029, 1075, 1494, 1833, 1970, 2314, 2397, 2766, 2847, 3331, 3366, 3378, 3409, 3467, 3528, 4427, 4642, 4671, 5244, 5430, 5449, 6035, 6090, 6106, 6224, 6340, 7716, 7970, 8160]
Iter#109 New set #5 of size 32 (21.8 its/hit = 0.000s/hit): seed=13231964012758905618 [60, 188, 229, 1085, 1407, 1458, 1529, 1657, 1755, 3063, 3113, 3331, 3436, 3497, 3964, 4225, 4408, 4412, 4501, 4635, 5071, 5163, 5419, 5651, 5948, 5963, 6818, 7054, 7202, 7212, 7535, 7966]
Iter#139 New set #6 of size 32 (23.2 its/hit = 0.000s/hit): seed=5108932378067294314 [240, 637, 759, 1191, 1330, 1368, 1850, 1949, 2013, 2093, 2348, 2777, 3034, 3936, 4004, 4510, 4901, 4911, 5188, 5280, 5299, 5315, 5802, 5814, 5904, 6286, 6532, 6634, 6830, 7709, 7870, 7899]
Iter#176 New set #7 of size 32 (25.1 its/hit = 0.000s/hit): seed=4100711032419572575 [713, 773, 860, 1079, 1242, 1575, 1757, 1866, 2628, 2746, 3107, 3231, 3348, 3910, 4139, 4184, 4194, 4211, 4230, 4554, 5235, 5855, 6302, 6344, 6487, 6580, 7027, 7140, 7215, 7421, 7719, 8040]
Iter#248 New set #8 of size 32 (31.0 its/hit = 0.000s/hit): seed=13768426410684406400 [228, 590, 750, 929, 1715, 1903, 2077, 2328, 2383, 2392, 2444, 2549, 2738, 2937, 3138, 3187, 3212, 3490, 3570, 4067, 4153, 4831, 5245, 5789, 5985, 6045, 6055, 6446, 6447, 6832, 6906, 7811]
Iter#273 New set #9 of size 32 (30.3 its/hit = 0.000s/hit): seed=10880154531706978726 [198, 486, 740, 1094, 1375, 1515, 1577, 2370, 2452, 2463, 3040, 3175, 3386, 3499, 3520, 3685, 4395, 4529, 4642, 5272, 5781, 5892, 5920, 6092, 6428, 6520, 6570, 6774, 6933, 6970, 7504, 7520]
Iter#289 New set #10 of size 32 (28.9 its/hit = 0.000s/hit): seed=14730822572857810696 [264, 491, 775, 1116, 1480, 1656, 2099, 2230, 2491, 2575, 2732, 3144, 3197, 3567, 3738, 4266, 4491, 4610, 4794, 4831, 5263, 5917, 6036, 6636, 6931, 6981, 7373, 7547, 7732, 7827, 7933, 7954]
Iter#756 New set #20 of size 32 (37.8 its/hit = 0.000s/hit): seed=11761879291073849275 [378, 507, 562, 778, 825, 951, 999, 1463, 1652, 1752, 2145, 2220, 2519, 2761, 2785, 2795, 2870, 2882, 2953, 2986, 3343, 3514, 3714, 3820, 3947, 4251, 5146, 5386, 5947, 6901, 6995, 7498]
Iter#803 New set #1 of size 33 (803.0 its/hit = 0.000s/hit): seed=884890883303719863 [255, 779, 1256, 1594, 1785, 2174, 2471, 2556, 2655, 2900, 3057, 3073, 3262, 3319, 3360, 3412, 3590, 3632, 3720, 4033, 4093, 4194, 4343, 4521, 5017, 5213, 5391, 5492, 5796, 5897, 5955, 6329, 7483]
Iter#986 New set #2 of size 33 (493.0 its/hit = 0.500s/hit): seed=7536701354823742700 [64, 567, 795, 987, 1088, 1146, 1203, 2003, 2097, 2144, 2172, 2218, 2547, 2783, 3331, 3451, 3577, 3909, 4114, 4184, 4192, 4998, 5058, 5439, 5994, 6096, 6211, 6229, 6657, 6925, 7122, 7322, 7773]
Iter#1007 New set #3 of size 33 (335.7 its/hit = 0.333s/hit): seed=11263114375468255025 [98, 205, 836, 1166, 1308, 1505, 1665, 2234, 2263, 2550, 2638, 2791, 3445, 3587, 3998, 4163, 4298, 4448, 4859, 4956, 5059, 5799, 6387, 6398, 6537, 7118, 7356, 7498, 7514, 7649, 7890, 7915, 7963]
Iter#1857 New set #4 of size 33 (464.2 its/hit = 0.250s/hit): seed=15752600961154805172 [164, 457, 546, 1705, 1716, 1765, 1804, 1987, 3166, 3187, 3397, 3617, 3904, 4086, 4157, 4508, 5069, 5195, 5560, 5656, 5970, 6118, 6384, 6427, 6782, 6794, 7174, 7316, 7334, 7378, 7459, 7949, 7987]
Iter#3497 New set #5 of size 33 (699.4 its/hit = 0.600s/hit): seed=17919587286968316014 [44, 225, 291, 574, 751, 1322, 2455, 2571, 2713, 2737, 2852, 2911, 3086, 3160, 3439, 3511, 3954, 4353, 4668, 4761, 4792, 4872, 5105, 5476, 5770, 6211, 6400, 6502, 6563, 6774, 6967, 7983, 8152]
Iter#3523 New set #6 of size 33 (587.2 its/hit = 0.500s/hit): seed=3819229918734473257 [68, 187, 523, 800, 1194, 1605, 1816, 2275, 2334, 2774, 2834, 3197, 3559, 3801, 3860, 3888, 4213, 4221, 5025, 5084, 5512, 5636, 5877, 5961, 5990, 6048, 6278, 6524, 6618, 6882, 7341, 7749, 7836]
Iter#3682 New set #7 of size 33 (526.0 its/hit = 0.429s/hit): seed=13895507854953596314 [119, 645, 748, 890, 1023, 1077, 1520, 1740, 2063, 2491, 2570, 3214, 3943, 4331, 4391, 4474, 4638, 5160, 5196, 5242, 5262, 6174, 6731, 6778, 6950, 7139, 7290, 7313, 7325, 7589, 7986, 7992, 8068]
Iter#3915 New set #8 of size 33 (489.4 its/hit = 0.500s/hit): seed=7148244986509686399 [25, 383, 428, 429, 1226, 1284, 1299, 1565, 1672, 2107, 2543, 2640, 2678, 2701, 2907, 3099, 3550, 3713, 4171, 4261, 4265, 4752, 5011, 5251, 5628, 5667, 5748, 5772, 5969, 6558, 7707, 7848, 8009]
Iter#4111 New set #9 of size 33 (456.8 its/hit = 0.444s/hit): seed=5759998251067906026 [222, 301, 509, 1160, 1323, 1345, 1706, 2033, 2253, 2302, 2421, 2663, 2802, 3089, 3760, 3880, 3897, 4114, 4883, 4910, 5061, 5423, 5614, 5699, 5920, 6395, 6660, 6958, 7133, 7613, 7841, 7957, 8058]
Iter#5154 New set #10 of size 33 (515.4 its/hit = 0.500s/hit): seed=17000258911864191472 [88, 502, 662, 1571, 1775, 1912, 2147, 2490, 2710, 2825, 2997, 3157, 3181, 3248, 3437, 3451, 3556, 3920, 4364, 4765, 4845, 4849, 5004, 5028, 5719, 5776, 6413, 6928, 7041, 7245, 7299, 7569, 7872]
Iter#5246 New set #1 of size 34 (5246.0 its/hit = 5.000s/hit): seed=7052705087177047605 [213, 404, 761, 886, 1026, 1214, 1482, 1749, 1951, 2253, 2283, 2485, 3118, 3122, 3160, 3465, 3623, 3898, 4367, 4659, 5245, 5430, 5567, 5669, 6031, 6243, 6630, 7035, 7189, 7218, 7286, 7342, 7451, 7648]
Iter#9762 New set #2 of size 34 (4881.0 its/hit = 5.000s/hit): seed=662439508215343235 [3, 36, 48, 173, 188, 631, 932, 1140, 1681, 2685, 2748, 3426, 3447, 3569, 3665, 3904, 3998, 3999, 4431, 4753, 4867, 5519, 6147, 6305, 6768, 6785, 6894, 7104, 7241, 7333, 7594, 7612, 7624, 8135]
Iter#13467 New set #3 of size 34 (4489.0 its/hit = 4.667s/hit): seed=15360044001019044562 [458, 850, 876, 1303, 1425, 1884, 2028, 2529, 2571, 2596, 2597, 3172, 3285, 3310, 3712, 4030, 4223, 4642, 4681, 4935, 4949, 5060, 5337, 5719, 6006, 6555, 6599, 6953, 7275, 7361, 7479, 7707, 7902, 8047]
Iter#13499 New set #4 of size 34 (3374.8 its/hit = 3.500s/hit): seed=2782647605123612628 [475, 608, 632, 713, 761, 1148, 1421, 1460, 1495, 1501, 1710, 1804, 1898, 2393, 2576, 2663, 3174, 3856, 4038, 4105, 4231, 4294, 4397, 4748, 4948, 5074, 5362, 5428, 5492, 7089, 7508, 7964, 8092, 8116]
Iter#15720 New set #5 of size 34 (3144.0 its/hit = 3.200s/hit): seed=15216110663346920458 [499, 924, 1383, 1767, 1997, 2345, 2481, 2688, 3004, 3062, 3430, 3672, 4099, 4319, 4347, 4565, 4583, 4631, 4670, 4747, 4844, 4930, 5653, 5677, 6094, 6150, 6639, 6651, 7109, 7111, 7370, 7740, 7846, 8053]
Iter#18047 New set #6 of size 34 (3007.8 its/hit = 3.167s/hit): seed=14662905738528156954 [47, 105, 133, 313, 445, 957, 1091, 1306, 1476, 1824, 1947, 2096, 2360, 3029, 3097, 3524, 3993, 4019, 4155, 4466, 4533, 4536, 4666, 6169, 7129, 7161, 7375, 7644, 7738, 7863, 7869, 7883, 8034, 8075]
Iter#23870 New set #7 of size 34 (3410.0 its/hit = 3.571s/hit): seed=14222091567007805656 [376, 471, 1408, 1427, 1740, 2471, 3400, 3445, 3732, 3892, 4194, 4364, 4791, 5034, 5112, 5844, 5891, 5939, 6170, 6174, 6251, 6273, 6351, 6431, 6501, 6673, 6847, 6923, 7031, 7211, 7412, 7641, 7791, 8117]
Iter#24530 New set #8 of size 34 (3066.2 its/hit = 3.125s/hit): seed=13065375556390504529 [375, 455, 1015, 1115, 1300, 1807, 2467, 2482, 2637, 2804, 2896, 3175, 3573, 3901, 3973, 4155, 4734, 4818, 4886, 5001, 5070, 5098, 5272, 5909, 6062, 6128, 6224, 6307, 6462, 6506, 6608, 7450, 7825, 7936]
Iter#34245 New set #9 of size 34 (3805.0 its/hit = 4.000s/hit): seed=13095043610244743338 [46, 93, 386, 843, 1271, 1355, 1733, 1842, 2434, 2634, 2903, 3111, 3214, 3752, 4262, 4715, 5428, 5492, 5564, 5703, 5811, 5841, 5925, 6228, 6590, 6627, 6723, 6727, 6888, 7181, 7591, 7676, 7793, 7826]
Iter#37179 New set #10 of size 34 (3717.9 its/hit = 3.900s/hit): seed=13952613146509136510 [400, 417, 767, 831, 1388, 1428, 1436, 1547, 1879, 2278, 2698, 3018, 3437, 3556, 3597, 3689, 4107, 4254, 4843, 5112, 5172, 5310, 5359, 5458, 5472, 5559, 5641, 6036, 6046, 6178, 6497, 7785, 7792, 7835]
Iter#41623 New set #1 of size 35 (41623.0 its/hit = 44.000s/hit): seed=15261651155349909599 [9, 84, 320, 915, 1389, 2014, 2391, 2513, 2571, 3083, 3208, 3291, 3458, 3859, 4715, 4820, 4892, 4962, 5173, 5202, 5325, 5426, 5647, 5861, 6234, 6507, 6538, 7107, 7315, 7736, 7803, 7808, 7955, 8065, 8152]
Iter#157170 New set #2 of size 35 (78585.0 its/hit = 83.500s/hit): seed=17210683777437921448 [283, 298, 685, 723, 792, 804, 807, 1696, 2092, 2266, 2324, 2464, 2703, 2730, 2732, 2795, 3127, 3703, 3719, 3733, 4023, 4211, 4252, 4470, 5039, 5178, 5535, 5847, 5889, 6501, 7018, 7107, 7244, 7284, 7436]
Iter#315292 New set #3 of size 35 (105097.3 its/hit = 111.667s/hit): seed=16634812512958158157 [32, 83, 319, 494, 535, 629, 753, 1399, 1803, 2179, 2464, 2952, 3112, 3149, 3183, 3230, 3617, 3720, 3825, 4233, 4597, 5094, 5200, 5391, 5520, 5778, 6617, 7383, 7559, 7628, 7638, 7789, 8001, 8070, 8188]
Iter#380132 New set #4 of size 35 (95033.0 its/hit = 100.750s/hit): seed=18098650332367571564 [400, 1171, 1246, 1623, 1779, 1853, 2181, 2622, 2924, 3072, 3289, 3543, 3696, 3737, 3904, 4259, 4285, 4410, 4450, 4577, 4991, 5141, 5356, 5411, 5557, 5837, 6041, 6052, 6229, 6478, 6788, 7300, 7308, 7443, 7524]
Iter#493836 New set #5 of size 35 (98767.2 its/hit = 104.800s/hit): seed=10099290390898610372 [63, 150, 393, 436, 471, 819, 1015, 1312, 1379, 2450, 3117, 3145, 3377, 3699, 3716, 4082, 4130, 4429, 4523, 4986, 5022, 5100, 5128, 5157, 5184, 5574, 5589, 5903, 5966, 6098, 6153, 6314, 6458, 7031, 7529]
Iter#648613 New set #6 of size 35 (108102.2 its/hit = 114.667s/hit): seed=18235081838094242424 [199, 600, 804, 971, 1022, 1453, 1632, 1642, 1736, 1955, 2532, 2612, 2946, 3286, 3331, 3378, 3715, 3741, 3855, 4102, 4142, 4178, 4334, 4384, 4518, 4587, 4765, 5395, 5495, 5520, 5738, 5933, 7097, 7140, 8000]
Iter#938985 New set #7 of size 35 (134140.7 its/hit = 142.429s/hit): seed=13891643173651760685 [376, 383, 713, 1245, 1489, 2117, 2164, 2786, 2792, 3028, 3274, 3342, 3369, 3508, 3838, 4063, 4229, 4659, 4844, 4919, 5192, 5275, 5393, 5448, 5833, 6028, 6434, 6480, 6735, 7016, 7722, 7930, 7994, 8097, 8121]
Iter#944468 New set #8 of size 35 (118058.5 its/hit = 125.250s/hit): seed=12277748046743569769 [33, 793, 966, 1120, 1141, 1284, 1526, 1533, 1852, 1894, 1942, 2024, 3445, 3484, 3612, 3629, 3676, 3848, 4182, 4379, 4707, 4940, 4977, 5121, 5632, 5746, 6644, 6980, 7155, 7310, 7342, 7470, 7494, 7682, 7986]
Iter#982634 New set #9 of size 35 (109181.6 its/hit = 115.889s/hit): seed=593902309294425785 [772, 915, 932, 998, 1141, 1563, 1658, 1730, 1972, 2276, 2352, 2849, 3058, 3587, 3740, 3914, 4129, 4389, 4768, 5087, 5155, 5219, 5377, 5385, 5693, 5779, 5813, 6537, 6810, 6842, 6950, 7219, 7464, 7552, 8109]
Iter#1086268 New set #10 of size 35 (108626.8 its/hit = 115.300s/hit): seed=11325852656121224119 [65, 455, 522, 528, 617, 836, 1036, 1164, 1332, 1354, 2002, 2004, 2746, 2879, 2935, 3102, 3256, 3292, 3555, 3757, 4118, 4124, 4188, 4320, 4437, 4947, 5059, 5288, 5532, 6078, 7289, 7299, 7672, 7834, 7928]
Iter#3116373 New set #20 of size 35 (155818.7 its/hit = 165.600s/hit): seed=964082319905585402 [100, 251, 413, 533, 542, 783, 969, 1014, 1099, 1288, 1515, 1623, 1625, 2169, 2274, 2702, 2810, 2845, 3004, 3330, 3974, 4070, 4472, 4670, 4772, 5137, 5183, 5462, 5611, 5885, 5987, 6213, 7255, 7455, 7682]
Iter#5379727 New set #30 of size 35 (179324.2 its/hit = 190.633s/hit): seed=12166795536778720191 [51, 109, 130, 223, 258, 394, 765, 987, 2055, 2592, 2760, 2891, 2902, 2921, 2940, 3098, 3137, 3206, 3433, 3838, 3960, 4207, 4452, 4610, 4736, 5321, 5512, 5880, 6438, 6825, 7464, 7741, 7829, 8081, 8114]
Iter#8132338 New set #40 of size 35 (203308.5 its/hit = 216.025s/hit): seed=12469209698728921503 [180, 233, 687, 859, 1134, 1190, 1319, 1888, 1998, 2305, 2562, 2754, 3433, 3975, 4110, 4130, 4352, 4569, 4845, 5057, 5719, 5775, 5782, 5914, 6358, 6479, 6743, 6846, 7077, 7223, 7226, 7244, 7433, 7844, 8122]
Iter#10174069 New set #50 of size 35 (203481.4 its/hit = 216.060s/hit): seed=2179821507666385289 [298, 351, 825, 1081, 1596, 1909, 2028, 2503, 2693, 2809, 2837, 2934, 3177, 3182, 3261, 3424, 3573, 3655, 3756, 3805, 3892, 4153, 4490, 4949, 5292, 5507, 6344, 6887, 7102, 7114, 7123, 7176, 7519, 7676, 8114]
Iter#11626894 New set #60 of size 35 (193781.6 its/hit = 205.733s/hit): seed=6364157039294315120 [454, 889, 1484, 1503, 1535, 1730, 2036, 2209, 2310, 2385, 2613, 2714, 2823, 2852, 3044, 3148, 3564, 3569, 4618, 5104, 5353, 5574, 5703, 5809, 5969, 6508, 6571, 7007, 7112, 7342, 7528, 7532, 7694, 7915, 8072]
