[*] Computing DDT
[+] DDT Computed
DDT took 1.329325136s
Iter#1 New set #1 of size 29 (1.0 its/hit = 0.000s/hit): seed=14609780085614335326 [109, 385, 510, 532, 581, 823, 962, 1267, 1476, 1510, 1638, 2440, 2744, 2749, 3925, 4080, 4259, 4582, 5168, 5492, 6006, 6094, 6260, 6262, 7702, 7820, 7944, 7958, 8152]
Iter#2 New set #1 of size 30 (2.0 its/hit = 0.000s/hit): seed=17813946831560697380 [503, 619, 876, 1109, 1161, 1662, 2634, 2667, 3726, 4165, 4223, 4573, 4588, 4703, 4787, 4987, 5009, 5106, 5265, 5512, 5879, 5892, 5912, 6166, 6767, 7488, 7509, 7840, 7913, 7994]
Iter#5 New set #2 of size 30 (2.5 its/hit = 0.000s/hit): seed=900125305035126738 [44, 118, 224, 1445, 1497, 1605, 1836, 2227, 2350, 2379, 2388, 2710, 2853, 3244, 3559, 3604, 3611, 3749, 3938, 4227, 4380, 4458, 4495, 4775, 5541, 6258, 6704, 6967, 7179, 7513]
Iter#6 New set #3 of size 30 (2.0 its/hit = 0.000s/hit): seed=7480860494685601559 [139, 440, 459, 558, 597, 710, 906, 1128, 1144, 1360, 2145, 2217, 2648, 2837, 2952, 4397, 4423, 4473, 4709, 5170, 5260, 5313, 5982, 6404, 6657, 6688, 6886, 7011, 7250, 7257]
Iter#7 New set #4 of size 30 (1.8 its/hit = 0.000s/hit): seed=3058426482397303807 [938, 2180, 2288, 2373, 2972, 3015, 3413, 3612, 3758, 3772, 4188, 4390, 4432, 4587, 4622, 5114, 5155, 5578, 5791, 5834, 5889, 6051, 6310, 6849, 6892, 6983, 7674, 7854, 8046, 8049]
Iter#8 New set #5 of size 30 (1.6 its/hit = 0.000s/hit): seed=12169086982551792226 [837, 1149, 1172, 1460, 1750, 1769, 1802, 1930, 2130, 2858, 3534, 3655, 3705, 3773, 3797, 3857, 3953, 4564, 5307, 5361, 5675, 5827, 6104, 6109, 6313, 6378, 7092, 7173, 7278, 7479]
Iter#9 New set #6 of size 30 (1.5 its/hit = 0.000s/hit): seed=2467307857695487157 [64, 188, 313, 637, 1136, 1505, 1526, 1564, 1983, 2089, 2142, 3315, 3549, 4019, 4037, 4744, 4778, 4989, 5116, 5202, 5881, 6128, 6284, 6287, 6303, 6467, 7001, 7259, 7654, 7905]
Iter#11 New set #7 of size 30 (1.6 its/hit = 0.000s/hit): seed=6303648617625698433 [288, 838, 864, 1584, 1706, 2480, 3197, 3331, 3546, 3828, 3904, 4227, 4241, 4384, 4422, 4575, 4983, 5392, 5433, 5555, 5602, 5888, 6166, 6285, 6510, 7084, 7157, 7300, 7505, 8068]
Iter#12 New set #8 of size 30 (1.5 its/hit = 0.000s/hit): seed=13434833520778963495 [588, 624, 862, 1255, 2043, 2085, 2187, 2816, 2874, 2927, 3112, 3171, 3240, 3487, 3789, 4035, 5065, 5093, 5245, 5349, 5438, 5804, 5826, 6201, 7039, 7106, 7185, 7269, 7595, 7960]
Iter#13 New set #9 of size 30 (1.4 its/hit = 0.000s/hit): seed=4098227527173503034 [17, 172, 331, 337, 871, 1055, 1268, 1424, 1640, 1723, 1979, 3104, 3111, 3190, 4185, 4873, 4894, 4949, 5491, 5654, 5693, 5694, 6448, 6459, 6797, 6894, 7199, 7287, 7467, 7605]
Iter#14 New set #10 of size 30 (1.4 its/hit = 0.000s/hit): seed=17994772054056044412 [82, 986, 1327, 2372, 2739, 3242, 3389, 3523, 3738, 3762, 4654, 4688, 4730, 4927, 5195, 5571, 5600, 5729, 5865, 5869, 6143, 6300, 6377, 6781, 6799, 6879, 6954, 7309, 7657, 7919]
Iter#15 New set #1 of size 31 (15.0 its/hit = 0.000s/hit): seed=15209151503634213865 [854, 1680, 1750, 1787, 1861, 2277, 3431, 3894, 3924, 4341, 4584, 4598, 5036, 5039, 5165, 5310, 5440, 5590, 5835, 6132, 6207, 6362, 6474, 6884, 6923, 7037, 7341, 7743, 7859, 7862, 8176]
Iter#23 New set #2 of size 31 (11.5 its/hit = 0.000s/hit): seed=17041293891376201957 [62, 855, 1210, 1225, 1452, 1480, 1917, 2049, 2108, 2111, 2317, 2741, 2765, 3527, 3826, 3848, 4241, 4398, 4607, 4628, 4782, 4811, 5364, 5432, 5796, 6188, 7138, 7393, 7744, 7874, 8013]
Iter#34 New set #3 of size 31 (11.3 its/hit = 0.000s/hit): seed=14819320700174968341 [297, 378, 511, 763, 1108, 1437, 1504, 1523, 1690, 1934, 2042, 2166, 2167, 2466, 3418, 3512, 3814, 4214, 4406, 4620, 4661, 4919, 5051, 5701, 6257, 6357, 6978, 7145, 7405, 7732, 7817]
Iter#37 New set #4 of size 31 (9.2 its/hit = 0.000s/hit): seed=11995405161735156263 [441, 820, 939, 1100, 1296, 1304, 1425, 2118, 2128, 2190, 2227, 2253, 2515, 2555, 3276, 3949, 4530, 4762, 5521, 5651, 5827, 6204, 6447, 6539, 6738, 6842, 7095, 7748, 7854, 8070, 8108]
Iter#47 New set #5 of size 31 (9.4 its/hit = 0.000s/hit): seed=15028755261311185088 [394, 925, 1068, 1093, 1303, 1805, 2093, 2282, 2584, 3528, 4397, 4432, 4443, 4563, 4668, 4679, 5344, 5542, 6043, 6059, 6237, 6707, 6806, 6864, 7257, 7396, 7499, 7508, 7754, 7966, 8012]
Iter#63 New set #6 of size 31 (10.5 its/hit = 0.000s/hit): seed=15631571036787747664 [393, 419, 483, 688, 712, 805, 959, 1502, 1551, 1658, 1722, 2195, 2261, 2282, 2503, 2788, 2833, 2938, 3413, 3694, 4021, 4708, 5091, 5139, 5950, 6061, 6436, 6535, 6961, 7124, 7398]
Iter#66 New set #7 of size 31 (9.4 its/hit = 0.000s/hit): seed=5084175876123596591 [108, 112, 273, 1221, 1359, 1550, 1598, 1704, 2264, 2405, 2417, 2901, 3156, 3198, 3377, 3626, 3737, 3984, 4310, 4526, 4710, 6064, 6825, 6908, 6949, 7097, 7329, 7340, 7582, 8003, 8106]
Iter#68 New set #8 of size 31 (8.5 its/hit = 0.000s/hit): seed=9088250842036235347 [513, 674, 713, 1226, 1464, 1758, 2129, 2318, 2776, 3020, 3233, 3678, 3786, 3993, 4272, 4431, 4451, 5045, 5314, 5532, 5700, 5891, 5960, 6179, 6203, 6398, 6516, 6899, 7468, 7744, 7919]
Iter#70 New set #9 of size 31 (7.8 its/hit = 0.000s/hit): seed=13744942939925091738 [392, 453, 761, 1630, 1636, 1950, 2644, 3009, 3210, 3491, 3527, 4034, 4112, 4160, 4587, 4607, 5204, 5372, 5376, 5531, 5561, 5945, 5966, 6000, 6532, 6551, 6568, 7035, 7157, 7427, 8120]
Iter#73 New set #10 of size 31 (7.3 its/hit = 0.000s/hit): seed=17958118065597011400 [104, 520, 733, 1222, 1310, 1554, 1622, 1763, 1795, 2298, 2446, 3890, 3961, 4008, 4109, 4170, 4198, 4651, 5156, 5167, 5213, 5321, 6060, 6171, 6264, 6290, 7418, 7716, 7864, 7884, 8013]
Iter#87 New set #1 of size 32 (87.0 its/hit = 0.000s/hit): seed=538369396460661331 [62, 328, 456, 502, 813, 841, 1364, 1754, 1879, 2961, 3465, 3558, 4079, 4367, 5128, 5201, 5249, 5305, 5416, 5519, 5636, 5810, 5937, 6012, 6185, 6357, 6571, 6643, 7269, 7518, 7759, 7948]
Iter#92 New set #2 of size 32 (46.0 its/hit = 0.000s/hit): seed=15307596936276734183 [218, 435, 1102, 1204, 1475, 1850, 1960, 2115, 2265, 2826, 2834, 3103, 3227, 3473, 3565, 3914, 4121, 4168, 4202, 5426, 5462, 6011, 6022, 6083, 6126, 6196, 6361, 6475, 7050, 7251, 7451, 7900]
Iter#111 New set #3 of size 32 (37.0 its/hit = 0.000s/hit): seed=17972114029968775847 [838, 842, 1050, 1274, 1576, 2091, 2118, 2263, 2286, 2318, 2654, 3063, 3915, 4045, 4391, 4405, 4667, 4784, 4843, 5003, 5571, 6384, 6429, 6592, 6640, 7042, 7087, 7297, 7408, 7482, 7580, 7974]
Iter#174 New set #4 of size 32 (43.5 its/hit = 0.000s/hit): seed=7410417020308964830 [90, 134, 205, 286, 389, 519, 1046, 1599, 1830, 2095, 2145, 2240, 2493, 3154, 3347, 3408, 3709, 4222, 4225, 4438, 4929, 5039, 5117, 5301, 5736, 6385, 6669, 6719, 7507, 7573, 7780, 7849]
Iter#183 New set #5 of size 32 (36.6 its/hit = 0.000s/hit): seed=3902010946912739154 [96, 232, 237, 497, 921, 1527, 1655, 1719, 1773, 1829, 1856, 2013, 2149, 2155, 2367, 2422, 2515, 2637, 2787, 3366, 3428, 4547, 4872, 4958, 5350, 5473, 6531, 7394, 7568, 7900, 7977, 8103]
Iter#207 New set #6 of size 32 (34.5 its/hit = 0.000s/hit): seed=5117255184087899237 [316, 904, 985, 1017, 1113, 1429, 1667, 1723, 1880, 2100, 2448, 2456, 2521, 4198, 4642, 5050, 5268, 5571, 5917, 6314, 6359, 6701, 6716, 6886, 6955, 7325, 7362, 7446, 7568, 7640, 7866, 8126]
Iter#215 New set #7 of size 32 (30.7 its/hit = 0.000s/hit): seed=15019489783682997369 [72, 110, 524, 562, 1325, 1405, 1893, 1988, 2094, 3137, 3143, 3975, 4385, 4397, 4729, 4786, 5088, 5262, 5533, 5747, 5773, 5869, 6145, 6364, 6440, 6631, 6677, 6705, 6745, 7465, 7594, 7762]
Iter#226 New set #8 of size 32 (28.2 its/hit = 0.000s/hit): seed=5606797213014826039 [282, 312, 688, 1161, 1513, 1623, 1707, 1725, 1918, 2016, 2630, 2654, 2847, 2902, 3001, 3033, 3082, 3201, 4428, 4914, 5153, 5244, 5296, 5321, 5774, 6286, 6728, 6812, 7079, 7101, 7340, 7748]
Iter#237 New set #9 of size 32 (26.3 its/hit = 0.000s/hit): seed=6806968309534295281 [1025, 1176, 1233, 1438, 1838, 1871, 1964, 2057, 2102, 2608, 3014, 3532, 3632, 3877, 3919, 4388, 4391, 4509, 4634, 5380, 5561, 5622, 5777, 6301, 6401, 6603, 7477, 7629, 7785, 8045, 8150, 8184]
Iter#262 New set #10 of size 32 (26.2 its/hit = 0.000s/hit): seed=1651825786306010302 [924, 1110, 1752, 2158, 2212, 2541, 2631, 2639, 2648, 2886, 3377, 3418, 3463, 3464, 3524, 3808, 3945, 3997, 4114, 4248, 4484, 4549, 4567, 5444, 5507, 6102, 6369, 6391, 6433, 6736, 7120, 7457]
Iter#669 New set #20 of size 32 (33.5 its/hit = 0.000s/hit): seed=18305708090907346775 [198, 310, 503, 546, 735, 983, 1119, 1405, 1672, 1921, 2245, 2346, 2700, 2853, 3296, 3574, 4269, 4762, 4822, 5292, 5405, 5929, 5944, 6011, 6399, 6658, 6782, 6831, 6953, 7269, 7650, 7815]
Iter#1055 New set #30 of size 32 (35.2 its/hit = 0.000s/hit): seed=1660601677753640776 [292, 474, 1065, 1137, 1380, 1425, 1491, 1969, 2047, 2266, 2556, 2981, 3081, 3371, 4141, 4302, 4466, 4485, 4998, 5068, 5082, 5230, 5965, 6121, 6330, 6369, 6383, 6718, 6816, 7048, 7126, 7456]
Iter#1458 New set #1 of size 33 (1458.0 its/hit = 1.000s/hit): seed=12686471726464027190 [1, 341, 351, 403, 578, 589, 949, 1540, 1549, 1568, 1743, 2205, 2337, 3142, 3416, 4344, 4388, 4440, 4724, 5245, 5579, 6004, 6190, 6223, 6401, 6526, 6984, 6997, 7778, 7816, 7832, 7977, 8139]
Iter#1768 New set #2 of size 33 (884.0 its/hit = 0.500s/hit): seed=14661066981710638936 [355, 590, 802, 1001, 1170, 1532, 2341, 2498, 2510, 3073, 3075, 3195, 3730, 4061, 4077, 4172, 4196, 4251, 4293, 4438, 4860, 4879, 5453, 5635, 6015, 6478, 6518, 6688, 6719, 6769, 6933, 7249, 7764]
Iter#2025 New set #3 of size 33 (675.0 its/hit = 0.333s/hit): seed=17649243936324993749 [143, 260, 334, 1041, 1072, 1197, 1231, 1647, 2271, 2541, 2693, 2779, 2787, 3188, 3240, 3612, 3661, 3787, 3879, 4677, 4880, 5462, 5490, 5759, 6674, 6887, 6946, 7039, 7462, 7489, 7796, 7958, 8108]
Iter#2943 New set #4 of size 33 (735.8 its/hit = 0.500s/hit): seed=10151233189687152947 [60, 496, 630, 703, 1201, 1498, 1619, 1861, 1890, 2171, 2208, 2333, 2476, 2577, 2799, 2922, 3053, 3720, 3773, 3821, 4176, 4220, 4431, 4577, 5200, 6117, 6853, 6891, 7150, 7585, 7799, 7875, 7963]
Iter#3124 New set #5 of size 33 (624.8 its/hit = 0.400s/hit): seed=14021975569069356489 [388, 407, 509, 563, 1029, 1549, 1616, 1728, 2006, 2399, 2656, 3043, 3303, 3362, 3591, 3831, 3914, 4002, 4075, 4225, 4258, 4950, 5085, 5470, 5538, 5567, 5796, 5925, 6637, 6983, 7226, 7455, 8185]
Iter#3652 New set #6 of size 33 (608.7 its/hit = 0.333s/hit): seed=10222653231226856201 [611, 1028, 1085, 1213, 1427, 1805, 2281, 2315, 2540, 2846, 2904, 3280, 3636, 3671, 4223, 4241, 4299, 4528, 5125, 5128, 5138, 5294, 5460, 5911, 5917, 6119, 6345, 6513, 6658, 7060, 7076, 7788, 8084]
Iter#5187 New set #7 of size 33 (741.0 its/hit = 0.571s/hit): seed=5125200901266913661 [1, 676, 938, 968, 1024, 1128, 1170, 1725, 2288, 2337, 2602, 2674, 3672, 3697, 3923, 4996, 5737, 5831, 5984, 6249, 6408, 6441, 6591, 6784, 6850, 6858, 6879, 7076, 7318, 7358, 7462, 7564, 7794]
Iter#6098 New set #8 of size 33 (762.2 its/hit = 0.500s/hit): seed=5294844299682376073 [657, 1583, 1957, 1992, 2187, 2725, 3162, 3173, 3297, 3356, 3568, 3593, 3662, 3760, 4208, 4416, 4417, 4868, 4984, 5413, 5737, 5896, 6368, 6489, 6550, 6755, 7206, 7229, 7399, 7463, 7891, 8004, 8169]
Iter#6164 New set #9 of size 33 (684.9 its/hit = 0.444s/hit): seed=6660941217562818618 [556, 572, 792, 2105, 2156, 2244, 2471, 2612, 2656, 2812, 2906, 2941, 3044, 3205, 3875, 5262, 5263, 5479, 5497, 5626, 5933, 6024, 6156, 6301, 6406, 6539, 6562, 7176, 7273, 7300, 7401, 7740, 8162]
Iter#6230 New set #10 of size 33 (623.0 its/hit = 0.500s/hit): seed=10805512010855535452 [111, 153, 302, 1031, 1095, 1752, 2208, 2419, 2649, 2675, 2922, 3070, 3265, 3271, 3285, 3405, 3746, 3791, 3844, 4842, 4981, 5602, 5605, 5755, 5777, 5945, 6003, 6356, 6366, 6681, 7820, 8090, 8129]
Iter#11088 New set #20 of size 33 (554.4 its/hit = 0.400s/hit): seed=12956947982321713163 [139, 522, 535, 655, 960, 1191, 1300, 1305, 1554, 1923, 2228, 2375, 3009, 3045, 3116, 3136, 3297, 3623, 3641, 4573, 4914, 5168, 5808, 6019, 6416, 6552, 6618, 6829, 7231, 7561, 7904, 8039, 8053]
Iter#12744 New set #1 of size 34 (12744.0 its/hit = 10.000s/hit): seed=2861559347357027372 [53, 160, 235, 651, 962, 1002, 1029, 1301, 1731, 1912, 2804, 2872, 2997, 3164, 3386, 3839, 4169, 4304, 4389, 4533, 4810, 4901, 5214, 5677, 6401, 6468, 6502, 6748, 7356, 7389, 7439, 7807, 7877, 7908]
Iter#15244 New set #1 of size 35 (15244.0 its/hit = 12.000s/hit): seed=12525961430578505372 [104, 302, 504, 607, 635, 774, 841, 843, 2004, 2189, 2429, 2482, 3971, 4282, 4765, 4863, 5054, 5188, 5465, 5739, 5819, 6005, 6344, 6584, 6752, 6766, 6874, 6933, 7123, 7335, 7604, 7619, 7790, 7797, 7849]
Iter#97878 New set #2 of size 35 (48939.0 its/hit = 39.500s/hit): seed=6880827349047267495 [16, 134, 581, 1330, 1524, 1561, 1898, 1941, 1975, 2580, 2944, 2961, 3023, 3261, 3571, 3667, 3758, 4002, 4095, 4161, 4707, 5300, 5351, 5843, 6188, 6334, 6430, 6775, 7018, 7203, 7230, 7465, 7759, 8150, 8167]
Iter#437567 New set #3 of size 35 (145855.7 its/hit = 119.000s/hit): seed=17369645008491322530 [464, 850, 1110, 1421, 1452, 1454, 2076, 2320, 2559, 2933, 3081, 3119, 3215, 3520, 3687, 3760, 4037, 4216, 4266, 4318, 4352, 4620, 4755, 4891, 5466, 5723, 5733, 5823, 6071, 6682, 6746, 7566, 7728, 7988, 8020]
Iter#576669 New set #4 of size 35 (144167.2 its/hit = 117.500s/hit): seed=1391138987475582547 [399, 491, 1044, 1080, 1437, 1582, 1678, 1776, 1780, 2448, 2564, 2649, 2860, 3261, 3393, 3530, 3694, 3873, 4033, 4313, 4483, 5051, 5432, 5898, 6220, 6267, 6388, 6485, 6519, 6630, 6880, 7444, 7647, 8094, 8138]
Iter#578443 New set #5 of size 35 (115688.6 its/hit = 94.400s/hit): seed=2927312120538571341 [41, 446, 648, 727, 1101, 1119, 1795, 1967, 2245, 2482, 2678, 2785, 2895, 3003, 3109, 3197, 3821, 4069, 4253, 4489, 4497, 4602, 4933, 5151, 5303, 5305, 5608, 5650, 5707, 5728, 5945, 6544, 6639, 6861, 8098]
Iter#594076 New set #6 of size 35 (99012.7 its/hit = 80.667s/hit): seed=11962494181628713880 [233, 250, 412, 415, 505, 620, 657, 665, 776, 907, 1507, 1524, 1858, 2081, 2615, 2630, 2654, 2843, 3108, 3117, 3515, 3646, 3703, 3731, 4295, 4492, 4508, 4814, 5377, 5593, 5695, 6264, 6674, 6792, 7540]
Iter#1195509 New set #7 of size 35 (170787.0 its/hit = 139.286s/hit): seed=8995629635346637734 [253, 1179, 1232, 1323, 1914, 1915, 1918, 2052, 2403, 2408, 2565, 2822, 3444, 3665, 3726, 3816, 3828, 3833, 3897, 3988, 4312, 4906, 5004, 5182, 5599, 5823, 5917, 6156, 6412, 6736, 7059, 7262, 7702, 7768, 8019]
Iter#1320539 New set #8 of size 35 (165067.4 its/hit = 134.500s/hit): seed=16268778815104290253 [98, 116, 460, 483, 703, 1222, 1347, 2109, 2249, 2324, 2362, 2564, 2576, 2729, 3262, 3311, 3521, 4442, 4447, 5153, 5302, 5686, 5744, 5817, 5992, 6031, 6187, 6214, 6470, 6925, 6951, 7156, 7226, 7470, 7967]
Iter#1556835 New set #9 of size 35 (172981.7 its/hit = 140.889s/hit): seed=5354475876957657826 [104, 353, 874, 965, 1119, 1377, 1654, 1812, 1841, 2302, 2482, 2541, 2893, 2935, 3039, 3179, 3747, 4155, 4237, 4597, 4812, 5074, 5078, 5081, 5083, 5188, 5368, 5974, 6226, 6482, 6759, 6795, 6846, 7230, 7718]
Iter#1571317 New set #10 of size 35 (157131.7 its/hit = 128.000s/hit): seed=3058066730141743928 [64, 433, 547, 1330, 1371, 1864, 2178, 2207, 2413, 2498, 2679, 2737, 2739, 2770, 2992, 3159, 3212, 3456, 3474, 3719, 3892, 4459, 4653, 4878, 4971, 5450, 5475, 5766, 5907, 6412, 6877, 7078, 7149, 7411, 7630]
Iter#3309023 New set #20 of size 35 (165451.2 its/hit = 134.700s/hit): seed=15088573291254052551 [221, 373, 739, 910, 1171, 1329, 1407, 1437, 1551, 2145, 2319, 2449, 2562, 2643, 2798, 2863, 2920, 2961, 3014, 3471, 4751, 4787, 4872, 5054, 5458, 5761, 6055, 6308, 6310, 6902, 7190, 7301, 7406, 7814, 8039]
Iter#5738215 New set #30 of size 35 (191273.8 its/hit = 162.267s/hit): seed=14895531915085889379 [169, 209, 333, 448, 614, 1063, 1439, 1537, 2037, 2103, 2712, 2866, 3001, 3690, 3875, 4346, 4527, 4577, 4635, 5075, 5219, 5254, 5341, 5362, 5743, 5897, 5965, 6241, 6281, 6747, 7132, 7456, 7607, 7927, 8076]
Iter#9618630 New set #40 of size 35 (240465.8 its/hit = 200.300s/hit): seed=7452914506346717240 [265, 331, 401, 536, 581, 907, 1055, 1087, 1211, 1516, 2215, 2221, 2824, 3632, 3802, 4285, 4289, 4645, 5158, 5537, 5602, 5877, 6097, 6174, 6176, 6262, 6357, 6413, 6528, 6992, 7033, 7592, 7919, 8021, 8126]
Iter#13018783 New set #50 of size 35 (260375.7 its/hit = 215.180s/hit): seed=4579053905590648406 [111, 229, 364, 389, 825, 1027, 1092, 1249, 1286, 1453, 1577, 1683, 2064, 2091, 2967, 3270, 4033, 4162, 4348, 4453, 4696, 4728, 4737, 4764, 5145, 5219, 5265, 5346, 5348, 6070, 6257, 6578, 7089, 7772, 8099]
