[*] Computing DDT
[+] DDT Computed
DDT took 1.338186162s
Iter#1 New set #1 of size 33 (1.0 its/hit = 0.000s/hit): seed=8609791412618807736 [297, 403, 586, 849, 1149, 1169, 1677, 2570, 2612, 2836, 2915, 2921, 3019, 3207, 3611, 3866, 3912, 4236, 4317, 4438, 4899, 4914, 4993, 5084, 5550, 5772, 5919, 6249, 6441, 7065, 7847, 7929, 8100]
Iter#2 New set #1 of size 35 (2.0 its/hit = 0.000s/hit): seed=17361758185681287725 [570, 590, 1338, 1514, 2094, 2315, 2332, 2361, 2409, 2803, 2976, 2992, 3154, 3433, 3454, 3644, 3865, 4046, 4654, 4702, 4841, 5004, 5214, 5891, 6133, 6170, 6197, 6382, 6396, 6931, 7045, 7544, 7551, 7664, 7732]
Iter#27 New set #2 of size 35 (13.5 its/hit = 0.000s/hit): seed=14009276703876982635 [278, 399, 425, 480, 897, 1691, 1842, 2205, 2611, 2770, 2878, 3065, 3213, 3702, 4396, 4490, 4732, 5016, 5455, 5908, 5997, 6314, 6351, 6673, 6902, 7096, 7097, 7306, 7375, 7459, 7661, 7707, 7769, 8024, 8174]
Iter#28 New set #3 of size 35 (9.3 its/hit = 0.000s/hit): seed=11387145284048709045 [104, 561, 942, 2056, 2481, 2521, 2726, 3059, 3205, 3325, 3357, 3537, 3539, 4241, 4345, 4370, 4585, 4796, 5064, 5237, 5872, 6113, 6117, 6432, 6472, 6519, 6587, 6682, 7037, 7239, 7299, 7375, 7675, 7761, 8125]
Iter#30 New set #4 of size 35 (7.5 its/hit = 0.000s/hit): seed=14358092134080137650 [451, 1576, 1736, 1923, 2021, 2071, 2306, 2653, 2851, 3052, 3142, 3220, 3361, 3511, 3516, 3527, 3807, 4147, 4430, 4438, 4557, 4755, 4902, 4951, 5030, 5163, 5183, 5614, 5755, 6296, 6916, 6961, 6983, 7218, 7673]
Iter#38 New set #5 of size 35 (7.6 its/hit = 0.000s/hit): seed=4193582434989840306 [263, 283, 513, 638, 1429, 1491, 2096, 2358, 2522, 2638, 2666, 3696, 4160, 4291, 4512, 4613, 4644, 4699, 5086, 5244, 5283, 5528, 5539, 6038, 6544, 6559, 6633, 6769, 7008, 7042, 7150, 7472, 7629, 7854, 8134]
Iter#45 New set #6 of size 35 (7.5 its/hit = 0.000s/hit): seed=4548694291373781506 [89, 155, 194, 576, 832, 1013, 1044, 1413, 1562, 1658, 1911, 1995, 2532, 3530, 3647, 3653, 3820, 3919, 4400, 4894, 4935, 4997, 5039, 5084, 5105, 5608, 5620, 5661, 6059, 6178, 6263, 6629, 7127, 7534, 7995]
Iter#47 New set #1 of size 36 (47.0 its/hit = 0.000s/hit): seed=10718395888251765208 [176, 910, 979, 1054, 1271, 1352, 1519, 1698, 1780, 2117, 2293, 2368, 2585, 2704, 3106, 3198, 3213, 3506, 4117, 4261, 4319, 4516, 4537, 5058, 5230, 5632, 6047, 6224, 6278, 6368, 6518, 6847, 7115, 7203, 7362, 7796]
Iter#54 New set #2 of size 36 (27.0 its/hit = 0.000s/hit): seed=10742345048568903392 [198, 253, 264, 406, 1205, 1248, 1672, 1787, 1846, 2032, 2614, 2934, 3330, 3351, 3462, 3469, 3924, 4013, 4146, 4552, 4637, 5030, 5469, 5729, 6313, 6352, 6373, 6413, 7001, 7071, 7279, 7337, 7713, 7723, 7759, 7923]
Iter#57 New set #3 of size 36 (19.0 its/hit = 0.000s/hit): seed=8007221963331236159 [246, 916, 968, 1247, 1321, 1725, 1739, 1839, 2055, 3060, 3335, 3359, 4180, 4204, 4532, 5112, 5245, 5286, 5434, 5445, 5457, 5480, 5500, 5522, 5532, 5718, 5841, 5934, 6164, 6840, 7022, 7077, 7122, 7604, 7742, 8031]
Iter#69 New set #1 of size 37 (69.0 its/hit = 0.000s/hit): seed=8290404239370365976 [172, 254, 306, 356, 428, 445, 845, 1448, 1513, 1548, 2034, 2225, 2324, 2337, 2531, 2974, 3058, 3367, 3907, 4024, 4106, 4209, 4603, 4991, 5036, 5112, 5214, 5276, 5547, 6187, 6233, 6322, 6941, 7043, 7242, 7407, 7802]
Iter#78 New set #2 of size 37 (39.0 its/hit = 0.000s/hit): seed=3371119516677507795 [109, 1655, 1677, 1686, 1851, 1869, 2422, 2599, 2874, 2907, 3232, 3511, 3661, 3814, 4250, 4275, 4573, 4652, 4807, 4919, 5070, 5167, 5281, 5365, 5388, 6308, 6422, 6579, 6752, 6840, 6959, 7011, 7299, 7427, 7555, 7697, 8091]
Iter#94 New set #3 of size 37 (31.3 its/hit = 0.000s/hit): seed=8153547158258340743 [178, 315, 317, 340, 399, 548, 615, 662, 709, 793, 821, 939, 1243, 1463, 2177, 2435, 2606, 2874, 2939, 3122, 3286, 3564, 3628, 3697, 3775, 3827, 3880, 4070, 4542, 5129, 5143, 5327, 5377, 6224, 6252, 6771, 7272]
Iter#109 New set #1 of size 39 (109.0 its/hit = 0.000s/hit): seed=1068387406136783526 [68, 83, 209, 503, 812, 829, 889, 895, 1089, 1462, 2164, 2370, 2811, 2995, 3065, 3889, 4156, 4189, 4522, 4701, 4914, 4922, 5148, 5164, 5224, 5611, 5697, 5783, 5791, 5905, 5972, 5973, 6408, 6491, 6654, 6692, 6775, 7267, 7844]
Iter#1579 New set #1 of size 40 (1579.0 its/hit = 1.000s/hit): seed=9161457210965820019 [34, 469, 533, 665, 729, 844, 859, 1213, 1442, 1816, 1850, 2020, 2460, 2824, 3157, 3826, 3953, 4664, 4700, 4828, 4878, 4987, 5065, 5892, 5928, 6100, 6475, 6659, 6689, 7214, 7354, 7451, 7481, 7535, 7707, 7715, 8070, 8121, 8155, 8182]
Iter#3000 New set #2 of size 40 (1500.0 its/hit = 0.500s/hit): seed=17739948654919860447 [21, 41, 336, 363, 451, 565, 1115, 1365, 1710, 2179, 2218, 2356, 3051, 3187, 3439, 3456, 3477, 3509, 3638, 3698, 4497, 5031, 5506, 5547, 5578, 5724, 6022, 6035, 6102, 6309, 6662, 6675, 6679, 6897, 7411, 7422, 7425, 7464, 7762, 8150]
Iter#27920 New set #3 of size 40 (9306.7 its/hit = 6.000s/hit): seed=10448977047168385194 [206, 651, 998, 1729, 1871, 1878, 1921, 2001, 2012, 2043, 2133, 2158, 2208, 2527, 2753, 2782, 2792, 3020, 3072, 3379, 3454, 3873, 4079, 4125, 4457, 4602, 4758, 4895, 5217, 5552, 5583, 6056, 6216, 6384, 6387, 6538, 6851, 7080, 7303, 7529]
Iter#36469 New set #4 of size 40 (9117.2 its/hit = 6.000s/hit): seed=9868387142152855229 [248, 275, 1136, 1501, 1596, 1690, 1761, 1896, 2007, 2300, 2437, 3008, 3095, 3160, 3398, 3704, 3776, 4174, 4333, 4409, 4701, 4938, 5080, 5122, 5180, 5219, 5424, 5514, 5893, 6248, 6277, 6504, 6557, 6597, 6666, 7206, 7349, 7754, 8037, 8185]
Iter#61148 New set #5 of size 40 (12229.6 its/hit = 8.000s/hit): seed=17419169546465418487 [131, 268, 489, 734, 823, 983, 1765, 1901, 2163, 2228, 2458, 2488, 2638, 2731, 2733, 2760, 2780, 2823, 2884, 3150, 3159, 3428, 3517, 3702, 3771, 4683, 4688, 4935, 5012, 5301, 5682, 6037, 6260, 6395, 6516, 6540, 6911, 7155, 7633, 7710]
Iter#83532 New set #6 of size 40 (13922.0 its/hit = 9.167s/hit): seed=12967363384930350115 [87, 247, 277, 380, 533, 600, 734, 745, 971, 1025, 1202, 1300, 1328, 1759, 1810, 1994, 2009, 2024, 2098, 2481, 3047, 3087, 3202, 4314, 4874, 5022, 5238, 5735, 5884, 6265, 6415, 6651, 7108, 7142, 7231, 7621, 7680, 7797, 7894, 8081]
Iter#99011 New set #7 of size 40 (14144.4 its/hit = 9.429s/hit): seed=8792720243419562424 [142, 272, 589, 707, 1075, 1239, 1254, 1363, 1889, 1971, 2036, 2481, 2749, 2990, 3653, 3677, 3840, 4356, 4415, 4490, 4577, 4579, 4937, 5059, 5063, 5078, 5205, 5705, 5835, 5859, 6083, 6286, 6530, 6688, 6928, 6951, 7050, 7383, 7455, 8058]
Iter#103617 New set #8 of size 40 (12952.1 its/hit = 8.625s/hit): seed=15055305906006683962 [269, 288, 316, 583, 1130, 1173, 1383, 1466, 2042, 2569, 2704, 2820, 2898, 2992, 3283, 3299, 3683, 3950, 4322, 4370, 4904, 4965, 4993, 5003, 5147, 5254, 5364, 5494, 5542, 5720, 5999, 6109, 6673, 7057, 7551, 7702, 7808, 7990, 8024, 8169]
Iter#109471 New set #9 of size 40 (12163.4 its/hit = 8.111s/hit): seed=3661030826917550137 [2, 152, 599, 675, 858, 975, 1187, 1260, 2075, 2395, 2408, 2515, 2588, 3269, 3442, 3576, 4487, 4533, 4680, 4980, 4986, 5683, 5760, 5966, 6003, 6105, 6228, 6257, 6409, 6428, 6675, 6689, 6889, 7067, 7447, 7450, 7623, 7723, 7810, 8080]
Iter#109651 New set #1 of size 41 (109651.0 its/hit = 73.000s/hit): seed=14746861741557755817 [60, 83, 110, 240, 446, 508, 512, 632, 1212, 1219, 1234, 1430, 1942, 2185, 3264, 3721, 3893, 4096, 4114, 4518, 4622, 4868, 4970, 5464, 5612, 5726, 6072, 6102, 6105, 6155, 6484, 6517, 6996, 7133, 7152, 7247, 7362, 7874, 7918, 8107, 8158]
Iter#143832 New set #2 of size 41 (71916.0 its/hit = 48.000s/hit): seed=17787127926401762979 [13, 24, 45, 61, 373, 886, 1125, 1307, 1649, 2237, 2240, 2435, 2454, 2545, 2646, 2651, 2688, 2999, 3237, 3827, 3954, 4476, 4493, 4853, 4958, 5209, 5321, 5577, 5578, 5621, 5624, 5776, 5997, 6709, 6969, 7441, 7467, 7671, 7760, 8099, 8110]
Iter#266582 New set #3 of size 41 (88860.7 its/hit = 59.333s/hit): seed=12638591292389457757 [59, 592, 604, 793, 1083, 1097, 1220, 1232, 1318, 1712, 1856, 2367, 2497, 2565, 2903, 2973, 3332, 3905, 4146, 4656, 4919, 5075, 5161, 5194, 5261, 5423, 5643, 5654, 5805, 5854, 6396, 6671, 6823, 6927, 7024, 7378, 7401, 7441, 7563, 7988, 8151]
Iter#278710 New set #4 of size 41 (69677.5 its/hit = 46.500s/hit): seed=2826493943058194589 [169, 278, 423, 460, 905, 916, 1411, 1607, 2270, 2390, 2538, 2559, 2980, 3421, 3894, 4553, 4631, 4773, 5420, 5467, 5471, 5501, 5509, 5710, 5785, 5798, 5898, 5926, 5949, 6440, 6611, 6660, 6779, 7290, 7379, 7634, 7724, 8054, 8078, 8114, 8184]
Iter#369070 New set #5 of size 41 (73814.0 its/hit = 49.200s/hit): seed=18330163555413615745 [413, 1084, 1100, 1187, 1206, 1717, 1962, 2207, 2209, 2226, 2285, 2506, 2679, 2765, 2852, 2896, 3213, 3893, 3986, 4356, 4445, 4461, 4582, 5210, 5554, 5575, 5676, 5874, 5879, 6568, 6594, 6688, 6936, 7134, 7155, 7784, 7830, 7831, 7904, 7946, 8150]
Iter#422711 New set #6 of size 41 (70451.8 its/hit = 46.833s/hit): seed=4689219582499405327 [47, 68, 238, 271, 633, 663, 822, 1405, 1483, 1536, 1735, 2148, 2230, 2301, 2944, 3031, 4149, 4154, 4155, 4309, 4356, 4619, 4674, 4780, 4953, 5334, 5393, 5708, 6077, 6112, 6221, 6784, 7264, 7294, 7461, 7676, 7704, 7734, 8022, 8073, 8122]
Iter#683309 New set #7 of size 41 (97615.6 its/hit = 64.857s/hit): seed=9638985157278522649 [20, 356, 505, 660, 766, 833, 1151, 1414, 1691, 1822, 2228, 2463, 2512, 2679, 2713, 2720, 2912, 3234, 3387, 3814, 3871, 4037, 4069, 4428, 4575, 4591, 4811, 4867, 4975, 5039, 5408, 5870, 6005, 6138, 6432, 6783, 6939, 6940, 7180, 8021, 8100]
Iter#804302 New set #8 of size 41 (100537.8 its/hit = 66.875s/hit): seed=2109285984113169381 [292, 294, 741, 912, 1292, 1383, 1713, 1853, 1925, 2236, 2262, 2496, 2536, 2546, 2945, 3235, 3547, 3561, 3613, 3946, 4769, 4782, 5002, 5226, 5773, 5943, 6000, 6086, 6120, 6358, 6367, 6648, 6685, 6776, 7004, 7437, 7884, 7920, 8009, 8058, 8091]
Iter#816691 New set #9 of size 41 (90743.4 its/hit = 60.333s/hit): seed=7131372052367229841 [15, 167, 193, 217, 548, 788, 860, 1188, 1320, 1363, 1501, 1524, 1664, 1850, 2246, 2976, 3162, 3359, 3566, 3986, 4112, 4114, 4426, 4468, 4738, 5274, 5312, 5342, 5400, 5745, 5867, 6165, 6221, 6248, 6761, 6778, 6877, 7401, 7885, 7977, 8078]
Iter#834098 New set #10 of size 41 (83409.8 its/hit = 55.500s/hit): seed=1980405579301606526 [378, 736, 755, 828, 898, 1587, 2259, 2309, 2312, 2698, 3097, 3288, 3535, 3579, 3627, 3728, 4557, 4701, 4890, 5100, 5268, 5272, 5434, 5519, 5574, 5700, 5735, 5837, 5999, 6054, 6220, 6343, 6560, 6581, 6829, 6847, 6857, 7374, 7430, 7820, 8012]
Iter#1435601 New set #20 of size 41 (71780.0 its/hit = 47.750s/hit): seed=8080315932893374646 [46, 144, 224, 225, 336, 678, 865, 896, 1088, 1228, 1265, 1528, 1550, 1729, 2117, 2313, 2536, 2664, 2697, 2908, 3157, 3225, 3289, 3505, 3827, 3835, 3851, 4891, 5145, 5183, 5561, 5660, 5762, 5785, 5798, 6250, 6405, 6604, 6860, 7625, 8165]
Iter#2156808 New set #30 of size 41 (71893.6 its/hit = 47.867s/hit): seed=17130906159849629100 [128, 199, 294, 318, 446, 469, 628, 632, 745, 760, 838, 966, 980, 1112, 1592, 1953, 2029, 2094, 2419, 2555, 2997, 3606, 4035, 4214, 4403, 4502, 5011, 5180, 5275, 5302, 5672, 6074, 6110, 6202, 6230, 7365, 7458, 7647, 7731, 7922, 8130]
Iter#3319474 New set #40 of size 41 (82986.9 its/hit = 55.225s/hit): seed=5958309615572388411 [95, 254, 278, 723, 797, 1063, 1186, 1722, 1983, 2309, 2531, 2814, 2857, 2883, 2916, 2930, 3015, 3182, 3239, 3320, 3393, 3676, 3789, 4064, 4105, 4840, 5114, 5129, 5206, 5281, 5493, 6017, 6109, 6205, 6228, 6318, 6385, 6638, 6779, 7194, 7365]
Iter#4001114 New set #50 of size 41 (80022.3 its/hit = 53.260s/hit): seed=9368155189043029186 [501, 527, 826, 1033, 2282, 2349, 2513, 2840, 2874, 2902, 3038, 3046, 3186, 3211, 3364, 4267, 4312, 4500, 4539, 4772, 5002, 5089, 5093, 5235, 5321, 5338, 5458, 5533, 5706, 5859, 6237, 6329, 6461, 6522, 6564, 6727, 7029, 7344, 7704, 7951, 8098]
Iter#4626903 New set #60 of size 41 (77115.0 its/hit = 51.333s/hit): seed=7948305881446895706 [283, 309, 791, 820, 836, 1316, 1474, 2059, 2156, 2164, 2178, 2208, 2448, 2453, 2488, 3368, 3510, 3620, 3773, 4312, 4465, 4589, 4624, 4994, 5022, 5228, 5299, 5792, 5894, 5937, 5960, 6002, 6077, 6166, 6264, 6405, 6477, 6607, 7367, 7457, 8160]
Iter#5429710 New set #70 of size 41 (77567.3 its/hit = 51.643s/hit): seed=14598643871173620975 [73, 357, 474, 1081, 1546, 1714, 1802, 2046, 2496, 2655, 3129, 3169, 3170, 3194, 3254, 3332, 3376, 3413, 3577, 4124, 4381, 4421, 4646, 4865, 4911, 5171, 5223, 5267, 5378, 5627, 5663, 5757, 6150, 6499, 6538, 6649, 6711, 6824, 6898, 7142, 8159]
Iter#6604199 New set #80 of size 41 (82552.5 its/hit = 54.950s/hit): seed=6549451955271017968 [2, 180, 194, 590, 1113, 1261, 1603, 1630, 2005, 2088, 2140, 2151, 2194, 2204, 2339, 2744, 3049, 3185, 3269, 3277, 3279, 3763, 3764, 4044, 4066, 4202, 4310, 4325, 4327, 5270, 5660, 5774, 6373, 6631, 7208, 7210, 7257, 7301, 7347, 7516, 7647]
Iter#7551196 New set #90 of size 41 (83902.2 its/hit = 55.833s/hit): seed=5384909732033093305 [256, 380, 410, 589, 599, 954, 1159, 1290, 1407, 1832, 2051, 2066, 2164, 2205, 2952, 2973, 2984, 3132, 3383, 3400, 3654, 3686, 3962, 4198, 4312, 4557, 4571, 4651, 5004, 5128, 5186, 5284, 5875, 5886, 6136, 6790, 7248, 7428, 7505, 7964, 8170]
Iter#8086695 New set #100 of size 41 (80867.0 its/hit = 53.800s/hit): seed=11942391393150854852 [25, 118, 364, 497, 967, 993, 1120, 1223, 1279, 1471, 1921, 1987, 1991, 2764, 2884, 2944, 3339, 3798, 3814, 4153, 4676, 4929, 5151, 5254, 5352, 5369, 5460, 5731, 6254, 6287, 6541, 6621, 6672, 6716, 7036, 7522, 7613, 7754, 7767, 7772, 7936]
