[*] Computing DDT
[+] DDT Computed
DDT took 1.352940561s
Iter#1 New set #1 of size 30 (1.0 its/hit = 0.000s/hit): seed=3379483864701065221 [43, 118, 460, 658, 697, 775, 822, 1050, 1378, 1473, 1631, 1770, 1871, 3140, 3439, 3465, 3835, 3885, 3996, 4360, 6153, 6315, 6357, 6862, 6879, 7375, 7450, 7451, 7454, 8035]
Iter#4 New set #2 of size 30 (2.0 its/hit = 0.000s/hit): seed=13129617880363148492 [18, 360, 471, 504, 772, 1961, 2012, 2153, 2654, 2773, 2844, 3674, 3845, 4421, 4692, 4775, 5175, 5190, 5995, 6041, 6261, 6606, 6907, 6980, 7067, 7380, 7566, 7571, 7914, 7938]
Iter#9 New set #1 of size 31 (9.0 its/hit = 0.000s/hit): seed=10899935315156462596 [178, 488, 499, 658, 1005, 1226, 1368, 1709, 2887, 3008, 3596, 3795, 3922, 4939, 5398, 5590, 5863, 6143, 6208, 6406, 6732, 6920, 6954, 7235, 7480, 7503, 7647, 7664, 7915, 7981, 8020]
Iter#10 New set #2 of size 31 (5.0 its/hit = 0.000s/hit): seed=11391484262259003850 [486, 623, 1044, 1479, 1577, 1855, 2326, 2377, 2379, 2393, 2471, 2856, 2886, 3032, 3286, 3304, 3505, 3928, 4185, 4660, 5057, 5275, 5386, 5390, 5644, 6161, 7276, 7471, 7603, 7616, 7848]
Iter#13 New set #1 of size 32 (13.0 its/hit = 0.000s/hit): seed=11472659513620101251 [72, 478, 701, 1002, 1031, 1100, 1408, 1433, 1481, 1741, 2486, 2591, 2759, 2765, 3167, 3236, 3421, 3636, 3772, 3817, 3912, 4232, 4326, 4581, 4657, 4925, 4948, 5149, 5264, 6045, 6141, 7762]
Iter#103 New set #2 of size 32 (51.5 its/hit = 0.000s/hit): seed=2216236583877359041 [303, 405, 406, 420, 900, 907, 1132, 1400, 1489, 1577, 1954, 1981, 2356, 2404, 2699, 2908, 3101, 3174, 3975, 4448, 4543, 4920, 5549, 6748, 6847, 6918, 7133, 7240, 7246, 7454, 7692, 8127]
Iter#108 New set #3 of size 32 (36.0 its/hit = 0.000s/hit): seed=10572666165217125288 [35, 716, 1254, 1987, 2063, 2296, 2354, 2385, 2485, 2658, 2860, 3000, 3299, 3383, 3882, 4274, 4511, 4774, 5268, 5701, 5739, 6908, 6955, 7002, 7047, 7097, 7111, 7316, 7321, 7395, 7997, 8008]
Iter#112 New set #4 of size 32 (28.0 its/hit = 0.000s/hit): seed=12110597296549612321 [15, 29, 166, 492, 553, 1809, 1811, 1941, 2410, 2775, 2833, 2933, 3216, 3250, 3659, 3703, 3943, 4432, 4448, 4545, 5499, 5590, 6040, 6341, 6700, 6714, 6749, 7097, 7158, 7229, 7590, 7626]
Iter#225 New set #5 of size 32 (45.0 its/hit = 0.000s/hit): seed=14204581649697955330 [267, 651, 1133, 1167, 1481, 1795, 2134, 2148, 2442, 2787, 2798, 2905, 3321, 3781, 4159, 4225, 4447, 4750, 4777, 5129, 5488, 5706, 6002, 6734, 6870, 7007, 7158, 7484, 7884, 7977, 8053, 8187]
Iter#230 New set #6 of size 32 (38.3 its/hit = 0.000s/hit): seed=14523074599198115947 [435, 448, 520, 637, 1429, 1693, 1831, 1970, 2275, 2544, 2664, 2816, 2848, 2988, 3028, 3070, 3378, 3525, 3794, 4054, 4430, 5357, 5503, 5594, 6879, 7078, 7296, 7501, 7876, 7899, 7904, 8029]
Iter#234 New set #7 of size 32 (33.4 its/hit = 0.000s/hit): seed=17305553965590386605 [55, 215, 302, 321, 521, 681, 1212, 1267, 1426, 1486, 1522, 1542, 1773, 1977, 2480, 3421, 3515, 3530, 3934, 4264, 4991, 4997, 5174, 5249, 5365, 5491, 5958, 6042, 6857, 6881, 7169, 8120]
Iter#239 New set #8 of size 32 (29.9 its/hit = 0.000s/hit): seed=9058347613142169588 [234, 364, 414, 724, 980, 1168, 1376, 1989, 2029, 2051, 2104, 2351, 2998, 3252, 3905, 4439, 4758, 4789, 4946, 4970, 5027, 5253, 5978, 6328, 6384, 6601, 6841, 7063, 7273, 7812, 7905, 7906]
Iter#247 New set #9 of size 32 (27.4 its/hit = 0.000s/hit): seed=15209357065108842642 [91, 460, 491, 1280, 1567, 1578, 1593, 1857, 1971, 2735, 3152, 3258, 3551, 4281, 4504, 4683, 5388, 5652, 5776, 5943, 6157, 6468, 6889, 7219, 7436, 7497, 7721, 7870, 7877, 7887, 7963, 8080]
Iter#275 New set #10 of size 32 (27.5 its/hit = 0.000s/hit): seed=16782766164234134356 [396, 555, 960, 990, 1109, 1186, 1295, 1496, 1783, 1788, 2225, 2409, 2758, 2911, 3197, 3202, 3330, 4146, 4896, 5035, 5193, 5524, 5580, 5649, 5652, 6304, 6453, 7344, 7668, 7773, 7857, 7928]
Iter#646 New set #20 of size 32 (32.3 its/hit = 0.000s/hit): seed=15325384423439691391 [135, 277, 683, 795, 1617, 1705, 1972, 2088, 2634, 2692, 2721, 3042, 3202, 3802, 3844, 3881, 3992, 4002, 4526, 4685, 5729, 5836, 5847, 6061, 6098, 6929, 7306, 7363, 7627, 7640, 7975, 8091]
Iter#657 New set #1 of size 33 (657.0 its/hit = 0.000s/hit): seed=3952776989347141729 [644, 971, 1212, 1545, 1716, 1907, 2137, 2693, 3075, 3626, 3708, 4058, 5137, 5440, 5497, 5585, 5615, 5691, 5721, 5922, 6127, 6199, 6596, 6716, 6752, 6841, 7000, 7368, 7495, 7682, 7769, 7786, 8080]
Iter#829 New set #2 of size 33 (414.5 its/hit = 0.000s/hit): seed=9331545167721661298 [460, 632, 707, 1252, 1306, 1422, 1718, 2037, 2089, 2111, 2429, 2909, 3162, 3479, 3755, 4531, 4886, 5367, 5406, 5421, 5804, 5832, 5949, 6045, 6165, 6347, 6443, 6833, 7526, 7669, 7764, 7991, 8189]
Iter#943 New set #3 of size 33 (314.3 its/hit = 0.000s/hit): seed=1716484073401131045 [490, 1019, 1239, 1359, 1570, 1827, 2458, 3106, 3143, 3211, 3298, 3303, 3993, 4355, 4488, 4595, 4816, 4867, 5431, 5443, 5754, 6340, 6496, 6555, 6562, 6637, 7084, 7092, 7279, 7390, 7469, 7629, 8027]
Iter#1066 New set #4 of size 33 (266.5 its/hit = 0.250s/hit): seed=6350132348389449119 [46, 486, 516, 643, 1106, 1199, 1954, 1972, 2250, 3163, 3225, 3525, 4031, 4180, 4434, 4443, 4965, 5165, 5231, 5279, 5535, 5566, 5675, 5927, 6008, 6063, 6525, 7116, 7485, 7651, 7744, 7849, 8041]
Iter#1077 New set #5 of size 33 (215.4 its/hit = 0.200s/hit): seed=6518613144600916161 [37, 91, 650, 653, 1107, 1446, 1730, 2381, 2583, 2699, 2909, 2981, 3240, 4085, 4412, 4462, 4469, 4650, 4700, 4754, 5000, 5877, 5985, 6421, 6496, 6529, 6541, 6553, 7041, 7379, 7543, 7590, 7763]
Iter#1418 New set #6 of size 33 (236.3 its/hit = 0.167s/hit): seed=18309271812394364524 [93, 513, 629, 885, 1066, 1308, 1313, 1986, 2432, 2854, 2976, 3026, 3236, 3246, 3811, 3951, 4294, 4864, 4905, 4944, 5054, 5147, 5430, 5561, 5881, 5901, 5963, 6411, 6518, 6740, 7796, 7879, 7949]
Iter#1520 New set #7 of size 33 (217.1 its/hit = 0.143s/hit): seed=4186872042089272520 [65, 673, 865, 948, 1262, 1589, 2367, 2504, 2530, 2812, 2958, 3031, 3077, 3081, 3264, 3382, 3397, 3454, 3534, 3538, 3860, 4032, 4483, 4901, 5252, 5764, 5855, 6470, 6779, 7011, 7295, 7467, 8026]
Iter#2095 New set #8 of size 33 (261.9 its/hit = 0.250s/hit): seed=2202309098145249216 [39, 596, 851, 1080, 1528, 1867, 1969, 1985, 2074, 2128, 2210, 2413, 2440, 2574, 2847, 3475, 4716, 4823, 4873, 4896, 4981, 5133, 5580, 5810, 5867, 6250, 6665, 6717, 6827, 7417, 7540, 7999, 8055]
Iter#2140 New set #9 of size 33 (237.8 its/hit = 0.222s/hit): seed=9982341433781363194 [101, 448, 816, 1185, 1662, 2220, 2262, 2440, 2549, 2636, 2898, 3071, 3310, 3780, 3966, 4270, 4585, 4639, 4662, 4687, 4797, 4901, 5347, 5517, 5857, 5907, 6041, 6666, 6760, 6880, 7203, 7427, 7779]
Iter#2174 New set #10 of size 33 (217.4 its/hit = 0.200s/hit): seed=11417142309541052483 [668, 768, 777, 981, 1008, 1267, 1312, 1489, 1844, 2160, 2653, 2950, 3157, 3282, 3393, 3449, 4096, 4106, 4110, 4157, 4389, 4562, 4922, 5016, 5222, 5267, 5614, 5836, 7041, 7492, 7836, 7888, 8162]
Iter#4603 New set #20 of size 33 (230.1 its/hit = 0.200s/hit): seed=9079072961219171239 [276, 403, 463, 619, 633, 984, 1470, 1494, 1500, 1832, 2241, 2301, 2480, 2535, 2578, 3096, 3098, 3228, 3430, 3733, 3935, 4556, 4587, 4657, 4749, 5362, 5637, 5836, 6006, 6163, 6807, 6871, 7443]
Iter#10633 New set #30 of size 33 (354.4 its/hit = 0.367s/hit): seed=16758139636571792881 [53, 207, 229, 295, 307, 603, 775, 1127, 1943, 2154, 2257, 2342, 2547, 2691, 3150, 3197, 3712, 3920, 3985, 4259, 4891, 4894, 5005, 5433, 5541, 5878, 6052, 6937, 7147, 7411, 7810, 7829, 7899]
Iter#13027 New set #40 of size 33 (325.7 its/hit = 0.325s/hit): seed=9127384464648356503 [90, 310, 361, 555, 1020, 1167, 1328, 1586, 1785, 2064, 3100, 3727, 3786, 3796, 3975, 4262, 4363, 4566, 5196, 5663, 5827, 5997, 6521, 6557, 6694, 6853, 6854, 7012, 7384, 7407, 7427, 7570, 8135]
Iter#18223 New set #50 of size 33 (364.5 its/hit = 0.380s/hit): seed=861032730052141279 [474, 831, 1108, 1607, 1951, 2149, 2164, 2231, 2455, 2576, 2800, 3256, 3461, 3549, 3584, 3725, 3930, 4626, 4769, 4812, 4965, 5616, 6062, 6174, 6559, 6650, 6853, 7019, 7159, 7219, 7437, 8071, 8164]
Iter#20470 New set #60 of size 33 (341.2 its/hit = 0.350s/hit): seed=815301038603035643 [90, 165, 211, 285, 433, 453, 477, 952, 1079, 1165, 1178, 1385, 1505, 2478, 2637, 3579, 3855, 4152, 4363, 4992, 5035, 5172, 5259, 5621, 5728, 5782, 6242, 6575, 6669, 6785, 6953, 7317, 7785]
Iter#24805 New set #70 of size 33 (354.4 its/hit = 0.371s/hit): seed=16075887327408924192 [49, 281, 529, 580, 810, 1080, 1396, 1619, 2100, 2325, 2437, 2453, 3510, 3629, 3985, 4000, 4236, 4778, 4883, 5245, 5296, 5431, 5799, 5819, 5827, 6343, 6521, 6857, 7161, 7182, 7728, 8083, 8103]
Iter#29758 New set #80 of size 33 (372.0 its/hit = 0.388s/hit): seed=13394479788599810634 [562, 568, 688, 795, 975, 1165, 1210, 1504, 1676, 1887, 2444, 2509, 2518, 3173, 3202, 3731, 4040, 4268, 4884, 4945, 4979, 5214, 5560, 5826, 5831, 5865, 6097, 6322, 7169, 7748, 7828, 7957, 8010]
Iter#33953 New set #90 of size 33 (377.3 its/hit = 0.389s/hit): seed=17208663332864009195 [144, 154, 389, 792, 876, 1014, 1110, 1373, 1521, 1572, 2078, 2101, 2102, 2529, 2673, 2986, 3064, 3470, 3781, 5156, 5623, 5997, 6282, 6352, 6871, 7011, 7455, 7472, 7550, 7567, 7886, 8023, 8042]
Iter#33993 New set #1 of size 34 (33993.0 its/hit = 35.000s/hit): seed=12737351911417884746 [0, 263, 331, 1074, 1453, 2279, 2374, 2627, 2922, 3014, 3071, 3197, 3797, 3857, 4077, 4099, 4227, 4347, 4377, 4465, 5226, 5389, 5464, 5644, 5827, 5851, 6116, 6182, 6278, 6539, 6674, 6995, 7021, 7961]
Iter#38217 New set #2 of size 34 (19108.5 its/hit = 20.000s/hit): seed=5460801676666753746 [33, 158, 702, 829, 897, 903, 972, 1299, 1398, 1929, 2160, 2247, 2282, 2359, 2773, 2869, 3958, 4752, 4817, 4873, 4921, 5131, 5181, 5346, 5516, 5558, 5821, 5897, 6082, 7178, 7210, 7246, 8045, 8134]
Iter#49579 New set #3 of size 34 (16526.3 its/hit = 17.333s/hit): seed=18410388006005397898 [93, 179, 210, 371, 375, 964, 1525, 1959, 2620, 2895, 2956, 2984, 3234, 3319, 3373, 3617, 3637, 3662, 3726, 3729, 3868, 4405, 4536, 4772, 4817, 4895, 4913, 5074, 5496, 6422, 6455, 6803, 7764, 8003]
Iter#57764 New set #4 of size 34 (14441.0 its/hit = 15.000s/hit): seed=2387776165047025027 [21, 309, 459, 766, 1044, 1187, 1627, 2018, 2415, 2768, 2817, 2829, 2919, 3239, 3427, 4871, 4968, 5037, 5321, 5444, 5770, 5842, 5957, 6152, 6227, 6347, 7006, 7176, 7325, 7821, 7898, 7968, 8064, 8153]
Iter#69763 New set #5 of size 34 (13952.6 its/hit = 14.400s/hit): seed=10837593348326933434 [134, 152, 213, 217, 337, 371, 1233, 1415, 1417, 1547, 1666, 2252, 2714, 3514, 4346, 4775, 5032, 5045, 5412, 5920, 5933, 6020, 6051, 6217, 6237, 6497, 6592, 6761, 7056, 7151, 7303, 7613, 7821, 8123]
Iter#70279 New set #6 of size 34 (11713.2 its/hit = 12.167s/hit): seed=8704776581835895640 [206, 1051, 1078, 1706, 1759, 2117, 2200, 2274, 2370, 2417, 2723, 3020, 3030, 3137, 3993, 4009, 4096, 4368, 4714, 5133, 5173, 5178, 5422, 5553, 5563, 5568, 5681, 5947, 6178, 6532, 6707, 7051, 7251, 8067]
Iter#74336 New set #7 of size 34 (10619.4 its/hit = 11.000s/hit): seed=10948346890192994333 [277, 785, 873, 1624, 1909, 2000, 2047, 2101, 2413, 2418, 2550, 2734, 3247, 3940, 3966, 5187, 5300, 5635, 5701, 5886, 5891, 5999, 6492, 6588, 6824, 7447, 7612, 7710, 7771, 7774, 7802, 7864, 7914, 7956]
Iter#79600 New set #8 of size 34 (9950.0 its/hit = 10.375s/hit): seed=14190533416243950819 [44, 72, 198, 381, 772, 892, 946, 997, 1225, 1982, 2609, 2675, 3304, 3468, 3914, 3924, 4139, 4311, 4488, 4916, 4927, 5178, 5533, 5584, 5731, 5781, 6374, 7193, 7390, 7550, 7558, 7721, 7898, 7992]
Iter#83384 New set #9 of size 34 (9264.9 its/hit = 9.667s/hit): seed=6920624955262778954 [197, 429, 494, 856, 909, 1023, 1081, 1242, 1365, 1692, 1857, 2078, 2245, 2520, 2819, 3721, 3859, 3880, 3909, 4240, 4467, 4724, 4870, 4903, 5366, 5818, 5837, 6162, 6888, 6900, 7075, 7186, 7947, 8154]
Iter#85169 New set #10 of size 34 (8516.9 its/hit = 8.800s/hit): seed=9142837162978222573 [63, 202, 484, 584, 801, 840, 937, 1463, 1839, 2112, 2161, 2355, 2636, 2965, 3192, 3296, 3333, 3450, 3628, 3928, 4159, 4567, 4975, 4983, 5046, 5114, 5973, 6201, 6583, 6795, 6886, 6934, 7075, 7311]
Iter#151194 New set #20 of size 34 (7559.7 its/hit = 7.850s/hit): seed=14117242111409189902 [16, 334, 556, 787, 863, 939, 1057, 1453, 1613, 1671, 2585, 2790, 2824, 2991, 3459, 3501, 3581, 3755, 3898, 3943, 4376, 4586, 5018, 5520, 5521, 6233, 6319, 6577, 6732, 6817, 6827, 7020, 7997, 8118]
Iter#253015 New set #30 of size 34 (8433.8 its/hit = 8.767s/hit): seed=13359626076799597182 [190, 502, 776, 1391, 1709, 1745, 1866, 1984, 2483, 2575, 2578, 2676, 2677, 3206, 3210, 3348, 3645, 3870, 3979, 4393, 4982, 5037, 5124, 5407, 5985, 6208, 6504, 6702, 6731, 6773, 6902, 7167, 8094, 8170]
Iter#330406 New set #40 of size 34 (8260.2 its/hit = 8.600s/hit): seed=3369443514603535609 [322, 728, 740, 784, 1145, 1196, 1277, 1337, 1379, 1826, 1963, 2030, 2203, 2586, 2634, 3108, 3186, 3214, 3352, 3426, 3532, 3983, 4148, 4400, 5333, 5702, 5765, 6040, 6173, 6248, 7070, 7126, 7537, 7806]
Iter#388078 New set #50 of size 34 (7761.6 its/hit = 8.100s/hit): seed=2784038201416541293 [224, 275, 299, 545, 924, 1001, 1107, 1244, 1287, 1302, 1465, 1577, 1714, 1978, 2003, 2185, 2317, 2691, 3118, 3304, 3688, 4292, 4492, 4558, 5588, 5733, 6041, 6407, 7166, 7337, 7541, 7561, 7726, 8141]
Iter#405212 New set #1 of size 36 (405212.0 its/hit = 423.000s/hit): seed=16638440700558910011 [228, 398, 571, 821, 996, 1260, 1489, 1516, 1551, 2097, 2211, 2228, 2323, 3151, 3229, 3264, 3608, 3922, 3940, 4449, 4566, 4588, 5529, 5554, 5833, 5926, 6153, 6314, 6493, 6596, 6915, 6989, 7075, 7315, 7415, 7995]
Iter#668034 New set #2 of size 36 (334017.0 its/hit = 349.000s/hit): seed=1261100197324828269 [115, 330, 684, 747, 1041, 1073, 1177, 1206, 1332, 1418, 1491, 1548, 1632, 2005, 2186, 2193, 2224, 2435, 2950, 4020, 4374, 4476, 5013, 5457, 5592, 5713, 6193, 6549, 6601, 6631, 6775, 7360, 7614, 7847, 8001, 8036]
Iter#2808229 New set #3 of size 36 (936076.3 its/hit = 983.667s/hit): seed=3089526467293812840 [3, 173, 671, 870, 960, 1016, 1042, 1113, 2196, 2288, 2583, 2739, 2941, 3125, 3422, 3440, 3715, 3726, 3772, 4781, 4791, 5458, 5931, 6011, 6118, 6171, 6351, 6607, 6614, 6834, 6992, 7342, 7662, 7711, 7968, 8020]
Iter#8816025 New set #4 of size 36 (2204006.2 its/hit = 2045.250s/hit): seed=5751942931975082257 [307, 359, 960, 1093, 1211, 1930, 2264, 2589, 2969, 3069, 3365, 3412, 3510, 3542, 3995, 4182, 4207, 4373, 4516, 4581, 4658, 4984, 4985, 5076, 5521, 5562, 5859, 6239, 6247, 6606, 6861, 7152, 7852, 7870, 8077, 8128]
Iter#10736267 New set #5 of size 36 (2147253.5 its/hit = 1946.000s/hit): seed=12761899350292798027 [90, 291, 313, 553, 959, 1266, 1824, 2033, 2042, 2241, 2340, 2412, 2705, 2761, 3157, 3526, 4087, 4159, 4386, 4647, 4750, 5249, 5390, 5935, 6049, 6080, 6130, 6235, 6307, 6559, 6685, 7127, 7372, 7493, 7663, 7738]
