[*] Computing DDT
[+] DDT Computed
DDT took 1.364753406s
Iter#1 New set #1 of size 32 (1.0 its/hit = 0.000s/hit): seed=15274583431654869629 [63, 289, 778, 888, 938, 1624, 2072, 2151, 2359, 2505, 2564, 2899, 3227, 3228, 3240, 3248, 3612, 4040, 4180, 4259, 4410, 4756, 4782, 4854, 5135, 5323, 5692, 6007, 6120, 6335, 7111, 8177]
Iter#2 New set #1 of size 33 (2.0 its/hit = 0.000s/hit): seed=344947150322341566 [351, 540, 735, 795, 1012, 1385, 1493, 1650, 2016, 2642, 2791, 3068, 3301, 3524, 3534, 3583, 3640, 3883, 4141, 4306, 4337, 4502, 5065, 5563, 5740, 5792, 6136, 6461, 6500, 7068, 7420, 8000, 8069]
Iter#3 New set #2 of size 33 (1.5 its/hit = 0.000s/hit): seed=2400278845710553181 [232, 320, 424, 500, 776, 918, 1071, 1209, 1347, 1754, 1770, 1810, 2959, 3802, 3816, 3975, 4370, 4569, 4697, 5332, 5420, 5589, 5861, 5906, 6600, 6746, 6834, 6938, 6994, 7154, 7206, 7766, 8031]
Iter#4 New set #3 of size 33 (1.3 its/hit = 0.000s/hit): seed=7976805605647365578 [125, 276, 1086, 1879, 2226, 2625, 2773, 3006, 3116, 3705, 3826, 3949, 4176, 4209, 4210, 4407, 4568, 4865, 4888, 5141, 5377, 5643, 6260, 6605, 6764, 7032, 7054, 7193, 7427, 7536, 7679, 7731, 7965]
Iter#5 New set #4 of size 33 (1.2 its/hit = 0.000s/hit): seed=9042586078109277644 [133, 171, 206, 1230, 1358, 1403, 1510, 1793, 1866, 1885, 2427, 2982, 3240, 3243, 3381, 3556, 3805, 4247, 4351, 4413, 4574, 4995, 5167, 5508, 5727, 6261, 6893, 6946, 7001, 7086, 7450, 7663, 7714]
Iter#7 New set #5 of size 33 (1.4 its/hit = 0.000s/hit): seed=18345366550613363200 [31, 49, 129, 165, 547, 646, 1036, 1104, 1124, 1269, 1638, 1651, 1750, 2400, 2681, 2688, 3040, 3536, 3698, 4003, 4610, 4978, 5244, 5501, 6075, 6207, 6425, 6770, 7149, 7277, 7390, 7577, 7749]
Iter#9 New set #1 of size 34 (9.0 its/hit = 0.000s/hit): seed=1442300723561224616 [484, 821, 933, 963, 1348, 1476, 1483, 1719, 1812, 1827, 1961, 1997, 2244, 2414, 2652, 2687, 2711, 2795, 3262, 3555, 3699, 4226, 4683, 4890, 4914, 5006, 5509, 5544, 5887, 6604, 7158, 7489, 7847, 8014]
Iter#10 New set #2 of size 34 (5.0 its/hit = 0.000s/hit): seed=6539826596892578058 [536, 680, 768, 1037, 1101, 1187, 1406, 1446, 1663, 2312, 2355, 2526, 2575, 2780, 3239, 3499, 3541, 3895, 4082, 4113, 4179, 4409, 4424, 4497, 4673, 4871, 4993, 5611, 5682, 5900, 6208, 6253, 7395, 7709]
Iter#12 New set #1 of size 35 (12.0 its/hit = 0.000s/hit): seed=12734643732569823533 [122, 1162, 1591, 1655, 1768, 2158, 2396, 2411, 2695, 2734, 3247, 3354, 3447, 3620, 3717, 4147, 4228, 4396, 4533, 4838, 4947, 5418, 5457, 5818, 5884, 6062, 6105, 6365, 6572, 6653, 6794, 7034, 7543, 7547, 7771]
Iter#17 New set #2 of size 35 (8.5 its/hit = 0.000s/hit): seed=6542384201969136151 [101, 247, 387, 1011, 1201, 1236, 1415, 1588, 1718, 1934, 2469, 2496, 2576, 2790, 3091, 3348, 3441, 3626, 3668, 4424, 4432, 4916, 5157, 5166, 5303, 6154, 6526, 6610, 7217, 7270, 7417, 7647, 7769, 8117, 8162]
Iter#18 New set #1 of size 36 (18.0 its/hit = 0.000s/hit): seed=10792625183882241691 [160, 304, 395, 524, 779, 1080, 1326, 1498, 2189, 2822, 3522, 3540, 3801, 3899, 4073, 4116, 4440, 4559, 4579, 4660, 4701, 4868, 5186, 5468, 6192, 6302, 6397, 6417, 6520, 6719, 7335, 7405, 7546, 7555, 7645, 8157]
Iter#19 New set #2 of size 36 (9.5 its/hit = 0.000s/hit): seed=11887640495823565385 [192, 268, 917, 1194, 1446, 1465, 1630, 1694, 1733, 1847, 2358, 2817, 2851, 3074, 3534, 3642, 3845, 3859, 4724, 4876, 4892, 5084, 5168, 5442, 5506, 5587, 5659, 6104, 6144, 6412, 6728, 7230, 7273, 7338, 7590, 8147]
Iter#20 New set #3 of size 36 (6.7 its/hit = 0.000s/hit): seed=18035778226895357823 [390, 422, 603, 711, 1093, 1124, 1210, 2093, 2096, 2730, 2794, 2901, 3452, 3595, 3602, 3982, 4013, 4200, 4430, 4559, 4581, 4687, 4783, 4870, 5135, 5530, 5545, 5656, 6213, 6400, 6660, 6786, 6951, 7074, 7937, 7971]
Iter#26 New set #1 of size 38 (26.0 its/hit = 0.000s/hit): seed=6189073844284113117 [300, 693, 779, 1005, 1078, 1316, 1516, 1767, 2011, 2160, 2165, 2321, 2628, 2888, 2968, 2999, 3139, 3804, 3838, 3985, 4014, 4402, 4665, 4753, 4811, 5088, 5342, 5363, 5760, 6101, 6224, 6299, 6520, 6811, 6994, 7442, 7562, 8143]
Iter#266 New set #1 of size 39 (266.0 its/hit = 0.000s/hit): seed=8023836919429877072 [300, 971, 1651, 1710, 2117, 2279, 2544, 2586, 2651, 2785, 2883, 3112, 3251, 3252, 3482, 3815, 4189, 4391, 4409, 4762, 4821, 5171, 5286, 5406, 5671, 5736, 5752, 6039, 6145, 6280, 6286, 6657, 6702, 6947, 7294, 7347, 7565, 7715, 7933]
Iter#1121 New set #2 of size 39 (560.5 its/hit = 0.000s/hit): seed=8693074812698058716 [64, 129, 851, 978, 1346, 1378, 1515, 1842, 2004, 2609, 2637, 2658, 3339, 3466, 3672, 3778, 3801, 3872, 3887, 3987, 4149, 5107, 5495, 5499, 5512, 5561, 5613, 5777, 6314, 6389, 6399, 6590, 6722, 6743, 7388, 7718, 7760, 7953, 7957]
Iter#1770 New set #3 of size 39 (590.0 its/hit = 0.333s/hit): seed=15772008256149889081 [187, 348, 474, 486, 559, 575, 659, 883, 997, 1004, 1113, 1411, 1638, 1929, 1970, 1980, 2052, 2291, 2340, 2631, 2673, 3664, 3702, 3734, 3907, 4027, 4765, 4986, 5320, 5929, 6497, 6750, 7244, 7337, 7660, 7947, 8026, 8057, 8110]
Iter#2039 New set #4 of size 39 (509.8 its/hit = 0.250s/hit): seed=16564301066636325889 [96, 177, 282, 427, 501, 791, 1153, 1223, 1520, 1654, 1736, 2906, 3083, 3193, 3272, 3427, 3538, 3955, 3997, 4044, 4231, 4630, 4832, 5059, 5408, 5841, 5882, 6135, 6294, 6476, 6658, 6760, 6888, 6953, 7041, 7116, 7551, 7563, 7766]
Iter#3323 New set #5 of size 39 (664.6 its/hit = 0.400s/hit): seed=2057833633265918957 [173, 178, 894, 1070, 1345, 1520, 1573, 1616, 1771, 1943, 2177, 2225, 2624, 2711, 2802, 3659, 3674, 3675, 4096, 4131, 4366, 4437, 4448, 4686, 4737, 4860, 5383, 5497, 6027, 6158, 6332, 6439, 6512, 6609, 7447, 7473, 7631, 7736, 7994]
Iter#8723 New set #6 of size 39 (1453.8 its/hit = 1.167s/hit): seed=17961335248684633084 [107, 391, 730, 737, 870, 942, 1030, 1499, 1577, 1994, 2236, 2844, 2918, 3936, 4029, 4223, 4243, 4305, 4821, 4989, 5079, 5145, 5335, 5356, 5571, 5620, 6098, 6158, 6213, 6345, 6727, 6818, 7095, 7379, 7508, 7730, 7819, 8113, 8117]
Iter#9218 New set #7 of size 39 (1316.9 its/hit = 1.000s/hit): seed=7895765118715607303 [47, 560, 780, 906, 955, 1049, 1189, 1232, 1328, 1540, 1579, 1599, 1769, 1792, 2460, 2499, 2700, 2755, 3033, 3062, 3220, 3228, 3324, 3549, 3570, 4798, 4929, 5120, 5134, 5320, 6187, 6557, 6727, 6931, 7027, 7085, 7341, 7611, 7837]
Iter#10007 New set #8 of size 39 (1250.9 its/hit = 1.000s/hit): seed=1500522958146981554 [589, 764, 996, 1093, 1318, 1331, 1919, 1953, 2010, 2012, 2181, 2275, 2497, 2913, 2956, 3264, 3357, 3671, 3876, 4427, 4660, 4910, 5047, 5075, 5229, 5289, 5387, 5484, 5584, 5777, 5902, 6045, 6546, 6992, 7185, 7772, 7909, 7988, 8190]
Iter#10435 New set #9 of size 39 (1159.4 its/hit = 0.889s/hit): seed=5612966799305775185 [60, 319, 412, 850, 1233, 1357, 1438, 1794, 2315, 2984, 3056, 3381, 3595, 3639, 3819, 3855, 4004, 4764, 4864, 5040, 5072, 5399, 5450, 5494, 5709, 5944, 6097, 6101, 6294, 6412, 6419, 6631, 6977, 6981, 7006, 7037, 7525, 7855, 8158]
Iter#10971 New set #10 of size 39 (1097.1 its/hit = 0.900s/hit): seed=18411061826016487992 [189, 491, 1272, 1323, 1604, 1619, 1629, 1774, 2118, 2408, 3139, 3611, 3641, 3694, 3762, 4074, 4194, 4472, 4549, 4793, 4991, 5253, 5410, 5449, 5931, 5952, 6038, 6182, 6196, 6410, 6505, 6961, 6969, 7167, 7201, 7524, 7782, 7837, 7903]
Iter#20748 New set #1 of size 40 (20748.0 its/hit = 17.000s/hit): seed=10094991945880245346 [379, 904, 1119, 1236, 1981, 1998, 2090, 2419, 2702, 2789, 2802, 2811, 3018, 3076, 3475, 3478, 3605, 3906, 4131, 4265, 4390, 4500, 5035, 5102, 5133, 5635, 5670, 5722, 6083, 6177, 6226, 6246, 6480, 6519, 6678, 6680, 6750, 6768, 6872, 7568]
Iter#28888 New set #2 of size 40 (14444.0 its/hit = 12.000s/hit): seed=6079438801492963331 [304, 437, 454, 842, 916, 1017, 1280, 1372, 1562, 1812, 2320, 2519, 2611, 3078, 3148, 4045, 4231, 4332, 4386, 4564, 4583, 4653, 4744, 5049, 5246, 5421, 5496, 5616, 5798, 5820, 6141, 6192, 6194, 6226, 6582, 6790, 6792, 7534, 7722, 8174]
Iter#54777 New set #3 of size 40 (18259.0 its/hit = 15.333s/hit): seed=11445973210064365480 [173, 236, 517, 583, 617, 635, 746, 759, 928, 1069, 1113, 1152, 1228, 1536, 1642, 1735, 1830, 1958, 2223, 2821, 2831, 3541, 3795, 4032, 4228, 4416, 4819, 4832, 4971, 5855, 6329, 6639, 6649, 6651, 6735, 7292, 7647, 7892, 8096, 8118]
Iter#75769 New set #4 of size 40 (18942.2 its/hit = 16.000s/hit): seed=17658905657261432165 [14, 19, 85, 191, 247, 249, 815, 847, 885, 956, 1031, 1033, 1097, 1264, 1278, 1629, 1961, 2041, 2690, 2927, 3371, 3408, 3468, 3512, 3789, 4051, 4535, 4807, 4813, 5476, 5532, 5625, 6140, 6212, 6223, 7202, 7214, 7816, 8154, 8166]
Iter#85919 New set #5 of size 40 (17183.8 its/hit = 14.600s/hit): seed=17736818982169950586 [325, 465, 735, 918, 1254, 1256, 1304, 1904, 1941, 1976, 2167, 3202, 3411, 3426, 3978, 3987, 4030, 4375, 4447, 4530, 4737, 4802, 5210, 5215, 5218, 5617, 5735, 5759, 5773, 5776, 5875, 6062, 6125, 6200, 6335, 6440, 6876, 6909, 6951, 6956]
Iter#94445 New set #1 of size 41 (94445.0 its/hit = 80.000s/hit): seed=4192692398744694892 [286, 576, 607, 862, 914, 949, 1084, 1275, 1419, 1528, 1815, 1963, 1977, 2097, 2220, 2351, 2479, 2673, 2878, 2927, 3386, 3414, 3641, 3828, 3959, 4398, 4849, 4924, 5026, 5110, 5409, 5602, 5811, 6417, 6561, 7215, 7216, 7276, 7565, 7711, 7731]
Iter#271156 New set #2 of size 41 (135578.0 its/hit = 116.000s/hit): seed=14020393901178659754 [39, 91, 113, 163, 211, 417, 704, 819, 1429, 1456, 1700, 2071, 2565, 2807, 2906, 2941, 2974, 3763, 3774, 3938, 4335, 4692, 4905, 4960, 5003, 5036, 5322, 5360, 5554, 5877, 6353, 6359, 6390, 6551, 6723, 6976, 7170, 7222, 7399, 7969, 8050]
Iter#417245 New set #3 of size 41 (139081.7 its/hit = 119.000s/hit): seed=16979834590076051099 [161, 208, 262, 559, 686, 871, 1294, 1393, 1642, 1648, 1686, 1745, 2260, 2530, 2762, 2779, 2925, 2995, 3191, 3413, 3434, 3441, 5394, 5558, 5697, 5772, 5784, 6026, 6496, 6571, 6907, 6953, 6964, 6987, 7061, 7165, 7401, 7492, 7653, 8161, 8189]
Iter#522290 New set #4 of size 41 (130572.5 its/hit = 111.500s/hit): seed=9077190715671433811 [176, 746, 902, 1194, 1300, 1340, 1362, 1408, 1947, 2037, 2077, 2489, 2831, 3133, 3254, 3322, 3485, 3810, 3864, 4676, 4765, 4911, 4938, 5077, 5152, 5368, 5415, 5807, 6171, 6362, 6868, 6957, 6962, 7021, 7322, 7651, 7653, 7760, 7807, 7858, 7983]
Iter#578196 New set #5 of size 41 (115639.2 its/hit = 98.600s/hit): seed=2278678468350647188 [129, 229, 444, 830, 930, 989, 1044, 1087, 1162, 1368, 1531, 1681, 1698, 1822, 2074, 2137, 2517, 2533, 2858, 3015, 3074, 3835, 3911, 4091, 4456, 4739, 4789, 5076, 5352, 5436, 6514, 6552, 6831, 7212, 7255, 7391, 7409, 7508, 7588, 8069, 8073]
Iter#594965 New set #6 of size 41 (99160.8 its/hit = 84.667s/hit): seed=8391217761883126631 [447, 707, 1290, 1462, 1603, 1868, 2153, 2216, 2631, 2667, 2680, 2995, 3064, 3069, 3396, 3498, 3659, 3786, 3908, 4144, 4261, 4601, 4699, 4922, 5056, 5092, 5277, 5387, 5443, 5510, 5729, 6172, 6271, 6481, 6563, 6900, 7058, 7117, 7803, 7996, 7999]
Iter#625468 New set #7 of size 41 (89352.6 its/hit = 76.286s/hit): seed=14447827781237316745 [136, 543, 571, 581, 752, 867, 1195, 1291, 1300, 1350, 1368, 1505, 1664, 1734, 2086, 2240, 2311, 3167, 3215, 3471, 3545, 3676, 3796, 3798, 4946, 4980, 5062, 5116, 5542, 5790, 6283, 6331, 6424, 6762, 6829, 6842, 6849, 7464, 7584, 8089, 8114]
Iter#645658 New set #8 of size 41 (80707.2 its/hit = 68.875s/hit): seed=4478374506815633744 [164, 170, 343, 443, 1164, 1604, 1661, 1824, 1840, 1955, 2762, 2820, 3177, 3377, 3390, 3477, 4204, 4308, 4685, 5372, 5651, 5685, 5689, 5801, 5815, 5986, 6167, 6220, 6298, 6407, 6555, 6580, 6599, 6617, 6748, 6923, 6946, 6947, 7046, 7430, 7798]
Iter#666945 New set #9 of size 41 (74105.0 its/hit = 63.222s/hit): seed=10475137561748414647 [96, 123, 320, 930, 985, 997, 1000, 1055, 1070, 1261, 1372, 1616, 1850, 2000, 2020, 2163, 2561, 3180, 3202, 4282, 4320, 4571, 4832, 4956, 5021, 5279, 5348, 5554, 5685, 5949, 5955, 5958, 6403, 6875, 6925, 6926, 6959, 7496, 7899, 7984, 8022]
Iter#733056 New set #10 of size 41 (73305.6 its/hit = 62.600s/hit): seed=17037515662704098175 [82, 97, 139, 578, 590, 728, 1112, 1246, 1480, 1680, 1756, 1975, 2365, 2430, 2549, 3099, 3516, 3638, 4169, 4448, 4691, 4768, 4904, 5297, 5699, 5755, 5813, 5832, 6274, 6644, 6767, 7098, 7127, 7198, 7294, 7410, 7466, 7935, 7997, 8036, 8118]
Iter#2403117 New set #20 of size 41 (120155.9 its/hit = 102.750s/hit): seed=10135975435263948421 [106, 116, 148, 501, 659, 671, 700, 970, 1160, 1173, 1242, 1451, 1844, 2015, 2177, 2578, 3080, 3265, 4154, 4166, 4358, 4718, 5017, 5242, 5293, 5461, 5503, 5682, 6086, 6232, 6233, 6249, 6436, 6659, 6968, 7105, 7436, 7636, 7959, 8007, 8010]
Iter#3668897 New set #30 of size 41 (122296.6 its/hit = 104.767s/hit): seed=2258820313805718893 [2, 636, 907, 1002, 1019, 1175, 1335, 1495, 1502, 1575, 1577, 1579, 1684, 1803, 2329, 2382, 2553, 2555, 2786, 2919, 2968, 3175, 3261, 3664, 4048, 4050, 4111, 4610, 5207, 5234, 5432, 5486, 6025, 6304, 6989, 7016, 7059, 7531, 7775, 7824, 8071]
Iter#4236849 New set #40 of size 41 (105921.2 its/hit = 90.775s/hit): seed=11406527748598071499 [958, 1093, 1273, 1276, 1651, 2086, 2235, 2373, 2426, 2433, 2478, 2553, 2579, 3123, 3326, 3742, 4061, 4063, 4158, 4160, 4188, 4204, 4210, 4319, 4646, 4893, 4920, 5568, 5570, 5656, 5679, 5731, 5912, 6642, 6813, 7235, 7318, 7693, 7896, 8002, 8065]
Iter#4972335 New set #50 of size 41 (99446.7 its/hit = 85.280s/hit): seed=2828175670550571457 [247, 385, 387, 640, 1209, 1425, 1442, 1529, 1798, 1828, 1848, 2326, 2411, 2503, 3134, 3530, 3667, 3806, 4504, 4750, 4865, 5067, 5232, 5243, 5285, 5363, 5860, 5864, 6007, 6088, 6166, 6226, 6254, 6623, 6794, 6816, 6941, 6985, 7576, 7856, 7876]
Iter#5429651 New set #60 of size 41 (90494.2 its/hit = 77.617s/hit): seed=3216339668781078368 [89, 665, 704, 708, 861, 1083, 1238, 1419, 1483, 1854, 2328, 2347, 2414, 2418, 2427, 2543, 2575, 2994, 3051, 3287, 3649, 3754, 3793, 4236, 4862, 4960, 5077, 5638, 6008, 6066, 6311, 6499, 6539, 7080, 7357, 7520, 7773, 7827, 7972, 8006, 8024]
Iter#6487364 New set #70 of size 41 (92676.6 its/hit = 79.543s/hit): seed=10894068785010733484 [119, 206, 359, 562, 684, 824, 1012, 1203, 1323, 1759, 1879, 1935, 1980, 2339, 2436, 2450, 2458, 2645, 2672, 2746, 2878, 3069, 3247, 3293, 3651, 3931, 3962, 4313, 4417, 4450, 4617, 4635, 4725, 4957, 6085, 6475, 6940, 7114, 7143, 7205, 7804]
Iter#7098229 New set #80 of size 41 (88727.9 its/hit = 76.137s/hit): seed=16181230316252570901 [25, 41, 143, 210, 226, 580, 687, 717, 1049, 1079, 1541, 1610, 1943, 2317, 2324, 2455, 3199, 3352, 3474, 3479, 3573, 4379, 4517, 4641, 4794, 4935, 4972, 5064, 5396, 5583, 5606, 5757, 5775, 5782, 7592, 7605, 7775, 7888, 8066, 8091, 8188]
Iter#7795048 New set #90 of size 41 (86611.6 its/hit = 74.311s/hit): seed=18120434628326997228 [125, 786, 867, 1268, 1412, 2077, 2640, 2815, 2854, 2907, 3098, 3386, 3441, 3469, 3748, 4347, 4383, 4410, 4420, 4468, 4835, 4836, 4958, 4962, 5051, 5062, 5318, 5648, 5718, 6052, 6301, 6324, 6344, 6368, 6513, 6595, 7232, 7324, 7445, 7451, 8177]
