[*] Computing DDT
[+] DDT Computed
DDT took 1.3445998s
Iter#1 New set #1 of size 30 (1.0 its/hit = 0.000s/hit): seed=18120015789192171461 [2, 412, 1021, 1234, 1521, 2054, 2068, 2439, 2459, 2842, 3016, 3257, 3361, 3974, 4358, 5141, 5161, 5218, 5253, 5391, 5466, 5697, 5888, 6497, 6898, 7307, 7439, 7477, 7624, 7740]
Iter#2 New set #2 of size 30 (1.0 its/hit = 0.000s/hit): seed=1456422964685444596 [84, 520, 617, 692, 743, 935, 945, 965, 1383, 1422, 1668, 1769, 2178, 2271, 2916, 3862, 3955, 4133, 4679, 4964, 5196, 5347, 5473, 5579, 6043, 6295, 6577, 7308, 7849, 7898]
Iter#5 New set #3 of size 30 (1.7 its/hit = 0.000s/hit): seed=9202895379621526012 [633, 669, 711, 736, 987, 1504, 1887, 2539, 2733, 2824, 2908, 2948, 3192, 3287, 3517, 3586, 3864, 3961, 5376, 5483, 5612, 5964, 6007, 6470, 6512, 6592, 6973, 7469, 7752, 7990]
Iter#8 New set #4 of size 30 (2.0 its/hit = 0.000s/hit): seed=3025035694853311983 [26, 39, 280, 486, 588, 668, 1716, 1863, 1869, 1926, 2131, 2280, 2303, 2718, 3161, 3179, 3297, 4652, 5195, 5282, 5641, 6000, 6163, 6555, 6563, 6715, 7816, 8092, 8125, 8152]
Iter#9 New set #5 of size 30 (1.8 its/hit = 0.000s/hit): seed=13496137859398405939 [254, 583, 1036, 1362, 1529, 1690, 2099, 2231, 2567, 2974, 3179, 3421, 3852, 4048, 4504, 4639, 4910, 5072, 5641, 5705, 6359, 6794, 6875, 7121, 7294, 7627, 7636, 7651, 7946, 7966]
Iter#10 New set #1 of size 31 (10.0 its/hit = 0.000s/hit): seed=15496610154022617298 [336, 511, 810, 847, 994, 1250, 2055, 2063, 2460, 3247, 3371, 3816, 3904, 4017, 4731, 4750, 4938, 4968, 5791, 5905, 5996, 6243, 6557, 6802, 6849, 6853, 6993, 7176, 7667, 7815, 7885]
Iter#13 New set #2 of size 31 (6.5 its/hit = 0.000s/hit): seed=4575225013372457966 [159, 178, 283, 437, 854, 1027, 1408, 2368, 2607, 2888, 2933, 3255, 3476, 3519, 3676, 4010, 4041, 4117, 4172, 4174, 5170, 5339, 5496, 5540, 5633, 5747, 6079, 6981, 7390, 7977, 8150]
Iter#19 New set #3 of size 31 (6.3 its/hit = 0.000s/hit): seed=14256705433697568967 [172, 334, 366, 1142, 1213, 1470, 1933, 1944, 2138, 2820, 3130, 3247, 3890, 4365, 4468, 4839, 4973, 5019, 6327, 6352, 6387, 7079, 7113, 7152, 7479, 7486, 7572, 7868, 7916, 8003, 8071]
Iter#25 New set #4 of size 31 (6.2 its/hit = 0.000s/hit): seed=6460284783440011040 [295, 616, 783, 822, 851, 987, 1424, 1981, 1982, 2737, 3183, 3434, 3801, 4575, 5041, 5785, 5796, 5914, 6246, 6342, 6364, 6444, 6703, 6705, 6753, 7165, 7293, 7315, 7467, 8056, 8099]
Iter#39 New set #5 of size 31 (7.8 its/hit = 0.000s/hit): seed=11742118069369909900 [441, 588, 803, 896, 978, 1009, 1138, 1437, 1735, 1804, 2016, 2486, 2622, 2799, 2805, 2994, 3020, 3573, 4186, 4722, 4813, 6043, 6206, 6652, 6747, 6873, 6929, 7632, 7648, 8066, 8176]
Iter#43 New set #6 of size 31 (7.2 its/hit = 0.000s/hit): seed=5764443893059879048 [51, 77, 517, 620, 869, 1266, 1476, 1725, 2187, 2249, 2315, 2399, 2800, 3122, 4043, 4312, 5043, 5089, 5174, 5345, 5404, 5507, 6024, 6242, 6494, 7096, 7360, 7766, 7860, 8104, 8119]
Iter#44 New set #7 of size 31 (6.3 its/hit = 0.000s/hit): seed=7843070128911238639 [658, 731, 1103, 1264, 1280, 1330, 1695, 1769, 1901, 2674, 2971, 3189, 3214, 3591, 3680, 3708, 3748, 3760, 3911, 4343, 4471, 4576, 5220, 5563, 5653, 6209, 6909, 7384, 7635, 7817, 8189]
Iter#47 New set #8 of size 31 (5.9 its/hit = 0.000s/hit): seed=4191586427523853543 [716, 777, 1396, 1748, 1847, 2376, 3017, 3060, 3152, 3359, 3463, 3505, 3696, 3988, 4786, 5170, 5217, 5225, 5341, 5499, 5668, 5711, 5783, 6253, 6919, 7238, 7383, 7525, 7680, 7840, 8184]
Iter#50 New set #9 of size 31 (5.6 its/hit = 0.000s/hit): seed=8339684815688273656 [495, 823, 1157, 1360, 1800, 1919, 2132, 2591, 2842, 2894, 3106, 3852, 4066, 4295, 5169, 5280, 5465, 5702, 5709, 5823, 6013, 6026, 6054, 6922, 7077, 7228, 7432, 7769, 7923, 7936, 8089]
Iter#54 New set #10 of size 31 (5.4 its/hit = 0.000s/hit): seed=419378535891122622 [100, 272, 399, 444, 1401, 1862, 2054, 2417, 3101, 3247, 3623, 3735, 4935, 4950, 5263, 5297, 5312, 5862, 6051, 6094, 6432, 6656, 6761, 6855, 7133, 7429, 7447, 7572, 7778, 8026, 8040]
Iter#71 New set #1 of size 32 (71.0 its/hit = 0.000s/hit): seed=6728972437364982287 [152, 237, 350, 477, 1092, 1171, 2115, 2152, 2297, 2561, 3076, 3200, 3514, 3559, 3575, 3864, 3948, 4086, 4139, 4161, 5180, 5703, 5946, 6120, 6193, 6307, 6353, 6782, 7138, 7507, 7539, 7715]
Iter#122 New set #2 of size 32 (61.0 its/hit = 0.000s/hit): seed=16033534744624145818 [720, 757, 934, 1060, 1424, 1872, 1994, 2148, 2372, 2668, 2686, 2819, 2857, 2922, 2952, 3565, 3608, 3652, 3839, 4551, 4833, 5393, 5583, 6409, 6627, 6802, 7026, 7667, 7794, 8063, 8151, 8177]
Iter#123 New set #3 of size 32 (41.0 its/hit = 0.000s/hit): seed=10298927334106742618 [573, 853, 1154, 1495, 1564, 1582, 1616, 1804, 1883, 1953, 2753, 2938, 3496, 3763, 4000, 4441, 4786, 5270, 5341, 5619, 5655, 6114, 6183, 6202, 6226, 6722, 7003, 7018, 7143, 7190, 7580, 7735]
Iter#141 New set #4 of size 32 (35.2 its/hit = 0.000s/hit): seed=5250845060448422967 [57, 274, 686, 880, 1390, 1493, 1694, 2094, 2286, 2547, 2953, 3354, 3469, 3480, 3803, 3888, 4029, 4153, 4364, 4615, 4959, 5604, 6283, 6769, 6881, 6961, 6998, 7027, 7261, 7369, 7430, 7594]
Iter#142 New set #5 of size 32 (28.4 its/hit = 0.000s/hit): seed=5744413551959260592 [10, 658, 898, 1273, 1305, 1416, 2109, 2337, 3477, 3489, 3512, 3579, 3915, 4246, 4509, 4678, 4708, 4759, 4812, 5967, 6105, 6127, 6229, 6275, 6279, 6297, 6694, 7147, 7241, 7344, 7822, 8060]
Iter#153 New set #6 of size 32 (25.5 its/hit = 0.000s/hit): seed=9523441082617011902 [135, 242, 805, 809, 1143, 1149, 1992, 2042, 2190, 2794, 3142, 3926, 3982, 4644, 5033, 5053, 5068, 5405, 5495, 5603, 6320, 6380, 6435, 6773, 6880, 7017, 7299, 7422, 7439, 7577, 8002, 8095]
Iter#337 New set #1 of size 33 (337.0 its/hit = 0.000s/hit): seed=4234513210197170949 [92, 442, 700, 907, 1642, 1823, 1941, 2010, 2427, 2463, 2536, 2542, 2692, 3307, 3389, 3559, 3652, 3676, 3763, 4051, 4067, 4131, 4171, 4463, 5251, 5394, 5598, 5616, 6035, 6192, 6397, 6911, 7010]
Iter#397 New set #1 of size 34 (397.0 its/hit = 0.000s/hit): seed=18288581616923823057 [113, 165, 185, 578, 698, 1038, 1534, 2064, 2587, 2966, 3138, 3153, 3574, 3689, 3736, 4040, 4048, 4058, 4066, 4107, 4376, 4490, 4794, 5032, 5201, 5364, 5587, 5603, 6317, 6322, 6896, 7428, 7488, 7926]
Iter#457 New set #2 of size 34 (228.5 its/hit = 0.000s/hit): seed=2875095603114338586 [925, 1361, 1400, 1833, 1974, 2051, 2096, 2434, 2440, 2549, 2684, 2848, 3040, 3452, 4233, 4296, 4370, 4555, 4656, 5126, 5286, 5478, 5518, 5693, 5901, 5991, 6080, 6132, 6207, 6565, 6612, 7392, 7419, 8026]
Iter#1930 New set #3 of size 34 (643.3 its/hit = 0.333s/hit): seed=723683058342736542 [110, 263, 327, 1156, 1233, 1373, 1414, 2027, 2151, 2349, 2506, 2561, 2949, 3056, 3064, 3436, 3518, 3578, 3742, 3763, 3847, 4404, 4492, 4616, 4827, 5542, 5968, 6575, 7076, 7196, 7230, 7604, 7620, 7891]
Iter#2892 New set #4 of size 34 (723.0 its/hit = 0.500s/hit): seed=8953077597419667723 [383, 467, 544, 628, 733, 1318, 1623, 1828, 1973, 2084, 2270, 2412, 2725, 3028, 3319, 3576, 4791, 4946, 4980, 5008, 5647, 5783, 5873, 5952, 6022, 6066, 6560, 6646, 6961, 6995, 7097, 7099, 7795, 8108]
Iter#4225 New set #5 of size 34 (845.0 its/hit = 0.800s/hit): seed=13219261228578230700 [614, 984, 1157, 1351, 1567, 1781, 2221, 2290, 2531, 3004, 3218, 3320, 4325, 4353, 4433, 4821, 5202, 5268, 5402, 5757, 5786, 5893, 6139, 6165, 6765, 6770, 6841, 6856, 6913, 6979, 7174, 7347, 7519, 7642]
Iter#4287 New set #6 of size 34 (714.5 its/hit = 0.667s/hit): seed=3176171572697485703 [80, 823, 1159, 1375, 1423, 2030, 2049, 2188, 2583, 2609, 3066, 3263, 3372, 3802, 3827, 3832, 4305, 4316, 4411, 4472, 4729, 4956, 5181, 6127, 6152, 6437, 7311, 7667, 7726, 7743, 7781, 7972, 8100, 8122]
Iter#5872 New set #7 of size 34 (838.9 its/hit = 0.714s/hit): seed=5610930669189726331 [254, 364, 525, 588, 630, 1594, 1610, 1645, 1856, 2438, 2801, 2970, 3308, 3379, 3822, 4089, 4369, 4388, 4582, 4660, 4853, 5005, 5593, 5649, 6057, 6149, 6634, 6738, 6772, 7295, 7607, 7745, 7919, 8188]
Iter#5989 New set #1 of size 35 (5989.0 its/hit = 6.000s/hit): seed=11268903262879761913 [2, 63, 271, 460, 549, 577, 722, 817, 945, 1436, 1647, 1709, 1807, 1976, 2034, 2042, 2159, 2880, 3355, 3466, 3810, 3951, 4435, 4791, 5025, 5488, 5765, 5777, 5787, 6190, 6329, 6619, 7283, 7952, 8046]
Iter#6069 New set #2 of size 35 (3034.5 its/hit = 3.000s/hit): seed=3654157593538858911 [94, 557, 719, 811, 1035, 1113, 1355, 1632, 1682, 1779, 1825, 2447, 2579, 3052, 3271, 3332, 3532, 3779, 4000, 4226, 4334, 4375, 4782, 5128, 5263, 5290, 5395, 5874, 5915, 5945, 6031, 6410, 6959, 7013, 7637]
Iter#8692 New set #3 of size 35 (2897.3 its/hit = 2.667s/hit): seed=17034214583020670389 [3, 145, 572, 649, 821, 1028, 1307, 1405, 1495, 2295, 2848, 2908, 3042, 3118, 3148, 3241, 3315, 3405, 4004, 4051, 4454, 4587, 5526, 6267, 6394, 6442, 6466, 6949, 7058, 7209, 7222, 7441, 7659, 7924, 7991]
Iter#9737 New set #4 of size 35 (2434.2 its/hit = 2.250s/hit): seed=8543909521898837399 [506, 634, 701, 835, 1130, 1218, 1320, 1425, 1570, 1590, 1699, 1860, 1863, 2449, 2732, 2816, 2829, 3044, 3707, 4068, 4117, 4176, 4254, 4787, 4829, 5054, 5267, 5290, 5436, 6019, 6140, 7057, 7123, 7441, 7945]
Iter#10625 New set #5 of size 35 (2125.0 its/hit = 2.000s/hit): seed=14214627444823434386 [1, 252, 400, 438, 605, 860, 895, 1015, 2233, 2624, 3017, 3123, 3294, 3388, 4336, 4350, 4422, 5354, 5376, 5432, 5961, 6625, 6634, 6738, 6755, 6942, 6960, 7070, 7128, 7306, 7786, 7788, 7996, 8049, 8121]
Iter#11518 New set #6 of size 35 (1919.7 its/hit = 1.833s/hit): seed=16343253679277707149 [210, 991, 1224, 1465, 1905, 2069, 2464, 2846, 2933, 2950, 2996, 3406, 3494, 3515, 3574, 3921, 3936, 3958, 4094, 4734, 4909, 5307, 5319, 5369, 5685, 6020, 6116, 6299, 6524, 7141, 7433, 7631, 7709, 7905, 7979]
Iter#13481 New set #1 of size 36 (13481.0 its/hit = 13.000s/hit): seed=465463927064166465 [191, 205, 229, 245, 587, 645, 1255, 1319, 1491, 1771, 1782, 1942, 2142, 2319, 2403, 2626, 2801, 3014, 3108, 3132, 3297, 4009, 4132, 4361, 4921, 4933, 4976, 5066, 5118, 5595, 6209, 6652, 6708, 6971, 7339, 7379]
Iter#28555 New set #2 of size 36 (14277.5 its/hit = 14.500s/hit): seed=5991461096329126069 [195, 241, 460, 1091, 1268, 1355, 1813, 1840, 1908, 2082, 2770, 2857, 3426, 3509, 3739, 3790, 3792, 3837, 3991, 4010, 4162, 4339, 4758, 4880, 5103, 5192, 5278, 5823, 5993, 6182, 6768, 7224, 7237, 7358, 7900, 8107]
Iter#55702 New set #3 of size 36 (18567.3 its/hit = 18.667s/hit): seed=16147813388518452501 [199, 606, 758, 983, 1321, 1564, 1612, 1974, 2539, 2962, 3207, 3328, 3687, 3710, 3866, 4615, 4909, 4937, 5134, 5174, 5188, 5297, 5342, 5455, 5514, 5647, 6177, 6188, 6732, 6877, 7066, 7515, 7645, 7773, 8087, 8170]
Iter#80155 New set #4 of size 36 (20038.8 its/hit = 20.250s/hit): seed=12389878810713728004 [529, 807, 1262, 1476, 1759, 1771, 2572, 2615, 2708, 3089, 3138, 3332, 3676, 3721, 3927, 4079, 4125, 4520, 4558, 4917, 4958, 4989, 5048, 5379, 5509, 5532, 6065, 6130, 6311, 6469, 6497, 6783, 7129, 7139, 7343, 8052]
Iter#96350 New set #5 of size 36 (19270.0 its/hit = 19.600s/hit): seed=4392758869520820699 [70, 202, 327, 361, 550, 569, 1062, 1149, 1366, 1447, 1635, 1645, 1719, 1807, 2396, 2537, 3046, 3076, 3117, 4335, 4348, 4392, 4550, 4767, 5172, 5652, 5706, 5873, 6103, 6954, 7060, 7315, 7401, 7402, 7613, 7926]
Iter#104252 New set #6 of size 36 (17375.3 its/hit = 17.667s/hit): seed=15336119587405709687 [63, 897, 922, 947, 960, 1109, 1132, 1565, 1642, 1931, 2006, 2021, 2286, 2433, 2569, 2579, 2614, 2646, 2851, 3026, 3659, 5815, 6493, 6531, 6645, 6755, 7031, 7040, 7131, 7397, 7448, 7476, 7747, 7847, 7875, 7940]
Iter#111489 New set #7 of size 36 (15927.0 its/hit = 16.286s/hit): seed=17789236955677775820 [273, 401, 501, 818, 907, 909, 1046, 1567, 1720, 1925, 2711, 3073, 3758, 3765, 3898, 3907, 4607, 4638, 4665, 4839, 5188, 5398, 5512, 5725, 5749, 6189, 6915, 7047, 7290, 7302, 7378, 7524, 7638, 7765, 7885, 8038]
Iter#127315 New set #8 of size 36 (15914.4 its/hit = 16.250s/hit): seed=17613989597015846606 [516, 518, 923, 1058, 1278, 1289, 1731, 2104, 2158, 2162, 2220, 2286, 2691, 2938, 3131, 3209, 3504, 4200, 4304, 4460, 4744, 4973, 5535, 5555, 5599, 5622, 5809, 6342, 6565, 6825, 6875, 7231, 7408, 7937, 7955, 8090]
Iter#135943 New set #9 of size 36 (15104.8 its/hit = 15.444s/hit): seed=15605678504952793879 [84, 375, 638, 698, 810, 913, 1057, 1169, 1305, 1593, 1646, 1682, 2025, 2410, 2443, 2621, 2652, 3041, 3953, 4056, 4120, 4234, 4349, 4535, 4539, 5081, 5138, 5205, 5604, 5816, 6895, 6998, 7659, 7702, 7769, 7770]
Iter#143884 New set #10 of size 36 (14388.4 its/hit = 14.700s/hit): seed=6245531634661525862 [376, 763, 774, 1244, 1411, 1507, 1508, 1895, 2040, 2205, 2340, 2487, 2608, 2856, 3175, 3524, 3981, 4611, 5161, 5234, 5291, 5498, 5879, 6494, 6726, 6896, 6917, 7153, 7317, 7423, 7564, 7860, 7935, 8014, 8112, 8131]
Iter#264285 New set #1 of size 37 (264285.0 its/hit = 272.000s/hit): seed=4610036138593569904 [13, 378, 493, 511, 537, 578, 648, 959, 1193, 1257, 1670, 1891, 2184, 2194, 3041, 3170, 3288, 3320, 3373, 3564, 4007, 4059, 4411, 4510, 4822, 5141, 5230, 5292, 5887, 5948, 5983, 6033, 6263, 6789, 7184, 7368, 8004]
Iter#421608 New set #2 of size 37 (210804.0 its/hit = 218.000s/hit): seed=12663877639493765745 [98, 123, 647, 1079, 1761, 2073, 2109, 2150, 2198, 2250, 2406, 2435, 2533, 2551, 2584, 3219, 3316, 3375, 3954, 4234, 4356, 4357, 4437, 5058, 5578, 5701, 5846, 5947, 6044, 6450, 6878, 7046, 7306, 7778, 7839, 7998, 8108]
Iter#428836 New set #1 of size 38 (428836.0 its/hit = 443.000s/hit): seed=14586073645215533430 [16, 223, 472, 592, 825, 937, 971, 1116, 1156, 1664, 1851, 2245, 2383, 2387, 2745, 3103, 3269, 3513, 3740, 3968, 4017, 4277, 4790, 5049, 5255, 5298, 5663, 5688, 5738, 6252, 7141, 7329, 7379, 7395, 7497, 7585, 7738, 8015]
Iter#630128 New set #1 of size 39 (630128.0 its/hit = 652.000s/hit): seed=11263954250854440905 [130, 444, 700, 1289, 1380, 1387, 1466, 1826, 2384, 2412, 2732, 3206, 3288, 3505, 3683, 3873, 3877, 4104, 4535, 5205, 5489, 5605, 5908, 6144, 6584, 6652, 6696, 6938, 7094, 7236, 7259, 7308, 7367, 7729, 7815, 7864, 7948, 8020, 8168]
Iter#1601500 New set #1 of size 40 (1601500.0 its/hit = 1663.000s/hit): seed=12735071936198843362 [192, 522, 640, 701, 704, 898, 901, 926, 1148, 1840, 2133, 2167, 2566, 2705, 3387, 3474, 3510, 3564, 3609, 3633, 4130, 4252, 4903, 4942, 4986, 5203, 5425, 5474, 5512, 5867, 6427, 6474, 6990, 7274, 7531, 7597, 7685, 7780, 8052, 8121]
Iter#2767028 New set #2 of size 40 (1383514.0 its/hit = 1445.000s/hit): seed=16682692964659709673 [90, 810, 1095, 1358, 1713, 1727, 1929, 2030, 2336, 2805, 3406, 3420, 3490, 3528, 3673, 4059, 4535, 4585, 4858, 4933, 5128, 5322, 5412, 5447, 5521, 5563, 5567, 5861, 5888, 6222, 7160, 7225, 7476, 7483, 7491, 7557, 7582, 7630, 7679, 8191]
Iter#3898244 New set #3 of size 40 (1299414.6 its/hit = 1360.000s/hit): seed=17663837331850345831 [130, 712, 797, 1062, 1234, 1639, 1694, 1998, 2424, 2581, 2882, 2925, 3196, 3384, 3473, 3708, 3795, 4159, 4179, 4465, 4526, 4727, 5023, 5034, 5129, 5151, 5241, 5267, 5556, 5921, 5933, 6269, 6534, 6556, 6797, 7155, 7893, 7912, 8074, 8116]
Iter#3979241 New set #1 of size 42 (3979241.0 its/hit = 4166.000s/hit): seed=12437661370437153754 [0, 211, 228, 254, 277, 419, 725, 1681, 1695, 1821, 1849, 2109, 2371, 2787, 3210, 3499, 3524, 3544, 3877, 3988, 4099, 4108, 4124, 4180, 4281, 4339, 4636, 5172, 5277, 5281, 5948, 5976, 6045, 6379, 6474, 6989, 7045, 7184, 7569, 7754, 7758, 7829]
