[*] Computing DDT
[+] DDT Computed
DDT took 5.773386657s
Iter#1 New set #1 of size 38 (1.0 its/hit = 0.000s/hit): seed=6324810115050704928 [1122, 2285, 2327, 3157, 3195, 3732, 3980, 4003, 4337, 5843, 6382, 6938, 7130, 7308, 7330, 7937, 8010, 8210, 8516, 9579, 10506, 10993, 11006, 11128, 11626, 11648, 11753, 12058, 12788, 13066, 13206, 13356, 14324, 14594, 14907, 14938, 16296, 16345]
Iter#6 New set #2 of size 38 (3.0 its/hit = 0.000s/hit): seed=14704522358307273148 [398, 1059, 1672, 1839, 2260, 3074, 3426, 4018, 4091, 4422, 4643, 5244, 6074, 6369, 7602, 9058, 9462, 11064, 11221, 11803, 11886, 11999, 12133, 12426, 12708, 12917, 13724, 13963, 14115, 14159, 14388, 14704, 15262, 15361, 15604, 15632, 15849, 15967]
Iter#7 New set #3 of size 38 (2.3 its/hit = 0.000s/hit): seed=842329445732699754 [34, 356, 1098, 1579, 2617, 3449, 3716, 4789, 5507, 5764, 5928, 5972, 6696, 7357, 8449, 8521, 8611, 8955, 9033, 9413, 9910, 10524, 10608, 10653, 11563, 12005, 12276, 12375, 12461, 12934, 13093, 13299, 13773, 14645, 14842, 15009, 15687, 16372]
Iter#12 New set #1 of size 40 (12.0 its/hit = 0.000s/hit): seed=8602868395085264824 [7, 281, 287, 644, 1486, 1608, 2408, 3016, 3954, 4455, 4597, 5380, 5847, 5914, 6210, 6411, 7229, 7363, 7458, 7595, 7947, 8127, 8500, 8510, 9420, 9730, 10013, 10326, 10734, 11432, 12288, 12689, 12761, 13540, 14313, 14911, 15136, 16001, 16019, 16327]
Iter#17 New set #2 of size 40 (8.5 its/hit = 0.000s/hit): seed=7558725750283627226 [159, 1348, 1499, 1695, 2538, 2793, 2961, 4367, 4612, 4647, 5661, 6113, 6643, 6840, 6933, 7124, 7363, 7412, 8140, 8187, 8745, 9631, 9950, 10180, 10591, 11319, 11517, 11650, 12483, 12657, 12782, 13227, 13310, 13365, 13482, 14890, 14948, 15527, 15720, 15847]
Iter#30 New set #3 of size 40 (10.0 its/hit = 0.000s/hit): seed=11508586133309199449 [468, 941, 1107, 1446, 1691, 1923, 2226, 3404, 3438, 3972, 4375, 4493, 5322, 6268, 6895, 7284, 7361, 8486, 8823, 8861, 9298, 9612, 9630, 9650, 9830, 10173, 10344, 11191, 11839, 12091, 12404, 13306, 13848, 14245, 15142, 15305, 15698, 16054, 16206, 16368]
Iter#162 New set #4 of size 40 (40.5 its/hit = 0.000s/hit): seed=15394834609074521037 [238, 428, 653, 1026, 1277, 1288, 2617, 4309, 4345, 4361, 4874, 4958, 5041, 5483, 5780, 6075, 6118, 6627, 6691, 6779, 8044, 8421, 8589, 9519, 9778, 9799, 10563, 11231, 11449, 11828, 12460, 12684, 13009, 13115, 14505, 14802, 15050, 15199, 15484, 15849]
Iter#178 New set #5 of size 40 (35.6 its/hit = 0.000s/hit): seed=11250896332532137511 [434, 495, 764, 846, 955, 998, 1716, 1803, 1974, 1996, 2017, 2122, 2198, 2264, 3267, 3515, 3584, 3645, 5207, 6974, 8311, 9086, 9445, 9567, 10777, 11593, 11945, 12797, 13166, 13418, 13599, 13784, 13974, 13988, 14116, 14426, 14500, 14818, 15135, 15763]
Iter#206 New set #1 of size 41 (206.0 its/hit = 0.000s/hit): seed=10430815693312506808 [331, 676, 935, 952, 1518, 2075, 3558, 3605, 3661, 3906, 4575, 4935, 4987, 5307, 5355, 6822, 7135, 7225, 7421, 7504, 7837, 7920, 8304, 8336, 8575, 8613, 9046, 9231, 9576, 9778, 10727, 11969, 12264, 13646, 13880, 15046, 15107, 15547, 15615, 16014, 16322]
Iter#450 New set #2 of size 41 (225.0 its/hit = 0.000s/hit): seed=6308133242278077526 [522, 1225, 1230, 1879, 2018, 2128, 3574, 3705, 4899, 5656, 5670, 6203, 6330, 6748, 6840, 7284, 7678, 7938, 8006, 8376, 8801, 9675, 9690, 9819, 10119, 10299, 11067, 11144, 11168, 11509, 11657, 11887, 11905, 12390, 12399, 12417, 13391, 14173, 15271, 15332, 16292]
Iter#464 New set #3 of size 41 (154.7 its/hit = 0.000s/hit): seed=6962687480216108788 [269, 1201, 1336, 1447, 1651, 1784, 1969, 2598, 2620, 2865, 3384, 3735, 3787, 3822, 5119, 5449, 5486, 5794, 5976, 5982, 7581, 7780, 8009, 8352, 8621, 9078, 9387, 10768, 10908, 11153, 11575, 11948, 12855, 12991, 13958, 14353, 14363, 14488, 15057, 15520, 15935]
Iter#543 New set #4 of size 41 (135.8 its/hit = 0.250s/hit): seed=9401092886974298820 [580, 2080, 2440, 2475, 2485, 2606, 2789, 3064, 4100, 5230, 5421, 5972, 6159, 7274, 7284, 7546, 7654, 8197, 8987, 9781, 10283, 10637, 10716, 10928, 11091, 11291, 11444, 11690, 12476, 12641, 12766, 13143, 13419, 13514, 13756, 14117, 15183, 15668, 15843, 15892, 16021]
Iter#547 New set #5 of size 41 (109.4 its/hit = 0.200s/hit): seed=1442185277397610250 [95, 651, 751, 768, 1327, 1417, 1811, 2106, 2131, 2511, 2899, 3409, 3945, 4342, 4796, 6113, 6315, 8095, 8650, 9162, 9233, 9363, 9858, 10131, 10512, 10624, 10731, 10908, 10967, 11354, 11456, 12187, 12224, 13118, 13289, 13734, 13866, 13940, 14535, 14621, 15138]
Iter#550 New set #6 of size 41 (91.7 its/hit = 0.167s/hit): seed=13549306186554446421 [553, 948, 1577, 2367, 2627, 2699, 3393, 4268, 5765, 6128, 6447, 6532, 7203, 8046, 8138, 8272, 8584, 8747, 8764, 8914, 9563, 9658, 10331, 10399, 10423, 10774, 10942, 10974, 11011, 11153, 11890, 12170, 12857, 13764, 13895, 14116, 14494, 14583, 16094, 16261, 16362]
Iter#948 New set #7 of size 41 (135.4 its/hit = 0.143s/hit): seed=8404968970600087577 [135, 212, 666, 1176, 1711, 1737, 2481, 2637, 2901, 4313, 4326, 5303, 5643, 6040, 6329, 6500, 6505, 6635, 7091, 7615, 8109, 8428, 9663, 9949, 10919, 11111, 11374, 11860, 12010, 13157, 13251, 13332, 13578, 13657, 13674, 13853, 13933, 14033, 15074, 15339, 15884]
Iter#1014 New set #8 of size 41 (126.8 its/hit = 0.250s/hit): seed=13773302673265098112 [484, 803, 1407, 1764, 1848, 1941, 1957, 2056, 2063, 2600, 2815, 3194, 3739, 4132, 6025, 6271, 6977, 7004, 7013, 7396, 7494, 7842, 8158, 8895, 8920, 9498, 10241, 10253, 11042, 11852, 12195, 12414, 12556, 13149, 13216, 13773, 13849, 14846, 15963, 15997, 16050]
Iter#1133 New set #9 of size 41 (125.9 its/hit = 0.222s/hit): seed=12186698980118151116 [390, 553, 699, 1341, 1355, 1594, 1821, 2358, 2573, 4991, 5341, 6191, 6370, 6500, 7081, 7659, 8062, 8069, 8407, 8412, 8499, 8908, 8932, 8936, 9070, 9636, 10836, 11410, 12482, 12665, 14044, 14186, 14366, 14415, 14536, 14858, 14912, 15078, 15244, 15362, 16179]
Iter#1136 New set #10 of size 41 (113.6 its/hit = 0.200s/hit): seed=7797034197371334028 [1114, 1518, 1818, 2067, 2371, 2641, 3353, 3453, 3772, 3807, 4513, 4641, 5019, 5313, 5755, 5824, 6066, 7010, 7157, 7910, 7992, 8936, 9031, 9185, 9774, 9805, 9930, 10123, 10715, 11070, 11191, 11541, 12152, 12337, 13238, 13649, 13972, 14223, 14354, 14380, 15822]
Iter#1414 New set #1 of size 42 (1414.0 its/hit = 2.000s/hit): seed=428539907998024627 [604, 676, 1355, 2342, 2352, 2396, 2542, 3295, 3466, 3764, 4059, 4258, 6072, 6103, 6931, 7015, 7464, 8449, 8515, 8734, 9157, 9424, 9953, 10255, 10455, 10592, 10988, 11115, 11307, 11510, 11806, 12024, 12662, 13160, 13891, 14572, 14812, 15305, 15389, 15963, 16179, 16311]
Iter#2755 New set #2 of size 42 (1377.5 its/hit = 2.500s/hit): seed=5905635652484759473 [336, 380, 596, 1061, 1397, 2829, 3588, 4437, 4764, 5377, 6044, 6545, 6988, 7044, 7189, 7550, 8354, 8479, 8811, 9551, 9712, 9725, 10307, 10343, 10515, 10970, 11366, 11574, 11724, 11842, 12126, 12143, 12327, 13223, 13478, 14291, 14609, 14632, 14837, 15582, 15883, 15998]
Iter#4243 New set #1 of size 43 (4243.0 its/hit = 8.000s/hit): seed=13106589910566036636 [164, 903, 2569, 2668, 2760, 2819, 2843, 3067, 4001, 4952, 5127, 5310, 5316, 6089, 6865, 7078, 7123, 7399, 7660, 7913, 8278, 8970, 9087, 9179, 9739, 10402, 10437, 10515, 10679, 11004, 11241, 12042, 12279, 12568, 12601, 12810, 12901, 13021, 13257, 13393, 13646, 15344, 15396]
Iter#5812 New set #2 of size 43 (2906.0 its/hit = 5.500s/hit): seed=3214444107549796853 [0, 257, 1819, 2216, 2323, 2476, 2967, 3344, 4644, 5717, 5731, 5739, 6084, 6260, 6967, 7148, 7159, 7998, 8135, 8584, 8798, 9160, 9541, 9718, 9977, 10182, 10210, 10279, 11158, 11283, 11416, 11614, 12326, 12836, 13093, 13192, 13259, 13739, 14308, 14367, 14791, 15811, 16306]
Iter#7073 New set #1 of size 44 (7073.0 its/hit = 14.000s/hit): seed=15126265502775783568 [170, 460, 753, 1182, 1449, 1516, 1669, 2252, 3429, 3636, 4691, 4737, 4920, 6083, 6138, 6179, 6357, 6739, 6815, 7243, 7631, 7990, 8704, 9332, 9881, 10181, 10215, 10650, 11229, 11524, 11554, 11825, 11983, 12221, 12623, 12804, 12947, 13016, 13133, 13310, 13328, 13777, 13842, 16146]
Iter#9390 New set #2 of size 44 (4695.0 its/hit = 9.500s/hit): seed=15990361303661112126 [486, 513, 629, 844, 1299, 1908, 2334, 3798, 4355, 4687, 4709, 4846, 5026, 5076, 5334, 5728, 5799, 6756, 8196, 8550, 9032, 9109, 9119, 9185, 9451, 9838, 10166, 10812, 10948, 11308, 12000, 12192, 12349, 12551, 12621, 12701, 12875, 13454, 13630, 13697, 14153, 14911, 15009, 15678]
Iter#9943 New set #1 of size 45 (9943.0 its/hit = 20.000s/hit): seed=2450253006467009821 [259, 461, 1026, 1191, 1395, 2255, 2615, 2856, 3456, 3882, 3910, 4153, 4206, 4962, 5649, 6015, 6184, 6443, 7404, 8043, 8112, 8320, 8390, 9087, 9299, 9639, 9715, 10304, 11184, 11385, 11642, 11934, 13282, 13300, 13312, 13393, 13650, 13925, 13969, 14010, 14866, 15362, 15384, 15567, 15981]
Iter#15025 New set #1 of size 49 (15025.0 its/hit = 30.000s/hit): seed=16214481803243492370 [0, 306, 318, 451, 1057, 1494, 1998, 2603, 3077, 3204, 4203, 5213, 5496, 5803, 5846, 6232, 6611, 6666, 7524, 8533, 8968, 9081, 9196, 9421, 9607, 9903, 10393, 10586, 11052, 11436, 11729, 11750, 12582, 12725, 12849, 13155, 14362, 14497, 14563, 14613, 14731, 14751, 14855, 14911, 15089, 15152, 15299, 15668, 15941]
Iter#84115 New set #2 of size 49 (42057.5 its/hit = 87.000s/hit): seed=12941808792545207285 [0, 230, 260, 265, 535, 1173, 1920, 2257, 2712, 2884, 3140, 3248, 3297, 3627, 3874, 3912, 4251, 5119, 5367, 5417, 5557, 5583, 5750, 6854, 7465, 7663, 8147, 8171, 8184, 8205, 9522, 9692, 9727, 9791, 10125, 10691, 11424, 11963, 12812, 12953, 13213, 14029, 14106, 14423, 14903, 15126, 15478, 15746, 16109]
Iter#102274 New set #3 of size 49 (34091.3 its/hit = 70.667s/hit): seed=2933461957106497020 [0, 163, 784, 1512, 1558, 1889, 2028, 2817, 2915, 3163, 3168, 3293, 4056, 4862, 4907, 5029, 5110, 5437, 5826, 5910, 7001, 7083, 8072, 8467, 8607, 9916, 9943, 10304, 11004, 11010, 11765, 11816, 11893, 11979, 12005, 12509, 12978, 13601, 13699, 13821, 14100, 14129, 14263, 14280, 14624, 15808, 15824, 15845, 16105]
Iter#129305 New set #4 of size 49 (32326.2 its/hit = 67.250s/hit): seed=17557360805318816564 [0, 291, 314, 1225, 1738, 1782, 1996, 2144, 2582, 2596, 3080, 3292, 3373, 3650, 3780, 3945, 4072, 4197, 4381, 4575, 5477, 5491, 5501, 5588, 5930, 6238, 6638, 6873, 6915, 7719, 7862, 8657, 9479, 9585, 9710, 10171, 10323, 10726, 11285, 12300, 12533, 13401, 13492, 14028, 15057, 15417, 15518, 15805, 15876]
Iter#129476 New set #5 of size 49 (25895.2 its/hit = 53.800s/hit): seed=11399506347006432189 [0, 25, 378, 662, 892, 1457, 1870, 2430, 2531, 2699, 2894, 3210, 3260, 3385, 3898, 4350, 4501, 4995, 5162, 5953, 6294, 6520, 6852, 7284, 7866, 8380, 9442, 9451, 9617, 9844, 9869, 10324, 10505, 11715, 12092, 12588, 13261, 13409, 14215, 14333, 14370, 15179, 15186, 15647, 15653, 15961, 15972, 16041, 16236]
Iter#148106 New set #6 of size 49 (24684.3 its/hit = 51.333s/hit): seed=8043155062028122933 [0, 25, 1592, 1928, 2498, 2575, 2959, 3063, 3490, 4560, 4762, 4851, 5119, 5567, 6295, 6373, 6619, 7042, 7178, 7282, 7711, 8000, 8163, 8456, 9498, 9522, 9852, 10559, 10912, 10929, 11007, 11201, 11983, 12392, 12687, 13142, 14029, 14120, 14222, 14419, 14762, 15109, 15179, 15186, 15269, 15527, 15745, 16025, 16142]
Iter#173558 New set #7 of size 49 (24794.0 its/hit = 51.714s/hit): seed=10383604298489835432 [0, 179, 964, 1245, 1753, 2219, 2693, 2876, 3503, 3521, 3589, 3655, 3840, 3940, 4019, 4569, 4584, 4616, 4900, 6137, 6234, 6466, 6480, 7172, 8094, 8644, 8790, 8960, 9569, 9628, 9901, 10368, 10549, 11040, 11364, 11371, 11722, 12827, 12854, 13178, 13223, 13551, 14491, 14494, 14557, 14984, 15017, 15124, 15564]
Iter#178201 New set #8 of size 49 (22275.1 its/hit = 46.500s/hit): seed=10423356777781563190 [0, 49, 587, 1059, 1232, 1640, 2231, 2482, 2488, 2983, 3737, 3935, 4165, 4239, 5117, 5284, 5405, 5864, 5949, 6455, 6583, 6714, 6735, 7328, 7455, 7836, 8074, 8796, 8940, 9040, 9066, 10831, 11863, 11935, 12154, 12224, 12625, 12655, 13128, 13274, 13978, 13995, 14321, 14324, 14438, 15048, 15862, 16261, 16328]
Iter#196774 New set #9 of size 49 (21863.8 its/hit = 45.556s/hit): seed=1673046434425509508 [0, 230, 1712, 1857, 1889, 1962, 2432, 2817, 3062, 3153, 3168, 3212, 3324, 3511, 3651, 4501, 4566, 4754, 4934, 5397, 5417, 5432, 5583, 6823, 7514, 7907, 8143, 8634, 8653, 9011, 9596, 9603, 9712, 10443, 10560, 10860, 11376, 12092, 12174, 12746, 13731, 14093, 14854, 15078, 15133, 15345, 15771, 15783, 16041]
Iter#199847 New set #10 of size 49 (19984.7 its/hit = 41.700s/hit): seed=907622282772134901 [0, 627, 642, 1123, 1522, 2405, 2940, 3795, 4037, 4224, 4430, 5020, 5624, 5873, 6059, 6634, 6862, 7164, 7614, 7712, 8093, 8290, 8324, 8492, 8710, 8874, 8933, 9231, 9433, 9551, 9788, 10555, 10617, 10865, 11210, 11465, 11937, 12366, 12417, 12435, 12479, 12636, 13103, 13332, 14149, 14162, 14281, 14635, 15234]
Iter#217689 New set #1 of size 52 (217689.0 its/hit = 454.000s/hit): seed=3697851252505489285 [0, 477, 1163, 1343, 2508, 2575, 3257, 3399, 4213, 4521, 4916, 5523, 5879, 5939, 6202, 6442, 6779, 6879, 7018, 7640, 7718, 7804, 8698, 8869, 9163, 9232, 9450, 9856, 10316, 10513, 11474, 11535, 11581, 12126, 12136, 12175, 12621, 12713, 13314, 13426, 13628, 13716, 13718, 13753, 14069, 14189, 14222, 14306, 14784, 15466, 15745, 16017]
Iter#279096 New set #2 of size 52 (139548.0 its/hit = 291.000s/hit): seed=8013801815493321204 [0, 603, 781, 1123, 1227, 1731, 2219, 2547, 2578, 3017, 3300, 3428, 3888, 3928, 4812, 5138, 5479, 5599, 5868, 6099, 7271, 7854, 8475, 8492, 8593, 9551, 9569, 10100, 10212, 10284, 10462, 10473, 10923, 11236, 11662, 11722, 11753, 11872, 12552, 12943, 13237, 13271, 13497, 13816, 13890, 14417, 14492, 14493, 14843, 15508, 16079, 16209]
Iter#333435 New set #3 of size 52 (111145.0 its/hit = 232.333s/hit): seed=571119412284391983 [0, 93, 242, 1522, 1531, 2741, 2795, 2931, 3023, 3341, 3508, 4009, 4683, 4927, 4974, 5069, 5199, 5897, 5937, 6456, 6689, 6813, 7063, 7357, 7642, 8064, 9352, 9364, 9476, 9707, 9766, 9843, 9851, 10335, 10397, 10555, 10649, 10854, 10974, 11192, 11465, 12069, 12581, 12766, 13535, 14043, 14310, 15211, 15222, 15442, 16019, 16276]
Iter#351433 New set #1 of size 55 (351433.0 its/hit = 734.000s/hit): seed=11888206771434849559 [0, 74, 206, 476, 798, 1072, 1860, 2211, 2698, 2715, 3473, 3687, 4093, 4314, 4424, 4557, 4609, 4837, 4921, 5060, 5150, 5525, 6101, 6148, 6191, 6340, 6369, 6510, 7861, 7875, 7964, 8223, 8254, 8277, 8383, 9458, 10307, 10321, 11116, 11865, 12213, 12437, 12496, 14175, 14186, 14221, 14701, 14897, 14938, 14968, 15194, 15275, 15390, 15638, 15944]
Iter#366022 New set #2 of size 55 (183011.0 its/hit = 382.500s/hit): seed=1242326983390631332 [0, 420, 632, 1213, 1305, 1627, 1766, 1864, 1960, 2087, 2318, 2337, 2630, 2988, 3524, 3575, 3942, 3948, 3964, 4028, 4195, 4749, 4891, 5944, 5964, 6864, 7293, 7434, 7465, 7734, 7951, 8033, 8125, 8329, 8387, 8666, 9243, 9791, 10168, 10436, 10749, 10821, 11578, 11757, 12123, 12281, 13609, 14602, 14733, 15126, 15830, 15938, 16180, 16235, 16290]
Iter#395735 New set #3 of size 55 (131911.7 its/hit = 275.667s/hit): seed=1055651177287572796 [0, 3, 148, 151, 417, 567, 779, 986, 1189, 1284, 1330, 1940, 2135, 2315, 2505, 2708, 2957, 3037, 3323, 3634, 4440, 4621, 5015, 5764, 6218, 6371, 6686, 6929, 7604, 8079, 8099, 8553, 8909, 9503, 9540, 9746, 9981, 10066, 10556, 10689, 10954, 11304, 11720, 11807, 13424, 13638, 14154, 14294, 14576, 14812, 14914, 15036, 15153, 16305, 16338]
Iter#821770 New set #4 of size 55 (205442.5 its/hit = 428.500s/hit): seed=3027158960773030434 [0, 870, 1389, 1436, 1786, 1979, 2181, 2613, 3409, 3419, 3463, 3471, 4065, 4099, 4301, 4709, 4729, 4971, 5536, 5598, 5983, 6388, 6405, 7378, 7560, 7564, 8119, 8450, 8481, 8587, 9211, 9310, 9514, 9521, 9904, 9968, 10631, 11199, 11276, 11860, 12085, 12373, 12917, 13095, 13276, 13914, 14265, 14805, 14882, 15436, 15620, 15692, 15756, 15996, 16309]
Iter#1327515 New set #5 of size 55 (265503.0 its/hit = 554.400s/hit): seed=7453154202383120150 [0, 73, 173, 1310, 1455, 2000, 2015, 2347, 2619, 2710, 2738, 2825, 3270, 3667, 3869, 4402, 5386, 5461, 5765, 5929, 5963, 6215, 6277, 6522, 7083, 8292, 8331, 8386, 9166, 9375, 9944, 10083, 10385, 11289, 11809, 11816, 11848, 12391, 12693, 12745, 13445, 13468, 13699, 13926, 14049, 14314, 14601, 14974, 15214, 15309, 15389, 15631, 15812, 16086, 16224]
Iter#1990127 New set #6 of size 55 (331687.8 its/hit = 692.667s/hit): seed=2688326082308585161 [0, 634, 912, 1338, 1449, 1612, 2016, 2429, 2433, 2666, 2963, 2970, 3551, 3635, 3747, 3791, 3807, 3896, 4131, 4408, 4894, 5019, 5205, 5835, 6593, 6682, 7617, 9254, 9311, 9431, 9590, 9642, 10242, 10471, 11154, 11193, 11339, 11965, 12298, 12483, 12532, 12941, 12985, 13458, 13558, 13677, 13770, 13774, 13812, 15052, 15209, 15464, 15755, 15847, 15916]
Iter#2003130 New set #7 of size 55 (286161.4 its/hit = 597.571s/hit): seed=5420486887181015279 [0, 208, 786, 871, 1088, 1110, 2302, 2570, 2577, 3595, 4191, 4214, 4504, 4678, 4705, 4746, 4952, 5151, 5492, 6829, 6867, 7141, 7543, 7591, 7980, 8499, 8904, 9358, 9748, 9885, 10704, 11149, 11211, 11478, 11654, 12141, 12334, 12526, 12824, 13289, 13758, 13879, 13922, 14024, 14262, 14345, 14437, 14609, 14828, 14966, 15421, 15903, 16101, 16200, 16270]
Iter#2085103 New set #8 of size 55 (260637.9 its/hit = 544.375s/hit): seed=8297187879707351609 [0, 203, 280, 860, 1443, 1542, 2158, 2274, 2422, 2438, 2475, 2896, 3156, 3216, 3266, 3393, 3480, 3998, 4482, 4574, 5041, 5265, 5281, 5744, 5766, 6488, 6547, 7144, 8191, 8432, 8452, 8541, 8937, 8987, 9004, 9438, 10161, 10315, 10373, 10415, 10575, 11041, 11148, 11161, 11608, 11658, 12406, 12419, 13896, 13942, 14541, 15156, 15394, 15571, 16136]
Iter#2251898 New set #9 of size 55 (250210.9 its/hit = 522.667s/hit): seed=4734647245115251620 [0, 21, 1166, 1172, 1217, 1233, 1260, 1340, 2025, 2160, 2198, 2417, 3326, 3783, 4065, 4256, 4468, 4519, 4994, 5541, 6052, 6078, 6361, 6449, 6521, 7196, 7688, 8529, 8547, 8717, 8870, 9065, 9310, 9615, 10707, 10811, 11199, 11538, 11600, 12641, 12762, 13011, 13231, 13542, 13570, 13705, 13960, 13994, 14139, 14606, 14619, 15003, 15713, 15889, 16347]
Iter#2275955 New set #10 of size 55 (227595.5 its/hit = 475.500s/hit): seed=9301811153267634183 [0, 94, 180, 462, 816, 970, 1151, 2629, 2657, 2845, 3063, 4033, 4065, 4522, 4654, 4834, 5345, 5423, 5529, 5722, 6107, 6223, 6269, 6727, 6744, 7131, 7186, 7582, 7918, 7970, 8100, 8456, 9251, 9310, 9351, 9905, 9967, 10414, 10589, 11007, 11199, 11773, 12282, 12512, 12656, 12740, 13098, 13613, 13757, 13888, 13975, 15454, 15754, 16135, 16159]
Iter#4311202 New set #20 of size 55 (215560.1 its/hit = 451.050s/hit): seed=9431443085111544214 [0, 36, 435, 524, 566, 718, 788, 805, 815, 893, 3734, 3816, 3947, 3949, 3963, 3988, 4016, 4278, 4368, 4596, 5026, 5058, 5319, 5639, 6215, 6524, 6592, 6755, 7116, 7277, 7309, 8266, 8421, 8651, 8998, 9373, 9481, 9566, 9696, 9772, 9841, 10338, 10869, 11180, 11809, 11936, 12168, 12583, 13205, 13926, 14273, 14706, 14889, 15619, 16299]
Iter#6539518 New set #1 of size 58 (6539518.0 its/hit = 13652.000s/hit): seed=1182478786604418053 [0, 7, 585, 716, 943, 984, 1107, 1457, 1468, 1839, 1949, 2021, 2366, 2509, 2699, 2815, 3898, 4545, 4710, 5449, 5922, 5958, 6540, 6685, 6974, 7179, 7289, 7800, 8214, 8844, 9019, 9145, 9321, 9489, 9705, 10348, 11327, 11592, 11615, 12593, 12929, 12972, 13003, 13105, 13524, 13554, 14122, 14141, 14146, 14434, 14615, 15031, 15198, 15201, 15360, 16067, 16068, 16076]
