[*] Computing DDT
[+] DDT Computed
DDT took 5.528845127s
Iter#1 New set #1 of size 34 (1.0 its/hit = 0.000s/hit): seed=2640851940452899456 [229, 541, 643, 694, 975, 1449, 1729, 2335, 3244, 3581, 3946, 6039, 6274, 7227, 7717, 7914, 7939, 8393, 8967, 9456, 11374, 11398, 11599, 11736, 12278, 12945, 13394, 13725, 13775, 14013, 14082, 14773, 14864, 15898]
Iter#2 New set #2 of size 34 (1.0 its/hit = 0.000s/hit): seed=2642318378457134488 [665, 938, 1826, 2046, 3055, 3160, 3222, 3575, 3771, 4573, 4629, 5178, 6128, 6156, 6437, 7321, 7820, 7855, 8608, 9830, 9876, 10067, 10150, 10601, 11263, 11922, 11938, 13918, 14493, 15745, 15768, 15998, 16062, 16321]
Iter#5 New set #3 of size 34 (1.7 its/hit = 0.000s/hit): seed=14122794923809247936 [537, 607, 880, 1099, 1287, 1598, 3781, 3937, 4029, 4247, 4494, 5255, 5461, 6366, 7025, 7677, 7851, 8986, 10026, 10033, 11176, 12801, 13239, 13434, 13553, 13986, 14028, 14627, 14667, 14901, 15018, 15835, 15946, 16231]
Iter#6 New set #4 of size 34 (1.5 its/hit = 0.000s/hit): seed=3795213884589085684 [175, 2517, 2597, 3663, 3672, 4774, 5201, 5541, 6531, 6794, 7532, 7984, 8000, 8131, 8673, 9756, 9883, 9926, 10259, 10390, 10528, 10787, 12063, 12574, 12787, 13834, 14562, 14697, 15012, 15057, 15480, 15688, 15817, 16121]
Iter#7 New set #5 of size 34 (1.4 its/hit = 0.000s/hit): seed=2994875893781979452 [146, 170, 1297, 1500, 1584, 1931, 2404, 2659, 3073, 3908, 4044, 4470, 5250, 5305, 5453, 5513, 5798, 5929, 6530, 6636, 6872, 6952, 7102, 7146, 7182, 8588, 8751, 9794, 10587, 11760, 12825, 13469, 14660, 15506]
Iter#9 New set #6 of size 34 (1.5 its/hit = 0.000s/hit): seed=3844995300956151432 [97, 466, 1305, 1743, 2647, 2828, 3639, 4144, 4339, 4568, 6570, 7142, 7303, 7515, 7553, 8185, 9131, 10194, 10575, 10831, 12252, 12448, 12613, 12792, 12926, 12958, 12968, 13204, 13499, 13981, 14264, 14907, 15692, 15723]
Iter#11 New set #7 of size 34 (1.6 its/hit = 0.000s/hit): seed=8081591325634344124 [1569, 1833, 2035, 2524, 2887, 2926, 3136, 3964, 4019, 4819, 6547, 7350, 8036, 8160, 8640, 8663, 8929, 9489, 10520, 10909, 12480, 13032, 13366, 13593, 13601, 14180, 14234, 14258, 14471, 14731, 14934, 14945, 15849, 15965]
Iter#13 New set #1 of size 35 (13.0 its/hit = 0.000s/hit): seed=12335903389329144325 [395, 825, 906, 1314, 2267, 2946, 3150, 4378, 4623, 5196, 5378, 5381, 6357, 6807, 6917, 7162, 7283, 7344, 7572, 7766, 8966, 9757, 10465, 10619, 10924, 12742, 12766, 13087, 13251, 13384, 14552, 15266, 15555, 15779, 16306]
Iter#32 New set #2 of size 35 (16.0 its/hit = 0.000s/hit): seed=4246235778007670534 [188, 754, 760, 920, 1622, 1645, 2124, 3354, 3374, 3759, 4259, 4795, 5591, 6231, 6555, 6963, 7276, 7760, 8276, 8674, 9416, 9873, 11097, 11793, 12842, 13131, 13137, 13334, 13353, 14069, 14513, 15223, 15711, 15909, 16126]
Iter#35 New set #1 of size 39 (35.0 its/hit = 0.000s/hit): seed=8525573548522103292 [231, 2096, 2836, 2971, 3300, 3721, 4655, 5098, 5356, 5627, 6293, 6363, 6772, 7552, 7677, 9065, 9156, 9287, 9854, 9877, 10028, 10296, 10588, 10927, 12234, 12915, 13120, 13372, 13381, 13453, 13715, 14094, 14119, 14317, 14512, 14538, 14643, 15542, 15592]
Iter#281 New set #2 of size 39 (140.5 its/hit = 0.000s/hit): seed=13294477727720781260 [505, 805, 1384, 2440, 2909, 3525, 3862, 3872, 4966, 4988, 5256, 5762, 6182, 6316, 7364, 7799, 8085, 9001, 9234, 9653, 10152, 10545, 10927, 12876, 12893, 13365, 13416, 13465, 13739, 13992, 14477, 14648, 15080, 15374, 15668, 15846, 15940, 15955, 16154]
Iter#397 New set #1 of size 41 (397.0 its/hit = 0.000s/hit): seed=15671430831444507341 [561, 628, 685, 958, 1211, 2544, 3663, 4252, 4385, 4609, 5045, 5270, 6574, 6895, 7088, 7905, 7999, 8323, 9106, 9392, 9470, 10186, 10845, 10895, 11147, 11348, 11434, 11846, 12222, 12299, 12779, 12876, 12900, 12964, 12983, 13117, 13132, 13263, 14262, 14296, 15464]
Iter#2878 New set #1 of size 42 (2878.0 its/hit = 5.000s/hit): seed=13931229477671046940 [837, 1729, 2371, 2595, 2684, 2819, 3757, 4521, 4602, 4628, 4769, 4919, 5056, 5117, 5184, 5266, 5656, 5953, 6556, 6729, 6808, 7162, 7195, 8590, 8939, 9629, 10432, 11244, 11304, 11602, 12299, 12999, 13065, 13868, 13895, 14292, 15332, 15594, 15640, 15858, 16110, 16195]
Iter#3289 New set #1 of size 43 (3289.0 its/hit = 6.000s/hit): seed=3459459745437803778 [763, 766, 961, 984, 995, 1175, 1949, 1955, 2763, 2772, 3067, 3190, 3730, 3942, 4299, 4342, 4424, 4926, 5714, 6861, 6972, 7593, 7767, 8744, 8766, 9051, 9701, 10037, 10690, 10857, 10906, 11577, 11905, 12262, 12512, 12885, 13124, 14094, 14954, 15012, 15019, 15267, 16350]
Iter#3554 New set #1 of size 46 (3554.0 its/hit = 6.000s/hit): seed=8199597471456355345 [897, 1030, 1261, 1397, 1588, 2626, 3171, 3369, 3653, 3988, 4086, 4714, 6376, 6557, 6704, 7404, 7707, 8031, 8061, 8066, 8071, 8643, 8661, 9515, 9589, 9973, 10448, 10488, 10613, 10646, 11267, 11767, 12266, 12482, 12663, 12709, 12726, 13046, 13584, 13664, 13862, 15320, 15341, 16011, 16152, 16372]
Iter#26416 New set #2 of size 46 (13208.0 its/hit = 25.500s/hit): seed=16360511465355399820 [563, 663, 822, 1000, 1379, 1437, 1896, 1954, 2007, 2610, 3062, 3193, 3708, 3845, 4144, 4384, 5719, 6029, 6563, 7127, 7174, 7503, 8689, 8905, 9561, 9857, 10013, 10107, 10341, 10429, 10691, 10749, 11316, 11344, 12330, 12558, 13069, 13487, 13735, 13932, 14095, 14553, 15459, 15717, 16220, 16338]
Iter#27863 New set #1 of size 50 (27863.0 its/hit = 54.000s/hit): seed=14570620343784951513 [218, 307, 474, 548, 782, 977, 1026, 1264, 2233, 2796, 4426, 5021, 5635, 5870, 6480, 7276, 7714, 7754, 7884, 7952, 8213, 8237, 8281, 8491, 8737, 8907, 9214, 9596, 9759, 9801, 10314, 10869, 10982, 11022, 11230, 11797, 11852, 11856, 11972, 12165, 12194, 12398, 12533, 13922, 14419, 14679, 15263, 15287, 15416, 16135]
Iter#117212 New set #2 of size 50 (58606.0 its/hit = 114.000s/hit): seed=13176651647688420969 [73, 241, 567, 1036, 1201, 1208, 1856, 2126, 2330, 3362, 3517, 3944, 4374, 4400, 5052, 5130, 5495, 5523, 5587, 5709, 6108, 6181, 6749, 6987, 7217, 7945, 9030, 9858, 9887, 9954, 10059, 10629, 11025, 11085, 11956, 13165, 13186, 13196, 13557, 13669, 13682, 13833, 14338, 14780, 14875, 14883, 15009, 15380, 15531, 15558]
Iter#141619 New set #1 of size 51 (141619.0 its/hit = 275.000s/hit): seed=16876682981640308953 [528, 809, 1542, 1713, 2108, 2265, 2439, 2502, 2769, 3115, 3118, 3308, 3432, 4946, 5865, 6571, 6764, 7188, 8167, 8296, 9097, 9387, 9505, 10123, 10511, 10976, 11375, 11400, 11695, 11713, 11721, 12206, 12211, 12346, 12364, 12533, 13239, 13490, 13509, 13602, 13618, 13974, 14324, 14745, 14875, 15443, 15517, 15669, 15901, 15973, 16223]
Iter#148178 New set #2 of size 51 (74089.0 its/hit = 144.000s/hit): seed=6336352730565320318 [229, 267, 500, 651, 933, 939, 1004, 2503, 3736, 3945, 4213, 4478, 4548, 5020, 5104, 5128, 5412, 5671, 5907, 6348, 6541, 7192, 7228, 7475, 8770, 9190, 9429, 9600, 9722, 9811, 10140, 10523, 11369, 11465, 11781, 12013, 12050, 13146, 13170, 13525, 13535, 13633, 13661, 13697, 13986, 14616, 14863, 15198, 15301, 16325, 16329]
Iter#181130 New set #3 of size 51 (60376.7 its/hit = 117.333s/hit): seed=8826401922842603457 [235, 556, 561, 707, 920, 1145, 1649, 1843, 1947, 2082, 2244, 2318, 2682, 2947, 3540, 3609, 4145, 4487, 4827, 6264, 6377, 6963, 7396, 7421, 7581, 7721, 7828, 8157, 8308, 8775, 9914, 10004, 10229, 10326, 10973, 11146, 11729, 11839, 11881, 11883, 12329, 12354, 12824, 13180, 13261, 13478, 13537, 14846, 15282, 16022, 16200]
Iter#242881 New set #1 of size 55 (242881.0 its/hit = 474.000s/hit): seed=3343234186349554767 [1089, 1173, 1629, 1679, 1709, 1747, 1908, 2083, 2270, 2413, 2517, 2605, 3470, 3543, 3670, 3719, 4136, 4175, 4372, 4491, 4989, 5270, 5637, 6011, 6553, 6874, 6966, 7212, 8125, 8205, 8487, 8620, 8625, 8716, 9963, 10025, 10035, 10053, 10099, 10330, 10884, 10938, 11253, 11370, 12137, 12207, 12312, 12408, 13030, 13380, 13408, 13428, 14487, 15400, 15500]
Iter#267014 New set #2 of size 55 (133507.0 its/hit = 260.500s/hit): seed=476436666171756242 [140, 423, 436, 1117, 1243, 1436, 1453, 1543, 1600, 2213, 3341, 3531, 3569, 3583, 3803, 3807, 3891, 4008, 4050, 4218, 4407, 5045, 5445, 5670, 5674, 5801, 6408, 6886, 6980, 7594, 7844, 7903, 8177, 8472, 8699, 9028, 10422, 10544, 11389, 11758, 11995, 12345, 12404, 12538, 12928, 12991, 13319, 13498, 13685, 14017, 14267, 14278, 14736, 15099, 15570]
Iter#290813 New set #3 of size 55 (96937.7 its/hit = 189.000s/hit): seed=13696253099192898535 [104, 795, 1336, 1854, 2329, 2807, 3270, 3463, 4197, 4478, 4515, 4580, 5164, 5604, 6213, 6382, 6535, 6709, 6767, 6849, 6960, 6971, 7146, 7220, 7742, 7759, 8234, 9117, 9514, 9878, 10013, 10025, 10211, 10426, 10486, 10589, 10650, 11760, 11792, 11885, 11955, 11977, 12097, 12408, 12981, 13136, 13277, 13303, 14107, 14364, 14971, 15432, 15751, 15955, 16118]
Iter#357442 New set #4 of size 55 (89360.5 its/hit = 174.250s/hit): seed=18020340903402684330 [1345, 1951, 2957, 3070, 3262, 3898, 4081, 4154, 4168, 4560, 4637, 4806, 4962, 5087, 5127, 5302, 5580, 6637, 6651, 6663, 6719, 6964, 7160, 7474, 7628, 7764, 8395, 8715, 8764, 8868, 8983, 9037, 9297, 9674, 9811, 9872, 9969, 10191, 11323, 11673, 11868, 11940, 11970, 12132, 12174, 12203, 12272, 12964, 13164, 14066, 14767, 14838, 15298, 15459, 16212]
Iter#434605 New set #5 of size 55 (86921.0 its/hit = 169.400s/hit): seed=25073363566776816 [233, 1403, 1578, 1939, 2039, 2190, 2252, 2598, 3001, 3586, 3675, 4174, 4760, 4789, 5289, 6039, 6157, 6496, 6871, 7068, 7413, 7482, 7499, 7789, 7901, 7966, 7970, 8276, 8504, 9373, 9528, 9574, 9607, 9620, 10389, 10585, 11312, 11632, 11636, 12047, 12213, 12542, 12920, 12952, 12957, 12959, 13830, 13989, 14325, 14488, 14540, 15300, 15382, 15496, 15594]
Iter#570873 New set #6 of size 55 (95145.5 its/hit = 185.500s/hit): seed=11409593977121332061 [548, 908, 1335, 1553, 1586, 1804, 2440, 2755, 3204, 3226, 4307, 4662, 4871, 5422, 5716, 5878, 5955, 6185, 6281, 6634, 6835, 6876, 7102, 7137, 7347, 7718, 7988, 8312, 8377, 8624, 8786, 9200, 9602, 9767, 10074, 10157, 10391, 10432, 10461, 10497, 10564, 10577, 11485, 12446, 12554, 14031, 14746, 14883, 15314, 15546, 15586, 15711, 15767, 16104, 16346]
Iter#578767 New set #7 of size 55 (82681.0 its/hit = 161.143s/hit): seed=1507895054168204261 [42, 56, 604, 691, 949, 952, 1666, 1846, 1907, 1990, 2521, 2754, 2879, 3276, 3378, 3499, 4235, 4488, 5090, 5124, 5217, 5339, 5566, 5888, 5900, 7088, 7382, 7504, 8987, 9546, 9594, 9635, 9711, 9914, 9936, 10164, 10244, 10470, 10514, 10537, 10815, 11058, 11349, 11741, 11896, 12029, 12079, 12421, 13443, 13540, 13920, 14005, 14012, 14173, 14522]
Iter#613952 New set #8 of size 55 (76744.0 its/hit = 149.625s/hit): seed=16055973730341242178 [1, 325, 433, 1608, 1687, 2444, 2513, 2723, 2774, 3596, 3686, 4527, 4721, 5024, 5053, 5062, 5163, 5642, 5720, 5951, 6407, 6646, 6715, 6972, 7162, 7354, 7700, 8064, 8486, 8603, 8902, 9369, 10871, 11081, 11230, 11271, 11631, 11860, 12085, 12106, 12707, 12753, 13378, 13394, 13434, 13553, 14048, 14052, 14374, 14486, 14918, 14931, 15006, 15633, 16314]
Iter#656523 New set #9 of size 55 (72947.0 its/hit = 142.222s/hit): seed=4344005546483194903 [375, 517, 525, 716, 836, 1034, 1311, 1884, 2024, 2795, 3144, 3755, 4159, 4912, 5292, 5553, 5591, 6807, 6967, 7295, 7467, 7529, 8138, 8186, 8281, 8293, 8784, 9282, 10455, 10518, 10973, 11161, 11362, 11929, 12367, 12696, 12774, 13103, 13185, 13645, 13975, 14563, 14686, 14811, 14876, 15121, 15279, 15347, 15425, 15548, 15689, 15701, 15783, 15994, 16304]
Iter#1027704 New set #10 of size 55 (102770.4 its/hit = 200.300s/hit): seed=12590137337796168104 [205, 562, 697, 794, 1069, 1339, 1708, 1856, 1907, 1935, 2698, 3145, 3188, 3868, 3966, 4427, 4506, 4641, 4766, 5077, 5123, 5287, 5594, 5784, 6007, 6220, 6259, 6458, 6510, 6649, 6985, 7499, 7535, 7770, 7847, 8496, 8695, 8732, 8894, 9247, 9249, 9343, 9485, 9781, 10165, 11939, 12024, 12336, 12435, 12693, 14215, 14713, 14783, 15132, 15690]
Iter#1941203 New set #20 of size 55 (97060.1 its/hit = 189.600s/hit): seed=18263635649259148656 [94, 789, 802, 863, 1545, 2148, 2424, 2699, 3287, 3764, 4289, 4837, 4957, 5144, 5308, 5461, 5626, 5973, 6005, 6006, 6075, 6777, 6882, 6936, 7023, 7101, 7682, 8020, 8059, 8425, 8526, 8775, 10100, 10125, 10390, 10587, 11098, 11418, 11529, 12999, 13074, 13109, 13160, 13719, 13932, 14149, 14244, 14489, 14746, 14843, 14901, 15247, 15541, 15912, 16067]
Iter#3095642 New set #30 of size 55 (103188.1 its/hit = 201.700s/hit): seed=6382598009490736874 [160, 335, 504, 931, 1093, 1360, 1517, 1863, 2643, 3482, 3534, 3884, 4213, 4264, 4308, 4332, 4378, 4687, 5089, 5490, 5588, 5988, 6319, 6414, 6507, 7088, 7098, 7190, 7748, 8236, 8303, 9038, 9307, 10334, 10915, 10994, 11033, 11570, 11645, 12477, 12562, 12690, 12783, 12932, 13122, 13181, 13711, 14368, 14844, 14920, 15070, 15314, 15682, 15890, 16150]
Iter#4011121 New set #40 of size 55 (100278.0 its/hit = 196.050s/hit): seed=10477679570697726050 [615, 711, 948, 973, 1907, 1943, 2059, 2079, 2393, 2899, 3139, 3614, 3830, 3906, 4108, 4418, 5492, 5826, 6115, 6143, 6284, 6588, 6811, 7109, 7573, 8056, 8064, 8950, 8969, 9127, 9488, 9647, 9797, 10083, 10159, 10316, 10424, 10728, 10923, 10974, 11103, 11420, 11577, 11663, 12295, 12692, 12786, 13308, 13518, 13923, 14126, 14362, 14755, 15398, 15466]
Iter#4788819 New set #50 of size 55 (95776.4 its/hit = 187.240s/hit): seed=17668332389084307268 [154, 239, 1191, 2192, 2247, 2369, 2378, 2483, 2994, 3192, 3302, 3742, 3793, 3996, 4254, 4781, 5217, 5412, 5594, 6279, 6606, 6980, 7299, 7362, 7454, 7471, 8021, 8089, 9081, 10069, 10294, 10778, 10876, 11321, 11748, 11867, 11889, 12041, 12533, 12558, 12905, 13448, 13574, 14263, 14587, 14676, 14882, 15078, 15441, 15589, 15771, 15815, 16118, 16146, 16214]
Iter#5958181 New set #60 of size 55 (99303.0 its/hit = 194.250s/hit): seed=74996767399537319 [343, 415, 655, 797, 1048, 1872, 2144, 2702, 2804, 2807, 3349, 3363, 3990, 4415, 4672, 4931, 5189, 5629, 5768, 5800, 5905, 5945, 6090, 6239, 7088, 7348, 7526, 7647, 7739, 7876, 8233, 8450, 8946, 9174, 9280, 9990, 10149, 11044, 11505, 11665, 11970, 12423, 12631, 12645, 12936, 12965, 13367, 14227, 14251, 14376, 14482, 15278, 15500, 15835, 16169]
