[*] Computing DDT
[+] DDT Computed
DDT took 5.601094341s
Iter#1 New set #1 of size 34 (1.0 its/hit = 0.000s/hit): seed=13021433665162422559 [425, 1452, 2354, 2462, 2633, 2691, 2810, 2921, 3191, 3941, 4476, 4595, 5548, 5632, 5770, 5902, 6283, 7427, 9554, 9643, 10106, 10926, 11224, 11303, 11924, 11974, 12964, 13943, 14105, 14338, 14553, 15265, 15342, 16138]
Iter#2 New set #1 of size 35 (2.0 its/hit = 0.000s/hit): seed=605279518905078529 [472, 1623, 1672, 2810, 2973, 3866, 3889, 3995, 4115, 4229, 4341, 5005, 5205, 5977, 6245, 6857, 7041, 7542, 7565, 7620, 9004, 10759, 11566, 11786, 11890, 12065, 12502, 12747, 12932, 13112, 13198, 13335, 13375, 15199, 15574]
Iter#7 New set #2 of size 35 (3.5 its/hit = 0.000s/hit): seed=12562019666626867203 [202, 395, 732, 1042, 1951, 2632, 3126, 3860, 4306, 5193, 5305, 5757, 5853, 6019, 6148, 6283, 6635, 6715, 8375, 8425, 8896, 9810, 10080, 10412, 11262, 11590, 11650, 11832, 11877, 12259, 13421, 13652, 13901, 13941, 15865]
Iter#11 New set #3 of size 35 (3.7 its/hit = 0.000s/hit): seed=2123849987803781482 [78, 171, 984, 1709, 2185, 4016, 4220, 4721, 5405, 5872, 5884, 6035, 7650, 8112, 8487, 9464, 9596, 9935, 10104, 10470, 10591, 10725, 11660, 11818, 12119, 13439, 13841, 14042, 14085, 14330, 14342, 14586, 15191, 15489, 16355]
Iter#14 New set #1 of size 36 (14.0 its/hit = 0.000s/hit): seed=16023217528005681442 [317, 605, 1316, 1624, 1868, 2167, 2562, 2875, 3523, 3549, 3898, 3914, 4192, 4905, 5249, 6540, 6873, 8631, 9557, 9715, 10005, 10712, 10898, 11542, 11908, 12026, 12199, 12806, 13032, 13539, 13917, 15092, 15351, 15555, 15943, 16115]
Iter#93 New set #2 of size 36 (46.5 its/hit = 0.000s/hit): seed=9461748248765230381 [744, 1267, 2351, 2646, 2784, 3337, 4842, 5239, 5522, 5719, 6087, 6383, 6481, 6790, 6933, 7219, 7907, 8369, 8812, 9249, 9573, 9958, 10899, 10909, 11649, 12043, 12050, 12459, 13098, 13132, 13149, 13217, 14125, 14815, 15688, 16174]
Iter#176 New set #3 of size 36 (58.7 its/hit = 0.000s/hit): seed=2402674985360652393 [584, 1075, 1963, 2278, 2579, 3327, 3404, 3435, 4241, 5151, 6265, 6493, 6625, 7837, 8408, 8475, 9776, 10434, 10763, 11438, 11838, 12273, 12568, 13036, 13224, 13453, 13514, 13732, 14134, 14536, 15277, 15526, 15772, 16029, 16169, 16282]
Iter#218 New set #4 of size 36 (54.5 its/hit = 0.000s/hit): seed=6332173691463146625 [78, 139, 277, 284, 349, 410, 701, 1154, 2039, 3269, 4403, 4487, 4791, 4900, 5156, 5407, 5427, 6340, 6941, 7474, 8294, 8550, 9319, 9777, 10610, 10761, 10868, 12209, 12270, 12475, 12567, 12974, 13271, 13686, 14223, 14601]
Iter#363 New set #5 of size 36 (72.6 its/hit = 0.000s/hit): seed=17552802010289810682 [627, 650, 1095, 2189, 2463, 2469, 2605, 2660, 3166, 3442, 3531, 3932, 5176, 5207, 5277, 5382, 5848, 6228, 6370, 6433, 7486, 7603, 8137, 8185, 8978, 9218, 10607, 11592, 11961, 12035, 12128, 12139, 12144, 12498, 12726, 14257]
Iter#391 New set #1 of size 37 (391.0 its/hit = 0.000s/hit): seed=14937989530105794223 [1889, 2731, 3306, 3923, 4120, 4596, 5262, 5400, 5561, 5671, 5945, 6024, 6042, 6244, 6890, 7504, 7917, 8022, 8210, 8387, 8659, 9377, 9548, 9591, 9758, 9942, 10353, 11360, 11553, 12356, 12399, 12638, 13713, 13727, 15141, 15490, 16129]
Iter#502 New set #2 of size 37 (251.0 its/hit = 0.500s/hit): seed=1722435770962522298 [434, 1094, 1584, 1613, 1987, 2014, 2088, 2868, 3756, 3912, 4579, 4791, 5161, 5178, 5333, 5735, 6322, 7326, 8016, 9105, 9172, 9966, 10158, 10403, 10485, 10933, 10988, 11551, 11680, 12591, 13156, 13222, 13340, 13697, 15513, 16179, 16306]
Iter#530 New set #3 of size 37 (176.7 its/hit = 0.333s/hit): seed=77791534782594487 [622, 832, 2234, 2434, 2559, 2714, 2860, 2900, 3111, 3187, 3306, 3346, 4462, 4817, 5160, 6032, 6117, 6630, 6692, 7160, 7432, 8039, 8509, 8674, 8900, 9401, 9588, 9887, 9920, 10881, 11115, 11539, 11873, 12937, 13202, 13703, 16028]
Iter#577 New set #1 of size 38 (577.0 its/hit = 1.000s/hit): seed=15895490615443638395 [101, 645, 888, 1217, 1751, 1880, 2806, 2875, 3115, 3485, 3841, 5286, 6056, 7321, 7439, 7608, 8152, 8949, 9732, 10155, 11321, 11402, 11431, 12291, 12593, 12621, 12829, 12855, 13035, 13107, 13332, 13523, 13709, 13764, 14558, 14597, 15571, 15792]
Iter#597 New set #1 of size 40 (597.0 its/hit = 1.000s/hit): seed=4581620612952454120 [841, 1130, 2444, 2745, 2947, 3000, 3673, 3715, 4940, 5068, 5230, 5916, 7287, 7629, 7840, 8218, 8466, 8706, 9305, 9343, 9540, 9729, 10215, 10479, 10997, 11418, 11572, 12879, 13046, 13243, 13893, 14729, 14894, 15077, 15937, 15939, 16009, 16133, 16145, 16370]
Iter#1912 New set #2 of size 40 (956.0 its/hit = 2.000s/hit): seed=9075034945815931390 [976, 1130, 1139, 1357, 1468, 1898, 2095, 2500, 2742, 2938, 3247, 3388, 3503, 3936, 4334, 4858, 5758, 5968, 5985, 6193, 6605, 7267, 7297, 7352, 7848, 7905, 8118, 8985, 9742, 9788, 9862, 10414, 11212, 12154, 12467, 12493, 12725, 12863, 13255, 14537]
Iter#2062 New set #1 of size 41 (2062.0 its/hit = 5.000s/hit): seed=4267292311038359664 [63, 749, 1147, 1323, 2190, 2227, 2276, 2514, 2562, 2848, 3324, 3536, 3577, 3797, 3814, 4265, 4406, 4961, 5161, 5972, 6955, 7152, 7733, 8549, 8619, 8926, 9023, 9302, 9735, 10275, 10459, 11455, 11867, 12129, 12507, 12653, 12926, 13107, 13274, 13845, 15466]
Iter#3200 New set #2 of size 41 (1600.0 its/hit = 3.500s/hit): seed=5516147019227567062 [159, 193, 219, 229, 967, 1621, 2069, 2126, 2685, 3116, 3937, 3958, 4019, 4612, 4742, 5236, 5405, 5797, 6571, 6642, 6647, 7620, 7962, 8681, 8878, 9189, 9379, 9891, 9934, 10943, 11584, 11839, 11907, 12349, 13056, 13139, 13301, 14139, 14224, 15335, 16280]
Iter#6564 New set #1 of size 44 (6564.0 its/hit = 16.000s/hit): seed=965389545347712275 [23, 256, 774, 781, 798, 2678, 2922, 2995, 3938, 4174, 4359, 4566, 4709, 5734, 5998, 6138, 6470, 7064, 7103, 7141, 7296, 7855, 8169, 8486, 10016, 10359, 10516, 11404, 11570, 11786, 11808, 12130, 13078, 13125, 13310, 13513, 13544, 14243, 14795, 14914, 15155, 15284, 15593, 16010]
Iter#8428 New set #1 of size 49 (8428.0 its/hit = 20.000s/hit): seed=15024915011244431803 [35, 57, 278, 1185, 1802, 3343, 3795, 3800, 3807, 4238, 4568, 5014, 5064, 5342, 5406, 5603, 5851, 5888, 6195, 6339, 6400, 6715, 7200, 8594, 8702, 8920, 9261, 9264, 9401, 9533, 9949, 10238, 10493, 11487, 12236, 12448, 12820, 12963, 13356, 13835, 13876, 14133, 14771, 15005, 15062, 15238, 15534, 15747, 16106]
Iter#10356 New set #1 of size 51 (10356.0 its/hit = 25.000s/hit): seed=4947033556190343147 [579, 949, 990, 1154, 1575, 1605, 1668, 2130, 2276, 3116, 3122, 3180, 3925, 3947, 4207, 4670, 4749, 5564, 6632, 6985, 7154, 8297, 8664, 9904, 10058, 10279, 10347, 10369, 10444, 10649, 10878, 11030, 11750, 12303, 12466, 12786, 12798, 13312, 13520, 13598, 13620, 13727, 14065, 14164, 14192, 14287, 15487, 15666, 15680, 15810, 16127]
Iter#43915 New set #1 of size 55 (43915.0 its/hit = 109.000s/hit): seed=5433955297647322077 [12, 277, 335, 551, 1138, 2040, 2291, 2304, 2601, 3535, 4398, 4726, 5056, 5177, 5272, 5370, 5793, 5921, 6388, 6678, 7264, 7960, 7989, 8276, 8568, 8588, 8826, 8903, 8927, 8988, 9480, 10435, 10484, 10528, 10701, 10741, 11160, 11837, 12782, 13318, 13407, 13603, 13923, 14262, 14465, 14651, 14684, 15024, 15608, 15768, 15901, 15929, 15960, 16074, 16208]
Iter#60703 New set #2 of size 55 (30351.5 its/hit = 75.500s/hit): seed=7827567984630653448 [748, 1696, 1978, 2286, 2688, 2804, 2814, 3249, 3384, 3447, 3603, 3618, 3674, 4111, 4248, 4651, 4903, 5421, 5422, 5631, 5886, 6198, 6532, 6801, 7651, 7734, 7967, 8106, 8267, 8445, 8467, 8820, 9100, 9702, 10148, 10642, 10995, 11066, 11308, 11618, 11713, 11768, 11992, 12118, 12696, 12723, 13920, 14062, 14367, 14649, 15202, 15556, 16032, 16149, 16330]
Iter#312179 New set #3 of size 55 (104059.7 its/hit = 262.000s/hit): seed=797996819491186590 [4, 33, 288, 324, 1709, 2170, 2236, 2347, 2423, 2611, 2656, 2732, 3135, 3262, 3619, 4369, 4685, 4708, 4716, 5131, 5172, 5195, 5600, 5755, 6091, 7007, 7017, 7170, 7281, 7394, 7646, 7979, 7988, 8390, 8595, 10066, 10068, 10213, 10591, 10944, 12317, 12447, 12516, 12972, 13348, 13457, 13833, 14315, 14547, 14654, 14777, 14832, 15306, 16107, 16338]
Iter#343983 New set #4 of size 55 (85995.8 its/hit = 216.500s/hit): seed=3386669351270281531 [462, 620, 668, 887, 1246, 1473, 1649, 1721, 1820, 2362, 2707, 2968, 3113, 3490, 4232, 4365, 4481, 4754, 5067, 5900, 5988, 6734, 7214, 7590, 7788, 7980, 8364, 8963, 9383, 9452, 9561, 9622, 10272, 10377, 10386, 10451, 10833, 10923, 11203, 11365, 12221, 12283, 12544, 12847, 13257, 13888, 14122, 14179, 14183, 14247, 14320, 15039, 15176, 15219, 16121]
Iter#647330 New set #5 of size 55 (129466.0 its/hit = 328.800s/hit): seed=17774650362531607915 [125, 177, 342, 625, 889, 1319, 1477, 1896, 2008, 2439, 2551, 3044, 3411, 3776, 4619, 4649, 5175, 5669, 5881, 5953, 6526, 6689, 6885, 6983, 7348, 7574, 7783, 7797, 8474, 9314, 9402, 9509, 9789, 10087, 10217, 10377, 10444, 10604, 10640, 11145, 11768, 11806, 12620, 12882, 13564, 14131, 14387, 14512, 14669, 15154, 15250, 15699, 15839, 16174, 16175]
Iter#711688 New set #6 of size 55 (118614.7 its/hit = 301.167s/hit): seed=3488925791833309852 [280, 575, 1036, 1363, 1454, 1510, 1525, 1633, 1671, 1861, 3043, 3080, 3329, 4402, 5195, 5269, 5498, 5658, 5693, 6050, 6942, 7075, 7162, 7601, 7712, 8050, 8165, 8307, 8622, 8730, 8863, 9059, 9080, 9250, 9632, 10296, 10345, 10973, 11274, 11435, 11457, 12223, 12625, 13275, 13307, 13561, 14626, 14629, 14899, 14924, 15009, 15309, 15349, 15375, 15496]
Iter#801385 New set #7 of size 55 (114483.6 its/hit = 290.429s/hit): seed=10709008560754898523 [756, 1013, 1035, 1036, 1774, 1899, 1910, 2033, 2262, 2421, 2448, 3289, 3334, 3449, 4202, 4646, 4724, 4936, 5091, 5551, 5630, 5857, 6136, 6228, 6805, 7114, 7197, 7373, 7836, 9576, 9709, 10000, 10403, 10456, 10653, 10734, 10835, 11043, 11291, 11587, 11714, 12349, 12409, 12569, 13243, 13407, 13806, 14139, 14613, 15197, 15298, 15339, 15762, 16021, 16132]
Iter#927655 New set #8 of size 55 (115956.9 its/hit = 294.125s/hit): seed=963647385668243081 [152, 435, 1084, 1313, 1448, 1451, 1469, 1661, 1926, 2261, 2275, 2531, 2800, 3015, 3054, 3193, 3751, 3921, 4236, 4405, 4876, 5511, 6288, 6296, 6665, 7290, 7685, 7768, 8120, 8409, 9663, 10041, 10589, 10840, 10842, 10971, 10974, 10981, 11412, 11544, 12196, 12253, 12591, 12631, 13135, 13176, 13289, 13875, 14478, 14499, 14715, 15708, 16037, 16175, 16306]
Iter#1187938 New set #9 of size 55 (131993.1 its/hit = 334.889s/hit): seed=5526470970834225556 [46, 367, 384, 567, 873, 1269, 1434, 1609, 1627, 2661, 2703, 3079, 4504, 4662, 4996, 5002, 5013, 5633, 5793, 5859, 5909, 6315, 6497, 6555, 6629, 6850, 7142, 7165, 7399, 7482, 7630, 7708, 7766, 8133, 8415, 8535, 8960, 9408, 10024, 10077, 10078, 11175, 11761, 11770, 11894, 12306, 12504, 12641, 12769, 14130, 14358, 14824, 14829, 14992, 15017]
Iter#1287089 New set #10 of size 55 (128708.9 its/hit = 326.600s/hit): seed=6888566792113757567 [362, 813, 1088, 1222, 1260, 1740, 2110, 2452, 2496, 2648, 2722, 2930, 3100, 3374, 3547, 3615, 4500, 4702, 4862, 4938, 5112, 5174, 5499, 5529, 6794, 6870, 7427, 7639, 7790, 7810, 7875, 7921, 8198, 9586, 10519, 10698, 11274, 12044, 12678, 12686, 12770, 12967, 13468, 13528, 14095, 14576, 14642, 14762, 15101, 15189, 15539, 15647, 15728, 15738, 16312]
Iter#2799747 New set #20 of size 55 (139987.3 its/hit = 355.300s/hit): seed=4533503715196201527 [81, 223, 537, 716, 747, 749, 788, 1115, 1206, 1269, 1969, 2221, 2312, 2490, 2505, 3474, 4091, 4181, 4192, 4615, 5050, 5138, 5521, 6576, 7415, 7509, 8014, 8928, 8964, 9249, 9672, 10046, 10253, 10414, 10648, 10665, 10723, 11089, 12100, 12513, 12752, 13249, 13516, 13527, 13653, 13835, 14430, 15071, 15360, 15754, 15906, 15974, 16089, 16232, 16377]
