[*] Computing DDT
[+] DDT Computed
DDT took 5.557306653s
Iter#1 New set #1 of size 33 (1.0 its/hit = 0.000s/hit): seed=277412043750239857 [1360, 1591, 2670, 2702, 3519, 3555, 4140, 4213, 4417, 4821, 7524, 8034, 9057, 9471, 9813, 10176, 10343, 10493, 10768, 10881, 11580, 11631, 11773, 12415, 12761, 13252, 14234, 14251, 14350, 14472, 14580, 15089, 15424]
Iter#2 New set #1 of size 35 (2.0 its/hit = 0.000s/hit): seed=17355262392581807675 [42, 469, 2017, 2828, 2953, 3872, 5454, 6525, 6980, 7053, 7061, 7753, 8308, 8953, 9012, 9289, 9523, 10788, 10979, 11217, 11518, 11607, 12040, 12251, 12704, 12929, 13018, 13672, 13784, 13854, 14644, 15172, 15429, 15922, 16334]
Iter#22 New set #2 of size 35 (11.0 its/hit = 0.000s/hit): seed=16093427107646191838 [253, 2133, 2429, 3411, 3908, 3944, 4092, 4374, 4697, 5240, 5593, 5977, 6051, 7081, 7093, 8191, 8384, 8923, 9199, 9219, 9360, 9469, 9760, 9984, 10372, 11610, 11710, 11915, 13084, 13197, 13680, 14228, 14398, 14587, 15153]
Iter#26 New set #3 of size 35 (8.7 its/hit = 0.000s/hit): seed=7031012746003577168 [377, 1718, 1948, 2683, 2736, 2895, 3527, 3651, 3692, 5242, 6610, 6830, 7535, 8089, 9216, 9937, 10093, 10164, 10660, 10709, 11072, 11754, 11770, 12090, 12100, 13187, 13332, 13347, 14567, 14967, 15516, 15839, 16055, 16350, 16370]
Iter#37 New set #4 of size 35 (9.2 its/hit = 0.000s/hit): seed=11075891431961212346 [40, 428, 813, 2078, 2167, 2739, 2857, 3198, 3377, 4903, 4930, 4985, 5253, 6071, 6117, 6674, 6881, 7293, 7371, 8599, 9376, 9829, 10428, 10754, 10878, 10903, 13152, 13669, 13680, 14406, 14968, 15023, 15450, 15622, 15758]
Iter#39 New set #5 of size 35 (7.8 its/hit = 0.000s/hit): seed=6634478620358362853 [1314, 1984, 2386, 3562, 3887, 4048, 5315, 5517, 5526, 5831, 6121, 6481, 7262, 8379, 9139, 9348, 9353, 9911, 10249, 10446, 10945, 11370, 11487, 11777, 12251, 12422, 13061, 13540, 13605, 13741, 14061, 14150, 14590, 15195, 15826]
Iter#43 New set #6 of size 35 (7.2 its/hit = 0.000s/hit): seed=17042817811703155644 [710, 1116, 1246, 2021, 2361, 3018, 3181, 4265, 4484, 4549, 5048, 5306, 5587, 5684, 6389, 7017, 9558, 9721, 10319, 10428, 11417, 12074, 12099, 12711, 13337, 13580, 13810, 13976, 14414, 14668, 14876, 15101, 15756, 16014, 16034]
Iter#47 New set #7 of size 35 (6.7 its/hit = 0.000s/hit): seed=5888721012147893331 [581, 1005, 1581, 1642, 1970, 2766, 2883, 3936, 4182, 4315, 4672, 5576, 5975, 6807, 9319, 9487, 9614, 10299, 10620, 10658, 11174, 11651, 11895, 12443, 12572, 12671, 12974, 13718, 13721, 14057, 14289, 14328, 14537, 14591, 15786]
Iter#54 New set #1 of size 36 (54.0 its/hit = 0.000s/hit): seed=11253249409499091373 [661, 731, 749, 1003, 1072, 1376, 1487, 1909, 1934, 2523, 2700, 2993, 4016, 4798, 4981, 5332, 7930, 8432, 8441, 9153, 9261, 9877, 10397, 11777, 12512, 12804, 12894, 13167, 13924, 14010, 15154, 15393, 15468, 15718, 15726, 15803]
Iter#103 New set #2 of size 36 (51.5 its/hit = 0.000s/hit): seed=7442648275151706089 [135, 329, 694, 1161, 1507, 1768, 2445, 3574, 4182, 4440, 4698, 5439, 5549, 5760, 6068, 6362, 6549, 7391, 7807, 8844, 9248, 9735, 10916, 11230, 11353, 11647, 11775, 11993, 12060, 13123, 13568, 14058, 14358, 14530, 14618, 15683]
Iter#125 New set #1 of size 39 (125.0 its/hit = 0.000s/hit): seed=15430662741010435945 [359, 1078, 1158, 1442, 1605, 2687, 3939, 4350, 4357, 4546, 4723, 5307, 5693, 5993, 6219, 6233, 6367, 7531, 8442, 8571, 8987, 9230, 9555, 10350, 10890, 10944, 12128, 12627, 12791, 12907, 13473, 13477, 13512, 13690, 13744, 15026, 15187, 15356, 15490]
Iter#866 New set #1 of size 40 (866.0 its/hit = 1.000s/hit): seed=12780815557353893329 [145, 170, 496, 870, 936, 1034, 1522, 3495, 3780, 4026, 4820, 4995, 6286, 6306, 6452, 6657, 7284, 7306, 7464, 7618, 7818, 8386, 8950, 9160, 9685, 10057, 10233, 10358, 11009, 11285, 11425, 11739, 12022, 12162, 12339, 12893, 13290, 14017, 15467, 15727]
Iter#2663 New set #2 of size 40 (1331.5 its/hit = 2.500s/hit): seed=3646369699853074867 [0, 236, 343, 1205, 2078, 2528, 2765, 3347, 3452, 3488, 3677, 3945, 4575, 5399, 5723, 5815, 7862, 7957, 8476, 8606, 8975, 9041, 9307, 10238, 10394, 10701, 10758, 11087, 11174, 11279, 11571, 11951, 12632, 13449, 13491, 14096, 14614, 15396, 15779, 16112]
Iter#3805 New set #1 of size 43 (3805.0 its/hit = 7.000s/hit): seed=1156580573686622060 [0, 223, 680, 693, 1102, 2322, 2384, 2587, 2684, 2745, 2925, 3010, 4275, 4635, 5554, 5895, 5938, 6109, 6576, 7218, 7344, 7502, 7664, 8035, 8124, 8758, 9437, 9604, 10283, 10558, 10740, 11632, 11727, 11973, 12650, 12699, 12759, 13047, 13198, 14452, 14471, 14647, 15217]
Iter#5132 New set #2 of size 43 (2566.0 its/hit = 4.500s/hit): seed=4035494042452352722 [0, 61, 824, 863, 1893, 2179, 2451, 3158, 3823, 3849, 4678, 4715, 5174, 5187, 5297, 5623, 6124, 6750, 7169, 7312, 7632, 8213, 8234, 8302, 8829, 9005, 9358, 9786, 10001, 10409, 10495, 10794, 12851, 13510, 13563, 13654, 13721, 13899, 14024, 14996, 15018, 15120, 15814]
Iter#5721 New set #3 of size 43 (1907.0 its/hit = 3.333s/hit): seed=6394428604424371365 [0, 369, 1525, 1571, 1808, 2674, 2680, 2745, 3811, 3931, 4339, 4413, 4618, 5869, 6143, 6158, 6259, 6402, 6605, 6621, 6686, 7103, 7127, 7668, 7885, 8303, 8655, 8989, 9235, 9850, 10208, 10427, 10444, 10597, 10781, 11720, 12604, 13171, 13198, 13614, 14294, 14647, 16311]
Iter#7263 New set #4 of size 43 (1815.8 its/hit = 3.250s/hit): seed=14370836643519788220 [0, 76, 312, 676, 1310, 1647, 2062, 2890, 3093, 3833, 4015, 4171, 4217, 4847, 5012, 5023, 5112, 5268, 6366, 6448, 7158, 8431, 8503, 8571, 9169, 9293, 9424, 10784, 11514, 11560, 11852, 13481, 13815, 14204, 14290, 14513, 14729, 14936, 14974, 15072, 15503, 16052, 16224]
Iter#10618 New set #5 of size 43 (2123.6 its/hit = 3.800s/hit): seed=10771230816276798266 [0, 466, 570, 727, 1522, 1621, 2138, 2894, 3031, 3646, 3848, 4335, 4510, 5028, 5680, 6551, 6968, 7860, 7935, 9869, 9999, 10555, 11465, 11715, 11798, 11938, 12031, 12228, 12258, 12310, 12504, 12573, 13244, 13868, 13883, 13965, 14354, 14383, 14543, 15096, 15540, 15969, 16024]
Iter#11272 New set #6 of size 43 (1878.7 its/hit = 3.500s/hit): seed=2896366208326832705 [0, 629, 918, 970, 1003, 1180, 1619, 1922, 2444, 2673, 2868, 4008, 5373, 6084, 6384, 6734, 7156, 7670, 8050, 8440, 9386, 10156, 10210, 10540, 10889, 10938, 11286, 11399, 11808, 12248, 12326, 12402, 12512, 12784, 12807, 13098, 13912, 14195, 14243, 14684, 15141, 15654, 16077]
Iter#11714 New set #7 of size 43 (1673.4 its/hit = 3.000s/hit): seed=8085665136333646972 [0, 267, 275, 1361, 1707, 2111, 2771, 2862, 3371, 4010, 4786, 5125, 5211, 5338, 5599, 5689, 6512, 7133, 7820, 8444, 8631, 8822, 9439, 9570, 10012, 10405, 11162, 11539, 11613, 11662, 12381, 12630, 13350, 13387, 13421, 13565, 13806, 13933, 14417, 15146, 15329, 16195, 16287]
Iter#12855 New set #8 of size 43 (1606.9 its/hit = 2.875s/hit): seed=17310852792998911890 [0, 281, 802, 905, 1162, 1515, 2792, 2801, 3098, 4143, 4313, 4384, 4713, 4944, 5294, 5712, 5748, 6018, 6053, 6376, 7114, 7148, 7501, 8226, 8466, 8740, 9659, 9759, 10279, 10799, 11502, 11799, 11838, 12338, 12973, 13259, 13263, 13452, 13863, 13980, 14213, 15487, 15928]
Iter#18269 New set #9 of size 43 (2029.9 its/hit = 3.778s/hit): seed=17089679121178760610 [0, 95, 282, 360, 437, 597, 992, 1233, 1499, 1730, 2038, 2818, 2881, 3316, 3859, 4468, 5109, 5541, 6404, 6491, 6755, 6790, 6937, 7874, 8176, 8266, 8680, 8777, 8993, 9286, 9792, 12039, 12183, 12507, 13585, 13749, 13835, 13849, 14097, 14227, 14464, 14889, 15896]
Iter#22145 New set #10 of size 43 (2214.5 its/hit = 4.100s/hit): seed=7654555891417895408 [0, 12, 136, 330, 592, 604, 606, 651, 1093, 1376, 2036, 3382, 3487, 3687, 4423, 4579, 5272, 5416, 5542, 7281, 7864, 8254, 8675, 9064, 9515, 10262, 10364, 10420, 10789, 11473, 11518, 11638, 11675, 11865, 12870, 13193, 13437, 14944, 15080, 15588, 15661, 16141, 16243]
