[*] Computing DDT
[+] DDT Computed
DDT took 5.489382358s
Iter#1 New set #1 of size 33 (1.0 its/hit = 0.000s/hit): seed=11107916438567865640 [92, 421, 543, 604, 854, 1186, 2044, 4814, 5018, 5024, 5039, 5110, 5862, 6185, 6254, 6477, 7146, 7326, 7513, 8062, 8181, 8865, 9209, 10132, 11396, 11400, 11444, 11737, 11976, 13464, 15228, 15681, 16376]
Iter#2 New set #1 of size 34 (2.0 its/hit = 0.000s/hit): seed=3561503617973635854 [88, 177, 342, 486, 566, 602, 604, 1309, 1330, 2460, 2512, 2639, 2993, 3612, 5257, 6606, 6993, 7399, 8390, 8617, 8862, 9798, 10967, 11387, 11588, 12257, 12478, 13229, 13250, 13294, 13693, 15071, 15818, 16331]
Iter#3 New set #2 of size 34 (1.5 its/hit = 0.000s/hit): seed=17538045926215596386 [933, 1393, 2174, 2225, 2363, 2960, 3285, 3384, 3515, 3996, 6733, 6968, 7050, 7206, 7338, 7769, 7844, 8017, 8334, 8570, 8674, 8801, 9316, 9391, 9553, 9873, 9982, 11822, 12728, 13092, 13247, 13977, 13981, 14761]
Iter#5 New set #3 of size 34 (1.7 its/hit = 0.000s/hit): seed=2929457043188242946 [253, 883, 985, 1780, 2829, 3386, 3420, 4007, 4415, 5529, 5549, 5640, 6014, 6621, 7311, 7704, 8120, 8770, 9077, 11216, 11452, 11805, 11937, 12574, 12737, 13136, 14556, 14575, 14788, 15566, 15647, 16154, 16193, 16339]
Iter#12 New set #4 of size 34 (3.0 its/hit = 0.000s/hit): seed=14624414495323930033 [361, 480, 1393, 1501, 1620, 1894, 2292, 2602, 2648, 2761, 2994, 3636, 3794, 4240, 4538, 5471, 5777, 6036, 6134, 6236, 6361, 8028, 8890, 9033, 10020, 10956, 11523, 11626, 12377, 13434, 13965, 15827, 15896, 15938]
Iter#13 New set #1 of size 35 (13.0 its/hit = 0.000s/hit): seed=5934142375105264108 [1605, 1668, 1952, 3299, 3457, 3472, 3833, 4458, 4851, 5245, 5502, 5825, 6286, 6518, 6763, 6811, 6920, 7431, 8610, 9520, 9586, 9950, 11055, 11194, 11211, 11888, 12603, 12734, 13195, 14423, 15262, 15627, 15834, 16131, 16185]
Iter#18 New set #2 of size 35 (9.0 its/hit = 0.000s/hit): seed=12457866736054108296 [2, 1408, 1860, 2084, 2132, 2577, 2856, 3325, 3560, 3845, 4135, 4242, 4531, 5733, 5802, 5953, 7380, 7530, 8056, 8074, 8418, 9065, 9168, 9715, 10138, 11936, 12414, 14064, 14204, 14264, 14315, 15067, 15868, 15989, 16018]
Iter#19 New set #3 of size 35 (6.3 its/hit = 0.000s/hit): seed=7672983757875905513 [2569, 2706, 2834, 3199, 3695, 4702, 7095, 7131, 7422, 7583, 7887, 7890, 8591, 8688, 8828, 9133, 9253, 9301, 9322, 9792, 10071, 10152, 11282, 11388, 11412, 11520, 11741, 12028, 12930, 13134, 13604, 13968, 15485, 16029, 16226]
Iter#22 New set #4 of size 35 (5.5 its/hit = 0.000s/hit): seed=12850848847152391733 [1072, 1459, 1633, 2487, 2830, 3063, 4449, 5969, 6059, 6146, 6153, 6821, 7979, 8223, 8762, 9289, 9478, 10089, 10165, 10309, 10412, 10953, 10966, 11856, 11888, 12888, 13026, 13113, 13202, 13295, 13780, 14600, 15104, 15733, 16152]
Iter#29 New set #5 of size 35 (5.8 its/hit = 0.000s/hit): seed=5306906412498734052 [433, 1091, 1432, 1654, 2084, 3205, 3404, 4525, 4552, 4896, 4967, 5129, 6252, 6485, 6551, 6806, 7199, 8458, 8573, 8874, 10190, 10247, 10892, 11608, 11615, 11943, 11991, 12542, 12716, 12777, 12878, 13732, 15157, 15672, 15816]
Iter#45 New set #6 of size 35 (7.5 its/hit = 0.000s/hit): seed=16255133840581709059 [767, 2462, 2828, 4270, 5584, 5705, 5799, 6275, 6577, 6665, 6929, 7172, 8694, 9039, 9091, 9644, 9945, 10561, 10740, 10815, 11179, 11634, 11746, 12293, 12363, 12924, 12962, 14408, 14705, 15184, 15349, 15370, 15964, 16059, 16364]
Iter#55 New set #7 of size 35 (7.9 its/hit = 0.000s/hit): seed=3869679540775851477 [3400, 3517, 5066, 5087, 5199, 5229, 5976, 6131, 6302, 8507, 9256, 9471, 9756, 9980, 10224, 10260, 10292, 10820, 10876, 10891, 10962, 11166, 11550, 11647, 12625, 12706, 13992, 14004, 14316, 14951, 14979, 14986, 15482, 16163, 16325]
Iter#58 New set #8 of size 35 (7.2 its/hit = 0.000s/hit): seed=11835635955619725934 [360, 390, 1536, 1892, 2074, 2514, 2664, 3026, 3325, 3614, 3875, 4006, 4528, 6464, 7009, 7078, 7530, 7790, 8028, 8203, 8522, 9928, 10340, 10739, 11072, 11548, 11860, 12329, 12811, 12919, 14903, 14962, 15105, 16016, 16311]
Iter#115 New set #9 of size 35 (12.8 its/hit = 0.000s/hit): seed=7058513324823246147 [101, 195, 1043, 1164, 1449, 1570, 2069, 2743, 3201, 3220, 3620, 5220, 5227, 5783, 6395, 6478, 6933, 7626, 7738, 8177, 8201, 8435, 9007, 9761, 10124, 10991, 11887, 12101, 12220, 13904, 14829, 15291, 15397, 15432, 16206]
Iter#131 New set #10 of size 35 (13.1 its/hit = 0.000s/hit): seed=6279196416138969135 [179, 576, 606, 689, 721, 1200, 2025, 2137, 2400, 2712, 3230, 3757, 4550, 4869, 5458, 7128, 7164, 7175, 7890, 8664, 9274, 10516, 10615, 10893, 11049, 11204, 12363, 12769, 13020, 13835, 14754, 15426, 15439, 15756, 16028]
Iter#138 New set #1 of size 36 (138.0 its/hit = 0.000s/hit): seed=15072111614450389973 [10, 355, 1450, 2406, 3021, 3319, 3554, 3686, 4547, 4617, 5129, 6038, 6382, 7046, 8216, 8236, 8310, 8923, 9333, 9501, 9824, 10046, 10153, 10403, 10731, 10896, 11404, 11609, 12214, 12492, 13531, 14133, 14696, 16177, 16282, 16305]
Iter#178 New set #2 of size 36 (89.0 its/hit = 0.000s/hit): seed=14340733639138432626 [309, 834, 1459, 1731, 1994, 2223, 2312, 2824, 2826, 3014, 3806, 3816, 4571, 5247, 5488, 5925, 6222, 6328, 6510, 7446, 8006, 8137, 8498, 10135, 10178, 10273, 10537, 10741, 11602, 12053, 14402, 14507, 14518, 14799, 14810, 15007]
Iter#256 New set #3 of size 36 (85.3 its/hit = 0.000s/hit): seed=2326689635470402121 [531, 1020, 2229, 2936, 3002, 3590, 3614, 3914, 4022, 4028, 4296, 4435, 4603, 5204, 5512, 6034, 7333, 7516, 7899, 8103, 8358, 8514, 8534, 9146, 9259, 10284, 11025, 11514, 12525, 12789, 13420, 14142, 14251, 14699, 15529, 15761]
Iter#263 New set #4 of size 36 (65.8 its/hit = 0.000s/hit): seed=9667750789899705260 [206, 908, 1364, 1660, 2888, 3314, 3507, 4124, 4536, 4996, 5704, 6300, 6739, 7150, 7459, 7547, 7798, 8230, 8428, 9124, 9326, 9682, 10190, 10223, 10549, 10884, 11051, 11618, 11644, 12660, 13316, 13364, 14627, 14699, 15537, 16279]
Iter#275 New set #5 of size 36 (55.0 its/hit = 0.000s/hit): seed=3066817715498682162 [333, 790, 1649, 1949, 2043, 2111, 3084, 3878, 5630, 6192, 6271, 6459, 6536, 7821, 8342, 8669, 8960, 9059, 9573, 10272, 11111, 11404, 12462, 12862, 12962, 13008, 13103, 13122, 13169, 13535, 13637, 13759, 14145, 14842, 15411, 15599]
Iter#301 New set #6 of size 36 (50.2 its/hit = 0.000s/hit): seed=13873321693288752670 [23, 393, 783, 1263, 1602, 2121, 2397, 2699, 2878, 3494, 3946, 4457, 5294, 5462, 6121, 6302, 6666, 8422, 8944, 9142, 9233, 9367, 9575, 9616, 10641, 11475, 11820, 12115, 12628, 14593, 15249, 15332, 15554, 15746, 15861, 16294]
Iter#423 New set #7 of size 36 (60.4 its/hit = 0.000s/hit): seed=10866114743567777695 [91, 163, 280, 819, 1007, 1224, 1860, 2439, 2550, 2970, 3920, 4862, 4911, 5189, 5445, 6046, 6050, 6674, 6710, 7139, 7682, 8298, 9248, 9533, 10150, 11146, 11522, 12095, 12902, 13082, 13103, 13687, 13955, 14275, 14928, 15117]
Iter#428 New set #8 of size 36 (53.5 its/hit = 0.000s/hit): seed=3622491846611574527 [151, 376, 975, 1442, 1829, 2712, 2829, 3175, 3179, 3277, 3313, 3497, 4773, 4865, 5472, 5855, 6559, 6716, 7427, 7512, 7927, 8400, 8539, 8860, 8890, 9968, 10973, 11220, 12140, 12246, 14238, 14384, 15134, 15556, 15779, 16039]
Iter#449 New set #1 of size 37 (449.0 its/hit = 0.000s/hit): seed=14328282597239428154 [596, 843, 946, 1642, 2091, 2760, 3016, 3389, 4126, 4262, 4753, 4854, 4858, 5561, 5789, 6148, 6418, 6504, 7075, 9226, 9661, 9792, 10383, 11483, 11617, 11648, 11926, 12222, 12555, 13285, 14388, 14938, 15230, 15316, 15531, 15984, 16262]
Iter#934 New set #2 of size 37 (467.0 its/hit = 0.500s/hit): seed=13273321253155055791 [519, 535, 954, 1075, 1281, 1445, 1599, 1669, 2973, 3326, 4314, 5746, 6484, 6873, 7423, 7445, 7863, 8230, 9026, 9048, 9404, 10164, 10221, 10990, 11046, 11148, 11532, 12180, 12609, 12919, 14151, 14834, 15536, 15558, 15830, 15915, 16026]
Iter#952 New set #3 of size 37 (317.3 its/hit = 0.333s/hit): seed=11252346805294422264 [1041, 1490, 1548, 2209, 2924, 3560, 3895, 4166, 4183, 4894, 5000, 5195, 6216, 6432, 7207, 7324, 7650, 7870, 7903, 8051, 8292, 8494, 9212, 9453, 9613, 9703, 11386, 11911, 11913, 12230, 12788, 13387, 14115, 14236, 14246, 14765, 15759]
Iter#2006 New set #4 of size 37 (501.5 its/hit = 0.750s/hit): seed=12744985544761162961 [448, 556, 587, 839, 1080, 2031, 2096, 2271, 2427, 2534, 3038, 3196, 3658, 4339, 5486, 5641, 5652, 5830, 6591, 6889, 8195, 8297, 8847, 8879, 9699, 9777, 11144, 11490, 12612, 13008, 13065, 13108, 13121, 14705, 14774, 15638, 15758]
Iter#5876 New set #5 of size 37 (1175.2 its/hit = 2.000s/hit): seed=13022275697356500412 [189, 473, 1189, 1533, 2007, 2260, 2331, 2445, 3284, 3471, 4082, 4482, 4723, 4845, 4925, 5411, 5657, 6159, 6481, 6794, 6898, 7661, 9509, 9643, 11312, 11535, 11643, 12618, 12857, 13095, 13596, 13755, 15227, 15334, 15692, 15809, 16170]
Iter#7306 New set #6 of size 37 (1217.7 its/hit = 2.167s/hit): seed=5213981162756400396 [1503, 1741, 1755, 2985, 3370, 3562, 3582, 3786, 3875, 4296, 4635, 4870, 5768, 5796, 7165, 7195, 7623, 8003, 10186, 10247, 10364, 10430, 10448, 10894, 11556, 11638, 12317, 12501, 14001, 14018, 14293, 14540, 14562, 15183, 15786, 15837, 15937]
Iter#10407 New set #7 of size 37 (1486.7 its/hit = 2.571s/hit): seed=6144890936084654253 [164, 402, 406, 720, 824, 2328, 2786, 3027, 3125, 3488, 4159, 4584, 5295, 5459, 5819, 5831, 5848, 5913, 6107, 7232, 8032, 8867, 9180, 10452, 10971, 11143, 11407, 13274, 13451, 13489, 14585, 14816, 15066, 15618, 15789, 15922, 15942]
Iter#11809 New set #8 of size 37 (1476.1 its/hit = 2.625s/hit): seed=4570934210110809771 [48, 393, 726, 1151, 1288, 1531, 1672, 2036, 3645, 3686, 4060, 4508, 4725, 4769, 5567, 6139, 6741, 6810, 7011, 7168, 7681, 8090, 8599, 9810, 10599, 10839, 10867, 11328, 12031, 13771, 13979, 14000, 14510, 15186, 15405, 15913, 16080]
Iter#13779 New set #9 of size 37 (1531.0 its/hit = 2.778s/hit): seed=17806600208014220915 [326, 1550, 2365, 2492, 2513, 3334, 3978, 4173, 4561, 4583, 4595, 4857, 5267, 5442, 5813, 5849, 6339, 6597, 7085, 7706, 9701, 9748, 9813, 10320, 10343, 11321, 12029, 12535, 13107, 13201, 13980, 14409, 14812, 15001, 15538, 15720, 15979]
Iter#16062 New set #10 of size 37 (1606.2 its/hit = 2.900s/hit): seed=715860835963103522 [1114, 1445, 1729, 1884, 2032, 2592, 3190, 3607, 3701, 4609, 4841, 5033, 5769, 5949, 6118, 6196, 7130, 7201, 7306, 7496, 8010, 8468, 8693, 9264, 10021, 10539, 10582, 10800, 11137, 12557, 14037, 14136, 14784, 15134, 15154, 15844, 15955]
Iter#24083 New set #20 of size 37 (1204.2 its/hit = 2.200s/hit): seed=4831289021662394215 [123, 277, 591, 1042, 1284, 1666, 2783, 4006, 4241, 5224, 6379, 6676, 6814, 6916, 7252, 7651, 7877, 8415, 8570, 9080, 9087, 10564, 10797, 11670, 11834, 12592, 12842, 13785, 14064, 14387, 14804, 14824, 15155, 15469, 15604, 16221, 16310]
Iter#29394 New set #30 of size 37 (979.8 its/hit = 1.800s/hit): seed=891906999877987914 [633, 803, 1493, 1523, 2230, 2637, 2844, 3565, 4472, 4688, 4825, 5141, 6378, 6678, 6778, 7194, 7332, 7376, 7854, 7889, 8102, 8173, 8512, 9053, 9760, 9781, 9822, 11634, 11659, 11683, 12347, 13274, 13482, 14175, 14314, 16113, 16334]
Iter#30097 New set #1 of size 38 (30097.0 its/hit = 55.000s/hit): seed=3067862056107284984 [644, 1967, 1969, 2228, 2251, 2626, 3476, 3543, 3779, 4557, 5037, 5328, 5481, 5598, 6634, 6926, 7209, 7395, 7656, 8041, 8205, 8523, 9279, 9426, 10228, 11030, 11109, 11180, 11846, 12283, 12723, 13367, 13690, 13837, 13983, 14090, 14966, 16084]
Iter#30928 New set #2 of size 38 (15464.0 its/hit = 28.500s/hit): seed=2482894390430209776 [72, 604, 722, 989, 1874, 2154, 2711, 3162, 3239, 3686, 4337, 4469, 4896, 4923, 5339, 5379, 5617, 6171, 6252, 6662, 6732, 7473, 7786, 8367, 8724, 8862, 8947, 10039, 10352, 11374, 11577, 11680, 12119, 12820, 13822, 13919, 15240, 15278]
