[*] Computing DDT
[+] DDT Computed
DDT took 5.406351647s
Iter#1 New set #1 of size 34 (1.0 its/hit = 0.000s/hit): seed=10343239333546404493 [148, 260, 911, 1320, 2361, 4902, 5413, 5464, 5784, 5964, 6272, 6871, 6939, 7160, 7546, 7740, 8724, 9482, 9930, 10158, 11163, 11257, 12463, 12587, 12900, 12954, 13066, 13239, 13467, 13958, 15027, 15053, 15438, 16227]
Iter#2 New set #2 of size 34 (1.0 its/hit = 0.000s/hit): seed=11723447968554907272 [284, 832, 1543, 1583, 1748, 2515, 2645, 3832, 4360, 5301, 5423, 6409, 6801, 6819, 6840, 7421, 8826, 8853, 8920, 9247, 11201, 12058, 12394, 12572, 13431, 13544, 13661, 14059, 14326, 14391, 14405, 14993, 15405, 15814]
Iter#4 New set #1 of size 35 (4.0 its/hit = 0.000s/hit): seed=9916082063127968680 [1216, 1231, 1412, 2239, 2893, 3237, 4032, 4808, 4925, 5240, 5285, 5856, 5898, 6169, 6260, 6406, 7407, 8351, 8775, 9568, 9666, 10169, 10779, 11455, 11781, 12011, 12573, 12781, 12795, 13330, 13426, 14151, 14155, 14555, 15435]
Iter#6 New set #1 of size 36 (6.0 its/hit = 0.000s/hit): seed=12738223721234465385 [0, 168, 984, 1938, 1965, 4212, 4351, 5301, 6182, 6306, 7090, 7109, 7253, 7949, 8897, 8955, 9066, 9470, 11200, 11514, 11637, 11672, 11919, 11968, 12062, 12307, 12975, 14598, 14759, 15178, 15184, 15209, 15281, 15292, 15601, 15718]
Iter#10 New set #1 of size 37 (10.0 its/hit = 0.000s/hit): seed=9515314239479974895 [86, 221, 422, 819, 1848, 2149, 3199, 3511, 4449, 5294, 5545, 5756, 5834, 6517, 6571, 7118, 7154, 7573, 7619, 7825, 7993, 8303, 8351, 8363, 8454, 8500, 8558, 8824, 9782, 10832, 11445, 11517, 12534, 12862, 14097, 14203, 15585]
Iter#13 New set #1 of size 43 (13.0 its/hit = 0.000s/hit): seed=3277690507430975470 [933, 1214, 1447, 2241, 3167, 3696, 4219, 5211, 5359, 5680, 5769, 6185, 6247, 8070, 8639, 8732, 9120, 9172, 9455, 9568, 10044, 10048, 10522, 10969, 11310, 11636, 11891, 12397, 13170, 13240, 13432, 13853, 14166, 14244, 14288, 14293, 14336, 14348, 14837, 15588, 15733, 15903, 16052]
Iter#35 New set #2 of size 43 (17.5 its/hit = 0.000s/hit): seed=4673083986974912060 [130, 284, 602, 1095, 1184, 1215, 1344, 1557, 1828, 2332, 2356, 3196, 3402, 3430, 3431, 3514, 3831, 4926, 4951, 5294, 6088, 6646, 7178, 7856, 8396, 8554, 9107, 9370, 9564, 10043, 11182, 11453, 11564, 11986, 12552, 13020, 13460, 14124, 14755, 14850, 14920, 15019, 15981]
Iter#38 New set #3 of size 43 (12.7 its/hit = 0.000s/hit): seed=14333342350292953144 [221, 366, 1105, 2730, 2953, 3528, 3602, 4524, 5927, 5951, 5977, 6425, 6691, 7127, 7281, 7346, 7644, 8119, 8229, 8406, 8522, 9520, 9538, 10399, 10877, 10906, 11028, 11618, 11893, 12231, 12314, 12392, 12924, 13200, 13271, 13368, 14071, 14543, 14940, 15471, 15494, 15745, 16379]
Iter#49 New set #4 of size 43 (12.2 its/hit = 0.000s/hit): seed=5596208712029021201 [231, 513, 617, 715, 1670, 2399, 2699, 3004, 3465, 4027, 4143, 4386, 4865, 5022, 5276, 5693, 6621, 6855, 7776, 7798, 7992, 8216, 8746, 8766, 9960, 10247, 10427, 10690, 10724, 12053, 12241, 12286, 12979, 13927, 13967, 14170, 14281, 14512, 14546, 15113, 15172, 15219, 15558]
Iter#54 New set #5 of size 43 (10.8 its/hit = 0.000s/hit): seed=14663109603816089457 [1142, 1864, 1888, 3002, 3732, 3856, 4267, 4905, 4991, 5210, 5876, 5927, 6239, 6729, 6808, 6876, 7055, 8777, 8971, 9317, 9556, 9693, 9737, 9786, 10164, 10615, 11273, 11408, 11409, 11959, 12201, 12344, 12556, 12669, 12902, 13046, 13513, 13690, 13698, 14410, 15114, 15585, 16227]
Iter#57 New set #6 of size 43 (9.5 its/hit = 0.000s/hit): seed=11620372274940872923 [90, 105, 594, 1630, 2286, 2446, 2493, 2741, 3310, 3487, 3594, 4223, 4487, 4766, 5814, 6532, 7549, 7669, 7719, 7731, 7926, 8010, 8052, 8424, 9184, 10125, 10234, 10311, 10316, 10494, 10867, 10870, 11285, 11532, 11551, 12351, 12413, 13341, 13518, 14470, 15489, 15542, 15672]
Iter#58 New set #7 of size 43 (8.3 its/hit = 0.000s/hit): seed=16855048506526975508 [187, 334, 347, 1359, 1978, 2802, 3202, 3366, 3763, 3870, 4513, 4673, 5071, 5436, 5585, 6002, 6254, 6290, 6458, 6514, 6895, 7386, 7739, 8053, 8182, 8316, 8585, 9134, 10414, 10571, 10750, 11179, 11610, 12215, 12481, 13610, 13876, 14020, 14178, 14737, 15025, 15108, 16073]
Iter#61 New set #8 of size 43 (7.6 its/hit = 0.000s/hit): seed=6801767759997631889 [142, 474, 1386, 1394, 1503, 2557, 2676, 2723, 3037, 3141, 4123, 4279, 4323, 4453, 4681, 5034, 6260, 6533, 7066, 8741, 8807, 9013, 9241, 10125, 10332, 10512, 10695, 11516, 11547, 11796, 11843, 12183, 12547, 13102, 13207, 13768, 14078, 14154, 14622, 14778, 14912, 15680, 15885]
Iter#72 New set #9 of size 43 (8.0 its/hit = 0.000s/hit): seed=1492045360874277359 [148, 508, 1494, 1518, 2054, 2228, 2323, 2603, 3377, 3483, 3607, 4290, 4600, 5296, 5486, 5798, 5837, 6235, 6471, 6480, 6895, 7022, 7819, 7906, 8307, 9085, 9572, 9979, 11005, 12566, 12946, 13169, 13451, 14120, 14414, 14883, 15189, 15229, 15352, 15444, 15630, 15811, 15833]
Iter#78 New set #10 of size 43 (7.8 its/hit = 0.000s/hit): seed=9421056734488798103 [19, 213, 388, 1018, 1450, 1708, 1711, 2133, 2357, 2407, 2669, 2878, 3569, 3825, 4037, 4358, 5055, 5102, 5427, 5467, 5743, 5880, 6028, 7687, 7698, 7899, 8490, 8508, 9450, 9470, 11452, 11599, 11808, 11906, 11956, 12713, 13300, 14000, 14080, 14314, 14938, 15312, 15988]
Iter#187 New set #20 of size 43 (9.4 its/hit = 0.000s/hit): seed=4191223669542523949 [173, 180, 414, 2074, 2356, 2670, 2752, 2975, 3590, 3886, 3956, 4492, 5026, 5320, 5541, 5625, 5647, 6158, 6217, 6223, 6634, 6665, 7732, 7765, 7773, 7946, 7961, 8244, 8786, 8794, 8811, 10350, 10486, 10974, 12449, 12899, 13024, 13118, 13151, 13228, 13375, 13565, 13788]
Iter#273 New set #30 of size 43 (9.1 its/hit = 0.000s/hit): seed=13105593704039483634 [823, 887, 1105, 2046, 3293, 3341, 3466, 3637, 4243, 4496, 5108, 5352, 6491, 6494, 6609, 6701, 6776, 6819, 7057, 7319, 7812, 7822, 7853, 8015, 8672, 8856, 9333, 9435, 9676, 9919, 10369, 11165, 11338, 11467, 11827, 12552, 13318, 14277, 14623, 15402, 16115, 16218, 16304]
Iter#342 New set #1 of size 46 (342.0 its/hit = 0.000s/hit): seed=8919613369644051071 [309, 666, 946, 1217, 1223, 1587, 1850, 2072, 2321, 2650, 2870, 2965, 3484, 3553, 3619, 3653, 3689, 3947, 4062, 4436, 4482, 4666, 4746, 4780, 5999, 6024, 6210, 7509, 7611, 7844, 8555, 8912, 9257, 9440, 9499, 9878, 10110, 11859, 12028, 12545, 12644, 13420, 13534, 14192, 15216, 15353]
Iter#624 New set #2 of size 46 (312.0 its/hit = 0.000s/hit): seed=11157748559083324094 [404, 611, 2007, 3088, 3542, 3551, 4544, 4736, 4985, 6219, 6614, 6707, 6931, 7022, 7153, 7228, 7277, 7798, 8511, 9397, 9663, 10090, 10196, 10229, 10712, 10745, 10959, 11049, 11440, 11711, 11747, 11993, 12313, 12534, 13029, 13147, 13301, 13538, 13989, 14201, 14511, 14808, 14860, 15837, 15840, 15957]
Iter#806 New set #3 of size 46 (268.7 its/hit = 0.333s/hit): seed=6592671622561356836 [457, 882, 1774, 2176, 2795, 2931, 3089, 3134, 3451, 3480, 4009, 4011, 4412, 4714, 5193, 5489, 5758, 5935, 6388, 6664, 6682, 6910, 7128, 7415, 7618, 7632, 7738, 7814, 7965, 8163, 8348, 8621, 8824, 9251, 9460, 10418, 11670, 12122, 12380, 13029, 13154, 13565, 13773, 14194, 15299, 15969]
Iter#815 New set #1 of size 49 (815.0 its/hit = 1.000s/hit): seed=8050380041480226487 [231, 235, 246, 742, 913, 2717, 2809, 2873, 3723, 4360, 4583, 5042, 5153, 5699, 5823, 6860, 7008, 7099, 7111, 7772, 7857, 8329, 8653, 8869, 9032, 9181, 9361, 9420, 9449, 9540, 9872, 9892, 9921, 10333, 11238, 12464, 12939, 12999, 13159, 13393, 13893, 14226, 14320, 14396, 15088, 15139, 15949, 16026, 16159]
Iter#5850 New set #2 of size 49 (2925.0 its/hit = 3.500s/hit): seed=16473151181734118830 [176, 1430, 1485, 1787, 1900, 2165, 2622, 2894, 3372, 3429, 3949, 4050, 4423, 4714, 4829, 4959, 4966, 5129, 5422, 6216, 6616, 6638, 6706, 7503, 7536, 7562, 8529, 8834, 9116, 9227, 9292, 9775, 9904, 10211, 10458, 10553, 10943, 11292, 11479, 11687, 11758, 12200, 12228, 12896, 13552, 14038, 14079, 15244, 15308]
Iter#9176 New set #3 of size 49 (3058.7 its/hit = 3.667s/hit): seed=15369965262282692204 [275, 293, 767, 1044, 1183, 1456, 1677, 1869, 1936, 1982, 2135, 2959, 3405, 4102, 4205, 4873, 5519, 5833, 6302, 7081, 7098, 7110, 7526, 8075, 8175, 8352, 9347, 9444, 9542, 10440, 10749, 10875, 11037, 11053, 11113, 11492, 12026, 12274, 12436, 12675, 13256, 13336, 14674, 14804, 14813, 15488, 15855, 15893, 15998]
Iter#9980 New set #4 of size 49 (2495.0 its/hit = 3.000s/hit): seed=8023646727941141225 [69, 410, 2297, 2532, 2722, 3379, 3505, 3730, 4018, 4080, 4143, 4209, 4338, 4516, 4663, 4841, 5034, 5096, 5371, 6220, 7545, 7806, 7847, 7870, 8149, 8397, 8652, 8720, 9190, 9771, 10511, 10676, 10804, 11075, 11108, 11617, 11907, 12581, 13042, 13242, 13305, 13615, 14351, 14521, 14826, 15254, 15717, 15999, 16079]
Iter#12757 New set #5 of size 49 (2551.4 its/hit = 3.000s/hit): seed=3884377097051047463 [114, 454, 904, 959, 1020, 1483, 1514, 2015, 2783, 2786, 2888, 3015, 3046, 3068, 3228, 3909, 4016, 5103, 5255, 6054, 6323, 6380, 6823, 6919, 7374, 7899, 8129, 9083, 9213, 9513, 9793, 11290, 11322, 11716, 12007, 12290, 13135, 13413, 13549, 14070, 14195, 14426, 14974, 15135, 15328, 15665, 15723, 15925, 15991]
Iter#13636 New set #6 of size 49 (2272.7 its/hit = 2.667s/hit): seed=18224812649195592163 [208, 1205, 1350, 1895, 1913, 2440, 2729, 4061, 4343, 4352, 4402, 4599, 4700, 4822, 4848, 5353, 5503, 5955, 6089, 6287, 6365, 6679, 6842, 6923, 7295, 8003, 8146, 8729, 8767, 9326, 9439, 9765, 10106, 10109, 10951, 11443, 11572, 11984, 12004, 12574, 13302, 13445, 13742, 13759, 13769, 14506, 14608, 14961, 16358]
Iter#14231 New set #7 of size 49 (2033.0 its/hit = 2.429s/hit): seed=5663676543651564590 [83, 149, 438, 906, 1057, 1607, 1703, 2422, 2803, 2835, 4243, 4358, 4553, 4826, 4922, 5023, 5493, 5538, 6106, 6205, 6687, 6764, 7599, 7613, 7794, 8251, 8876, 9014, 9157, 9345, 9478, 9635, 9842, 10211, 10596, 10899, 11108, 11672, 11950, 12293, 12717, 12804, 13541, 13899, 14129, 15193, 15487, 15809, 15927]
Iter#15693 New set #1 of size 55 (15693.0 its/hit = 19.000s/hit): seed=3566249513989091900 [359, 579, 780, 1009, 1065, 1101, 1416, 1605, 2005, 2468, 2761, 2763, 3139, 3329, 3590, 4680, 4744, 4995, 5531, 5565, 5691, 6080, 6161, 6960, 7027, 7341, 7774, 7923, 8380, 8576, 8662, 8917, 9182, 9412, 10529, 10980, 10998, 11195, 11444, 11455, 11973, 12274, 12831, 12949, 13278, 13891, 13917, 14560, 14705, 14880, 15330, 15500, 15871, 15979, 16069]
Iter#19033 New set #1 of size 130 (19033.0 its/hit = 23.000s/hit): seed=17179791836378855235 [37, 94, 186, 221, 280, 337, 969, 1404, 1409, 1643, 1733, 2099, 2182, 2362, 2402, 2475, 2831, 2908, 3101, 3275, 3285, 3540, 3581, 3705, 3739, 3820, 4088, 4270, 4419, 4515, 4799, 5068, 5185, 5362, 5560, 5727, 5958, 6132, 6476, 6552, 6656, 6662, 6677, 6760, 7378, 7436, 7477, 7483, 7557, 7599, 7669, 7733, 7748, 7847, 7891, 7892, 8076, 8080, 8092, 8127, 8243, 8252, 8330, 8494, 8505, 8772, 9067, 9082, 9165, 9205, 9206, 9207, 9271, 9577, 9619, 9756, 9772, 9927, 10106, 10274, 10292, 10364, 10695, 10912, 10950, 10956, 10978, 11067, 11260, 11329, 11340, 11512, 11600, 11827, 11909, 12119, 12126, 12616, 12685, 12731, 13136, 13176, 13265, 13308, 13403, 13492, 13542, 13766, 13881, 13884, 13913, 13981, 14199, 14214, 14278, 14285, 14350, 14359, 14411, 14744, 14809, 14880, 15124, 15136, 15494, 15589, 15744, 15982, 16120, 16360]
Iter#521380 New set #2 of size 130 (260690.0 its/hit = 415.500s/hit): seed=8357714369484468622 [5, 18, 20, 255, 286, 340, 454, 464, 490, 628, 762, 896, 933, 1070, 1240, 1338, 1439, 1553, 1977, 2065, 2089, 2122, 2128, 2377, 2423, 2465, 2616, 2712, 2723, 2843, 2894, 2946, 2995, 3142, 3279, 3333, 3356, 3432, 3487, 4032, 4121, 4617, 4753, 4847, 5218, 5332, 5574, 5679, 5721, 5763, 5878, 6462, 6679, 6683, 6738, 6777, 6889, 7215, 7267, 7394, 7451, 7907, 7988, 8028, 8306, 8353, 8385, 8401, 8539, 8575, 8701, 8726, 8832, 8879, 8998, 9025, 9064, 9090, 9298, 9318, 9359, 9433, 9503, 9506, 9662, 9703, 9939, 10170, 10265, 10857, 10942, 11311, 11356, 11499, 11759, 12073, 12318, 12386, 12473, 12517, 12618, 12668, 12800, 12919, 13384, 13598, 13772, 13830, 13837, 13843, 14183, 14216, 14385, 14430, 14548, 14603, 14775, 14859, 14934, 15204, 15517, 15640, 15654, 15657, 15700, 15725, 15800, 16124, 16331, 16363]
Iter#641634 New set #3 of size 130 (213878.0 its/hit = 341.333s/hit): seed=6599309478571996926 [22, 99, 342, 571, 613, 631, 719, 730, 849, 946, 962, 1038, 1392, 1436, 1502, 1569, 1584, 1631, 1633, 1831, 2204, 2347, 2350, 2617, 2650, 2886, 3050, 3135, 3184, 3192, 3381, 3566, 3829, 4042, 4151, 4152, 4178, 4274, 4284, 4367, 4494, 4527, 4530, 4663, 4691, 4705, 5195, 5333, 5452, 5481, 5501, 5566, 5820, 5831, 5918, 6050, 6273, 6402, 6526, 6658, 6674, 6904, 7356, 7374, 7503, 7523, 7615, 8100, 8165, 8185, 8300, 8610, 8696, 8774, 8805, 8818, 8992, 9181, 9245, 9349, 9540, 9574, 9616, 9787, 9831, 10422, 10469, 10751, 10849, 10909, 11077, 11205, 11464, 11539, 11676, 11697, 11731, 11736, 12054, 12135, 12407, 12415, 12455, 12489, 12496, 13097, 13139, 13155, 13274, 13433, 13557, 13577, 13718, 13791, 14071, 14083, 14281, 14544, 14614, 14652, 14672, 14943, 15278, 15461, 15515, 15777, 15976, 16023, 16055, 16078]
Iter#819394 New set #4 of size 130 (204848.5 its/hit = 327.750s/hit): seed=8662830114116095243 [55, 72, 314, 320, 336, 471, 795, 834, 1214, 1275, 1397, 1419, 1421, 1551, 1748, 2137, 2165, 2657, 2874, 3000, 3150, 3275, 3449, 3512, 3558, 3604, 3633, 3687, 3739, 3886, 4171, 4332, 4473, 4483, 4629, 4901, 4908, 5047, 5374, 5547, 5566, 5594, 5635, 5661, 5839, 6257, 6370, 6421, 6529, 6547, 6561, 6565, 6741, 7037, 7081, 7783, 7949, 7980, 8114, 8188, 8313, 8495, 8520, 8537, 8577, 8610, 8777, 8871, 8976, 9007, 9197, 9336, 9601, 9897, 9956, 10232, 10388, 10411, 10452, 10800, 10920, 11338, 11434, 11504, 11818, 12100, 12211, 12221, 12315, 12323, 12336, 12376, 12447, 12541, 12542, 12707, 12799, 12841, 12914, 13003, 13064, 13132, 13156, 13157, 13216, 13438, 13481, 13656, 13915, 13972, 14074, 14135, 14149, 14153, 14158, 14197, 14460, 14491, 14601, 14703, 14988, 15235, 15391, 15478, 15548, 15552, 15599, 15618, 15860, 16233]
Iter#841599 New set #5 of size 130 (168319.8 its/hit = 269.400s/hit): seed=6787559638188860964 [63, 78, 420, 727, 890, 969, 1071, 1209, 1682, 1929, 2245, 2303, 2333, 2356, 2389, 2452, 2729, 2892, 3240, 3241, 3340, 3467, 3883, 4034, 4037, 4063, 4096, 4126, 4146, 4535, 4572, 4685, 4838, 4911, 5127, 5159, 5174, 5335, 5337, 5408, 5439, 5528, 5540, 5859, 5929, 6082, 6183, 6233, 6298, 6346, 6376, 6429, 6606, 6691, 6698, 6799, 6915, 6926, 6933, 6991, 7002, 7462, 7535, 7641, 7815, 8167, 8205, 8250, 8352, 8539, 8575, 8707, 8719, 9081, 9143, 9241, 9248, 9509, 9607, 9741, 9791, 9886, 9955, 10246, 10249, 10266, 10286, 10395, 10561, 10814, 10826, 10860, 11071, 11204, 11237, 11284, 11336, 11439, 11837, 11848, 12116, 12175, 12379, 12758, 12768, 12776, 12894, 13261, 13335, 13556, 13570, 13574, 13634, 13676, 13770, 13835, 13860, 13888, 13923, 14689, 14744, 14904, 15146, 15221, 15251, 15488, 15645, 15710, 15767, 16063]
Iter#987370 New set #6 of size 130 (164561.7 its/hit = 263.500s/hit): seed=7931131810478988693 [163, 455, 515, 691, 712, 794, 826, 1108, 1190, 1553, 1672, 1708, 1848, 1867, 1972, 1985, 2018, 2235, 2289, 2295, 2445, 2452, 2816, 2856, 3017, 3147, 3307, 3589, 3648, 3699, 3700, 3981, 4076, 4185, 4268, 4331, 4340, 4490, 4582, 4610, 4656, 4682, 4828, 4933, 5106, 5151, 5260, 5275, 5422, 5509, 5550, 5787, 5797, 5814, 5862, 5868, 5939, 6043, 6100, 6376, 6684, 6793, 6857, 6875, 7052, 7101, 7208, 7309, 7403, 7413, 7713, 7750, 8334, 8359, 8360, 8484, 8546, 8569, 8663, 8959, 9551, 9837, 9966, 10361, 10371, 10497, 10801, 10915, 11419, 11486, 11532, 11881, 11951, 11983, 12126, 12298, 12319, 12565, 12785, 12814, 12937, 13071, 13396, 13461, 13626, 13853, 13959, 14007, 14067, 14105, 14299, 14470, 14574, 14611, 14630, 14741, 14749, 14879, 15124, 15178, 15299, 15467, 15538, 15780, 15808, 15850, 15892, 16128, 16363, 16369]
Iter#1002291 New set #7 of size 130 (143184.4 its/hit = 229.286s/hit): seed=16609210488857387382 [97, 300, 365, 390, 465, 475, 483, 493, 558, 813, 862, 1075, 1190, 1212, 1309, 1485, 1488, 1740, 1890, 2008, 2110, 2221, 2350, 2392, 2621, 3021, 3042, 3090, 3224, 3386, 3405, 3609, 3767, 3844, 4132, 4173, 4181, 4259, 4280, 4357, 4538, 4544, 4601, 4656, 5018, 5281, 5452, 5731, 5739, 5762, 5810, 6135, 6216, 6241, 6367, 6801, 6953, 7040, 7130, 7166, 7246, 7368, 7484, 7563, 7582, 7583, 7604, 7719, 7859, 7916, 8102, 8135, 8239, 8258, 8413, 8508, 8517, 8745, 8872, 8875, 9121, 9347, 9415, 9599, 9655, 10155, 10289, 10298, 10309, 10478, 10488, 10611, 11155, 11166, 11269, 11296, 11488, 11494, 11530, 11721, 12029, 12280, 12501, 12615, 13023, 13057, 13134, 13208, 13307, 13311, 13403, 13823, 13893, 13981, 14451, 14472, 14538, 14771, 14837, 14839, 15010, 15080, 15089, 15201, 15344, 15351, 15448, 15674, 15930, 16159]
Iter#1041264 New set #8 of size 130 (130158.0 its/hit = 208.500s/hit): seed=2610267455506735335 [64, 339, 462, 468, 690, 819, 1017, 1024, 1033, 1211, 1237, 1238, 1335, 1497, 1518, 1648, 1689, 1917, 1973, 2107, 2205, 2329, 2391, 2399, 2403, 2542, 2655, 2693, 2710, 2782, 2805, 2829, 2991, 3063, 3161, 3299, 3421, 3689, 3892, 3996, 4001, 4105, 4331, 4366, 4396, 4412, 4413, 4790, 4907, 5234, 5595, 5751, 5754, 5757, 5870, 5875, 6256, 6267, 6341, 6513, 6540, 6671, 6734, 6746, 6826, 6847, 6902, 6965, 7279, 7330, 7640, 8076, 8433, 8794, 8927, 9029, 9217, 9436, 9476, 9547, 9601, 9728, 9810, 9979, 10125, 10385, 10548, 10696, 10772, 10821, 10951, 11124, 11504, 11564, 11744, 11827, 11845, 11863, 11944, 12072, 12275, 12368, 12370, 12565, 12659, 12705, 12728, 12878, 12966, 13064, 13312, 13600, 14003, 14041, 14125, 14138, 14266, 14333, 14376, 14431, 14657, 14670, 14688, 14866, 15425, 15949, 15973, 16123, 16130, 16235]
Iter#1396998 New set #9 of size 130 (155222.0 its/hit = 248.444s/hit): seed=14770774922237261918 [64, 102, 556, 564, 598, 713, 781, 826, 838, 1043, 1207, 1221, 1265, 1459, 1467, 1472, 1652, 1891, 1974, 1977, 1981, 2307, 2349, 2601, 2828, 2853, 2989, 3107, 3180, 3206, 3659, 3859, 3866, 3908, 3914, 4093, 4187, 4193, 4236, 4323, 4382, 4469, 4728, 4966, 5009, 5014, 5042, 5115, 5327, 5358, 5577, 5679, 5704, 6139, 6157, 6451, 6586, 6884, 6948, 7488, 7569, 7685, 7695, 7808, 7964, 8073, 8278, 8390, 8471, 8492, 8689, 8744, 8861, 8872, 9177, 9205, 9216, 9485, 9545, 9727, 9898, 10007, 10058, 10077, 10187, 10228, 10540, 10687, 10732, 11316, 11561, 11567, 11596, 11718, 11748, 11881, 11982, 12034, 12150, 12174, 12340, 12344, 12410, 12535, 13081, 13806, 13895, 13941, 14012, 14061, 14114, 14173, 14233, 14359, 14520, 14613, 14648, 14713, 14771, 15013, 15069, 15371, 15557, 15711, 15955, 16087, 16211, 16295, 16312, 16359]
Iter#1582516 New set #10 of size 130 (158251.6 its/hit = 253.000s/hit): seed=13024208733281950319 [11, 84, 227, 245, 349, 369, 370, 615, 628, 664, 1106, 1959, 1970, 1981, 2028, 2060, 2187, 2241, 2328, 2369, 2381, 2652, 2709, 2738, 2835, 3098, 3398, 3451, 3616, 3953, 4101, 4319, 4330, 4411, 4619, 4720, 4850, 4857, 4900, 5002, 5022, 5102, 5106, 5236, 5331, 5585, 5591, 5746, 5780, 6083, 6222, 6415, 6480, 6500, 6535, 6674, 6783, 7048, 7090, 7151, 7600, 7916, 8088, 8151, 8295, 8376, 8426, 8469, 8593, 8598, 9067, 9071, 9191, 9482, 9553, 9571, 9669, 9795, 9850, 10024, 10081, 10095, 10140, 10196, 10289, 10420, 10680, 10832, 10997, 11028, 11030, 11070, 11072, 11366, 11509, 11598, 11760, 11967, 12132, 12198, 12384, 12418, 12466, 12587, 12632, 12654, 12815, 12834, 13148, 13224, 13274, 13384, 13631, 13853, 13955, 14108, 14199, 14207, 14257, 14391, 14698, 15024, 15231, 15371, 15598, 15614, 15660, 15692, 15803, 16326]
Iter#2966861 New set #20 of size 130 (148343.0 its/hit = 235.600s/hit): seed=16819054529740949270 [84, 717, 859, 898, 987, 1045, 1102, 1157, 1250, 1430, 1451, 1587, 1634, 1712, 1718, 1727, 1779, 1888, 2020, 2129, 2265, 2384, 2401, 2472, 2473, 2476, 2759, 2773, 2797, 3117, 3171, 3308, 3526, 3744, 3859, 3876, 3903, 3905, 3922, 4006, 4188, 4343, 4363, 4389, 4464, 4523, 4538, 4816, 4856, 5061, 5325, 5394, 5452, 5721, 5843, 5875, 5886, 6082, 6102, 6157, 6567, 7107, 7194, 7228, 7284, 7549, 7711, 7973, 8206, 8591, 8639, 8783, 8848, 8976, 9260, 9292, 9586, 9755, 9823, 9919, 9950, 10145, 10373, 10414, 10476, 10530, 10574, 10577, 10743, 10997, 11240, 11310, 11323, 11534, 11666, 11686, 11725, 11882, 12448, 12455, 12531, 12547, 12618, 12797, 12875, 13064, 13170, 13349, 13582, 13609, 13728, 13798, 13926, 13973, 14413, 14454, 14483, 14654, 14690, 14956, 15016, 15066, 15104, 15221, 15702, 15720, 15861, 16015, 16095, 16351]
Iter#4726217 New set #30 of size 130 (157540.6 its/hit = 250.033s/hit): seed=623906765568615021 [26, 129, 136, 440, 558, 724, 833, 998, 1378, 1454, 1456, 1542, 1555, 1655, 1875, 2052, 2256, 2552, 2568, 2572, 2604, 2622, 2744, 2895, 3036, 3103, 3153, 3201, 3232, 3530, 4278, 4335, 4730, 4759, 4845, 4861, 5018, 5093, 5497, 5538, 5664, 5670, 5848, 5907, 5974, 6165, 6295, 6604, 7128, 7156, 7299, 7478, 7580, 7609, 7626, 7701, 7755, 7892, 8038, 8163, 8205, 8357, 8392, 8393, 8417, 8550, 8580, 8671, 8718, 8786, 9010, 9040, 9043, 9102, 9117, 9142, 9205, 9370, 9432, 9443, 9444, 9448, 9529, 9559, 9718, 9973, 9988, 10195, 10286, 10529, 10916, 10946, 11062, 11217, 11460, 11865, 11951, 12049, 12098, 12141, 12210, 12251, 12352, 12418, 12477, 12554, 12772, 12815, 12844, 12930, 13029, 13044, 13268, 13397, 13572, 13641, 13868, 14293, 14597, 14749, 15110, 15161, 15225, 15376, 15390, 15593, 15751, 16135, 16221, 16359]
Iter#6731045 New set #40 of size 130 (168276.1 its/hit = 267.775s/hit): seed=5759431995668507464 [649, 765, 861, 1084, 1249, 1360, 1390, 1730, 2162, 2307, 2318, 2726, 2754, 2794, 2891, 3153, 3271, 3383, 3394, 3460, 3570, 3939, 4114, 4234, 4434, 4501, 4708, 4808, 4942, 4964, 5113, 5179, 5273, 5601, 5702, 5739, 5748, 5762, 5880, 5970, 5994, 6172, 6266, 6629, 6727, 6881, 6906, 6986, 7083, 7170, 7265, 7361, 7526, 7560, 7625, 7758, 7797, 7808, 7846, 8085, 8290, 8362, 8424, 8443, 8678, 8692, 8798, 8811, 9088, 9117, 9131, 9132, 9406, 9484, 9647, 9778, 9905, 9907, 9917, 9921, 10060, 10154, 10212, 10791, 10886, 10956, 11025, 11076, 11190, 11247, 11259, 11317, 11341, 11516, 11531, 11551, 11985, 12012, 12371, 12559, 12576, 12639, 12736, 13271, 13280, 13301, 13377, 13690, 13694, 13730, 13762, 13913, 13992, 14110, 14362, 14602, 14812, 14897, 14996, 15019, 15049, 15263, 15334, 15514, 15551, 15900, 15922, 15969, 16024, 16102]
Iter#8467778 New set #50 of size 130 (169355.6 its/hit = 268.760s/hit): seed=10942364330561644455 [66, 140, 178, 507, 802, 1113, 1225, 1298, 1339, 1537, 1688, 2228, 2330, 2345, 2777, 2788, 2790, 3016, 3405, 3439, 3465, 3592, 3672, 3673, 3767, 3816, 4080, 4100, 4149, 4218, 4582, 4830, 4836, 4859, 5215, 5393, 5405, 5494, 5633, 5718, 5807, 6041, 6047, 6079, 6122, 6207, 6466, 6481, 6536, 6706, 6929, 6945, 6969, 7047, 7195, 7279, 7331, 7507, 7901, 8158, 8255, 8313, 8360, 8398, 8456, 8461, 8625, 8667, 8681, 9117, 9463, 9481, 9537, 9541, 9614, 9923, 9940, 9951, 10126, 10259, 10322, 10330, 10433, 10459, 10464, 10511, 10564, 10774, 10848, 10902, 10940, 10990, 11080, 11353, 11428, 11431, 11485, 11895, 12270, 12387, 12554, 12718, 12917, 13438, 13683, 13739, 14105, 14128, 14141, 14380, 14477, 14505, 14578, 14626, 14657, 14708, 14793, 14849, 14862, 15078, 15125, 15137, 15233, 15590, 15639, 15922, 16140, 16214, 16253, 16314]
