[*] Computing DDT
[+] DDT Computed
DDT took 5.557857745s
Iter#1 New set #1 of size 39 (1.0 its/hit = 0.000s/hit): seed=1666357524381800788 [33, 462, 786, 1144, 1265, 1682, 2362, 2364, 3393, 3410, 3501, 3677, 3915, 4351, 4592, 5201, 5647, 6393, 7260, 7297, 7570, 7771, 8264, 8336, 8582, 9448, 9692, 10797, 11162, 13626, 14441, 14473, 14678, 14841, 15377, 15380, 15834, 16147, 16224]
Iter#10 New set #2 of size 39 (5.0 its/hit = 0.000s/hit): seed=3176470528214293036 [606, 1326, 1532, 1808, 1869, 2031, 2047, 2525, 2947, 3075, 3508, 3526, 4385, 4446, 4759, 4991, 5835, 6272, 6396, 6818, 6911, 7477, 8050, 8155, 10206, 10392, 10414, 11079, 11124, 11342, 11489, 11670, 12698, 14553, 15300, 15561, 15756, 16143, 16149]
Iter#11 New set #3 of size 39 (3.7 its/hit = 0.000s/hit): seed=13940766563838264951 [322, 747, 798, 1544, 1559, 2084, 2367, 2817, 3074, 3143, 3961, 4181, 4284, 4908, 5725, 6280, 6570, 7387, 7967, 7979, 8966, 9555, 9974, 10191, 10492, 10508, 10595, 10795, 11174, 12085, 12139, 13154, 13260, 13937, 14488, 14646, 15362, 15807, 16190]
Iter#33 New set #1 of size 40 (33.0 its/hit = 0.000s/hit): seed=4990351899912643525 [443, 817, 1288, 2548, 3324, 3833, 4299, 4636, 5012, 5371, 5516, 5788, 6198, 6266, 6711, 6752, 6803, 6935, 7250, 7512, 7657, 7929, 8040, 8220, 8223, 8296, 8848, 9297, 9455, 10421, 10436, 10852, 11231, 11893, 12892, 13669, 13878, 14221, 16181, 16334]
Iter#49 New set #2 of size 40 (24.5 its/hit = 0.000s/hit): seed=3533096502113919657 [180, 442, 664, 779, 911, 1527, 1690, 3020, 3231, 3403, 3959, 4080, 4335, 4362, 4987, 5440, 5619, 6476, 6907, 6908, 7023, 7162, 7415, 7820, 8191, 8449, 9417, 9857, 9985, 9991, 10458, 11487, 11658, 12037, 12681, 13325, 14154, 14917, 15226, 15611]
Iter#130 New set #3 of size 40 (43.3 its/hit = 0.000s/hit): seed=12168215897099338798 [305, 353, 400, 750, 991, 1669, 1801, 1844, 1904, 2071, 2560, 3417, 3681, 4294, 4765, 4985, 6460, 6957, 7563, 7678, 8101, 9296, 9817, 10492, 10892, 12035, 12480, 12583, 12785, 12846, 13087, 13349, 14053, 14151, 14233, 14841, 15546, 15732, 16155, 16169]
Iter#174 New set #4 of size 40 (43.5 its/hit = 0.000s/hit): seed=14559569124887355494 [509, 1159, 1173, 2470, 2479, 2723, 2940, 3620, 3927, 4036, 5309, 5440, 5851, 7436, 7591, 7697, 8404, 8489, 8767, 8878, 8946, 9061, 9808, 9823, 10076, 10210, 10694, 11555, 11585, 12420, 13417, 13716, 13907, 14642, 14760, 15045, 15261, 15352, 15486, 15920]
Iter#290 New set #1 of size 42 (290.0 its/hit = 0.000s/hit): seed=9461576388433631979 [246, 763, 1361, 2269, 2602, 2911, 2916, 2985, 3368, 3395, 4195, 4296, 4747, 4758, 4932, 5981, 6272, 6350, 6804, 7624, 8012, 8133, 8296, 8350, 9038, 9629, 10642, 11063, 11201, 11459, 12166, 12987, 13062, 13430, 13810, 13858, 13885, 13911, 14888, 15197, 15891, 15959]
Iter#324 New set #1 of size 46 (324.0 its/hit = 0.000s/hit): seed=6211465987450973060 [0, 224, 273, 845, 869, 1291, 1646, 1770, 1960, 2243, 2635, 2707, 2946, 2958, 3476, 3621, 4312, 4609, 4706, 5127, 5164, 5351, 6584, 6948, 7004, 7355, 8369, 9984, 10756, 10821, 11002, 11034, 11086, 11116, 11451, 11757, 12576, 12803, 14325, 14701, 14712, 15313, 15398, 15452, 15459, 15675]
Iter#1159 New set #2 of size 46 (579.5 its/hit = 0.500s/hit): seed=5156923131496435726 [0, 225, 819, 1177, 1367, 1680, 1682, 1765, 2200, 2701, 3604, 4097, 4494, 4806, 4852, 4991, 5220, 6901, 7302, 7328, 7383, 8098, 8117, 8119, 8809, 8945, 9173, 9211, 9246, 10057, 11020, 11027, 11035, 11245, 11398, 11657, 12154, 12458, 12463, 13040, 13274, 14618, 15005, 15262, 15436, 16383]
Iter#17768 New set #3 of size 46 (5922.7 its/hit = 9.333s/hit): seed=8490686695682383767 [0, 738, 1335, 1457, 2079, 2165, 2187, 2302, 2699, 3394, 3898, 4024, 4341, 5090, 5191, 5285, 5286, 5971, 6699, 6932, 7213, 7354, 8024, 8092, 8243, 8423, 9076, 9095, 9473, 10102, 10863, 11940, 12306, 12325, 12518, 12600, 12804, 13203, 13265, 13623, 14262, 14272, 14432, 15403, 16170, 16200]
Iter#31027 New set #4 of size 46 (7756.8 its/hit = 12.500s/hit): seed=7761372413268449886 [0, 228, 682, 693, 994, 1154, 1900, 2592, 2913, 3256, 3472, 3746, 4786, 4948, 5137, 5505, 5554, 5895, 6183, 6752, 7904, 8155, 8414, 9439, 9446, 9921, 10223, 10836, 10873, 10879, 10928, 11420, 11620, 11646, 11914, 12238, 12758, 13127, 13933, 14010, 14703, 15038, 15553, 15656, 15838, 16074]
Iter#40866 New set #5 of size 46 (8173.2 its/hit = 13.200s/hit): seed=10654227426262504490 [0, 133, 317, 384, 1495, 1886, 2011, 2517, 2729, 2836, 2857, 3151, 3659, 3831, 3902, 4105, 4165, 4649, 5001, 5240, 6050, 6469, 7314, 7357, 7618, 7934, 9102, 9868, 10243, 10854, 12224, 13356, 13378, 13477, 13532, 13691, 13836, 14043, 14349, 14389, 14600, 15330, 15483, 15983, 16261, 16345]
Iter#41705 New set #6 of size 46 (6950.8 its/hit = 11.167s/hit): seed=2906828018852336643 [0, 174, 220, 401, 824, 934, 1106, 1297, 1459, 2469, 2561, 2735, 2812, 3188, 3557, 3631, 4437, 5077, 5344, 5518, 6023, 6167, 6337, 7081, 7165, 7211, 7979, 8183, 8213, 8284, 9005, 9210, 10728, 10948, 11686, 12139, 12357, 12585, 12657, 13462, 13745, 13814, 14522, 15787, 15908, 16222]
Iter#43272 New set #7 of size 46 (6181.7 its/hit = 10.000s/hit): seed=12028830236215870621 [0, 497, 1590, 1844, 2015, 4131, 4477, 4491, 5705, 5846, 6424, 6832, 7002, 7074, 7108, 7506, 7739, 7828, 8037, 8066, 8908, 9132, 9466, 9671, 9768, 10185, 10894, 10922, 11058, 11339, 11725, 11737, 11750, 12427, 13488, 13493, 13935, 14601, 15028, 15137, 15152, 15464, 15730, 15737, 15875, 16086]
Iter#57764 New set #8 of size 46 (7220.5 its/hit = 11.625s/hit): seed=3373964459163151239 [0, 216, 624, 807, 889, 1449, 1610, 1752, 2575, 2747, 2790, 2820, 2970, 3313, 3495, 3548, 3635, 4204, 4612, 5721, 5903, 6481, 6506, 6774, 6776, 7627, 8300, 8568, 8608, 9342, 10677, 10698, 10890, 10960, 12190, 12747, 13243, 14068, 14222, 14548, 15513, 15745, 15878, 16058, 16275, 16352]
Iter#63609 New set #1 of size 49 (63609.0 its/hit = 103.000s/hit): seed=15913725754915735365 [0, 109, 140, 365, 1079, 1211, 1215, 2211, 2467, 3038, 3088, 3435, 3839, 4557, 4867, 5280, 5350, 5412, 6150, 6365, 6510, 7261, 7394, 7427, 7533, 8534, 8856, 8924, 8953, 9205, 9826, 10361, 10986, 11244, 11270, 11590, 12091, 12118, 12160, 13036, 13154, 14140, 14935, 14948, 15119, 15709, 16001, 16091, 16138]
Iter#87336 New set #2 of size 49 (43668.0 its/hit = 70.500s/hit): seed=10817669494422525857 [0, 138, 516, 816, 968, 1311, 1397, 1429, 3156, 3157, 3603, 3844, 3931, 3942, 3997, 4318, 4376, 4389, 4499, 4891, 5173, 5229, 6915, 7163, 7186, 7293, 7970, 8363, 8938, 9479, 9679, 10187, 10208, 10427, 11667, 11794, 11843, 12406, 12686, 12768, 13390, 13752, 14047, 14941, 15394, 15693, 15876, 16100, 16257]
Iter#116430 New set #1 of size 52 (116430.0 its/hit = 188.000s/hit): seed=8190201466893697303 [0, 177, 498, 673, 1239, 1318, 1534, 1867, 2029, 2267, 2591, 2718, 3391, 3603, 3894, 3897, 4030, 4188, 4308, 4599, 4779, 4950, 5259, 5338, 5612, 6039, 7683, 7974, 8084, 8177, 8444, 8769, 9306, 11111, 11122, 11929, 12011, 12413, 12492, 12726, 12987, 13350, 13390, 13876, 14750, 14941, 15530, 15589, 15621, 15719, 15935, 16085]
Iter#132833 New set #1 of size 55 (132833.0 its/hit = 215.000s/hit): seed=3163005832810437854 [0, 579, 1630, 2282, 2438, 2533, 2581, 2788, 3021, 3147, 3784, 3892, 4003, 4018, 4440, 4933, 4982, 5498, 5509, 5621, 5883, 6204, 7090, 7953, 8040, 8240, 8371, 8402, 8445, 8599, 9007, 9438, 9746, 10711, 11056, 11608, 12523, 12614, 13126, 13622, 13993, 14154, 14188, 14244, 14247, 14340, 14380, 14480, 14574, 14764, 14959, 14994, 15431, 16204, 16217]
Iter#400921 New set #2 of size 55 (200460.5 its/hit = 325.000s/hit): seed=17923894400047181149 [0, 5, 441, 444, 507, 616, 842, 1833, 1980, 2075, 3008, 3225, 4293, 4936, 5217, 5240, 5567, 5700, 5771, 5852, 6162, 6927, 7197, 7499, 7517, 7654, 8020, 8941, 9300, 10075, 10243, 10303, 10445, 10663, 10929, 10998, 11037, 11290, 11425, 11467, 11924, 12050, 12879, 13320, 13645, 13683, 13831, 14107, 14187, 14408, 14690, 14991, 15444, 15483, 16142]
Iter#434428 New set #3 of size 55 (144809.3 its/hit = 234.667s/hit): seed=17569853050534168319 [0, 1403, 1438, 1759, 2376, 2618, 2862, 3364, 3628, 3665, 3833, 4750, 5185, 5433, 5465, 5791, 7017, 7099, 7358, 7961, 7985, 8879, 9169, 9266, 9735, 10326, 10562, 10746, 10945, 10994, 11321, 11560, 11640, 12239, 12284, 12774, 13080, 13421, 13461, 13687, 13693, 13767, 13900, 14051, 14062, 14401, 14727, 15107, 15385, 15423, 15681, 16195, 16199, 16280, 16330]
Iter#584774 New set #4 of size 55 (146193.5 its/hit = 236.500s/hit): seed=10095122120537074305 [0, 220, 316, 471, 626, 703, 865, 869, 1291, 1510, 1646, 1762, 1844, 1971, 2014, 2638, 3268, 3328, 3766, 4477, 4857, 5051, 5167, 5247, 5703, 5705, 5824, 5898, 5951, 6101, 6447, 7979, 8183, 8383, 8437, 8461, 10249, 10706, 10713, 10809, 11075, 11261, 11356, 11882, 11901, 12202, 12255, 14186, 14282, 14393, 14406, 14875, 15147, 15192, 16131]
Iter#619882 New set #5 of size 55 (123976.4 its/hit = 200.600s/hit): seed=7372632033510223271 [0, 494, 807, 1009, 1174, 1233, 1288, 1785, 2118, 2181, 2914, 3280, 3639, 3944, 4030, 4223, 4468, 4974, 5166, 5198, 5398, 5541, 5718, 6330, 6481, 6774, 7324, 7739, 7796, 8299, 8450, 8540, 9322, 9352, 9448, 9478, 9720, 9925, 10141, 10631, 10894, 11009, 11828, 12987, 13035, 13349, 13493, 13703, 13769, 14310, 14582, 15358, 15621, 15703, 16167]
Iter#877766 New set #6 of size 55 (146294.3 its/hit = 236.667s/hit): seed=15894708261764227947 [0, 30, 172, 338, 393, 590, 930, 1134, 1401, 1416, 1430, 1434, 1554, 1565, 1668, 1966, 2004, 2035, 2221, 2252, 2330, 2373, 2750, 3405, 4089, 4552, 4756, 4932, 5136, 5693, 6236, 6354, 6393, 6922, 7319, 7597, 7695, 8422, 9295, 9954, 10353, 10531, 10661, 10766, 11115, 11118, 11461, 11490, 11644, 12063, 12216, 12882, 13692, 13776, 15848]
Iter#988617 New set #7 of size 55 (141231.0 its/hit = 228.429s/hit): seed=4494154614055287231 [0, 224, 531, 686, 799, 908, 1180, 1508, 1753, 1918, 2054, 2821, 2868, 2893, 3495, 4008, 4165, 4204, 4258, 4453, 4509, 4841, 4915, 5127, 5351, 5446, 5516, 7345, 7511, 7627, 8146, 8623, 9046, 9148, 9754, 10225, 10294, 11310, 11360, 11607, 12081, 12144, 12224, 12279, 12450, 12599, 12642, 12854, 12855, 13447, 13551, 13852, 14042, 14642, 16261]
Iter#1402335 New set #8 of size 55 (175291.9 its/hit = 283.375s/hit): seed=7895580529852157063 [0, 422, 550, 772, 960, 1102, 2126, 2284, 2318, 2733, 2778, 2930, 3176, 3321, 5944, 6052, 6062, 6197, 6264, 7676, 7734, 8602, 8670, 8870, 9022, 9626, 9939, 10200, 10241, 10558, 10579, 11013, 11072, 11125, 11632, 11681, 12370, 12398, 12511, 13202, 13570, 13694, 13936, 14004, 14094, 14466, 14481, 14884, 14925, 14950, 15115, 15206, 15296, 15842, 16339]
Iter#1516599 New set #1 of size 58 (1516599.0 its/hit = 2451.000s/hit): seed=9647807319193652148 [0, 243, 744, 1278, 1377, 1891, 2686, 3341, 3516, 3692, 3779, 4074, 4765, 4801, 5138, 5208, 5385, 5405, 5680, 5932, 6140, 6342, 6608, 6628, 6761, 7069, 7247, 7341, 8755, 8791, 8940, 9010, 9083, 9224, 9364, 9494, 9846, 9897, 10026, 10317, 10649, 10729, 11303, 11476, 11753, 12031, 12545, 12668, 13085, 13204, 13438, 14321, 14543, 14681, 14683, 14843, 15019, 15851]
