[*] Computing DDT
[+] DDT Computed
DDT took 5.618142201s
Iter#1 New set #1 of size 43 (1.0 its/hit = 0.000s/hit): seed=5340965722689097463 [112, 687, 850, 1655, 1906, 2134, 2422, 2818, 3162, 3330, 3542, 3955, 4176, 5394, 5485, 5782, 6109, 6466, 6501, 6638, 7402, 7783, 8090, 9188, 9547, 9555, 9625, 9630, 10963, 11029, 11182, 11302, 11924, 12693, 12890, 14050, 14383, 14863, 15399, 15750, 15899, 16042, 16310]
Iter#13 New set #2 of size 43 (6.5 its/hit = 0.000s/hit): seed=3674916567053657057 [1361, 1533, 1585, 1811, 2169, 2228, 2388, 2885, 3003, 3185, 3239, 3317, 5101, 6885, 6994, 7305, 7941, 8464, 8708, 8903, 8917, 10335, 11008, 11051, 11640, 11754, 11784, 12012, 12185, 12392, 12525, 13224, 13649, 13950, 14273, 14551, 14629, 14993, 15521, 15689, 15962, 16119, 16265]
Iter#16 New set #3 of size 43 (5.3 its/hit = 0.000s/hit): seed=15522989696223101203 [1633, 1756, 1896, 2247, 2399, 2427, 3607, 4733, 4743, 5715, 5781, 6401, 6404, 6513, 6660, 6664, 7045, 7573, 8022, 8133, 8847, 8982, 9052, 9157, 9412, 9423, 9543, 10103, 10455, 10744, 11398, 11583, 11639, 12794, 14472, 14559, 14628, 14916, 14993, 15060, 15685, 15807, 16139]
Iter#22 New set #4 of size 43 (5.5 its/hit = 0.000s/hit): seed=6064098171312864128 [290, 1198, 2089, 2143, 2207, 2873, 3705, 3764, 3885, 3910, 4357, 4646, 4687, 5419, 5529, 5603, 6054, 6431, 6705, 7545, 7853, 8338, 8404, 8687, 9959, 10255, 10493, 10797, 10857, 11227, 11318, 11367, 11479, 12358, 12728, 13166, 13924, 14092, 14368, 14564, 14659, 15583, 15667]
Iter#40 New set #5 of size 43 (8.0 its/hit = 0.000s/hit): seed=4453132297946399087 [1853, 2305, 2951, 3408, 3452, 3796, 4097, 4550, 4984, 5033, 5318, 5605, 6066, 6174, 6202, 6414, 6565, 6769, 7451, 7697, 7798, 8382, 8510, 8936, 9114, 9381, 9392, 9607, 9647, 10864, 11405, 11549, 11964, 12040, 12172, 12504, 12596, 12773, 13342, 13475, 14729, 14758, 15715]
Iter#42 New set #6 of size 43 (7.0 its/hit = 0.000s/hit): seed=6273620471217035830 [524, 741, 950, 1287, 1700, 1777, 2080, 2201, 2398, 2646, 2671, 2759, 2971, 2983, 4271, 4617, 6068, 7223, 7320, 7517, 7522, 7865, 8258, 9158, 9173, 9191, 9349, 9597, 10151, 10321, 10389, 10693, 11088, 11090, 13033, 13367, 13530, 13596, 15062, 15469, 16027, 16099, 16207]
Iter#46 New set #7 of size 43 (6.6 its/hit = 0.000s/hit): seed=23071097744962244 [164, 513, 774, 868, 1092, 1189, 1353, 1785, 2049, 2102, 2665, 3396, 3662, 3921, 4724, 4728, 4963, 5421, 5595, 5838, 6027, 6927, 7433, 7457, 7851, 10476, 10701, 11048, 11931, 12025, 12300, 12346, 12555, 13053, 13089, 13284, 14677, 14708, 14797, 15652, 15926, 16307, 16358]
Iter#76 New set #8 of size 43 (9.5 its/hit = 0.000s/hit): seed=17356519092922407778 [210, 507, 767, 783, 1314, 2004, 2180, 2345, 2672, 2706, 3627, 3697, 3741, 4060, 4072, 4555, 5111, 5173, 5356, 5988, 6507, 7135, 7335, 7650, 8050, 8370, 8565, 8849, 9413, 9987, 10391, 10689, 10881, 10917, 11022, 13493, 14238, 14674, 15363, 15527, 15587, 15934, 16121]
Iter#77 New set #9 of size 43 (8.6 its/hit = 0.000s/hit): seed=12023838359858932260 [162, 338, 539, 833, 1038, 1267, 1490, 2936, 3153, 3675, 3786, 4386, 4516, 4613, 5088, 5338, 5673, 5942, 6065, 6176, 6455, 6584, 7271, 7299, 7973, 9341, 9737, 9766, 10018, 10663, 11504, 12053, 12178, 12187, 12799, 12958, 13155, 13678, 14517, 14699, 15814, 16072, 16242]
Iter#79 New set #10 of size 43 (7.9 its/hit = 0.000s/hit): seed=11398368906143758131 [427, 1052, 1066, 1613, 1998, 2399, 3308, 4219, 4267, 4480, 4825, 5165, 5354, 5407, 5484, 5934, 6146, 6719, 6736, 7109, 7146, 7237, 7549, 7754, 7860, 7960, 9127, 9272, 10179, 10650, 11764, 12017, 12189, 12442, 13406, 13436, 13549, 14199, 14401, 14939, 15515, 16300, 16351]
Iter#207 New set #20 of size 43 (10.4 its/hit = 0.000s/hit): seed=9241226036169029021 [7, 640, 2425, 2785, 3231, 3264, 3706, 3870, 4487, 5103, 5531, 5572, 5574, 6216, 6798, 6833, 6938, 7142, 7164, 7207, 7252, 8222, 8298, 8998, 9977, 10167, 10397, 11087, 11315, 11579, 11717, 11798, 12011, 12652, 13051, 13245, 13280, 13733, 14875, 15003, 15070, 15175, 15298]
Iter#267 New set #1 of size 46 (267.0 its/hit = 0.000s/hit): seed=14126424090441983093 [194, 531, 638, 897, 1601, 1829, 2287, 3315, 3593, 3855, 3937, 4079, 4511, 4907, 5178, 5188, 5625, 6022, 6090, 6884, 7680, 8173, 8614, 8887, 9476, 10108, 10418, 11004, 11328, 11517, 11560, 11589, 11992, 12134, 12394, 13633, 13792, 14060, 14330, 14406, 14766, 15167, 15400, 15790, 15869, 16016]
Iter#268 New set #2 of size 46 (134.0 its/hit = 0.000s/hit): seed=18191025022975800905 [77, 1333, 1835, 2395, 2635, 3420, 4370, 4376, 4378, 4684, 5518, 5805, 6280, 6358, 6498, 6998, 7652, 7657, 7751, 7836, 8675, 8795, 8846, 8971, 9581, 9759, 10270, 10629, 10651, 11277, 11283, 11428, 11491, 11865, 12051, 12176, 12535, 13520, 13933, 14687, 14759, 15192, 16144, 16273, 16300, 16343]
Iter#446 New set #3 of size 46 (148.7 its/hit = 0.000s/hit): seed=13986445684006424390 [957, 1288, 2170, 2197, 2574, 2734, 3054, 3080, 3201, 3554, 3820, 3850, 3943, 3953, 5190, 5207, 5288, 5385, 5427, 5945, 6468, 7654, 8271, 8730, 9000, 9062, 9333, 9615, 10142, 10179, 10609, 11518, 11607, 11771, 11959, 12270, 12504, 12556, 12653, 13103, 14111, 14241, 14898, 15023, 15808, 16164]
Iter#492 New set #4 of size 46 (123.0 its/hit = 0.000s/hit): seed=4999410903544019813 [100, 103, 838, 891, 1909, 1931, 2017, 2077, 2151, 2685, 2706, 3008, 3025, 3513, 4034, 4342, 4597, 4797, 5464, 5997, 6059, 6599, 6673, 7359, 7856, 8174, 8504, 8514, 8918, 9699, 9811, 9924, 10308, 11506, 12264, 12654, 13447, 14099, 14140, 14154, 14949, 15098, 15657, 15942, 16008, 16059]
Iter#614 New set #5 of size 46 (122.8 its/hit = 0.000s/hit): seed=4552676466157786669 [121, 266, 609, 824, 930, 1046, 1626, 1734, 1776, 1888, 2450, 3080, 3634, 4231, 4282, 4525, 5499, 5998, 6072, 6962, 8236, 8477, 8496, 8535, 8778, 9086, 9690, 10435, 10647, 11041, 11061, 11107, 11333, 11407, 12135, 12948, 13183, 13257, 14580, 14934, 15050, 15149, 15393, 15420, 15721, 15888]
Iter#799 New set #1 of size 49 (799.0 its/hit = 1.000s/hit): seed=17124107043770290178 [191, 267, 370, 780, 782, 1730, 2094, 2098, 2110, 2155, 2267, 2686, 3482, 3533, 3891, 4690, 4919, 5119, 5884, 6011, 6491, 6855, 6924, 6999, 7192, 7541, 9427, 9527, 9816, 10077, 10365, 10511, 10819, 10912, 10949, 11349, 11941, 12340, 12425, 12441, 12779, 13013, 13029, 13061, 13650, 14863, 15010, 15087, 15887]
Iter#5902 New set #2 of size 49 (2951.0 its/hit = 4.500s/hit): seed=5026110693350248823 [375, 432, 755, 843, 964, 1576, 1937, 2105, 2152, 2351, 2498, 2503, 2592, 4246, 4356, 5021, 5072, 5379, 6392, 7118, 7285, 7395, 7423, 7655, 7854, 7918, 8018, 8228, 8323, 8719, 9248, 9551, 9944, 9951, 10684, 10981, 11112, 11631, 12185, 12264, 12867, 13748, 13935, 13996, 14125, 14258, 15104, 15835, 16308]
Iter#6458 New set #3 of size 49 (2152.7 its/hit = 3.333s/hit): seed=13440855066375510644 [48, 333, 380, 443, 538, 564, 1753, 1791, 2975, 3365, 3408, 3420, 3840, 3852, 4528, 4530, 5282, 5922, 7387, 7405, 7531, 7597, 7773, 8337, 8500, 8886, 8912, 9635, 9918, 9931, 10026, 10234, 10402, 10838, 11014, 11772, 11856, 12196, 12324, 12485, 12505, 13720, 13937, 14691, 15184, 15279, 15406, 15897, 15922]
Iter#7499 New set #4 of size 49 (1874.8 its/hit = 2.750s/hit): seed=8531670930690666772 [512, 801, 1352, 2110, 2111, 2121, 2178, 2416, 3232, 3271, 3577, 3682, 4257, 4524, 4750, 5441, 5786, 5824, 5887, 6094, 6620, 7223, 7854, 7877, 8573, 8828, 9211, 9281, 9347, 9376, 9886, 12037, 12693, 12836, 13153, 13727, 13948, 14184, 14339, 14385, 14416, 14471, 14570, 14751, 14878, 15011, 15395, 15818, 16260]
Iter#19417 New set #5 of size 49 (3883.4 its/hit = 5.400s/hit): seed=16576373690371537730 [502, 1072, 1329, 1869, 3125, 3221, 3594, 3670, 3700, 3804, 3865, 4300, 5465, 6235, 6480, 6699, 7101, 7139, 7201, 7346, 7819, 7919, 7941, 8047, 8677, 8980, 9846, 10010, 10036, 10246, 10371, 10395, 10509, 11154, 11523, 11722, 11937, 12252, 12401, 12802, 12897, 13266, 14109, 14715, 14730, 15031, 15514, 15643, 16138]
Iter#21178 New set #6 of size 49 (3529.7 its/hit = 4.833s/hit): seed=10794671178797643492 [432, 829, 1133, 1159, 1702, 2040, 2439, 2501, 3314, 3402, 3862, 4172, 4264, 4406, 4887, 4888, 4920, 5106, 5138, 5374, 6177, 6519, 6724, 7300, 7592, 8279, 8309, 8451, 8725, 9015, 9845, 10504, 10965, 11954, 12241, 12334, 13738, 13863, 13867, 13939, 14048, 14290, 14332, 14646, 14921, 15603, 15798, 16054, 16358]
Iter#22794 New set #7 of size 49 (3256.3 its/hit = 4.571s/hit): seed=8650249755192909532 [429, 482, 525, 914, 1551, 1677, 2038, 2422, 2446, 2536, 2761, 3064, 3205, 4482, 4517, 4800, 5143, 5345, 5589, 6483, 6859, 7876, 8244, 8919, 9014, 9437, 10156, 10157, 10240, 10394, 11063, 11569, 11739, 11788, 12088, 12111, 12669, 13640, 13981, 14099, 14145, 14391, 14525, 15149, 15275, 15324, 15381, 15522, 15880]
Iter#24644 New set #8 of size 49 (3080.5 its/hit = 4.250s/hit): seed=6235151908048192824 [124, 685, 1273, 1340, 1372, 1841, 2220, 2787, 2916, 2968, 3018, 3398, 3486, 4019, 4146, 5205, 5356, 5524, 5876, 5997, 7117, 7207, 7815, 8428, 8562, 8623, 8973, 9033, 9792, 10529, 10775, 10930, 11403, 11422, 11598, 11717, 12314, 12537, 13147, 13471, 14210, 15226, 15313, 15410, 15681, 15883, 15942, 16302, 16328]
Iter#25465 New set #9 of size 49 (2829.4 its/hit = 3.889s/hit): seed=12959213511918251654 [372, 436, 552, 978, 1160, 1297, 1456, 2378, 2598, 3043, 3377, 3574, 3681, 4117, 4709, 4956, 5923, 6078, 6531, 6711, 7062, 7383, 7440, 7745, 7787, 8076, 8788, 9105, 9562, 9599, 9622, 10490, 11036, 11073, 11245, 11852, 12334, 12393, 12632, 13077, 13283, 13496, 14413, 14609, 14807, 15571, 15903, 16141, 16375]
Iter#27341 New set #1 of size 52 (27341.0 its/hit = 38.000s/hit): seed=15763177033594806904 [371, 708, 1593, 1722, 1773, 2017, 2258, 4404, 4710, 5219, 6211, 6331, 6532, 6909, 7118, 7428, 7722, 8180, 8542, 9078, 9172, 9558, 9627, 9675, 9773, 9904, 9945, 10356, 10514, 10749, 11004, 12028, 12231, 12533, 12698, 13158, 13618, 13713, 14226, 14261, 14300, 14504, 14559, 14605, 15008, 15726, 15805, 16022, 16222, 16248, 16314, 16382]
Iter#31118 New set #2 of size 52 (15559.0 its/hit = 21.000s/hit): seed=17111210730395325899 [89, 395, 1017, 1238, 2050, 2352, 3185, 3447, 3474, 4283, 4401, 4493, 4519, 4552, 4559, 4750, 5184, 5209, 6192, 6999, 7332, 7953, 8199, 8341, 8932, 9161, 9678, 9776, 9898, 9938, 10826, 11167, 11351, 11752, 11974, 12043, 12044, 12050, 12242, 12495, 12608, 12697, 13076, 13283, 13554, 14258, 14836, 15027, 15230, 15927, 15971, 16167]
Iter#42538 New set #3 of size 52 (14179.3 its/hit = 19.000s/hit): seed=15330602447725694267 [775, 1036, 1163, 1189, 1481, 1508, 1751, 2064, 2128, 2759, 2826, 2937, 3357, 3449, 3892, 5198, 5729, 6166, 6278, 6282, 7070, 7873, 8226, 8394, 8622, 8633, 8650, 9836, 9966, 10453, 10586, 10900, 11268, 11317, 11347, 11524, 11644, 12552, 12577, 12611, 12734, 13486, 13772, 13970, 13998, 14497, 14803, 14884, 15067, 15815, 16279, 16368]
Iter#52593 New set #4 of size 52 (13148.2 its/hit = 17.500s/hit): seed=5003351270044312134 [67, 175, 351, 796, 836, 868, 1127, 1222, 1283, 1547, 1793, 2352, 3150, 3278, 4069, 4428, 4806, 5318, 5407, 6070, 6165, 6624, 6676, 6678, 7332, 7368, 7431, 7461, 7930, 8157, 8762, 9593, 9875, 10088, 10287, 10516, 10602, 11070, 11162, 11426, 11699, 12616, 13639, 13975, 14255, 14434, 15142, 15459, 15753, 15794, 15900, 15970]
Iter#56022 New set #1 of size 55 (56022.0 its/hit = 75.000s/hit): seed=9964356454260321134 [18, 74, 152, 277, 493, 725, 764, 1029, 2228, 2308, 2486, 2767, 2805, 3164, 3618, 3645, 4374, 4452, 4570, 4684, 4923, 5209, 5243, 5432, 6085, 6155, 6398, 6513, 6861, 7048, 7201, 7719, 8193, 8496, 8891, 8972, 9065, 9272, 9340, 9890, 10952, 11281, 11834, 11985, 12006, 12467, 12964, 13102, 13153, 13987, 14760, 15142, 15294, 15449, 15915]
Iter#75592 New set #2 of size 55 (37796.0 its/hit = 50.000s/hit): seed=3388846514900970256 [306, 333, 345, 620, 1459, 1966, 2408, 2838, 2950, 3082, 3847, 3904, 3973, 4094, 4506, 4596, 5733, 5894, 6167, 6294, 6331, 6962, 7273, 7817, 8139, 8290, 8341, 9141, 9427, 10241, 10604, 10670, 10705, 10783, 11610, 12046, 12065, 12106, 12265, 12280, 12545, 12743, 12753, 12828, 12885, 12943, 13164, 13901, 14089, 14535, 14908, 15331, 15531, 16174, 16211]
Iter#198699 New set #3 of size 55 (66233.0 its/hit = 86.333s/hit): seed=7149088779113951808 [535, 901, 1161, 1240, 1764, 1779, 2364, 2627, 2733, 3674, 3754, 3928, 4053, 4276, 4379, 4474, 4596, 5092, 5114, 5944, 6375, 7049, 7310, 7410, 7621, 7636, 8580, 8834, 8857, 9075, 9761, 10037, 10182, 10296, 10348, 10907, 11518, 11851, 12746, 12754, 13015, 13095, 13399, 13822, 13943, 14072, 14281, 14397, 14472, 14847, 14898, 15340, 15709, 15797, 16324]
Iter#213037 New set #4 of size 55 (53259.2 its/hit = 69.500s/hit): seed=6186788075250631430 [276, 691, 828, 1040, 1347, 2121, 2210, 2968, 3311, 4147, 4403, 4722, 4879, 4939, 4945, 5310, 5362, 6088, 6116, 6620, 7493, 7854, 7900, 8561, 8667, 8707, 9196, 9299, 9313, 9343, 9852, 9856, 9866, 9962, 10001, 10645, 10979, 11056, 11076, 11711, 11809, 11895, 12040, 12160, 12859, 13201, 14684, 14779, 15151, 15348, 15356, 15469, 15707, 15865, 16179]
Iter#353724 New set #5 of size 55 (70744.8 its/hit = 91.600s/hit): seed=1920972131512619757 [109, 195, 219, 302, 604, 834, 840, 1406, 1418, 1445, 1533, 1865, 1931, 2146, 2422, 2574, 2702, 2706, 3946, 4115, 4147, 4200, 4623, 4657, 5383, 5484, 6817, 7452, 8154, 8406, 8408, 8552, 8569, 8816, 9328, 9894, 9936, 10953, 11186, 11194, 11391, 11593, 11655, 11805, 11889, 13381, 13932, 14546, 14585, 14705, 14765, 15163, 15479, 15806, 16206]
Iter#392556 New set #6 of size 55 (65426.0 its/hit = 84.500s/hit): seed=17522611632977401285 [3, 340, 415, 1087, 1241, 1524, 2795, 3417, 3757, 3816, 4077, 4348, 5755, 6054, 6417, 6900, 7019, 7068, 7298, 7385, 7502, 7669, 7845, 7957, 8154, 9234, 9414, 9574, 9828, 10601, 10833, 10880, 11186, 11473, 11536, 11660, 11872, 12347, 12353, 12457, 12595, 13068, 13365, 13443, 14663, 15416, 15511, 15684, 15763, 15770, 16027, 16078, 16081, 16164, 16188]
Iter#467191 New set #7 of size 55 (66741.6 its/hit = 86.143s/hit): seed=4354552486791812813 [215, 669, 884, 1359, 1781, 1805, 2202, 2563, 2868, 2879, 3297, 3501, 3549, 3684, 4105, 4131, 4307, 4456, 4513, 4774, 4859, 5518, 5643, 7518, 8011, 8211, 8272, 8276, 8472, 8740, 8753, 8902, 9719, 9879, 9970, 10306, 10475, 10528, 10605, 10717, 11353, 11542, 12613, 13102, 13258, 13306, 13652, 13912, 13968, 15273, 15282, 15547, 15611, 15894, 16192]
Iter#467931 New set #8 of size 55 (58491.4 its/hit = 75.500s/hit): seed=4577152315190113559 [115, 345, 444, 450, 1416, 1561, 2602, 2615, 2680, 3443, 3749, 3954, 4121, 4225, 4423, 4509, 4678, 4830, 4841, 5102, 5527, 5880, 5967, 6026, 6494, 6765, 7767, 8492, 8576, 9057, 9188, 9647, 9714, 9717, 9912, 10138, 10148, 10506, 10700, 11306, 11472, 11790, 11972, 12532, 12797, 12967, 13159, 13215, 13449, 13458, 13817, 13926, 14439, 14707, 14753]
Iter#541801 New set #9 of size 55 (60200.1 its/hit = 77.667s/hit): seed=7101418734920416204 [449, 845, 967, 1487, 2165, 2212, 2456, 3015, 3032, 3715, 3862, 4054, 4083, 4240, 4458, 4502, 4791, 5375, 5400, 5406, 5814, 6193, 6244, 6411, 6500, 7522, 7547, 7848, 8105, 8241, 9018, 9359, 9639, 10774, 10785, 10798, 10966, 11240, 11735, 13207, 13961, 14485, 14929, 14938, 15162, 15254, 15266, 15588, 15732, 15943, 16233, 16247, 16269, 16296, 16307]
Iter#626254 New set #10 of size 55 (62625.4 its/hit = 80.700s/hit): seed=6175198819631194259 [98, 198, 351, 702, 713, 764, 802, 1163, 1237, 1489, 1545, 2062, 2321, 2485, 2537, 3142, 3930, 4166, 4225, 4438, 4845, 5052, 5655, 6196, 6287, 6410, 6517, 6673, 6707, 7731, 7871, 8376, 8458, 8472, 9297, 9519, 10132, 10526, 11133, 12327, 12616, 13591, 13716, 13718, 13911, 13931, 13984, 14365, 14423, 14499, 14698, 15022, 15230, 15879, 16325]
Iter#938552 New set #20 of size 55 (46927.6 its/hit = 60.000s/hit): seed=15260307082432101770 [67, 92, 777, 784, 941, 962, 1206, 1395, 1681, 1781, 2794, 2933, 3192, 3746, 3877, 4066, 4747, 5553, 6254, 6406, 6648, 7079, 7225, 7327, 7497, 8021, 8137, 8141, 9676, 10003, 10155, 10717, 10774, 10919, 10950, 11079, 11268, 11497, 11499, 12254, 12311, 12378, 12438, 12566, 12920, 13434, 14319, 14523, 14799, 15056, 15264, 15765, 15811, 15928, 16210]
Iter#1709110 New set #30 of size 55 (56970.3 its/hit = 72.633s/hit): seed=9718585914302699061 [398, 581, 710, 952, 953, 1032, 1229, 1517, 1816, 1897, 2245, 2455, 2790, 2858, 3724, 3732, 3786, 3977, 4676, 4715, 5172, 5598, 6169, 6551, 6953, 7035, 7502, 7512, 8305, 8372, 8568, 8678, 8695, 8754, 9174, 9567, 9880, 10426, 10552, 11517, 11648, 12469, 12646, 13021, 13132, 13894, 14134, 14337, 14759, 15170, 15476, 15585, 15604, 15975, 16267]
Iter#2471844 New set #40 of size 55 (61796.1 its/hit = 78.675s/hit): seed=4188935624956441182 [327, 1473, 1889, 1957, 2021, 2173, 2200, 2412, 2691, 2875, 3327, 3790, 3820, 4135, 4550, 4969, 4998, 5055, 5130, 5142, 5256, 5496, 5640, 6762, 6802, 7018, 7793, 7813, 7830, 8106, 8616, 9107, 9714, 10621, 10765, 10974, 11069, 11229, 11622, 12267, 12366, 13211, 13319, 13488, 13598, 13733, 14198, 14224, 14399, 15015, 15409, 15649, 15857, 16261, 16368]
Iter#3096829 New set #50 of size 55 (61936.6 its/hit = 78.840s/hit): seed=6936943538999326136 [1, 153, 429, 597, 835, 959, 2466, 2808, 3343, 3598, 3888, 4521, 4531, 5031, 5308, 5525, 6425, 6575, 7098, 7152, 7215, 7519, 8057, 8152, 8326, 8477, 8551, 8807, 8987, 9350, 9448, 9806, 10224, 10482, 11211, 11232, 11394, 11682, 11985, 12051, 12133, 12447, 12449, 12543, 13324, 13866, 14688, 14736, 15368, 15507, 15691, 15769, 15776, 15859, 15937]
Iter#3424963 New set #60 of size 55 (57082.7 its/hit = 72.633s/hit): seed=15561030085735885529 [464, 524, 801, 915, 953, 1576, 1859, 2150, 2283, 2751, 2836, 2961, 3356, 3770, 4824, 6037, 6076, 6204, 6208, 6269, 6383, 6696, 6968, 7734, 7873, 7966, 8297, 8404, 9059, 9461, 9467, 9630, 9655, 10423, 10520, 10642, 11277, 12561, 12567, 12765, 12847, 13974, 14016, 14026, 14128, 14414, 14956, 14967, 15113, 15286, 15375, 15907, 15952, 16189, 16367]
Iter#4018430 New set #70 of size 55 (57406.1 its/hit = 72.986s/hit): seed=15499368416955651005 [278, 873, 1264, 1446, 1624, 1762, 2309, 2646, 3510, 3856, 4602, 4806, 4852, 5035, 5140, 5363, 6029, 6078, 6374, 6378, 6663, 6838, 6842, 6865, 7272, 7343, 8067, 8325, 8747, 9367, 9607, 9609, 10278, 10395, 10712, 10853, 10969, 11749, 12256, 12486, 13049, 13211, 13334, 13481, 13506, 13626, 13900, 14305, 14341, 14625, 14678, 14815, 15299, 15810, 16112]
Iter#4371824 New set #80 of size 55 (54647.8 its/hit = 69.388s/hit): seed=1688836648622720595 [207, 508, 647, 688, 1753, 1946, 1998, 1999, 2673, 2776, 3376, 3410, 3738, 3756, 3813, 4424, 4523, 4685, 5297, 5314, 5484, 5929, 6652, 6760, 7165, 7198, 7200, 7408, 8228, 8986, 8990, 9678, 9971, 10407, 10724, 10767, 10835, 10840, 11664, 11712, 11783, 12083, 12204, 12276, 12737, 12925, 13019, 13155, 14638, 14745, 14771, 14953, 15335, 15770, 15863]
Iter#4736450 New set #90 of size 55 (52627.2 its/hit = 66.800s/hit): seed=6871089384439560037 [273, 411, 459, 746, 880, 892, 1189, 1785, 2171, 2277, 3091, 3339, 3578, 3952, 4683, 4901, 5190, 5611, 5684, 5840, 6676, 6973, 7393, 7960, 8595, 9156, 9176, 9315, 9605, 9748, 9865, 10428, 10604, 10890, 11178, 11500, 11882, 11988, 12314, 12399, 13014, 13153, 13251, 13532, 13710, 13762, 13818, 13845, 14304, 14605, 15197, 15456, 15492, 15714, 15770]
Iter#5033759 New set #100 of size 55 (50337.6 its/hit = 63.890s/hit): seed=9281700377821383083 [360, 456, 606, 977, 1375, 1646, 1747, 2329, 2363, 2487, 2917, 3205, 3222, 3446, 4080, 4141, 4795, 4816, 4950, 5452, 5943, 6028, 6052, 7006, 7079, 7181, 7893, 7960, 8082, 8171, 8671, 8956, 9564, 9737, 10555, 10623, 10674, 11404, 11465, 11730, 12264, 12778, 12895, 13078, 13477, 13494, 14231, 14430, 14751, 15216, 15341, 15370, 15589, 15899, 16237]
Iter#10614127 New set #200 of size 55 (53070.6 its/hit = 67.205s/hit): seed=7086672090519891110 [190, 274, 334, 665, 704, 1036, 2022, 2232, 2349, 2435, 2976, 3605, 3667, 3995, 4623, 4636, 5068, 5558, 5686, 5782, 6274, 6366, 6818, 7195, 7537, 8045, 8097, 8300, 9256, 9615, 9881, 9916, 10174, 10443, 10665, 11067, 11283, 11398, 11958, 12008, 12068, 12537, 13017, 13555, 13633, 14010, 14020, 14269, 14416, 14845, 15152, 15246, 15804, 15887, 16190]
