[*] Computing DDT
[+] DDT Computed
DDT took 5.503870734s
Iter#1 New set #1 of size 35 (1.0 its/hit = 0.000s/hit): seed=8941101852291276584 [399, 647, 1290, 1564, 1582, 2440, 2555, 3555, 3987, 4273, 4489, 4511, 4570, 4615, 5677, 6446, 6523, 6578, 7381, 7455, 7538, 7899, 8471, 8793, 9379, 9701, 10301, 10415, 11166, 12341, 15389, 15400, 15618, 15960, 16275]
Iter#2 New set #2 of size 35 (1.0 its/hit = 0.000s/hit): seed=15603887983984569955 [545, 1020, 1136, 1952, 1994, 2465, 2975, 4028, 4892, 4911, 4945, 5289, 5301, 5616, 6164, 6609, 7498, 7549, 7879, 8635, 8887, 9230, 9611, 9636, 9671, 10149, 11215, 11419, 11460, 11885, 12511, 13041, 13759, 15341, 15448]
Iter#3 New set #1 of size 36 (3.0 its/hit = 0.000s/hit): seed=5001497353279370195 [1155, 1852, 2303, 2572, 2574, 3221, 3509, 3999, 4548, 5354, 5958, 6165, 6206, 6334, 6581, 6847, 7311, 8544, 8623, 9072, 9080, 9535, 9564, 10756, 10978, 11072, 11780, 12175, 13046, 13058, 13245, 13553, 13656, 15811, 15891, 15932]
Iter#5 New set #2 of size 36 (2.5 its/hit = 0.000s/hit): seed=16963747328293926173 [194, 219, 241, 802, 1515, 2408, 3802, 4895, 5008, 5239, 5502, 5943, 5958, 6582, 7293, 7635, 8468, 8727, 8761, 9594, 11547, 11862, 11913, 12683, 12754, 12774, 12847, 13156, 13691, 13958, 14078, 14386, 14489, 14749, 15715, 16381]
Iter#6 New set #1 of size 38 (6.0 its/hit = 0.000s/hit): seed=6469198189978579919 [282, 782, 935, 1279, 1346, 1408, 1428, 1475, 1834, 2143, 3193, 3470, 4236, 4834, 5228, 5569, 5927, 5965, 6392, 6413, 6513, 7113, 7701, 8232, 8315, 8445, 9870, 10208, 10322, 11022, 11593, 11882, 12613, 12626, 12698, 13557, 14287, 15660]
Iter#13 New set #1 of size 43 (13.0 its/hit = 0.000s/hit): seed=17070690677103193036 [51, 453, 527, 850, 1748, 2024, 2326, 2558, 2896, 3083, 3996, 4582, 6234, 6243, 6331, 6490, 6861, 6982, 7104, 7501, 7934, 8225, 8962, 9095, 9136, 9234, 9266, 9573, 10334, 10792, 10933, 11120, 11192, 11511, 11644, 12057, 12395, 13234, 14716, 14844, 15040, 15680, 16034]
Iter#25 New set #2 of size 43 (12.5 its/hit = 0.000s/hit): seed=9605915280898732797 [256, 346, 653, 1367, 1834, 1952, 2051, 2917, 3184, 3436, 3824, 4321, 5474, 5889, 5907, 5983, 6353, 6526, 6588, 7860, 8284, 9174, 9393, 10507, 11078, 11173, 11225, 11493, 11538, 11929, 12008, 13153, 13197, 13282, 13397, 13564, 14077, 14341, 14486, 14904, 15771, 15842, 16085]
Iter#53 New set #3 of size 43 (17.7 its/hit = 0.000s/hit): seed=5329281504123245027 [667, 975, 1634, 1710, 3523, 5080, 5169, 5304, 5375, 5515, 5867, 6661, 6713, 6866, 6958, 7724, 7835, 7863, 7875, 8064, 8454, 8498, 8702, 9564, 10578, 10658, 11040, 11114, 11686, 11888, 11938, 12001, 12609, 12729, 13047, 13549, 14030, 14063, 14209, 14557, 14939, 15782, 15923]
Iter#54 New set #4 of size 43 (13.5 its/hit = 0.000s/hit): seed=384727483393139123 [1931, 1943, 2204, 3101, 3263, 3932, 4300, 4402, 5200, 5489, 5571, 5659, 6689, 6872, 6955, 7039, 7124, 7343, 7410, 8108, 8631, 8684, 9743, 9753, 10391, 10581, 10615, 10673, 10811, 11086, 11123, 12249, 12288, 12478, 12638, 12929, 13354, 14512, 15215, 15271, 15288, 15876, 16310]
Iter#99 New set #5 of size 43 (19.8 its/hit = 0.000s/hit): seed=15847923991680084655 [440, 858, 1624, 2138, 3060, 3438, 3711, 4420, 6186, 6565, 8284, 9013, 9046, 9314, 9408, 9611, 9717, 9744, 9828, 9971, 9995, 10241, 10698, 10798, 10919, 11210, 11526, 12010, 12273, 12280, 12701, 12872, 13845, 14068, 14576, 14960, 14970, 15086, 15137, 15233, 15234, 16025, 16220]
Iter#109 New set #6 of size 43 (18.2 its/hit = 0.000s/hit): seed=12390946799930802853 [1035, 1523, 1625, 1798, 1897, 1915, 2252, 2269, 2340, 3642, 3688, 3816, 4254, 5098, 5152, 5361, 7055, 7478, 9509, 9567, 9726, 10132, 10260, 10839, 11312, 11490, 11528, 11530, 12271, 12958, 12978, 13414, 13417, 13598, 13892, 13913, 14259, 14451, 14885, 15362, 15828, 16144, 16299]
Iter#114 New set #7 of size 43 (16.3 its/hit = 0.000s/hit): seed=11742666277136132897 [902, 1017, 1614, 2313, 3229, 3470, 3968, 4566, 5584, 5839, 6039, 6638, 6771, 7023, 7385, 7589, 7616, 8081, 8682, 8788, 9137, 9404, 9520, 9725, 10013, 10784, 10948, 12079, 12280, 12390, 12978, 13039, 13406, 13760, 14228, 14432, 14456, 14620, 14707, 15552, 15576, 15657, 16237]
Iter#134 New set #8 of size 43 (16.8 its/hit = 0.000s/hit): seed=4344886847369172733 [359, 550, 954, 1163, 1607, 1700, 3124, 3177, 4535, 4745, 5140, 5175, 5708, 5800, 6089, 6274, 7657, 8053, 8269, 9654, 9824, 9875, 10314, 10759, 10971, 11591, 11687, 11703, 12042, 12343, 12368, 12541, 12850, 12908, 13477, 14213, 14423, 14631, 14972, 15117, 15642, 15734, 16096]
Iter#136 New set #1 of size 46 (136.0 its/hit = 0.000s/hit): seed=7253395938415708172 [45, 146, 219, 305, 478, 648, 687, 1097, 1549, 1727, 1733, 1756, 2498, 3054, 3176, 4114, 4306, 4476, 6626, 6723, 6865, 7022, 7164, 7502, 8880, 9203, 9618, 9751, 9777, 9865, 10389, 10669, 10721, 10859, 11109, 11542, 11822, 12340, 12363, 12487, 12496, 12599, 14905, 15527, 16130, 16200]
Iter#281 New set #2 of size 46 (140.5 its/hit = 0.000s/hit): seed=2007881523583820105 [692, 1760, 1781, 2463, 2530, 2799, 2976, 3253, 3627, 3742, 3889, 4175, 5147, 5521, 5529, 5761, 5807, 6005, 6658, 6961, 8900, 8979, 9114, 9226, 9429, 10125, 10476, 10980, 11541, 11700, 11788, 12758, 13108, 13110, 13157, 13516, 14048, 14588, 15143, 15223, 15259, 15279, 15389, 15736, 15870, 16306]
Iter#361 New set #3 of size 46 (120.3 its/hit = 0.000s/hit): seed=17489706118813084881 [22, 204, 394, 1206, 1224, 1649, 2124, 2471, 2577, 3162, 3234, 3491, 4258, 4511, 4722, 4902, 4963, 5030, 5054, 5056, 5886, 6008, 6183, 6682, 6753, 8122, 8804, 9134, 9386, 9629, 10022, 10102, 10521, 11027, 11068, 12032, 12072, 12139, 12738, 13057, 13289, 13426, 14738, 14756, 15235, 16249]
Iter#630 New set #4 of size 46 (157.5 its/hit = 0.000s/hit): seed=7611702887832564073 [52, 501, 1724, 1745, 2898, 3507, 4769, 5034, 5086, 5406, 5598, 5938, 6127, 6696, 7429, 7543, 8810, 8840, 8952, 9991, 10309, 10495, 10724, 10928, 11234, 11398, 11691, 12006, 12529, 12702, 12908, 12925, 13133, 13313, 13396, 13964, 14019, 14126, 14323, 14341, 14347, 14386, 14733, 15612, 15700, 16360]
Iter#728 New set #5 of size 46 (145.6 its/hit = 0.000s/hit): seed=5550369765279755223 [695, 831, 1512, 1518, 1771, 1808, 2050, 3715, 4018, 5046, 5378, 5921, 6670, 6692, 6931, 7048, 7143, 8170, 8333, 8352, 8518, 8560, 9242, 9314, 9546, 9960, 10347, 10798, 11258, 11402, 11409, 12290, 12428, 13529, 13567, 13996, 13997, 14211, 14484, 14541, 14546, 14853, 15520, 15661, 15853, 16334]
Iter#1192 New set #6 of size 46 (198.7 its/hit = 0.167s/hit): seed=11206526744535283795 [209, 214, 283, 294, 350, 1686, 1865, 2207, 2264, 2309, 2452, 3615, 4065, 4305, 4504, 4518, 5283, 5486, 5837, 6893, 7029, 7101, 7718, 7814, 8446, 8597, 8776, 8848, 9912, 10787, 10985, 11146, 11161, 11178, 11325, 11625, 12268, 12598, 12995, 13328, 13867, 13887, 14001, 14100, 14261, 16344]
Iter#1647 New set #7 of size 46 (235.3 its/hit = 0.286s/hit): seed=1582069147585327534 [185, 381, 665, 763, 1571, 1592, 2200, 2334, 2426, 2516, 3800, 4369, 5294, 5410, 6277, 6632, 7025, 8030, 8237, 8526, 8623, 8840, 9259, 9347, 9684, 9855, 11015, 11092, 11261, 11820, 11892, 12005, 12059, 12127, 12238, 12935, 13056, 13269, 13549, 13589, 13878, 14003, 14874, 15118, 15524, 16083]
Iter#1928 New set #8 of size 46 (241.0 its/hit = 0.250s/hit): seed=1822585288156923579 [236, 461, 805, 860, 1087, 1146, 1429, 1469, 1507, 1879, 2219, 2382, 2599, 2892, 2951, 3077, 3560, 4458, 4680, 4745, 5426, 5496, 6663, 6863, 7230, 7306, 7458, 7549, 8239, 8577, 8627, 8958, 9663, 10588, 10932, 13433, 13545, 13613, 13671, 14417, 14581, 14787, 14949, 15402, 15733, 16020]
Iter#2092 New set #9 of size 46 (232.4 its/hit = 0.222s/hit): seed=16596251906804134180 [674, 689, 972, 1885, 2011, 2125, 2128, 2392, 2818, 3770, 4582, 4797, 5072, 5091, 5279, 5427, 5576, 5611, 5637, 5679, 5781, 6406, 7032, 7697, 7989, 8187, 8365, 8491, 8549, 8643, 8875, 9258, 9669, 10488, 11204, 11841, 11992, 12097, 13762, 13786, 13797, 14379, 14978, 14993, 15217, 16233]
Iter#2233 New set #10 of size 46 (223.3 its/hit = 0.200s/hit): seed=13236062324562779380 [4, 73, 162, 539, 989, 1120, 1250, 1304, 1410, 1440, 1489, 1937, 2023, 2952, 4116, 4223, 5003, 5620, 6378, 6407, 6556, 6690, 6721, 6925, 6990, 7692, 8257, 9140, 9184, 9730, 9836, 9841, 10516, 10935, 11441, 11564, 11685, 11953, 12749, 14560, 14578, 15509, 15736, 15866, 16070, 16089]
Iter#3697 New set #20 of size 46 (184.9 its/hit = 0.200s/hit): seed=17394148851525218376 [79, 770, 1058, 1706, 1967, 2892, 3173, 3247, 3285, 3389, 3689, 4136, 6121, 6197, 6350, 6598, 6909, 7172, 7245, 7479, 7663, 7710, 7876, 7912, 8708, 8785, 8809, 8854, 9139, 9198, 11774, 13255, 13357, 13374, 13914, 14229, 14526, 14527, 14677, 14738, 15138, 15661, 15780, 15798, 16054, 16304]
Iter#4369 New set #30 of size 46 (145.6 its/hit = 0.167s/hit): seed=12668077979797947527 [279, 585, 1047, 1077, 1243, 1973, 4514, 4620, 5389, 5948, 6414, 6581, 6739, 7112, 7434, 7793, 7927, 7930, 7955, 7960, 8200, 8524, 9025, 9036, 9237, 9352, 9710, 10041, 10346, 10888, 11054, 11272, 11646, 11997, 12683, 13320, 14041, 14043, 14403, 14468, 14544, 15056, 15176, 15343, 16079, 16282]
Iter#4522 New set #1 of size 49 (4522.0 its/hit = 5.000s/hit): seed=4918691208823323757 [211, 233, 1152, 1246, 1466, 1995, 2164, 2648, 2787, 3621, 3956, 4022, 4252, 4620, 4744, 4877, 4948, 5031, 5310, 5461, 5713, 5782, 6127, 6256, 6300, 6508, 7176, 7264, 7389, 8124, 8354, 8621, 10172, 10812, 10936, 11470, 12137, 12544, 13187, 13684, 13780, 14070, 14326, 14457, 14580, 14605, 14721, 15270, 15545]
Iter#7290 New set #2 of size 49 (3645.0 its/hit = 4.000s/hit): seed=2044313261379036888 [88, 771, 1485, 2405, 2469, 2606, 3400, 3741, 3803, 5961, 6031, 6083, 6124, 6168, 7455, 7536, 7623, 7897, 8028, 8172, 8740, 9386, 9398, 9544, 9655, 9858, 9869, 11153, 11365, 11429, 11640, 11706, 12152, 12195, 12584, 13013, 13283, 14017, 14596, 15220, 15296, 15403, 15508, 15895, 15979, 16182, 16249, 16264, 16328]
Iter#13373 New set #1 of size 130 (13373.0 its/hit = 16.000s/hit): seed=3198343637098229952 [42, 57, 71, 92, 107, 222, 472, 702, 795, 853, 916, 1429, 1453, 1471, 1561, 1576, 1744, 1745, 1748, 1833, 1953, 2072, 2204, 2330, 2379, 2443, 2503, 2504, 2510, 2771, 2798, 2870, 2925, 2970, 3069, 3107, 3235, 3322, 3509, 3884, 4189, 4455, 4613, 4876, 4932, 4962, 5307, 5855, 6005, 6318, 6330, 6433, 6534, 6539, 6571, 6708, 6762, 7093, 7357, 7552, 7592, 7688, 7773, 7795, 7874, 7891, 7972, 8079, 8466, 8822, 8885, 8926, 8938, 9027, 9046, 9360, 9613, 9769, 9782, 9818, 9871, 10132, 10198, 10237, 10457, 10535, 10595, 10662, 10695, 10762, 11060, 11092, 11368, 11575, 11752, 11975, 12023, 12150, 12455, 12711, 12791, 12816, 12846, 12941, 13325, 13432, 13588, 13730, 13776, 13850, 13894, 14094, 14133, 14315, 14622, 14829, 14929, 14966, 15006, 15064, 15197, 15370, 15472, 15667, 15922, 15995, 16005, 16267, 16344, 16351]
Iter#39652 New set #2 of size 130 (19826.0 its/hit = 24.500s/hit): seed=4087430461913518111 [155, 482, 612, 744, 805, 921, 948, 1018, 1154, 1191, 1255, 1277, 1380, 1459, 1669, 1709, 2126, 2278, 2280, 2287, 2489, 2642, 2647, 2677, 2839, 2876, 2891, 2990, 3041, 3233, 3313, 3390, 3723, 3916, 4024, 4405, 4473, 4585, 4674, 4868, 4984, 5115, 5142, 5302, 5439, 5654, 5963, 6286, 6427, 6450, 6468, 6735, 7020, 7124, 7196, 7416, 7536, 7815, 8002, 8104, 8203, 8389, 8491, 8496, 8605, 8688, 8749, 8791, 9036, 9236, 9313, 9325, 9343, 9430, 9447, 9494, 9575, 9630, 9669, 9929, 9962, 10177, 10665, 10676, 10934, 10966, 11400, 11419, 11574, 11781, 11959, 12168, 12215, 12505, 12635, 12743, 12766, 12788, 12850, 12940, 12941, 13028, 13236, 13377, 13692, 13901, 14119, 14153, 14207, 14211, 14245, 14448, 14498, 14515, 14580, 14755, 14918, 14929, 14931, 14937, 15114, 15156, 15265, 15299, 15340, 15426, 15503, 15531, 15579, 15992]
Iter#135249 New set #3 of size 130 (45083.0 its/hit = 56.333s/hit): seed=6305620325097142807 [137, 330, 471, 548, 671, 779, 822, 905, 979, 1091, 1176, 1203, 1816, 2163, 2543, 2674, 2887, 3024, 3152, 3159, 3406, 3418, 3423, 3639, 3650, 3721, 3767, 3935, 3944, 4119, 4168, 4246, 4365, 4489, 4497, 4498, 4582, 4972, 5050, 5536, 5684, 5746, 5756, 5798, 6044, 6091, 6284, 6350, 6693, 6850, 7203, 7297, 7438, 7443, 7543, 7616, 7846, 7883, 8003, 8125, 8737, 8839, 8970, 9046, 9121, 9474, 9738, 10010, 10056, 10332, 10518, 10632, 10641, 10801, 10869, 11105, 11175, 11179, 11365, 11563, 11718, 11946, 12005, 12053, 12132, 12150, 12228, 12248, 12285, 12405, 12629, 12700, 12752, 12827, 13217, 13271, 13481, 13506, 13507, 13576, 13624, 13737, 13820, 13843, 13899, 14116, 14154, 14300, 14398, 14514, 14554, 14710, 14841, 14855, 14886, 14902, 15056, 15211, 15331, 15533, 15800, 15889, 15906, 15914, 15932, 15983, 16195, 16237, 16278, 16343]
Iter#258284 New set #4 of size 130 (64571.0 its/hit = 81.000s/hit): seed=9977505554417870407 [449, 565, 573, 714, 921, 1020, 1315, 1356, 1397, 1473, 2033, 2136, 2210, 2400, 2631, 2860, 2874, 2877, 2991, 3101, 3515, 3555, 3587, 3635, 3641, 3798, 3834, 3912, 3976, 4166, 5009, 5028, 5046, 5082, 5115, 5354, 5405, 5933, 5950, 6036, 6051, 6195, 6219, 6266, 6271, 6331, 6462, 6511, 6570, 6671, 6773, 6956, 7070, 7444, 7587, 7748, 7760, 7992, 8019, 8055, 8416, 8429, 8642, 8683, 8769, 8998, 9213, 9589, 9634, 9680, 9741, 9747, 9802, 9901, 9999, 10023, 10156, 10231, 10310, 10365, 10576, 10957, 11317, 11355, 11442, 11581, 11648, 11765, 11771, 11789, 11865, 11911, 11963, 11995, 12096, 12099, 12270, 12321, 12334, 12369, 12610, 12732, 12824, 13049, 13078, 13096, 13247, 13317, 13489, 13702, 13856, 13896, 13978, 14073, 14506, 14617, 14736, 14782, 14845, 14970, 15161, 15498, 15545, 15901, 15939, 15996, 16016, 16143, 16322, 16378]
Iter#631322 New set #5 of size 130 (126264.4 its/hit = 159.000s/hit): seed=4824128706970037589 [233, 251, 353, 462, 489, 551, 717, 814, 1007, 1099, 1122, 1130, 1493, 1561, 1641, 1756, 1782, 2092, 2149, 2325, 2345, 2376, 2378, 2513, 2575, 2612, 2629, 2661, 2816, 3089, 3109, 3442, 3569, 3684, 3760, 3871, 4213, 4461, 4558, 4653, 4710, 4831, 4943, 4949, 5183, 5184, 5395, 5924, 6089, 6103, 6258, 6446, 6553, 7627, 7873, 7938, 7994, 8000, 8146, 8182, 8225, 8315, 8365, 8401, 8512, 8513, 8880, 8951, 8958, 9039, 9054, 9150, 9158, 9203, 9384, 9767, 9768, 9938, 9986, 10040, 10070, 10378, 10384, 10463, 10630, 10690, 10708, 10751, 11138, 11427, 11461, 11573, 11625, 11637, 11658, 11784, 11804, 11825, 12421, 12526, 12584, 12640, 12766, 12926, 12985, 13084, 13119, 13151, 13312, 13410, 14139, 14305, 14344, 14432, 14544, 14575, 14708, 14761, 14848, 14931, 14966, 15016, 15178, 15244, 15389, 15526, 15790, 15940, 16031, 16331]
Iter#691797 New set #6 of size 130 (115299.5 its/hit = 145.000s/hit): seed=10735419294100734126 [273, 328, 625, 773, 926, 931, 998, 1110, 1178, 1237, 1329, 1395, 1421, 1530, 1559, 1849, 1890, 2003, 2381, 2505, 2517, 2519, 2651, 2738, 2758, 2804, 2855, 3045, 3046, 3090, 3309, 3776, 3790, 4045, 4129, 4418, 4640, 4679, 4680, 4805, 4808, 4965, 4988, 5000, 5133, 5233, 5621, 5830, 6009, 6061, 6093, 6274, 6316, 6396, 6498, 6548, 6712, 6713, 6730, 6749, 6826, 6948, 6956, 7230, 7263, 7416, 7460, 7567, 7712, 7773, 7862, 7874, 8031, 8040, 8447, 8542, 8648, 8673, 8676, 8725, 8796, 8907, 8943, 9366, 9375, 9492, 9581, 9662, 10195, 10447, 10452, 10541, 10886, 11118, 11307, 11618, 11632, 11671, 11682, 11916, 12437, 12464, 12535, 12646, 13039, 13040, 13102, 13209, 13283, 13302, 13503, 13865, 13892, 14018, 14095, 14235, 14351, 14377, 14498, 14561, 14734, 14896, 15501, 15641, 15647, 15690, 16072, 16124, 16185, 16322]
Iter#805027 New set #7 of size 130 (115003.9 its/hit = 144.571s/hit): seed=2298831783773528568 [22, 105, 136, 384, 594, 922, 923, 1656, 1740, 2213, 2306, 2447, 2612, 2839, 3081, 3318, 3343, 3524, 3540, 3677, 3720, 3806, 3929, 4070, 4192, 4336, 4340, 4394, 4411, 4470, 4758, 5341, 5456, 5550, 5584, 5609, 5610, 5643, 5920, 5941, 6052, 6260, 6460, 6515, 6554, 6855, 6860, 6962, 7174, 7195, 7339, 7532, 7913, 8028, 8064, 8134, 8257, 8328, 8430, 8442, 8574, 8638, 8839, 8852, 8875, 9099, 9195, 9207, 9218, 9334, 9450, 9571, 9839, 9845, 9911, 9938, 10094, 10188, 10337, 10461, 10568, 10613, 10646, 10781, 10867, 10890, 10987, 11193, 11348, 11545, 11694, 11836, 11877, 11885, 11914, 11919, 11946, 12048, 12082, 12180, 12288, 12529, 12544, 12642, 13116, 13430, 13552, 14011, 14215, 14334, 14393, 14450, 14465, 14918, 14927, 15004, 15291, 15408, 15437, 15461, 15593, 15657, 15679, 15827, 15828, 15870, 15882, 15945, 16175, 16289]
Iter#838448 New set #8 of size 130 (104806.0 its/hit = 131.875s/hit): seed=5020423932569044414 [9, 35, 40, 228, 368, 651, 681, 876, 914, 959, 1080, 1082, 1297, 1325, 1801, 1882, 1981, 2007, 2154, 2167, 2201, 2548, 2694, 2741, 2825, 3049, 3120, 3183, 3188, 3246, 3474, 3550, 3606, 4149, 4262, 4643, 4660, 4929, 4930, 5489, 5497, 5675, 5709, 5846, 5870, 5891, 6061, 6364, 6408, 6486, 6500, 6643, 6957, 7029, 7077, 7260, 7368, 7451, 7484, 7512, 7550, 7566, 7575, 7910, 8227, 8339, 8345, 8412, 8478, 8494, 8510, 8537, 8601, 8698, 8862, 9002, 9105, 9129, 9251, 9570, 9597, 9803, 10134, 10494, 10567, 10730, 10734, 10837, 10916, 10949, 11059, 11114, 11436, 11512, 11627, 12180, 12216, 12604, 12841, 12882, 12945, 12951, 13133, 13180, 13276, 13373, 13593, 13596, 13673, 13715, 14309, 14335, 14480, 14576, 14752, 14803, 14862, 15113, 15345, 15385, 15399, 15493, 15611, 15647, 15725, 15984, 16167, 16259, 16312, 16339]
Iter#924875 New set #9 of size 130 (102763.9 its/hit = 129.333s/hit): seed=4566829380807331564 [118, 189, 253, 521, 591, 617, 794, 850, 965, 1126, 1139, 1146, 1336, 1404, 1440, 1476, 1679, 1689, 1712, 1798, 1825, 2290, 2411, 2434, 2453, 2501, 2620, 2665, 2681, 2934, 3313, 3350, 3523, 3615, 3714, 4014, 4151, 4559, 4567, 4637, 4671, 4687, 4800, 5226, 5458, 5560, 5611, 5901, 6134, 6197, 6467, 6505, 6545, 6638, 6746, 6914, 7044, 7338, 7478, 7513, 7767, 7807, 7935, 8170, 8325, 8558, 8732, 8735, 8821, 8886, 8948, 9013, 9059, 9103, 9616, 9618, 9708, 9748, 9879, 9942, 9965, 10034, 10151, 10284, 10296, 10602, 10649, 10748, 10811, 10917, 10927, 11213, 11234, 12105, 12122, 12158, 12300, 12492, 12611, 12843, 13138, 13154, 13309, 13488, 13587, 13618, 13781, 13795, 13937, 14163, 14221, 14231, 14275, 14528, 14589, 14612, 14817, 14967, 15252, 15287, 15299, 15376, 15401, 15474, 15556, 15743, 15835, 15861, 16367, 16368]
Iter#1001488 New set #10 of size 130 (100148.8 its/hit = 126.100s/hit): seed=4371620277951144240 [99, 107, 152, 160, 167, 357, 416, 492, 595, 634, 814, 933, 956, 1117, 1265, 1337, 1375, 1417, 1480, 1534, 1957, 2019, 2224, 2273, 2458, 2462, 2590, 2734, 2793, 2861, 3071, 3107, 3527, 3594, 3618, 3671, 4020, 4090, 4336, 4408, 4723, 4748, 4877, 5140, 5361, 5419, 5436, 5452, 5521, 5731, 5777, 5778, 5879, 5914, 6103, 6141, 6189, 6254, 6428, 6429, 6555, 6557, 6610, 6777, 6946, 6991, 7325, 7642, 7659, 7741, 7758, 7792, 7930, 8168, 8245, 8397, 8403, 8811, 8823, 8873, 9130, 9145, 9284, 9504, 10029, 10188, 10310, 10585, 10588, 10745, 10778, 10904, 11119, 11213, 11234, 11254, 11628, 11672, 11971, 11983, 12109, 12112, 12177, 12270, 12398, 12582, 12733, 12870, 12934, 12943, 12964, 12971, 13038, 13260, 13326, 13370, 13397, 13494, 13751, 13761, 14085, 14182, 14454, 14624, 14749, 14961, 14984, 15550, 15798, 16230]
Iter#2299461 New set #20 of size 130 (114973.0 its/hit = 145.450s/hit): seed=17250329212481447865 [329, 491, 519, 603, 607, 687, 1163, 1406, 1533, 1826, 1827, 2319, 2458, 2692, 2778, 3081, 3270, 3526, 3703, 3765, 3944, 4181, 4215, 4273, 4396, 4418, 4597, 4788, 4898, 4952, 4995, 5268, 5549, 5683, 5750, 5889, 5904, 5917, 5930, 6161, 6206, 6370, 6464, 6536, 6646, 6696, 6750, 6773, 6855, 7069, 7086, 7126, 7255, 7261, 7348, 7481, 7568, 7829, 7843, 8030, 8238, 8322, 8324, 8360, 8411, 8418, 8591, 8759, 8801, 8874, 8902, 9173, 9202, 9243, 9328, 9640, 9745, 9757, 9788, 10085, 10098, 10219, 10277, 10605, 10672, 10686, 10837, 11032, 11497, 11504, 11640, 11713, 12149, 12320, 12379, 12398, 12533, 12583, 12625, 12641, 12768, 12777, 12999, 13060, 13078, 13112, 13288, 13374, 13599, 13677, 13805, 13881, 13933, 14335, 14439, 14493, 14641, 14781, 14794, 14807, 15046, 15056, 15136, 15201, 15456, 15501, 16017, 16166, 16193, 16369]
Iter#3388337 New set #30 of size 130 (112944.6 its/hit = 143.267s/hit): seed=14783924225896683069 [1, 62, 257, 435, 640, 813, 830, 1280, 1376, 1538, 1567, 2167, 2396, 2431, 2600, 2675, 2720, 2769, 2897, 2912, 2978, 3017, 3031, 3035, 3322, 3483, 3553, 3627, 3654, 3718, 3741, 3955, 4029, 4558, 4893, 4921, 4973, 5108, 5143, 5210, 5237, 5250, 5308, 5605, 5607, 5615, 5616, 5653, 5893, 5908, 5954, 6086, 6163, 6197, 6289, 6345, 6399, 6651, 6858, 7159, 7170, 7482, 7483, 7506, 7556, 7746, 7784, 7793, 7917, 8047, 8206, 8442, 8509, 8840, 8983, 9031, 9240, 9303, 9354, 9377, 9469, 9667, 9697, 9700, 9743, 10064, 10073, 10078, 10232, 10523, 10547, 10757, 10962, 11025, 11060, 11083, 11089, 11266, 11311, 11340, 11411, 11614, 11730, 11860, 12077, 12318, 12532, 12593, 12998, 13134, 13226, 13410, 13530, 13817, 13956, 13997, 14066, 14136, 14589, 14752, 14985, 15104, 15264, 15437, 15538, 15566, 15860, 15967, 16003, 16079]
Iter#5409428 New set #40 of size 130 (135235.7 its/hit = 171.725s/hit): seed=16523404008074846372 [171, 213, 253, 255, 286, 443, 595, 863, 986, 1101, 1167, 1364, 1563, 1701, 1822, 1933, 2060, 2176, 2180, 2682, 2685, 2814, 2817, 2899, 2956, 3135, 3191, 3204, 3210, 3267, 3473, 3496, 3630, 3720, 3770, 3809, 4244, 4443, 4737, 5084, 5165, 5712, 5799, 5831, 5893, 5909, 6112, 6193, 6211, 6327, 6601, 6628, 6789, 6835, 6848, 7001, 7017, 7051, 7258, 7316, 7324, 7415, 7528, 7670, 7892, 8099, 8440, 8537, 8574, 8631, 8870, 8874, 8947, 9002, 9056, 9191, 9370, 9675, 9872, 9901, 10225, 10611, 10636, 10655, 10905, 10906, 10934, 11016, 11038, 11199, 11232, 11271, 11340, 11350, 11353, 12217, 12292, 12377, 12387, 12692, 12793, 12908, 12943, 12987, 13028, 13221, 13372, 13427, 13575, 13915, 14341, 14361, 14433, 14453, 14543, 14610, 14617, 14747, 14816, 15056, 15105, 15156, 15342, 15400, 15743, 15769, 15930, 15932, 16184, 16287]
Iter#6905388 New set #50 of size 130 (138107.8 its/hit = 175.500s/hit): seed=12555105153308939777 [99, 111, 147, 390, 407, 431, 637, 782, 1065, 1084, 1088, 1170, 1572, 1955, 1975, 2039, 2262, 2294, 2410, 2444, 2479, 2492, 2737, 2840, 3012, 3023, 3133, 3138, 3178, 3508, 3516, 3689, 3824, 3975, 4137, 4470, 4509, 4609, 4706, 4729, 4897, 4931, 4942, 4969, 5040, 5240, 5366, 5459, 5481, 5555, 5687, 5733, 5746, 5788, 6015, 6346, 6418, 6457, 6479, 6535, 6578, 7003, 7107, 7166, 7236, 7534, 7573, 7642, 7647, 7980, 8636, 8704, 8821, 8937, 8999, 9259, 9502, 9565, 9713, 9799, 9865, 10025, 10471, 10577, 10613, 10764, 10814, 10816, 10850, 10977, 10991, 11103, 11140, 11293, 11429, 11623, 11714, 11863, 12043, 12189, 12474, 12506, 12653, 12661, 12869, 12932, 13398, 13500, 13590, 14014, 14036, 14053, 14116, 14443, 14727, 14758, 14802, 14868, 14869, 14890, 15173, 15287, 15318, 15394, 15465, 15552, 15562, 15661, 16227, 16241]
Iter#8962763 New set #60 of size 130 (149379.4 its/hit = 189.733s/hit): seed=381246062804785425 [72, 261, 307, 417, 520, 682, 923, 976, 1175, 1245, 1455, 1680, 1696, 1827, 1881, 2121, 2472, 2632, 2645, 2807, 2898, 2922, 2976, 3032, 3104, 3206, 3294, 3309, 3329, 3359, 3659, 3836, 3841, 3913, 3924, 4113, 4148, 4349, 4394, 4457, 4591, 4757, 5073, 5158, 5365, 5472, 5481, 5613, 5815, 5848, 6113, 6467, 6661, 6833, 6853, 7206, 7255, 7310, 7482, 7963, 8004, 8103, 8253, 8464, 8576, 8723, 8734, 8992, 9449, 9531, 9685, 9694, 9743, 9968, 10137, 10526, 10532, 10558, 10574, 10611, 10788, 10870, 10898, 10981, 11042, 11109, 11111, 11143, 11155, 11209, 11774, 11804, 12049, 12300, 12640, 12707, 12872, 12965, 12992, 13196, 13246, 13533, 13571, 13822, 14285, 14424, 14445, 14453, 14469, 14490, 14587, 14647, 14687, 14734, 14865, 15112, 15121, 15432, 15539, 15562, 15589, 15642, 15687, 15810, 15989, 16061, 16255, 16341, 16371, 16372]
Iter#10633843 New set #70 of size 130 (151912.0 its/hit = 192.829s/hit): seed=9291627161197760732 [8, 154, 176, 336, 361, 376, 506, 910, 1134, 1284, 1298, 1309, 1523, 1788, 1798, 1933, 1999, 2001, 2235, 2439, 2519, 2812, 2889, 2971, 3232, 3386, 3535, 3668, 4097, 4232, 4561, 4957, 5042, 5170, 5609, 5613, 5622, 5647, 5693, 5991, 6044, 6046, 6059, 6076, 6136, 6146, 6187, 6200, 6399, 6410, 6416, 6430, 6713, 6839, 6935, 6969, 7424, 7501, 7762, 7949, 8206, 8280, 8387, 8392, 8430, 8538, 8549, 8647, 8714, 8890, 9125, 9214, 9327, 9438, 9618, 9784, 9949, 10018, 10021, 10058, 10074, 10198, 10269, 10539, 10550, 10695, 10723, 10918, 10923, 10972, 11037, 11148, 11298, 11437, 11606, 11917, 12053, 12126, 12416, 12531, 12793, 12822, 13186, 13255, 13487, 13668, 13900, 13944, 14146, 14523, 14550, 14596, 14669, 14825, 14935, 14990, 15134, 15432, 15438, 15506, 15605, 15695, 15844, 15862, 15928, 15951, 15958, 16197, 16266, 16347]
