[*] Computing DDT
[+] DDT Computed
DDT took 4.355013134s
Iter#1 New set #1 of size 33 (1.0 its/hit = 0.000s/hit): seed=7660259366766216537 [760, 788, 1675, 2060, 2322, 3237, 3429, 3599, 4235, 4412, 4932, 6559, 6663, 6762, 6897, 7325, 7446, 8540, 9138, 9273, 9460, 9753, 9903, 11049, 11673, 12424, 13052, 13261, 13969, 14347, 14627, 14730, 16143]
Iter#2 New set #2 of size 33 (1.0 its/hit = 0.000s/hit): seed=13355307798719318694 [402, 607, 626, 1154, 1697, 1785, 1964, 2417, 2728, 3024, 3094, 4118, 4330, 4366, 5206, 6295, 6977, 7062, 7112, 9035, 9780, 9817, 10486, 10647, 11319, 11759, 12509, 12605, 12934, 14263, 14274, 14795, 14807]
Iter#3 New set #1 of size 34 (3.0 its/hit = 0.000s/hit): seed=17813771210597088989 [42, 595, 606, 728, 892, 2702, 3114, 3284, 3330, 5094, 5114, 5616, 5795, 5805, 6202, 6217, 6474, 8510, 8840, 9890, 10016, 10033, 11192, 11294, 11962, 12116, 12373, 12450, 13173, 13623, 14489, 15109, 15201, 15828]
Iter#5 New set #1 of size 36 (5.0 its/hit = 0.000s/hit): seed=2112295167577358019 [292, 1048, 1910, 2868, 3028, 3382, 4165, 4433, 4539, 5197, 6023, 6833, 7489, 7740, 8379, 9027, 9192, 9382, 9505, 9879, 10062, 10068, 10094, 10219, 11860, 11941, 12189, 12741, 12847, 12868, 14058, 14069, 14219, 14838, 15128, 15166]
Iter#52 New set #2 of size 36 (26.0 its/hit = 0.000s/hit): seed=1659539534844891074 [37, 759, 1184, 1946, 2464, 2857, 3200, 3708, 3878, 4005, 4460, 4743, 5329, 5385, 5450, 6035, 7961, 8470, 8552, 9407, 10123, 10186, 10367, 10808, 10915, 11003, 11204, 11212, 11834, 12494, 12578, 13108, 15135, 15579, 15627, 16308]
Iter#160 New set #3 of size 36 (53.3 its/hit = 0.000s/hit): seed=14512141123102116974 [97, 526, 629, 954, 1433, 2357, 2466, 2766, 2915, 3240, 3493, 3856, 3956, 3960, 4076, 4728, 5141, 5244, 5806, 6161, 6231, 7150, 7282, 8376, 9796, 9994, 11400, 11838, 12137, 12409, 13341, 13564, 13618, 13751, 14857, 16377]
Iter#389 New set #1 of size 37 (389.0 its/hit = 0.000s/hit): seed=3390135727956511764 [400, 543, 872, 1442, 1897, 2123, 2210, 2466, 2696, 3793, 4103, 4300, 4341, 4536, 5098, 5667, 6178, 6394, 7162, 7502, 7918, 8023, 8172, 8713, 8844, 9379, 9400, 10383, 10831, 11645, 12331, 14517, 14710, 14823, 15586, 16199, 16206]
Iter#1064 New set #2 of size 37 (532.0 its/hit = 0.500s/hit): seed=1221895022793407923 [284, 594, 822, 1209, 1250, 1944, 2907, 3324, 3772, 4463, 4671, 4999, 5266, 5923, 6195, 6356, 6459, 6587, 7137, 7790, 7883, 7915, 8069, 8219, 9196, 9596, 10338, 11144, 11793, 11920, 14104, 14442, 14603, 14676, 15685, 15702, 16308]
Iter#1319 New set #3 of size 37 (439.7 its/hit = 0.667s/hit): seed=3127033158956998654 [1365, 1412, 1878, 1999, 2048, 2069, 2835, 3264, 3323, 4363, 4383, 4692, 5093, 8079, 8251, 8556, 8559, 8770, 8902, 9123, 9295, 9458, 10832, 11034, 11099, 11277, 12269, 12825, 13684, 13916, 13982, 14278, 15186, 15505, 15700, 15758, 16179]
Iter#1866 New set #4 of size 37 (466.5 its/hit = 0.500s/hit): seed=7215460878104867522 [362, 1007, 1105, 1115, 1419, 1579, 2933, 3188, 3619, 4085, 4330, 5080, 5223, 5287, 6384, 6680, 7325, 8453, 8580, 8675, 9031, 9723, 10641, 11191, 12588, 12620, 13056, 13513, 13554, 13670, 13897, 14313, 14955, 14968, 14979, 16236, 16318]
Iter#4223 New set #5 of size 37 (844.6 its/hit = 1.200s/hit): seed=15321814467798253368 [563, 1428, 1937, 2427, 2558, 2637, 2728, 2826, 2872, 2985, 3010, 3021, 3844, 4607, 5051, 5669, 5726, 5757, 6085, 6339, 7438, 7515, 7925, 8398, 8961, 10562, 11069, 11173, 11839, 11854, 13360, 13369, 13862, 14041, 15271, 16088, 16369]
Iter#5609 New set #6 of size 37 (934.8 its/hit = 1.333s/hit): seed=16803710056171266726 [119, 448, 866, 1561, 1573, 1856, 2014, 2548, 3703, 4155, 4875, 5041, 5187, 6364, 6752, 6757, 6762, 7143, 7272, 7432, 8066, 8732, 8902, 9024, 9659, 10208, 11386, 11524, 11648, 11860, 12047, 12883, 12896, 13441, 15098, 15907, 16102]
Iter#6443 New set #7 of size 37 (920.4 its/hit = 1.429s/hit): seed=7223369441643118505 [918, 1310, 1549, 1677, 1754, 2812, 3291, 3827, 4677, 5306, 5519, 5687, 5937, 6290, 6484, 6905, 7170, 7201, 7890, 8222, 8384, 8818, 11334, 12016, 12305, 12319, 13568, 13649, 13709, 13818, 13859, 14194, 14229, 14315, 15159, 15643, 15997]
Iter#7050 New set #8 of size 37 (881.2 its/hit = 1.375s/hit): seed=16914303698438706069 [31, 231, 645, 1516, 1917, 2105, 2112, 2613, 2841, 3603, 4264, 5805, 5813, 6113, 6567, 6845, 7004, 7229, 7480, 8823, 8957, 9595, 10401, 10478, 10804, 11019, 11115, 11190, 11261, 11456, 11617, 11864, 12524, 13605, 14100, 14263, 15104]
Iter#7256 New set #9 of size 37 (806.2 its/hit = 1.222s/hit): seed=1344493050881770131 [30, 156, 340, 698, 1164, 1630, 1677, 1969, 2706, 3005, 3734, 4203, 5805, 6054, 7455, 8462, 9025, 10011, 10064, 10127, 10333, 10412, 10838, 10856, 10916, 11423, 11536, 12464, 12728, 13290, 13579, 13809, 14070, 14856, 15485, 15666, 15862]
Iter#7414 New set #10 of size 37 (741.4 its/hit = 1.100s/hit): seed=13295383467869068049 [595, 771, 1141, 1624, 1651, 2233, 2513, 2592, 2868, 3095, 3270, 3479, 4665, 4981, 4982, 5112, 5168, 5862, 6198, 6611, 6789, 9954, 10088, 10859, 11134, 11721, 12143, 12693, 13281, 13809, 14137, 14748, 14757, 14969, 15031, 15543, 15580]
Iter#14241 New set #20 of size 37 (712.0 its/hit = 1.100s/hit): seed=3944084334273382969 [546, 901, 910, 1194, 1512, 1614, 1689, 1737, 1827, 2000, 2133, 2523, 3270, 4501, 5463, 6051, 6507, 7141, 7743, 7755, 10241, 10829, 11234, 12601, 12645, 12689, 12937, 13636, 14065, 14435, 14502, 14532, 14731, 14750, 15049, 15363, 15537]
Iter#14504 New set #1 of size 38 (14504.0 its/hit = 22.000s/hit): seed=7330382301918629128 [290, 775, 1834, 2271, 2350, 2933, 3250, 3509, 4007, 4286, 5534, 5540, 5666, 5884, 6227, 6599, 7111, 7556, 8001, 8200, 8486, 8538, 8995, 9186, 9359, 9560, 9639, 9862, 10063, 10071, 10492, 10824, 11165, 12807, 13923, 14884, 15510, 16238]
Iter#14661 New set #2 of size 38 (7330.5 its/hit = 11.500s/hit): seed=9806108402829678038 [523, 1331, 1886, 1915, 2230, 2232, 2368, 3050, 3150, 4150, 4603, 4822, 4939, 4988, 5154, 6259, 7035, 7246, 7419, 7833, 7920, 8155, 8409, 8547, 9382, 10152, 10268, 10704, 11050, 11264, 12680, 12772, 12828, 12881, 14906, 15616, 16080, 16161]
Iter#18183 New set #3 of size 38 (6061.0 its/hit = 9.333s/hit): seed=4419927243378656343 [1, 502, 1065, 1854, 2496, 2549, 2590, 3030, 3245, 3660, 3913, 4140, 6374, 6617, 7469, 7488, 7680, 7885, 8509, 8519, 9078, 10025, 10106, 10495, 10602, 11163, 12135, 12339, 12374, 12642, 12661, 12815, 13324, 13677, 13941, 14520, 15401, 15787]
Iter#22458 New set #4 of size 38 (5614.5 its/hit = 8.750s/hit): seed=15690730920343126919 [713, 1063, 1369, 1456, 1659, 2274, 3023, 3115, 3306, 3332, 3381, 3860, 4004, 4211, 4248, 4577, 4971, 5075, 5119, 5308, 6370, 6630, 7026, 7199, 8033, 8533, 8550, 9492, 10565, 11128, 11241, 12096, 12647, 13772, 14260, 15240, 15448, 15845]
Iter#22723 New set #1 of size 39 (22723.0 its/hit = 35.000s/hit): seed=1805655446068134874 [151, 245, 551, 823, 1770, 1988, 2569, 3697, 4104, 4962, 5073, 5454, 5456, 5477, 6001, 6210, 7477, 7529, 7629, 8397, 9009, 9812, 10166, 11273, 12612, 12864, 12899, 13078, 13646, 13756, 13789, 13953, 13959, 14700, 14963, 14967, 15300, 15722, 16245]
Iter#142507 New set #2 of size 39 (71253.5 its/hit = 112.500s/hit): seed=7070222231682442114 [381, 1014, 1118, 1357, 1639, 1812, 1980, 2090, 2290, 2360, 2474, 2648, 3240, 3326, 4313, 5738, 6362, 6402, 6689, 6721, 7140, 7743, 8487, 10342, 10368, 11690, 11976, 12216, 12747, 13155, 13238, 13304, 13572, 13624, 14238, 14308, 14323, 14520, 14869]
Iter#267547 New set #3 of size 39 (89182.3 its/hit = 142.000s/hit): seed=2596093712027451504 [14, 371, 510, 1094, 1115, 1176, 1982, 2665, 3556, 4102, 5610, 5761, 6477, 6586, 6617, 7258, 7938, 7976, 8251, 9236, 9417, 9937, 11026, 11685, 11779, 12478, 12496, 12513, 12521, 13324, 13396, 13429, 13432, 13444, 13986, 14328, 15696, 15710, 15907]
Iter#307456 New set #4 of size 39 (76864.0 its/hit = 122.250s/hit): seed=4400023257958887415 [607, 1058, 1870, 2386, 2604, 2620, 2642, 2859, 3188, 3265, 3270, 3539, 4020, 4387, 5231, 5617, 6900, 7563, 7668, 7765, 9665, 9709, 10171, 10298, 10674, 11326, 11423, 11436, 11839, 12160, 12310, 13023, 13135, 13833, 13916, 14187, 15364, 15811, 15860]
Iter#440726 New set #5 of size 39 (88145.2 its/hit = 139.600s/hit): seed=4700217031974455137 [95, 240, 2068, 2260, 2823, 4086, 4133, 4435, 4477, 4542, 4746, 4900, 5828, 5934, 6460, 6684, 7900, 7988, 8885, 9414, 9445, 10615, 10660, 10662, 11112, 11156, 11430, 11724, 12332, 12365, 12567, 12575, 13153, 13235, 14128, 14815, 15721, 16012, 16019]
Iter#586083 New set #6 of size 39 (97680.5 its/hit = 154.667s/hit): seed=13341488399321155414 [876, 961, 1466, 2187, 3982, 4005, 4457, 4688, 4990, 5160, 5626, 6094, 6293, 6598, 6677, 7729, 8471, 8961, 9182, 9759, 9922, 10557, 10693, 10926, 11139, 11166, 11167, 11618, 13402, 13535, 13791, 14247, 14381, 14465, 14544, 15053, 15225, 15290, 15439]
Iter#650995 New set #7 of size 39 (92999.3 its/hit = 147.286s/hit): seed=10064576572853550094 [420, 1024, 1684, 1999, 2068, 2236, 2414, 2840, 3518, 3523, 3777, 4129, 4243, 4244, 4282, 4415, 4430, 4733, 5458, 5482, 5718, 5811, 5855, 6330, 6673, 6983, 7040, 7195, 7884, 8189, 8490, 9494, 10571, 11029, 15036, 15241, 15416, 15723, 16056]
Iter#697077 New set #8 of size 39 (87134.6 its/hit = 137.625s/hit): seed=18175224807724455430 [84, 1483, 1593, 2665, 2674, 2732, 2869, 3346, 4049, 4123, 4626, 4698, 5142, 5682, 6359, 6417, 7969, 9434, 9608, 9936, 10035, 10315, 11102, 11406, 11666, 11818, 12001, 12072, 12612, 13050, 13782, 13943, 14041, 15184, 15316, 15329, 15335, 15702, 15899]
Iter#843986 New set #1 of size 40 (843986.0 its/hit = 1325.000s/hit): seed=201726867327091563 [437, 758, 1078, 1554, 1671, 1764, 1786, 1863, 2021, 2191, 2966, 3163, 3228, 3306, 3534, 4492, 5027, 5832, 6372, 6832, 7184, 7356, 7533, 7812, 8347, 8353, 8832, 9060, 9434, 9976, 10337, 10637, 10726, 11737, 11903, 12233, 12300, 12631, 12807, 15584]
Iter#2738963 New set #1 of size 41 (2738963.0 its/hit = 4208.000s/hit): seed=16314469856491301514 [304, 718, 965, 1180, 1998, 2193, 2928, 2940, 4086, 4197, 4710, 4882, 4993, 5258, 5892, 6218, 6321, 6417, 7551, 7651, 8208, 9021, 9069, 9991, 10117, 10359, 11043, 11101, 12167, 12687, 12728, 13574, 13785, 14024, 14411, 14989, 15202, 15373, 15875, 16151, 16274]
Iter#3190757 New set #1 of size 42 (3190757.0 its/hit = 4893.000s/hit): seed=1482846648723700923 [455, 498, 575, 676, 2514, 2766, 2823, 3042, 3151, 3297, 3340, 3697, 4081, 5474, 5789, 6821, 7396, 7663, 8405, 8445, 9102, 9181, 9469, 9642, 9886, 9924, 10320, 10382, 10971, 10976, 11032, 11560, 11685, 11962, 12614, 13035, 13068, 13198, 13808, 15003, 15707, 16347]
