[*] Computing DDT
[+] DDT Computed
DDT took 5.497144214s
Iter#1 New set #1 of size 33 (1.0 its/hit = 0.000s/hit): seed=12417898415497627443 [0, 226, 284, 580, 2594, 2836, 3133, 3826, 6342, 6885, 6948, 7236, 7418, 8328, 8369, 8474, 9360, 9524, 9969, 10226, 10238, 10330, 10635, 11183, 11559, 11618, 12701, 13333, 13341, 13464, 14635, 15540, 15907]
Iter#2 New set #1 of size 35 (2.0 its/hit = 0.000s/hit): seed=14199311552044189606 [315, 1383, 1582, 1681, 1947, 2503, 3932, 4481, 4871, 5097, 5773, 5788, 5901, 6213, 6618, 6674, 6823, 8045, 8315, 8574, 9044, 9368, 9767, 10732, 11060, 11394, 11993, 12307, 13109, 13603, 14019, 14356, 14689, 15393, 16131]
Iter#3 New set #1 of size 37 (3.0 its/hit = 0.000s/hit): seed=15673162082353369296 [491, 1043, 1053, 2067, 2152, 2867, 3967, 4078, 4800, 4818, 4930, 5660, 5943, 6279, 6902, 7057, 7595, 8032, 8358, 8570, 8894, 8945, 8964, 9242, 9615, 9646, 10738, 10767, 11510, 13056, 13311, 13639, 13652, 13842, 14951, 15368, 15411]
Iter#9 New set #1 of size 40 (9.0 its/hit = 0.000s/hit): seed=5214870118044620773 [466, 690, 853, 1007, 1268, 1454, 3205, 3377, 3395, 3485, 3850, 4016, 5089, 5122, 5781, 6180, 6867, 7540, 7931, 7952, 8574, 8919, 9029, 9071, 9132, 9477, 9744, 10419, 10429, 10708, 11279, 11758, 13116, 13396, 13853, 13941, 14744, 14798, 16260, 16285]
Iter#10 New set #2 of size 40 (5.0 its/hit = 0.000s/hit): seed=13714227511223172469 [709, 770, 1072, 1369, 2098, 2584, 3831, 3944, 3946, 4288, 4808, 5456, 6950, 7231, 7433, 7999, 8353, 8762, 8838, 8906, 9305, 9355, 9461, 9716, 9836, 9960, 10063, 10477, 11244, 11616, 12035, 12729, 12768, 12791, 13118, 14482, 14870, 15181, 15474, 15488]
Iter#12 New set #3 of size 40 (4.0 its/hit = 0.000s/hit): seed=15867644738047658151 [197, 347, 1409, 2061, 2131, 2240, 2401, 2672, 3464, 3783, 4450, 4594, 4938, 5777, 5963, 6172, 6644, 7747, 7942, 8062, 8380, 8800, 8863, 9451, 9460, 10036, 11787, 11964, 12002, 12158, 12962, 13200, 13220, 13476, 13831, 13972, 14419, 14686, 15990, 16021]
Iter#31 New set #1 of size 43 (31.0 its/hit = 0.000s/hit): seed=13556125389004374708 [676, 721, 1114, 1156, 1319, 1363, 3151, 3185, 3287, 3454, 3462, 4227, 4676, 4689, 5349, 5802, 5844, 6192, 6386, 7136, 7638, 7931, 8777, 9289, 9771, 10273, 11534, 11758, 11965, 12163, 12209, 12695, 12730, 13029, 13633, 13901, 14259, 14438, 14960, 15819, 15846, 15852, 16051]
Iter#33 New set #2 of size 43 (16.5 its/hit = 0.000s/hit): seed=429410382663081751 [189, 211, 504, 505, 966, 1385, 1565, 1654, 1767, 2366, 2936, 3137, 4491, 5419, 5514, 5593, 6996, 7386, 7491, 7520, 7723, 8824, 9009, 9720, 10534, 10683, 11509, 11977, 12267, 12532, 12585, 12675, 12717, 12725, 12962, 13007, 13780, 14228, 14241, 14719, 14748, 15218, 16330]
Iter#79 New set #1 of size 46 (79.0 its/hit = 0.000s/hit): seed=7690971676982360423 [147, 1680, 2231, 2504, 2631, 3091, 3442, 3672, 4000, 4450, 4518, 4537, 4699, 5123, 5391, 5441, 5710, 5874, 6934, 6969, 7045, 7206, 7365, 7544, 7732, 7793, 7933, 8166, 8294, 9581, 9844, 10279, 10377, 11018, 11244, 11781, 12140, 13039, 13057, 13647, 13701, 13846, 14040, 14869, 15072, 15963]
Iter#105 New set #2 of size 46 (52.5 its/hit = 0.000s/hit): seed=3653109421592074775 [238, 262, 266, 1137, 1569, 2482, 2570, 2729, 2916, 3661, 4036, 4131, 4218, 4488, 5275, 5560, 5676, 5817, 6065, 6502, 7430, 7746, 7899, 8143, 8371, 8619, 8719, 9755, 10312, 10401, 11157, 11541, 11571, 12143, 12163, 12402, 12594, 12741, 13464, 14255, 14263, 14330, 16195, 16225, 16227, 16298]
Iter#340 New set #3 of size 46 (113.3 its/hit = 0.000s/hit): seed=3511332006417832244 [497, 762, 1203, 1310, 1635, 1817, 2200, 2608, 2780, 3136, 4441, 4674, 5031, 5375, 5452, 6058, 7462, 8129, 8324, 8989, 9023, 9148, 9767, 10391, 10525, 10546, 10547, 10581, 10767, 11250, 11340, 11529, 12091, 12231, 12472, 12610, 12711, 12724, 12814, 13579, 14271, 15087, 15193, 15910, 16170, 16356]
Iter#399 New set #4 of size 46 (99.8 its/hit = 0.000s/hit): seed=9776030310317253022 [314, 557, 1132, 1316, 1340, 1410, 1673, 2773, 4760, 5084, 5189, 5439, 5522, 5650, 6063, 6158, 6327, 6644, 6763, 6958, 7470, 7635, 7655, 7678, 7978, 8095, 8250, 8332, 8756, 8913, 9141, 9216, 10972, 11517, 12416, 12682, 12926, 13204, 14025, 14132, 14191, 14218, 14678, 15035, 15589, 15810]
Iter#875 New set #1 of size 49 (875.0 its/hit = 1.000s/hit): seed=12137023062225621079 [52, 772, 779, 991, 1801, 2091, 2477, 3789, 3867, 4370, 4773, 5207, 5265, 5307, 5352, 5528, 5903, 6773, 7206, 7239, 7310, 7555, 7645, 7830, 7906, 7958, 8049, 8200, 8672, 9189, 9700, 11267, 11548, 11790, 11835, 12006, 12103, 12290, 12590, 12925, 13220, 13479, 13628, 14419, 14432, 15028, 15499, 15634, 16121]
Iter#1630 New set #2 of size 49 (815.0 its/hit = 1.000s/hit): seed=12483573750409826506 [91, 186, 341, 431, 802, 1014, 1206, 1424, 1644, 1979, 2297, 2978, 3170, 3184, 3539, 4472, 4567, 4628, 4947, 5642, 5731, 5841, 6622, 6870, 8044, 8289, 8958, 9205, 9751, 9790, 10871, 12557, 12768, 12880, 12928, 13307, 13617, 13642, 14519, 14611, 14737, 15098, 15200, 15516, 15544, 15660, 15662, 16082, 16338]
Iter#2745 New set #3 of size 49 (915.0 its/hit = 1.333s/hit): seed=10631589157623811464 [32, 192, 199, 256, 290, 832, 850, 1424, 1497, 1768, 2732, 2947, 3151, 3162, 3544, 3921, 4147, 4219, 4503, 5086, 6239, 6841, 6869, 7886, 8008, 8094, 8363, 8552, 8635, 9238, 9306, 9571, 9614, 9952, 11584, 12115, 12448, 12529, 12539, 13264, 13422, 13633, 13652, 14018, 14115, 14697, 14745, 14807, 16259]
Iter#5287 New set #4 of size 49 (1321.8 its/hit = 1.750s/hit): seed=157860725290745907 [1043, 1091, 1092, 1193, 1367, 1540, 1985, 2482, 2692, 2735, 2907, 3606, 3735, 4042, 4111, 4169, 4175, 4483, 4518, 4543, 4642, 4714, 5213, 5463, 6390, 6408, 6441, 6522, 6947, 7669, 8134, 8305, 8855, 8925, 10132, 10529, 11182, 11494, 12203, 12372, 12524, 13028, 13260, 14300, 14487, 14941, 15219, 15694, 15850]
Iter#9796 New set #5 of size 49 (1959.2 its/hit = 2.800s/hit): seed=4850105834030314816 [28, 171, 409, 496, 771, 880, 1103, 1584, 1787, 1803, 2121, 2608, 3249, 3299, 3401, 3771, 4427, 4708, 5084, 5378, 5426, 5433, 5480, 5563, 6057, 6213, 6335, 6476, 6531, 7112, 7515, 7642, 8245, 8579, 8847, 9286, 9821, 10028, 11925, 12711, 13509, 13888, 14443, 14551, 15701, 15829, 15878, 16355, 16370]
Iter#17462 New set #6 of size 49 (2910.3 its/hit = 4.333s/hit): seed=771469173377819063 [1502, 2032, 2280, 2568, 3127, 3264, 3275, 3334, 3400, 3751, 4816, 6090, 6185, 6556, 7022, 7734, 7743, 7747, 7860, 8290, 8300, 8743, 8923, 9052, 9090, 9343, 9395, 9399, 10075, 10101, 10266, 10291, 10597, 10747, 11048, 11115, 11543, 12216, 12587, 13658, 13769, 13906, 14015, 14179, 14236, 14497, 14530, 14738, 16234]
Iter#22183 New set #7 of size 49 (3169.0 its/hit = 4.714s/hit): seed=3355836442680191185 [525, 530, 732, 2727, 3068, 3071, 3482, 3579, 3704, 3957, 3980, 4207, 4524, 5195, 5557, 5738, 5806, 5886, 6000, 7030, 7757, 7790, 8224, 8361, 8409, 8708, 9063, 9506, 9528, 9643, 9953, 10454, 10790, 10970, 11153, 11840, 12134, 12246, 12381, 12477, 13352, 13836, 14215, 15015, 15649, 15798, 15863, 16093, 16372]
Iter#31292 New set #8 of size 49 (3911.5 its/hit = 5.875s/hit): seed=12530368327973151154 [741, 1129, 1147, 1365, 1527, 1545, 2011, 2102, 3280, 3829, 4148, 4258, 4304, 4317, 4966, 5159, 5279, 6235, 6237, 6430, 7150, 7175, 7254, 7827, 8019, 8067, 10836, 10895, 11051, 11126, 11472, 11622, 11627, 11793, 12199, 12398, 12560, 12614, 13713, 13878, 13964, 14387, 14709, 14849, 14985, 15667, 16229, 16325, 16368]
Iter#33074 New set #1 of size 52 (33074.0 its/hit = 50.000s/hit): seed=15025676662853710622 [6, 270, 851, 1638, 1779, 2809, 3006, 3046, 3210, 3288, 3445, 3800, 4143, 4298, 4498, 5366, 5461, 5707, 6609, 6691, 7587, 8047, 8335, 8697, 8780, 8795, 8872, 9950, 10205, 11084, 11303, 12018, 12126, 12189, 12703, 12812, 12865, 12982, 13016, 13105, 13210, 13506, 14233, 14249, 14278, 14322, 14904, 15007, 15540, 15955, 16089, 16105]
Iter#36996 New set #1 of size 78 (36996.0 its/hit = 56.000s/hit): seed=4657217199655101673 [61, 567, 621, 631, 1012, 1144, 1268, 1289, 1316, 1386, 1461, 1547, 2344, 2990, 3271, 3390, 3500, 3547, 3702, 3704, 3711, 3806, 3881, 4230, 4742, 5608, 6009, 6053, 6167, 6456, 6796, 7136, 7441, 7492, 7676, 8075, 8098, 8281, 8314, 8529, 8823, 8943, 8945, 9045, 9207, 9246, 9405, 9415, 9692, 9813, 9997, 10080, 10171, 10279, 10389, 10520, 11302, 11334, 12068, 12089, 12597, 12727, 12761, 13009, 13340, 13604, 14158, 14167, 14180, 14283, 14568, 15058, 15555, 15561, 15699, 15922, 16096, 16179]
Iter#327607 New set #1 of size 130 (327607.0 its/hit = 505.000s/hit): seed=8450959537802954495 [125, 187, 430, 484, 507, 693, 873, 1003, 1042, 1171, 1204, 1253, 1256, 1308, 1333, 1401, 1504, 1875, 2113, 2189, 2276, 2756, 2920, 2995, 3250, 3319, 3394, 3462, 3469, 3515, 3576, 3821, 3868, 3887, 4078, 4111, 4178, 4427, 4644, 4652, 4948, 5012, 5051, 5218, 5265, 5295, 5365, 5501, 5504, 5513, 5805, 5853, 5868, 6237, 6262, 6509, 6766, 6800, 6862, 6877, 6992, 6995, 7345, 7657, 7857, 7909, 7952, 7994, 8062, 8075, 8266, 8378, 8411, 8488, 8695, 8727, 8902, 8942, 8957, 9073, 9117, 9480, 9586, 9919, 10397, 10853, 10879, 11422, 11573, 11592, 11693, 11740, 11773, 11864, 12015, 12018, 12046, 12070, 12220, 12289, 12716, 12731, 12965, 13000, 13017, 13198, 13492, 13650, 13738, 13746, 13750, 13821, 13896, 14104, 14212, 14356, 14592, 14630, 14724, 15132, 15160, 15366, 15468, 15723, 15747, 16067, 16262, 16264, 16336, 16362]
Iter#558169 New set #2 of size 130 (279084.5 its/hit = 431.500s/hit): seed=3624187336056161587 [86, 256, 366, 726, 853, 862, 868, 899, 1199, 1283, 1299, 1365, 1516, 2289, 2305, 2370, 2433, 2465, 2490, 2583, 3000, 3117, 3183, 3243, 3369, 3511, 3597, 3677, 3788, 3811, 4180, 4257, 4463, 4509, 4689, 5055, 5086, 5104, 5273, 5466, 5485, 5519, 5612, 5660, 5761, 5763, 5946, 5947, 6271, 6333, 6347, 6650, 6669, 6810, 7079, 7217, 7314, 7504, 7947, 7956, 7961, 7962, 8141, 8145, 8275, 8438, 8505, 8584, 8638, 8644, 8870, 8878, 9015, 9026, 9119, 9169, 9412, 9416, 9462, 9501, 9558, 9613, 9725, 9756, 9864, 9905, 9968, 10028, 10145, 10264, 10302, 10416, 10526, 10562, 10618, 10718, 11153, 11918, 12189, 12247, 12323, 12391, 12525, 12723, 12726, 12931, 13214, 13327, 13477, 13685, 13851, 13870, 13985, 14007, 14388, 14441, 14451, 14782, 15018, 15097, 15314, 15323, 15463, 15558, 15769, 15831, 15868, 15984, 16046, 16155]
Iter#614528 New set #3 of size 130 (204842.7 its/hit = 317.333s/hit): seed=7819926226487470552 [94, 124, 301, 503, 558, 741, 836, 845, 853, 946, 1171, 1278, 1404, 1540, 1724, 1761, 1815, 1863, 1950, 2023, 2225, 2252, 2350, 2573, 2577, 2603, 2649, 2663, 2680, 2742, 2882, 3068, 3218, 3331, 3575, 3670, 3924, 3980, 4616, 4715, 5347, 5533, 5595, 5678, 5707, 6116, 6153, 6309, 6358, 6450, 6517, 6883, 6909, 6991, 7249, 7332, 7493, 7621, 7654, 7680, 7762, 7799, 7812, 7971, 8052, 8078, 8359, 8576, 8595, 8885, 8887, 9040, 9051, 9072, 9084, 9127, 9167, 9191, 9214, 9283, 9598, 9624, 10083, 10357, 10631, 10851, 10993, 11083, 11124, 11230, 11267, 11449, 11459, 11479, 11535, 11583, 11773, 11785, 11820, 11861, 11920, 11923, 11994, 12020, 12318, 12612, 12874, 12934, 13125, 13211, 13273, 13573, 13853, 14081, 14091, 14584, 14590, 14616, 14750, 14805, 14817, 14918, 15002, 15192, 15517, 15543, 15624, 15664, 15679, 15769]
Iter#620585 New set #4 of size 130 (155146.2 its/hit = 240.500s/hit): seed=5620016590871075728 [23, 184, 249, 272, 371, 432, 740, 772, 831, 983, 1009, 1172, 1291, 1389, 1595, 1754, 1846, 1931, 1936, 2192, 2378, 2536, 2587, 2595, 2821, 2842, 2871, 2953, 3059, 3107, 3300, 3427, 3579, 3605, 3647, 3720, 3861, 4025, 4147, 4166, 4227, 4341, 4384, 4534, 4626, 5234, 5247, 5379, 5690, 6043, 6067, 6103, 6175, 6177, 6477, 6544, 7091, 7724, 8076, 8184, 8654, 8683, 8976, 9027, 9069, 9111, 9193, 9339, 9389, 9579, 9879, 9966, 10048, 10168, 10202, 10213, 10251, 10255, 10419, 10451, 10544, 10863, 11048, 11225, 11310, 11345, 11390, 11441, 11554, 11908, 11921, 11942, 12398, 12410, 12604, 12612, 12685, 13213, 13216, 13877, 13920, 13962, 13982, 14023, 14166, 14269, 14327, 14461, 14558, 14799, 14909, 14997, 15067, 15171, 15280, 15296, 15298, 15308, 15493, 15511, 15635, 15754, 15769, 15835, 16090, 16093, 16108, 16113, 16154, 16175]
Iter#817802 New set #5 of size 130 (163560.4 its/hit = 254.600s/hit): seed=11511702048884615976 [206, 445, 585, 690, 706, 805, 886, 958, 991, 1011, 1304, 1474, 1550, 1614, 1682, 1712, 1770, 1988, 2484, 2602, 2754, 2850, 2916, 3061, 3083, 3248, 3263, 3567, 3882, 4057, 4063, 4075, 4081, 4155, 4216, 4304, 4325, 5210, 5241, 5416, 5560, 5578, 5780, 5866, 5893, 5940, 5985, 5995, 6028, 6055, 6104, 6123, 6160, 6191, 6649, 6693, 6732, 6950, 7056, 7304, 7321, 7358, 7588, 7717, 7918, 8046, 8332, 8583, 8587, 8698, 8731, 8781, 8798, 9292, 9482, 9513, 9577, 9790, 9840, 9847, 10065, 10276, 10327, 10477, 10480, 10566, 10629, 10713, 10755, 10901, 10914, 10957, 10976, 11022, 11290, 11413, 11450, 11491, 11570, 11648, 11651, 11710, 11908, 12033, 12180, 12519, 12545, 12650, 12775, 12878, 12978, 13103, 13560, 13576, 13692, 13855, 14088, 14208, 14236, 14387, 14547, 14585, 14914, 15067, 15294, 15549, 15854, 16181, 16184, 16290]
Iter#1320817 New set #6 of size 130 (220136.2 its/hit = 344.500s/hit): seed=4379546975102317712 [125, 129, 169, 241, 609, 758, 759, 776, 991, 1225, 1292, 1556, 1956, 1987, 2012, 2154, 2716, 2852, 2881, 3184, 3246, 3390, 3818, 3831, 3958, 3975, 4024, 4210, 4567, 4641, 4750, 4789, 4814, 4827, 4850, 4903, 5032, 5036, 5109, 5186, 5359, 5442, 5889, 6097, 6114, 6147, 6190, 6232, 6300, 6646, 6786, 6902, 6932, 6975, 7059, 7164, 7197, 7610, 7936, 8018, 8330, 8445, 8469, 8550, 8567, 8893, 9029, 9425, 9548, 9653, 9725, 10028, 10431, 10616, 10624, 10716, 10726, 10770, 10817, 10829, 10841, 11129, 11214, 11278, 11293, 11294, 11398, 11473, 11609, 11615, 11774, 11948, 12235, 12522, 12674, 12735, 12797, 13142, 13233, 13244, 13272, 13488, 13502, 13653, 13681, 13683, 13738, 13855, 14089, 14117, 14140, 14167, 14286, 14317, 14447, 14682, 14865, 14913, 14939, 15057, 15157, 15217, 15237, 15255, 15439, 15453, 15620, 15720, 16107, 16352]
Iter#1550439 New set #7 of size 130 (221491.3 its/hit = 347.857s/hit): seed=8285853540770903606 [375, 429, 558, 588, 1074, 1269, 1299, 1360, 1395, 1698, 1737, 1836, 1892, 1938, 2056, 2259, 2439, 2641, 2794, 3042, 3103, 3130, 3148, 3300, 3334, 3520, 3628, 3652, 3740, 3747, 3896, 4069, 4196, 4203, 4254, 4378, 4430, 4468, 4836, 5298, 5307, 5372, 5379, 5394, 5514, 5567, 5618, 5687, 5741, 5789, 5857, 5900, 5901, 6212, 6224, 6269, 6793, 6895, 6949, 6969, 7033, 7110, 7630, 7827, 7878, 7900, 8078, 8088, 8115, 8138, 8552, 8581, 8603, 8716, 8819, 9055, 9258, 9313, 9363, 9475, 9497, 9785, 10017, 10114, 10381, 10508, 10574, 10614, 10654, 10682, 11143, 11838, 12130, 12245, 12325, 12373, 12432, 12474, 12807, 12838, 12846, 13209, 13419, 13441, 13666, 13731, 13989, 14007, 14125, 14210, 14245, 14376, 14588, 14675, 14941, 14953, 15166, 15293, 15369, 15401, 15427, 15480, 15692, 15913, 15968, 16132, 16134, 16217, 16229, 16285]
Iter#1618583 New set #8 of size 130 (202322.9 its/hit = 318.000s/hit): seed=5379503875058441518 [136, 176, 401, 487, 657, 675, 864, 920, 1097, 1122, 1234, 1320, 1380, 1497, 1601, 1835, 1875, 1936, 2037, 2320, 2449, 2585, 2747, 2897, 2988, 3004, 3341, 3598, 3600, 3791, 3988, 4053, 4214, 4474, 4564, 4580, 4684, 4844, 4944, 5055, 5191, 5264, 5289, 5359, 5403, 5559, 5599, 5605, 5706, 5989, 6216, 6292, 6308, 6349, 6383, 6577, 6749, 6772, 6928, 6982, 7035, 7125, 7153, 7545, 7615, 7665, 7807, 7882, 8258, 8400, 8513, 8721, 9264, 9265, 9297, 9316, 9327, 9660, 9805, 9819, 9879, 10196, 10790, 11078, 11099, 11314, 11348, 11357, 11574, 11669, 11698, 11846, 11857, 12078, 12121, 12242, 12408, 12536, 12632, 12737, 13049, 13052, 13074, 13263, 13269, 13347, 13393, 13408, 13422, 13467, 13738, 13766, 13791, 13864, 13910, 14103, 14335, 14339, 14411, 14439, 14464, 14725, 14782, 15555, 15574, 15647, 15892, 16084, 16128, 16130]
Iter#1799301 New set #9 of size 130 (199922.3 its/hit = 314.778s/hit): seed=13283103848680065971 [226, 260, 427, 480, 484, 508, 542, 846, 978, 1111, 1517, 1530, 1679, 1694, 1779, 2008, 2106, 2128, 2365, 2517, 2709, 2950, 3004, 3024, 3038, 3138, 3414, 3440, 3538, 3914, 3950, 4388, 4446, 4841, 5148, 5261, 5356, 5502, 5537, 5697, 5776, 5803, 5816, 5927, 6091, 6344, 6430, 6499, 6538, 6571, 6651, 6670, 6820, 6841, 7000, 7024, 7146, 7371, 7721, 7731, 8244, 8355, 8391, 8441, 8491, 8662, 8671, 8843, 8890, 8955, 9220, 9305, 9501, 9842, 9850, 9986, 10178, 10221, 10471, 10687, 10931, 10983, 11048, 11078, 11116, 11229, 11275, 11296, 11579, 11832, 11915, 11928, 11974, 12037, 12038, 12356, 12467, 12478, 12485, 12514, 12591, 12618, 12643, 12726, 13061, 13355, 13549, 13741, 13746, 13816, 14051, 14143, 14269, 14497, 14564, 14612, 14766, 14800, 14811, 14829, 15035, 15178, 15225, 15288, 15383, 15538, 15579, 16018, 16190, 16357]
Iter#2115588 New set #10 of size 130 (211558.8 its/hit = 333.600s/hit): seed=3745936248704172439 [31, 73, 133, 461, 597, 649, 672, 737, 739, 1038, 1473, 1542, 1651, 1726, 1907, 1947, 1973, 2246, 2530, 2632, 2687, 2802, 3016, 3097, 3128, 3161, 3172, 3188, 3215, 3290, 3464, 3553, 3612, 4016, 4193, 4213, 4230, 4682, 4914, 4969, 4982, 5054, 5577, 5788, 5954, 5963, 6014, 6112, 6164, 6212, 6247, 6266, 6358, 6669, 6773, 7062, 7090, 7791, 7900, 8121, 8230, 8464, 8498, 8531, 8594, 8758, 8759, 8933, 8936, 8986, 9067, 9275, 9304, 9405, 9690, 9899, 10045, 10116, 10177, 10307, 10387, 10766, 10891, 10906, 11044, 11055, 11134, 11173, 11496, 11630, 11632, 11655, 11676, 11790, 11839, 11844, 11874, 12063, 12322, 12520, 12592, 12910, 12931, 13176, 13182, 13283, 13364, 13395, 13475, 13626, 13642, 13921, 14189, 14288, 14474, 14496, 14590, 14728, 14776, 14862, 15091, 15193, 15225, 15288, 15389, 15805, 15837, 15964, 16381, 16382]
Iter#4454402 New set #20 of size 130 (222720.1 its/hit = 354.850s/hit): seed=6341494618096033653 [47, 84, 103, 623, 635, 875, 978, 996, 1113, 1280, 1553, 1740, 1833, 1847, 1996, 2049, 2205, 2226, 2302, 2567, 2619, 2759, 2762, 3081, 3144, 3147, 3597, 3614, 3738, 3749, 3758, 3944, 4024, 4197, 4544, 4558, 4584, 4695, 4889, 5049, 5122, 5146, 5304, 5627, 5656, 5728, 5785, 6170, 6191, 6218, 6411, 6488, 6496, 6581, 6939, 7076, 7108, 7437, 7501, 7821, 7823, 7826, 8115, 8182, 8371, 9130, 9313, 9335, 9392, 9407, 9448, 9548, 9580, 9746, 10014, 10248, 10327, 10430, 10511, 10645, 10728, 10732, 11020, 11136, 11364, 11605, 11664, 11786, 11931, 11996, 12083, 12409, 12430, 12612, 12965, 13008, 13162, 13361, 13397, 13432, 13533, 13790, 13838, 13904, 14092, 14107, 14181, 14232, 14269, 14408, 14449, 14471, 14714, 14724, 14824, 15198, 15199, 15371, 15413, 15459, 15543, 15569, 15659, 15686, 15700, 15717, 15958, 16123, 16278, 16324]
