[*] Computing DDT
[+] DDT Computed
DDT took 5.743360179s
Iter#1 New set #1 of size 32 (1.0 its/hit = 0.000s/hit): seed=16440686964617383492 [304, 566, 1737, 1854, 2663, 3142, 3234, 3529, 3749, 3818, 3881, 4227, 4473, 5046, 5411, 5539, 5981, 6439, 8731, 8932, 9351, 9775, 10033, 10255, 11216, 11303, 11724, 11848, 13583, 15981, 16000, 16178]
Iter#2 New set #2 of size 32 (1.0 its/hit = 0.000s/hit): seed=9757939960525387502 [349, 559, 2266, 2553, 3341, 4115, 4866, 4911, 5218, 6290, 6543, 6544, 7290, 8534, 8556, 9738, 10537, 10707, 10944, 11165, 11372, 11719, 12656, 13069, 13448, 14471, 14587, 14861, 14958, 15031, 15882, 15913]
Iter#3 New set #1 of size 34 (3.0 its/hit = 0.000s/hit): seed=1940120235535632413 [59, 382, 938, 1426, 1573, 2790, 3834, 4991, 5040, 5780, 6212, 8026, 8945, 9305, 9384, 10283, 11195, 11430, 11813, 11842, 12057, 12286, 12614, 12920, 13366, 14196, 14260, 14464, 14876, 14967, 15296, 15550, 16149, 16192]
Iter#4 New set #1 of size 36 (4.0 its/hit = 0.000s/hit): seed=11037127498388845133 [333, 695, 725, 3289, 3830, 4134, 4198, 4312, 4644, 4690, 4696, 4884, 5058, 6404, 7239, 7326, 7910, 8168, 8482, 8743, 9068, 9232, 9368, 9679, 10111, 10444, 12430, 13200, 13676, 13946, 14005, 14346, 14591, 14756, 15069, 15699]
Iter#84 New set #2 of size 36 (42.0 its/hit = 0.000s/hit): seed=4180607685181990911 [66, 393, 572, 1369, 1451, 2110, 2355, 3133, 4952, 5194, 5321, 5712, 6371, 7194, 7311, 7886, 8019, 8553, 8788, 9091, 9357, 9363, 9398, 10105, 11264, 11285, 12536, 13901, 14078, 14685, 15047, 15143, 15373, 15691, 16186, 16233]
Iter#125 New set #3 of size 36 (41.7 its/hit = 0.000s/hit): seed=3517407954706624359 [201, 769, 938, 1078, 1806, 2653, 2791, 3269, 3602, 3626, 3680, 4042, 4274, 4588, 4752, 5004, 5614, 6723, 6939, 7005, 7342, 7762, 7963, 8103, 8763, 9097, 9867, 10223, 10410, 10891, 11357, 13177, 13751, 14309, 15341, 15821]
Iter#147 New set #4 of size 36 (36.8 its/hit = 0.000s/hit): seed=17753579486717620926 [487, 943, 1159, 1465, 1502, 2244, 2285, 2511, 2630, 3283, 3684, 4447, 5790, 7211, 7727, 8017, 9061, 9132, 10047, 10305, 10443, 10686, 10990, 11079, 11173, 11528, 11915, 12009, 12023, 12157, 12936, 14520, 14617, 15447, 15466, 15504]
Iter#204 New set #5 of size 36 (40.8 its/hit = 0.000s/hit): seed=9432869003564376864 [90, 813, 985, 1281, 1345, 1423, 1916, 2196, 3181, 4073, 5173, 5512, 5674, 6051, 6138, 6183, 6223, 6439, 7004, 7185, 7430, 7732, 8430, 8678, 8932, 9071, 9646, 10609, 10738, 10861, 11388, 11961, 13015, 13927, 14105, 16265]
Iter#383 New set #6 of size 36 (63.8 its/hit = 0.000s/hit): seed=6833639311007109984 [324, 733, 777, 914, 1081, 2005, 2110, 3215, 3420, 3855, 3918, 4588, 4908, 5233, 5310, 5419, 5473, 6341, 6693, 6732, 6989, 8202, 9023, 9538, 9672, 10888, 11380, 11668, 12136, 12212, 12219, 12343, 13709, 13991, 14375, 15343]
Iter#398 New set #1 of size 37 (398.0 its/hit = 1.000s/hit): seed=17295652197725070110 [264, 304, 543, 1334, 1400, 3096, 3578, 5200, 6280, 6428, 6522, 6951, 7506, 8374, 8512, 9063, 9407, 10112, 11030, 11171, 11209, 11298, 11301, 11509, 11558, 11562, 11841, 12238, 13053, 13075, 13566, 13980, 14751, 14816, 15451, 15473, 16018]
Iter#1345 New set #2 of size 37 (672.5 its/hit = 1.500s/hit): seed=17400996630817541023 [5, 88, 740, 948, 2248, 2377, 2502, 2542, 2614, 3119, 3647, 4959, 5851, 7070, 7084, 7144, 7189, 7711, 8547, 8737, 9310, 9634, 10529, 10833, 11282, 11397, 11406, 11672, 11926, 12793, 12856, 13130, 14284, 14324, 14349, 14461, 15829]
Iter#1776 New set #3 of size 37 (592.0 its/hit = 1.333s/hit): seed=1664407559347898048 [302, 519, 566, 1013, 1176, 1513, 1711, 2892, 3688, 3877, 5063, 5602, 5856, 6495, 6839, 6858, 7238, 8627, 8634, 9042, 9267, 9325, 9388, 9423, 9633, 10831, 11013, 11081, 11517, 12597, 12640, 13235, 14601, 14617, 15030, 15153, 15312]
Iter#2036 New set #4 of size 37 (509.0 its/hit = 1.250s/hit): seed=3330976094862322703 [86, 406, 3428, 3954, 4337, 5350, 5466, 6498, 7379, 7752, 7851, 8875, 9226, 9495, 9706, 10033, 10042, 10117, 10238, 10320, 10407, 10425, 10537, 11805, 12247, 12594, 12771, 12848, 12951, 13213, 13333, 13370, 13419, 13506, 13568, 14098, 15007]
Iter#3596 New set #5 of size 37 (719.2 its/hit = 1.800s/hit): seed=13819475776084589997 [476, 753, 903, 1024, 1756, 1878, 2529, 2637, 2750, 2800, 3080, 3590, 3780, 4144, 4375, 4728, 5245, 5330, 5335, 5515, 5561, 6389, 7629, 7918, 7921, 8241, 9436, 9897, 10425, 11241, 11354, 11988, 12511, 14871, 15127, 15853, 16332]
Iter#3938 New set #6 of size 37 (656.3 its/hit = 1.667s/hit): seed=784633783718522134 [879, 1030, 1374, 1751, 3822, 3843, 4403, 4876, 5006, 6719, 6846, 6861, 6899, 7055, 7363, 8129, 8690, 8908, 9219, 9787, 10062, 10363, 11792, 12126, 12323, 12682, 12903, 12950, 13564, 13787, 14172, 14401, 15042, 15519, 15572, 15765, 16367]
Iter#4237 New set #1 of size 38 (4237.0 its/hit = 10.000s/hit): seed=6298203977276855969 [762, 772, 1010, 1290, 1388, 2047, 2115, 2141, 2615, 3093, 3139, 3747, 3932, 4926, 5146, 5266, 5490, 5819, 7389, 8439, 8820, 8825, 9254, 10723, 11095, 11100, 11566, 11931, 12511, 13181, 14437, 15224, 15296, 15319, 15488, 15497, 15763, 16119]
Iter#8199 New set #2 of size 38 (4099.5 its/hit = 10.000s/hit): seed=2575736099134956600 [220, 271, 376, 1314, 2007, 3347, 3395, 3646, 4015, 4426, 4854, 5028, 5104, 5175, 5248, 6530, 6810, 7400, 7921, 8288, 8568, 9300, 9814, 9871, 10744, 11075, 11296, 11621, 12892, 12965, 13048, 13064, 14183, 14518, 14731, 14901, 15083, 15087]
Iter#18413 New set #3 of size 38 (6137.7 its/hit = 15.667s/hit): seed=15789981091587386990 [508, 1177, 1958, 2625, 3392, 3577, 3985, 4624, 5491, 6196, 6282, 6549, 6791, 7047, 7665, 8825, 8856, 8984, 9999, 10076, 11382, 11536, 11784, 12420, 12500, 12668, 12674, 12724, 12892, 12993, 13865, 14405, 15422, 15427, 16072, 16205, 16351, 16358]
Iter#23338 New set #4 of size 38 (5834.5 its/hit = 14.750s/hit): seed=4489548641161878939 [1202, 2017, 2321, 2652, 3393, 3557, 3806, 3838, 4290, 5324, 5647, 6625, 7196, 8008, 8098, 8150, 8689, 8786, 8847, 8963, 10300, 10390, 10436, 10491, 11557, 11594, 11669, 11996, 12952, 12986, 13000, 13473, 13507, 13713, 14714, 15087, 15113, 15773]
Iter#35262 New set #5 of size 38 (7052.4 its/hit = 18.000s/hit): seed=4563255337088838597 [26, 316, 463, 507, 583, 641, 1682, 1778, 2000, 2619, 2955, 3066, 3205, 3244, 4212, 4343, 5074, 5748, 5787, 7600, 7621, 7777, 7887, 8655, 8844, 9198, 10084, 10608, 11036, 11276, 11398, 11704, 13661, 13795, 14321, 14850, 15197, 15280]
Iter#41797 New set #6 of size 38 (6966.2 its/hit = 17.833s/hit): seed=10308032242979490751 [11, 447, 711, 1272, 1499, 2147, 3002, 3091, 3792, 3809, 3997, 4631, 4818, 4942, 5513, 5766, 5811, 6505, 6850, 7555, 7558, 7572, 8748, 9258, 9404, 9426, 9604, 10382, 10452, 12261, 12384, 12691, 13174, 15103, 15554, 15627, 15740, 15849]
Iter#48919 New set #7 of size 38 (6988.4 its/hit = 17.857s/hit): seed=8532270131212322890 [333, 487, 925, 2327, 3101, 3106, 3660, 4076, 5839, 5926, 6153, 6635, 7389, 7887, 7892, 7934, 7966, 8289, 8629, 9164, 9209, 9398, 9675, 10001, 11022, 11641, 11642, 12578, 12776, 13117, 13727, 13789, 13807, 14107, 14233, 15136, 15886, 15887]
Iter#80644 New set #8 of size 38 (10080.5 its/hit = 25.875s/hit): seed=12869249545049610749 [111, 648, 1077, 1218, 1293, 1315, 1613, 3100, 3297, 3313, 3976, 4040, 4062, 4112, 4998, 5110, 5141, 5536, 6137, 6996, 7084, 8914, 9396, 10795, 11002, 11274, 11337, 11724, 11837, 12073, 12569, 12720, 12906, 13311, 13657, 14414, 14755, 15335]
Iter#82586 New set #9 of size 38 (9176.2 its/hit = 23.556s/hit): seed=15117225637228263364 [17, 416, 544, 758, 1108, 1419, 1435, 2247, 2769, 3303, 3783, 4070, 4132, 5259, 5324, 6258, 6867, 7085, 7294, 7596, 7732, 8292, 8516, 9106, 10155, 10480, 10764, 10915, 11164, 11554, 11921, 12807, 12879, 14768, 15124, 15453, 15706, 16289]
Iter#107336 New set #10 of size 38 (10733.6 its/hit = 27.700s/hit): seed=1528048758043624805 [382, 1013, 1570, 1641, 1786, 2139, 2272, 2328, 2845, 2976, 3782, 4329, 4621, 4952, 5007, 5745, 6371, 6600, 7058, 7279, 7608, 8601, 8637, 9332, 9886, 10168, 10337, 10573, 10922, 11412, 11449, 11667, 11792, 13627, 14581, 14671, 15128, 15354]
Iter#219750 New set #20 of size 38 (10987.5 its/hit = 28.600s/hit): seed=6139786596842930804 [736, 1010, 1244, 1245, 1340, 2129, 2305, 2538, 3441, 3733, 3776, 3823, 3892, 4014, 4950, 5292, 5543, 5616, 7900, 7910, 8058, 8519, 9008, 9297, 9305, 9364, 10515, 10684, 11520, 11950, 12265, 12466, 12996, 13838, 14733, 15188, 15282, 16138]
Iter#365287 New set #1 of size 40 (365287.0 its/hit = 952.000s/hit): seed=16957587479208828620 [1389, 1395, 1480, 1493, 1609, 1809, 2171, 3234, 3564, 3621, 4291, 4523, 4897, 5534, 5693, 5848, 5969, 6291, 6604, 6701, 6823, 7592, 8016, 8333, 8627, 8690, 9298, 10216, 10439, 11213, 12276, 12724, 12788, 13933, 14384, 14616, 14743, 14813, 15477, 16023]
Iter#1369636 New set #2 of size 40 (684818.0 its/hit = 1782.500s/hit): seed=9474558663717262488 [111, 199, 436, 1118, 1200, 2028, 2106, 2232, 2478, 2894, 3391, 3672, 4513, 4978, 5438, 5696, 6354, 6358, 6417, 6952, 8308, 8706, 9376, 9378, 9769, 10119, 11407, 11714, 11764, 13044, 13444, 13654, 14263, 14652, 14733, 14946, 15014, 15400, 15872, 16060]
Iter#4608100 New set #3 of size 40 (1536033.4 its/hit = 4015.000s/hit): seed=12396183341318574445 [552, 942, 968, 1106, 1198, 2413, 2616, 4481, 5016, 5240, 5691, 5849, 6400, 6899, 7397, 7470, 7500, 7585, 7798, 8158, 9720, 10404, 10626, 10633, 10882, 12349, 12381, 12719, 13057, 13162, 13485, 13574, 13807, 14824, 14933, 14950, 15189, 15551, 16006, 16270]
Iter#5260374 New set #4 of size 40 (1315093.5 its/hit = 3435.500s/hit): seed=12784949170147717265 [71, 84, 350, 633, 936, 1133, 1384, 1770, 2203, 2445, 2617, 3523, 3842, 3935, 4681, 5240, 5380, 5544, 5819, 6509, 6704, 7261, 9451, 9852, 9871, 10001, 10234, 10619, 10788, 10842, 11388, 12946, 13172, 13380, 13584, 14006, 14092, 14632, 14731, 15106]
