[*] Computing DDT
[+] DDT Computed
DDT took 5.729094933s
Iter#1 New set #1 of size 32 (1.0 its/hit = 0.000s/hit): seed=6204878260026077125 [893, 1744, 2424, 2881, 3212, 3777, 4219, 5189, 5438, 5723, 6012, 6187, 6642, 6964, 7859, 7952, 8108, 8576, 8812, 10212, 10616, 10980, 11107, 11161, 11439, 12258, 12449, 13826, 14671, 15800, 15909, 15955]
Iter#2 New set #1 of size 33 (2.0 its/hit = 0.000s/hit): seed=2742292523889158044 [255, 335, 374, 520, 779, 1306, 1708, 2232, 2653, 3473, 3845, 4954, 5231, 7614, 8239, 8858, 8878, 9336, 9937, 10094, 10601, 10662, 10953, 11399, 13625, 13968, 14141, 14561, 15421, 15713, 15744, 15930, 16019]
Iter#3 New set #2 of size 33 (1.5 its/hit = 0.000s/hit): seed=14423548754607140631 [294, 678, 1141, 2276, 2468, 3259, 3293, 3321, 4142, 5420, 5650, 5743, 6153, 6447, 7141, 8217, 9574, 9767, 10135, 10573, 10700, 10863, 11727, 11819, 12040, 12395, 13323, 13645, 13689, 13839, 13971, 15107, 16328]
Iter#8 New set #3 of size 33 (2.7 its/hit = 0.000s/hit): seed=3865815029405247597 [131, 757, 955, 1408, 1775, 2100, 2609, 2651, 2852, 3160, 3184, 3375, 4444, 5133, 5741, 5984, 6894, 7638, 8250, 8261, 8384, 8612, 8737, 9187, 10186, 11200, 11686, 11961, 14933, 15231, 15397, 16146, 16167]
Iter#9 New set #1 of size 35 (9.0 its/hit = 0.000s/hit): seed=7504029102660097597 [558, 2200, 2330, 2790, 3269, 3512, 6270, 6675, 6679, 7231, 7721, 9133, 9143, 9274, 9583, 9673, 10106, 10190, 10241, 10259, 10327, 11381, 11385, 11449, 11592, 11701, 11843, 12034, 12108, 12875, 13683, 14656, 15663, 15853, 15972]
Iter#12 New set #2 of size 35 (6.0 its/hit = 0.000s/hit): seed=16219185946658643387 [777, 1244, 1679, 2711, 3435, 3633, 4050, 4498, 4660, 4848, 5010, 5129, 5401, 5697, 5815, 6168, 6556, 6636, 6784, 7160, 7192, 8615, 9106, 9142, 9156, 10332, 10856, 11127, 12670, 12794, 13122, 13243, 15801, 16001, 16108]
Iter#39 New set #3 of size 35 (13.0 its/hit = 0.000s/hit): seed=16639728521145809783 [125, 149, 440, 486, 646, 2086, 3056, 3712, 5050, 5305, 5318, 5730, 5848, 6364, 6438, 6996, 7125, 7384, 9006, 9207, 10280, 10564, 10908, 11145, 11609, 11808, 12855, 13317, 13405, 14130, 14283, 14873, 15015, 15350, 15791]
Iter#44 New set #4 of size 35 (11.0 its/hit = 0.000s/hit): seed=1821254509221286201 [327, 946, 1197, 1646, 1794, 2397, 2552, 4231, 5057, 5470, 6325, 6778, 6779, 8234, 8830, 9019, 9399, 9654, 10162, 11036, 11451, 12138, 13426, 13551, 13564, 13916, 14331, 14519, 14586, 14639, 14704, 14732, 15257, 15734, 15788]
Iter#47 New set #1 of size 36 (47.0 its/hit = 0.000s/hit): seed=14326127251892044180 [278, 425, 901, 1613, 2564, 3091, 3157, 3500, 3578, 3919, 4112, 4369, 5187, 5994, 6611, 7169, 8566, 8952, 10110, 10381, 10508, 11390, 11462, 11672, 11915, 11920, 11983, 12658, 13151, 13490, 13679, 13950, 14205, 14847, 15240, 15634]
Iter#78 New set #2 of size 36 (39.0 its/hit = 0.000s/hit): seed=17698607793481769924 [753, 843, 872, 1371, 1742, 1830, 1884, 2131, 2192, 3109, 3147, 3264, 5507, 5656, 6261, 7365, 7547, 7549, 8317, 8327, 10559, 10769, 10908, 11028, 11566, 11890, 12004, 12634, 12692, 13474, 14075, 14458, 15175, 15551, 15650, 16252]
Iter#94 New set #3 of size 36 (31.3 its/hit = 0.000s/hit): seed=1595735348431771385 [573, 634, 728, 1800, 1848, 2042, 4341, 4486, 5111, 6132, 6181, 6448, 6533, 6844, 7141, 7465, 7990, 8366, 9449, 10274, 10895, 11037, 12258, 12769, 12913, 13249, 13264, 13981, 14129, 14594, 14633, 14713, 15038, 15495, 16119, 16279]
Iter#122 New set #1 of size 39 (122.0 its/hit = 0.000s/hit): seed=7620825841746743299 [12, 101, 1172, 1981, 2017, 3828, 4020, 4636, 4694, 4767, 4868, 5266, 6382, 6710, 7166, 7423, 7574, 7840, 7849, 7979, 8951, 9602, 9649, 9882, 10664, 10772, 11193, 11318, 11715, 12933, 13649, 13739, 13744, 14117, 14967, 15222, 15405, 15497, 15958]
Iter#539 New set #2 of size 39 (269.5 its/hit = 0.500s/hit): seed=17955036494976518817 [87, 185, 447, 588, 1402, 1672, 2340, 3024, 3214, 4784, 4953, 5287, 5312, 6002, 6548, 7338, 7473, 7680, 7744, 9096, 9097, 9511, 10318, 10536, 10836, 11692, 12591, 13210, 13451, 13765, 13829, 14049, 14357, 14619, 14773, 15174, 15349, 16007, 16024]
Iter#665 New set #3 of size 39 (221.7 its/hit = 0.333s/hit): seed=3458054882064447782 [234, 506, 782, 1206, 1543, 2890, 3914, 4287, 6116, 6202, 6493, 6664, 6958, 7477, 7599, 7827, 8152, 8204, 8545, 8667, 8962, 9527, 9556, 9761, 9839, 10079, 10682, 10820, 10928, 11123, 11247, 11918, 12563, 13571, 14697, 15185, 15350, 15784, 15979]
Iter#782 New set #4 of size 39 (195.5 its/hit = 0.500s/hit): seed=1804862403963948269 [278, 753, 1149, 1420, 2471, 2872, 3796, 4427, 5643, 5786, 6425, 6535, 6597, 6666, 7249, 7377, 7556, 7607, 8237, 8602, 9008, 9191, 9985, 10609, 11088, 11462, 12731, 13024, 13067, 14111, 14193, 14461, 14480, 14751, 15036, 15483, 15600, 15751, 15830]
Iter#885 New set #5 of size 39 (177.0 its/hit = 0.400s/hit): seed=15410210239128522789 [192, 1743, 1769, 1912, 1965, 2513, 2531, 2680, 3787, 3891, 4047, 5047, 5074, 5252, 5619, 6441, 6636, 6927, 7434, 8072, 8208, 8645, 9281, 10442, 11137, 11176, 11836, 12048, 12446, 13410, 13934, 14013, 14141, 14512, 14696, 14747, 15025, 15497, 15913]
Iter#1205 New set #6 of size 39 (200.8 its/hit = 0.500s/hit): seed=9802759716919970631 [654, 1414, 1609, 1784, 2361, 2474, 2771, 3402, 3665, 3831, 4164, 4569, 4821, 4975, 5051, 6561, 6747, 7417, 8017, 8440, 9135, 9185, 9389, 10190, 10695, 10738, 10879, 11358, 11621, 11676, 12082, 12351, 12857, 13745, 13820, 14086, 14763, 15063, 15275]
Iter#1295 New set #7 of size 39 (185.0 its/hit = 0.429s/hit): seed=16549544198243614451 [131, 2097, 2145, 2224, 2264, 2266, 2547, 2909, 4823, 5580, 5598, 5720, 7053, 8296, 8680, 8829, 8961, 9248, 9267, 10073, 10156, 10273, 10500, 10697, 11346, 11822, 11897, 12633, 12721, 13404, 13531, 13669, 13734, 15166, 15269, 15327, 15374, 15789, 16287]
Iter#2036 New set #8 of size 39 (254.5 its/hit = 0.625s/hit): seed=15826232772131431603 [264, 2351, 2965, 3486, 4706, 5142, 5213, 6016, 6264, 6543, 7606, 7788, 8059, 8907, 9014, 9175, 9272, 9572, 9821, 10476, 11148, 11572, 11997, 12210, 12742, 13218, 13291, 13638, 13834, 14201, 14311, 14586, 14610, 15448, 15595, 15604, 16229, 16365, 16368]
Iter#2321 New set #9 of size 39 (257.9 its/hit = 0.556s/hit): seed=3316179611910259652 [153, 404, 523, 909, 1194, 1397, 1460, 1559, 1779, 2230, 2329, 3199, 3202, 3287, 4246, 4256, 4599, 5956, 7059, 7155, 7912, 7981, 9747, 10472, 11769, 12125, 12129, 12331, 12662, 13773, 13967, 14647, 15399, 15601, 15604, 15617, 15909, 16020, 16303]
Iter#2370 New set #10 of size 39 (237.0 its/hit = 0.600s/hit): seed=9608799951746978641 [23, 308, 791, 1322, 1735, 2342, 2498, 2525, 2766, 3095, 3597, 4207, 4781, 5154, 5180, 5465, 6169, 6530, 7276, 7894, 8234, 8939, 9132, 9203, 9540, 10602, 10987, 11469, 12027, 12214, 12926, 13795, 13918, 14043, 14106, 14234, 14889, 15076, 15817]
Iter#3085 New set #1 of size 40 (3085.0 its/hit = 7.000s/hit): seed=1405806840134920833 [40, 2355, 4456, 4603, 5099, 5647, 5929, 6381, 7145, 7921, 8857, 9340, 9346, 9362, 9518, 9959, 9982, 10583, 11562, 11573, 11617, 11989, 12071, 12216, 12432, 12481, 13041, 13070, 13462, 13528, 13599, 13691, 13938, 13998, 14500, 14871, 14956, 15053, 15096, 15690]
Iter#3448 New set #1 of size 43 (3448.0 its/hit = 8.000s/hit): seed=6613744876984176398 [947, 1025, 1499, 1621, 2621, 2845, 3618, 4003, 4130, 4176, 4223, 4519, 5315, 5828, 6293, 6374, 6381, 6948, 7092, 7825, 8002, 8111, 8320, 8958, 9609, 9623, 9721, 10413, 10722, 11533, 11910, 12015, 12669, 13478, 13623, 13625, 13713, 13980, 14133, 15520, 15712, 16262, 16313]
Iter#4751 New set #1 of size 44 (4751.0 its/hit = 12.000s/hit): seed=16950408219150338956 [300, 1010, 1029, 1153, 1270, 1292, 1538, 2210, 2257, 3065, 3570, 3992, 4045, 4183, 4478, 6047, 6069, 6073, 6087, 6635, 6698, 6782, 7268, 7288, 7421, 7632, 7881, 7918, 8079, 8562, 9435, 10108, 10280, 10513, 11034, 11774, 12564, 12988, 13117, 13642, 14093, 14794, 15346, 15432]
Iter#5444 New set #2 of size 44 (2722.0 its/hit = 7.000s/hit): seed=9337708966889296324 [319, 545, 1152, 1171, 1339, 2068, 3105, 3310, 3702, 3787, 3878, 3913, 5147, 5367, 5401, 5656, 5985, 6009, 6605, 7717, 7979, 8075, 8149, 8408, 8485, 8549, 9123, 9961, 12285, 12849, 13052, 13162, 13661, 13772, 14085, 14247, 14324, 14812, 14869, 15351, 15532, 15875, 15950, 16237]
Iter#10959 New set #3 of size 44 (3653.0 its/hit = 9.333s/hit): seed=17905380453260965589 [17, 259, 672, 1391, 1452, 1996, 2131, 2176, 2534, 3215, 3622, 3706, 4026, 4102, 4389, 5081, 5089, 6812, 7530, 7618, 7812, 7865, 8730, 8842, 9829, 10464, 10652, 10797, 10889, 11173, 11944, 12024, 12162, 12177, 12318, 12497, 12876, 13722, 14266, 14411, 15264, 15744, 15981, 16249]
Iter#21943 New set #1 of size 46 (21943.0 its/hit = 56.000s/hit): seed=6180471115787955070 [292, 983, 1399, 2432, 2985, 3363, 3983, 4291, 4443, 4694, 5079, 5219, 5801, 7224, 7354, 7358, 7486, 7622, 7685, 8246, 8407, 8544, 8842, 8848, 8877, 8933, 9031, 9610, 9693, 9737, 9908, 10041, 10474, 10489, 11383, 11494, 11501, 11514, 11905, 12386, 12588, 12722, 13212, 14094, 15772, 16099]
Iter#24712 New set #2 of size 46 (12356.0 its/hit = 32.000s/hit): seed=3437906487606987195 [477, 754, 779, 1470, 2378, 2616, 3351, 3443, 3455, 3588, 3625, 4340, 4495, 4728, 4782, 5112, 5329, 5334, 5342, 5628, 5779, 7265, 7756, 7952, 8874, 9373, 9534, 9973, 10149, 10211, 10234, 10501, 11081, 11292, 12501, 12987, 13030, 13231, 13965, 13996, 14599, 14878, 15117, 15196, 15400, 15702]
Iter#30482 New set #1 of size 52 (30482.0 its/hit = 79.000s/hit): seed=16309140825809024613 [276, 493, 583, 752, 1161, 1296, 1464, 2135, 2899, 2951, 3060, 3223, 3524, 4185, 4358, 5335, 5396, 5865, 5920, 6330, 6475, 6667, 6908, 7613, 7729, 9380, 9436, 9614, 9656, 9674, 9961, 10189, 10623, 10759, 11180, 11293, 11536, 11609, 11945, 12093, 12221, 12992, 14066, 14445, 14535, 14552, 14674, 14878, 15525, 15670, 16260, 16307]
Iter#32912 New set #1 of size 55 (32912.0 its/hit = 85.000s/hit): seed=11037469120284769167 [229, 633, 944, 1436, 1992, 2050, 2294, 2752, 2771, 3421, 3512, 3729, 3749, 3914, 4122, 4138, 4293, 4595, 5120, 5887, 5966, 6057, 7062, 7388, 7561, 8056, 8350, 8765, 8851, 9248, 10007, 10225, 10356, 10616, 10715, 11292, 11436, 11462, 11547, 11789, 11849, 11908, 12547, 12950, 14099, 14516, 14552, 14696, 14768, 14827, 14838, 14876, 15531, 15793, 16048]
Iter#108100 New set #2 of size 55 (54050.0 its/hit = 141.000s/hit): seed=5503552648399565660 [278, 1084, 1923, 2570, 3147, 3174, 3491, 3665, 3880, 4008, 4156, 4228, 4396, 4404, 4671, 4958, 4991, 5138, 5307, 5753, 5901, 6442, 7109, 7453, 7664, 7703, 7899, 8342, 8589, 9120, 9137, 9235, 9410, 9435, 9546, 9663, 9992, 10075, 10702, 10722, 10791, 11101, 11127, 11974, 12222, 12252, 12514, 12612, 13891, 13958, 14297, 15093, 15332, 15481, 16264]
Iter#110371 New set #3 of size 55 (36790.3 its/hit = 96.000s/hit): seed=12704301345352226555 [341, 750, 1429, 2207, 2535, 2551, 2576, 2617, 2618, 2850, 2990, 3084, 3547, 3763, 4621, 5203, 5399, 6680, 6981, 7030, 7258, 7602, 7614, 8117, 8830, 8863, 8877, 8938, 8997, 9196, 9506, 9913, 9989, 10329, 10455, 10889, 11219, 11868, 11880, 12036, 12380, 12618, 12741, 12843, 13279, 13759, 14055, 14539, 14698, 14727, 14887, 14969, 15338, 16145, 16149]
Iter#121700 New set #4 of size 55 (30425.0 its/hit = 79.500s/hit): seed=9300381586829392 [187, 330, 445, 1188, 1205, 1921, 2151, 2154, 2383, 2411, 3239, 3781, 3869, 3873, 4014, 4573, 4595, 4784, 4839, 4881, 4950, 5065, 5112, 5217, 5321, 5748, 6243, 6458, 6623, 6867, 7256, 7416, 8324, 8340, 8553, 9073, 9122, 9393, 9443, 10200, 11382, 12187, 12675, 13103, 13611, 14078, 14084, 14126, 14310, 15137, 15186, 15560, 15986, 16006, 16015]
Iter#156405 New set #5 of size 55 (31281.0 its/hit = 81.800s/hit): seed=199958702418437439 [86, 130, 833, 1048, 1259, 1454, 1466, 1652, 1836, 2025, 2110, 2202, 2734, 2741, 2933, 2960, 3156, 3944, 4099, 4157, 4207, 4337, 4709, 5566, 5649, 5703, 5839, 6337, 6443, 6446, 6860, 7063, 7162, 7505, 7676, 7831, 8656, 8798, 9092, 9157, 10165, 10437, 10735, 10943, 11021, 11897, 12075, 12189, 12266, 13560, 13595, 13941, 13949, 15377, 15544]
Iter#287908 New set #6 of size 55 (47984.7 its/hit = 125.833s/hit): seed=14727723442502827126 [149, 501, 689, 963, 1100, 1109, 2647, 3311, 3337, 3599, 3725, 3845, 4531, 4709, 5208, 5776, 6147, 6202, 6471, 6690, 7398, 7411, 7800, 8315, 8587, 8704, 8877, 9170, 9827, 9868, 9882, 9991, 10499, 10816, 10835, 11252, 11392, 11437, 11961, 12479, 13216, 13730, 13882, 14173, 14195, 14313, 14357, 14666, 14668, 15218, 15227, 15415, 15582, 15938, 16169]
Iter#310485 New set #7 of size 55 (44355.0 its/hit = 116.286s/hit): seed=3582880274884158003 [171, 510, 872, 900, 926, 972, 1106, 1357, 1530, 1533, 2244, 2534, 2826, 2892, 3347, 3468, 3559, 3767, 3960, 4075, 4218, 4321, 4340, 4886, 4948, 5752, 6373, 6567, 7490, 7502, 8493, 8948, 9044, 9130, 9463, 10447, 10606, 10993, 11218, 11477, 12674, 12811, 12852, 12885, 13401, 13505, 14261, 14352, 14508, 14843, 15015, 15151, 15358, 15935, 16176]
Iter#336546 New set #8 of size 55 (42068.2 its/hit = 110.125s/hit): seed=6780944232536771932 [332, 545, 677, 1000, 1125, 1367, 1439, 1770, 1804, 1830, 1870, 1976, 2389, 3194, 3223, 3573, 3868, 3929, 4003, 4668, 5335, 5539, 5595, 6071, 6852, 6998, 7175, 8226, 8289, 8368, 8668, 8699, 9102, 9200, 9454, 9510, 10423, 10627, 10649, 10887, 11071, 11349, 12248, 12336, 12460, 12731, 12891, 13638, 14875, 14948, 15051, 15156, 15510, 15602, 16082]
Iter#345373 New set #9 of size 55 (38374.8 its/hit = 100.444s/hit): seed=17837505222596901351 [19, 45, 154, 1437, 1496, 2386, 3410, 3417, 3434, 3968, 4429, 4461, 4765, 4791, 5035, 5519, 5674, 5812, 6015, 6074, 6404, 6683, 6943, 7016, 7043, 7044, 7467, 7525, 7823, 8359, 8388, 8472, 8553, 8599, 9409, 9505, 9567, 9886, 10871, 10982, 11036, 11166, 11260, 11336, 12506, 14527, 14576, 14693, 15297, 15332, 15686, 16032, 16116, 16317, 16355]
Iter#549528 New set #10 of size 55 (54952.8 its/hit = 143.500s/hit): seed=10696169553311592736 [735, 847, 874, 1544, 2586, 3014, 4203, 4964, 5022, 5167, 5570, 5601, 5755, 6081, 6148, 6157, 7144, 7470, 7943, 8019, 8083, 8510, 8723, 8852, 8953, 9132, 9316, 9614, 9913, 10118, 10179, 10646, 11311, 11448, 11574, 12100, 12309, 12517, 12769, 12911, 13227, 13496, 13841, 13961, 14542, 14712, 14719, 14765, 14957, 14969, 15288, 15345, 15358, 15518, 15678]
Iter#1294895 New set #20 of size 55 (64744.8 its/hit = 168.750s/hit): seed=13437404697883860322 [131, 147, 176, 515, 1059, 1519, 1812, 2069, 2092, 2380, 2536, 3336, 3347, 3718, 3773, 3797, 4607, 5051, 5638, 6247, 6291, 6306, 6544, 6559, 6734, 7241, 8355, 8771, 9686, 10405, 10722, 11027, 11087, 11259, 11802, 12078, 12228, 12561, 12639, 12738, 12757, 12776, 12968, 13558, 13808, 14066, 14431, 14570, 14813, 15083, 15206, 15290, 15758, 15762, 16252]
Iter#2223775 New set #30 of size 55 (74125.8 its/hit = 193.700s/hit): seed=16968347164124142094 [97, 354, 677, 1156, 1829, 2072, 2546, 2599, 2690, 3166, 4059, 4686, 5176, 5482, 6185, 6282, 6285, 6691, 6795, 6918, 6959, 7342, 7379, 8148, 8547, 8778, 8825, 9279, 9320, 9363, 9484, 9752, 10256, 10496, 10600, 10878, 10900, 11063, 11699, 11898, 11962, 12064, 12135, 12750, 12914, 13348, 13355, 13418, 13807, 13832, 13871, 15424, 15734, 15966, 16073]
Iter#2884073 New set #40 of size 55 (72101.8 its/hit = 188.600s/hit): seed=6062557122288754386 [337, 1118, 1372, 1419, 1688, 2115, 2614, 3051, 3383, 3477, 3901, 4219, 4308, 4730, 5027, 5116, 5196, 5427, 5442, 5819, 6145, 6504, 7310, 7632, 7913, 8043, 8177, 8415, 8816, 9413, 9465, 9612, 10133, 10299, 10423, 10615, 11226, 11525, 11595, 11649, 11802, 12172, 12716, 12844, 12921, 14139, 14147, 14199, 14306, 14768, 14959, 15195, 15314, 15647, 16277]
Iter#4057697 New set #50 of size 55 (81153.9 its/hit = 211.100s/hit): seed=1049025445836036035 [597, 788, 908, 977, 1627, 1812, 1919, 2531, 2666, 3165, 3412, 3662, 3707, 3881, 4152, 4207, 4281, 4579, 4852, 5019, 5248, 5543, 5625, 5766, 6350, 6559, 7375, 7428, 8065, 8360, 8442, 8537, 8751, 9083, 9185, 9632, 10128, 11019, 11221, 11338, 11451, 11791, 12488, 12667, 13092, 13660, 14093, 14128, 14575, 14635, 15262, 15323, 15817, 16053, 16101]
Iter#5192643 New set #60 of size 55 (86544.0 its/hit = 224.500s/hit): seed=5400673328126496434 [117, 124, 133, 172, 256, 355, 1216, 1533, 1565, 1949, 2030, 2307, 2455, 2726, 3822, 4334, 4513, 4540, 4870, 4955, 5274, 5386, 5424, 5546, 5561, 6033, 7455, 7542, 7859, 7929, 7988, 8047, 8211, 8900, 9202, 9511, 10123, 10381, 10698, 11012, 11285, 12116, 12593, 12748, 12874, 13063, 13111, 13494, 13935, 14534, 15132, 15573, 15861, 15905, 16380]
