[*] Computing DDT
[+] DDT Computed
DDT took 5.629013519s
Iter#1 New set #1 of size 32 (1.0 its/hit = 0.000s/hit): seed=14440909636467085417 [90, 411, 1255, 2156, 2235, 2369, 2793, 2878, 4391, 4613, 5107, 5203, 5484, 6262, 6907, 7850, 8550, 8875, 9278, 9661, 10388, 10623, 10756, 10986, 11446, 11908, 11935, 12894, 12989, 14834, 16130, 16344]
Iter#2 New set #2 of size 32 (1.0 its/hit = 0.000s/hit): seed=12242560635907141093 [785, 1057, 1173, 1268, 1820, 2728, 3164, 3435, 3542, 3664, 3917, 4221, 4818, 5735, 6170, 6225, 7537, 7589, 8323, 8931, 10175, 10541, 10695, 10887, 11764, 12361, 12905, 12921, 13799, 13963, 14757, 14869]
Iter#3 New set #1 of size 34 (3.0 its/hit = 0.000s/hit): seed=3662231277835509775 [3, 874, 1085, 1922, 2595, 2655, 2833, 4019, 5272, 5673, 6448, 8097, 8352, 8990, 9286, 9358, 9558, 10316, 10413, 10717, 10834, 11299, 11789, 12068, 12641, 14094, 14099, 14506, 15223, 15230, 15576, 15618, 16042, 16366]
Iter#7 New set #2 of size 34 (3.5 its/hit = 0.000s/hit): seed=10924381448497172166 [245, 376, 530, 569, 584, 700, 896, 1587, 1622, 2249, 2769, 2837, 3292, 4107, 4376, 4979, 5353, 5705, 6227, 6604, 7467, 8732, 9250, 9745, 10864, 11601, 11726, 13756, 14134, 14263, 15126, 15427, 15627, 16132]
Iter#8 New set #3 of size 34 (2.7 its/hit = 0.000s/hit): seed=17220498960737634495 [436, 533, 1015, 1597, 1789, 2212, 2910, 3834, 4587, 4924, 6158, 6631, 6828, 7387, 7569, 7698, 7823, 7938, 7945, 8091, 9142, 9633, 10587, 11590, 14098, 14179, 14750, 15280, 15462, 15571, 15668, 15963, 16045, 16264]
Iter#9 New set #4 of size 34 (2.2 its/hit = 0.000s/hit): seed=16056995859459053072 [123, 341, 1082, 1527, 2334, 2513, 3537, 4374, 4922, 4940, 5149, 5652, 6837, 6947, 7019, 7092, 7155, 7270, 7394, 8456, 8464, 12077, 12282, 12449, 12510, 12670, 13563, 13957, 14148, 14196, 14414, 15719, 16183, 16248]
Iter#11 New set #1 of size 35 (11.0 its/hit = 0.000s/hit): seed=3619604249359241453 [67, 940, 979, 1193, 1461, 1684, 1871, 2379, 2941, 3936, 6053, 6891, 7282, 7449, 7855, 7886, 8034, 8232, 8829, 9904, 10717, 10774, 10910, 11265, 11840, 12009, 12543, 12554, 12592, 12751, 13798, 14577, 15741, 16237, 16282]
Iter#14 New set #2 of size 35 (7.0 its/hit = 0.000s/hit): seed=8711378904332034615 [1230, 1872, 1950, 2324, 2344, 2561, 3349, 4575, 4952, 4966, 5493, 5809, 5916, 6154, 6372, 6748, 7095, 7275, 7344, 8237, 8323, 9506, 9913, 10109, 10899, 11018, 11118, 11130, 11190, 11731, 12588, 12709, 13432, 15500, 15553]
Iter#30 New set #3 of size 35 (10.0 its/hit = 0.000s/hit): seed=2400423378989292778 [792, 1664, 1834, 2087, 2317, 2420, 2833, 4154, 4186, 4537, 4802, 5757, 5868, 6529, 6855, 7813, 8991, 9023, 9078, 9643, 9704, 9930, 10747, 10822, 10932, 11100, 11580, 12100, 13442, 13820, 14590, 14693, 14948, 15833, 15840]
Iter#32 New set #4 of size 35 (8.0 its/hit = 0.000s/hit): seed=2020366814321890540 [460, 596, 817, 1736, 1822, 2780, 3204, 3346, 4171, 4346, 5015, 5188, 5887, 5966, 6697, 7440, 7534, 7851, 7927, 8437, 9573, 9843, 10322, 10416, 10465, 10479, 11207, 11217, 11245, 12135, 12349, 13428, 14319, 15136, 15987]
Iter#33 New set #5 of size 35 (6.6 its/hit = 0.000s/hit): seed=9192718252441083268 [195, 528, 1399, 1567, 1579, 1707, 1998, 2738, 3791, 4434, 4599, 4716, 5348, 5605, 5815, 7394, 7710, 7719, 7869, 8089, 8831, 9272, 9420, 9435, 9868, 10327, 11059, 11112, 12573, 12852, 13433, 13441, 13615, 15794, 16301]
Iter#36 New set #6 of size 35 (6.0 its/hit = 0.000s/hit): seed=4149400637779883433 [299, 527, 705, 1062, 1133, 2099, 3145, 3378, 3520, 4499, 5460, 5707, 5759, 6238, 6402, 6405, 6656, 6716, 6902, 7712, 7760, 8327, 9719, 9901, 10854, 10856, 11417, 11566, 12040, 12459, 14062, 14652, 15693, 15882, 16276]
Iter#47 New set #7 of size 35 (6.7 its/hit = 0.000s/hit): seed=14670579270908543423 [587, 1833, 2390, 2463, 2793, 4406, 4824, 4840, 4859, 5610, 5629, 6032, 6420, 6528, 6792, 6916, 7703, 7774, 7944, 8155, 9056, 11170, 11376, 12012, 12561, 12603, 13104, 13483, 13601, 14330, 15278, 15424, 15710, 15998, 16311]
Iter#54 New set #8 of size 35 (6.8 its/hit = 0.000s/hit): seed=15416701898979273509 [202, 925, 1607, 1657, 1695, 1848, 2610, 2777, 3060, 3071, 3631, 4024, 4513, 5150, 5680, 5704, 5891, 6893, 8417, 8724, 8834, 9182, 9926, 10512, 11085, 11480, 11525, 11935, 12320, 13129, 13326, 13515, 15340, 15865, 15973]
Iter#67 New set #1 of size 36 (67.0 its/hit = 0.000s/hit): seed=2082747246366396564 [1321, 2651, 2693, 2884, 3851, 3986, 4036, 4492, 5201, 5268, 5724, 6112, 6348, 6804, 7202, 7750, 7956, 7990, 8704, 8868, 9890, 9999, 10222, 10703, 10980, 11038, 11436, 12318, 12455, 13153, 13655, 14387, 14916, 15338, 15580, 16083]
Iter#101 New set #2 of size 36 (50.5 its/hit = 0.000s/hit): seed=17469830608670686461 [500, 686, 769, 813, 1414, 2908, 2946, 3800, 4248, 5072, 5086, 5158, 5612, 5637, 6784, 6852, 7451, 8706, 9157, 9159, 9599, 9998, 10257, 10499, 10557, 10786, 12729, 12807, 13236, 13614, 13735, 14441, 14666, 15600, 15654, 16036]
Iter#189 New set #1 of size 37 (189.0 its/hit = 0.000s/hit): seed=15180300110878420355 [236, 1003, 1309, 1713, 2573, 3705, 4630, 4791, 4797, 4916, 5542, 5705, 6703, 8029, 8572, 8641, 9023, 9373, 9821, 10393, 10686, 11259, 12264, 12325, 12582, 12756, 13146, 13320, 13874, 13985, 14514, 15041, 15921, 15996, 16054, 16099, 16267]
Iter#457 New set #2 of size 37 (228.5 its/hit = 0.500s/hit): seed=6818136181409163610 [179, 622, 1626, 1692, 1825, 4340, 4885, 5332, 5571, 5695, 5719, 6774, 6822, 6990, 7036, 7926, 9001, 9066, 9968, 10288, 10918, 11031, 11449, 12151, 12285, 12441, 12843, 12930, 12944, 13117, 14105, 14435, 14510, 14919, 15298, 15880, 16180]
Iter#1520 New set #3 of size 37 (506.7 its/hit = 1.000s/hit): seed=9562771573408202681 [292, 321, 693, 845, 1021, 1057, 1434, 1849, 1925, 3136, 3879, 4998, 5333, 5418, 5579, 5767, 6351, 6655, 7161, 7817, 8131, 8468, 9132, 9142, 9399, 9852, 9881, 10245, 10663, 12175, 12978, 13036, 13647, 14349, 14811, 15440, 15530]
Iter#1829 New set #4 of size 37 (457.2 its/hit = 1.000s/hit): seed=3929349705437288346 [982, 1866, 2104, 2533, 3065, 3260, 3306, 3450, 4421, 5251, 5361, 5491, 6624, 6990, 7960, 8423, 8507, 9311, 9677, 10106, 10174, 10403, 10668, 10814, 11513, 11634, 12159, 12315, 12756, 13262, 14315, 14479, 14966, 14993, 15681, 16009, 16089]
Iter#1945 New set #5 of size 37 (389.0 its/hit = 0.800s/hit): seed=4630090212955931696 [185, 193, 328, 748, 1249, 1639, 2495, 2547, 2898, 3832, 3874, 3978, 4982, 5744, 6636, 6657, 6771, 8798, 9119, 9142, 9240, 9406, 10135, 10328, 10606, 11540, 12324, 12444, 12555, 12914, 13309, 13852, 14608, 14685, 14822, 15300, 16028]
Iter#2075 New set #6 of size 37 (345.8 its/hit = 0.833s/hit): seed=9639691048771043231 [21, 66, 405, 460, 833, 1362, 1859, 2229, 2245, 3497, 3698, 3935, 6112, 6115, 6414, 6649, 6871, 6915, 7099, 7325, 9433, 9751, 10332, 10747, 10972, 11220, 11915, 11953, 12355, 13530, 14211, 14239, 14573, 14780, 15102, 15824, 16013]
Iter#2314 New set #7 of size 37 (330.6 its/hit = 0.714s/hit): seed=8834859951604207588 [422, 1349, 1481, 2219, 2410, 2670, 3520, 3985, 4048, 4295, 4452, 4522, 4573, 4663, 4894, 5242, 5341, 5384, 5577, 5994, 6359, 6979, 7864, 8561, 8886, 9251, 11286, 11358, 12099, 12578, 13148, 13817, 13939, 14451, 14518, 15545, 15548]
Iter#2569 New set #8 of size 37 (321.1 its/hit = 0.750s/hit): seed=10879315342573083945 [316, 524, 602, 1330, 3291, 3454, 3616, 5600, 7085, 7886, 7932, 8000, 8643, 10218, 10332, 10382, 10527, 11041, 11078, 11404, 11869, 11917, 12346, 12372, 12414, 12428, 13209, 13595, 13678, 14021, 14259, 14765, 14784, 14848, 15028, 15660, 16182]
Iter#3726 New set #9 of size 37 (414.0 its/hit = 1.000s/hit): seed=17075544875604132906 [821, 939, 1022, 1024, 1292, 4074, 4134, 4278, 4732, 5918, 6615, 7641, 8101, 8414, 8569, 8682, 8991, 9163, 9884, 10025, 10622, 11061, 11307, 11663, 11672, 11711, 11879, 12955, 13001, 13335, 13659, 14355, 14744, 14996, 15561, 16264, 16338]
Iter#5002 New set #10 of size 37 (500.2 its/hit = 1.200s/hit): seed=7393767716242156819 [707, 715, 1309, 1657, 2070, 2949, 3597, 3701, 3797, 4073, 4771, 5461, 5952, 7043, 8452, 8594, 9401, 9926, 10020, 10067, 10077, 11451, 11490, 12317, 13187, 13531, 13617, 14176, 14236, 14522, 14770, 15064, 15231, 15263, 15914, 15917, 16045]
Iter#14682 New set #20 of size 37 (734.1 its/hit = 1.800s/hit): seed=4709022202785654165 [470, 1081, 1451, 1703, 1943, 2544, 2982, 3093, 3173, 3261, 4991, 5014, 5684, 5723, 6023, 6961, 7957, 7994, 8396, 9671, 9823, 9981, 10042, 10381, 10622, 11235, 11459, 11564, 11795, 12661, 12857, 13670, 14041, 14373, 14374, 15742, 15944]
Iter#18428 New set #1 of size 38 (18428.0 its/hit = 46.000s/hit): seed=6596798788148353438 [156, 294, 361, 468, 507, 560, 574, 663, 751, 870, 2048, 2520, 4097, 4432, 4560, 5107, 5137, 5653, 6380, 6628, 7485, 7565, 7758, 8748, 9122, 10002, 10019, 10617, 10684, 11392, 11537, 12767, 14074, 14643, 14852, 15129, 15679, 16168]
Iter#23503 New set #2 of size 38 (11751.5 its/hit = 29.500s/hit): seed=12524346463617201817 [680, 950, 1387, 1455, 2203, 2311, 2828, 3682, 4281, 5297, 5460, 5477, 6104, 6245, 6715, 7004, 7363, 7522, 8473, 9455, 9464, 9508, 9793, 12041, 12444, 12537, 12595, 12763, 13167, 13448, 14222, 14237, 14369, 14902, 15289, 16100, 16244, 16341]
Iter#28888 New set #1 of size 39 (28888.0 its/hit = 72.000s/hit): seed=5331392142321297666 [161, 190, 480, 504, 506, 605, 680, 752, 957, 2079, 2107, 2461, 2509, 4391, 4494, 4944, 5614, 7390, 7415, 8468, 8728, 8802, 9010, 9140, 9518, 9528, 10183, 10694, 11824, 12637, 12716, 12808, 14311, 14728, 15141, 15486, 15999, 16026, 16298]
Iter#86819 New set #2 of size 39 (43409.5 its/hit = 110.000s/hit): seed=17027337770985083622 [360, 419, 724, 1006, 1221, 1885, 2051, 2730, 3395, 3933, 4058, 4494, 5361, 5648, 6012, 6482, 6556, 7348, 7350, 8575, 8782, 8996, 9572, 9629, 9726, 10461, 11489, 11556, 12049, 12448, 13613, 14799, 15065, 15112, 15197, 15693, 15777, 15864, 16094]
Iter#478872 New set #3 of size 39 (159624.0 its/hit = 406.667s/hit): seed=11236780945905499226 [257, 312, 1109, 1230, 1392, 1419, 2199, 2731, 2869, 3524, 3882, 4693, 5224, 5773, 6038, 6687, 6760, 6952, 7157, 7562, 8191, 8556, 9071, 9230, 10310, 11145, 11314, 11896, 12130, 12599, 13165, 14426, 14520, 14581, 14669, 14759, 14901, 14956, 15091]
Iter#479182 New set #4 of size 39 (119795.5 its/hit = 305.000s/hit): seed=5241480136972867734 [832, 944, 1277, 1316, 1702, 1854, 1877, 2949, 3434, 3537, 3859, 4015, 4220, 4690, 5320, 5419, 6498, 7178, 7933, 8347, 8535, 8638, 8783, 9542, 10451, 10929, 10967, 11933, 12208, 12831, 13582, 13659, 14308, 14878, 15137, 15302, 15997, 16237, 16382]
Iter#1121696 New set #5 of size 39 (224339.2 its/hit = 571.200s/hit): seed=12883914957622663450 [84, 445, 744, 1325, 1470, 1624, 2695, 2727, 2791, 3759, 3907, 4322, 4712, 5455, 5589, 6366, 6395, 7212, 7452, 8355, 8713, 9348, 9556, 9992, 10254, 10272, 10482, 11187, 11417, 11924, 11991, 12281, 12424, 12528, 12672, 12873, 14123, 15642, 16345]
Iter#1356731 New set #6 of size 39 (226121.8 its/hit = 575.667s/hit): seed=6734563105760314305 [1354, 1633, 1969, 2867, 3001, 3743, 4383, 5067, 5247, 5605, 6149, 6485, 6953, 7844, 9186, 9273, 9296, 10524, 11457, 11600, 11771, 11931, 12006, 12517, 12975, 13126, 13345, 13889, 14384, 14478, 14803, 14819, 14863, 14963, 15079, 15179, 15989, 16209, 16254]
Iter#1603831 New set #7 of size 39 (229118.7 its/hit = 584.000s/hit): seed=17144235185472686064 [917, 1035, 1209, 1481, 1900, 2068, 2646, 2998, 3011, 3124, 3709, 3724, 4278, 4424, 4772, 4862, 4949, 5214, 5643, 7134, 7650, 8040, 9099, 9280, 9445, 9544, 9739, 10294, 10661, 10747, 10942, 11228, 11594, 11983, 12379, 14886, 15668, 15876, 16320]
Iter#1635441 New set #8 of size 39 (204430.1 its/hit = 521.000s/hit): seed=11557306140799509000 [574, 1360, 2702, 3081, 3244, 3530, 3631, 3655, 3668, 3896, 4581, 4727, 4800, 5082, 5430, 5597, 6222, 8046, 8902, 9385, 10090, 10926, 10976, 11124, 11414, 11423, 12189, 12192, 12265, 12433, 13659, 14394, 14445, 14639, 14698, 15137, 15142, 15282, 15436]
Iter#2210758 New set #9 of size 39 (245639.8 its/hit = 627.111s/hit): seed=1261424707858876511 [988, 1636, 2492, 2784, 2868, 3087, 3265, 3319, 5678, 6036, 6756, 6957, 6988, 8004, 8114, 8166, 8288, 8322, 8665, 8813, 9015, 9416, 9869, 10085, 10363, 10852, 10989, 11049, 11209, 11225, 12336, 12509, 12550, 13155, 13643, 14173, 14654, 14963, 15678]
Iter#2417594 New set #1 of size 40 (2417594.0 its/hit = 6169.000s/hit): seed=9111989285749066866 [1162, 1287, 1918, 2016, 2089, 2237, 2732, 2891, 4681, 4851, 5264, 7308, 7376, 7398, 7702, 8236, 8277, 8581, 8639, 8695, 8714, 8721, 8973, 9215, 9458, 9695, 9806, 9894, 10126, 11718, 11903, 12547, 12789, 13355, 14196, 14850, 14886, 15397, 15464, 15696]
Iter#3436017 New set #2 of size 40 (1718008.5 its/hit = 4383.000s/hit): seed=509266544281828212 [847, 2828, 3220, 3983, 4488, 4920, 5026, 5227, 5593, 6021, 6812, 6918, 7065, 7325, 7811, 7946, 7987, 10206, 10429, 11096, 11381, 11654, 11886, 12359, 12550, 12824, 12962, 13136, 13211, 13222, 13393, 13540, 13796, 14089, 14605, 14780, 14795, 15189, 15589, 16312]
Iter#4687476 New set #3 of size 40 (1562492.0 its/hit = 3988.333s/hit): seed=10131823433982692335 [334, 1053, 1181, 1299, 1570, 1614, 2057, 2414, 3279, 4214, 4261, 4632, 5055, 5110, 5795, 5889, 6196, 6606, 7753, 8576, 9362, 10942, 10980, 11463, 11941, 12060, 12076, 12145, 12379, 12589, 12714, 12827, 13100, 13128, 14122, 14449, 15427, 15440, 15517, 16082]
Iter#5634300 New set #4 of size 40 (1408575.0 its/hit = 3594.500s/hit): seed=4659221826497365259 [111, 447, 1459, 1715, 1754, 2182, 2284, 3842, 4216, 4908, 5723, 6053, 7106, 7424, 7618, 7887, 7937, 8117, 8162, 8196, 8653, 8862, 9063, 9297, 9609, 10516, 10853, 10949, 11226, 11389, 12027, 13430, 13687, 14704, 14744, 14899, 15881, 15944, 15963, 16301]
