[*] Computing DDT
[+] DDT Computed
DDT took 5.588176792s
Iter#1 New set #1 of size 35 (1.0 its/hit = 0.000s/hit): seed=6533253298320122404 [492, 857, 1013, 1018, 1092, 2004, 2257, 2547, 3935, 4021, 4368, 4393, 4494, 6484, 6790, 7460, 7902, 8767, 9431, 9844, 10393, 10459, 10601, 11107, 11901, 12904, 13100, 13594, 13757, 13895, 14003, 14266, 15178, 15258, 15711]
Iter#2 New set #2 of size 35 (1.0 its/hit = 0.000s/hit): seed=15542024596504767213 [502, 644, 1854, 2395, 2732, 3424, 3877, 4021, 4051, 4295, 4516, 4532, 5735, 5927, 6763, 7254, 8684, 8711, 9789, 9984, 10510, 11692, 12067, 12457, 12849, 13541, 13607, 14279, 14340, 14614, 14711, 14729, 15496, 15723, 15830]
Iter#3 New set #1 of size 37 (3.0 its/hit = 0.000s/hit): seed=9283433464381344016 [160, 778, 2307, 2327, 2775, 3285, 3643, 3779, 3786, 3845, 4114, 4151, 4297, 4334, 4936, 5518, 5878, 6308, 6964, 7466, 7690, 8335, 8695, 9218, 9352, 9713, 9818, 10898, 12084, 12222, 12606, 12715, 13699, 14962, 15016, 15428, 16381]
Iter#6 New set #1 of size 39 (6.0 its/hit = 0.000s/hit): seed=11085182495981015608 [1072, 1552, 2213, 2644, 2726, 2988, 3120, 3653, 4085, 4194, 4643, 4888, 4894, 5249, 5934, 7118, 9367, 9796, 10079, 10950, 10956, 11277, 11752, 11866, 12028, 12096, 12254, 12462, 12919, 13006, 13129, 13291, 13862, 14802, 15140, 15754, 15842, 16010, 16014]
Iter#14 New set #2 of size 39 (7.0 its/hit = 0.000s/hit): seed=9227144231800306184 [496, 529, 637, 1821, 2017, 2054, 2155, 2363, 2582, 3012, 4006, 4112, 4633, 5102, 5151, 5534, 5655, 5977, 6596, 7680, 8174, 8733, 8792, 9855, 10721, 11473, 12083, 12399, 12818, 13137, 13341, 13445, 14340, 14523, 14879, 14969, 15360, 15599, 15819]
Iter#26 New set #3 of size 39 (8.7 its/hit = 0.000s/hit): seed=7289067281533175780 [400, 513, 605, 1092, 3075, 3417, 3763, 3939, 5154, 5443, 6011, 6352, 6404, 6775, 6801, 7475, 7599, 8493, 9039, 9858, 9979, 10027, 10289, 10337, 10429, 10960, 11571, 11910, 12123, 12559, 12960, 13577, 14004, 14164, 14177, 15214, 15379, 16282, 16371]
Iter#34 New set #4 of size 39 (8.5 its/hit = 0.000s/hit): seed=780770673862025085 [34, 507, 584, 1199, 1241, 1782, 2389, 2445, 2747, 2923, 3001, 3899, 4068, 4434, 4879, 6233, 7270, 7454, 7550, 7855, 8191, 8798, 8820, 9346, 9776, 10068, 10110, 10928, 11925, 12528, 12869, 13498, 14007, 14204, 14893, 15239, 15524, 15579, 16199]
Iter#41 New set #5 of size 39 (8.2 its/hit = 0.000s/hit): seed=4212208691117730541 [81, 1662, 1935, 2881, 3139, 3217, 4416, 5358, 6062, 6143, 6195, 6866, 6896, 7189, 7302, 7544, 8670, 8864, 9505, 9937, 9946, 10446, 10976, 11264, 11345, 11934, 12748, 12844, 12978, 13290, 14246, 14263, 14663, 15278, 15359, 15479, 15700, 16063, 16154]
Iter#66 New set #1 of size 40 (66.0 its/hit = 0.000s/hit): seed=10941581657762281411 [325, 1199, 1378, 1777, 1905, 2226, 3167, 3280, 3366, 3651, 3907, 5198, 5711, 5724, 7391, 8241, 8419, 8719, 9345, 9920, 9989, 10115, 10146, 10371, 11274, 11890, 12093, 12133, 12265, 12364, 13448, 14118, 14438, 14441, 14970, 15094, 15546, 15550, 16269, 16353]
Iter#150 New set #2 of size 40 (75.0 its/hit = 0.000s/hit): seed=10864877870125427481 [1115, 1278, 1293, 1353, 1703, 1920, 2080, 2275, 2971, 3257, 3883, 4598, 5995, 6151, 6261, 6450, 6479, 6643, 6861, 7231, 7463, 7692, 7890, 8192, 8310, 9055, 9810, 9930, 10178, 11003, 12494, 12719, 13282, 14493, 14957, 15200, 15558, 15826, 15838, 16224]
Iter#187 New set #1 of size 41 (187.0 its/hit = 0.000s/hit): seed=12353346107819903594 [125, 822, 1149, 1557, 1711, 2089, 2914, 3160, 3784, 4600, 4814, 4855, 4864, 4989, 5164, 5522, 5704, 6092, 6667, 6821, 6919, 7471, 8454, 8752, 9241, 9266, 9316, 9450, 11962, 12542, 12928, 13164, 13256, 13335, 14036, 14105, 14180, 14303, 14727, 15287, 15441]
Iter#739 New set #2 of size 41 (369.5 its/hit = 0.500s/hit): seed=16676281968743492661 [356, 574, 858, 1131, 1338, 1940, 2222, 2250, 2560, 3520, 3593, 3939, 4402, 4671, 4882, 5465, 5951, 6384, 6789, 7100, 7183, 7265, 7278, 7415, 7531, 7729, 8021, 8604, 8838, 9607, 9914, 10593, 10792, 11098, 12081, 12692, 14650, 14948, 14952, 15875, 16200]
Iter#947 New set #3 of size 41 (315.7 its/hit = 0.333s/hit): seed=10741904086460916360 [176, 208, 1295, 1503, 2036, 2353, 2835, 4154, 4302, 5084, 6041, 6149, 6159, 6294, 6357, 6411, 6833, 6995, 7434, 7600, 7642, 7991, 8035, 8362, 8912, 9381, 9825, 10050, 10071, 10260, 10411, 10415, 10432, 11848, 12112, 12931, 13411, 13915, 14268, 14505, 16234]
Iter#1043 New set #1 of size 42 (1043.0 its/hit = 2.000s/hit): seed=5825609896943712137 [100, 905, 990, 1066, 1939, 2356, 3033, 3417, 4063, 4508, 4862, 5391, 6914, 7023, 7227, 7365, 7698, 8435, 8908, 9184, 9793, 10339, 10442, 10695, 11212, 11315, 11524, 11950, 12181, 12516, 12620, 12786, 13136, 13820, 13907, 13929, 15032, 15252, 15560, 15881, 16096, 16238]
Iter#1646 New set #2 of size 42 (823.0 its/hit = 1.500s/hit): seed=7187561399256085351 [468, 1130, 1232, 2246, 2606, 2730, 2942, 2984, 2996, 3015, 3094, 4288, 4484, 4668, 5136, 5373, 6150, 7247, 7287, 7382, 8627, 8837, 8899, 9424, 10933, 11022, 11115, 11752, 12611, 12676, 12727, 12948, 13112, 13120, 13215, 13408, 14398, 14826, 14958, 16054, 16358, 16374]
Iter#1910 New set #3 of size 42 (636.7 its/hit = 1.000s/hit): seed=10346643945134040525 [15, 66, 202, 484, 748, 1026, 1672, 2816, 3164, 3984, 5548, 6227, 6247, 6262, 6274, 6352, 6892, 7269, 7280, 7635, 7815, 7923, 9883, 10029, 10090, 10972, 11043, 11119, 11576, 11726, 12065, 12098, 12163, 12386, 12689, 12783, 13124, 14150, 14642, 14817, 15810, 15915]
Iter#4231 New set #1 of size 43 (4231.0 its/hit = 8.000s/hit): seed=12548867156674075443 [333, 402, 782, 1798, 1851, 2140, 2606, 3246, 3614, 3756, 4922, 5177, 5299, 5409, 5791, 6382, 6666, 7043, 7431, 7460, 7805, 7920, 8886, 8996, 9482, 9557, 10010, 10118, 10264, 10693, 10997, 11075, 11083, 11686, 12751, 12890, 12935, 13829, 13935, 14231, 14449, 14637, 16214]
Iter#7012 New set #2 of size 43 (3506.0 its/hit = 6.500s/hit): seed=4858014532109964028 [247, 495, 598, 732, 2000, 2136, 2209, 2326, 2681, 2759, 2789, 3018, 3020, 3950, 4841, 5095, 5175, 5599, 5871, 5891, 6350, 6703, 6934, 7369, 7701, 9623, 9633, 9768, 10068, 10882, 11093, 11251, 11299, 11877, 11904, 12140, 12402, 13189, 13364, 14045, 14356, 14780, 16324]
Iter#9119 New set #1 of size 46 (9119.0 its/hit = 18.000s/hit): seed=1080585529620875613 [0, 319, 846, 996, 1101, 1535, 1653, 1866, 2132, 2181, 2842, 3380, 3481, 3962, 4265, 4408, 4466, 4532, 5261, 5337, 5647, 8119, 8296, 8450, 8465, 8972, 9211, 9219, 9595, 9642, 9878, 10631, 10650, 10665, 10718, 10732, 11748, 11832, 12453, 13172, 13458, 13489, 14711, 15366, 15436, 16354]
Iter#9557 New set #1 of size 49 (9557.0 its/hit = 19.000s/hit): seed=10338161444506066106 [0, 108, 174, 471, 725, 944, 1102, 1243, 1415, 1675, 1690, 1874, 2469, 2561, 2735, 2742, 2942, 4176, 4284, 4304, 4486, 4620, 5185, 5518, 5847, 5851, 5916, 6597, 6679, 6773, 7211, 7521, 8072, 8879, 9278, 9347, 10304, 10558, 11632, 11821, 11901, 12202, 12285, 12618, 13370, 14062, 14280, 14687, 15356]
Iter#59806 New set #2 of size 49 (29903.0 its/hit = 60.500s/hit): seed=7106547047914176377 [0, 334, 673, 854, 1323, 1560, 1798, 2048, 3248, 3308, 4005, 4026, 4068, 4599, 4742, 4752, 4950, 5064, 5748, 5750, 5942, 6043, 6344, 6854, 7901, 8260, 8570, 8985, 9659, 9703, 9945, 10050, 10268, 10530, 10755, 10765, 10823, 11780, 11993, 12930, 12997, 13263, 13359, 13967, 14249, 14551, 14634, 16057, 16295]
Iter#65257 New set #1 of size 52 (65257.0 its/hit = 132.000s/hit): seed=14689228423654612668 [0, 433, 577, 978, 1023, 1296, 1511, 1873, 2226, 2247, 2637, 3312, 4149, 4798, 5382, 5586, 5757, 5761, 6284, 6409, 6564, 6585, 6680, 7731, 8601, 9440, 9822, 9871, 9923, 11207, 11220, 11494, 11995, 12277, 12323, 12926, 13253, 13361, 13400, 13649, 13789, 14078, 14201, 14207, 14218, 14377, 14753, 15318, 15362, 15642, 15795, 15849]
Iter#112106 New set #1 of size 55 (112106.0 its/hit = 228.000s/hit): seed=9840661831314837403 [0, 69, 104, 989, 1180, 1253, 1356, 2868, 3135, 3460, 3666, 4008, 4501, 4698, 5135, 5441, 5790, 6850, 7043, 7053, 7205, 7244, 7275, 7781, 7873, 8479, 8838, 8862, 8923, 9184, 9296, 9601, 9827, 9872, 10273, 10401, 10434, 10472, 10882, 11419, 11873, 11911, 12015, 12092, 13006, 13027, 13444, 13646, 13971, 14057, 14435, 14797, 15136, 15591, 16041]
Iter#191421 New set #2 of size 55 (95710.5 its/hit = 195.000s/hit): seed=8975012054993036691 [0, 123, 827, 1516, 2212, 2534, 2560, 2752, 2815, 2933, 4229, 4484, 4545, 4621, 4965, 5034, 5104, 5812, 5839, 5915, 6160, 6653, 6725, 6974, 7486, 7739, 7925, 8283, 8321, 9146, 10154, 10233, 10337, 10556, 10561, 10894, 11418, 11437, 11441, 12042, 12046, 12101, 12911, 13321, 13493, 13637, 13886, 14071, 14430, 14821, 15153, 15717, 16155, 16197, 16344]
Iter#201133 New set #3 of size 55 (67044.3 its/hit = 136.667s/hit): seed=15652882891113092298 [0, 36, 1025, 1316, 1893, 1944, 2168, 2258, 2527, 2887, 3153, 3244, 3283, 3710, 3988, 4016, 5104, 5109, 5387, 5939, 6317, 6611, 7029, 7159, 7224, 8241, 8697, 8869, 9013, 9196, 9389, 9576, 9792, 10233, 11283, 11421, 11709, 11823, 12358, 12537, 12677, 12746, 12851, 13321, 13654, 13666, 13684, 13718, 13749, 14308, 14465, 14676, 14911, 15531, 15771]
Iter#522751 New set #4 of size 55 (130687.8 its/hit = 268.000s/hit): seed=7561186025193341083 [0, 142, 286, 485, 504, 507, 517, 719, 1479, 2005, 2136, 2241, 2374, 2512, 2600, 3337, 3504, 4615, 4771, 5353, 5640, 6090, 6176, 6256, 6549, 6693, 6851, 7096, 7197, 7305, 7432, 7537, 7654, 8690, 9107, 9269, 10291, 10536, 10820, 12592, 12965, 13555, 13627, 14256, 14403, 14477, 14961, 15176, 15302, 15410, 15511, 15780, 15809, 15960, 15968]
Iter#1161176 New set #5 of size 55 (232235.2 its/hit = 477.400s/hit): seed=11978112359942910835 [0, 145, 299, 442, 536, 1088, 1397, 1609, 1975, 2607, 2925, 3174, 3514, 3664, 4024, 4153, 4191, 4303, 4376, 4584, 4961, 5151, 5229, 5246, 5379, 5488, 5850, 6030, 6077, 6109, 6346, 6637, 6997, 7344, 7484, 7972, 8005, 9452, 9795, 10106, 10539, 10549, 10975, 12147, 12218, 12342, 12921, 13203, 13602, 14557, 14688, 14864, 15403, 15701, 16313]
Iter#1243213 New set #6 of size 55 (207202.2 its/hit = 426.167s/hit): seed=5899685464480728719 [0, 55, 383, 684, 870, 1124, 1312, 1436, 1579, 1621, 1786, 1805, 2138, 2865, 2932, 3220, 3601, 3913, 4052, 5494, 5590, 5954, 6626, 7051, 7121, 7388, 7724, 7896, 8175, 8235, 8248, 8390, 8699, 9027, 9261, 9554, 10192, 10235, 11340, 11407, 11415, 11517, 11874, 12000, 12145, 12504, 13009, 13883, 13965, 14185, 14211, 14260, 15284, 15902, 15969]
Iter#1592670 New set #7 of size 55 (227524.3 its/hit = 468.857s/hit): seed=9922877855320976736 [0, 76, 223, 288, 385, 480, 1961, 2043, 2296, 3015, 3257, 3645, 3823, 4614, 4767, 4797, 5297, 5301, 5523, 5551, 6185, 6403, 6442, 6601, 6750, 7255, 7580, 8035, 8124, 8503, 8571, 8622, 9103, 9229, 9755, 10136, 10312, 10371, 10404, 12472, 12610, 13478, 13507, 13624, 13634, 13982, 14009, 14011, 14470, 14876, 15369, 15657, 15865, 15974, 16027]
Iter#1672508 New set #8 of size 55 (209063.5 its/hit = 431.125s/hit): seed=8275944036560121030 [0, 12, 358, 592, 604, 611, 748, 797, 1050, 1538, 1847, 2106, 2279, 2341, 2498, 2539, 2952, 3123, 3325, 3527, 3676, 3883, 3964, 4102, 4174, 4585, 4947, 4969, 5081, 5595, 5613, 5752, 5854, 6249, 6732, 7089, 7221, 7466, 7680, 7852, 8038, 8903, 9435, 9899, 10168, 10215, 10436, 10778, 11489, 12392, 12703, 13494, 14762, 15022, 15233]
Iter#1716307 New set #9 of size 55 (190700.8 its/hit = 393.333s/hit): seed=13115847128430630079 [0, 576, 618, 774, 1237, 1310, 1581, 1787, 2005, 2148, 2367, 2574, 2614, 4012, 4256, 4564, 5242, 6012, 6046, 6289, 6824, 6936, 7360, 8405, 8488, 8506, 8595, 8741, 9073, 9976, 10398, 10412, 10811, 10985, 11254, 12067, 12920, 13297, 13667, 14125, 14523, 14809, 14896, 14961, 14967, 14974, 15003, 15055, 15099, 15500, 15643, 15780, 15866, 16128, 16224]
Iter#2060660 New set #10 of size 55 (206066.0 its/hit = 425.600s/hit): seed=15150169916495809675 [0, 440, 634, 677, 1682, 2043, 2057, 2759, 3193, 3233, 3236, 3692, 3950, 4242, 4380, 4395, 4783, 4801, 5649, 6445, 6746, 7222, 7244, 7341, 7562, 8306, 8435, 8643, 9350, 9525, 9601, 10814, 10982, 11035, 11088, 11525, 11580, 11657, 11841, 12060, 12192, 12371, 12476, 12483, 12610, 12925, 12985, 13164, 14009, 14050, 14797, 15138, 15402, 15958, 16366]
