[*] Computing DDT
[+] DDT Computed
DDT took 5.493760699s
Iter#1 New set #1 of size 35 (1.0 its/hit = 0.000s/hit): seed=17941090203652097561 [245, 338, 610, 678, 728, 901, 1343, 1825, 1858, 2471, 3394, 4460, 5418, 5835, 6276, 7016, 7097, 7196, 8397, 8500, 9330, 9665, 9765, 9938, 10415, 10520, 10622, 10838, 11526, 13133, 13361, 14077, 15011, 15315, 15547]
Iter#13 New set #2 of size 35 (6.5 its/hit = 0.000s/hit): seed=4808047185170452198 [744, 1413, 2479, 2677, 3039, 3290, 3315, 3541, 3927, 3987, 4656, 5575, 6639, 6840, 6905, 7767, 8203, 8210, 8398, 9231, 9289, 10627, 10651, 10676, 11022, 11106, 11765, 12247, 12693, 12796, 12912, 13269, 14828, 15070, 15289]
Iter#36 New set #3 of size 35 (12.0 its/hit = 0.000s/hit): seed=6345804955178234547 [65, 641, 736, 745, 877, 1337, 1955, 2048, 2844, 2854, 3043, 3307, 5152, 5403, 5608, 5678, 5795, 6592, 7520, 7771, 8602, 9149, 9157, 9368, 10892, 11200, 11300, 11580, 12695, 12755, 12958, 14658, 15307, 15531, 15705]
Iter#44 New set #4 of size 35 (11.0 its/hit = 0.000s/hit): seed=17447992806503316948 [304, 1340, 1401, 4138, 4319, 4393, 4443, 4685, 5059, 5179, 5828, 6250, 6307, 7662, 8688, 8998, 9109, 9317, 9637, 10080, 10214, 10658, 11253, 11351, 13067, 13462, 13493, 14077, 14085, 14185, 14264, 14431, 14669, 15150, 15798]
Iter#47 New set #1 of size 36 (47.0 its/hit = 0.000s/hit): seed=15574690927064792709 [36, 243, 1173, 1184, 1686, 2043, 3333, 3336, 3664, 3679, 3811, 4175, 4713, 5302, 5526, 5648, 6275, 6383, 6583, 7073, 7710, 9476, 9712, 10588, 11656, 12124, 12337, 12420, 12634, 13480, 13643, 14829, 14889, 15338, 15979, 16154]
Iter#72 New set #2 of size 36 (36.0 its/hit = 0.000s/hit): seed=14344596089210580550 [135, 143, 805, 1078, 1105, 1594, 1692, 2064, 2309, 3156, 3499, 3987, 4162, 6153, 6904, 7834, 7922, 8700, 8732, 9160, 10197, 10513, 10721, 10820, 10848, 11687, 11736, 11782, 12036, 12518, 14107, 14262, 14326, 14387, 14858, 15124]
Iter#161 New set #3 of size 36 (53.7 its/hit = 0.000s/hit): seed=16042986194962925616 [16, 839, 1346, 1838, 3001, 3881, 4390, 5184, 5278, 5821, 7090, 7760, 7855, 8132, 9044, 9084, 9100, 9315, 9398, 9600, 9696, 10236, 11548, 12278, 13441, 13988, 14107, 14443, 14610, 14887, 15465, 15534, 15838, 15878, 15978, 16053]
Iter#243 New set #4 of size 36 (60.8 its/hit = 0.000s/hit): seed=18392392810667510934 [11, 1456, 1821, 1956, 2057, 3154, 3311, 3396, 3442, 4114, 4563, 4778, 5521, 5653, 5910, 6390, 6847, 7262, 7319, 8156, 8167, 8326, 9354, 9709, 9759, 9762, 10932, 10967, 11222, 12228, 13343, 13878, 13978, 14422, 15146, 15396]
Iter#360 New set #5 of size 36 (72.0 its/hit = 0.000s/hit): seed=2066341242217802861 [328, 501, 1135, 1669, 4607, 4799, 5654, 5845, 5972, 6053, 6128, 6150, 6424, 6917, 7079, 7133, 7995, 8595, 9082, 9294, 9951, 10033, 10169, 10207, 10672, 11044, 11187, 12239, 12339, 12759, 13095, 13143, 14703, 15718, 15842, 16316]
Iter#405 New set #6 of size 36 (67.5 its/hit = 0.000s/hit): seed=8050991030106895999 [76, 127, 1020, 1340, 2240, 2961, 2986, 3135, 4647, 4968, 5178, 5672, 6476, 6744, 6915, 7113, 7201, 8333, 8452, 9830, 9970, 10187, 10753, 11002, 11653, 11896, 12238, 13293, 13540, 13586, 13877, 14065, 14217, 15365, 15716, 15749]
Iter#517 New set #7 of size 36 (73.9 its/hit = 0.000s/hit): seed=16063718967308595323 [15, 405, 477, 575, 812, 1250, 1687, 1705, 2204, 2455, 2866, 2937, 3474, 3589, 4018, 4668, 5736, 5880, 6919, 6989, 7759, 8056, 8164, 8183, 8712, 9105, 9451, 12087, 12825, 13448, 13606, 14477, 14545, 15015, 15949, 16278]
Iter#534 New set #8 of size 36 (66.8 its/hit = 0.000s/hit): seed=17852377365454452198 [112, 150, 431, 1809, 1882, 1924, 2030, 2101, 2253, 2947, 3054, 3261, 3411, 3534, 3919, 4040, 4380, 5153, 5648, 6143, 6522, 7074, 7796, 8185, 8212, 8758, 8780, 9253, 9960, 11362, 12999, 13038, 13668, 14353, 14518, 15373]
Iter#583 New set #9 of size 36 (64.8 its/hit = 0.111s/hit): seed=17781701447605104080 [480, 2383, 3734, 4750, 4850, 4892, 5461, 5837, 6111, 6542, 8694, 8996, 9042, 9049, 9093, 9314, 9359, 9572, 9894, 10719, 11510, 11566, 12116, 12120, 12243, 12371, 12586, 12591, 12654, 13331, 13591, 13686, 14270, 14301, 14499, 14668]
Iter#770 New set #10 of size 36 (77.0 its/hit = 0.100s/hit): seed=10075869555743404673 [764, 1130, 1155, 1295, 1356, 1598, 1885, 2244, 2454, 2740, 2913, 3107, 4830, 5717, 5831, 6260, 6780, 7309, 7573, 8233, 8718, 9227, 9263, 9505, 10179, 11200, 11416, 11858, 12499, 13267, 13403, 13608, 14415, 14750, 15124, 16380]
Iter#1415 New set #20 of size 36 (70.8 its/hit = 0.100s/hit): seed=9639650104673248831 [840, 1711, 1992, 2590, 4691, 4790, 5771, 5780, 6070, 6308, 6494, 6501, 6588, 6622, 6868, 7108, 8016, 9053, 9155, 9267, 9723, 10662, 10671, 11064, 11279, 11625, 11847, 12310, 12709, 12742, 13130, 13312, 13464, 13781, 14432, 14849]
Iter#2082 New set #30 of size 36 (69.4 its/hit = 0.100s/hit): seed=10425074542841513597 [100, 290, 609, 893, 1668, 2319, 2471, 3110, 3239, 4295, 4506, 4857, 5277, 5514, 5540, 5813, 6278, 8280, 9141, 10208, 10456, 10757, 11727, 12071, 12225, 12349, 12877, 13313, 14222, 14281, 15270, 15575, 15749, 15792, 15897, 15933]
Iter#2379 New set #1 of size 37 (2379.0 its/hit = 4.000s/hit): seed=13400381927518912512 [152, 499, 954, 2081, 2688, 3616, 5122, 5239, 5425, 6101, 6213, 6484, 6507, 7425, 8129, 8320, 8489, 8759, 9223, 9458, 9615, 9790, 10782, 11018, 11094, 11598, 11809, 11943, 11959, 12355, 12467, 12526, 13916, 14342, 15817, 15981, 16373]
Iter#2998 New set #2 of size 37 (1499.0 its/hit = 2.500s/hit): seed=6716019245209299838 [1139, 1295, 1962, 1981, 2643, 3438, 3732, 4219, 4680, 4744, 5435, 6140, 6199, 6763, 6807, 7018, 7398, 7535, 7552, 7671, 7865, 8648, 8851, 9126, 10155, 10506, 10654, 11040, 11957, 12203, 12315, 14013, 14276, 14535, 14807, 14866, 15939]
Iter#3566 New set #3 of size 37 (1188.7 its/hit = 2.000s/hit): seed=12517790629801876958 [373, 992, 1542, 1740, 2115, 2266, 2316, 2343, 3094, 3697, 5003, 5397, 6316, 6877, 7489, 7642, 8061, 8189, 8213, 8509, 8526, 8969, 10122, 10634, 11233, 11872, 12165, 12252, 12543, 12915, 13245, 13318, 14425, 14611, 14873, 15065, 15199]
Iter#3907 New set #4 of size 37 (976.8 its/hit = 1.750s/hit): seed=17170365532954311375 [623, 706, 1460, 1554, 2117, 2242, 2921, 3100, 3695, 4475, 4907, 5454, 6249, 7957, 8832, 8970, 9018, 9063, 9160, 9310, 9647, 9881, 10170, 10609, 13170, 13448, 13558, 13769, 14138, 14299, 14735, 14854, 14922, 15265, 15467, 16217, 16230]
Iter#6219 New set #5 of size 37 (1243.8 its/hit = 2.200s/hit): seed=2536583569426197841 [93, 874, 1211, 1377, 1458, 1538, 1677, 2006, 2120, 2916, 2925, 2976, 3274, 3894, 4335, 5276, 6324, 6488, 6788, 6935, 7564, 7670, 8471, 8540, 9753, 9997, 10242, 10677, 10981, 11938, 12554, 12837, 13148, 13497, 14351, 16018, 16072]
Iter#7308 New set #6 of size 37 (1218.0 its/hit = 2.167s/hit): seed=12742451581739198217 [1637, 1804, 1912, 2063, 2073, 2273, 2363, 2365, 2385, 2559, 2726, 2889, 3008, 4175, 4192, 4286, 4547, 5427, 5524, 6243, 6344, 6428, 7968, 8073, 8096, 8207, 10319, 11307, 11360, 12718, 13040, 13927, 14265, 15106, 15447, 15648, 16075]
Iter#8705 New set #7 of size 37 (1243.6 its/hit = 2.286s/hit): seed=17100358230495581338 [175, 513, 624, 643, 1564, 1821, 2724, 3034, 3296, 3895, 4115, 4426, 4608, 5548, 6265, 6283, 6489, 7403, 7661, 7747, 7941, 8218, 8746, 9266, 10148, 10351, 11124, 11461, 11624, 11693, 11731, 12066, 12134, 13204, 13641, 14185, 15824]
Iter#10140 New set #8 of size 37 (1267.5 its/hit = 2.375s/hit): seed=1298801413290160770 [414, 601, 701, 1217, 1671, 1969, 2005, 3417, 3434, 3700, 4433, 5094, 5675, 6087, 6992, 7376, 7531, 7599, 7711, 7800, 7951, 8335, 8589, 9324, 9403, 9455, 11825, 11842, 12462, 12840, 13784, 14642, 15445, 15600, 16005, 16060, 16073]
Iter#11527 New set #9 of size 37 (1280.8 its/hit = 2.333s/hit): seed=12561412798749908164 [653, 968, 1026, 1325, 1451, 2142, 2496, 2565, 2684, 2736, 3153, 3332, 3404, 4181, 4372, 4603, 5178, 5915, 6292, 6596, 6620, 7458, 7677, 8483, 8664, 9139, 9711, 10088, 11856, 12015, 12193, 13318, 15009, 15168, 15561, 15834, 16044]
Iter#11821 New set #10 of size 37 (1182.1 its/hit = 2.200s/hit): seed=10469579151872406624 [235, 932, 962, 1337, 1401, 1412, 1528, 3538, 3569, 3625, 4353, 4731, 5419, 5522, 5643, 6204, 6574, 6683, 6796, 8102, 8785, 10652, 11012, 11098, 11398, 11494, 11805, 11991, 12095, 12540, 13747, 13901, 14164, 14971, 16093, 16125, 16363]
Iter#17287 New set #20 of size 37 (864.3 its/hit = 1.600s/hit): seed=13876079548060319410 [162, 1766, 2789, 3737, 3950, 4081, 4234, 4785, 6408, 7125, 7457, 7921, 8036, 8907, 9071, 9114, 9566, 9652, 9687, 9974, 10258, 10856, 11319, 11786, 11854, 11982, 12205, 12431, 13053, 13169, 13538, 14653, 14739, 14769, 14842, 15550, 15969]
Iter#26539 New set #30 of size 37 (884.6 its/hit = 1.667s/hit): seed=11951713561147117286 [116, 1459, 1630, 1665, 1694, 1967, 3048, 3882, 4067, 4753, 5302, 5308, 5539, 5549, 6091, 6246, 6630, 7003, 7380, 9145, 9828, 10196, 10283, 11525, 11809, 11812, 11825, 11960, 12023, 12559, 13048, 13381, 13514, 14443, 14490, 14642, 16325]
Iter#36533 New set #40 of size 37 (913.3 its/hit = 1.750s/hit): seed=14373873216235392704 [1226, 1239, 1283, 1583, 1837, 1916, 2175, 2642, 2760, 3088, 3404, 4570, 4799, 5124, 6261, 6545, 6708, 7375, 7805, 8175, 9063, 9620, 9760, 9880, 9928, 10143, 10360, 10798, 10897, 11892, 12080, 12298, 12972, 13041, 15006, 15399, 16168]
Iter#41389 New set #50 of size 37 (827.8 its/hit = 1.580s/hit): seed=12811800482795127785 [396, 765, 803, 1553, 2020, 2858, 2860, 3021, 3041, 4571, 4602, 4968, 5636, 5638, 6335, 6922, 7757, 8475, 9627, 10069, 10138, 10156, 10436, 10589, 11184, 11252, 12027, 12664, 12951, 13183, 13337, 13682, 13869, 14422, 14600, 15667, 16273]
Iter#50846 New set #1 of size 38 (50846.0 its/hit = 98.000s/hit): seed=11251912566597120219 [155, 1223, 1645, 1796, 2158, 2590, 4350, 4527, 6514, 6530, 6987, 7065, 7249, 7793, 8335, 8388, 9104, 9371, 10111, 10299, 10319, 10580, 11098, 11857, 11970, 12202, 12682, 13031, 13365, 13621, 14073, 14166, 14502, 14740, 14770, 14779, 15518, 15825]
Iter#81544 New set #2 of size 38 (40772.0 its/hit = 79.000s/hit): seed=1413402955435809812 [39, 253, 595, 1270, 1317, 1478, 1746, 2649, 2784, 4292, 4317, 5032, 5323, 5590, 6020, 6316, 6466, 6678, 7631, 8079, 8475, 8852, 9752, 10249, 10432, 10671, 10679, 11001, 12007, 12072, 12132, 13225, 13998, 14124, 14422, 14484, 15502, 15659]
Iter#98183 New set #3 of size 38 (32727.7 its/hit = 63.333s/hit): seed=1924705275778858064 [157, 664, 1215, 2032, 2439, 3097, 3451, 3609, 3705, 3781, 4303, 5031, 5036, 6448, 7323, 7399, 7545, 7933, 10735, 10761, 10835, 11255, 11435, 11687, 12014, 12235, 12571, 12901, 12979, 13010, 13742, 14599, 14957, 15495, 15863, 15977, 15992, 16260]
Iter#114174 New set #4 of size 38 (28543.5 its/hit = 55.250s/hit): seed=13651897562912953496 [97, 156, 927, 1400, 1661, 1830, 2062, 2147, 2205, 2315, 2341, 3071, 4164, 4471, 4750, 6542, 6781, 6921, 7104, 7841, 8170, 9501, 9539, 10867, 11170, 11368, 11429, 12204, 12301, 13193, 13328, 13565, 13693, 14533, 14983, 15097, 15560, 15947]
Iter#121197 New set #5 of size 38 (24239.4 its/hit = 47.000s/hit): seed=8040238998668300110 [565, 627, 717, 943, 1026, 1062, 1542, 2580, 2714, 2821, 3250, 4151, 5155, 5857, 6126, 6344, 7039, 7256, 7525, 7825, 7995, 8363, 9194, 10261, 10362, 10451, 11193, 11451, 13086, 13192, 14681, 14836, 15133, 15135, 15331, 15464, 16021, 16155]
Iter#153430 New set #6 of size 38 (25571.7 its/hit = 49.667s/hit): seed=548261065554215738 [220, 417, 538, 612, 686, 1178, 1547, 1764, 1983, 2541, 2833, 3263, 3432, 3620, 4465, 5538, 5845, 6318, 6356, 7680, 8149, 8192, 8378, 9198, 9299, 9737, 10615, 11424, 11457, 11551, 12269, 12621, 13534, 13780, 14926, 15888, 15895, 15933]
Iter#153942 New set #7 of size 38 (21991.7 its/hit = 42.714s/hit): seed=631862805393468231 [2029, 2206, 2741, 3159, 3860, 3900, 4070, 4619, 4852, 5602, 5696, 6082, 6112, 6117, 6214, 6776, 7100, 7315, 8345, 9461, 9940, 10207, 10391, 10941, 11562, 11600, 11923, 13552, 13934, 13961, 14106, 14846, 14980, 15430, 15496, 15616, 15675, 16136]
Iter#154832 New set #8 of size 38 (19354.0 its/hit = 37.625s/hit): seed=2725789275313783216 [211, 2082, 2766, 3017, 3261, 3483, 3711, 3920, 4909, 5194, 5225, 5777, 7296, 7817, 7863, 8052, 8325, 8405, 8666, 9548, 9873, 11109, 11292, 11503, 12047, 12172, 12928, 13107, 13683, 14071, 14492, 14764, 15275, 15378, 15671, 15786, 16108, 16325]
Iter#165989 New set #9 of size 38 (18443.2 its/hit = 35.889s/hit): seed=12824660312825284200 [396, 480, 512, 539, 880, 1341, 1619, 2181, 3118, 3164, 3196, 3669, 4446, 4823, 5757, 5913, 6259, 6308, 6570, 6666, 6773, 6924, 7128, 7238, 8371, 8377, 8871, 9046, 10035, 12383, 12607, 14205, 14242, 14674, 14842, 15087, 15102, 15612]
Iter#167177 New set #10 of size 38 (16717.7 its/hit = 32.500s/hit): seed=10866813883411355105 [367, 979, 1248, 1708, 2348, 2420, 3335, 3940, 4975, 5063, 5139, 6282, 6664, 7047, 7049, 8344, 8595, 8637, 8714, 9860, 10479, 10684, 10746, 11677, 11715, 12202, 12234, 13401, 13606, 13614, 13819, 14266, 14576, 15396, 15846, 16002, 16035, 16355]
Iter#278146 New set #20 of size 38 (13907.3 its/hit = 27.050s/hit): seed=1893885554091215149 [67, 1032, 1297, 1790, 2024, 2310, 2444, 3084, 3162, 3236, 4031, 4160, 4896, 5834, 6234, 6396, 6939, 9378, 9724, 10820, 11254, 11622, 11681, 11872, 12256, 12285, 12508, 12673, 12725, 12899, 12934, 13018, 14002, 14038, 15427, 15632, 15887, 16122]
Iter#298516 New set #1 of size 40 (298516.0 its/hit = 580.000s/hit): seed=5620095268263443403 [253, 1110, 1294, 1431, 1658, 2182, 3150, 3265, 3776, 3788, 3922, 4183, 4232, 4761, 4789, 5411, 5863, 5946, 6136, 6316, 6814, 7433, 8544, 8874, 9035, 10182, 10383, 10450, 10467, 11161, 12095, 13029, 13752, 14038, 14371, 14540, 15230, 15276, 15481, 15490]
Iter#1280649 New set #2 of size 40 (640324.5 its/hit = 1339.000s/hit): seed=18042625280166218865 [207, 860, 2192, 2304, 2457, 3913, 4479, 4790, 4900, 5824, 6043, 6105, 7631, 8387, 8549, 8665, 8978, 9138, 9279, 9286, 9349, 9759, 10806, 10895, 11231, 11859, 12778, 12969, 12995, 13567, 14277, 14380, 14435, 14682, 14972, 15142, 15241, 15572, 15637, 15850]
Iter#2835912 New set #3 of size 40 (945304.0 its/hit = 2197.333s/hit): seed=17435066466509147586 [108, 224, 292, 308, 1289, 1414, 1428, 1485, 1706, 1835, 2133, 2784, 3112, 3496, 3547, 3713, 3782, 5771, 6001, 6747, 6984, 7208, 7319, 7424, 7460, 8763, 9287, 9936, 10341, 11074, 11144, 11224, 11575, 11861, 13633, 13791, 14033, 15659, 15708, 16140]
