[*] Computing DDT
[+] DDT Computed
DDT took 5.339795182s
Iter#1 New set #1 of size 34 (1.0 its/hit = 0.000s/hit): seed=5225886493871793917 [887, 1465, 1615, 1717, 2265, 2502, 2883, 3326, 3746, 5122, 5530, 5821, 6152, 6463, 6653, 6725, 8117, 8243, 8961, 9129, 9739, 10287, 10400, 10843, 10942, 11862, 12688, 13037, 13256, 13743, 14139, 14340, 15838, 16030]
Iter#2 New set #1 of size 35 (2.0 its/hit = 0.000s/hit): seed=13613849226015240035 [0, 16, 93, 180, 225, 261, 349, 2093, 2952, 3690, 3861, 3916, 4617, 5201, 5229, 5401, 5467, 5945, 5984, 6792, 7074, 9187, 9377, 10502, 10823, 11064, 11212, 11243, 11800, 12758, 13517, 13702, 14698, 16169, 16173]
Iter#3 New set #1 of size 40 (3.0 its/hit = 0.000s/hit): seed=1239447983965080695 [420, 649, 1293, 1413, 1521, 2485, 2791, 2838, 3142, 3207, 3698, 4007, 4816, 4829, 5513, 6307, 6496, 6576, 6804, 7907, 8793, 8846, 9227, 9350, 9500, 9928, 10046, 10230, 10354, 10429, 10636, 11286, 13275, 13340, 14523, 14597, 14631, 15565, 15829, 16081]
Iter#11 New set #2 of size 40 (5.5 its/hit = 0.000s/hit): seed=13252453851899313413 [677, 2011, 2121, 2188, 2223, 2346, 2581, 2919, 3264, 4335, 4993, 5133, 5408, 6027, 6145, 6787, 7652, 7887, 8515, 9193, 9294, 9385, 9931, 10009, 10100, 10248, 11219, 11684, 12220, 12388, 14063, 14963, 14975, 15158, 15231, 15530, 15561, 16122, 16171, 16313]
Iter#31 New set #1 of size 43 (31.0 its/hit = 0.000s/hit): seed=3668880823333428470 [86, 119, 626, 1699, 2845, 2923, 3512, 4093, 4168, 4925, 5538, 5636, 5777, 6223, 6721, 6761, 7473, 7729, 8525, 9451, 9542, 9578, 10507, 11115, 11734, 11900, 11946, 12008, 12216, 12219, 12308, 12622, 13281, 14369, 14500, 14615, 14706, 14821, 15495, 15793, 15819, 16255, 16378]
Iter#37 New set #2 of size 43 (18.5 its/hit = 0.000s/hit): seed=12469318041888968861 [450, 1182, 1583, 1953, 2291, 2310, 3344, 3694, 3806, 4093, 4467, 4678, 5046, 5199, 5304, 5541, 5873, 6924, 7033, 7223, 7550, 8492, 9078, 9133, 9877, 10161, 10278, 10292, 10472, 10648, 10689, 11519, 11655, 11713, 11787, 11907, 12312, 12841, 13366, 14058, 14659, 15934, 15940]
Iter#41 New set #3 of size 43 (13.7 its/hit = 0.000s/hit): seed=11070779198554575646 [225, 1593, 1738, 1987, 2368, 2578, 2635, 2777, 3911, 4303, 4526, 5325, 5481, 5879, 5889, 6442, 6944, 7037, 7262, 7463, 7820, 9991, 10092, 10957, 11263, 11333, 12098, 12134, 12184, 12753, 12888, 13025, 13150, 13512, 14016, 14074, 14317, 14479, 14684, 15142, 15196, 16092, 16220]
Iter#44 New set #4 of size 43 (11.0 its/hit = 0.000s/hit): seed=3545504146150295110 [1343, 1603, 1674, 1955, 2255, 2503, 3884, 4794, 5761, 5865, 6302, 6722, 6806, 6856, 7713, 7843, 7939, 8159, 8582, 9094, 9456, 9636, 9760, 10017, 10048, 12332, 12432, 12731, 13166, 13923, 14188, 14206, 14319, 14415, 14441, 14694, 14770, 14884, 15331, 15533, 15897, 16291, 16345]
Iter#67 New set #5 of size 43 (13.4 its/hit = 0.000s/hit): seed=6148291101029019163 [157, 533, 771, 1444, 1487, 2107, 2420, 2835, 3831, 4334, 4712, 4823, 4840, 4961, 5701, 6297, 7124, 7232, 7814, 7855, 7944, 8602, 9114, 9824, 10237, 10463, 10719, 10782, 11191, 11228, 11279, 11346, 12065, 12378, 12991, 13973, 14013, 14638, 15008, 15622, 15738, 15985, 16367]
Iter#70 New set #6 of size 43 (11.7 its/hit = 0.000s/hit): seed=3439359708749471062 [678, 775, 1067, 1081, 1759, 2771, 2882, 4129, 4496, 4713, 4755, 4969, 5098, 5642, 5842, 6109, 6491, 6675, 7267, 7407, 8188, 8336, 9358, 9745, 10056, 10441, 10490, 11459, 11725, 11994, 12946, 12949, 13127, 13271, 13872, 13975, 14367, 14904, 15036, 15218, 15387, 15811, 15858]
Iter#77 New set #7 of size 43 (11.0 its/hit = 0.000s/hit): seed=9177051683566840139 [51, 733, 867, 1017, 1383, 1394, 1561, 2957, 3188, 3810, 4138, 4870, 5705, 6101, 6634, 6720, 6914, 7184, 7354, 7656, 7784, 8054, 8326, 8363, 8606, 9601, 9606, 10306, 10472, 10736, 11254, 11528, 11714, 11742, 12114, 13488, 13619, 14386, 15148, 15265, 15315, 15624, 15734]
Iter#110 New set #8 of size 43 (13.8 its/hit = 0.000s/hit): seed=5395964760698615266 [306, 368, 430, 793, 816, 823, 1430, 1834, 2307, 2398, 2713, 3075, 3524, 3663, 3838, 4099, 5459, 5472, 6557, 6963, 7606, 8137, 8486, 8696, 9518, 9535, 9849, 10016, 10073, 10952, 11004, 11199, 11300, 11947, 12850, 13234, 13644, 14751, 14879, 14933, 15189, 15740, 15902]
Iter#117 New set #9 of size 43 (13.0 its/hit = 0.000s/hit): seed=10117913932929763811 [3, 58, 324, 1376, 1441, 1706, 3346, 3485, 3853, 5016, 5323, 5561, 5920, 6560, 6697, 7017, 7106, 7609, 7626, 8033, 8099, 8123, 8456, 8666, 8837, 9044, 9718, 10307, 10920, 10953, 11201, 12230, 12234, 12968, 13923, 14090, 14201, 14397, 14792, 15123, 15145, 15256, 16265]
Iter#157 New set #10 of size 43 (15.7 its/hit = 0.000s/hit): seed=477082373545453596 [120, 130, 467, 1012, 1036, 1306, 1550, 1957, 2075, 3174, 3176, 3723, 3803, 4113, 4381, 4462, 4678, 4721, 4753, 5907, 6713, 7165, 7183, 8336, 8401, 8494, 8886, 9028, 10032, 10548, 11582, 11810, 11946, 12096, 12218, 12974, 13493, 13547, 13746, 14370, 14643, 15121, 15574]
Iter#189 New set #1 of size 46 (189.0 its/hit = 0.000s/hit): seed=4336968219195654371 [103, 273, 669, 775, 1542, 1565, 1764, 2219, 2496, 3129, 3422, 3770, 4682, 4995, 5092, 5580, 5733, 5974, 6415, 6418, 6817, 7228, 7462, 7591, 7901, 8020, 8564, 10019, 10170, 10361, 11300, 11444, 11731, 12265, 12310, 12632, 12938, 12988, 13049, 13651, 14615, 14620, 14640, 15753, 16144, 16305]
Iter#261 New set #2 of size 46 (130.5 its/hit = 0.000s/hit): seed=12982803591229754182 [290, 463, 478, 562, 711, 927, 1074, 1646, 1875, 2077, 2497, 3745, 3954, 4024, 4186, 5698, 5827, 6195, 6937, 7272, 7576, 7927, 9509, 10077, 10339, 10351, 10431, 10610, 11186, 11633, 12082, 12091, 12111, 12238, 12541, 12820, 13441, 14147, 14479, 14535, 14591, 14606, 15255, 15281, 16001, 16336]
Iter#629 New set #3 of size 46 (209.7 its/hit = 0.000s/hit): seed=1264542737321210741 [144, 495, 911, 1124, 1257, 2626, 2634, 2710, 2807, 3392, 3860, 3891, 4085, 4483, 4670, 4955, 5213, 5557, 7295, 7429, 8286, 8932, 9027, 9155, 9473, 10004, 10411, 10606, 10689, 10754, 10854, 11224, 11393, 12112, 12212, 12587, 13808, 13893, 13901, 14423, 14558, 14735, 15362, 16109, 16338, 16360]
Iter#1256 New set #4 of size 46 (314.0 its/hit = 0.250s/hit): seed=13463193244651970364 [58, 102, 320, 335, 365, 2345, 2772, 3291, 3466, 3569, 3607, 3688, 4594, 5475, 5486, 5709, 6055, 6215, 6391, 6498, 6716, 6900, 7030, 7163, 8210, 8884, 9278, 9403, 9548, 9583, 9696, 10011, 10052, 10980, 11174, 11665, 12507, 12823, 12854, 12938, 13053, 13216, 14285, 14908, 15609, 16087]
Iter#1431 New set #5 of size 46 (286.2 its/hit = 0.200s/hit): seed=16771019933874047736 [240, 490, 763, 804, 808, 888, 969, 1709, 3695, 4328, 4519, 4869, 5348, 5516, 5785, 5970, 7084, 7223, 7523, 7950, 8680, 9042, 9444, 10276, 10437, 10493, 10501, 10626, 10872, 10895, 10901, 10980, 11042, 11046, 11342, 13061, 13236, 13257, 13911, 14346, 14561, 14648, 14670, 15159, 16308, 16313]
Iter#1485 New set #6 of size 46 (247.5 its/hit = 0.167s/hit): seed=16268025680948923214 [24, 315, 394, 712, 1030, 1522, 1814, 2651, 2663, 2868, 3676, 3720, 4339, 4386, 5573, 5801, 5841, 5862, 5965, 6078, 6275, 6294, 6893, 6954, 7171, 7444, 7546, 7617, 8543, 8684, 8718, 9206, 10309, 11467, 12040, 12143, 12354, 13228, 14298, 14554, 14696, 15210, 15257, 15543, 15575, 15855]
Iter#1676 New set #1 of size 49 (1676.0 its/hit = 1.000s/hit): seed=13800676248593172874 [500, 554, 858, 1262, 1555, 1859, 2021, 2269, 2381, 2547, 3637, 4355, 4417, 5167, 5765, 6680, 7221, 7398, 7650, 7987, 8151, 8631, 9244, 9257, 9267, 9411, 9499, 9651, 10011, 10032, 10344, 10713, 11440, 11605, 11688, 12266, 12268, 12364, 12844, 13273, 13358, 13424, 13597, 14320, 14639, 15056, 15169, 15294, 16263]
Iter#3063 New set #2 of size 49 (1531.5 its/hit = 1.500s/hit): seed=18360804516934303917 [215, 461, 1258, 1417, 1787, 2283, 2576, 2916, 2963, 3133, 3371, 3926, 4020, 4052, 4621, 5162, 5898, 6027, 6100, 6236, 6384, 6464, 6611, 7181, 7203, 7785, 8287, 8554, 8671, 9264, 9764, 10264, 10572, 11029, 11058, 11505, 11543, 11617, 12313, 12833, 12843, 12905, 14196, 14494, 14741, 14852, 14925, 15409, 16098]
Iter#3740 New set #1 of size 52 (3740.0 its/hit = 4.000s/hit): seed=4237930917547356728 [341, 762, 1553, 1763, 2069, 2576, 2577, 3104, 3205, 3639, 3950, 4101, 4149, 4656, 4853, 4902, 5071, 5459, 5828, 6493, 6976, 7355, 7566, 8136, 8218, 8846, 8942, 9291, 9588, 9916, 10128, 10740, 11168, 11291, 11372, 11726, 12228, 12311, 12570, 12843, 12927, 13093, 13244, 13449, 13584, 13818, 13819, 13836, 15112, 15190, 15426, 16342]
Iter#27784 New set #2 of size 52 (13892.0 its/hit = 15.500s/hit): seed=2010417413849737538 [388, 506, 550, 1403, 2324, 2375, 2744, 3159, 3573, 3743, 3807, 4042, 4096, 4144, 4381, 4516, 4541, 4803, 5309, 5401, 5571, 6608, 7273, 7535, 7638, 7677, 8451, 8973, 9079, 9275, 10421, 10564, 10719, 10766, 10991, 10998, 11129, 11218, 11608, 11637, 11761, 11797, 12516, 12533, 12580, 13495, 13633, 14052, 14070, 14928, 15736, 16237]
Iter#47932 New set #3 of size 52 (15977.3 its/hit = 18.000s/hit): seed=10007419746538493204 [534, 595, 738, 1016, 1061, 1106, 1262, 1422, 1902, 2293, 2581, 2898, 2906, 3609, 3839, 4812, 5555, 5636, 5815, 5948, 5995, 6360, 6641, 6816, 7058, 7104, 7681, 7705, 8195, 8330, 8483, 8529, 9161, 9266, 9431, 9637, 9915, 10424, 10728, 10755, 11347, 13031, 13108, 13283, 13400, 13719, 13830, 15133, 15470, 15761, 15903, 16317]
