[*] Computing DDT
[+] DDT Computed
DDT took 5.473949246s
Iter#1 New set #1 of size 32 (1.0 its/hit = 0.000s/hit): seed=2811629973507054603 [858, 1340, 1760, 2509, 3465, 3739, 4098, 4151, 5114, 5753, 5920, 6477, 6709, 10168, 10266, 10656, 11257, 11411, 11503, 11589, 11903, 12118, 12284, 12408, 12779, 13192, 14514, 14621, 14640, 14754, 15043, 15257]
Iter#2 New set #2 of size 32 (1.0 its/hit = 0.000s/hit): seed=12095417565818249522 [565, 1180, 1856, 2131, 2595, 3253, 3478, 3609, 4689, 5785, 6053, 6104, 6115, 6355, 6795, 6814, 6822, 8501, 8874, 8887, 9295, 9356, 9753, 10109, 10542, 10700, 11170, 12427, 14499, 14770, 15737, 16136]
Iter#3 New set #1 of size 33 (3.0 its/hit = 0.000s/hit): seed=15263831017847883145 [12, 252, 675, 1267, 1853, 1953, 2203, 3412, 4127, 6792, 6822, 7443, 7653, 7749, 8079, 8165, 9019, 9427, 9822, 10040, 10251, 10636, 10826, 11010, 11442, 11590, 11632, 11963, 11994, 12777, 14399, 15153, 15799]
Iter#5 New set #2 of size 33 (2.5 its/hit = 0.000s/hit): seed=14660926019170358634 [136, 146, 960, 1103, 1645, 1978, 3136, 3590, 4124, 5880, 5968, 6150, 6611, 8348, 8522, 8958, 9231, 9401, 9421, 9453, 10404, 10444, 10494, 10944, 11517, 11911, 11996, 13047, 14012, 14362, 14892, 15267, 15951]
Iter#6 New set #1 of size 34 (6.0 its/hit = 0.000s/hit): seed=17116526573186863541 [688, 1114, 1163, 1623, 1716, 2591, 2645, 3435, 4655, 4727, 5066, 5293, 5607, 5645, 5913, 6356, 6928, 7169, 7290, 7427, 7931, 8111, 8411, 8669, 9498, 9521, 9708, 11131, 12787, 13802, 14383, 14486, 14691, 14692]
Iter#11 New set #2 of size 34 (5.5 its/hit = 0.000s/hit): seed=17354721713122358781 [1655, 3007, 3843, 5077, 5767, 5782, 6427, 6835, 7391, 7458, 7684, 7820, 8126, 8383, 8603, 8737, 9481, 10044, 10407, 10928, 11662, 11940, 12051, 12454, 13179, 13327, 13505, 13863, 14541, 15137, 15347, 15826, 15831, 15862]
Iter#13 New set #3 of size 34 (4.3 its/hit = 0.000s/hit): seed=14442328525018891719 [485, 634, 1074, 1274, 1877, 1927, 2299, 2476, 2843, 3750, 4367, 4842, 7600, 8241, 8324, 8521, 9152, 9389, 9437, 9668, 10279, 10623, 11294, 11517, 11649, 11837, 12429, 12595, 12832, 13002, 14642, 15422, 15490, 15770]
Iter#15 New set #4 of size 34 (3.8 its/hit = 0.000s/hit): seed=3567166318985539180 [689, 1287, 1385, 1776, 1900, 2284, 4167, 5047, 5092, 5256, 5337, 6080, 6342, 6746, 7487, 7955, 8057, 8371, 8378, 8803, 8860, 10233, 10437, 10480, 11688, 12568, 12648, 13076, 13222, 13290, 15443, 15555, 15591, 16236]
Iter#18 New set #1 of size 35 (18.0 its/hit = 0.000s/hit): seed=13951660251833694152 [413, 1773, 2246, 2634, 2771, 2821, 3953, 4115, 4311, 4520, 4691, 4817, 6023, 6038, 6571, 7037, 7843, 8185, 8300, 8735, 8956, 9202, 9816, 10228, 10327, 10832, 11504, 11528, 12296, 12962, 13254, 13276, 13282, 13960, 15100]
Iter#24 New set #2 of size 35 (12.0 its/hit = 0.000s/hit): seed=1045448275036206913 [227, 393, 474, 1231, 1482, 2414, 2662, 3150, 3173, 4576, 4960, 6486, 6661, 6667, 7094, 7375, 7767, 8326, 8972, 9028, 9293, 10189, 10243, 10730, 11564, 11723, 12459, 12942, 13289, 14211, 15456, 15465, 15587, 15799, 16367]
Iter#25 New set #3 of size 35 (8.3 its/hit = 0.000s/hit): seed=2477842763876919803 [75, 312, 1174, 1429, 1937, 2353, 3385, 3702, 4243, 5236, 6351, 6664, 7495, 7617, 7757, 7794, 7926, 8278, 9087, 9242, 9451, 9551, 9760, 9789, 10122, 10506, 10546, 11325, 12094, 12429, 12813, 13295, 13588, 15136, 15707]
Iter#29 New set #1 of size 36 (29.0 its/hit = 0.000s/hit): seed=4733959597667468187 [147, 155, 234, 1138, 1182, 1978, 2647, 2989, 3425, 3493, 4960, 5013, 5057, 5136, 5749, 7602, 7611, 8012, 8847, 9068, 9278, 9304, 9658, 9808, 9822, 9896, 10300, 10399, 11392, 12986, 13252, 13405, 13992, 14257, 15370, 15639]
Iter#100 New set #2 of size 36 (50.0 its/hit = 0.000s/hit): seed=16094338344776956739 [84, 1218, 1463, 2043, 2853, 2998, 3019, 3142, 3145, 3593, 3705, 4522, 4578, 4733, 5130, 5473, 6191, 7012, 7700, 7946, 8330, 8546, 8742, 8951, 9610, 10672, 11042, 12269, 12312, 13176, 13338, 14227, 14596, 15022, 16227, 16317]
Iter#101 New set #3 of size 36 (33.7 its/hit = 0.000s/hit): seed=9518466788908965864 [107, 226, 258, 839, 1008, 1103, 1696, 2230, 2681, 3151, 3623, 3751, 4009, 4152, 4478, 4529, 4583, 5357, 5760, 6992, 7905, 8001, 8679, 8876, 9126, 9295, 10286, 10526, 10982, 11229, 14039, 14133, 14639, 14944, 15515, 16314]
Iter#171 New set #4 of size 36 (42.8 its/hit = 0.000s/hit): seed=6353449274200676901 [95, 806, 1802, 2150, 2214, 2362, 2455, 3337, 4075, 4314, 4424, 4510, 4784, 4878, 5234, 5278, 5348, 5960, 6457, 7455, 7892, 8244, 8819, 9078, 9663, 9817, 10562, 10696, 12500, 12967, 13029, 13454, 13890, 14136, 14652, 14941]
Iter#188 New set #5 of size 36 (37.6 its/hit = 0.000s/hit): seed=2012917389705241915 [595, 860, 1294, 1696, 2687, 2770, 2847, 3110, 3526, 3693, 4248, 4380, 4921, 5509, 7022, 7122, 7257, 7649, 8611, 8720, 10401, 10777, 11086, 11112, 11395, 11748, 12098, 12983, 13063, 13791, 14012, 14503, 15367, 15394, 15399, 16163]
Iter#212 New set #6 of size 36 (35.3 its/hit = 0.000s/hit): seed=8974795297543354495 [1733, 1901, 2619, 2884, 2917, 4063, 5277, 5392, 7127, 7354, 7462, 7593, 8181, 8572, 8743, 9266, 9364, 9664, 10323, 10537, 10707, 10766, 11965, 12071, 12385, 12485, 12971, 13128, 13546, 14296, 14618, 14829, 14890, 15415, 15481, 15901]
Iter#228 New set #7 of size 36 (32.6 its/hit = 0.000s/hit): seed=5132931328730129048 [394, 1182, 2260, 3906, 4389, 4424, 4623, 5534, 6350, 6530, 6884, 7423, 7721, 7916, 8490, 8676, 9646, 9707, 9913, 10321, 10435, 10612, 10760, 11578, 11674, 11926, 12256, 12278, 12370, 13585, 14155, 14384, 14893, 15724, 15939, 16354]
Iter#292 New set #8 of size 36 (36.5 its/hit = 0.000s/hit): seed=8622481793653943503 [800, 1120, 1205, 1256, 1312, 1876, 1933, 2798, 2812, 3498, 3750, 4836, 5236, 5676, 6131, 7369, 7509, 7626, 8003, 8154, 8676, 9349, 10067, 10221, 11091, 11333, 11350, 11607, 11992, 13230, 13392, 13959, 14201, 14265, 14869, 15326]
Iter#413 New set #9 of size 36 (45.9 its/hit = 0.000s/hit): seed=13875396424988337438 [398, 906, 909, 1156, 1279, 1354, 1638, 1920, 2349, 2415, 2581, 2607, 3149, 4964, 5295, 5467, 5489, 6931, 6981, 7044, 7190, 7917, 7964, 8681, 8951, 9862, 10390, 11800, 12096, 12500, 12605, 12755, 13775, 13936, 14916, 16011]
Iter#478 New set #10 of size 36 (47.8 its/hit = 0.000s/hit): seed=10236060587170465770 [79, 802, 1244, 1337, 2011, 2084, 2614, 2620, 2993, 3137, 3646, 3703, 4024, 4347, 4350, 4739, 4890, 5975, 6906, 7077, 7466, 7806, 7976, 8009, 8149, 8331, 8403, 8889, 11248, 14020, 14123, 14378, 14536, 15032, 15726, 16209]
Iter#831 New set #1 of size 37 (831.0 its/hit = 1.000s/hit): seed=6393945951859737983 [0, 126, 479, 599, 639, 797, 1092, 1587, 1593, 2736, 3105, 4174, 4722, 4947, 5037, 5896, 6006, 6898, 6939, 7403, 7428, 8545, 9900, 10828, 10851, 11178, 11365, 11784, 12393, 12430, 13714, 14183, 14467, 15251, 15841, 16294, 16347]
Iter#872 New set #1 of size 43 (872.0 its/hit = 1.000s/hit): seed=3445888231813230692 [0, 168, 647, 660, 740, 753, 1093, 1219, 1858, 2246, 2615, 2863, 2951, 3689, 4579, 4719, 4984, 5542, 5804, 5946, 6411, 6545, 7071, 7324, 7441, 7461, 7625, 8504, 8521, 9151, 9322, 9327, 9767, 12049, 12744, 13016, 13100, 13939, 14582, 14666, 14962, 15664, 16310]
Iter#2182 New set #2 of size 43 (1091.0 its/hit = 2.000s/hit): seed=10605342602610878878 [0, 139, 406, 623, 744, 1241, 1475, 2083, 2520, 2999, 3428, 4040, 4311, 4669, 5071, 5638, 5756, 6058, 6580, 6754, 7426, 8073, 8097, 8316, 9879, 10666, 11083, 11330, 11635, 11903, 12433, 12668, 12865, 12976, 13094, 13204, 13816, 13897, 14492, 14975, 15092, 16040, 16269]
Iter#5753 New set #3 of size 43 (1917.7 its/hit = 3.333s/hit): seed=5928051844099359478 [0, 266, 798, 1220, 2463, 3373, 3605, 3728, 3772, 4005, 4022, 4194, 4218, 4314, 4336, 4957, 5060, 5491, 5651, 5973, 6238, 7867, 8076, 8420, 8539, 9284, 9816, 10351, 11369, 11435, 11631, 12422, 12557, 12715, 12989, 13010, 13374, 13670, 13967, 14634, 15219, 15405, 15922]
Iter#7563 New set #4 of size 43 (1890.8 its/hit = 3.500s/hit): seed=8624743183766677496 [0, 879, 1223, 1302, 1336, 1397, 1544, 1657, 2737, 2760, 2949, 3402, 3977, 4069, 4267, 4376, 4443, 4583, 5023, 5229, 5608, 5722, 5795, 6669, 7383, 9293, 9794, 9862, 10057, 10491, 10589, 11249, 11324, 11402, 13392, 13434, 14290, 14301, 14640, 14870, 15262, 16135, 16341]
Iter#8705 New set #5 of size 43 (1741.0 its/hit = 3.200s/hit): seed=197456019648958346 [0, 223, 953, 1104, 1205, 1750, 2636, 2938, 3024, 4274, 4526, 4783, 5182, 6022, 6216, 6553, 6596, 6688, 6868, 7596, 7794, 8035, 8124, 8643, 8676, 9631, 9724, 10488, 11326, 11432, 11498, 11761, 11820, 12541, 13164, 13474, 13867, 14614, 15288, 15432, 15451, 15683, 15779]
Iter#13295 New set #6 of size 43 (2215.8 its/hit = 4.167s/hit): seed=4719982736102200724 [0, 87, 182, 2251, 2306, 2552, 3529, 3599, 3769, 3821, 5080, 5356, 5480, 5531, 5635, 5724, 6614, 7274, 7548, 8511, 8789, 9475, 9505, 9509, 9556, 10027, 10355, 10388, 10801, 11212, 12478, 12584, 12810, 13224, 14209, 14825, 14928, 15235, 15427, 15480, 15919, 16202, 16323]
Iter#15707 New set #7 of size 43 (2243.9 its/hit = 4.143s/hit): seed=8048721702203016458 [0, 140, 549, 1079, 1211, 1741, 2085, 2940, 3054, 3073, 3097, 4208, 4224, 4491, 4525, 5186, 5762, 6443, 6723, 7164, 7322, 7435, 7847, 8763, 8883, 9538, 9739, 10044, 10407, 10695, 10762, 10872, 10922, 11234, 11946, 12831, 13139, 13522, 13740, 13945, 14156, 14808, 15137]
Iter#17413 New set #8 of size 43 (2176.6 its/hit = 4.000s/hit): seed=15770796837645202542 [0, 1177, 1232, 1264, 1459, 1465, 2358, 2701, 3460, 3604, 3606, 4851, 5994, 6028, 6627, 6757, 7048, 7218, 8056, 8479, 8546, 8831, 10831, 10908, 10912, 11081, 11419, 11747, 11935, 11973, 12102, 12357, 13047, 13117, 13183, 13810, 13814, 13956, 14419, 14538, 14985, 15111, 15332]
Iter#18863 New set #9 of size 43 (2095.9 its/hit = 3.889s/hit): seed=11200580314235907776 [0, 541, 618, 849, 889, 1146, 1158, 1505, 1586, 2148, 2281, 2574, 4076, 4379, 4553, 5370, 5636, 6632, 6759, 6825, 7278, 7296, 7323, 7542, 7709, 7762, 7837, 8781, 9689, 10041, 11067, 12529, 12665, 12754, 12840, 13431, 14064, 14165, 14651, 15243, 15513, 16187, 16352]
Iter#20571 New set #10 of size 43 (2057.1 its/hit = 3.800s/hit): seed=4640272016984163160 [0, 11, 1111, 2350, 2884, 3071, 3918, 4145, 4533, 4571, 4716, 5691, 5872, 5945, 5963, 6102, 6946, 7390, 7439, 7878, 7931, 8232, 8417, 8669, 9166, 9388, 9550, 9727, 9951, 11050, 11137, 11963, 12273, 12296, 12602, 13445, 14052, 14334, 14450, 15240, 15280, 15507, 15512]
Iter#40778 New set #20 of size 43 (2038.9 its/hit = 3.850s/hit): seed=5822138748196611945 [0, 237, 474, 1477, 1841, 3132, 3467, 3621, 3723, 4255, 4289, 4625, 4813, 5067, 5183, 5692, 5789, 6128, 6552, 6986, 7242, 7823, 7921, 8576, 8600, 9179, 9391, 9412, 9675, 10588, 10673, 11439, 11856, 12575, 12803, 12889, 13735, 13961, 14338, 14565, 14995, 15398, 15443]
Iter#69409 New set #30 of size 43 (2313.6 its/hit = 4.400s/hit): seed=8689306498909477099 [0, 337, 825, 2353, 2828, 2895, 4283, 4648, 5517, 5680, 5911, 6503, 6879, 7303, 7356, 7367, 7715, 7735, 8000, 8171, 8190, 8286, 9692, 10450, 10469, 10676, 11541, 11581, 11796, 11830, 11983, 12031, 12309, 12687, 12763, 14053, 14306, 14543, 14850, 14903, 15063, 15577, 16047]
Iter#89476 New set #1 of size 46 (89476.0 its/hit = 170.000s/hit): seed=1536514253122668329 [0, 260, 382, 1425, 2315, 3194, 3374, 3450, 3464, 3749, 3759, 4228, 5605, 5607, 5764, 6345, 6840, 7110, 7607, 7702, 8079, 8089, 9039, 9647, 9680, 9983, 10166, 11975, 12061, 12400, 12420, 12484, 12883, 12953, 13213, 13540, 13611, 14230, 14439, 14569, 14649, 14913, 15180, 15550, 15626, 16093]
Iter#108370 New set #1 of size 55 (108370.0 its/hit = 206.000s/hit): seed=7561310581880878095 [0, 545, 665, 876, 981, 1351, 1410, 1540, 1602, 1774, 1804, 2377, 2687, 2716, 3109, 3274, 3284, 4855, 5363, 5553, 5849, 5945, 6032, 6054, 6465, 6505, 6683, 7596, 7641, 8669, 8676, 8786, 8897, 9014, 9274, 9392, 9658, 9769, 10005, 10655, 11377, 12041, 12077, 12542, 13209, 13841, 13920, 13930, 14012, 14052, 14836, 15045, 15232, 15432, 16211]
Iter#936709 New set #2 of size 55 (468354.5 its/hit = 909.500s/hit): seed=6820270813826648196 [0, 18, 434, 450, 634, 668, 685, 845, 860, 1718, 1804, 1964, 1994, 2008, 2243, 2405, 2659, 2958, 3078, 3159, 3266, 3583, 3998, 4362, 4502, 5031, 5050, 5142, 5321, 5472, 5809, 6003, 6351, 8301, 8733, 9014, 9274, 9387, 9484, 10034, 10128, 11601, 12203, 12366, 12483, 12514, 12985, 13581, 14251, 14635, 14932, 15510, 15541, 15652, 15933]
Iter#1004471 New set #3 of size 55 (334823.7 its/hit = 650.333s/hit): seed=15462636240841163556 [0, 291, 355, 1367, 1398, 1794, 1961, 2200, 2410, 2543, 2903, 3924, 4036, 4495, 4614, 5152, 5369, 5551, 5612, 5620, 5768, 6421, 6624, 6901, 7140, 7176, 7647, 7676, 7703, 7898, 8005, 8098, 8121, 8442, 9246, 9306, 9469, 9508, 10200, 10763, 10864, 11398, 12147, 12342, 12726, 12933, 13291, 13582, 13787, 14581, 14884, 15343, 15412, 15518, 15805]
Iter#1273649 New set #4 of size 55 (318412.2 its/hit = 619.250s/hit): seed=1282308754869896495 [0, 12, 327, 375, 394, 406, 433, 592, 604, 610, 730, 1097, 1433, 1859, 2052, 2139, 2513, 3184, 3475, 3851, 4141, 4234, 4458, 5043, 5811, 5917, 6138, 6186, 6286, 6493, 6813, 7881, 8164, 10008, 10107, 10122, 10252, 10984, 11192, 11885, 12581, 12976, 13094, 13099, 13238, 13411, 13825, 14588, 14659, 14704, 15362, 15392, 15795, 16063, 16326]
Iter#1352853 New set #1 of size 78 (1352853.0 its/hit = 2631.000s/hit): seed=13894915883285930592 [0, 116, 150, 235, 478, 590, 914, 1052, 1166, 1167, 1259, 1276, 1588, 1610, 2160, 2511, 2747, 2759, 3187, 3198, 3222, 3313, 3326, 3390, 3530, 3539, 4084, 4214, 4216, 4699, 4772, 4848, 5124, 5232, 5357, 5456, 5459, 5985, 5987, 6015, 6139, 6612, 6700, 7047, 7464, 7504, 7603, 8190, 8266, 8564, 8591, 9129, 9135, 9748, 9887, 10040, 10761, 11334, 11353, 11672, 11782, 12240, 12346, 12957, 13089, 13254, 13268, 13360, 13922, 13945, 14693, 15222, 15266, 15323, 15449, 15523, 16210, 16215]
