[*] Computing DDT
[+] DDT Computed
DDT took 5.343330682s
Iter#1 New set #1 of size 34 (1.0 its/hit = 0.000s/hit): seed=4928507741325959578 [181, 278, 1781, 1789, 1793, 2013, 2141, 2244, 2275, 2683, 2905, 3158, 3514, 3848, 4351, 4518, 4701, 5189, 6008, 6749, 6874, 7653, 9670, 10631, 10896, 10977, 13216, 13607, 13770, 14719, 15313, 15399, 15616, 15647]
Iter#2 New set #1 of size 36 (2.0 its/hit = 0.000s/hit): seed=13516794728396040078 [0, 74, 383, 494, 532, 564, 1860, 2155, 2194, 3033, 3194, 3442, 3863, 4273, 5804, 6927, 7087, 7169, 7525, 8474, 9049, 9639, 9954, 10001, 10170, 10326, 10862, 11298, 11376, 11461, 11479, 12687, 13616, 15120, 16019, 16297]
Iter#4 New set #1 of size 37 (4.0 its/hit = 0.000s/hit): seed=14976588587411915873 [645, 1314, 2109, 2446, 2562, 3001, 3667, 4298, 4554, 4656, 5241, 5594, 5798, 6741, 7249, 7749, 9090, 9364, 9566, 9638, 9724, 9838, 10129, 10150, 10159, 10739, 10811, 10942, 11121, 11380, 11435, 11474, 12528, 12632, 13631, 15101, 16114]
Iter#5 New set #2 of size 37 (2.5 its/hit = 0.000s/hit): seed=7182166570568401552 [1096, 1935, 2115, 2289, 2915, 2978, 3656, 3747, 4057, 4074, 4363, 4425, 4485, 4488, 5836, 7065, 7544, 7928, 8389, 8491, 9041, 9347, 9600, 10495, 10528, 12334, 12959, 13019, 13162, 13182, 13820, 13853, 14073, 14971, 15201, 15412, 15724]
Iter#6 New set #3 of size 37 (2.0 its/hit = 0.000s/hit): seed=15472679092726819226 [787, 1319, 2136, 2430, 2972, 3034, 3113, 3736, 4207, 4528, 4612, 4862, 5325, 5624, 6065, 6195, 6453, 6571, 7014, 7057, 7163, 7309, 7862, 8896, 9065, 9611, 9948, 10208, 10364, 11162, 11556, 12822, 13956, 13986, 14468, 14967, 16283]
Iter#11 New set #1 of size 40 (11.0 its/hit = 0.000s/hit): seed=7605356908652614168 [347, 737, 1271, 2145, 2267, 3660, 3774, 4822, 5341, 5996, 6017, 6580, 6934, 7086, 7516, 7983, 8529, 8910, 9241, 9481, 9484, 9571, 10472, 10919, 11154, 11430, 11721, 11971, 12159, 12332, 12611, 13042, 14118, 14296, 14988, 15157, 15232, 15299, 15724, 16007]
Iter#12 New set #1 of size 43 (12.0 its/hit = 0.000s/hit): seed=11036863929352874147 [39, 62, 302, 485, 644, 738, 1850, 3054, 3502, 3596, 3845, 4258, 5193, 5543, 5942, 6047, 6527, 7017, 7280, 7328, 7369, 7562, 7969, 8560, 8694, 8743, 8792, 9168, 10855, 11539, 12038, 12194, 12198, 12316, 12777, 13013, 13600, 13662, 13722, 13732, 14949, 15374, 15575]
Iter#49 New set #2 of size 43 (24.5 its/hit = 0.000s/hit): seed=2551327944628447490 [52, 664, 1455, 1685, 2169, 2860, 3419, 3811, 3878, 3914, 4171, 4964, 5507, 6289, 6326, 6405, 6420, 6586, 6655, 6853, 8037, 8203, 9321, 9449, 9838, 10080, 10261, 11787, 11890, 12507, 12640, 12683, 13555, 13754, 13885, 14023, 14034, 15006, 15023, 15140, 15201, 15344, 16043]
Iter#136 New set #3 of size 43 (45.3 its/hit = 0.000s/hit): seed=17869608233273985914 [252, 741, 1027, 1794, 1813, 2356, 2747, 3234, 3295, 3758, 3760, 3946, 4111, 4340, 4567, 4838, 5500, 6263, 6444, 6883, 7200, 7281, 7601, 7832, 8031, 8041, 8155, 8194, 9753, 11400, 12196, 12575, 12815, 12846, 13429, 13699, 14055, 14166, 14337, 15027, 15750, 15806, 16178]
Iter#141 New set #4 of size 43 (35.2 its/hit = 0.000s/hit): seed=3955872407082364319 [762, 1002, 1046, 1488, 1586, 1983, 2381, 2717, 3365, 4054, 4316, 4754, 4938, 5586, 6235, 6255, 6441, 6802, 7239, 7623, 8151, 8301, 8494, 8930, 9207, 9244, 9251, 10598, 11051, 11516, 11559, 11648, 12267, 13270, 13381, 13413, 14293, 14854, 15276, 15612, 15654, 15754, 16108]
Iter#156 New set #5 of size 43 (31.2 its/hit = 0.000s/hit): seed=10717852209145709652 [22, 241, 809, 926, 1030, 1071, 1125, 1511, 1672, 2196, 2283, 2554, 2843, 2949, 3665, 4963, 5278, 5360, 5719, 5762, 6369, 7185, 7548, 8691, 8732, 9308, 9938, 10589, 10767, 11136, 11360, 12049, 12227, 12290, 12565, 12795, 13477, 13492, 13896, 14019, 14742, 15898, 15902]
Iter#159 New set #6 of size 43 (26.5 its/hit = 0.000s/hit): seed=7417253713616266023 [15, 398, 754, 990, 1456, 1777, 2116, 2152, 2465, 2476, 2709, 3079, 3258, 3298, 4882, 5437, 5483, 5714, 5915, 7136, 7613, 8411, 8590, 9705, 10012, 10448, 11236, 11268, 12613, 12718, 12962, 13204, 13219, 13525, 13656, 13873, 13885, 14439, 14973, 15148, 15658, 16246, 16327]
Iter#164 New set #7 of size 43 (23.4 its/hit = 0.000s/hit): seed=12761990960848723465 [175, 706, 865, 980, 1138, 1183, 1383, 2112, 2304, 2367, 2486, 2497, 2775, 3613, 4756, 5397, 5425, 5549, 7424, 7440, 7645, 8370, 8436, 8689, 9529, 10049, 10774, 11062, 11087, 11698, 11853, 11928, 12765, 12896, 13413, 13577, 13832, 13973, 14211, 14523, 14616, 14839, 15070]
Iter#173 New set #8 of size 43 (21.6 its/hit = 0.000s/hit): seed=18177771041732993619 [556, 1936, 1978, 2730, 4413, 4785, 5071, 5255, 5740, 6115, 6173, 6472, 6564, 6589, 6787, 7043, 7756, 8852, 9575, 9583, 9901, 10030, 10116, 10147, 10409, 10851, 10860, 10949, 11016, 11522, 11661, 11878, 11904, 12356, 12413, 12792, 12881, 13899, 14379, 14389, 14490, 15579, 15582]
Iter#178 New set #9 of size 43 (19.8 its/hit = 0.000s/hit): seed=9470123658338097333 [144, 266, 960, 1615, 2826, 2932, 3062, 4317, 4813, 4905, 7263, 7422, 8241, 8311, 8385, 8403, 8426, 8612, 8917, 8927, 8965, 9147, 9541, 9624, 9994, 11016, 11030, 11472, 11763, 12308, 12484, 12908, 13038, 13090, 13244, 14153, 14564, 14775, 15423, 15809, 15824, 15997, 16296]
Iter#180 New set #10 of size 43 (18.0 its/hit = 0.000s/hit): seed=8870127979343424087 [150, 694, 777, 935, 1131, 1640, 3252, 4085, 4358, 4500, 5365, 5415, 5592, 5883, 6124, 6446, 6990, 7061, 7523, 7639, 7770, 7852, 8032, 8851, 9652, 9881, 9946, 10639, 11270, 11469, 11785, 11833, 11940, 12036, 13595, 13607, 14025, 14077, 15197, 15779, 16258, 16269, 16309]
Iter#354 New set #1 of size 46 (354.0 its/hit = 0.000s/hit): seed=10817079484146278564 [422, 525, 901, 1138, 1438, 1556, 2178, 3210, 3532, 4263, 4444, 4605, 4814, 4963, 5183, 5428, 5687, 6865, 7244, 7691, 7924, 8167, 8238, 8583, 9823, 10154, 10309, 10327, 10361, 10389, 10761, 10978, 11034, 11599, 11925, 12495, 12854, 13171, 13507, 13952, 14146, 14826, 15352, 15411, 15761, 16050]
Iter#465 New set #2 of size 46 (232.5 its/hit = 0.000s/hit): seed=6374987998672159755 [309, 992, 1017, 2067, 2117, 2294, 2615, 2875, 3093, 4466, 5006, 5017, 5030, 5223, 5610, 5629, 5675, 5815, 5881, 6154, 6673, 7200, 7761, 8182, 8273, 8368, 8515, 8679, 8806, 9210, 9355, 9489, 9745, 9961, 10241, 11893, 12113, 12467, 13017, 13033, 13807, 14174, 15706, 15868, 15917, 16120]
Iter#481 New set #3 of size 46 (160.3 its/hit = 0.000s/hit): seed=17725985250615379073 [166, 296, 303, 692, 1048, 1513, 2185, 2328, 2695, 2710, 3277, 3777, 4312, 4501, 4941, 5330, 5602, 7379, 7511, 7575, 8919, 9044, 9052, 9455, 9627, 9647, 9831, 9843, 10163, 10997, 11503, 12064, 12857, 13054, 13454, 13533, 13548, 13901, 14427, 15119, 15246, 15655, 15764, 15780, 16001, 16043]
Iter#839 New set #4 of size 46 (209.8 its/hit = 0.000s/hit): seed=12476151417688030641 [376, 808, 1248, 1260, 1539, 1814, 1929, 1994, 2565, 2975, 3783, 4197, 4359, 4408, 4654, 5329, 5403, 6084, 6306, 6670, 7018, 7137, 8202, 8568, 9263, 9445, 9790, 11128, 11142, 11229, 11606, 12308, 12651, 13129, 13610, 14488, 15056, 15122, 15245, 15429, 15544, 15622, 15801, 15897, 16051, 16090]
Iter#1356 New set #5 of size 46 (271.2 its/hit = 0.200s/hit): seed=12786294950296133437 [620, 1901, 2059, 2114, 2143, 2230, 2346, 2656, 2921, 3652, 3927, 4163, 4239, 4304, 4506, 4530, 5962, 6497, 6534, 6664, 6790, 6980, 7448, 8056, 8525, 8580, 8878, 9193, 9406, 10712, 11467, 12230, 12262, 12369, 12419, 12769, 12808, 13240, 13343, 14253, 14962, 15311, 15422, 15715, 16083, 16291]
Iter#1477 New set #6 of size 46 (246.2 its/hit = 0.167s/hit): seed=9379544686815520018 [561, 1053, 1148, 1180, 1293, 1453, 1604, 2036, 2052, 2122, 2187, 3656, 4662, 6523, 6577, 6688, 7234, 7358, 7519, 7600, 8340, 8411, 9234, 9289, 9463, 10394, 10438, 10536, 11015, 11086, 11485, 11748, 12134, 12196, 12336, 12740, 13022, 13117, 13647, 14187, 14860, 15012, 15089, 15393, 16057, 16201]
Iter#1644 New set #7 of size 46 (234.9 its/hit = 0.143s/hit): seed=10202653967934194439 [91, 152, 186, 511, 1559, 1962, 2320, 2464, 3170, 3322, 3844, 4031, 4335, 4474, 4550, 5088, 5121, 5400, 6064, 6177, 6503, 7799, 7814, 8056, 8600, 9317, 10266, 10481, 10490, 10806, 11335, 11468, 12386, 12991, 13691, 13950, 13984, 14293, 14310, 14505, 15010, 15023, 15724, 16104, 16179, 16244]
Iter#1816 New set #8 of size 46 (227.0 its/hit = 0.125s/hit): seed=17982785415905091425 [365, 567, 689, 1289, 1700, 1784, 1886, 2068, 2301, 2581, 2833, 3016, 3042, 3931, 4376, 5004, 5010, 5023, 5115, 5459, 5466, 5507, 5734, 5783, 7044, 7068, 7079, 7518, 8424, 8641, 9028, 9265, 9598, 9927, 10010, 10212, 10718, 11607, 12781, 13072, 14248, 14514, 14679, 14717, 15674, 16097]
Iter#1821 New set #9 of size 46 (202.3 its/hit = 0.222s/hit): seed=13433067970706801449 [102, 1222, 1413, 1886, 2081, 2086, 2394, 2425, 2617, 3113, 3149, 3271, 3352, 3372, 3507, 3521, 4023, 4114, 4588, 4880, 5363, 6413, 6421, 6740, 6824, 7370, 8448, 8956, 8968, 9299, 10366, 10379, 10674, 10807, 11142, 11639, 12088, 12361, 12598, 12804, 13347, 13587, 14187, 14653, 14911, 15675]
Iter#1942 New set #10 of size 46 (194.2 its/hit = 0.200s/hit): seed=10595979734391990388 [934, 1014, 1189, 1217, 1905, 2447, 3485, 3597, 3680, 3816, 3865, 4540, 4639, 5416, 5656, 5866, 6125, 6348, 6854, 7332, 7336, 7380, 7428, 7474, 7820, 7860, 8576, 8624, 9306, 9571, 9734, 10262, 10307, 10354, 12095, 12814, 13295, 13517, 14150, 14670, 15204, 15379, 15423, 15757, 15898, 15983]
Iter#3678 New set #20 of size 46 (183.9 its/hit = 0.200s/hit): seed=10208494836013042341 [173, 222, 244, 1164, 1215, 1435, 1768, 2502, 2841, 3216, 3402, 3534, 3646, 3657, 4263, 4558, 4933, 5091, 5489, 5614, 5819, 6273, 6360, 6691, 7388, 7897, 8263, 8596, 9275, 9708, 9837, 10353, 10355, 10793, 10993, 11219, 11320, 12102, 12456, 12865, 12907, 13734, 13762, 14786, 15296, 15893]
Iter#5227 New set #30 of size 46 (174.2 its/hit = 0.167s/hit): seed=4623719034506366796 [61, 247, 353, 992, 1476, 1565, 1595, 1627, 1812, 2103, 2420, 2454, 3049, 3155, 3180, 3290, 3804, 4527, 5419, 5939, 6505, 6699, 7364, 7572, 7745, 8096, 8207, 8293, 8958, 9143, 9970, 10782, 11001, 11015, 11188, 11277, 11958, 12318, 12351, 13316, 13413, 13627, 13883, 14131, 15142, 15820]
Iter#7372 New set #40 of size 46 (184.3 its/hit = 0.200s/hit): seed=4900187260824833022 [531, 2162, 2564, 3166, 3504, 3751, 3792, 4079, 4155, 4366, 5457, 5721, 5864, 6129, 6304, 6452, 6783, 6948, 6980, 7050, 7132, 7318, 7326, 7511, 7591, 8016, 9191, 10204, 10252, 10846, 11307, 11491, 12007, 12012, 12579, 12726, 13023, 13299, 13700, 13718, 14019, 14360, 15468, 15483, 15938, 16077]
Iter#8827 New set #50 of size 46 (176.5 its/hit = 0.180s/hit): seed=685586777548188178 [68, 102, 1631, 2220, 2365, 2761, 3019, 3171, 3306, 3643, 3713, 3785, 4708, 4925, 5002, 5011, 5103, 5595, 5969, 6028, 6230, 6268, 7060, 7160, 7465, 7640, 7723, 8149, 8590, 9221, 9678, 9766, 10025, 10257, 10284, 10529, 10531, 10857, 13682, 13730, 13779, 14280, 14487, 15149, 15179, 16338]
Iter#9838 New set #1 of size 78 (9838.0 its/hit = 10.000s/hit): seed=2964224305879353050 [133, 306, 645, 824, 830, 880, 1481, 1524, 1587, 2071, 2114, 2118, 2128, 2151, 2251, 2612, 2765, 3247, 3432, 3548, 4459, 4525, 4590, 4757, 5047, 5213, 5257, 5408, 5553, 5567, 5648, 5861, 5944, 6024, 6032, 6433, 6736, 6767, 7590, 7606, 7808, 7859, 8860, 9170, 9393, 9454, 9526, 9535, 9788, 9816, 9907, 10194, 10293, 10523, 10665, 10997, 11806, 11831, 12015, 12149, 12332, 12534, 12789, 12825, 12909, 13152, 13485, 13580, 14149, 14315, 14769, 14840, 15564, 15643, 15799, 15913, 16090, 16255]
