[*] Computing DDT
[+] DDT Computed
DDT took 5.613218281s
Iter#1 New set #1 of size 37 (1.0 its/hit = 0.000s/hit): seed=13257848166155413401 [76, 81, 840, 964, 1531, 2452, 2979, 3333, 4646, 4966, 5530, 6041, 6307, 7414, 7454, 7615, 7625, 7898, 8284, 9013, 9279, 9399, 9703, 9763, 10997, 12589, 12847, 13455, 13723, 14297, 14484, 14585, 15165, 15401, 15711, 16079, 16327]
Iter#2 New set #1 of size 38 (2.0 its/hit = 0.000s/hit): seed=8381833851099320551 [223, 358, 452, 2732, 3834, 3865, 4003, 4318, 4380, 4407, 4445, 5607, 5721, 5765, 6158, 6238, 6739, 7828, 8773, 8881, 9028, 9395, 9687, 9747, 10013, 10202, 10430, 10921, 11534, 11811, 11951, 12638, 13866, 14312, 14508, 14729, 14911, 15699]
Iter#5 New set #2 of size 38 (2.5 its/hit = 0.000s/hit): seed=14194297268645946296 [238, 1476, 2258, 3579, 3850, 4129, 4603, 4620, 5122, 5385, 5875, 6233, 7147, 7158, 7257, 7813, 7921, 8130, 8509, 9081, 9954, 10728, 10743, 11278, 11501, 11751, 12960, 13328, 14105, 14311, 14355, 14742, 14808, 14817, 14869, 15050, 15063, 15627]
Iter#11 New set #3 of size 38 (3.7 its/hit = 0.000s/hit): seed=1679103087324940089 [44, 346, 903, 1728, 1891, 2022, 2351, 3715, 3889, 4017, 4508, 4552, 4772, 5887, 6340, 6995, 7407, 7466, 7627, 10551, 10568, 10846, 11670, 11782, 11819, 12394, 13812, 13986, 14105, 14142, 14220, 14548, 14574, 14614, 15682, 15792, 16132, 16311]
Iter#17 New set #4 of size 38 (4.2 its/hit = 0.000s/hit): seed=1935812886102067506 [143, 231, 1013, 1849, 1908, 2990, 3567, 3813, 4002, 4117, 5039, 5088, 5144, 5401, 5850, 5862, 6022, 7274, 7311, 8665, 9725, 9736, 10197, 11382, 11775, 13405, 13501, 13655, 13800, 13853, 14815, 14880, 14991, 15405, 15887, 15918, 16006, 16043]
Iter#20 New set #1 of size 39 (20.0 its/hit = 0.000s/hit): seed=14781927947386462956 [47, 1122, 1247, 1848, 1933, 3067, 3629, 4583, 4676, 5142, 5298, 5739, 5919, 7066, 7273, 7276, 7330, 8142, 8342, 8372, 8900, 8903, 9255, 9660, 10158, 10762, 11089, 12274, 12659, 13923, 14013, 14414, 14512, 14525, 14533, 15116, 15269, 15412, 15732]
Iter#82 New set #2 of size 39 (41.0 its/hit = 0.000s/hit): seed=17640305945420113318 [1091, 1237, 1586, 2405, 2488, 2938, 2968, 3133, 3366, 4099, 4248, 4898, 5063, 5069, 5106, 5392, 5857, 5867, 6073, 6106, 6865, 9083, 9333, 10649, 11033, 11563, 12441, 12997, 13644, 13958, 13982, 14299, 14395, 14490, 14707, 15264, 15606, 15881, 16355]
Iter#89 New set #3 of size 39 (29.7 its/hit = 0.000s/hit): seed=2456814192518470805 [391, 485, 885, 945, 1151, 2159, 2327, 2659, 2695, 2913, 3095, 3271, 4984, 5267, 5346, 5798, 5987, 7021, 7669, 8385, 9244, 9838, 9857, 10811, 11276, 11415, 11665, 12182, 12414, 12579, 12899, 14726, 14973, 15220, 15494, 15501, 15835, 16011, 16321]
Iter#90 New set #4 of size 39 (22.5 its/hit = 0.000s/hit): seed=1740603028510931774 [112, 489, 718, 1091, 1734, 1978, 2224, 2606, 3001, 3219, 3459, 3546, 3863, 4166, 4548, 4842, 6149, 6272, 6514, 6755, 6858, 7239, 8017, 9405, 9484, 9947, 10520, 11046, 11096, 11227, 11628, 11971, 12575, 14088, 14111, 14307, 14753, 15004, 16204]
Iter#112 New set #5 of size 39 (22.4 its/hit = 0.000s/hit): seed=11294289955082807360 [36, 353, 516, 1900, 2603, 2697, 2980, 3157, 3213, 3436, 3616, 4218, 4495, 6175, 7460, 7642, 8194, 8600, 9134, 9246, 9843, 10792, 10804, 10819, 10827, 10847, 11725, 12019, 12311, 12602, 12731, 13936, 14034, 14090, 14245, 14658, 15426, 15887, 16199]
Iter#138 New set #6 of size 39 (23.0 its/hit = 0.000s/hit): seed=2448955181169368891 [95, 588, 600, 1319, 1521, 1575, 2011, 2659, 3417, 3474, 4082, 5134, 5201, 5476, 6185, 6514, 6644, 6996, 7299, 7906, 8298, 8363, 8450, 8544, 8611, 9199, 9484, 9552, 9738, 9760, 10184, 10869, 11018, 11525, 12027, 12920, 12931, 13451, 14217]
Iter#141 New set #7 of size 39 (20.1 its/hit = 0.000s/hit): seed=9898508466385710796 [801, 985, 1590, 1610, 1794, 2214, 3447, 3729, 4469, 4692, 4717, 4747, 4756, 4758, 6004, 6318, 7324, 7430, 7566, 7780, 8518, 8601, 8816, 9382, 9710, 9762, 9792, 10330, 10340, 10552, 11131, 12640, 12843, 12947, 12958, 14639, 14783, 14862, 15079]
Iter#167 New set #1 of size 40 (167.0 its/hit = 0.000s/hit): seed=11216240627526558202 [209, 399, 1098, 1126, 1938, 2344, 2750, 2774, 3761, 4217, 4755, 5102, 5560, 5771, 6650, 6907, 7942, 8878, 8910, 9236, 10020, 10043, 10718, 11389, 11621, 11674, 11825, 11891, 12184, 12295, 12521, 12944, 12956, 13132, 13682, 14209, 14370, 14597, 16040, 16172]
Iter#174 New set #2 of size 40 (87.0 its/hit = 0.000s/hit): seed=12528452917173367578 [136, 239, 709, 1246, 3561, 4024, 4192, 4337, 4929, 5038, 5626, 5999, 6140, 6163, 6697, 6997, 7483, 7675, 8425, 9142, 9144, 9379, 9416, 9934, 10157, 10790, 11011, 11236, 11520, 11792, 11999, 12031, 12098, 13053, 13587, 14586, 15318, 15697, 15806, 16313]
Iter#264 New set #3 of size 40 (88.0 its/hit = 0.000s/hit): seed=10701624478246892722 [2004, 2064, 2352, 2419, 3886, 4052, 4350, 4530, 4702, 5211, 5229, 5322, 5736, 5832, 6630, 6734, 6888, 7715, 8229, 8322, 8353, 8363, 9375, 9837, 10061, 10339, 10386, 11026, 11186, 11306, 11543, 12677, 13020, 13075, 13338, 14438, 15052, 15574, 15954, 16043]
Iter#312 New set #4 of size 40 (78.0 its/hit = 0.000s/hit): seed=6962648129046557214 [500, 962, 1203, 2314, 3309, 4385, 4574, 5222, 5280, 5317, 5334, 5659, 6187, 6283, 6426, 6609, 6773, 6896, 6946, 8261, 8482, 8514, 9398, 9703, 10088, 10501, 11432, 11708, 11826, 12545, 12641, 12663, 13347, 13719, 14507, 14542, 15517, 15803, 15934, 16357]
Iter#323 New set #5 of size 40 (64.6 its/hit = 0.000s/hit): seed=9249653513504840749 [291, 633, 1369, 1943, 2873, 3701, 3704, 4053, 4346, 4762, 4782, 5104, 5542, 5551, 5718, 6233, 6400, 6889, 7387, 7702, 8332, 8740, 8917, 9181, 9537, 9598, 10659, 11424, 11982, 12282, 12396, 12411, 12498, 13195, 13724, 14056, 14452, 14662, 15185, 15886]
Iter#347 New set #6 of size 40 (57.8 its/hit = 0.000s/hit): seed=3098998047722514811 [64, 425, 491, 614, 1184, 1216, 1289, 1824, 1949, 2202, 2583, 3209, 3636, 3836, 4452, 5915, 6640, 6861, 6912, 7162, 7693, 8280, 8429, 8540, 9368, 9385, 10238, 10386, 10926, 11928, 12100, 12829, 13236, 13316, 14013, 14100, 14997, 15108, 15957, 16373]
Iter#379 New set #7 of size 40 (54.1 its/hit = 0.000s/hit): seed=4732266693237315825 [427, 553, 776, 816, 827, 1476, 2093, 2268, 2355, 2438, 2731, 3319, 3776, 4147, 5223, 5275, 5424, 6045, 6408, 7350, 7453, 9001, 9082, 9817, 9918, 10655, 10825, 11715, 12173, 13367, 13749, 14139, 14449, 14507, 14549, 14743, 14886, 15017, 16108, 16219]
Iter#388 New set #8 of size 40 (48.5 its/hit = 0.000s/hit): seed=8465434935599889208 [327, 579, 611, 939, 1375, 2244, 2748, 3192, 3822, 4251, 4505, 4658, 5036, 5145, 5578, 6239, 6420, 6731, 7200, 7958, 8079, 8181, 8193, 8238, 9130, 9381, 9529, 11361, 11942, 12209, 12301, 12558, 12696, 12851, 13302, 13374, 14548, 15363, 15610, 16152]
Iter#406 New set #9 of size 40 (45.1 its/hit = 0.000s/hit): seed=5659425087024781322 [355, 1227, 1343, 1393, 1394, 1694, 1870, 2784, 2845, 2920, 2980, 3406, 4523, 4889, 5294, 5560, 5581, 5582, 6814, 7530, 7626, 8736, 8955, 9112, 9286, 10437, 10513, 10611, 11238, 12378, 12747, 12803, 13909, 14134, 14866, 14952, 14953, 15296, 16098, 16127]
Iter#416 New set #10 of size 40 (41.6 its/hit = 0.000s/hit): seed=13169255474872120053 [147, 894, 1138, 1199, 1610, 1707, 1740, 2285, 2324, 2579, 3790, 3878, 3905, 4010, 4031, 5346, 5551, 6550, 7569, 8170, 8319, 8897, 9348, 9503, 9619, 10130, 10301, 10582, 10765, 11074, 12119, 12121, 12481, 12639, 13484, 13740, 13930, 14805, 15589, 16254]
Iter#468 New set #1 of size 45 (468.0 its/hit = 0.000s/hit): seed=10704629573340025086 [817, 901, 986, 1048, 1390, 1875, 2575, 2845, 2952, 3287, 3340, 3404, 3798, 3876, 3984, 4640, 4643, 6462, 6887, 7541, 8013, 8192, 8238, 8646, 8732, 9270, 9430, 9580, 11174, 11466, 11475, 11545, 11885, 12048, 12222, 12235, 12557, 13572, 13754, 14069, 15028, 15817, 15848, 16082, 16116]
Iter#986 New set #1 of size 46 (986.0 its/hit = 1.000s/hit): seed=11089018732619414668 [0, 847, 1022, 1085, 1466, 1505, 1542, 1591, 1826, 1833, 1987, 2882, 4023, 4354, 4379, 4758, 4936, 5217, 5370, 6573, 6928, 7355, 7463, 7508, 9425, 10482, 11086, 11119, 11148, 11511, 11575, 11658, 12179, 12200, 12240, 12631, 12707, 13225, 13466, 13553, 13843, 14270, 14325, 14841, 16042, 16096]
Iter#2242 New set #1 of size 49 (2242.0 its/hit = 4.000s/hit): seed=9988279902699711550 [0, 16, 771, 1304, 1381, 1476, 1731, 2547, 3134, 3440, 3810, 3888, 4279, 4422, 4462, 4798, 5132, 5177, 5574, 5829, 6790, 8374, 8549, 8590, 9114, 9377, 9871, 10213, 10367, 10503, 10671, 11336, 11466, 11696, 11898, 12183, 13020, 13064, 13361, 13455, 13585, 14503, 14519, 15190, 15475, 15615, 15950, 15992, 16148]
Iter#14059 New set #2 of size 49 (7029.5 its/hit = 13.000s/hit): seed=7209357678137595945 [0, 49, 308, 1359, 1401, 1675, 2109, 3104, 4176, 4642, 4646, 4932, 5234, 5424, 5569, 5623, 5693, 5826, 5851, 6537, 6687, 6938, 7729, 7765, 7899, 8274, 8302, 8839, 9222, 9288, 10246, 10278, 10748, 11010, 11131, 11933, 13721, 13934, 13978, 13995, 14285, 15085, 15118, 15277, 15321, 15808, 15815, 16009, 16137]
