[*] Computing DDT
[+] DDT Computed
DDT took 5.596916091s
Iter#1 New set #1 of size 34 (1.0 its/hit = 0.000s/hit): seed=2244288654275233925 [427, 1627, 1934, 2054, 3258, 3560, 3635, 4056, 4217, 4245, 4577, 4844, 5677, 6843, 7136, 7169, 7618, 7662, 8027, 8632, 8828, 8991, 10551, 10999, 11856, 13725, 13835, 13840, 13972, 14286, 14907, 15002, 15415, 15436]
Iter#5 New set #1 of size 39 (5.0 its/hit = 0.000s/hit): seed=12856091299348743458 [1491, 1934, 1947, 2382, 3455, 4455, 4685, 5097, 5860, 6677, 6704, 7187, 8022, 8362, 8403, 9896, 10150, 10164, 10264, 10307, 10391, 11085, 11317, 11735, 12061, 12653, 12948, 13103, 13138, 13615, 14153, 14223, 14503, 14786, 15008, 15034, 15779, 15797, 16007]
Iter#31 New set #1 of size 40 (31.0 its/hit = 0.000s/hit): seed=10867566161289722888 [870, 957, 1015, 1574, 2198, 2505, 3042, 3958, 4290, 4884, 4937, 5151, 5613, 6514, 6666, 6693, 7863, 8026, 8403, 8674, 9834, 10636, 10655, 11283, 11493, 11790, 12178, 12424, 13356, 13670, 14314, 14394, 14719, 15156, 15375, 15519, 15547, 15971, 15983, 16068]
Iter#431 New set #2 of size 40 (215.5 its/hit = 0.500s/hit): seed=10406537442472894907 [12, 142, 1591, 2002, 2012, 2185, 2197, 3073, 3340, 3371, 3697, 4291, 4531, 5049, 5245, 5552, 5592, 6293, 6745, 6748, 6871, 6982, 8188, 8642, 9435, 9609, 10261, 10496, 10742, 11588, 11803, 11999, 14029, 14805, 14920, 15562, 15599, 15827, 16230, 16380]
Iter#1079 New set #3 of size 40 (359.7 its/hit = 0.667s/hit): seed=10579283587121700394 [701, 1215, 1335, 1714, 1762, 2192, 2421, 2693, 2847, 2905, 3248, 4395, 4770, 5102, 5310, 6986, 7392, 7467, 7605, 8210, 8452, 8647, 8930, 9331, 10347, 10431, 10437, 10600, 10720, 10923, 11028, 12456, 12559, 12611, 13443, 13508, 13736, 14043, 14417, 14798]
Iter#1787 New set #4 of size 40 (446.8 its/hit = 1.000s/hit): seed=13825355384700817432 [1353, 1783, 3124, 3177, 3321, 3864, 4332, 4421, 4750, 4760, 4920, 5480, 5649, 5871, 6392, 6480, 7275, 7950, 8616, 8650, 8814, 9014, 9521, 9722, 9902, 9922, 10068, 10117, 10457, 11429, 12722, 13578, 13718, 13969, 14407, 14564, 14978, 15650, 16062, 16195]
Iter#3056 New set #5 of size 40 (611.2 its/hit = 1.400s/hit): seed=10703122416760735925 [266, 917, 1290, 1558, 1740, 1880, 2210, 2871, 2985, 3178, 3706, 4624, 4642, 5236, 5392, 6246, 6293, 6400, 7364, 8166, 8801, 8918, 9125, 9459, 9487, 9947, 10006, 10018, 10202, 10952, 11292, 12037, 13743, 14088, 14285, 14721, 14835, 15632, 16313, 16366]
Iter#3702 New set #6 of size 40 (617.0 its/hit = 1.500s/hit): seed=12451923028446075930 [445, 560, 1000, 1193, 1398, 2537, 2591, 3273, 3535, 3846, 4289, 4295, 4988, 5058, 6466, 7514, 7877, 8075, 8177, 8481, 8579, 9339, 9576, 9745, 10424, 10920, 11021, 11051, 11065, 11502, 12590, 12770, 12811, 12881, 13244, 14865, 14998, 15190, 15683, 16100]
Iter#3726 New set #7 of size 40 (532.3 its/hit = 1.286s/hit): seed=11697363737927349218 [923, 1976, 2138, 2422, 2921, 3072, 3342, 3414, 4080, 4160, 4369, 4767, 4830, 4976, 7111, 7606, 7805, 8210, 8714, 8754, 9421, 9823, 9837, 10000, 10174, 10881, 10997, 10998, 11537, 12485, 12568, 12632, 13281, 13309, 14085, 14124, 14753, 14808, 15994, 16367]
Iter#3951 New set #1 of size 41 (3951.0 its/hit = 9.000s/hit): seed=4974057110038598393 [23, 381, 520, 976, 1409, 1526, 1528, 2863, 2990, 2992, 3000, 3484, 3798, 4017, 5248, 5299, 5456, 6242, 6254, 6267, 6654, 6845, 7200, 7740, 8008, 8509, 8549, 10605, 11551, 11873, 12199, 12882, 13269, 13587, 13713, 13859, 14496, 14535, 15385, 15766, 16017]
Iter#4250 New set #1 of size 52 (4250.0 its/hit = 10.000s/hit): seed=12857141624340497032 [70, 169, 222, 567, 615, 1238, 1718, 2189, 2866, 2940, 3063, 3472, 3588, 3951, 3960, 4292, 4448, 4959, 5296, 6320, 6454, 6516, 6978, 7334, 7741, 7823, 8198, 8334, 8366, 8395, 8844, 8894, 8952, 9352, 10497, 10848, 11239, 11523, 11557, 11607, 11680, 11986, 12049, 12076, 12544, 12566, 13485, 14829, 14923, 15062, 15133, 15835]
