[*] Computing DDT
[+] DDT Computed
DDT took 5.624010374s
Iter#1 New set #1 of size 34 (1.0 its/hit = 0.000s/hit): seed=3535258456602295767 [1375, 1612, 1816, 2739, 3125, 3516, 4848, 5135, 5378, 5889, 6273, 6451, 7706, 8089, 8098, 9016, 10219, 10472, 10774, 10782, 11052, 11484, 11532, 11754, 11971, 12262, 12785, 13467, 13518, 13873, 15031, 15058, 15211, 15374]
Iter#2 New set #2 of size 34 (1.0 its/hit = 0.000s/hit): seed=12348861732032293523 [196, 998, 1695, 1837, 2249, 2646, 2787, 2974, 4079, 4821, 5165, 5746, 5897, 6609, 6998, 7018, 7424, 7461, 7868, 7878, 7929, 7937, 7942, 8013, 9489, 9544, 9826, 9911, 10845, 11740, 11819, 13362, 13693, 15745]
Iter#4 New set #3 of size 34 (1.3 its/hit = 0.000s/hit): seed=8944560986369602322 [1243, 1597, 1644, 3719, 3778, 4400, 4718, 4900, 5232, 5649, 7113, 7293, 7891, 8067, 8135, 8278, 8284, 8963, 9179, 10015, 10386, 10563, 10903, 11035, 11502, 11983, 13123, 14087, 14648, 14730, 15501, 16065, 16170, 16377]
Iter#6 New set #4 of size 34 (1.5 its/hit = 0.000s/hit): seed=14812641147319698198 [82, 369, 630, 935, 1574, 4070, 4676, 5683, 5928, 6208, 6330, 6581, 6915, 7279, 8072, 8263, 8352, 9166, 9609, 9697, 9716, 10132, 11599, 12295, 12382, 12630, 13228, 13741, 13930, 14164, 14564, 14892, 16247, 16290]
Iter#10 New set #1 of size 35 (10.0 its/hit = 0.000s/hit): seed=1053949616475158236 [869, 1083, 1292, 2052, 2707, 2873, 3105, 3147, 3629, 3995, 4276, 4592, 5040, 5549, 5652, 6055, 6096, 6670, 7568, 7794, 7859, 9477, 10920, 11062, 11454, 12390, 12505, 12739, 13113, 13407, 14202, 14238, 15359, 15620, 15689]
Iter#34 New set #2 of size 35 (17.0 its/hit = 0.000s/hit): seed=4079080290399321596 [65, 276, 1123, 1530, 1929, 2804, 2882, 4577, 4680, 6058, 6725, 7326, 7399, 8036, 8174, 8625, 9170, 10408, 10818, 10911, 11361, 11733, 11765, 12130, 12328, 12419, 12455, 12462, 12904, 13343, 13704, 14584, 15523, 15649, 16257]
Iter#60 New set #3 of size 35 (20.0 its/hit = 0.000s/hit): seed=7997413373308223887 [1127, 1463, 1704, 3082, 3438, 5630, 5730, 6659, 7204, 7403, 7456, 7572, 7974, 8149, 8471, 8751, 9096, 9152, 9242, 9713, 9761, 10561, 10626, 10781, 12639, 12856, 13010, 13308, 13792, 14756, 14863, 14929, 15044, 15472, 15570]
Iter#63 New set #1 of size 36 (63.0 its/hit = 0.000s/hit): seed=10611499388293541287 [84, 804, 816, 850, 2307, 2745, 3139, 3595, 4498, 5026, 5413, 5680, 6720, 6939, 8055, 8394, 8444, 8660, 8689, 8704, 8766, 8769, 8797, 8878, 9275, 10712, 10865, 10908, 11157, 11509, 12534, 12806, 12851, 15139, 15568, 15767]
Iter#76 New set #2 of size 36 (38.0 its/hit = 0.000s/hit): seed=10617634450043688259 [163, 1073, 1384, 1419, 1431, 1820, 1960, 2740, 3963, 4622, 4827, 5059, 5079, 6521, 7442, 8246, 9212, 9347, 9854, 10254, 10314, 10347, 11512, 11568, 11606, 12630, 14197, 14246, 14472, 14848, 15848, 15895, 15981, 16135, 16257, 16383]
Iter#84 New set #3 of size 36 (28.0 its/hit = 0.000s/hit): seed=4823133596580406286 [142, 607, 751, 798, 1009, 1647, 2221, 3431, 3780, 4189, 4328, 5298, 6797, 7576, 7746, 8178, 8520, 9327, 9960, 10801, 11041, 11774, 11913, 12010, 12073, 12378, 12508, 13252, 13968, 14427, 14722, 14956, 15041, 15172, 15870, 16074]
Iter#102 New set #1 of size 37 (102.0 its/hit = 0.000s/hit): seed=17478313343678206677 [1167, 2820, 3047, 3896, 4076, 4139, 4190, 4655, 5464, 5604, 6293, 7132, 7353, 7444, 7445, 7655, 7906, 8401, 8890, 9577, 9797, 10955, 11265, 11776, 12593, 12834, 13036, 13112, 13726, 14144, 14214, 14505, 14762, 15020, 15038, 15084, 15086]
Iter#111 New set #2 of size 37 (55.5 its/hit = 0.000s/hit): seed=9225836642182321991 [0, 4, 163, 176, 515, 1091, 2987, 3060, 3462, 3879, 3991, 4299, 5094, 5256, 5507, 6408, 6824, 6923, 7153, 7435, 7776, 8604, 8605, 9073, 10407, 10856, 11579, 13107, 13342, 13740, 14026, 14100, 14263, 14488, 14809, 15955, 15959]
Iter#467 New set #1 of size 40 (467.0 its/hit = 0.000s/hit): seed=16209620461885636257 [0, 208, 1348, 1420, 1666, 3095, 3476, 3508, 4597, 4997, 5052, 5164, 5260, 5438, 5522, 5596, 6088, 6584, 7384, 7543, 7591, 8082, 8902, 9602, 9662, 9707, 9920, 10114, 10335, 11305, 11546, 11928, 12918, 13138, 14534, 14682, 14868, 15297, 15836, 15949]
Iter#552 New set #2 of size 40 (276.0 its/hit = 0.500s/hit): seed=12066306126518115927 [0, 372, 420, 1213, 1305, 1374, 2626, 3513, 4034, 4121, 4158, 4708, 4886, 5390, 5604, 6237, 6334, 6378, 6425, 6602, 6856, 6860, 7239, 8137, 8646, 9053, 9399, 9801, 10527, 10570, 10804, 11076, 11097, 12689, 13008, 13453, 13904, 14416, 14708, 15453]
Iter#842 New set #1 of size 43 (842.0 its/hit = 1.000s/hit): seed=7213045440314781674 [0, 130, 999, 1544, 2114, 2227, 2834, 3214, 4194, 4267, 5350, 5400, 5795, 5814, 6543, 6581, 6970, 8420, 8665, 8743, 9045, 9135, 10602, 10647, 10672, 11244, 11945, 12178, 12322, 12422, 12931, 13395, 13480, 13901, 14616, 14746, 14880, 15041, 15505, 16134, 16138, 16193, 16246]
Iter#1669 New set #2 of size 43 (834.5 its/hit = 1.500s/hit): seed=7076310049977341791 [0, 744, 1523, 1564, 2119, 2239, 2256, 2766, 2903, 3502, 3806, 4179, 4604, 4898, 4992, 5044, 5711, 5768, 5841, 6022, 7369, 7647, 7726, 8747, 8927, 9093, 10090, 10553, 11066, 11326, 11509, 11684, 12229, 12668, 13114, 13204, 13230, 14989, 15229, 15230, 15288, 15894, 15929]
Iter#8465 New set #3 of size 43 (2821.7 its/hit = 5.333s/hit): seed=7994335124584815673 [0, 46, 236, 1411, 1697, 2214, 2643, 3176, 3272, 3302, 3336, 3753, 3957, 4104, 4209, 5723, 5815, 6359, 7869, 7971, 8071, 8468, 8911, 9208, 9233, 9309, 9326, 9512, 10272, 10891, 11048, 11591, 11842, 12572, 13306, 13580, 14008, 14094, 14353, 14597, 15206, 15494, 15579]
Iter#15196 New set #4 of size 43 (3799.0 its/hit = 7.250s/hit): seed=11399158338887434404 [0, 393, 436, 1319, 1423, 2059, 2252, 2373, 2800, 3119, 3181, 4333, 4377, 4633, 4673, 4869, 5308, 5424, 6645, 6730, 8010, 9287, 9922, 10216, 10989, 11143, 11703, 11933, 12236, 12498, 13053, 13140, 13482, 13813, 14007, 15006, 15066, 15189, 15277, 15370, 15806, 15829, 16090]
Iter#16884 New set #5 of size 43 (3376.8 its/hit = 6.400s/hit): seed=15430629706882549349 [0, 343, 822, 898, 907, 1515, 1573, 1749, 1801, 3145, 3293, 4037, 4172, 4331, 4713, 5433, 6018, 6911, 7386, 7482, 7692, 8847, 9231, 9583, 9606, 10394, 10701, 11210, 11308, 11309, 11338, 11640, 12198, 12232, 12394, 13674, 13700, 13821, 14015, 14401, 14624, 14627, 15456]
Iter#17093 New set #6 of size 43 (2848.8 its/hit = 5.500s/hit): seed=13872814252843450689 [0, 2, 338, 1289, 1353, 1546, 1570, 2032, 2153, 2602, 3546, 3728, 3762, 4023, 4612, 5482, 6708, 6796, 8061, 8734, 8981, 9276, 10353, 10531, 10716, 10960, 11493, 12246, 12631, 12951, 12989, 13929, 13951, 14261, 14548, 14611, 15386, 15397, 15405, 16096, 16253, 16255, 16348]
Iter#17359 New set #7 of size 43 (2479.9 its/hit = 4.714s/hit): seed=6774395088496287302 [0, 546, 788, 2116, 2463, 2512, 2708, 3345, 3733, 4278, 4334, 4578, 4833, 4962, 4978, 5026, 5414, 5651, 5892, 6841, 7779, 7955, 8076, 9260, 9427, 9940, 10829, 10888, 11626, 13057, 13229, 13373, 13638, 13723, 13750, 14256, 15279, 15337, 15764, 15968, 16021, 16267, 16338]
Iter#19172 New set #1 of size 46 (19172.0 its/hit = 37.000s/hit): seed=18096140581798881790 [0, 952, 1010, 1134, 1268, 1439, 1645, 3026, 3037, 3726, 3861, 3949, 4435, 5015, 5059, 5099, 6218, 6393, 6409, 6785, 6850, 7319, 7351, 7971, 8421, 8495, 9174, 9208, 9440, 9674, 9691, 9842, 10273, 10526, 11806, 12168, 12349, 13027, 13737, 14013, 14133, 14760, 14779, 15579, 15837, 15849]
Iter#118315 New set #2 of size 46 (59157.5 its/hit = 115.500s/hit): seed=2680030577996906756 [0, 238, 1632, 1928, 2108, 2262, 2445, 2641, 2893, 3489, 3881, 4107, 4415, 4420, 4555, 4890, 6214, 6837, 7022, 7042, 7178, 7397, 7802, 7905, 8579, 9110, 9717, 9754, 9840, 10297, 10534, 10696, 10858, 11607, 11721, 12428, 12680, 12928, 12984, 13451, 13891, 14372, 14934, 15557, 15761, 15940]
Iter#159349 New set #3 of size 46 (53116.3 its/hit = 104.000s/hit): seed=4794522262882670447 [0, 74, 798, 1619, 2062, 2227, 2248, 2348, 2494, 3119, 3363, 3367, 3484, 3872, 4236, 4314, 4513, 4616, 4708, 5060, 5112, 5643, 6175, 6560, 6956, 7158, 8223, 8277, 8665, 9599, 9663, 9922, 10275, 10332, 10368, 10602, 10804, 10989, 12628, 12784, 14102, 14243, 14416, 14984, 15988, 16350]
Iter#192121 New set #4 of size 46 (48030.2 its/hit = 93.750s/hit): seed=16659132451210533193 [0, 18, 979, 1630, 1956, 1994, 2008, 2145, 2387, 2460, 2581, 2605, 2900, 2994, 3147, 3248, 3398, 4615, 4817, 4863, 5180, 5660, 5750, 5767, 6854, 7153, 7496, 7963, 8463, 9242, 10265, 10492, 10820, 11579, 12221, 12611, 13081, 13619, 13862, 14026, 14027, 14352, 14403, 14644, 14851, 15200]
Iter#256632 New set #1 of size 55 (256632.0 its/hit = 501.000s/hit): seed=6327076097167559812 [0, 20, 47, 138, 310, 462, 768, 1190, 1200, 1311, 1424, 1429, 1468, 1532, 1764, 1776, 1908, 3577, 4582, 5146, 5345, 5423, 5458, 5584, 5605, 5714, 5942, 6292, 6506, 7858, 7991, 8985, 9500, 10166, 11093, 12106, 12172, 12190, 12606, 12826, 12883, 12929, 13068, 13091, 13249, 13359, 13678, 13955, 14068, 14141, 14511, 14891, 15002, 15226, 15391]
Iter#794526 New set #2 of size 55 (397263.0 its/hit = 777.500s/hit): seed=5734042797524251918 [0, 723, 864, 1092, 1199, 1202, 1451, 1660, 1882, 2002, 2087, 3246, 3747, 3762, 3915, 4062, 4108, 4823, 5088, 5765, 5826, 6742, 6793, 6903, 6948, 8007, 8014, 8251, 8292, 8413, 8666, 9524, 10422, 10749, 10756, 10828, 11010, 11612, 11784, 12261, 12576, 12622, 12951, 13024, 13541, 13770, 14049, 14293, 14307, 14728, 14890, 15209, 15397, 15808, 16082]
Iter#1302770 New set #3 of size 55 (434256.7 its/hit = 850.000s/hit): seed=1661907049568971176 [0, 795, 931, 1130, 1209, 1469, 2263, 2489, 2589, 3119, 3434, 3904, 4018, 4039, 4454, 4733, 5303, 5605, 5755, 5787, 5843, 7024, 7031, 7242, 7729, 8677, 8774, 8896, 9172, 9391, 9708, 9898, 9922, 9948, 10096, 10166, 10748, 10868, 10989, 11359, 11412, 12133, 12356, 12523, 12547, 12555, 12883, 13175, 14285, 14565, 14937, 14988, 15178, 16217, 16371]
Iter#1871597 New set #4 of size 55 (467899.2 its/hit = 916.750s/hit): seed=5343941065166777734 [0, 384, 755, 1084, 1801, 2042, 2386, 2475, 2729, 2795, 2857, 3457, 3483, 3752, 4383, 5863, 5937, 6344, 7036, 7235, 7580, 7596, 7621, 7625, 7642, 7798, 7843, 8355, 8452, 8676, 8847, 9606, 10058, 10404, 10415, 10449, 10765, 10857, 10921, 11554, 11597, 12049, 12424, 12997, 13016, 13343, 13624, 13640, 13938, 14267, 14376, 15113, 15286, 15380, 15432]
Iter#2541393 New set #5 of size 55 (508278.6 its/hit = 997.200s/hit): seed=5878126863219366749 [0, 397, 531, 1084, 1316, 1420, 2061, 2207, 2450, 2959, 3708, 3816, 3882, 4315, 4674, 4975, 5917, 6762, 6874, 6877, 7010, 7038, 7456, 8623, 8762, 9126, 9148, 9226, 9373, 9683, 10648, 10869, 10870, 11176, 11311, 11393, 11885, 12358, 12844, 13030, 13666, 13915, 13983, 14098, 14120, 14376, 14579, 14704, 14796, 15297, 15380, 15527, 15604, 15622, 15949]
Iter#2548091 New set #6 of size 55 (424681.8 its/hit = 833.167s/hit): seed=4841241282791835139 [0, 17, 124, 1106, 1137, 1350, 1797, 1860, 1864, 1868, 1885, 1983, 2700, 3680, 3976, 4148, 4253, 4445, 4946, 5077, 6023, 6106, 6399, 7103, 7609, 7933, 8161, 8403, 8820, 8837, 9892, 9972, 10158, 10198, 10251, 10359, 10444, 10808, 11145, 11318, 12196, 12798, 13171, 13659, 13742, 14067, 14602, 14661, 14860, 15059, 15194, 15218, 15390, 15606, 15938]
Iter#2589728 New set #7 of size 55 (369961.2 its/hit = 725.857s/hit): seed=2315519615333185978 [0, 616, 809, 1234, 1336, 1825, 1911, 2361, 2640, 2737, 2813, 3045, 3908, 3977, 4536, 4576, 4807, 4820, 5426, 5647, 6485, 6594, 6704, 7450, 7555, 8379, 8494, 9037, 9253, 9283, 9328, 9349, 9393, 9595, 9635, 9936, 10073, 10342, 10626, 11573, 11966, 11989, 12103, 12267, 12942, 13041, 13045, 13172, 13683, 13817, 14107, 14199, 15134, 15728, 15731]
Iter#2618404 New set #8 of size 55 (327300.5 its/hit = 642.125s/hit): seed=8362171618880065600 [0, 74, 121, 376, 593, 644, 819, 977, 1488, 1727, 1997, 3737, 4459, 5044, 6516, 6894, 6912, 6984, 7062, 7302, 7833, 8089, 8117, 8223, 8277, 8620, 8688, 8696, 8785, 8915, 9000, 9616, 10055, 10113, 10553, 10674, 10699, 10760, 12061, 12230, 12420, 12625, 13180, 13519, 14110, 14620, 14989, 15032, 15434, 15799, 16016, 16045, 16081, 16328, 16358]
Iter#2996555 New set #9 of size 55 (332950.6 its/hit = 653.556s/hit): seed=8084466221435210166 [0, 36, 192, 226, 687, 1091, 1316, 1470, 1627, 1818, 2112, 2379, 2988, 3575, 3582, 3768, 3988, 4016, 4299, 4595, 5219, 5256, 6721, 6831, 6915, 7146, 7375, 7553, 7605, 9201, 9472, 9479, 9664, 10511, 11130, 11160, 11319, 11480, 11521, 11704, 11895, 11986, 12345, 12358, 12773, 13029, 13459, 13666, 13795, 14420, 15528, 15602, 15876, 16190, 16221]
Iter#3235510 New set #10 of size 55 (323551.0 its/hit = 635.100s/hit): seed=1867127528789548590 [0, 341, 465, 751, 804, 1698, 1708, 3360, 3408, 3474, 4031, 4643, 5168, 5212, 5378, 5810, 5862, 6119, 6250, 6288, 6598, 6616, 6728, 6882, 7846, 7983, 8052, 8131, 8186, 8612, 8784, 8795, 8848, 9043, 9366, 9465, 9704, 9716, 10163, 10300, 10440, 10600, 11582, 11906, 12115, 12912, 13295, 14179, 14198, 14286, 14295, 14335, 14906, 15722, 16011]
Iter#5649001 New set #20 of size 55 (282450.1 its/hit = 553.550s/hit): seed=14287196226312972731 [0, 227, 1249, 1896, 2285, 2316, 2624, 2773, 3041, 3148, 3390, 3973, 4217, 4848, 4966, 5235, 5264, 5612, 5730, 6168, 6196, 6279, 6769, 7202, 7370, 7381, 7383, 7807, 7943, 8318, 8523, 8776, 9054, 9306, 9424, 10057, 10130, 10311, 10629, 10635, 10807, 11372, 11584, 12130, 12726, 13163, 13481, 13526, 14202, 14330, 14490, 14535, 15262, 15843, 16002]
