[*] Computing DDT
[+] DDT Computed
DDT took 23.226189334s
Iter#1 New set #1 of size 42 (1.0 its/hit = 0.000s/hit): seed=11873614977774470617 [206, 1028, 1796, 1852, 2795, 3001, 3661, 6089, 7122, 8069, 8707, 11342, 11646, 12023, 13497, 15715, 16566, 16972, 18244, 18858, 18905, 19380, 19457, 19888, 21553, 22435, 22777, 23019, 23749, 23903, 24655, 26013, 26168, 26244, 27318, 28127, 28162, 28866, 29120, 29442, 30460, 31294]
Iter#4 New set #2 of size 42 (2.0 its/hit = 0.000s/hit): seed=14518049554405391935 [58, 1744, 2966, 3039, 4914, 6978, 7960, 9739, 10659, 10898, 12428, 13762, 14124, 14831, 16092, 16102, 16114, 16461, 16491, 16609, 18430, 19206, 19247, 19613, 19623, 20663, 21317, 21708, 21909, 22165, 23495, 24656, 26408, 27747, 29249, 29307, 30721, 30906, 31281, 31558, 32042, 32690]
Iter#16 New set #3 of size 42 (5.3 its/hit = 0.000s/hit): seed=2550981668469643504 [3839, 4987, 5490, 5721, 5750, 7126, 7605, 8984, 9608, 10062, 10397, 11639, 11757, 11816, 12876, 13200, 13793, 14818, 15884, 17098, 17463, 17560, 19877, 20842, 20913, 21233, 23727, 24473, 24723, 25229, 25323, 26365, 27018, 28374, 28605, 29012, 30428, 30992, 31583, 31942, 32396, 32766]
Iter#44 New set #4 of size 42 (11.0 its/hit = 0.000s/hit): seed=14477522815822131014 [594, 1220, 2001, 2869, 3207, 4268, 4272, 4670, 5258, 6850, 7637, 8355, 9762, 10704, 11073, 12677, 13977, 14564, 15345, 15518, 16312, 16861, 17943, 18293, 18882, 19066, 19503, 19616, 21737, 22183, 23552, 23735, 25034, 26069, 27022, 27028, 27849, 27954, 27990, 30469, 32049, 32230]
Iter#55 New set #1 of size 43 (55.0 its/hit = 0.000s/hit): seed=16006996313500386834 [1040, 2214, 2280, 3458, 4290, 4318, 4660, 4941, 7615, 10309, 10540, 11580, 11976, 11989, 14852, 15200, 15228, 15295, 16086, 16190, 16994, 17023, 17534, 17562, 18317, 19442, 19804, 20448, 20450, 21242, 21895, 25310, 26318, 26456, 26861, 27496, 27787, 29376, 29990, 31199, 31963, 32087, 32096]
Iter#61 New set #2 of size 43 (30.5 its/hit = 0.000s/hit): seed=13921526978690898599 [745, 2773, 3172, 4215, 4976, 6464, 8474, 8576, 8839, 10369, 10372, 10679, 10698, 11050, 11608, 12360, 12731, 13703, 14075, 15197, 15475, 17118, 17125, 17433, 17927, 20345, 21133, 21648, 21736, 23522, 24334, 24931, 25555, 25683, 25728, 25834, 25905, 28185, 28921, 29732, 30558, 32350, 32462]
Iter#64 New set #3 of size 43 (21.3 its/hit = 0.000s/hit): seed=3867966507273873825 [1310, 1466, 2830, 4628, 4687, 5760, 5939, 6746, 7644, 9110, 9177, 9972, 12305, 12356, 12702, 12709, 13583, 14153, 14317, 15877, 17395, 17982, 18369, 18491, 18728, 19510, 21357, 22928, 23476, 24111, 24618, 24649, 24749, 25605, 27413, 27592, 29297, 29670, 30465, 30845, 31033, 31783, 32246]
Iter#85 New set #4 of size 43 (21.2 its/hit = 0.000s/hit): seed=4908361524266613509 [192, 298, 1481, 2159, 2835, 3098, 3178, 4569, 4713, 5300, 6126, 7558, 8505, 9070, 9312, 9968, 11555, 12501, 14550, 15906, 16036, 16270, 17487, 18517, 18709, 22221, 22239, 22318, 22683, 22961, 23489, 24123, 25974, 26175, 26389, 26988, 27632, 28559, 29193, 30503, 30931, 31443, 32154]
Iter#127 New set #1 of size 44 (127.0 its/hit = 0.000s/hit): seed=8924737124639037662 [1028, 1176, 4044, 4988, 5008, 5460, 6036, 6116, 6383, 7512, 8441, 8562, 9590, 10002, 10237, 10523, 10612, 11556, 11651, 12969, 13012, 13026, 13212, 13293, 14054, 14112, 14951, 15753, 16013, 16127, 17454, 17630, 18929, 20123, 23717, 27308, 27449, 28172, 28406, 28466, 28867, 29882, 31311, 31576]
Iter#246 New set #2 of size 44 (123.0 its/hit = 0.500s/hit): seed=6832723978618142505 [477, 499, 527, 540, 2120, 4991, 5978, 6233, 6372, 6457, 7613, 7761, 9167, 10581, 10809, 10835, 11935, 13749, 14247, 14249, 14592, 15230, 18045, 18336, 18365, 18592, 18921, 19132, 19572, 21949, 22068, 22580, 23440, 23915, 24217, 24388, 25561, 26720, 27303, 27638, 30613, 31264, 32021, 32521]
Iter#360 New set #3 of size 44 (120.0 its/hit = 0.333s/hit): seed=7021865090559818924 [271, 1184, 1322, 2532, 2748, 2995, 3043, 3605, 5198, 5785, 5809, 6277, 7266, 7360, 7546, 7781, 7839, 8658, 8707, 8858, 9109, 10156, 10278, 10537, 11371, 13624, 13721, 14757, 16397, 17951, 19438, 20170, 20669, 21060, 22164, 22890, 23927, 25150, 25773, 26585, 26626, 27940, 28913, 30936]
Iter#388 New set #4 of size 44 (97.0 its/hit = 0.250s/hit): seed=3807191372502819820 [429, 842, 1023, 1906, 2621, 3630, 4087, 6455, 7254, 8669, 9404, 11232, 11456, 11478, 11666, 12813, 14813, 15036, 15079, 16867, 19762, 20414, 20621, 22142, 22749, 22811, 23216, 24857, 25396, 25689, 25769, 26504, 27904, 29008, 29826, 29946, 30008, 30170, 30351, 30644, 31159, 31597, 31963, 32326]
Iter#510 New set #5 of size 44 (102.0 its/hit = 0.400s/hit): seed=11714188506136929514 [59, 577, 3205, 3262, 3637, 5930, 5953, 6185, 6431, 6993, 8083, 9275, 9484, 12321, 13163, 13316, 14455, 14751, 15007, 15102, 15820, 15968, 16146, 16168, 17461, 18989, 21950, 22465, 22468, 22522, 22698, 23364, 23423, 24544, 25095, 27698, 28449, 28850, 29608, 29835, 29997, 30251, 31512, 32174]
Iter#594 New set #6 of size 44 (99.0 its/hit = 0.333s/hit): seed=1910504812422718524 [1028, 1158, 2009, 2870, 5694, 5728, 6285, 6392, 6458, 6792, 6994, 7152, 7504, 7505, 9065, 9806, 10081, 10318, 10620, 10927, 11621, 11941, 11960, 13300, 13357, 13725, 15914, 16316, 17056, 18609, 19098, 19931, 21090, 23474, 24430, 24616, 25308, 26623, 27079, 28173, 30835, 30988, 32382, 32519]
Iter#635 New set #7 of size 44 (90.7 its/hit = 0.286s/hit): seed=7610933251955782267 [370, 701, 1054, 3508, 4535, 5739, 6681, 7459, 7909, 9092, 9571, 9987, 10792, 14499, 14856, 15713, 15974, 16148, 16433, 16926, 17122, 18169, 19169, 21508, 21852, 21914, 22491, 22672, 23010, 23284, 23426, 23879, 23962, 24442, 26358, 26500, 26981, 28865, 29618, 30439, 30560, 30592, 31062, 32438]
Iter#824 New set #1 of size 45 (824.0 its/hit = 3.000s/hit): seed=16889953668504306973 [191, 2098, 2159, 2313, 4342, 5314, 6245, 6655, 7695, 7736, 7856, 8456, 8607, 8935, 9217, 12142, 12850, 13945, 14146, 14499, 14848, 14974, 16393, 17586, 18688, 19232, 19870, 20735, 20874, 21071, 22390, 22968, 23030, 25528, 25681, 26375, 27530, 28181, 28221, 28330, 28662, 28698, 28837, 30693, 31389]
Iter#1045 New set #2 of size 45 (522.5 its/hit = 2.000s/hit): seed=11025398804356554776 [496, 814, 2539, 2681, 3203, 3499, 3500, 3717, 3806, 5753, 6632, 8082, 8207, 8963, 9467, 9738, 9778, 9902, 10357, 11394, 11536, 11999, 12201, 12334, 12423, 12930, 13056, 13676, 14383, 14459, 15209, 15749, 16043, 20591, 21415, 21795, 22114, 22891, 24058, 24769, 25859, 27830, 28928, 30405, 32147]
Iter#1354 New set #3 of size 45 (451.3 its/hit = 1.667s/hit): seed=10109923184385219253 [1148, 1420, 2021, 2923, 6686, 7546, 8175, 8279, 8857, 9148, 9623, 9993, 10176, 10859, 11068, 11723, 11981, 13596, 14262, 16480, 18524, 19231, 20323, 21290, 21516, 21932, 21993, 23069, 23426, 23550, 24298, 24423, 26787, 27240, 27462, 27871, 28607, 28840, 29787, 30608, 30878, 31129, 31723, 31850, 32560]
Iter#1567 New set #4 of size 45 (391.8 its/hit = 1.500s/hit): seed=17658688266276850915 [117, 412, 1813, 3943, 4507, 4617, 5883, 6421, 6496, 7612, 7821, 9204, 9257, 11254, 11737, 12212, 12560, 13010, 13119, 14393, 14424, 15486, 15567, 15699, 16005, 16340, 17131, 17459, 17478, 19240, 21777, 23514, 23846, 23891, 24019, 25148, 25704, 26128, 26165, 26388, 27729, 28417, 29408, 31226, 31858]
Iter#1715 New set #1 of size 47 (1715.0 its/hit = 7.000s/hit): seed=11803036313898857179 [905, 2129, 2438, 2592, 2635, 2953, 4035, 6371, 6548, 7230, 7690, 8119, 8910, 9085, 10130, 10829, 12622, 13736, 15194, 15214, 15406, 15504, 16945, 17607, 17855, 18453, 18672, 19777, 20383, 20549, 20836, 21159, 22717, 24370, 26774, 26836, 26886, 27198, 27485, 28605, 29039, 29610, 29930, 29937, 30563, 30953, 32465]
Iter#2672 New set #1 of size 48 (2672.0 its/hit = 11.000s/hit): seed=7776270435835035777 [1246, 1667, 1834, 2307, 2535, 3789, 3824, 4226, 4373, 6056, 6395, 6480, 6501, 6715, 6810, 7154, 7759, 7800, 8718, 10096, 10299, 10632, 11389, 11692, 12043, 12659, 14214, 14320, 14638, 15115, 15198, 15850, 16891, 16947, 17395, 20829, 20886, 20993, 22656, 22697, 22699, 25589, 25923, 27171, 30556, 31397, 32523, 32729]
Iter#3872 New set #1 of size 51 (3872.0 its/hit = 16.000s/hit): seed=14035913796263009008 [24, 138, 591, 1667, 1691, 3074, 4226, 4578, 5495, 6532, 8166, 9344, 9934, 9956, 10106, 11295, 11856, 11863, 13878, 14086, 15206, 16944, 17617, 19856, 19875, 20312, 20447, 20670, 21738, 22598, 23305, 23610, 23617, 24670, 24975, 25536, 27221, 27463, 27608, 27627, 27635, 27991, 28008, 28016, 28625, 29751, 29758, 30058, 30431, 31324, 31397]
Iter#4565 New set #1 of size 52 (4565.0 its/hit = 19.000s/hit): seed=13342876779411397850 [518, 533, 1370, 2116, 2250, 3209, 3410, 4236, 4662, 4933, 5042, 5216, 6364, 9008, 10494, 10675, 11072, 11375, 12044, 12110, 12505, 12655, 12756, 13678, 13810, 14710, 14736, 15778, 16227, 16311, 17150, 17540, 20680, 20970, 21681, 21740, 22180, 23640, 23720, 25912, 26693, 26899, 27070, 27398, 27959, 28028, 28354, 28742, 29843, 30187, 30914, 31624]
Iter#38856 New set #2 of size 52 (19428.0 its/hit = 84.500s/hit): seed=14824575725847864895 [577, 1291, 1639, 3086, 3914, 3920, 5380, 5582, 6047, 6357, 7792, 8834, 9508, 10121, 10826, 12006, 12320, 12339, 12438, 13849, 14702, 17081, 19169, 19412, 19552, 21924, 23533, 23585, 24131, 24294, 24549, 25261, 25860, 25906, 27214, 27529, 28613, 29339, 29347, 29940, 30140, 30335, 30337, 30612, 31087, 31105, 31425, 31509, 31554, 31767, 31844, 32209]
Iter#237920 New set #3 of size 52 (79306.7 its/hit = 346.000s/hit): seed=5548976924162237439 [111, 1164, 1253, 1318, 1746, 2565, 3336, 3758, 3808, 4306, 4483, 4588, 4883, 5215, 6899, 7707, 9108, 10447, 11964, 14795, 14834, 15075, 16357, 16439, 16918, 17163, 17618, 17797, 18843, 18932, 18994, 20127, 20183, 20258, 20416, 21020, 22552, 22647, 23455, 23588, 24956, 25251, 26087, 26102, 26779, 26878, 27295, 27312, 29579, 29987, 30437, 31725]
Iter#285696 New set #1 of size 53 (285696.0 its/hit = 1248.000s/hit): seed=826211885343794826 [317, 544, 797, 2170, 2286, 2815, 7621, 7864, 7924, 8817, 8921, 9288, 9589, 9832, 10065, 10069, 10382, 11055, 11204, 13150, 13507, 14752, 14757, 15280, 15855, 15999, 17748, 18064, 18328, 18945, 19567, 19715, 20029, 21613, 22150, 22892, 23568, 24168, 24426, 24777, 25077, 25825, 26072, 26725, 27011, 27242, 27246, 27958, 28190, 29610, 29818, 30391, 32317]
Iter#337798 New set #2 of size 53 (168899.0 its/hit = 738.000s/hit): seed=17196805850575868177 [335, 347, 646, 921, 2082, 2315, 4541, 5271, 5580, 5683, 6615, 7023, 7697, 8520, 8554, 9011, 11570, 11830, 12144, 12416, 13541, 13556, 14528, 14644, 14949, 15193, 15859, 19957, 20185, 21538, 22080, 23802, 23869, 24228, 24511, 24775, 25181, 25380, 26109, 26172, 26212, 26471, 27263, 27322, 28077, 29355, 29680, 29806, 30019, 30570, 30749, 30992, 31820]
Iter#467034 New set #3 of size 53 (155678.0 its/hit = 680.667s/hit): seed=12764325240303171243 [432, 524, 856, 1659, 2662, 3770, 4092, 4404, 5344, 5988, 6340, 6479, 6825, 6987, 7095, 7988, 8485, 8584, 8604, 9061, 10061, 10701, 11104, 11201, 11905, 12343, 12846, 14546, 14652, 14821, 16765, 17609, 17625, 18117, 19104, 20759, 21057, 22041, 22837, 26630, 27077, 27386, 27908, 28285, 28424, 28668, 29001, 29298, 30057, 30514, 30616, 30872, 32572]
Iter#635250 New set #4 of size 53 (158812.5 its/hit = 694.750s/hit): seed=13004399732904927775 [179, 337, 481, 1567, 1809, 2776, 3271, 5544, 5601, 5981, 5993, 6384, 7271, 8438, 8572, 9938, 10083, 10365, 10531, 10652, 11172, 11707, 11826, 12687, 15251, 17270, 18015, 18366, 20091, 20838, 20913, 21314, 21427, 21547, 23434, 23707, 24141, 24155, 25806, 25864, 26020, 26090, 26152, 26732, 26755, 28194, 28335, 28611, 29347, 29353, 29433, 30136, 30485]
Iter#693055 New set #5 of size 53 (138611.0 its/hit = 606.400s/hit): seed=5214622873993517027 [162, 2686, 4347, 4385, 5049, 5484, 6193, 7664, 8596, 8692, 9028, 9394, 9525, 11038, 11504, 11529, 12802, 12878, 12960, 13500, 13874, 14384, 15400, 15460, 16945, 17520, 17532, 19288, 19450, 19797, 19982, 20645, 21264, 21962, 22754, 23067, 24896, 24964, 25082, 25215, 26374, 26554, 27841, 28472, 28977, 29587, 30270, 31066, 31224, 31808, 32131, 32281, 32516]
Iter#696976 New set #6 of size 53 (116162.7 its/hit = 508.167s/hit): seed=5394575291271959124 [192, 1920, 1927, 2238, 2423, 4822, 5024, 5670, 6195, 6318, 6442, 6634, 7732, 8116, 8389, 8813, 9322, 9648, 10511, 10674, 11476, 14325, 16468, 16532, 17013, 17890, 17906, 18323, 19804, 20686, 21717, 21889, 22366, 22681, 22910, 22974, 23110, 24001, 24105, 24131, 24833, 24968, 25470, 25992, 26268, 26934, 27985, 28801, 30619, 30906, 31952, 32492, 32715]
Iter#827747 New set #7 of size 53 (118249.6 its/hit = 517.429s/hit): seed=15526030504832366219 [89, 965, 2124, 2454, 2664, 3367, 3450, 3532, 3534, 3602, 3644, 3810, 4556, 4991, 5684, 8471, 8568, 8938, 9480, 10493, 12036, 13085, 13153, 13162, 14115, 15234, 16083, 16539, 16878, 16939, 17425, 17484, 17560, 18818, 19657, 20236, 20246, 20919, 21476, 21621, 22818, 24554, 24842, 25162, 26726, 26887, 28161, 29783, 30545, 30773, 31257, 31391, 31513]
Iter#834642 New set #8 of size 53 (104330.2 its/hit = 456.500s/hit): seed=16037939290451081930 [868, 1605, 2009, 2522, 3775, 5986, 6621, 7287, 8263, 8405, 8730, 9715, 9771, 9872, 10113, 10320, 10504, 10772, 10988, 11077, 11432, 13351, 13545, 13878, 14221, 16759, 17789, 18012, 18455, 18797, 19394, 20050, 21023, 21469, 21836, 22488, 23083, 23636, 23712, 24368, 24882, 25483, 26813, 26818, 27609, 27659, 28172, 28295, 28389, 29307, 29644, 30283, 30814]
Iter#874637 New set #9 of size 53 (97181.9 its/hit = 425.222s/hit): seed=4762047561639376102 [779, 1726, 1890, 2097, 2640, 2732, 3071, 3219, 3229, 3727, 3850, 4814, 5232, 5864, 6911, 7233, 8868, 12262, 12949, 13010, 13030, 13383, 13659, 13700, 14315, 14449, 14617, 15584, 15803, 15878, 15995, 16114, 16222, 18343, 19959, 20028, 20225, 20984, 21141, 22278, 22807, 23445, 23596, 24280, 26003, 26880, 27191, 28748, 29091, 29210, 30530, 30673, 31260]
Iter#1209693 New set #10 of size 53 (120969.3 its/hit = 529.300s/hit): seed=404195582684016496 [90, 1015, 1349, 2543, 4682, 5986, 6568, 7238, 8004, 9071, 9136, 9652, 10330, 10339, 10354, 10650, 10688, 12049, 12321, 12786, 13522, 14528, 14798, 16399, 16921, 16963, 17378, 17574, 17630, 18283, 18554, 19785, 20821, 22017, 22951, 24344, 26709, 26762, 27198, 27523, 27594, 27609, 28311, 28552, 29181, 29831, 30593, 31036, 31899, 31912, 32104, 32479, 32735]
Iter#2402399 New set #20 of size 53 (120120.0 its/hit = 525.250s/hit): seed=6879520048420453743 [194, 304, 980, 1006, 3180, 4132, 4442, 5379, 5635, 5638, 7240, 7557, 7949, 8140, 9591, 10186, 10523, 10527, 10633, 10985, 11079, 11350, 12258, 12631, 12985, 13651, 14188, 14655, 14933, 16546, 17018, 17168, 17903, 17921, 18260, 19370, 19763, 20823, 22187, 22978, 23847, 24538, 25819, 26937, 27150, 27211, 27394, 29267, 29880, 30550, 30670, 30897, 32001]
