[*] Computing DDT
[+] DDT Computed
DDT took 22.924147801s
Iter#1 New set #1 of size 37 (1.0 its/hit = 0.000s/hit): seed=4082206309727844385 [660, 2478, 4285, 6017, 6200, 7108, 7761, 9100, 9382, 9394, 9664, 11491, 12976, 13516, 14190, 14865, 14956, 15379, 15381, 17716, 19589, 19834, 20698, 21830, 23907, 24451, 25983, 26249, 26257, 26431, 26549, 27154, 27231, 29592, 30004, 30830, 30884]
Iter#4 New set #2 of size 37 (2.0 its/hit = 0.000s/hit): seed=4082116740476237728 [334, 1643, 4516, 5417, 5713, 6478, 7254, 7392, 8034, 8851, 11974, 12925, 13236, 13308, 13436, 14454, 15434, 16201, 17260, 17414, 17477, 20050, 20320, 20432, 20979, 22424, 23011, 23292, 23518, 24814, 25841, 27889, 28872, 28888, 29164, 30270, 30311]
Iter#5 New set #1 of size 38 (5.0 its/hit = 0.000s/hit): seed=8843576701326276889 [402, 1009, 1791, 2220, 2312, 2691, 4072, 4749, 6534, 6875, 6917, 7270, 7355, 8613, 10351, 10413, 11920, 12538, 13613, 13615, 14097, 14275, 16269, 16826, 18787, 19877, 20338, 21258, 22457, 23979, 24294, 25248, 26027, 26649, 26717, 28104, 29589, 32520]
Iter#8 New set #2 of size 38 (4.0 its/hit = 0.000s/hit): seed=11253515580475484849 [776, 1121, 1595, 1637, 2331, 2340, 2777, 2867, 3272, 4109, 4685, 7118, 9537, 10069, 12667, 14046, 14444, 14826, 16057, 17333, 17362, 17416, 17421, 17618, 18911, 19369, 21599, 21767, 22419, 22893, 24416, 24499, 26613, 27243, 29460, 30351, 31587, 31811]
Iter#10 New set #3 of size 38 (3.3 its/hit = 0.000s/hit): seed=4200213879665650964 [141, 1299, 1828, 1866, 1881, 4949, 6802, 7192, 9883, 10441, 11281, 11350, 12858, 13553, 13744, 14303, 15295, 17266, 17675, 17983, 18344, 18432, 20615, 22515, 24455, 25056, 25165, 25221, 26690, 27697, 28359, 29417, 29811, 31264, 31530, 31884, 32430, 32682]
Iter#12 New set #1 of size 39 (12.0 its/hit = 0.000s/hit): seed=2425047168846716521 [233, 1235, 1634, 1912, 3873, 3963, 4314, 5461, 7198, 8575, 8644, 9202, 9904, 10434, 11233, 11772, 13779, 14587, 14996, 15192, 15300, 15449, 16971, 17059, 18189, 18552, 19347, 19578, 21143, 22143, 22728, 23822, 26467, 26817, 29822, 31593, 31778, 32667, 32696]
Iter#18 New set #2 of size 39 (9.0 its/hit = 0.000s/hit): seed=17594105985771310766 [135, 360, 1821, 3576, 4087, 4383, 5030, 5112, 8144, 8169, 8643, 9233, 9488, 9544, 12938, 14014, 14122, 14414, 15053, 15203, 15879, 16777, 18026, 19834, 20975, 21113, 21216, 21530, 23237, 24050, 24408, 24423, 24735, 25746, 26787, 27598, 27692, 27912, 30106]
Iter#79 New set #3 of size 39 (26.3 its/hit = 0.000s/hit): seed=10803602123641603468 [158, 1323, 2714, 2749, 3745, 5169, 7177, 7361, 7435, 8040, 8799, 10153, 10271, 10693, 11124, 13197, 13515, 14101, 14914, 16374, 16456, 17233, 19947, 21044, 21156, 21475, 22446, 23921, 25296, 26015, 28190, 28285, 29772, 30368, 31085, 31527, 31658, 31807, 31916]
Iter#99 New set #4 of size 39 (24.8 its/hit = 0.000s/hit): seed=18114377309205948368 [1497, 2684, 2840, 3087, 3107, 4800, 5281, 6407, 7840, 7864, 8878, 10154, 12550, 12857, 13219, 14288, 14691, 15197, 15445, 15707, 15879, 18329, 20634, 20690, 21088, 22540, 24047, 26071, 26126, 27305, 28673, 29111, 29690, 29799, 30920, 31127, 31396, 32034, 32307]
Iter#118 New set #5 of size 39 (23.6 its/hit = 0.000s/hit): seed=2737385393503873656 [735, 1110, 1928, 4694, 5461, 5847, 6494, 6496, 8201, 9007, 9888, 10762, 11372, 12461, 13278, 13399, 13875, 14267, 14765, 15294, 16117, 16491, 17254, 17350, 19307, 20366, 20576, 20775, 22812, 23183, 24986, 26937, 27761, 28520, 29451, 29572, 30675, 30977, 31533]
Iter#125 New set #6 of size 39 (20.8 its/hit = 0.000s/hit): seed=6124758585864947027 [203, 273, 757, 1112, 2238, 2815, 3722, 4722, 4825, 4876, 5141, 5355, 5575, 6123, 6725, 8778, 9353, 9361, 9974, 11445, 13062, 15500, 15992, 18967, 19039, 20168, 20235, 20541, 21849, 22064, 23421, 24615, 26408, 27421, 29338, 29486, 30080, 31585, 32165]
Iter#130 New set #1 of size 42 (130.0 its/hit = 0.000s/hit): seed=15861486113447235691 [687, 1144, 1647, 1764, 1938, 2223, 2388, 2713, 6068, 6813, 9038, 10479, 10569, 11145, 11411, 13795, 14993, 15872, 15934, 16936, 17747, 18126, 18776, 20033, 20065, 20166, 20688, 20802, 21079, 21235, 21754, 22434, 22560, 22871, 23053, 26490, 26771, 27718, 28243, 28946, 29914, 31413]
Iter#4439 New set #2 of size 42 (2219.5 its/hit = 11.500s/hit): seed=17894688017776402774 [536, 810, 1467, 1475, 2164, 2864, 3588, 3892, 5261, 5294, 5779, 6596, 6630, 7171, 7753, 10812, 10841, 12259, 13376, 15474, 17982, 18160, 18884, 18929, 18990, 19601, 20532, 21957, 22105, 22622, 22630, 23854, 23874, 24160, 25410, 25931, 26531, 26536, 27994, 29815, 30339, 31423]
Iter#12588 New set #3 of size 42 (4196.0 its/hit = 21.667s/hit): seed=13474285384165472885 [207, 280, 383, 1014, 1054, 1261, 1836, 2665, 3695, 3723, 5586, 6209, 6667, 6717, 7233, 9881, 10203, 12470, 13447, 14283, 15094, 15953, 16844, 17625, 17933, 18994, 19094, 20904, 23391, 25302, 26065, 26830, 26845, 26885, 27181, 28233, 28526, 29438, 30542, 31128, 32420, 32703]
Iter#14801 New set #4 of size 42 (3700.2 its/hit = 19.250s/hit): seed=3800766864594813975 [3417, 3552, 4185, 4417, 4509, 4531, 5297, 5301, 5455, 5600, 10884, 14011, 14097, 14281, 15436, 16365, 16603, 16675, 16789, 17433, 17669, 17825, 19019, 19142, 19225, 20186, 20503, 20595, 22920, 23104, 23206, 23339, 23922, 24393, 24405, 25198, 25934, 26156, 26308, 27608, 29265, 32720]
Iter#25017 New set #5 of size 42 (5003.4 its/hit = 26.000s/hit): seed=3344336133499414339 [643, 1168, 1671, 1804, 3118, 3748, 4750, 4765, 6473, 6837, 7218, 7353, 7917, 9120, 15569, 15708, 15733, 17636, 17662, 17804, 18050, 18165, 19029, 19039, 19064, 19168, 20952, 21187, 21254, 22166, 22308, 24053, 24573, 24642, 25389, 27967, 28833, 28867, 30975, 31726, 32187, 32522]
Iter#32882 New set #6 of size 42 (5480.3 its/hit = 28.500s/hit): seed=7095962671980006401 [168, 789, 1718, 1852, 1917, 2689, 3166, 3756, 5623, 5763, 6317, 7200, 8081, 8615, 9189, 10659, 10686, 11735, 12062, 12096, 13230, 13402, 14005, 15493, 15993, 17352, 17536, 21954, 24864, 24866, 26467, 26640, 27107, 27583, 29053, 29224, 29240, 29447, 29836, 30009, 31896, 32141]
Iter#34296 New set #7 of size 42 (4899.4 its/hit = 25.429s/hit): seed=13422189428481284544 [2927, 3057, 3741, 3792, 4393, 5098, 5350, 5383, 5497, 5505, 6303, 6307, 8460, 8647, 9651, 10657, 10862, 11109, 11983, 13191, 15164, 15856, 15993, 16137, 18204, 19653, 19840, 20082, 21903, 23019, 23625, 23988, 26359, 26549, 26938, 27126, 27557, 28239, 29116, 31071, 31766, 32559]
Iter#53353 New set #8 of size 42 (6669.1 its/hit = 35.875s/hit): seed=13912797714857091861 [569, 899, 1612, 2198, 5824, 5886, 6336, 7442, 7916, 8804, 8845, 8907, 9681, 10054, 10456, 10860, 11660, 11745, 12192, 12562, 13353, 14410, 15009, 15169, 15303, 16800, 17068, 18039, 18125, 19324, 20319, 22480, 22869, 24632, 26472, 26908, 27314, 27538, 28515, 28791, 28819, 29781]
Iter#90635 New set #9 of size 42 (10070.6 its/hit = 55.333s/hit): seed=10285368425141980608 [1410, 3705, 4497, 6896, 7118, 8136, 8311, 9227, 9445, 9880, 11624, 12653, 12658, 12706, 12949, 13923, 13979, 15020, 15047, 15702, 15747, 17441, 17609, 17784, 19138, 20380, 20706, 21270, 21737, 22202, 24687, 24747, 26945, 29078, 29169, 29549, 29627, 29729, 30771, 30782, 31485, 32478]
Iter#131264 New set #10 of size 42 (13126.4 its/hit = 72.500s/hit): seed=2336214093906199998 [567, 972, 2153, 2876, 3546, 4745, 6160, 6163, 7478, 10036, 10544, 11280, 12744, 13813, 14975, 15230, 15483, 15812, 15992, 16473, 17022, 17332, 18181, 18386, 18821, 19036, 21267, 21624, 21940, 21953, 23190, 23727, 25670, 27513, 27956, 28751, 28769, 30864, 31011, 31339, 31421, 31915]
Iter#361956 New set #20 of size 42 (18097.8 its/hit = 97.800s/hit): seed=11423065493661609874 [1008, 1107, 1612, 2141, 2839, 3058, 3208, 3235, 3329, 3544, 3815, 4621, 5051, 5178, 6804, 7322, 7705, 8427, 8517, 10633, 10919, 11000, 11671, 13744, 13926, 15296, 17914, 18825, 20231, 21909, 23240, 23705, 24060, 26554, 27299, 27346, 29375, 29482, 30040, 30518, 30879, 30936]
Iter#765854 New set #30 of size 42 (25528.5 its/hit = 136.533s/hit): seed=12410044314137132094 [1006, 1315, 1383, 1647, 1729, 1751, 2537, 4433, 7250, 7399, 7510, 8299, 11362, 11631, 11782, 11881, 12904, 13838, 15941, 16149, 17379, 17523, 18461, 18555, 19876, 20209, 20697, 21509, 21911, 23112, 23555, 24219, 24971, 25916, 26698, 27064, 27537, 28127, 29795, 29966, 30852, 31447]
Iter#798343 New set #1 of size 43 (798343.0 its/hit = 4267.000s/hit): seed=894404772727796079 [253, 614, 1040, 1148, 1429, 2496, 3248, 3379, 4717, 5718, 6731, 6929, 7248, 8702, 9670, 10561, 11128, 11162, 12394, 13506, 14282, 14757, 14905, 15491, 16768, 17036, 17241, 17363, 17894, 18197, 18648, 19085, 21208, 21638, 22249, 26507, 27268, 27499, 27930, 28950, 29922, 30624, 32101]
Iter#944013 New set #2 of size 43 (472006.5 its/hit = 2517.500s/hit): seed=14916087039438740995 [794, 1930, 2433, 2490, 5770, 5995, 8006, 8795, 9002, 9677, 9680, 9755, 10630, 11166, 11457, 11532, 11550, 11952, 14903, 15806, 15811, 16227, 16862, 17180, 18416, 18445, 19663, 20048, 21041, 21123, 23177, 23744, 24884, 25154, 26019, 26135, 26252, 26365, 27486, 27595, 28744, 29105, 32691]
Iter#1915121 New set #3 of size 43 (638373.7 its/hit = 3376.000s/hit): seed=12785906980681314741 [516, 1785, 3278, 4635, 4822, 6258, 7037, 7651, 8655, 8719, 11280, 11448, 11828, 13036, 13824, 13830, 16254, 16493, 16878, 17397, 17568, 18371, 19800, 19909, 19957, 20577, 20933, 21109, 21641, 21749, 23586, 23992, 25093, 25472, 26320, 26387, 27789, 28645, 29059, 29729, 31017, 31046, 31723]
Iter#2656927 New set #4 of size 43 (664231.8 its/hit = 3517.500s/hit): seed=8596403687101124921 [8, 911, 1013, 1665, 2795, 3282, 3869, 4435, 5101, 5129, 6102, 6118, 7749, 8489, 9094, 9235, 9990, 10049, 10266, 11227, 11392, 11665, 12719, 13253, 13508, 13787, 13857, 14943, 16486, 17093, 17805, 17898, 18338, 19181, 20497, 21051, 21441, 21885, 25598, 27405, 29054, 29229, 31689]
Iter#3014256 New set #5 of size 43 (602851.2 its/hit = 3194.800s/hit): seed=1950002796483279152 [667, 724, 2523, 2697, 3277, 4261, 4455, 5418, 6582, 6783, 7131, 7314, 8497, 8641, 9249, 10147, 11435, 11680, 12393, 12436, 12646, 12667, 12682, 12685, 13164, 13597, 13841, 16033, 16071, 16623, 17345, 18280, 22818, 23487, 23799, 23855, 24668, 24722, 26505, 27172, 27388, 29611, 32630]
Iter#3252288 New set #6 of size 43 (542048.0 its/hit = 2872.000s/hit): seed=17085186343832208181 [1234, 1648, 1741, 1786, 2552, 2574, 3851, 4434, 4554, 4841, 4855, 5398, 5823, 7365, 7513, 10482, 11612, 12485, 12752, 13949, 14491, 14723, 15625, 16239, 16770, 17679, 19599, 19839, 21164, 21920, 22919, 24666, 25452, 25643, 25709, 26237, 26674, 27060, 27210, 27456, 27496, 30255, 31040]
Iter#3285729 New set #7 of size 43 (469389.8 its/hit = 2487.000s/hit): seed=13291896151373322485 [627, 3036, 3059, 3283, 3291, 3508, 3578, 4535, 4998, 5983, 6007, 7009, 7305, 7835, 10197, 10355, 11652, 11831, 11866, 12206, 14782, 15083, 15621, 16106, 16662, 18035, 18259, 18985, 20743, 23270, 23417, 24728, 25404, 26090, 26154, 26566, 27706, 28281, 29107, 30241, 31602, 31707, 32101]
Iter#3481950 New set #8 of size 43 (435243.8 its/hit = 2307.125s/hit): seed=3247754890404517154 [2082, 2303, 2527, 3495, 3715, 6016, 6025, 7836, 7858, 8600, 8863, 9281, 9690, 10607, 11012, 11839, 12043, 12195, 12371, 13177, 14247, 14913, 15065, 17988, 18706, 19048, 19535, 19797, 20052, 20448, 22764, 23070, 23371, 23752, 24919, 24968, 26717, 27441, 27863, 29019, 29982, 30757, 32425]
Iter#3502973 New set #9 of size 43 (389219.2 its/hit = 2063.222s/hit): seed=12650356867394271183 [1457, 1671, 2150, 2208, 2298, 2817, 2903, 3577, 4465, 7234, 7450, 8002, 8792, 8812, 10012, 10377, 10528, 10622, 10710, 10914, 11326, 11412, 13161, 13524, 14148, 15793, 15837, 17605, 18394, 19000, 21859, 21907, 22249, 25552, 26282, 27585, 27642, 28065, 28068, 28234, 28765, 29420, 30772]
Iter#3570025 New set #10 of size 43 (357002.5 its/hit = 1892.700s/hit): seed=5775950309937613303 [3013, 4220, 5125, 5307, 6015, 6672, 7169, 8440, 8695, 10731, 11007, 11045, 11508, 13579, 13904, 15071, 15307, 15354, 15494, 15507, 16821, 18190, 18493, 18620, 19094, 20432, 21712, 22219, 22418, 23135, 26153, 26418, 26864, 26971, 27177, 27605, 28480, 29132, 29700, 30765, 31586, 32433, 32709]
