[*] Computing DDT
[+] DDT Computed
DDT took 23.993414424s
Iter#1 New set #1 of size 38 (1.0 its/hit = 0.000s/hit): seed=9402293331246431854 [213, 1699, 3146, 3379, 4405, 4692, 6003, 6883, 8301, 8589, 9582, 9605, 12559, 13749, 14202, 14663, 15022, 15451, 17882, 18807, 18842, 19644, 19993, 22993, 24128, 24207, 24641, 24861, 25404, 26851, 27363, 27456, 27710, 28990, 28997, 29537, 29981, 30311]
Iter#3 New set #1 of size 39 (3.0 its/hit = 0.000s/hit): seed=8229706470767799091 [527, 3140, 3242, 3267, 3890, 4097, 4251, 4725, 4768, 5563, 5897, 8155, 9234, 9997, 11193, 12134, 12640, 12983, 15554, 16066, 17878, 18123, 18950, 19323, 19885, 20910, 21288, 21293, 21297, 23248, 23839, 24963, 25608, 25874, 27027, 28067, 28206, 29362, 30847]
Iter#10 New set #1 of size 40 (10.0 its/hit = 0.000s/hit): seed=11950633580417547087 [21, 260, 906, 1354, 1489, 3302, 4296, 5152, 6389, 6439, 7311, 7423, 8668, 9807, 10392, 10549, 10956, 11647, 12202, 12483, 12573, 13084, 13859, 14598, 15828, 15886, 16757, 17874, 18728, 18933, 20559, 20889, 22679, 25351, 27627, 29364, 30781, 30930, 31106, 32135]
Iter#108 New set #1 of size 41 (108.0 its/hit = 0.000s/hit): seed=15389975593731302869 [1603, 1975, 2463, 2973, 3022, 3670, 5294, 7474, 7596, 8878, 10401, 10547, 11310, 12064, 12361, 12478, 12603, 12964, 13155, 14566, 15966, 17429, 17463, 18679, 18838, 20767, 22198, 22538, 22587, 25989, 26001, 26570, 26773, 27260, 27918, 28224, 29642, 29879, 30249, 30415, 32639]
Iter#1661 New set #2 of size 41 (830.5 its/hit = 4.000s/hit): seed=17760982916223140929 [406, 538, 2064, 2187, 2235, 2278, 2410, 4430, 5961, 5962, 6388, 8273, 8668, 9057, 9095, 9790, 9860, 11152, 15761, 15774, 16433, 16902, 17044, 17422, 17983, 19030, 19322, 19898, 20792, 21418, 21606, 23260, 24030, 25239, 27205, 27247, 28642, 28649, 29192, 30553, 32749]
Iter#1847 New set #3 of size 41 (615.7 its/hit = 3.000s/hit): seed=15665018520791497748 [1392, 1920, 2068, 4055, 6560, 6627, 6810, 8332, 8419, 9422, 9680, 10085, 10424, 12395, 12548, 13577, 14259, 14707, 15237, 15238, 15381, 17150, 17261, 18619, 19039, 20303, 22368, 22906, 23920, 24340, 24604, 24637, 25745, 27787, 28184, 29446, 29470, 30542, 30565, 32177, 32247]
Iter#2149 New set #4 of size 41 (537.2 its/hit = 2.750s/hit): seed=11475083704576778312 [20, 1725, 2143, 2995, 3399, 4068, 5512, 5651, 6607, 6613, 7372, 9893, 10119, 10456, 11603, 11915, 12493, 13502, 13727, 14565, 14607, 14910, 15336, 16331, 17264, 18099, 18335, 19737, 20194, 20908, 21176, 21749, 23242, 25229, 26747, 28664, 29954, 29965, 30260, 30757, 31320]
Iter#3252 New set #5 of size 41 (650.4 its/hit = 3.400s/hit): seed=12811892656900822310 [171, 808, 1027, 1057, 1802, 2261, 3668, 4330, 6056, 7186, 7398, 8494, 8583, 9438, 10598, 10714, 10778, 11235, 11409, 12502, 12671, 12805, 14437, 15440, 16490, 18597, 19398, 19939, 20503, 21478, 23048, 24388, 25512, 26685, 28139, 28155, 28577, 28869, 30911, 31953, 32626]
Iter#5158 New set #6 of size 41 (859.7 its/hit = 4.333s/hit): seed=15490385042611280545 [3584, 3609, 3894, 3999, 4761, 6567, 8814, 9036, 9502, 10645, 11869, 12296, 13346, 13661, 14057, 14356, 16810, 17196, 18373, 18462, 19658, 19810, 19977, 20094, 21998, 23220, 23744, 24596, 25768, 26089, 26383, 26458, 26837, 28003, 28911, 29321, 29695, 31291, 31737, 31822, 32364]
Iter#7835 New set #7 of size 41 (1119.3 its/hit = 5.714s/hit): seed=8607083379088787239 [52, 260, 936, 2061, 2281, 2420, 3208, 3377, 3967, 4782, 7675, 11640, 13226, 13834, 15072, 15233, 15617, 15821, 16466, 17307, 17541, 18217, 18346, 20346, 22444, 22862, 22971, 23153, 24823, 26103, 26283, 26320, 27543, 27830, 28580, 29359, 30226, 31330, 31348, 31394, 32543]
Iter#8866 New set #8 of size 41 (1108.2 its/hit = 5.750s/hit): seed=11513352045119896414 [396, 491, 1043, 1215, 3262, 3808, 3899, 4612, 5170, 6131, 6611, 6652, 7251, 8903, 8962, 9096, 11020, 11163, 11702, 11822, 14636, 14919, 14977, 15588, 17387, 19063, 20804, 21030, 21464, 22590, 22705, 24169, 25029, 26109, 27195, 28221, 28919, 30243, 30681, 31460, 31806]
Iter#11001 New set #9 of size 41 (1222.3 its/hit = 6.333s/hit): seed=13152541993154707128 [344, 422, 582, 1452, 5268, 5390, 5764, 6254, 7753, 7798, 8229, 9432, 9436, 9485, 9488, 11612, 12055, 12641, 14863, 15622, 15823, 16170, 16712, 18019, 19192, 20471, 21023, 21043, 21233, 22091, 23015, 24258, 26355, 27953, 28002, 28870, 29318, 29710, 30740, 31056, 32612]
Iter#14719 New set #10 of size 41 (1471.9 its/hit = 7.600s/hit): seed=16441809563852673753 [1128, 1474, 1516, 1928, 3028, 3033, 3093, 4450, 4962, 5554, 7155, 7851, 9118, 10153, 10426, 11564, 11874, 12968, 13455, 15008, 15771, 15962, 17264, 17429, 17908, 18503, 18572, 19281, 19972, 19997, 21945, 22046, 22888, 24209, 24472, 24998, 25847, 26500, 29525, 30539, 32665]
Iter#23585 New set #20 of size 41 (1179.2 its/hit = 6.100s/hit): seed=2420375351403844011 [149, 1223, 1589, 3234, 3265, 5046, 5183, 5893, 6720, 7099, 7800, 7911, 8827, 9789, 9997, 10145, 14502, 14687, 15840, 16249, 16714, 17616, 18492, 18752, 18797, 19100, 20427, 21207, 23230, 23906, 24780, 25827, 29148, 29493, 30376, 30520, 30943, 31059, 31532, 31597, 32592]
Iter#46431 New set #30 of size 41 (1547.7 its/hit = 8.067s/hit): seed=8684459309725917971 [1000, 1116, 1866, 1944, 2992, 3239, 3470, 3694, 4815, 4991, 6107, 7536, 8862, 11001, 11064, 11572, 12037, 12313, 12350, 12893, 16226, 16315, 18728, 21806, 22134, 22542, 23593, 23964, 25174, 27472, 28215, 28410, 29130, 29341, 29734, 30526, 30946, 31909, 32062, 32458, 32660]
Iter#47963 New set #1 of size 42 (47963.0 its/hit = 250.000s/hit): seed=6694352126201023236 [2238, 3630, 4102, 4555, 4802, 5339, 7346, 7705, 8091, 9983, 11262, 11796, 13203, 14167, 14330, 14523, 14564, 15194, 17174, 17881, 19133, 19296, 19353, 19384, 19726, 21971, 22039, 22047, 22095, 22305, 22636, 23191, 24480, 24705, 24779, 24824, 25445, 28254, 28387, 28712, 29446, 31339]
Iter#68991 New set #2 of size 42 (34495.5 its/hit = 180.500s/hit): seed=13395516435734519151 [773, 904, 1199, 2262, 2295, 2599, 2862, 2985, 3162, 3621, 7375, 7693, 8769, 12608, 13067, 13798, 15576, 15607, 15656, 15921, 16232, 17273, 18926, 19179, 20598, 21286, 22435, 24635, 27230, 28083, 28293, 28558, 28665, 28669, 29955, 30903, 31176, 31863, 31874, 32314, 32633, 32691]
Iter#88196 New set #3 of size 42 (29398.7 its/hit = 153.667s/hit): seed=15054327560083136401 [231, 504, 708, 726, 6022, 6158, 7160, 7758, 9544, 10125, 12054, 12884, 12957, 13153, 14268, 14827, 16624, 17867, 18464, 19016, 20113, 22438, 22768, 24520, 24691, 26241, 26708, 27260, 27888, 27931, 28346, 28891, 29679, 29830, 29934, 30114, 30230, 31424, 31645, 31764, 31878, 32762]
Iter#104545 New set #4 of size 42 (26136.2 its/hit = 136.750s/hit): seed=10534396192050690315 [447, 493, 1882, 2154, 2532, 4024, 5781, 6882, 7195, 8120, 8594, 10702, 11013, 12642, 13142, 13291, 13439, 14069, 14245, 14347, 14446, 14695, 14836, 17712, 17979, 18255, 19791, 19893, 19967, 20281, 21803, 24511, 25684, 25974, 26758, 27229, 27453, 27713, 27948, 28092, 29376, 30733]
Iter#159977 New set #1 of size 44 (159977.0 its/hit = 838.000s/hit): seed=928098156129217165 [708, 951, 2509, 3043, 3239, 3860, 4085, 4626, 5273, 5971, 6646, 6812, 8034, 9523, 9528, 9760, 10329, 10330, 10715, 11291, 11632, 11963, 12044, 12163, 13066, 13667, 15113, 15908, 18080, 18134, 20384, 21494, 21727, 21960, 22066, 22711, 25262, 26640, 28518, 30016, 30069, 30409, 30706, 31802]
