[*] Computing DDT
[+] DDT Computed
DDT took 23.639773772s
Iter#1 New set #1 of size 35 (1.0 its/hit = 0.000s/hit): seed=2270996371206750881 [2254, 2966, 3441, 4139, 5243, 5748, 6451, 6530, 7043, 7884, 10252, 12570, 13070, 14731, 14890, 15489, 17250, 17306, 19084, 20083, 20342, 21204, 21584, 24763, 24836, 25522, 26316, 27189, 29152, 30883, 31012, 31620, 31824, 31833, 32383]
Iter#2 New set #1 of size 37 (2.0 its/hit = 0.000s/hit): seed=9860985318823471724 [26, 409, 3104, 3281, 3352, 3659, 4967, 6472, 6548, 8455, 9834, 10285, 10547, 11584, 11999, 12950, 13439, 15806, 16479, 18727, 18819, 19339, 19465, 19701, 20693, 20740, 22549, 23010, 23139, 23264, 26530, 26635, 26647, 28206, 28804, 29183, 31126]
Iter#3 New set #2 of size 37 (1.5 its/hit = 0.000s/hit): seed=10410733659292956758 [559, 1341, 3022, 4543, 5632, 6151, 6325, 7089, 7221, 8483, 9027, 9333, 9357, 9567, 10054, 10947, 13993, 14594, 14703, 15413, 16633, 16896, 17987, 18427, 18649, 20447, 21311, 22214, 24407, 25905, 26403, 26457, 26542, 28820, 28983, 31320, 32171]
Iter#4 New set #3 of size 37 (1.3 its/hit = 0.000s/hit): seed=4597585050805142327 [410, 1107, 1251, 1395, 1939, 2209, 2469, 3430, 5110, 6698, 7355, 11161, 11194, 11212, 12668, 13582, 18239, 18757, 19061, 19083, 19264, 20109, 22231, 22324, 22464, 22489, 23205, 23706, 24642, 24681, 26309, 27234, 28424, 28761, 30357, 31349, 31477]
Iter#6 New set #1 of size 38 (6.0 its/hit = 0.000s/hit): seed=9306373411359322422 [1013, 3992, 4682, 7282, 7492, 9155, 10777, 10990, 11073, 11132, 13710, 13842, 13986, 14463, 15104, 15849, 15905, 15953, 16094, 17010, 21437, 21894, 22176, 23159, 25201, 25860, 25978, 27616, 27872, 28492, 29403, 30875, 30927, 31253, 31979, 32128, 32211, 32557]
Iter#19 New set #2 of size 38 (9.5 its/hit = 0.000s/hit): seed=6207472490685103011 [686, 932, 1015, 1288, 1704, 2282, 8449, 8583, 11579, 11920, 13130, 13376, 13439, 13525, 13995, 15271, 15758, 15762, 15850, 16369, 16500, 17047, 17501, 18809, 20611, 21795, 22722, 22743, 22833, 24328, 25180, 26425, 27498, 27651, 27699, 28001, 28272, 30897]
Iter#22 New set #3 of size 38 (7.3 its/hit = 0.000s/hit): seed=1345240529554235224 [1277, 1895, 4276, 6771, 6944, 7890, 7942, 8529, 9368, 9862, 10547, 11043, 11188, 11800, 12128, 12691, 13320, 15934, 16837, 16891, 17789, 19851, 20296, 20842, 20879, 21222, 21391, 21413, 21489, 23824, 25077, 27554, 28508, 30800, 31298, 31362, 31909, 31938]
Iter#24 New set #1 of size 39 (24.0 its/hit = 0.000s/hit): seed=5667989636384258670 [1267, 2982, 4643, 5168, 5536, 6187, 6334, 7087, 9272, 10255, 10561, 11422, 11709, 11829, 13139, 13369, 15170, 16446, 18892, 19271, 19677, 20159, 20926, 21606, 22720, 22962, 23486, 24603, 24740, 25245, 25384, 25890, 26210, 26998, 29218, 30152, 30412, 30894, 31842]
Iter#42 New set #2 of size 39 (21.0 its/hit = 0.000s/hit): seed=3913984311375643205 [1152, 1479, 2807, 4972, 6794, 7230, 7406, 8137, 8417, 8869, 9903, 11020, 13174, 13229, 13360, 13369, 14425, 16112, 16785, 18281, 18671, 18694, 18744, 19301, 23051, 23334, 23968, 25715, 26069, 26463, 28024, 28252, 28840, 29418, 31077, 31155, 31209, 31478, 32651]
Iter#43 New set #3 of size 39 (14.3 its/hit = 0.000s/hit): seed=12519150449519767737 [126, 203, 2734, 2783, 2960, 4746, 5686, 7227, 8236, 8836, 9599, 11385, 12167, 12777, 12994, 13385, 14336, 14782, 15117, 15271, 15551, 17167, 17471, 18254, 18503, 19073, 19356, 19633, 21054, 21154, 23502, 25168, 27703, 28623, 29029, 29300, 29497, 30790, 31001]
Iter#76 New set #4 of size 39 (19.0 its/hit = 0.000s/hit): seed=17024922789080378053 [147, 490, 530, 2738, 2887, 6323, 7488, 9099, 9110, 10472, 10634, 11373, 11428, 12243, 12571, 14401, 14512, 14864, 16371, 16834, 18320, 18367, 19062, 19358, 20047, 20543, 20637, 22952, 23511, 24069, 25209, 26011, 27949, 29079, 29241, 30734, 31129, 31372, 31671]
Iter#80 New set #5 of size 39 (16.0 its/hit = 0.000s/hit): seed=1622139023452507106 [885, 1080, 1424, 1508, 2650, 2906, 4522, 4983, 8434, 8680, 9306, 9835, 13040, 13777, 15393, 16108, 16302, 16574, 17133, 17537, 17605, 19084, 19151, 19251, 19473, 20456, 21525, 22163, 23153, 24056, 26687, 27728, 27955, 27999, 29098, 29535, 29803, 30087, 32489]
Iter#90 New set #6 of size 39 (15.0 its/hit = 0.000s/hit): seed=11316946929341648675 [158, 1008, 1070, 1523, 1785, 3320, 4659, 4907, 5562, 5583, 5802, 8179, 9077, 9783, 10047, 11988, 12865, 14677, 14959, 15069, 16707, 17210, 17349, 17851, 18547, 18709, 19078, 19157, 22773, 24231, 25519, 26020, 26087, 26289, 27230, 28317, 30499, 31746, 31768]
Iter#94 New set #7 of size 39 (13.4 its/hit = 0.000s/hit): seed=12977930314998628834 [542, 2192, 2406, 3512, 3610, 3985, 4719, 4949, 8312, 8594, 8667, 9484, 10411, 11101, 13161, 13698, 14702, 14834, 15406, 18716, 18723, 19865, 20047, 21822, 22439, 23329, 24885, 25017, 26413, 28439, 29060, 29084, 29705, 29963, 30298, 30484, 31823, 32118, 32677]
Iter#155 New set #8 of size 39 (19.4 its/hit = 0.000s/hit): seed=13176071242579119252 [124, 2056, 3427, 5490, 5941, 8109, 8886, 9974, 12863, 12906, 14230, 14628, 14844, 15096, 15102, 15147, 15720, 15969, 17108, 18790, 19045, 19078, 19643, 20119, 20868, 21094, 22319, 23787, 23973, 24071, 25052, 25289, 26214, 27326, 28452, 30309, 30781, 32626, 32648]
Iter#164 New set #9 of size 39 (18.2 its/hit = 0.000s/hit): seed=7959035003946623699 [118, 2282, 3277, 3315, 6044, 6130, 6962, 7123, 10124, 10292, 12032, 14328, 14773, 16080, 16708, 17685, 17970, 18054, 18390, 19230, 19722, 19735, 20592, 20692, 21032, 21202, 21301, 21411, 21912, 23504, 23861, 24348, 24748, 27143, 27865, 28611, 28662, 29415, 29562]
Iter#183 New set #1 of size 40 (183.0 its/hit = 0.000s/hit): seed=11202281740695469607 [250, 412, 2431, 2799, 3968, 7585, 7681, 7926, 10071, 12629, 12714, 13383, 14498, 14973, 15401, 16438, 17978, 18006, 22169, 22246, 22683, 23730, 25164, 25802, 25983, 26076, 26099, 26281, 26383, 26988, 27433, 28005, 28300, 29390, 29445, 29719, 29888, 31166, 31477, 32554]
Iter#324 New set #1 of size 41 (324.0 its/hit = 1.000s/hit): seed=13729028079970649358 [121, 2879, 3051, 3201, 3217, 5624, 5779, 6761, 7002, 7280, 8291, 8367, 9453, 9927, 14293, 14475, 14730, 15724, 17989, 18126, 18420, 18441, 19156, 20114, 20377, 22460, 22696, 22883, 23696, 24142, 24903, 25400, 25831, 27166, 28114, 28500, 28660, 30484, 31192, 31196, 32089]
Iter#500 New set #2 of size 41 (250.0 its/hit = 1.000s/hit): seed=15644364526788679041 [169, 1059, 1941, 2674, 3503, 3537, 3644, 4153, 4622, 4945, 6032, 6440, 10227, 10461, 10983, 11165, 11500, 13272, 14433, 14821, 15621, 17964, 18276, 19112, 19893, 20664, 21936, 24038, 24646, 24765, 26052, 26380, 26460, 26560, 27015, 27905, 30739, 31157, 31194, 31518, 32205]
Iter#772 New set #3 of size 41 (257.3 its/hit = 1.000s/hit): seed=11201738499768074243 [3193, 4094, 5532, 6588, 7909, 8300, 8587, 9473, 9537, 10144, 10321, 11545, 11722, 11791, 11885, 12503, 12559, 12597, 12798, 13893, 15753, 16589, 17142, 17940, 18420, 19851, 20213, 20359, 20385, 20506, 20867, 21359, 23046, 24829, 25836, 26311, 29829, 30464, 30690, 32290, 32753]
Iter#1132 New set #4 of size 41 (283.0 its/hit = 1.250s/hit): seed=13746560889609384807 [91, 645, 3340, 3895, 4105, 4715, 5614, 7195, 7613, 7796, 8518, 8609, 9877, 11580, 12152, 15197, 15693, 15849, 15982, 15989, 18002, 18056, 18122, 18163, 18664, 18684, 19958, 21110, 21485, 22735, 24725, 24795, 25102, 25994, 26262, 26625, 29036, 30685, 32116, 32235, 32285]
Iter#1152 New set #5 of size 41 (230.4 its/hit = 1.000s/hit): seed=6007027817329438213 [132, 160, 254, 1677, 2627, 3496, 4133, 4141, 5244, 5480, 5551, 5947, 6019, 6370, 6806, 7782, 9816, 10132, 10253, 10466, 10610, 10672, 12295, 17626, 18945, 19290, 19455, 19488, 19586, 21067, 21207, 22410, 23510, 23529, 26361, 27325, 29676, 30471, 30755, 31974, 32514]
Iter#4492 New set #6 of size 41 (748.7 its/hit = 3.833s/hit): seed=4051331911216988958 [24, 898, 1216, 1739, 2958, 4151, 4566, 4622, 5291, 6074, 6086, 7106, 10780, 14878, 15243, 15940, 17121, 17675, 19236, 20861, 21255, 21804, 21852, 21961, 22556, 22799, 23778, 23926, 25168, 26509, 27433, 28190, 28578, 29133, 29544, 29885, 29914, 30117, 30382, 30560, 32189]
Iter#5673 New set #7 of size 41 (810.4 its/hit = 4.143s/hit): seed=4750179602750953758 [1240, 1974, 3664, 3836, 3922, 3933, 4566, 4575, 5351, 6185, 6582, 7025, 7575, 8139, 8857, 8893, 9182, 9605, 9662, 10310, 14415, 15985, 17908, 17925, 19029, 20460, 21202, 21602, 21920, 22289, 23436, 24627, 25848, 25899, 26353, 28184, 28233, 30634, 32239, 32365, 32651]
Iter#6110 New set #8 of size 41 (763.8 its/hit = 3.875s/hit): seed=16290800286376643424 [474, 1633, 2597, 2769, 3410, 3897, 3947, 4202, 4275, 5849, 6294, 7348, 8128, 8874, 9171, 9377, 10385, 11257, 11733, 11761, 12523, 13310, 13900, 14213, 14419, 14460, 14461, 15293, 19621, 20608, 20988, 21509, 22683, 23719, 23866, 27245, 27764, 27916, 31069, 31212, 32285]
Iter#8738 New set #9 of size 41 (970.9 its/hit = 5.000s/hit): seed=6219347959188547179 [1979, 2353, 2538, 2645, 2798, 2870, 3179, 3317, 3754, 4326, 4512, 6786, 6868, 8048, 8363, 8459, 8606, 8914, 9301, 9947, 12831, 14863, 15657, 16562, 16897, 17185, 17479, 19015, 19633, 19674, 19832, 19924, 21504, 21697, 23021, 28228, 29167, 29707, 30325, 32395, 32474]
Iter#8965 New set #10 of size 41 (896.5 its/hit = 4.600s/hit): seed=14562733764440912018 [397, 1792, 2545, 3844, 4190, 4305, 5666, 6812, 7096, 7106, 8062, 8463, 9422, 9997, 12599, 12826, 12954, 14193, 15230, 15491, 15764, 16895, 18222, 18494, 18952, 21621, 21954, 22153, 25076, 25195, 25852, 25948, 27725, 27785, 29002, 29954, 30006, 31136, 31544, 32101, 32461]
Iter#10589 New set #1 of size 42 (10589.0 its/hit = 54.000s/hit): seed=6763089874169439295 [783, 939, 1151, 1649, 2395, 3921, 4548, 5491, 6393, 9175, 9551, 9902, 10416, 11190, 11343, 12496, 12718, 16660, 16704, 18334, 18394, 18700, 19495, 20034, 21602, 21604, 21790, 22049, 22348, 23461, 24159, 24399, 26849, 26989, 28450, 28596, 30936, 31394, 31569, 31648, 32180, 32431]
Iter#11057 New set #2 of size 42 (5528.5 its/hit = 28.500s/hit): seed=10093571937694299923 [799, 1130, 2021, 2556, 3683, 4061, 4083, 4876, 5200, 7339, 7553, 8381, 10171, 10982, 11135, 12200, 14244, 15972, 16414, 17069, 17325, 18533, 20124, 20321, 20325, 20582, 23403, 23595, 23667, 25409, 25607, 25617, 26055, 27765, 28241, 30174, 30491, 30775, 32111, 32127, 32241, 32643]
Iter#28648 New set #3 of size 42 (9549.3 its/hit = 49.667s/hit): seed=4185235247043712659 [108, 1741, 2620, 3825, 3996, 4455, 5592, 6564, 7269, 8127, 9719, 10017, 11697, 12674, 12767, 13730, 14617, 14656, 16830, 16873, 16932, 17114, 18638, 18844, 20130, 20280, 21767, 22088, 24036, 24287, 24905, 25731, 25937, 26832, 26919, 27945, 28621, 30116, 30502, 30595, 30782, 32704]
Iter#31286 New set #4 of size 42 (7821.5 its/hit = 40.500s/hit): seed=482885383836721330 [518, 850, 924, 1438, 4052, 5401, 6016, 6295, 6523, 6772, 8280, 8382, 10320, 10334, 10752, 11410, 12248, 14046, 14109, 14584, 16065, 16648, 20342, 20692, 20974, 21210, 22227, 22663, 22783, 22895, 23920, 24368, 25584, 26362, 26399, 26463, 27771, 30219, 30948, 31612, 32198, 32423]
Iter#73519 New set #5 of size 42 (14703.8 its/hit = 76.600s/hit): seed=8735883766372342320 [446, 4105, 4415, 6628, 7383, 7448, 7732, 8598, 9615, 9741, 9762, 11745, 12920, 13960, 14521, 14847, 15268, 15356, 16042, 17003, 17186, 19797, 20101, 20273, 20743, 21098, 21512, 21955, 22903, 24477, 26182, 26406, 26845, 26872, 27368, 27716, 29597, 30256, 30368, 30735, 31635, 31782]
Iter#75012 New set #6 of size 42 (12502.0 its/hit = 65.167s/hit): seed=18271297068859876865 [422, 813, 2561, 2578, 2782, 3830, 4879, 4999, 5779, 6145, 6320, 7507, 7719, 8285, 8698, 9572, 9773, 10053, 10441, 11515, 13238, 15239, 15360, 18518, 18653, 19638, 20138, 21008, 21236, 22356, 22745, 23364, 23490, 23997, 25653, 26358, 27150, 27759, 29308, 29987, 30612, 31089]
Iter#86643 New set #7 of size 42 (12377.6 its/hit = 64.571s/hit): seed=5547794499048540634 [681, 2715, 2984, 4479, 5113, 5791, 5801, 6079, 6872, 7120, 7983, 8515, 8755, 8859, 11134, 12021, 14988, 15774, 16821, 18901, 20363, 21311, 22055, 22223, 22557, 22907, 23280, 25029, 25284, 26247, 26682, 27286, 27643, 28842, 29237, 29631, 30169, 30246, 30847, 30943, 31196, 31611]
Iter#117924 New set #8 of size 42 (14740.5 its/hit = 77.000s/hit): seed=8617343889294032742 [603, 844, 1296, 1473, 1737, 1860, 2244, 2291, 4378, 4857, 5456, 7073, 7169, 7649, 7935, 8015, 8126, 8880, 10212, 10428, 12014, 12505, 13094, 15129, 16499, 17838, 19381, 19795, 21422, 23016, 26964, 27396, 28010, 29991, 31349, 31394, 31398, 32141, 32377, 32550, 32613, 32684]
Iter#118488 New set #9 of size 42 (13165.3 its/hit = 68.778s/hit): seed=13619707460744709410 [1179, 1904, 3503, 4425, 4736, 4784, 4935, 6200, 6361, 6813, 7213, 7214, 9201, 10132, 10466, 10861, 13660, 14883, 16348, 16760, 17080, 17653, 18200, 18454, 19188, 20247, 20296, 20389, 20590, 22782, 23560, 24305, 25937, 26496, 26817, 27589, 28473, 30103, 30646, 31618, 32305, 32542]
Iter#175421 New set #10 of size 42 (17542.1 its/hit = 92.000s/hit): seed=11162422513426243201 [85, 1043, 1088, 1154, 1496, 2370, 2460, 2502, 4731, 4912, 7005, 7462, 7689, 10521, 13177, 13618, 14187, 14680, 15429, 15668, 15880, 16385, 17558, 18033, 20980, 23491, 24814, 25578, 26112, 26289, 26504, 27895, 28352, 28877, 29898, 30377, 30722, 31016, 31024, 31486, 31501, 32709]
Iter#323803 New set #20 of size 42 (16190.2 its/hit = 85.400s/hit): seed=12479547421387853824 [246, 841, 1830, 2595, 2812, 2959, 3176, 3250, 4421, 4634, 4874, 5068, 6977, 7182, 8532, 9649, 10811, 11370, 11973, 12297, 13199, 13747, 14393, 17034, 17686, 18146, 19398, 19710, 20457, 22200, 22820, 24454, 24515, 25338, 26001, 26019, 26754, 27610, 27865, 29482, 31216, 31413]
Iter#438062 New set #1 of size 43 (438062.0 its/hit = 2311.000s/hit): seed=8269033762777586353 [553, 976, 1765, 2315, 2685, 3581, 4245, 4380, 5235, 5783, 6002, 6222, 7139, 7209, 7317, 7476, 7545, 7601, 7729, 9442, 10403, 10574, 10924, 14072, 14141, 14174, 14511, 15539, 15791, 16476, 16914, 17173, 17310, 17906, 19386, 21525, 23312, 23424, 27641, 28051, 28131, 31409, 32580]
Iter#1117368 New set #2 of size 43 (558684.0 its/hit = 2937.500s/hit): seed=17408057641502786651 [1550, 3222, 4812, 5178, 5244, 6667, 7044, 8976, 11678, 11832, 12270, 12835, 12863, 13031, 13078, 14155, 14176, 14890, 15610, 17382, 18024, 18384, 18538, 20559, 20680, 22023, 23077, 23708, 23837, 24108, 24950, 25014, 26552, 26891, 28361, 28463, 28559, 29375, 29931, 29994, 31504, 32110, 32568]
Iter#1189103 New set #3 of size 43 (396367.7 its/hit = 2083.667s/hit): seed=4911219077488176451 [673, 1369, 1993, 2103, 2344, 3054, 3953, 4089, 4836, 5276, 6164, 6176, 7385, 8520, 10788, 10922, 13788, 14857, 14999, 15133, 15226, 15283, 15432, 16407, 18670, 18802, 20484, 20696, 21754, 21921, 21997, 22925, 23323, 26461, 27670, 28306, 28457, 28601, 28608, 30134, 30499, 31759, 31813]
Iter#1707742 New set #4 of size 43 (426935.5 its/hit = 2254.500s/hit): seed=4480223387080920458 [571, 677, 715, 1594, 5823, 5972, 6781, 7965, 8061, 8152, 8510, 9045, 9869, 10242, 10609, 11124, 11611, 12039, 13635, 13760, 16398, 17056, 17696, 20069, 21179, 23729, 24306, 24531, 24539, 24671, 24768, 25047, 26887, 27656, 28393, 29249, 29634, 30348, 30500, 31614, 31623, 32138, 32528]
Iter#2098262 New set #5 of size 43 (419652.4 its/hit = 2214.600s/hit): seed=8480481026284958219 [1062, 1082, 2926, 3773, 4882, 5621, 6637, 6815, 7235, 7876, 8196, 8481, 8828, 9317, 10038, 10770, 11119, 11690, 11835, 11968, 12383, 13898, 14962, 15354, 16063, 16969, 17331, 17790, 20411, 21496, 21913, 23457, 24731, 26386, 26693, 27215, 28755, 29421, 29489, 31226, 31312, 32618, 32728]
Iter#2356845 New set #6 of size 43 (392807.5 its/hit = 2071.500s/hit): seed=11685318022261152912 [239, 1048, 4020, 4584, 4859, 5121, 5311, 5558, 5740, 6471, 8445, 9572, 9917, 10834, 10877, 10935, 11230, 12365, 13702, 13865, 14104, 15041, 15259, 15924, 17796, 18195, 18631, 19180, 19237, 20034, 21720, 22137, 22270, 22664, 23030, 23414, 23913, 24600, 24989, 27212, 28680, 29329, 30679]
Iter#2434457 New set #7 of size 43 (347779.6 its/hit = 1833.286s/hit): seed=16392441641669223586 [1294, 1728, 2019, 3460, 3971, 6540, 6938, 6942, 7493, 8316, 8711, 9254, 9933, 10678, 11078, 11236, 11929, 13427, 15352, 16339, 16475, 16505, 16852, 18067, 18660, 20033, 20039, 20439, 20751, 20833, 23149, 23322, 24790, 25797, 26193, 27290, 29081, 30126, 31325, 31408, 31482, 32009, 32184]
