[*] Computing DDT
[+] DDT Computed
DDT took 23.324291545s
Iter#1 New set #1 of size 40 (1.0 its/hit = 0.000s/hit): seed=17056210365728174182 [122, 947, 1099, 1384, 5484, 6065, 7528, 8431, 8579, 8697, 9390, 10160, 10323, 12282, 14133, 14907, 16669, 16743, 16785, 19082, 19682, 20789, 21672, 23333, 23582, 24721, 24734, 24804, 27249, 27316, 27642, 27859, 28251, 28450, 28681, 29342, 30153, 30441, 31870, 31873]
Iter#2 New set #1 of size 41 (2.0 its/hit = 0.000s/hit): seed=14425246707699967982 [1459, 3601, 4711, 4984, 7080, 8298, 8526, 9839, 10366, 11309, 12289, 13050, 13069, 13445, 13780, 14167, 14213, 16211, 16959, 16971, 17225, 17967, 18576, 19134, 19475, 20788, 21166, 22742, 22753, 23530, 23648, 24270, 25790, 26070, 26683, 26738, 26890, 28145, 28516, 29900, 32205]
Iter#9 New set #2 of size 41 (4.5 its/hit = 0.000s/hit): seed=6177713488562939313 [472, 871, 1300, 1538, 1821, 2340, 2373, 2674, 3036, 3168, 3439, 4021, 4611, 5790, 6632, 7139, 9839, 12301, 12307, 14901, 15147, 15500, 20490, 20881, 21234, 22295, 22450, 23160, 23215, 23909, 24572, 24599, 25124, 25250, 25466, 25515, 26689, 28044, 28968, 29793, 32174]
Iter#10 New set #1 of size 42 (10.0 its/hit = 0.000s/hit): seed=14690183196630574656 [123, 1625, 1915, 2576, 3563, 5212, 9606, 10569, 10990, 13020, 15049, 15283, 15560, 15637, 17741, 18736, 19330, 19845, 20043, 22785, 23631, 24542, 25282, 25291, 25416, 25434, 25842, 26299, 26825, 26828, 27360, 27792, 28041, 29315, 29433, 29533, 30200, 30359, 30593, 30833, 31467, 31733]
Iter#11 New set #2 of size 42 (5.5 its/hit = 0.000s/hit): seed=9763231606271826804 [1257, 2707, 3059, 3788, 3853, 3969, 4075, 6259, 9445, 9613, 9942, 10790, 11187, 11333, 12151, 12380, 12877, 12885, 15466, 16939, 17795, 17848, 18036, 19600, 20691, 21748, 23146, 24071, 24167, 24376, 24547, 24724, 24831, 26466, 26516, 26944, 27730, 29218, 29729, 30643, 30897, 32737]
Iter#25 New set #3 of size 42 (8.3 its/hit = 0.000s/hit): seed=129444127519231509 [214, 811, 1310, 2424, 2665, 2757, 2938, 5609, 5716, 6221, 6508, 7613, 7791, 8978, 9321, 10443, 11624, 12494, 13500, 14037, 15376, 15400, 16390, 16474, 17301, 17429, 17603, 17918, 18201, 18665, 19139, 21741, 22733, 28004, 28140, 28991, 30139, 30419, 31044, 31533, 31766, 32148]
Iter#33 New set #4 of size 42 (8.2 its/hit = 0.000s/hit): seed=17886951795475798597 [93, 191, 1275, 1844, 2203, 3584, 4242, 4460, 4635, 4952, 5716, 5776, 6054, 6497, 7592, 8808, 8826, 9020, 9099, 9550, 9559, 13032, 13788, 14684, 16088, 18190, 20538, 20756, 21344, 21999, 22237, 22808, 23002, 24091, 24928, 26000, 26370, 26455, 26979, 27675, 28979, 32488]
Iter#37 New set #5 of size 42 (7.4 its/hit = 0.000s/hit): seed=1783908222372790415 [452, 1812, 2802, 3440, 3587, 5162, 5390, 5535, 6127, 7650, 9084, 9277, 10630, 10760, 12706, 13007, 16683, 17755, 18235, 18802, 19304, 19368, 19503, 20290, 20638, 21671, 21692, 23547, 23597, 23644, 23789, 23925, 24577, 25289, 25597, 27983, 28728, 28932, 30928, 31141, 32051, 32560]
Iter#42 New set #6 of size 42 (7.0 its/hit = 0.000s/hit): seed=9579606227403505271 [587, 719, 1394, 2224, 3110, 3318, 6139, 6147, 6150, 6321, 8261, 8471, 8785, 10495, 12455, 13945, 14991, 15452, 15458, 15916, 19502, 20116, 20739, 21201, 22162, 24103, 24201, 24275, 24295, 24399, 24479, 25768, 26718, 27074, 27351, 27853, 28145, 29991, 30047, 30196, 31512, 32574]
Iter#48 New set #7 of size 42 (6.9 its/hit = 0.000s/hit): seed=14481836948719547417 [910, 1436, 2735, 3472, 4094, 4223, 7012, 7224, 7591, 7628, 7819, 7928, 7999, 8406, 9216, 9755, 10485, 10640, 15638, 16688, 17999, 18483, 19271, 19908, 20187, 20515, 21233, 21845, 21951, 22404, 22725, 22931, 26469, 26604, 27889, 28050, 28063, 29013, 29033, 31051, 31941, 32441]
Iter#50 New set #8 of size 42 (6.2 its/hit = 0.000s/hit): seed=11395361427400158534 [1312, 1597, 1642, 1757, 2213, 2899, 3438, 4516, 5174, 7541, 7721, 8944, 9239, 12383, 12403, 12809, 13942, 16335, 17507, 19217, 19686, 19894, 20204, 20234, 20823, 21195, 22013, 23160, 24509, 24681, 24947, 25518, 26003, 26770, 26877, 27456, 28352, 28408, 28843, 29217, 30850, 31791]
Iter#52 New set #1 of size 43 (52.0 its/hit = 0.000s/hit): seed=15820747229964279421 [351, 532, 827, 917, 1336, 1709, 1855, 2517, 3459, 3640, 5846, 8346, 9018, 10970, 11727, 12571, 14274, 14331, 14542, 14697, 15100, 15441, 16324, 18865, 20705, 21282, 21751, 22284, 23287, 24373, 24534, 24741, 25145, 25262, 26806, 27628, 27786, 29119, 29428, 30447, 30892, 32241, 32391]
Iter#59 New set #1 of size 44 (59.0 its/hit = 0.000s/hit): seed=1215536080810948126 [997, 1835, 4064, 4392, 4424, 5563, 5731, 9060, 9127, 10238, 10833, 11299, 11335, 14052, 15322, 17245, 17804, 17987, 18277, 18293, 18303, 18468, 18581, 19142, 20032, 21227, 22294, 22319, 22709, 22897, 23094, 23122, 24248, 24400, 24760, 25093, 25413, 25810, 26515, 27442, 29168, 30427, 31448, 31781]
Iter#72 New set #2 of size 44 (36.0 its/hit = 0.000s/hit): seed=16498856719066350054 [243, 562, 2131, 2505, 3152, 3235, 4276, 5382, 5631, 5940, 6299, 7429, 7742, 7895, 8464, 8598, 8977, 9124, 10797, 12880, 13294, 13456, 13525, 13986, 14653, 14988, 17367, 17453, 17620, 18296, 18440, 19188, 20405, 20780, 23767, 24321, 25688, 25809, 27561, 27644, 29800, 29851, 30776, 30923]
Iter#157 New set #1 of size 45 (157.0 its/hit = 0.000s/hit): seed=6638413012016262343 [3126, 3173, 3558, 4221, 4992, 5048, 5179, 5325, 5563, 5886, 6541, 7867, 8309, 8725, 8966, 9800, 11098, 12009, 12131, 12221, 14138, 14856, 15216, 16813, 17791, 18929, 18980, 22341, 23051, 23328, 23868, 24582, 25582, 26188, 26841, 27696, 28785, 29313, 29644, 29763, 30141, 30575, 30758, 31115, 32180]
Iter#926 New set #2 of size 45 (463.0 its/hit = 2.500s/hit): seed=4691114138517047249 [59, 390, 1598, 2012, 3733, 5153, 5462, 5636, 5981, 6856, 8392, 8582, 8624, 9124, 10345, 10554, 11370, 11869, 12213, 16443, 16794, 16919, 17072, 18624, 19267, 19615, 20222, 20762, 21037, 21478, 21611, 22746, 23736, 24976, 25386, 25846, 26003, 26059, 27568, 28235, 28393, 29413, 30381, 31856, 32179]
Iter#3145 New set #1 of size 46 (3145.0 its/hit = 18.000s/hit): seed=8769680172381088909 [13, 186, 838, 1210, 1216, 1374, 2083, 2500, 3702, 5863, 6051, 6152, 7058, 7587, 7931, 8018, 8215, 8986, 10297, 11104, 11628, 12701, 12941, 14118, 15896, 15981, 16482, 19278, 19861, 20600, 20831, 21008, 22352, 22822, 23096, 23623, 25859, 26762, 26974, 27213, 27729, 28425, 28832, 29770, 30937, 31292]
Iter#3320 New set #1 of size 49 (3320.0 its/hit = 19.000s/hit): seed=2158166529462063577 [2358, 3577, 3927, 4112, 7668, 8152, 8899, 9145, 9238, 10453, 10854, 11151, 11897, 12090, 13536, 14226, 15263, 15457, 15488, 15495, 16288, 16342, 16461, 18831, 19751, 19892, 20256, 20357, 20922, 21105, 21139, 21207, 21247, 22943, 23656, 24150, 24239, 24547, 25088, 25230, 26083, 28318, 28535, 28998, 29200, 29948, 30245, 30743, 32534]
Iter#4126 New set #2 of size 49 (2063.0 its/hit = 11.500s/hit): seed=15731721610842343380 [23, 185, 3184, 3512, 3989, 4172, 4451, 4570, 4876, 5799, 6262, 6412, 6933, 9117, 9463, 11971, 11988, 12880, 13190, 14993, 16152, 16488, 16511, 16871, 16992, 17753, 17969, 18035, 18894, 18982, 21502, 22906, 23087, 24447, 24665, 25006, 25026, 26094, 26601, 27885, 28331, 28348, 28532, 28621, 30473, 31089, 31970, 32279, 32430]
Iter#6609 New set #1 of size 50 (6609.0 its/hit = 38.000s/hit): seed=4418361127582405660 [375, 873, 1807, 5731, 5934, 6034, 6545, 7159, 7838, 8106, 9547, 9949, 10111, 10480, 11457, 12306, 12904, 14859, 15228, 15413, 15658, 16226, 16437, 16732, 16931, 17413, 17460, 17778, 18602, 19210, 20733, 21368, 22439, 23203, 24811, 26596, 26821, 26831, 27874, 28119, 30240, 31098, 31477, 31837, 32084, 32270, 32373, 32389, 32599, 32633]
Iter#6621 New set #1 of size 51 (6621.0 its/hit = 38.000s/hit): seed=5516159882992504850 [264, 1716, 2215, 4188, 4494, 4611, 4682, 5303, 6199, 6363, 6395, 8943, 9489, 14274, 14450, 14934, 15198, 15315, 15818, 15893, 16297, 16867, 17098, 18263, 18389, 18851, 19923, 21028, 21472, 21844, 22051, 22315, 22481, 23057, 23310, 23879, 24593, 25154, 25772, 26587, 26644, 26954, 27659, 27765, 28029, 29936, 29968, 30164, 30759, 31831, 32512]
