[*] Computing DDT
[+] DDT Computed
DDT took 22.869825709s
Iter#1 New set #1 of size 37 (1.0 its/hit = 0.000s/hit): seed=7288559118226077916 [35, 256, 1340, 2035, 2966, 3556, 4723, 4903, 5178, 5221, 5846, 8013, 12686, 13842, 14673, 14976, 15374, 17282, 17919, 19200, 19464, 22527, 22932, 23905, 25050, 25162, 25267, 25605, 26396, 26511, 28473, 28673, 28717, 29080, 29631, 30081, 31206]
Iter#2 New set #2 of size 37 (1.0 its/hit = 0.000s/hit): seed=2926601225619308999 [894, 1708, 2925, 3207, 3233, 3403, 4483, 4740, 6874, 11708, 12251, 14522, 15523, 15704, 15778, 15974, 15997, 16237, 16575, 17584, 18109, 20204, 20213, 20613, 20758, 21464, 23222, 24983, 25243, 26509, 26620, 27767, 28135, 28854, 29035, 32380, 32476]
Iter#3 New set #3 of size 37 (1.0 its/hit = 0.000s/hit): seed=7690451641339454303 [61, 1453, 3009, 4890, 5342, 6342, 6786, 6864, 10252, 10572, 14087, 14293, 14474, 14977, 15304, 16566, 16603, 17093, 17335, 17858, 18298, 19304, 19313, 19320, 19421, 19530, 19714, 22726, 23406, 23820, 25179, 25235, 25269, 28019, 28850, 28910, 30311]
Iter#8 New set #4 of size 37 (2.0 its/hit = 0.000s/hit): seed=12299751478513926522 [70, 1760, 2722, 2859, 6929, 8906, 9263, 9431, 9795, 10320, 10899, 11140, 12541, 13158, 13770, 14302, 14379, 15139, 17599, 18051, 18178, 20007, 21837, 22330, 22345, 23919, 25017, 25153, 25235, 26793, 27089, 27702, 28925, 29375, 30256, 31255, 32615]
Iter#9 New set #5 of size 37 (1.8 its/hit = 0.000s/hit): seed=7605620495430069214 [49, 793, 1849, 2330, 2758, 7753, 8063, 8194, 9118, 10765, 11502, 12706, 12826, 14266, 15237, 15282, 16706, 17373, 17594, 20008, 20750, 21704, 22068, 22971, 23054, 24475, 24527, 26326, 26562, 27946, 28174, 29708, 29904, 30688, 31479, 31520, 32430]
Iter#11 New set #6 of size 37 (1.8 its/hit = 0.000s/hit): seed=14200013441826494635 [22, 721, 1704, 2139, 2862, 5022, 5325, 7053, 7359, 7805, 8432, 8489, 10719, 11084, 11724, 12569, 17563, 18210, 18333, 18759, 19843, 21468, 22249, 22682, 23433, 23582, 24729, 25508, 25710, 26022, 26612, 27906, 28011, 30570, 31777, 32263, 32491]
Iter#13 New set #7 of size 37 (1.9 its/hit = 0.000s/hit): seed=7680474456346825848 [2090, 2101, 2763, 3496, 3709, 3733, 4369, 4758, 5368, 7674, 8259, 8699, 9928, 10150, 10363, 12218, 12818, 12976, 14016, 15463, 17229, 18322, 18491, 19505, 19522, 19663, 20335, 21453, 23101, 23599, 25672, 25938, 28094, 29149, 30906, 31516, 32061]
Iter#14 New set #1 of size 38 (14.0 its/hit = 0.000s/hit): seed=7717851000014363486 [1690, 4885, 5232, 5348, 5506, 5631, 6000, 7184, 7380, 8506, 8689, 9578, 9657, 9794, 10085, 10394, 11315, 13212, 13283, 13868, 14232, 14261, 14278, 15758, 17534, 21726, 22826, 24272, 26087, 26712, 26834, 26934, 26971, 27623, 27844, 27918, 30764, 32398]
Iter#15 New set #2 of size 38 (7.5 its/hit = 0.000s/hit): seed=8220930679436537587 [470, 846, 1816, 3106, 4057, 5010, 5183, 6590, 8365, 8573, 11387, 12556, 13535, 15510, 16520, 17189, 18138, 21134, 21366, 21509, 21550, 22562, 23726, 25129, 25250, 26747, 28040, 28171, 28712, 28823, 28910, 29348, 29922, 30196, 30922, 31510, 31568, 31782]
Iter#19 New set #3 of size 38 (6.3 its/hit = 0.000s/hit): seed=10439367031901343408 [190, 537, 923, 2955, 3096, 6544, 6748, 6788, 7619, 7930, 9400, 10918, 11486, 12172, 12432, 12625, 12794, 13906, 14174, 17216, 17708, 18280, 18326, 18680, 21542, 22769, 24048, 25743, 26332, 26664, 27962, 27986, 28904, 29641, 29679, 29931, 30369, 32016]
Iter#25 New set #4 of size 38 (6.2 its/hit = 0.000s/hit): seed=17308419052872450661 [278, 1094, 1479, 2213, 2263, 4458, 7207, 7881, 8732, 8852, 9456, 10068, 11227, 15133, 15587, 15609, 15918, 16141, 16446, 18308, 18519, 19503, 21166, 21772, 23016, 23591, 25530, 27894, 27901, 28540, 28594, 28969, 29327, 30505, 30857, 31429, 31529, 32002]
Iter#27 New set #5 of size 38 (5.4 its/hit = 0.000s/hit): seed=5376672388966745126 [1293, 1442, 1980, 2376, 2834, 3059, 4757, 5794, 6248, 7014, 7422, 8088, 9820, 10100, 10163, 10699, 12923, 13436, 14167, 14287, 14770, 15580, 15697, 16027, 16955, 20155, 20742, 22404, 22505, 23626, 24416, 25192, 27072, 27685, 28852, 29412, 30288, 31439]
Iter#30 New set #6 of size 38 (5.0 its/hit = 0.000s/hit): seed=2033143897955007200 [913, 1268, 1439, 1456, 1918, 2094, 3388, 4041, 4485, 4569, 4643, 5811, 6540, 6959, 9240, 10414, 10623, 11344, 11913, 17268, 19396, 20506, 20964, 24249, 24665, 24918, 25294, 25299, 25550, 25836, 26660, 26828, 26908, 27716, 28349, 29059, 30520, 32550]
Iter#32 New set #1 of size 39 (32.0 its/hit = 0.000s/hit): seed=4522069006519295215 [1427, 1666, 2340, 3910, 4689, 4892, 6434, 10179, 10329, 10409, 10574, 10966, 11064, 11342, 13508, 13601, 13844, 15566, 15959, 16146, 17421, 18207, 19601, 19786, 20353, 20454, 20885, 21071, 21175, 22988, 23390, 25422, 25452, 26728, 29336, 29695, 31035, 31969, 32279]
Iter#56 New set #2 of size 39 (28.0 its/hit = 0.000s/hit): seed=14827821192327052098 [575, 1328, 4703, 5225, 6000, 6183, 6694, 7133, 9257, 11028, 12867, 13962, 15259, 16807, 18421, 18809, 18904, 19836, 19938, 20649, 21471, 21532, 23411, 23931, 26368, 26758, 26841, 27502, 27646, 27949, 29306, 30432, 30630, 30764, 32156, 32232, 32424, 32579, 32629]
Iter#67 New set #1 of size 40 (67.0 its/hit = 0.000s/hit): seed=10128257664765524296 [30, 697, 829, 1393, 1728, 1867, 1962, 2682, 2772, 3135, 4071, 5762, 7036, 7930, 8211, 8531, 11232, 11323, 12157, 12839, 13072, 13385, 14041, 14370, 14787, 17937, 18891, 20764, 21708, 22574, 23216, 24185, 24299, 25503, 26003, 28238, 28766, 30949, 31417, 31844]
Iter#186 New set #2 of size 40 (93.0 its/hit = 0.000s/hit): seed=2747407367856329992 [707, 982, 2269, 4325, 4542, 5381, 6877, 7116, 7238, 7252, 9296, 9922, 10649, 11524, 13104, 14929, 15818, 16070, 16488, 18165, 18363, 18420, 18433, 18602, 19792, 20247, 20680, 21216, 22177, 23051, 25153, 27168, 27498, 28528, 30023, 30198, 31241, 31509, 31648, 32534]
Iter#379 New set #3 of size 40 (126.3 its/hit = 0.333s/hit): seed=472426177540719276 [433, 638, 2242, 2609, 4003, 6731, 6780, 7105, 7173, 7449, 7531, 7579, 8508, 9899, 10128, 10328, 11182, 12205, 12403, 14310, 14576, 15236, 15489, 15586, 15850, 15997, 16861, 19927, 20133, 21893, 22752, 22787, 23205, 24850, 25015, 25368, 28720, 28884, 29632, 29919]
Iter#457 New set #4 of size 40 (114.2 its/hit = 0.500s/hit): seed=10083131490235771108 [980, 1198, 2562, 2592, 3882, 4407, 5732, 6201, 6869, 6994, 7502, 7613, 7862, 8320, 8769, 9143, 9173, 11444, 11904, 12442, 13117, 13668, 14622, 15876, 16413, 18187, 18351, 20816, 20948, 22092, 22944, 23926, 25067, 25338, 26797, 27228, 27261, 28895, 30672, 31330]
Iter#502 New set #1 of size 42 (502.0 its/hit = 2.000s/hit): seed=3132401060842442321 [125, 273, 1238, 2365, 4164, 4394, 6747, 7808, 9349, 9431, 12035, 12117, 12789, 13516, 14972, 14986, 15388, 16004, 16090, 16753, 16839, 17432, 17755, 18232, 18764, 19189, 19369, 20256, 21489, 21721, 21896, 21967, 22881, 23232, 25800, 26793, 27373, 27499, 28178, 28603, 31452, 32757]
Iter#8545 New set #2 of size 42 (4272.5 its/hit = 21.500s/hit): seed=15333659868284970923 [2066, 3840, 4390, 4395, 4979, 6837, 7362, 7661, 9079, 9320, 9638, 10816, 10876, 11311, 12682, 12907, 14264, 14362, 14395, 16369, 17225, 17557, 18038, 19513, 20215, 20226, 21031, 21692, 23114, 24457, 24630, 27699, 27947, 28069, 28609, 28700, 29408, 29873, 29883, 30584, 32418, 32547]
Iter#10036 New set #1 of size 45 (10036.0 its/hit = 51.000s/hit): seed=16897209537701146388 [961, 1480, 2434, 2569, 3146, 4183, 4350, 4637, 5693, 5913, 6481, 6949, 7027, 8695, 9525, 10305, 10422, 13330, 13770, 14323, 14465, 15428, 15725, 16707, 16976, 17238, 17304, 17950, 18212, 18687, 18878, 20307, 22522, 25797, 26167, 27351, 27869, 28045, 29282, 29788, 30923, 31091, 32319, 32673, 32753]
Iter#237822 New set #2 of size 45 (118911.0 its/hit = 615.500s/hit): seed=12216955184898548481 [155, 458, 952, 1469, 1926, 2176, 3178, 3250, 4102, 5739, 6759, 7390, 7591, 8476, 8827, 9494, 11637, 14586, 14976, 15232, 15352, 16869, 17015, 18069, 18249, 18459, 18618, 18871, 19005, 19831, 22874, 22907, 23052, 23256, 23384, 23872, 25071, 25258, 25728, 27135, 28059, 28487, 28521, 29284, 32347]
Iter#497595 New set #1 of size 49 (497595.0 its/hit = 2581.000s/hit): seed=15061496516468930188 [987, 1504, 1899, 2031, 2063, 3449, 4065, 4439, 6196, 8460, 8952, 9239, 10768, 11349, 12044, 12268, 13014, 13134, 14770, 15950, 16690, 17105, 17479, 18246, 19009, 19115, 19200, 19206, 19242, 20369, 20512, 20929, 21255, 21333, 21966, 23478, 24532, 25384, 26969, 28302, 28419, 28476, 29101, 29828, 30616, 30984, 31323, 32262, 32555]
Iter#1237839 New set #1 of size 50 (1237839.0 its/hit = 6418.000s/hit): seed=138157467351585883 [95, 381, 572, 927, 2445, 3236, 3450, 3577, 3910, 4039, 6756, 7313, 7428, 7547, 7850, 10193, 10820, 11008, 12247, 13239, 13786, 14798, 19256, 19898, 20112, 20458, 20934, 20961, 21289, 21317, 21615, 21882, 22247, 22877, 22989, 23387, 25533, 26020, 26596, 26671, 26955, 27827, 27905, 27954, 29233, 30168, 30429, 30728, 31241, 32037]
Iter#3758903 New set #1 of size 53 (3758903.0 its/hit = 19526.000s/hit): seed=4954244535839177572 [309, 894, 1243, 1366, 3645, 6208, 6612, 7473, 7621, 8312, 9056, 9535, 10999, 12465, 13076, 13176, 13188, 13347, 13639, 13786, 14274, 14928, 16349, 16408, 16946, 20305, 20470, 20521, 21803, 23286, 23395, 23413, 24230, 24390, 24624, 25441, 25896, 26279, 26382, 26478, 26757, 26901, 26940, 27633, 28245, 28272, 29036, 29250, 29636, 31235, 31559, 31814, 32581]
