[*] Computing DDT
[+] DDT Computed
DDT took 22.869026451s
Iter#1 New set #1 of size 50 (1.0 its/hit = 0.000s/hit): seed=11667367991573137918 [0, 74, 587, 1606, 1804, 1862, 2044, 2420, 3198, 3250, 3277, 5471, 5720, 5832, 5972, 6320, 7018, 8939, 9411, 9828, 10057, 10939, 11384, 13024, 13575, 14198, 14337, 14751, 15231, 15992, 16808, 16866, 18084, 18158, 19097, 20595, 20666, 23082, 24861, 24970, 25383, 25792, 26712, 27180, 28607, 28824, 30366, 30455, 30891, 32298]
Iter#51 New set #1 of size 52 (51.0 its/hit = 0.000s/hit): seed=18227418558379522147 [0, 649, 1009, 1120, 2292, 2500, 4044, 4883, 5241, 6779, 8783, 10449, 10599, 11246, 11473, 13676, 13705, 13737, 14144, 14942, 15877, 16611, 16735, 17456, 17648, 17740, 17851, 18105, 19043, 19147, 20475, 21195, 21367, 22086, 22232, 22263, 22372, 23603, 23924, 23968, 26076, 26112, 26385, 26515, 27837, 27844, 27988, 27991, 28638, 29403, 32081, 32141]
Iter#139 New set #2 of size 52 (69.5 its/hit = 0.000s/hit): seed=4063224271250558582 [0, 306, 784, 1144, 1503, 2049, 4096, 4536, 4788, 4813, 6560, 7480, 7516, 8371, 8982, 9018, 10126, 10168, 11064, 11871, 12654, 12817, 13915, 14053, 14166, 14332, 15595, 17355, 17466, 17511, 17856, 18259, 19015, 21760, 21991, 22612, 22912, 24472, 24563, 25344, 25576, 26521, 26892, 27810, 28208, 28544, 29278, 30276, 30691, 31101, 31672, 32229]
Iter#264 New set #1 of size 53 (264.0 its/hit = 1.000s/hit): seed=3757401376106477128 [0, 121, 339, 2407, 2706, 3832, 4266, 4886, 4966, 7575, 10381, 10737, 11128, 13414, 13521, 13823, 14109, 14459, 14713, 14984, 15302, 15493, 15819, 16528, 16977, 18275, 19045, 21065, 21991, 22059, 22986, 23103, 23209, 23815, 23974, 25383, 26977, 28070, 28744, 28882, 29084, 29264, 29493, 29851, 29942, 30431, 30461, 30609, 30718, 30752, 31701, 31867, 32457]
Iter#391 New set #2 of size 53 (195.5 its/hit = 0.500s/hit): seed=2080358813788686467 [0, 240, 926, 2455, 2627, 3122, 5840, 10626, 10637, 11392, 11924, 12017, 12081, 12363, 13152, 16750, 16752, 17263, 17308, 17431, 17522, 18053, 18630, 19210, 19437, 19808, 21048, 21370, 21642, 21961, 22284, 22461, 23252, 23684, 24061, 24309, 24919, 24920, 24999, 25481, 26100, 26344, 27150, 27978, 28073, 28321, 28516, 28707, 29419, 29639, 30584, 31057, 31557]
Iter#549 New set #1 of size 57 (549.0 its/hit = 2.000s/hit): seed=13389570011580851779 [0, 327, 1019, 1183, 1503, 1758, 1950, 2370, 3172, 4284, 4395, 4997, 6083, 6216, 6730, 8041, 8410, 9926, 10251, 10372, 10417, 10511, 10916, 12299, 12478, 12537, 12789, 12795, 14431, 15237, 15385, 15656, 16634, 16852, 17297, 17596, 19049, 21135, 21399, 22351, 22629, 23148, 23513, 23757, 24926, 25954, 26115, 26657, 26977, 27232, 27424, 28518, 28799, 29329, 29406, 29544, 31233]
Iter#863 New set #1 of size 64 (863.0 its/hit = 3.000s/hit): seed=16864689033274520287 [0, 723, 898, 1524, 2602, 3993, 4446, 5228, 5577, 6445, 6733, 6777, 7451, 7633, 7789, 8188, 9164, 9874, 9909, 10815, 10842, 11150, 13367, 13670, 14490, 14710, 15874, 16144, 17093, 19500, 19596, 19867, 19868, 20356, 20886, 21082, 21397, 21489, 21580, 21789, 22639, 23217, 23415, 24345, 25174, 25246, 25256, 25593, 25783, 25962, 26187, 26566, 27366, 28639, 29329, 29604, 29934, 29951, 30261, 30787, 31121, 31147, 32239, 32728]
Iter#14402 New set #2 of size 64 (7201.0 its/hit = 34.000s/hit): seed=7764699307472431397 [0, 259, 295, 678, 1384, 1508, 1563, 1608, 1886, 2016, 2042, 2213, 2418, 2739, 3237, 3936, 3991, 4219, 4890, 6369, 6944, 7174, 7260, 7342, 7849, 8147, 8194, 9468, 11051, 11257, 12236, 13001, 13382, 13870, 15357, 16317, 16614, 16652, 16934, 17191, 17518, 17841, 18926, 19715, 19873, 20520, 20853, 20994, 21172, 21607, 23239, 23371, 23695, 24566, 26510, 27380, 28102, 28191, 28436, 28687, 28958, 30869, 31408, 32130]
Iter#21615 New set #3 of size 64 (7205.0 its/hit = 34.000s/hit): seed=14611794149197371336 [0, 137, 375, 992, 1332, 1623, 1631, 1858, 2248, 3200, 3341, 4093, 4346, 4871, 5027, 5045, 5299, 5744, 5877, 6856, 7064, 7920, 8626, 8773, 9801, 11080, 11917, 12210, 12341, 12645, 13164, 13706, 13808, 14199, 14751, 15810, 17357, 17826, 17998, 18171, 18206, 19075, 21066, 21348, 22033, 22235, 23112, 23807, 23818, 24507, 24691, 24753, 25870, 25965, 26164, 26443, 27097, 27261, 27715, 27827, 27967, 28131, 30412, 31295]
Iter#23082 New set #4 of size 64 (5770.5 its/hit = 27.250s/hit): seed=15313305734383204026 [0, 38, 144, 1093, 2258, 3352, 3963, 4313, 4341, 4599, 5637, 6583, 6585, 6652, 8574, 8605, 8686, 8762, 9166, 9979, 10926, 11742, 11770, 11897, 11994, 14077, 14279, 14692, 15229, 16022, 16026, 16234, 16403, 16752, 17704, 17792, 19289, 19528, 19677, 20542, 20878, 22040, 22476, 22871, 22914, 23170, 23828, 24030, 24097, 24241, 26318, 26488, 27096, 28859, 29468, 29637, 29779, 30210, 30271, 30893, 30921, 31992, 32607, 32719]
Iter#25698 New set #5 of size 64 (5139.6 its/hit = 24.200s/hit): seed=10516402455543424513 [0, 285, 646, 710, 2268, 2778, 2887, 2925, 3098, 3587, 4222, 5230, 6111, 7020, 8373, 9222, 9360, 10141, 10923, 11340, 11380, 11633, 11719, 11868, 12305, 12769, 13527, 14359, 15355, 15424, 15942, 16065, 17046, 17718, 18572, 19117, 19504, 20353, 20610, 20962, 21007, 21299, 21605, 22115, 22150, 22672, 22846, 23458, 24143, 24420, 24731, 24825, 25284, 25343, 25455, 26537, 29105, 29483, 30066, 31334, 31463, 31659, 31800, 32174]
Iter#26076 New set #6 of size 64 (4346.0 its/hit = 20.500s/hit): seed=1631957757157856564 [0, 424, 429, 449, 795, 1552, 1965, 2631, 2698, 3038, 3187, 3810, 3844, 4207, 5002, 5489, 6082, 7089, 7096, 7196, 7236, 7714, 7984, 8176, 8674, 8826, 9041, 9595, 9778, 10824, 11071, 11776, 11923, 12004, 12029, 13176, 13627, 13909, 13943, 14146, 14216, 14475, 14590, 16034, 16520, 17598, 17723, 18792, 19269, 21201, 22029, 24061, 24584, 25772, 26004, 27112, 27376, 27639, 28006, 29766, 30648, 31850, 31924, 32152]
Iter#30940 New set #7 of size 64 (4420.0 its/hit = 20.857s/hit): seed=12796633233836527156 [0, 403, 556, 1050, 1525, 1564, 1762, 2564, 2565, 3786, 3932, 4179, 4392, 5208, 5365, 5501, 6428, 6807, 7010, 7984, 8281, 8673, 8712, 9391, 9845, 11016, 11262, 11989, 12258, 13564, 14478, 15506, 17458, 18272, 18395, 20912, 22323, 22332, 22662, 23023, 23178, 23602, 23718, 24074, 24614, 25551, 25923, 26083, 26130, 26369, 26579, 27385, 27623, 27765, 27904, 28112, 28457, 28863, 29352, 29596, 29859, 30212, 30923, 31927]
Iter#34356 New set #8 of size 64 (4294.5 its/hit = 20.375s/hit): seed=12860860209497576169 [0, 235, 1644, 1719, 2508, 2562, 2920, 3140, 3349, 3600, 3962, 5068, 5160, 6049, 6079, 6430, 6864, 6932, 7613, 8098, 8469, 8482, 8528, 8604, 11031, 11211, 11561, 11582, 11964, 12426, 12438, 13552, 13994, 14494, 14968, 14994, 15422, 15423, 15528, 15749, 17134, 17812, 18010, 20524, 21830, 22152, 23237, 23392, 23480, 23671, 23748, 24062, 26192, 27586, 27632, 27879, 28036, 29157, 29349, 29647, 30391, 30685, 30842, 31500]
Iter#37637 New set #9 of size 64 (4181.9 its/hit = 19.778s/hit): seed=13956522912555874784 [0, 644, 800, 1671, 2339, 3456, 3744, 3834, 4021, 4398, 4622, 5520, 6502, 7277, 7342, 8078, 9143, 9178, 9257, 9385, 10112, 10558, 11100, 11387, 11705, 12320, 13923, 14166, 14248, 14772, 14907, 15627, 16469, 17369, 18408, 18876, 18982, 20747, 21011, 21470, 21568, 22065, 22370, 22610, 22907, 23713, 23861, 24162, 25191, 26099, 26105, 26597, 27014, 27538, 27628, 27730, 28542, 29779, 30295, 30334, 30983, 31960, 32022, 32539]
Iter#40190 New set #10 of size 64 (4019.0 its/hit = 19.100s/hit): seed=15597508765383813496 [0, 876, 950, 3014, 3030, 3077, 3213, 3576, 6799, 7035, 7608, 7690, 8563, 8843, 9244, 9347, 9718, 10282, 10739, 11654, 13043, 13081, 13208, 14105, 14706, 15045, 15841, 15887, 18369, 18988, 19396, 19793, 19794, 20114, 20949, 21045, 21211, 21829, 22184, 22192, 22780, 23074, 23211, 23383, 24754, 25123, 25143, 25719, 26013, 27081, 27592, 27980, 28210, 28671, 28876, 29228, 29336, 29529, 29554, 29663, 29851, 30428, 31979, 32016]
Iter#58876 New set #20 of size 64 (2943.8 its/hit = 13.950s/hit): seed=4325761649416478713 [0, 465, 705, 1696, 2261, 2819, 3156, 3908, 4320, 4857, 5555, 5893, 6434, 7655, 8388, 8738, 9033, 10311, 10891, 10953, 11664, 11944, 12540, 12648, 13047, 14506, 14563, 14604, 15074, 15309, 15620, 15747, 17636, 17835, 17957, 18383, 19459, 19813, 20815, 21003, 21583, 22367, 22620, 22986, 23181, 23258, 23387, 23409, 23613, 23901, 24953, 25426, 25928, 27501, 27977, 28512, 28756, 29728, 29749, 30861, 31342, 32232, 32553, 32600]
Iter#99988 New set #30 of size 64 (3332.9 its/hit = 15.833s/hit): seed=17781130495506323807 [0, 61, 742, 1062, 1204, 1232, 1803, 1901, 1935, 1937, 2981, 5151, 5551, 5770, 9084, 9300, 9606, 9628, 9975, 10400, 10787, 10788, 11451, 11827, 11833, 14351, 14475, 15312, 15319, 15556, 15638, 16124, 16408, 16524, 17277, 17385, 17713, 19087, 19231, 19813, 19889, 19953, 19968, 19984, 20115, 20116, 20294, 22020, 22486, 23722, 24155, 24416, 24423, 24463, 24749, 25106, 25719, 26121, 27269, 27400, 28430, 28948, 29072, 29880]
Iter#128392 New set #40 of size 64 (3209.8 its/hit = 15.250s/hit): seed=10810734918609858207 [0, 165, 894, 1198, 2100, 2693, 3686, 3904, 4736, 5717, 6540, 7475, 7551, 7622, 9167, 9456, 9986, 10536, 10618, 11205, 11347, 11405, 11582, 11923, 12318, 12488, 13891, 14973, 16660, 16872, 17397, 17714, 18019, 18417, 18695, 18838, 19362, 20359, 20627, 20652, 21181, 21380, 22069, 22299, 23182, 23680, 23928, 23948, 24132, 24506, 24819, 25317, 25439, 26278, 26297, 27211, 27271, 28348, 29533, 30065, 30195, 31231, 31931, 32140]
Iter#162819 New set #50 of size 64 (3256.4 its/hit = 15.480s/hit): seed=11537836762779557863 [0, 18, 300, 304, 358, 1537, 3277, 3777, 4231, 4462, 4734, 5039, 5043, 5365, 5505, 7203, 7204, 7698, 8225, 9490, 9670, 10622, 11015, 11255, 14852, 15073, 15112, 15129, 16536, 16876, 17187, 17553, 17982, 18144, 18172, 18387, 19189, 19945, 20058, 20456, 20834, 21603, 21631, 21771, 21910, 22547, 22708, 23230, 23977, 24133, 25363, 25425, 25515, 26746, 26987, 28543, 28925, 29113, 29279, 29509, 31431, 32281, 32632, 32752]
Iter#196178 New set #60 of size 64 (3269.6 its/hit = 15.567s/hit): seed=96248448290366558 [0, 149, 1111, 1291, 1450, 2034, 2227, 2387, 2691, 3342, 3390, 3969, 4121, 5062, 6006, 6502, 6629, 6878, 7239, 7308, 8690, 9121, 9463, 10119, 10148, 10246, 11140, 11718, 13094, 13377, 15296, 15640, 17124, 17314, 17595, 17676, 17910, 18874, 19015, 20189, 21228, 21470, 21517, 22035, 23077, 23175, 23841, 24564, 25043, 25544, 26833, 26911, 27281, 27503, 27539, 28191, 29416, 31145, 31241, 31540, 31660, 31859, 32110, 32278]
Iter#244808 New set #70 of size 64 (3497.3 its/hit = 16.643s/hit): seed=7510230134448409868 [0, 427, 1034, 2392, 2575, 2959, 3186, 3637, 3911, 4353, 5003, 5319, 5368, 6227, 6582, 6815, 6936, 6949, 7040, 7774, 9218, 9484, 10474, 10827, 11804, 11814, 11874, 12747, 13354, 13480, 13482, 13701, 13855, 14068, 16012, 16291, 16644, 16648, 16874, 17519, 18757, 18826, 18834, 18843, 20169, 20970, 22231, 22520, 22997, 23793, 24030, 24556, 25756, 25789, 26174, 27663, 27990, 28187, 28501, 29460, 30416, 31027, 31596, 32198]
Iter#300749 New set #80 of size 64 (3759.4 its/hit = 17.900s/hit): seed=17326387149185405906 [0, 1333, 1343, 3697, 3967, 4159, 4294, 4327, 4610, 4883, 6872, 7943, 7974, 8140, 8386, 8671, 9548, 9656, 9725, 9728, 9791, 9887, 10126, 10149, 11612, 11820, 11823, 12366, 12561, 12779, 13527, 16029, 17211, 18110, 18570, 18674, 19893, 21015, 21348, 21836, 22239, 22779, 23018, 23701, 23703, 24197, 25220, 25239, 25270, 25959, 26132, 26302, 26429, 26696, 27750, 27858, 27990, 28023, 28164, 28873, 31198, 31388, 31488, 31545]
Iter#352552 New set #90 of size 64 (3917.2 its/hit = 18.656s/hit): seed=14040561519118158539 [0, 219, 239, 804, 2855, 2884, 3130, 5758, 6395, 7159, 7417, 7466, 8467, 8759, 9073, 9659, 9781, 10341, 10699, 12778, 13095, 13392, 13832, 13926, 14158, 14639, 15874, 16141, 17207, 17748, 18159, 18345, 18500, 18635, 18924, 19562, 20013, 20302, 20424, 21029, 21200, 21236, 21271, 21398, 21572, 22055, 23449, 23573, 25051, 25791, 26462, 26857, 27175, 27444, 27481, 27883, 28025, 28253, 28397, 28716, 29400, 30858, 31305, 31332]
Iter#389820 New set #100 of size 64 (3898.2 its/hit = 18.570s/hit): seed=4423523579734198975 [0, 352, 1101, 1655, 3116, 3839, 4078, 4162, 4558, 4635, 5528, 5542, 5626, 6051, 6477, 6638, 7633, 7683, 8647, 9173, 10027, 10263, 11802, 12346, 12899, 13431, 13434, 13698, 14299, 15231, 15263, 16191, 17658, 18287, 19325, 19418, 19767, 20210, 20375, 20606, 20631, 21271, 23168, 23346, 23767, 23837, 24870, 25958, 26262, 27235, 27472, 27843, 28045, 28195, 28347, 29411, 29963, 30112, 30571, 30911, 31146, 31712, 32430, 32685]
Iter#756857 New set #200 of size 64 (3784.3 its/hit = 18.045s/hit): seed=1174582522410041118 [0, 158, 439, 1005, 1365, 1444, 2553, 2915, 4881, 5158, 5633, 7121, 7303, 7572, 7676, 8042, 8598, 9314, 9707, 9889, 9970, 10589, 10608, 11226, 13081, 13083, 13108, 13951, 14504, 14882, 14904, 16269, 17085, 17217, 17693, 17945, 18752, 18797, 19117, 19408, 19480, 20087, 20589, 20865, 21252, 21286, 21289, 21538, 21813, 21898, 21959, 22058, 22298, 23148, 24372, 24543, 26575, 27932, 30406, 30586, 31387, 31687, 31984, 32526]
Iter#1066584 New set #300 of size 64 (3555.3 its/hit = 16.957s/hit): seed=1135919376352783026 [0, 1308, 3694, 3772, 4237, 4595, 4791, 7067, 7317, 7450, 7619, 7675, 7782, 7815, 7921, 7969, 8854, 9112, 10011, 10093, 10281, 11420, 13169, 13324, 13553, 13738, 14051, 14354, 16482, 17008, 17025, 17143, 17960, 18466, 18556, 18589, 19200, 19425, 19940, 20037, 20678, 20832, 23821, 24190, 24594, 25003, 25320, 25327, 26612, 26630, 26832, 27156, 28059, 28383, 28923, 29747, 30955, 31091, 31289, 31309, 31517, 31595, 31723, 31855]
Iter#1444589 New set #1 of size 71 (1444589.0 its/hit = 6896.000s/hit): seed=8556238036873715769 [0, 753, 1076, 1339, 1459, 1473, 1556, 2454, 2947, 3024, 3372, 3957, 4397, 5124, 6030, 7232, 7401, 7534, 8100, 8297, 8441, 8574, 8577, 8908, 10208, 10570, 11806, 12440, 13436, 13638, 13807, 14372, 14708, 14755, 15488, 16488, 16724, 16921, 17872, 18411, 19773, 20101, 20104, 21492, 21525, 22359, 22832, 22937, 23010, 23298, 23800, 25332, 25902, 25921, 26498, 26757, 26877, 27413, 28233, 28726, 28753, 28831, 29304, 31526, 31542, 31585, 31595, 31804, 31871, 32625, 32700]
Iter#1511356 New set #2 of size 71 (755678.0 its/hit = 3607.500s/hit): seed=12406294208530860092 [0, 1196, 1303, 1368, 1856, 2008, 2583, 2738, 2916, 3219, 3333, 3433, 3544, 3875, 4256, 4326, 4520, 4822, 5055, 5590, 6113, 6255, 6941, 7455, 7567, 7674, 8677, 8686, 9580, 9809, 9894, 11144, 11215, 11222, 11431, 11934, 13026, 13286, 13714, 13888, 15145, 15680, 16056, 16518, 17898, 18437, 18719, 19031, 19034, 20029, 20422, 20630, 21464, 21835, 22577, 22778, 24152, 24795, 26914, 28374, 28457, 28839, 29112, 30190, 30414, 31107, 31255, 31692, 32297, 32349, 32515]
Iter#1610099 New set #3 of size 71 (536699.7 its/hit = 2562.000s/hit): seed=881875899079614889 [0, 660, 971, 2255, 3501, 4221, 4530, 5056, 5407, 5665, 6170, 6461, 6811, 6975, 7149, 7767, 8858, 9520, 9868, 10013, 10764, 11082, 12173, 12954, 13433, 13525, 13862, 14303, 14307, 14745, 14815, 14860, 14977, 15608, 15948, 16022, 16558, 17021, 18460, 18488, 18612, 18693, 19134, 19463, 19762, 19822, 19838, 20654, 21256, 21964, 22333, 22398, 22584, 22659, 24276, 24693, 25628, 26533, 27108, 28216, 29816, 30242, 30651, 30915, 31333, 32181, 32183, 32234, 32332, 32592, 32662]
Iter#1730450 New set #4 of size 71 (432612.5 its/hit = 2065.250s/hit): seed=5758918444561029244 [0, 1147, 1391, 1505, 1539, 2467, 3108, 3364, 4170, 4447, 4481, 4552, 5130, 5346, 5758, 5769, 6837, 7114, 7165, 7832, 8227, 9709, 10190, 10494, 12315, 13598, 13712, 14547, 14772, 15994, 16362, 17304, 17384, 18040, 19350, 19416, 20187, 20918, 21241, 21561, 21570, 22021, 22198, 22302, 22416, 22630, 22648, 22659, 24051, 24101, 24531, 24705, 25042, 26006, 26479, 26593, 28037, 28098, 28150, 28162, 28622, 28918, 29548, 29579, 30187, 31202, 31217, 31357, 31516, 31849, 32731]
Iter#2186468 New set #5 of size 71 (437293.6 its/hit = 2089.200s/hit): seed=13413600389795311054 [0, 152, 450, 764, 1753, 3369, 3816, 4726, 4851, 5262, 7011, 7705, 8409, 8461, 9188, 9453, 9459, 9738, 9971, 10211, 10831, 11485, 12077, 12527, 13268, 13717, 13925, 14188, 14204, 14219, 14721, 16486, 17383, 17681, 17697, 17830, 18408, 18741, 18786, 18804, 19090, 19304, 19332, 19470, 20522, 21466, 21623, 21682, 21802, 22158, 23026, 24857, 24957, 25336, 25584, 26498, 26696, 27222, 27662, 27751, 28843, 29256, 29652, 29745, 30081, 30442, 30568, 31024, 31534, 32273, 32348]
Iter#2653730 New set #6 of size 71 (442288.3 its/hit = 2117.500s/hit): seed=17198994241323585590 [0, 670, 1748, 2227, 2514, 2995, 3195, 3383, 3542, 4265, 4697, 4892, 5620, 5757, 5855, 5916, 5937, 7030, 8016, 8284, 8505, 8557, 9173, 9986, 10221, 11138, 11366, 12198, 12688, 12894, 14143, 14148, 14155, 14313, 15529, 16842, 17041, 18101, 18322, 19084, 19097, 20461, 22643, 22737, 23137, 23812, 24205, 26334, 26755, 26796, 26860, 27021, 27087, 27422, 27429, 27598, 28335, 28659, 28802, 28853, 29245, 29317, 29641, 30242, 30531, 31045, 31207, 31504, 31562, 32137, 32622]
Iter#2749292 New set #7 of size 71 (392756.0 its/hit = 1881.429s/hit): seed=15081693042238299452 [0, 104, 1476, 2197, 2259, 2475, 2790, 2913, 4089, 4101, 4382, 4667, 4884, 5052, 6360, 7403, 8276, 8446, 9834, 9866, 9868, 10856, 11819, 11988, 12202, 12204, 12368, 13775, 13986, 14070, 14193, 14682, 15005, 15314, 15568, 16705, 16864, 18512, 18567, 18610, 19830, 19833, 20146, 20206, 20222, 20358, 21713, 21866, 21868, 22444, 23184, 23427, 23626, 23628, 24069, 24650, 25277, 25306, 26398, 26629, 26873, 27009, 27095, 28594, 29121, 30261, 30396, 30713, 31044, 32169, 32755]
Iter#2953390 New set #8 of size 71 (369173.8 its/hit = 1770.375s/hit): seed=14464330275906203125 [0, 3, 143, 283, 439, 913, 1071, 1419, 1587, 1595, 1782, 2175, 2226, 3034, 3287, 4244, 5472, 5930, 6250, 6329, 6377, 6514, 6936, 7074, 8544, 8602, 9233, 9932, 11031, 11663, 12268, 13089, 13368, 15435, 15577, 15583, 16513, 16950, 17147, 18937, 19404, 19570, 19647, 19818, 20825, 21531, 21572, 21691, 21763, 21957, 22119, 22600, 22729, 24385, 24439, 25596, 26602, 26692, 26723, 27401, 27425, 27946, 28136, 28431, 28956, 29853, 30218, 30662, 31541, 31607, 32732]
Iter#2979247 New set #9 of size 71 (331027.4 its/hit = 1587.667s/hit): seed=7500099369496533450 [0, 1369, 2229, 2420, 3545, 3808, 4338, 4891, 5078, 5221, 5776, 6191, 6232, 6443, 7519, 7570, 7919, 8087, 8760, 9151, 9353, 10625, 10797, 11773, 12439, 12507, 12588, 12764, 14127, 14279, 14665, 14726, 14951, 15506, 16139, 16312, 17316, 18998, 19163, 20136, 20518, 20672, 20781, 20984, 21227, 21532, 22294, 22491, 22866, 22943, 23614, 23841, 24298, 25494, 26597, 27520, 28396, 28703, 28710, 28794, 29093, 29162, 29804, 29871, 30090, 30290, 30725, 30860, 31979, 32219, 32307]
