[*] Computing DDT
[+] DDT Computed
DDT took 23.832817887s
Iter#1 New set #1 of size 36 (1.0 its/hit = 0.000s/hit): seed=7789892008352501349 [549, 4201, 4332, 5440, 5891, 6811, 7258, 7595, 8187, 9035, 10262, 11149, 11427, 13996, 14828, 17187, 18768, 20133, 20198, 21227, 22245, 22538, 23081, 24347, 25138, 25921, 27134, 28781, 29753, 29826, 30124, 30184, 30187, 30259, 31321, 31488]
Iter#2 New set #2 of size 36 (1.0 its/hit = 0.000s/hit): seed=14182335656920012994 [1365, 1873, 2381, 3255, 3356, 4314, 4501, 4619, 4662, 4828, 6758, 7074, 8821, 9933, 11814, 12122, 17807, 17927, 19562, 19595, 19857, 20524, 20950, 21326, 22252, 22458, 24341, 25500, 26623, 27285, 27823, 27935, 31202, 31303, 31352, 32104]
Iter#3 New set #3 of size 36 (1.0 its/hit = 0.000s/hit): seed=11396859344700860574 [1595, 1766, 2105, 2972, 3104, 3149, 4847, 5736, 6490, 7559, 7664, 7974, 8468, 9440, 11325, 13412, 13951, 14031, 15062, 15141, 16588, 18681, 22356, 22452, 23210, 23528, 23769, 23770, 24317, 28392, 28927, 29798, 30370, 30542, 30746, 31386]
Iter#4 New set #4 of size 36 (1.0 its/hit = 0.000s/hit): seed=14332212667465749975 [928, 1060, 1652, 1708, 1884, 3088, 5230, 5388, 6169, 6414, 8109, 8166, 9583, 11130, 11852, 12750, 14042, 17329, 18621, 18873, 20091, 20231, 20234, 20676, 23344, 26579, 27648, 27901, 27959, 28795, 28900, 30510, 30706, 31043, 31684, 31787]
Iter#5 New set #1 of size 38 (5.0 its/hit = 0.000s/hit): seed=17886647013171892628 [140, 633, 2314, 3118, 3137, 5033, 6206, 7104, 8946, 8966, 9647, 9680, 10211, 10838, 11255, 11420, 12142, 16379, 17285, 17297, 18104, 18330, 18897, 21161, 21292, 22710, 23056, 23062, 23977, 24925, 26244, 27428, 28435, 28954, 28999, 30051, 32023, 32576]
Iter#14 New set #2 of size 38 (7.0 its/hit = 0.000s/hit): seed=2007436401216744261 [1696, 2215, 3236, 3589, 4147, 4523, 6142, 7300, 7983, 10517, 11474, 12360, 13328, 14175, 15384, 15968, 16770, 16968, 17493, 21206, 21293, 21649, 22467, 23189, 23445, 23807, 24850, 25430, 25599, 25674, 26972, 27425, 27825, 27925, 29481, 29711, 32275, 32757]
Iter#16 New set #3 of size 38 (5.3 its/hit = 0.000s/hit): seed=13312929457047540722 [522, 1031, 1902, 2489, 4222, 4458, 6789, 8487, 9155, 9952, 9964, 10074, 10572, 11105, 12511, 14775, 14948, 15664, 16094, 16311, 16337, 16656, 17256, 21933, 22358, 23825, 24278, 24903, 27821, 27975, 28370, 29124, 29429, 30008, 31461, 31633, 31781, 32702]
Iter#17 New set #4 of size 38 (4.2 its/hit = 0.000s/hit): seed=13712913954452478122 [422, 450, 1109, 1630, 3518, 4278, 6171, 7391, 8017, 8029, 8417, 8689, 8823, 12359, 12529, 13295, 13414, 14660, 14723, 15163, 16586, 17256, 17958, 18405, 18679, 20253, 22301, 25120, 25292, 25394, 25811, 26061, 26994, 29164, 29599, 30438, 32004, 32639]
Iter#29 New set #1 of size 39 (29.0 its/hit = 0.000s/hit): seed=626870763703426643 [5, 987, 1200, 2460, 2711, 3200, 3657, 3963, 4105, 4528, 5059, 8836, 9130, 9606, 10986, 12728, 13985, 14316, 15944, 18591, 19104, 19612, 20154, 22347, 23513, 23688, 23701, 24892, 24954, 25502, 25917, 29310, 29480, 29647, 30215, 30314, 30370, 31283, 32431]
Iter#76 New set #1 of size 40 (76.0 its/hit = 0.000s/hit): seed=4324178364595712731 [4213, 6204, 6684, 7444, 7508, 7814, 8010, 8452, 9450, 9820, 10566, 11054, 11703, 13109, 13443, 14028, 14403, 15085, 17290, 17959, 19019, 19367, 19594, 19690, 20375, 20386, 21544, 23274, 24502, 25277, 25884, 26523, 29459, 29847, 30000, 30639, 30994, 32150, 32173, 32758]
Iter#209 New set #2 of size 40 (104.5 its/hit = 0.500s/hit): seed=11197315912154747959 [807, 1324, 3902, 3981, 5595, 6093, 6580, 7804, 10556, 11202, 11324, 11356, 11618, 12509, 13659, 13790, 13836, 15823, 15902, 18224, 19403, 19537, 19553, 19917, 20353, 20753, 21166, 21984, 22416, 24475, 25336, 26371, 26719, 26953, 27899, 27910, 30389, 30599, 30743, 31069]
Iter#243 New set #3 of size 40 (81.0 its/hit = 0.333s/hit): seed=17333514576279848241 [595, 1341, 1552, 2763, 4267, 4744, 5447, 6499, 8254, 9959, 10323, 10402, 10743, 10934, 14022, 15747, 18388, 18453, 18484, 19354, 19864, 22783, 22884, 23018, 23252, 23444, 23601, 23886, 24189, 24316, 25753, 25906, 26923, 27755, 28480, 29093, 30038, 30209, 31658, 32694]
Iter#259 New set #4 of size 40 (64.8 its/hit = 0.250s/hit): seed=11432991538580941867 [57, 75, 1473, 1590, 4174, 4742, 5421, 6372, 6378, 7425, 7455, 8256, 8375, 8405, 8580, 8700, 8719, 8889, 9990, 12608, 13139, 14399, 15093, 15487, 16442, 17755, 18051, 18540, 18976, 19693, 20600, 21841, 22287, 23005, 24713, 26333, 28044, 29187, 29543, 32077]
Iter#279 New set #5 of size 40 (55.8 its/hit = 0.200s/hit): seed=9307343731364636223 [294, 531, 1104, 1678, 2229, 2263, 3451, 3706, 4283, 4574, 8084, 8622, 9064, 9799, 14187, 14505, 14931, 15053, 15579, 15699, 15732, 16018, 16955, 17762, 18596, 18733, 20402, 22658, 23167, 25006, 25702, 27179, 27581, 27917, 28574, 28843, 30569, 31118, 31929, 32350]
Iter#337 New set #6 of size 40 (56.2 its/hit = 0.333s/hit): seed=2979141662676193341 [846, 1807, 3030, 4313, 4751, 5171, 6926, 7226, 7495, 7508, 7739, 10070, 10277, 12348, 12362, 15766, 15872, 15900, 17200, 17212, 18286, 18654, 18861, 18942, 19198, 19214, 21364, 22055, 22693, 23001, 23742, 24049, 24317, 25113, 26930, 27105, 28763, 28914, 29714, 30864]
Iter#346 New set #7 of size 40 (49.4 its/hit = 0.286s/hit): seed=17009631552945829765 [320, 451, 512, 824, 2377, 2566, 2625, 3070, 3736, 6427, 7350, 7368, 7393, 7865, 8812, 9397, 9889, 9956, 11343, 11507, 12506, 13911, 14892, 18680, 18729, 19341, 19801, 20685, 21755, 27963, 28096, 28776, 29733, 29892, 30368, 31172, 32179, 32323, 32655, 32659]
Iter#371 New set #8 of size 40 (46.4 its/hit = 0.250s/hit): seed=13101653607865150666 [1256, 1409, 1572, 1685, 3039, 6345, 7170, 7380, 7924, 8576, 8910, 9819, 11324, 11816, 11847, 12498, 13484, 13734, 14042, 14260, 14921, 15598, 17106, 19424, 19453, 20257, 21059, 21497, 21564, 22059, 22289, 23395, 23781, 26836, 26896, 28738, 29498, 30386, 30856, 31435]
Iter#759 New set #9 of size 40 (84.3 its/hit = 0.556s/hit): seed=6147725381837774130 [283, 569, 2093, 2144, 2776, 5011, 5484, 6178, 7312, 7659, 8061, 11159, 12168, 13417, 14209, 14323, 14653, 14689, 14726, 15121, 15334, 15608, 15883, 18147, 18382, 18600, 19881, 23925, 26403, 26975, 27415, 27710, 27752, 27895, 27934, 28619, 29572, 29928, 29933, 30115]
Iter#1042 New set #10 of size 40 (104.2 its/hit = 0.700s/hit): seed=17868279580995051129 [778, 1099, 2203, 3816, 4734, 6212, 6696, 7351, 7652, 8433, 8822, 10021, 12913, 13003, 13073, 13539, 14399, 15278, 16601, 16821, 18530, 19119, 19147, 21743, 22354, 22856, 23312, 24034, 24194, 24383, 24403, 24673, 24837, 25874, 26354, 28591, 29687, 29923, 30066, 32241]
Iter#1386 New set #1 of size 42 (1386.0 its/hit = 9.000s/hit): seed=13935254089094796787 [1239, 1277, 1322, 3815, 4277, 5182, 5519, 5546, 5764, 5856, 7630, 8162, 8425, 9918, 10456, 10741, 10926, 11014, 11266, 11637, 15226, 16193, 19478, 19720, 20736, 20749, 20968, 21401, 22143, 25161, 25327, 25428, 25598, 25922, 27252, 27290, 27704, 27994, 29479, 30087, 31141, 32544]
Iter#2901 New set #2 of size 42 (1450.5 its/hit = 10.000s/hit): seed=14129330347128488569 [2, 1109, 1211, 1907, 2226, 2601, 2740, 3015, 3730, 6579, 6951, 7299, 7738, 9893, 10397, 10644, 11414, 12020, 12273, 12673, 12784, 12817, 18306, 18846, 19709, 21778, 22212, 22517, 24050, 24288, 24625, 24731, 25490, 25523, 27927, 29220, 29557, 29930, 30132, 30450, 31127, 32258]
Iter#3819 New set #1 of size 44 (3819.0 its/hit = 26.000s/hit): seed=16728868663136125893 [180, 1978, 2536, 3047, 3419, 3490, 4636, 5081, 5364, 5467, 6180, 6911, 7414, 9000, 9066, 9307, 13596, 13867, 13891, 15159, 17570, 18493, 19641, 21012, 21199, 21809, 23105, 23581, 23849, 25060, 26008, 26876, 26999, 27493, 29082, 29718, 30175, 30261, 30576, 30825, 31034, 31911, 32238, 32492]
Iter#71359 New set #1 of size 47 (71359.0 its/hit = 497.000s/hit): seed=11129611920851426236 [476, 2102, 2509, 2526, 3185, 3470, 3491, 3851, 4128, 4246, 4823, 5227, 5714, 6925, 7404, 9123, 9138, 10803, 12006, 12208, 12730, 14364, 14717, 15487, 15507, 16251, 17396, 18121, 19042, 19698, 20083, 21330, 21501, 22162, 23076, 23107, 24649, 25165, 25417, 26914, 27098, 27891, 28513, 29525, 30232, 32517, 32587]
Iter#415695 New set #2 of size 47 (207847.5 its/hit = 1449.000s/hit): seed=9787647720375664834 [199, 1101, 1343, 3912, 4197, 4662, 5025, 5321, 6192, 6310, 6407, 6668, 7331, 8499, 9537, 10229, 10385, 10983, 12210, 12413, 12848, 13442, 14118, 14141, 14208, 14303, 14450, 14992, 15978, 17220, 17803, 17928, 19405, 19590, 20238, 21487, 22300, 23396, 23660, 25474, 25479, 26134, 26348, 26812, 29495, 31959, 32764]
Iter#1609449 New set #3 of size 47 (536483.0 its/hit = 3803.667s/hit): seed=13359770910180700739 [193, 200, 1269, 2121, 2158, 2907, 3066, 3247, 3802, 4229, 4482, 4595, 5094, 5148, 5803, 6077, 7489, 7651, 9809, 10297, 10557, 14225, 14609, 15290, 16236, 16456, 17236, 19738, 20909, 21446, 22039, 22188, 23282, 23369, 23414, 23633, 24510, 24760, 25820, 26060, 27826, 28930, 29139, 29383, 30289, 31774, 32578]
Iter#1672398 New set #4 of size 47 (418099.5 its/hit = 2963.750s/hit): seed=15615577133292115367 [877, 922, 1252, 1463, 1541, 2113, 3546, 4258, 4288, 5488, 5688, 5904, 6916, 7495, 8775, 11109, 11870, 12661, 12785, 13236, 15598, 16045, 17679, 18668, 18917, 19186, 19499, 19580, 19874, 20524, 21077, 22343, 22861, 23021, 23294, 23931, 25300, 27853, 28277, 28405, 29868, 30403, 31324, 31351, 31504, 32121, 32739]
