[*] Computing DDT
[+] DDT Computed
DDT took 23.801991568s
Iter#1 New set #1 of size 40 (1.0 its/hit = 0.000s/hit): seed=6821376422263877564 [596, 704, 1422, 2191, 2329, 2392, 2792, 3033, 3114, 4270, 8425, 9030, 10404, 11431, 11744, 12421, 12865, 12869, 13353, 13649, 14087, 14748, 14921, 14991, 15196, 15738, 17420, 17574, 19333, 20294, 21553, 24453, 25068, 25099, 27025, 27501, 27654, 28005, 30922, 31515]
Iter#2 New set #2 of size 40 (1.0 its/hit = 0.000s/hit): seed=5003279915131780117 [418, 517, 1743, 2173, 2355, 4240, 5001, 5446, 6547, 6695, 8432, 9131, 9572, 10037, 11420, 11779, 11789, 12322, 13209, 14061, 14719, 14739, 15029, 16678, 17669, 19409, 19550, 22081, 22154, 22241, 22264, 25586, 26139, 27559, 28126, 28450, 29269, 30819, 31534, 32478]
Iter#3 New set #3 of size 40 (1.0 its/hit = 0.000s/hit): seed=3478636836136362780 [361, 1611, 1628, 3618, 3829, 4124, 4394, 4644, 6055, 7139, 7944, 8328, 9968, 11250, 11635, 12171, 14615, 15614, 16203, 16659, 17113, 17541, 17958, 18053, 18056, 18061, 19264, 21358, 22751, 22802, 22843, 23435, 23467, 26096, 26838, 28794, 31424, 31694, 32146, 32713]
Iter#5 New set #1 of size 44 (5.0 its/hit = 0.000s/hit): seed=146780730291768661 [71, 1627, 3454, 4232, 5060, 5094, 5650, 6357, 6890, 8078, 8302, 8799, 9516, 9692, 10097, 11125, 11566, 11613, 12518, 14195, 14286, 14684, 15639, 16793, 17358, 18116, 18404, 18570, 19486, 19568, 20177, 21124, 22092, 22107, 25599, 26020, 26282, 26299, 28662, 30242, 30508, 31708, 32031, 32204]
Iter#59 New set #1 of size 45 (59.0 its/hit = 0.000s/hit): seed=6774441951732452106 [181, 447, 629, 661, 2342, 4417, 6105, 6187, 6223, 6273, 6397, 8248, 8641, 9044, 9877, 10923, 11376, 14338, 14623, 14800, 15665, 15677, 15923, 16800, 17456, 18392, 19925, 20705, 22834, 23166, 23341, 23463, 23661, 24388, 25711, 25918, 26581, 27062, 28112, 30309, 30548, 30963, 31334, 31819, 31889]
Iter#87 New set #2 of size 45 (43.5 its/hit = 0.000s/hit): seed=4823243547141529630 [1000, 1835, 3192, 3308, 3444, 3660, 4811, 5207, 5350, 6792, 6826, 8259, 8367, 9042, 9108, 9131, 10495, 11806, 14628, 15870, 16461, 17280, 17317, 17604, 17792, 18072, 18644, 20314, 21118, 21653, 23602, 24451, 24586, 24590, 25004, 25096, 25574, 25768, 26085, 28683, 29530, 29752, 29944, 30487, 31110]
Iter#283 New set #3 of size 45 (94.3 its/hit = 0.333s/hit): seed=4682120077527562974 [657, 1050, 1685, 3262, 4744, 4766, 4883, 5246, 6381, 7108, 7469, 7512, 8363, 8715, 8762, 8872, 10180, 12156, 12836, 14077, 14971, 15548, 15897, 16470, 18373, 18410, 18780, 19254, 19945, 20796, 20799, 21931, 22000, 23001, 23218, 24095, 24764, 25024, 25758, 26774, 29574, 30158, 30577, 31310, 32629]
Iter#764 New set #4 of size 45 (191.0 its/hit = 0.750s/hit): seed=14632872925368507719 [894, 1556, 1959, 3142, 4787, 5396, 6136, 6646, 7102, 8352, 8697, 9118, 9450, 9899, 10867, 11005, 11435, 11732, 14087, 14266, 14528, 16231, 18208, 19332, 19540, 20099, 20237, 20484, 21098, 21319, 21584, 23226, 24772, 26312, 26492, 27450, 27541, 27646, 28282, 28774, 28804, 30604, 31938, 31939, 32285]
Iter#1243 New set #5 of size 45 (248.6 its/hit = 1.000s/hit): seed=1630295765757044633 [248, 568, 1649, 2495, 3945, 4692, 5608, 6315, 6640, 6755, 6970, 7461, 7493, 8749, 9650, 12563, 12727, 14143, 15324, 15325, 16000, 16311, 16337, 16717, 16846, 17814, 18990, 19127, 19381, 20034, 22326, 22450, 23319, 23469, 25724, 27759, 28193, 28240, 28944, 28951, 28972, 29287, 30111, 32273, 32287]
Iter#1373 New set #6 of size 45 (228.8 its/hit = 1.000s/hit): seed=4301226206341901200 [328, 360, 407, 451, 1593, 1873, 2686, 2838, 3143, 3375, 4053, 4365, 6643, 7703, 7795, 8164, 8413, 8522, 9815, 10476, 11745, 13171, 13951, 16046, 16185, 17268, 17497, 17891, 18167, 18342, 20938, 21516, 22103, 22490, 24023, 25622, 26528, 26535, 27071, 27248, 27281, 28998, 30336, 31260, 31855]
Iter#1762 New set #7 of size 45 (251.7 its/hit = 1.000s/hit): seed=5412328963228644675 [259, 485, 887, 939, 1487, 1541, 1627, 1873, 1935, 2399, 3126, 4930, 5745, 6208, 8190, 9073, 9248, 10531, 12229, 13161, 13315, 15118, 16626, 17765, 17791, 17913, 18991, 19947, 20345, 20742, 22728, 22849, 24080, 24315, 25362, 25880, 26233, 27417, 28693, 30426, 31122, 31280, 31747, 31757, 32097]
Iter#2283 New set #8 of size 45 (285.4 its/hit = 1.250s/hit): seed=1371097135240975735 [1027, 1601, 2879, 3013, 3053, 3438, 5029, 6238, 7263, 7736, 8905, 12985, 13109, 14122, 14124, 14999, 15551, 15613, 15963, 17358, 17487, 17506, 18700, 18835, 19101, 19430, 20015, 20336, 21435, 22762, 23440, 24628, 24839, 25078, 26805, 27832, 30232, 30551, 30727, 31065, 31289, 31302, 31701, 32495, 32570]
Iter#2566 New set #1 of size 49 (2566.0 its/hit = 11.000s/hit): seed=9024712580517084406 [443, 763, 1652, 1701, 1822, 2765, 2947, 3575, 4550, 4564, 6357, 7548, 7988, 8071, 8841, 9010, 9260, 9450, 9623, 10647, 11532, 11832, 12538, 12610, 12751, 15762, 16457, 20288, 22214, 22421, 22754, 23301, 24856, 25108, 25379, 25571, 25684, 25696, 26327, 27031, 28137, 28442, 28643, 29307, 30004, 30525, 31844, 32258, 32415]
Iter#3311 New set #1 of size 50 (3311.0 its/hit = 14.000s/hit): seed=13931497052052226770 [869, 995, 1139, 1175, 2693, 2747, 4830, 6037, 6120, 6823, 7971, 8906, 10825, 11408, 12305, 13011, 13446, 13448, 13602, 14071, 15836, 15950, 16581, 17046, 17719, 17921, 18192, 18407, 18467, 19053, 20259, 20820, 22431, 23431, 23542, 24056, 24061, 24327, 24333, 24523, 24612, 25523, 27369, 29037, 29319, 29802, 30041, 30224, 30641, 32001]
Iter#6024 New set #2 of size 50 (3012.0 its/hit = 13.000s/hit): seed=6714126374687159593 [109, 1232, 4320, 5334, 5577, 5788, 6957, 7572, 9023, 9622, 10372, 10915, 12055, 12534, 13228, 13256, 13350, 13584, 13658, 15989, 16059, 16082, 16666, 17509, 17659, 18528, 19143, 19718, 20583, 22004, 22059, 22268, 22568, 22897, 22933, 23800, 24081, 24676, 24804, 24917, 25122, 26030, 26768, 26846, 27072, 27662, 29629, 29874, 31903, 32112]
Iter#13781 New set #3 of size 50 (4593.7 its/hit = 20.333s/hit): seed=14336215764867504121 [991, 2112, 2449, 2466, 2689, 2871, 3746, 4141, 5106, 5344, 5850, 7017, 7328, 8032, 8866, 8966, 9277, 9731, 10941, 11567, 11692, 13276, 15462, 16551, 16617, 16856, 17173, 17627, 17645, 18840, 19786, 19832, 21816, 23437, 23928, 24806, 24900, 25453, 25629, 26251, 26562, 26603, 26999, 27787, 29493, 29744, 30703, 30859, 31107, 31292]
Iter#17169 New set #1 of size 52 (17169.0 its/hit = 76.000s/hit): seed=2926214865287002100 [245, 396, 567, 856, 1574, 2441, 3841, 4647, 4675, 5136, 5170, 5319, 5435, 6473, 7040, 8751, 10167, 11191, 12747, 12911, 14317, 14508, 14767, 15104, 15794, 16012, 17141, 19141, 19352, 19902, 21109, 21712, 21755, 21934, 22901, 23194, 24574, 24794, 24946, 25021, 26053, 26480, 28091, 28217, 28364, 29769, 30322, 31243, 31315, 31486, 31578, 31861]
Iter#43188 New set #2 of size 52 (21594.0 its/hit = 95.500s/hit): seed=7736566545070283181 [15, 465, 680, 1050, 1725, 1736, 1795, 3052, 3307, 4086, 4187, 4728, 4769, 5185, 5706, 6479, 7017, 7095, 7358, 7756, 7995, 8109, 8577, 9810, 10849, 10988, 11759, 13219, 13273, 13472, 14325, 14571, 15080, 15319, 15722, 17762, 18721, 19176, 19547, 19956, 20380, 21759, 22032, 22322, 28122, 29430, 29771, 30239, 30337, 30387, 32539, 32562]
Iter#55709 New set #3 of size 52 (18569.7 its/hit = 82.333s/hit): seed=5828438478510882828 [904, 1128, 1506, 1606, 2507, 3185, 3983, 4827, 5277, 6890, 7560, 7833, 7940, 8244, 8674, 9155, 10458, 12305, 12884, 13020, 13209, 13884, 14513, 15546, 15706, 16008, 17257, 17386, 18847, 18890, 20259, 20364, 20795, 20922, 20945, 21081, 22708, 23313, 23509, 23895, 24293, 24509, 24526, 25024, 25160, 26336, 27009, 27872, 28137, 28312, 29305, 31038]
Iter#174508 New set #1 of size 53 (174508.0 its/hit = 774.000s/hit): seed=8191926222649488367 [820, 1188, 1459, 1771, 2417, 4190, 4473, 5370, 5765, 6105, 6871, 8167, 8465, 8645, 9010, 9121, 9989, 10080, 10874, 11402, 11851, 11981, 12208, 13311, 13360, 14171, 14608, 15107, 15523, 15629, 15929, 16262, 17752, 18028, 18299, 19085, 19151, 20286, 22018, 22387, 23850, 27595, 27701, 27905, 29041, 29597, 29862, 30123, 30254, 30280, 30805, 31585, 31864]
Iter#181554 New set #2 of size 53 (90777.0 its/hit = 402.500s/hit): seed=17491927185959639346 [618, 1492, 2735, 3061, 3617, 4336, 4484, 4614, 5363, 5476, 5567, 5623, 5904, 6098, 6643, 7207, 7434, 7909, 8205, 9755, 10181, 10554, 11893, 12339, 12487, 12555, 12576, 12849, 13746, 16005, 16574, 16718, 17502, 18450, 21183, 21678, 21761, 23724, 23889, 24322, 24755, 25669, 26224, 27179, 28169, 29964, 30750, 31001, 31020, 31349, 31451, 32109, 32404]
Iter#191051 New set #3 of size 53 (63683.7 its/hit = 282.333s/hit): seed=3740982427353761064 [339, 1394, 1957, 2962, 3139, 3140, 4330, 5390, 5548, 6333, 6632, 7012, 7726, 7928, 8061, 8069, 8304, 9251, 9391, 10197, 10329, 10962, 11137, 11645, 12093, 13564, 13743, 16581, 16597, 16635, 17055, 18272, 19271, 20187, 20594, 20652, 21558, 22323, 22480, 22616, 23415, 24329, 24757, 25607, 25722, 26384, 26471, 28240, 28648, 28703, 31846, 31884, 32079]
Iter#450515 New set #4 of size 53 (112628.8 its/hit = 500.250s/hit): seed=16246174616786619779 [220, 598, 1024, 1159, 3667, 5151, 6857, 7249, 7309, 7562, 7765, 9363, 10282, 11610, 11916, 12496, 13381, 13876, 13946, 14123, 15203, 15708, 16227, 16271, 16486, 16856, 16959, 17525, 17668, 18232, 18963, 19078, 19151, 19225, 20102, 20733, 21592, 21688, 22082, 22174, 22774, 23218, 24456, 27150, 27234, 27827, 28647, 29157, 30181, 30330, 30334, 30696, 32579]
Iter#479056 New set #5 of size 53 (95811.2 its/hit = 425.400s/hit): seed=1809128624160008988 [473, 1203, 1254, 1314, 2350, 3104, 3528, 4211, 5457, 7358, 7527, 7685, 8719, 8917, 10127, 11795, 12486, 12633, 12988, 14136, 15565, 15737, 16509, 16525, 16824, 17479, 17515, 17822, 17845, 18256, 18851, 19549, 19781, 20155, 20249, 21641, 22777, 22816, 23023, 23370, 23654, 24934, 24938, 25492, 25668, 26932, 28949, 28964, 29751, 30364, 31188, 32004, 32493]
Iter#519621 New set #6 of size 53 (86603.5 its/hit = 386.000s/hit): seed=15233894757511505214 [617, 2201, 2399, 4118, 4625, 4948, 5247, 5332, 7117, 8377, 8824, 9680, 10726, 10840, 11593, 11961, 12393, 13956, 14105, 15403, 15901, 15911, 15922, 16446, 17042, 17103, 17611, 17819, 18076, 19652, 19768, 19865, 21219, 21994, 22101, 22158, 23781, 24107, 24322, 24361, 25890, 27216, 27771, 27773, 27844, 28480, 29426, 30108, 30297, 30907, 31744, 31931, 32081]
Iter#520843 New set #7 of size 53 (74406.1 its/hit = 331.714s/hit): seed=5550290760832824023 [130, 774, 1176, 1529, 4901, 6710, 7737, 7855, 7927, 8143, 8311, 8335, 9281, 10915, 12130, 12299, 13071, 13142, 13197, 13980, 14286, 14603, 14906, 15030, 15195, 16252, 16575, 16732, 16823, 17860, 18160, 20947, 20994, 21115, 22615, 22868, 23147, 23273, 24136, 25020, 25669, 25854, 26980, 27110, 27665, 28731, 28931, 29194, 30315, 30354, 31241, 31626, 32371]
Iter#776241 New set #8 of size 53 (97030.1 its/hit = 433.875s/hit): seed=220520918335523277 [155, 668, 761, 1141, 1676, 3206, 3366, 3718, 4026, 4454, 5114, 5661, 6090, 6165, 6398, 6453, 6663, 7099, 7232, 7307, 7794, 7832, 7900, 8918, 11604, 12620, 12927, 14575, 15177, 15609, 16386, 19638, 20100, 21187, 23005, 23211, 24907, 25058, 25152, 25986, 26729, 28058, 28787, 29288, 29309, 29536, 29549, 30063, 30719, 30821, 31108, 31461, 31995]
Iter#957722 New set #9 of size 53 (106413.6 its/hit = 475.667s/hit): seed=4750792265613390673 [543, 981, 1558, 3615, 3923, 4232, 4705, 5393, 5540, 5790, 6139, 6140, 6862, 6977, 7294, 7341, 7885, 7907, 8056, 8242, 9746, 10217, 10253, 11236, 13427, 13697, 14083, 14095, 14720, 14956, 15936, 17310, 18157, 19320, 20444, 20950, 21321, 22274, 22968, 23794, 26250, 26649, 27082, 27596, 27913, 28636, 29876, 30476, 30561, 30798, 30893, 31042, 32596]
Iter#1243544 New set #10 of size 53 (124354.4 its/hit = 555.500s/hit): seed=17968917896500273143 [1298, 2133, 2520, 2811, 2846, 3596, 6866, 6972, 7086, 7806, 8512, 8652, 10357, 11087, 12701, 12716, 13081, 13160, 14037, 14315, 15165, 15780, 16306, 16614, 16887, 17689, 18460, 19117, 19788, 21198, 21877, 22279, 22406, 22793, 24457, 24635, 25427, 25845, 26250, 28662, 29273, 29504, 29671, 30290, 30321, 30814, 30919, 31105, 31110, 31218, 32076, 32292, 32325]
Iter#2366655 New set #20 of size 53 (118332.8 its/hit = 529.950s/hit): seed=15328121142544102160 [1162, 2034, 3869, 3877, 4171, 5959, 6075, 6302, 6449, 7243, 7599, 7860, 7875, 9873, 10302, 10387, 10636, 11665, 12249, 13528, 16373, 17979, 18569, 18726, 19081, 19429, 19835, 21432, 21578, 21698, 21917, 23159, 24602, 24746, 24957, 26239, 26690, 26970, 27003, 27766, 28163, 28599, 29124, 29697, 30400, 30622, 30646, 30929, 31465, 31825, 32177, 32311, 32481]
Iter#2943969 New set #30 of size 53 (98132.3 its/hit = 438.733s/hit): seed=16743080588865032503 [113, 679, 1065, 2361, 3592, 3705, 4465, 4797, 4832, 5947, 7583, 8509, 8563, 8892, 9116, 9562, 10184, 10565, 10636, 11257, 12173, 13037, 13530, 14081, 16442, 16459, 17634, 18052, 18176, 18274, 19102, 19694, 20018, 20035, 20238, 22239, 22348, 22395, 22517, 22900, 22909, 23901, 24594, 25880, 28071, 28437, 28728, 29801, 30727, 30729, 31322, 31775, 31790]
