[*] Computing DDT
[+] DDT Computed
DDT took 24.037104148s
Iter#1 New set #1 of size 40 (1.0 its/hit = 0.000s/hit): seed=12125864025614476864 [1043, 1381, 2882, 4461, 5114, 5128, 5858, 8148, 8194, 10042, 11554, 12388, 12840, 13478, 13499, 14126, 14593, 15011, 16421, 18998, 19448, 20307, 21266, 21373, 21645, 21954, 23387, 23861, 24015, 24126, 24207, 26545, 26828, 29275, 29799, 29830, 30607, 31056, 32000, 32292]
Iter#3 New set #1 of size 43 (3.0 its/hit = 0.000s/hit): seed=17785381023394409336 [1641, 2349, 2545, 2645, 2833, 3630, 3992, 5025, 5351, 7834, 7879, 8340, 12883, 14179, 15682, 16201, 16267, 16518, 20897, 21146, 21554, 22472, 22608, 22903, 23058, 23250, 23480, 23706, 23882, 24121, 24490, 24534, 24911, 25056, 26164, 27360, 28313, 29413, 30079, 31859, 32024, 32028, 32217]
Iter#84 New set #2 of size 43 (42.0 its/hit = 0.000s/hit): seed=11411649336800350614 [20, 921, 1435, 2039, 3398, 3873, 5465, 6477, 6843, 7146, 7213, 7793, 7883, 10463, 11084, 11295, 12072, 12857, 13317, 13907, 14305, 16208, 17517, 18455, 18901, 19437, 21827, 24372, 25331, 26358, 26631, 26821, 26979, 27896, 28093, 28763, 29321, 29322, 29530, 29772, 30058, 30482, 32660]
Iter#93 New set #3 of size 43 (31.0 its/hit = 0.000s/hit): seed=10777314431582001439 [44, 720, 3908, 4086, 5709, 5783, 7249, 7936, 7980, 8957, 9657, 10432, 10922, 11032, 11254, 12450, 12534, 13499, 13766, 13812, 14239, 14276, 15713, 16710, 16715, 17943, 19572, 20819, 21445, 22481, 23322, 24619, 25752, 26045, 26205, 26225, 27312, 27425, 28701, 30950, 31069, 31089, 31783]
Iter#99 New set #4 of size 43 (24.8 its/hit = 0.000s/hit): seed=1591316428776981932 [1192, 1402, 1433, 1818, 2302, 2868, 2903, 4158, 5455, 6363, 6535, 6657, 7382, 8777, 9197, 9321, 10771, 11542, 12170, 13830, 13941, 15266, 16108, 16919, 17080, 18239, 20982, 21156, 22584, 22946, 23611, 24131, 25344, 26471, 27177, 27638, 27929, 29260, 29523, 29617, 29781, 30248, 32156]
Iter#137 New set #5 of size 43 (27.4 its/hit = 0.000s/hit): seed=1574662906874222098 [46, 803, 1730, 2431, 2911, 4587, 5236, 5997, 6402, 6466, 6499, 6896, 7373, 8201, 8417, 8883, 9763, 9790, 11335, 11448, 12125, 13747, 14110, 14648, 15616, 15892, 17031, 18836, 19875, 20310, 22138, 23129, 23541, 23984, 25092, 25850, 26997, 28240, 28502, 28599, 29960, 30388, 31726]
Iter#155 New set #1 of size 44 (155.0 its/hit = 0.000s/hit): seed=9059924271650268025 [1325, 2195, 2223, 2731, 4723, 4733, 5946, 5968, 8503, 9995, 10131, 11164, 11655, 11698, 14070, 15116, 16357, 16668, 16763, 17062, 18404, 19024, 19791, 20309, 20823, 20979, 21516, 23697, 23870, 24641, 24781, 25964, 26323, 27662, 27768, 28242, 28659, 28783, 28896, 29244, 29898, 30193, 30481, 32056]
Iter#206 New set #2 of size 44 (103.0 its/hit = 0.000s/hit): seed=15347115524715099372 [39, 1664, 1703, 2719, 3623, 3791, 4176, 6131, 6357, 6887, 9253, 10766, 12291, 13403, 13429, 14334, 15046, 15055, 15080, 15439, 15464, 16144, 16355, 16725, 16934, 18946, 19707, 22622, 23723, 24262, 25255, 25526, 25841, 26592, 26819, 26846, 27229, 28640, 29009, 29040, 30862, 31249, 31465, 32107]
Iter#302 New set #1 of size 46 (302.0 its/hit = 1.000s/hit): seed=3250350747595112901 [254, 531, 1499, 2703, 2830, 4889, 5799, 6605, 6789, 7580, 7637, 8204, 8360, 10258, 11450, 12029, 13180, 13373, 13839, 14860, 14985, 15115, 15919, 16550, 19329, 19999, 20163, 21658, 21888, 22017, 22680, 24426, 24590, 25461, 25491, 26513, 28179, 28810, 29846, 30377, 30587, 30841, 31387, 31538, 32190, 32750]
Iter#773 New set #1 of size 47 (773.0 its/hit = 3.000s/hit): seed=12868752910828018151 [213, 267, 1382, 2872, 3273, 3388, 3910, 4058, 5289, 5736, 6484, 6781, 7218, 7794, 8452, 9813, 10674, 11932, 13400, 13437, 13751, 14555, 15118, 15163, 15643, 16224, 16532, 16906, 18639, 19372, 19881, 20458, 20891, 21757, 22015, 22179, 22395, 22589, 23466, 25350, 27576, 27712, 28185, 29900, 31873, 32529, 32756]
Iter#1248 New set #1 of size 49 (1248.0 its/hit = 5.000s/hit): seed=17067656970273513698 [877, 1583, 1949, 1993, 2740, 3179, 4052, 8413, 8718, 11232, 11241, 11380, 11738, 12659, 14071, 14172, 14484, 14712, 15021, 15353, 16245, 17042, 17118, 17649, 17679, 18699, 18725, 18938, 19095, 19303, 20235, 21763, 23255, 23641, 24102, 26374, 27003, 28390, 28544, 28710, 28920, 29038, 29187, 29613, 30082, 30477, 30937, 32331, 32711]
Iter#1301 New set #2 of size 49 (650.5 its/hit = 2.500s/hit): seed=11407282975366762142 [231, 1181, 2058, 2351, 4957, 5050, 5240, 5320, 7979, 8526, 8617, 9261, 9695, 9745, 9816, 10154, 11748, 11929, 12192, 12433, 12722, 12819, 12834, 13044, 13935, 14268, 14741, 16192, 16680, 17045, 18898, 18969, 19103, 19898, 21218, 22258, 23542, 24067, 24541, 24733, 24954, 25919, 27058, 27957, 28593, 28725, 28826, 30671, 31604]
Iter#1806 New set #1 of size 50 (1806.0 its/hit = 7.000s/hit): seed=1439115107860634388 [940, 1437, 1982, 3096, 3386, 3670, 3850, 4368, 4814, 7150, 7459, 7654, 7823, 8180, 9440, 10058, 10527, 10714, 10874, 11669, 12422, 13041, 13870, 14197, 14428, 15020, 15096, 15124, 17085, 17350, 17864, 18020, 19107, 20323, 21025, 22763, 22867, 23367, 24096, 24492, 25535, 25740, 25946, 26150, 27554, 28748, 29053, 29912, 30859, 31082]
Iter#5329 New set #2 of size 50 (2664.5 its/hit = 14.000s/hit): seed=5994279155485542958 [18, 524, 1343, 1802, 2169, 2973, 3387, 3895, 3904, 4323, 4375, 4891, 5549, 6383, 6993, 7212, 7712, 8692, 8826, 9090, 9632, 10861, 11737, 12404, 14619, 14750, 15337, 17113, 18106, 18148, 18853, 19038, 19104, 19833, 21169, 23119, 23790, 25614, 26489, 27503, 27562, 28416, 28971, 29491, 29509, 30352, 30582, 31403, 31835, 32013]
Iter#13719 New set #1 of size 52 (13719.0 its/hit = 78.000s/hit): seed=6949166210191223544 [841, 948, 1710, 4232, 4354, 4607, 4924, 5332, 6210, 7115, 10253, 10834, 11076, 11206, 12258, 12491, 14625, 15277, 15667, 16096, 16479, 16789, 16798, 16971, 17174, 17560, 18220, 20577, 20654, 20847, 20914, 21321, 21520, 22021, 22436, 23826, 24537, 25609, 26157, 26706, 27171, 27419, 27596, 28073, 28146, 28154, 28787, 30866, 31146, 31283, 31915, 32069]
Iter#16385 New set #1 of size 53 (16385.0 its/hit = 93.000s/hit): seed=9016510501597043696 [1853, 1993, 2847, 3318, 3901, 4244, 4442, 5070, 5127, 5849, 6556, 7596, 7836, 8117, 8647, 9846, 9978, 10497, 11976, 13469, 13896, 15055, 15294, 15622, 16362, 16611, 16662, 17866, 20046, 20301, 20588, 20912, 21402, 21671, 22181, 22482, 23644, 25318, 25424, 25999, 26680, 26987, 27473, 28139, 28176, 28917, 29092, 29277, 29628, 30048, 32138, 32586, 32614]
Iter#27771 New set #1 of size 54 (27771.0 its/hit = 161.000s/hit): seed=13496748660274096745 [239, 773, 1571, 2293, 2883, 3663, 4564, 4675, 4848, 4920, 5331, 5641, 5798, 5862, 6276, 6586, 7763, 7821, 8008, 8366, 8954, 9570, 9765, 10767, 11557, 12149, 12186, 12453, 13343, 13404, 14113, 14716, 14739, 15334, 15529, 16516, 16740, 18167, 18983, 20438, 21684, 22415, 23688, 25048, 25266, 25493, 25745, 26806, 28738, 29121, 29142, 30305, 30422, 31362]
