[*] Computing DDT
[+] DDT Computed
DDT took 22.688798471s
Iter#1 New set #1 of size 46 (1.0 its/hit = 0.000s/hit): seed=17743292798096995557 [0, 62, 1756, 3156, 3900, 4387, 4683, 4687, 4759, 5020, 7044, 7512, 7555, 7749, 8987, 9554, 10978, 11435, 12923, 13235, 14112, 14160, 15280, 15699, 17566, 17705, 18064, 19384, 19423, 19467, 19526, 19802, 21178, 22138, 22935, 23765, 24073, 25663, 26148, 26654, 27310, 27958, 29013, 29239, 29352, 32032]
Iter#4 New set #1 of size 49 (4.0 its/hit = 0.000s/hit): seed=10253532814574869609 [0, 448, 685, 819, 1531, 1746, 1945, 2238, 2667, 3036, 3416, 5006, 5111, 5398, 6948, 6961, 7529, 7595, 9029, 9066, 10379, 10406, 10668, 11180, 12822, 12848, 13809, 13980, 15094, 15843, 16046, 17774, 18261, 18382, 19444, 21746, 21810, 22533, 22650, 23319, 23806, 23979, 25512, 27723, 28454, 28914, 29310, 29325, 30378]
Iter#11 New set #2 of size 49 (5.5 its/hit = 0.000s/hit): seed=8246513686418877820 [0, 45, 1876, 2213, 2931, 5297, 5573, 5603, 5660, 6060, 7194, 7211, 8900, 9341, 9616, 10139, 10157, 11035, 11125, 11273, 11598, 12067, 12211, 12397, 12591, 12616, 13063, 17765, 21753, 22772, 22961, 23227, 23424, 23546, 23764, 23799, 24843, 25150, 25173, 25636, 26903, 29320, 29893, 30782, 31044, 31574, 31839, 32271, 32272]
Iter#15 New set #1 of size 51 (15.0 its/hit = 0.000s/hit): seed=6246340973577206854 [0, 1007, 1193, 1203, 2550, 5315, 7211, 7420, 7877, 7955, 9245, 10021, 11477, 11572, 11681, 11995, 12059, 12199, 12744, 12839, 13421, 13677, 14334, 14386, 14662, 16059, 16890, 17090, 17211, 17288, 18803, 20068, 20467, 21893, 22787, 25691, 25708, 25900, 26559, 27101, 27743, 27947, 29439, 30904, 31149, 31180, 31476, 32117, 32301, 32672, 32742]
Iter#246 New set #1 of size 57 (246.0 its/hit = 1.000s/hit): seed=3698894511723617035 [0, 241, 506, 1818, 2251, 3284, 3416, 4049, 4539, 5518, 5579, 6967, 7976, 8616, 8822, 10023, 10869, 11079, 11185, 12262, 13886, 14001, 14552, 14946, 15876, 16440, 16458, 16803, 17456, 17566, 17980, 18210, 18675, 18811, 19330, 20457, 21234, 22234, 23003, 23356, 24288, 24597, 25313, 25373, 25542, 25926, 26254, 26671, 27381, 27383, 27506, 28394, 30263, 30790, 30985, 31633, 32022]
Iter#484 New set #2 of size 57 (242.0 its/hit = 1.000s/hit): seed=12726009217291163084 [0, 380, 515, 635, 1191, 2635, 3141, 3576, 4312, 4718, 4749, 5468, 5671, 5721, 5740, 6535, 7515, 7790, 8369, 8594, 9182, 10473, 10734, 11986, 12339, 12423, 13494, 13518, 14381, 14856, 15761, 16117, 16377, 17415, 17535, 18314, 20219, 20656, 21206, 21383, 21735, 22478, 23635, 26136, 27756, 28997, 29038, 29362, 29386, 29508, 29991, 30136, 30320, 30451, 31248, 31614, 32643]
Iter#1153 New set #3 of size 57 (384.3 its/hit = 1.667s/hit): seed=16330056664662285524 [0, 984, 1033, 3370, 3919, 5033, 6208, 7633, 8341, 8826, 9119, 9278, 10715, 10741, 10996, 11025, 11152, 11338, 11957, 12091, 13302, 14173, 14367, 14579, 14739, 15448, 15938, 17545, 18315, 18609, 19105, 19285, 20320, 20456, 21776, 22389, 22671, 22693, 23860, 24484, 24534, 25492, 25620, 25805, 25814, 26942, 27823, 28479, 29135, 29434, 29466, 29610, 29902, 29939, 29995, 31808, 32165]
Iter#1345 New set #4 of size 57 (336.2 its/hit = 1.500s/hit): seed=4961912626844228727 [0, 310, 1173, 2236, 3775, 4048, 4409, 4734, 5005, 6228, 7172, 7370, 7629, 9967, 10320, 10412, 10515, 10517, 11727, 12054, 14122, 14362, 14709, 14945, 16314, 16551, 16621, 18084, 18111, 18781, 19559, 19720, 20050, 20354, 22841, 23336, 23792, 24748, 24846, 25155, 25560, 26114, 26381, 26670, 26729, 26813, 27181, 27729, 29027, 29864, 30808, 31426, 31580, 31661, 32386, 32490, 32554]
Iter#1786 New set #5 of size 57 (357.2 its/hit = 1.600s/hit): seed=1380732325377475515 [0, 155, 664, 2322, 2519, 2662, 2727, 3165, 5464, 5513, 5809, 7971, 8641, 8907, 11143, 11862, 12346, 12620, 12664, 12965, 13129, 13275, 13410, 13444, 14378, 15193, 16262, 16360, 16569, 17816, 18193, 18621, 19684, 19746, 19840, 19986, 20786, 20879, 21663, 22390, 22419, 22654, 22725, 23484, 26108, 26151, 27724, 28623, 28689, 28811, 29538, 30721, 30952, 31057, 31278, 31602, 32575]
Iter#2071 New set #6 of size 57 (345.2 its/hit = 1.500s/hit): seed=10355585023456399288 [0, 46, 87, 794, 2346, 2528, 2969, 4208, 4932, 5233, 5787, 7015, 7667, 8000, 8320, 8741, 9372, 9829, 10592, 10800, 10836, 11107, 11219, 11552, 14570, 14654, 14858, 15290, 15686, 15801, 15818, 16138, 16329, 19701, 19917, 20214, 21153, 22346, 22623, 23019, 23132, 24234, 24413, 24728, 24742, 25544, 25850, 27994, 28892, 28946, 29250, 29497, 30585, 30666, 30844, 31804, 32298]
Iter#2862 New set #7 of size 57 (408.9 its/hit = 1.857s/hit): seed=15225280638345108154 [0, 714, 982, 1388, 1556, 2516, 2635, 2822, 4680, 4736, 5152, 5225, 5477, 6542, 6837, 7787, 8147, 8830, 8890, 8899, 9415, 9599, 10433, 11716, 11929, 13692, 14019, 14099, 16254, 17594, 17863, 18048, 18232, 18751, 19745, 19937, 20209, 20634, 20800, 21148, 21918, 22604, 23249, 24255, 24256, 24846, 25198, 25689, 26347, 27136, 28015, 28133, 28237, 28980, 30312, 31788, 32148]
Iter#3560 New set #1 of size 64 (3560.0 its/hit = 16.000s/hit): seed=934695718795382474 [0, 229, 1609, 1693, 1882, 2964, 3188, 3531, 3804, 4158, 5091, 6018, 6124, 6863, 6908, 7024, 8336, 9875, 9963, 10028, 10185, 10812, 11333, 12217, 12220, 12328, 12695, 13398, 14152, 16191, 16219, 16344, 17612, 19056, 19383, 19548, 19987, 20872, 21204, 21672, 21864, 22116, 22227, 22813, 23491, 23608, 24120, 24285, 25210, 25259, 25371, 26054, 26131, 26738, 27142, 27395, 27585, 28769, 28909, 30840, 30996, 31217, 31452, 31496]
Iter#5279 New set #2 of size 64 (2639.5 its/hit = 12.000s/hit): seed=6270396836915863294 [0, 173, 553, 755, 1522, 2024, 2303, 2572, 2932, 3329, 3390, 4125, 5196, 5312, 5591, 5724, 6537, 6605, 6950, 7198, 7287, 7610, 9048, 10016, 10505, 11062, 11281, 11511, 12146, 13249, 13268, 13853, 14463, 15251, 15745, 16328, 16642, 17830, 17965, 18835, 19471, 20042, 20249, 20528, 22184, 22670, 23114, 23132, 23301, 23869, 25169, 25790, 26512, 26759, 27974, 28029, 28035, 29179, 30049, 30205, 30478, 32002, 32420, 32753]
Iter#7606 New set #3 of size 64 (2535.3 its/hit = 12.000s/hit): seed=10113970520565099635 [0, 109, 366, 937, 1714, 2150, 2495, 3396, 4016, 4826, 6088, 6899, 7182, 7348, 7930, 8138, 9297, 9362, 9985, 10709, 11024, 11553, 12116, 12353, 13161, 14431, 14976, 15435, 15485, 15601, 15805, 16033, 16800, 17481, 18317, 19482, 19624, 20500, 21628, 22119, 22237, 22570, 22809, 23145, 23534, 23700, 23744, 24506, 25010, 25414, 26406, 26699, 27872, 28143, 28167, 28815, 28920, 29196, 29765, 30242, 30360, 31258, 31670, 31975]
Iter#8975 New set #4 of size 64 (2243.8 its/hit = 10.500s/hit): seed=8406489329545248861 [0, 553, 859, 954, 1082, 3338, 3435, 5556, 5950, 5969, 6151, 7094, 7578, 7925, 8427, 8690, 9181, 9230, 10378, 10708, 11165, 11329, 11629, 11690, 11691, 12016, 12089, 13295, 14137, 15034, 15447, 15680, 16396, 17540, 18483, 18521, 19366, 19946, 20148, 20637, 21139, 21895, 22148, 22636, 23351, 24026, 25036, 25282, 25566, 26728, 26740, 27420, 27874, 28199, 28529, 29076, 29519, 30151, 30176, 30364, 30949, 31568, 32193, 32742]
Iter#10720 New set #5 of size 64 (2144.0 its/hit = 10.000s/hit): seed=5567191405012043465 [0, 196, 1579, 2012, 2552, 2928, 3131, 4117, 4369, 4646, 5948, 6321, 6795, 7077, 7557, 7782, 9068, 9128, 10010, 12472, 13069, 13348, 13679, 14049, 14843, 14895, 15419, 15820, 16929, 17123, 17542, 18208, 18236, 19447, 20202, 20576, 20670, 21076, 21642, 21783, 21885, 21945, 22966, 23017, 23592, 23618, 23723, 24554, 26860, 28314, 28525, 28931, 29004, 30225, 30309, 30421, 30507, 30529, 30691, 30999, 32116, 32151, 32276, 32382]
Iter#11708 New set #6 of size 64 (1951.3 its/hit = 9.167s/hit): seed=15020278945651236389 [0, 338, 1136, 1856, 2490, 3003, 3356, 3991, 4098, 4549, 4690, 5340, 5853, 6108, 7249, 7422, 8495, 9030, 10411, 10767, 11477, 11597, 11988, 12276, 12404, 12723, 13234, 14060, 14586, 14932, 15869, 16304, 17084, 17574, 17657, 17787, 18102, 18747, 19194, 20124, 20210, 20479, 21562, 21571, 21957, 23791, 23818, 23848, 25289, 25718, 26392, 26907, 26998, 28201, 28782, 28856, 29269, 29277, 30513, 30856, 31583, 31897, 32094, 32275]
Iter#12351 New set #7 of size 64 (1764.4 its/hit = 8.286s/hit): seed=6123167898597254405 [0, 1050, 2222, 2605, 4305, 5520, 5902, 5940, 6129, 6366, 6406, 7168, 7312, 7338, 9445, 9696, 10240, 10345, 11543, 11847, 13147, 13749, 13898, 13907, 14251, 14406, 14448, 14471, 14659, 15003, 15095, 15119, 17515, 17558, 17748, 17774, 18368, 18482, 18879, 18890, 20170, 20208, 20734, 21790, 22642, 22706, 22728, 22989, 23839, 24497, 24822, 25176, 25589, 26048, 26410, 26745, 28452, 28467, 29231, 30128, 30855, 31273, 31478, 32233]
Iter#12790 New set #8 of size 64 (1598.8 its/hit = 7.500s/hit): seed=764755436619293264 [0, 33, 360, 560, 2215, 2976, 3503, 4033, 4036, 4064, 5414, 5943, 6334, 7648, 8756, 9068, 10154, 10477, 11980, 12165, 13033, 13574, 13776, 14901, 14955, 15019, 15744, 16231, 16857, 17904, 18278, 18965, 19778, 20307, 20588, 20952, 22266, 22597, 22762, 23124, 23129, 23412, 23576, 23755, 23938, 24569, 25650, 25931, 25971, 26194, 27068, 28109, 28673, 29222, 29265, 29296, 29333, 29551, 30996, 31635, 32144, 32177, 32236, 32740]
Iter#16907 New set #9 of size 64 (1878.6 its/hit = 8.889s/hit): seed=16113167703924815452 [0, 114, 252, 1215, 1216, 1431, 2373, 2895, 3209, 3503, 3683, 4526, 4590, 5644, 5979, 6297, 6514, 6616, 9051, 9344, 9481, 9489, 10472, 10708, 10776, 12146, 12200, 12321, 12539, 15063, 15174, 15483, 16596, 16853, 17233, 18488, 18658, 18803, 18869, 19025, 19246, 20489, 20880, 21893, 22197, 22308, 22379, 22449, 22846, 23086, 23417, 23611, 23987, 24200, 24822, 26792, 27163, 27461, 27801, 28139, 28501, 29849, 31857, 32450]
Iter#20073 New set #10 of size 64 (2007.3 its/hit = 9.500s/hit): seed=13301202138957913292 [0, 215, 366, 858, 1246, 1577, 2249, 2882, 3653, 3907, 4827, 5690, 5869, 6397, 9105, 9639, 9980, 11145, 11961, 12165, 12814, 13833, 13872, 13985, 14599, 15403, 15531, 16134, 16825, 17065, 18087, 18340, 19234, 19947, 19971, 20360, 20767, 20800, 21838, 22582, 22791, 22809, 24624, 24640, 25439, 27173, 27234, 27828, 27966, 28203, 28274, 28449, 28635, 28662, 28779, 29140, 29527, 29678, 30024, 30247, 31003, 31180, 31395, 32194]
Iter#62107 New set #20 of size 64 (3105.4 its/hit = 14.700s/hit): seed=9654851274894358811 [0, 380, 648, 683, 1289, 1395, 1910, 2059, 2088, 3269, 3983, 4883, 5190, 5414, 5468, 5521, 6298, 7010, 7328, 7729, 8486, 8569, 8949, 9418, 10370, 10745, 10992, 11192, 11267, 11860, 12052, 13492, 14293, 14449, 14999, 15482, 16588, 16644, 18548, 19253, 19279, 20121, 20471, 20627, 20845, 20868, 20889, 20922, 21608, 21993, 22495, 23322, 23353, 23392, 24055, 24310, 25337, 25451, 26590, 26992, 27577, 28073, 28590, 28783]
Iter#107272 New set #30 of size 64 (3575.7 its/hit = 16.933s/hit): seed=7837326900024412128 [0, 48, 479, 576, 602, 622, 998, 1003, 1136, 1533, 2927, 2995, 3397, 3587, 4084, 5476, 5917, 6150, 6511, 6650, 6874, 7400, 7675, 7889, 9818, 10532, 10728, 11037, 11285, 12782, 12857, 13331, 13718, 13796, 13866, 13923, 14360, 14804, 15116, 15654, 18063, 18186, 19487, 20790, 21318, 21462, 21685, 22718, 23714, 23893, 24081, 24150, 25078, 25877, 26290, 26437, 26469, 28888, 28914, 29047, 29631, 30146, 31177, 32031]
Iter#133765 New set #40 of size 64 (3344.1 its/hit = 15.675s/hit): seed=10913284491022613687 [0, 231, 521, 949, 992, 1441, 1922, 2736, 3065, 3297, 4376, 4683, 7307, 7738, 8483, 8694, 9026, 9318, 10823, 10892, 11507, 11608, 11819, 11910, 12125, 12264, 12460, 12650, 14061, 14708, 15291, 15600, 15742, 15915, 15941, 15967, 16543, 16560, 17346, 18142, 19819, 19862, 20761, 21284, 21874, 22793, 23073, 23694, 24114, 24519, 24619, 24840, 24959, 25291, 25633, 27038, 27662, 27985, 29651, 30098, 30275, 30681, 31446, 32680]
Iter#135530 New set #1 of size 71 (135530.0 its/hit = 634.000s/hit): seed=3247251225815007091 [0, 287, 571, 963, 2111, 2161, 2857, 3140, 3826, 4606, 5152, 5162, 5528, 5798, 6682, 7330, 7332, 7425, 8257, 9200, 9373, 9599, 10538, 11051, 11420, 11534, 11844, 11916, 12084, 12526, 12854, 13457, 14614, 14810, 15001, 16065, 16815, 16931, 17666, 18295, 18974, 19048, 19659, 19827, 20223, 20395, 20680, 20737, 21465, 21482, 22443, 23022, 24398, 24701, 25287, 25536, 25926, 26011, 26026, 26636, 27048, 28339, 30062, 30311, 30434, 30630, 30687, 30973, 31000, 31154, 31294]
Iter#578102 New set #2 of size 71 (289051.0 its/hit = 1212.500s/hit): seed=11545038205804579543 [0, 10, 798, 1036, 1112, 1674, 1719, 2531, 5123, 5232, 5258, 5663, 5897, 5955, 6053, 6294, 7036, 7317, 7648, 7676, 8899, 9858, 9985, 11864, 11871, 11904, 13480, 13683, 14036, 14715, 15458, 15683, 15729, 15736, 15797, 16346, 16716, 16841, 17989, 18025, 18380, 18394, 18439, 18721, 18835, 18891, 19281, 19325, 20013, 20025, 21048, 21465, 22274, 22318, 22613, 23062, 23098, 23738, 24121, 24815, 25377, 27294, 28656, 28730, 29072, 29394, 29695, 31031, 31703, 31719, 32724]
Iter#1562881 New set #3 of size 71 (520960.3 its/hit = 2063.667s/hit): seed=2686349085017572381 [0, 2, 1459, 2720, 2921, 3037, 3204, 3247, 3588, 3831, 4481, 4569, 4602, 4869, 5957, 6208, 7036, 7168, 7313, 7882, 8091, 8190, 8356, 8459, 11857, 12166, 12377, 12894, 14031, 14123, 14402, 15428, 16434, 16489, 16921, 17673, 17987, 17999, 18009, 18246, 18264, 18345, 18385, 18780, 19559, 19740, 20014, 20145, 20342, 20501, 20675, 21029, 22008, 22178, 22694, 22857, 22957, 23702, 23862, 24216, 24228, 25753, 26383, 27130, 27267, 28682, 29400, 30122, 30240, 31039, 32533]
Iter#1954042 New set #4 of size 71 (488510.5 its/hit = 1920.000s/hit): seed=17176780514345837417 [0, 30, 529, 582, 733, 1220, 2963, 3447, 3587, 4489, 5128, 5506, 5841, 6212, 6236, 7288, 8226, 8530, 8536, 10743, 11815, 11821, 12043, 12420, 12872, 13094, 13293, 13639, 13645, 13715, 13866, 14022, 14565, 14699, 14898, 14904, 15482, 15501, 16098, 16895, 17324, 17701, 17765, 19733, 19865, 20414, 21690, 22119, 22698, 22761, 23482, 25381, 25419, 26110, 27221, 27477, 27743, 27872, 28290, 28645, 28969, 29696, 30547, 30571, 30615, 31446, 31621, 31637, 31705, 32215, 32515]
Iter#1997691 New set #5 of size 71 (399538.2 its/hit = 1569.200s/hit): seed=9291387752915300002 [0, 110, 256, 748, 1657, 1789, 1793, 2184, 2741, 3300, 3632, 3801, 4384, 4566, 5027, 5445, 5462, 7689, 8411, 8790, 9537, 10638, 11313, 11328, 12860, 13605, 13709, 13993, 14186, 14996, 14999, 15142, 15538, 15848, 16018, 16113, 16434, 17191, 18687, 19138, 19562, 19603, 19610, 19886, 20142, 22043, 22168, 22623, 23132, 23822, 23977, 24003, 24104, 25419, 25534, 25543, 26062, 26262, 26414, 26660, 28112, 29543, 29623, 29674, 30057, 30262, 30573, 30767, 31527, 31930, 32114]
Iter#2029084 New set #6 of size 71 (338180.7 its/hit = 1327.500s/hit): seed=5574206575229231513 [0, 419, 476, 819, 1073, 1532, 1581, 1777, 1840, 2387, 2501, 2641, 2944, 4102, 5440, 5470, 5844, 5868, 6212, 7098, 7363, 7529, 7797, 8185, 10171, 10225, 10987, 11334, 11459, 11751, 11760, 12061, 12252, 12421, 12875, 14052, 14233, 14471, 14791, 16339, 16500, 16990, 17167, 17331, 18109, 18676, 19820, 19822, 20269, 21692, 23322, 23338, 23351, 23524, 24221, 24288, 25035, 26348, 27231, 27777, 28106, 28177, 28184, 28254, 28492, 28747, 29007, 29403, 30855, 31928, 32705]
Iter#2081837 New set #7 of size 71 (297405.3 its/hit = 1166.428s/hit): seed=10647532395497124196 [0, 580, 934, 1689, 2005, 2173, 3209, 3210, 3234, 4041, 4349, 4626, 5049, 5133, 5169, 5566, 5774, 6216, 6656, 6802, 7033, 7682, 8619, 8897, 9176, 10085, 10332, 10346, 10462, 10681, 11336, 11467, 12827, 13279, 13902, 14271, 14586, 14933, 15455, 15488, 16516, 17044, 17057, 18224, 18460, 19636, 20258, 20776, 21070, 21249, 21466, 21947, 22311, 22506, 23360, 23796, 24068, 25447, 25592, 27643, 28129, 29164, 29498, 29717, 29833, 30379, 30482, 31899, 32246, 32657, 32714]
Iter#2190052 New set #8 of size 71 (273756.5 its/hit = 1072.750s/hit): seed=16586510386291468661 [0, 639, 874, 891, 1062, 2437, 2549, 2649, 3079, 3157, 3423, 3999, 4603, 5080, 5962, 6094, 6223, 6913, 7106, 7612, 7970, 8148, 8194, 8201, 9230, 9282, 9476, 10054, 11065, 11370, 11979, 12287, 12600, 12663, 12769, 13082, 14290, 14889, 15761, 16174, 17402, 18117, 18412, 18948, 19424, 20220, 20470, 20689, 20785, 22566, 22865, 23235, 24077, 24683, 24885, 25458, 25500, 26279, 26541, 26824, 27083, 27609, 27962, 29287, 29950, 30389, 30610, 30651, 31998, 32181, 32646]
Iter#2798399 New set #9 of size 71 (310933.2 its/hit = 1213.556s/hit): seed=1999963480856721684 [0, 534, 575, 852, 1896, 2094, 2222, 2767, 2950, 3307, 3644, 4195, 4413, 4429, 4520, 6628, 7160, 7484, 7750, 7790, 9203, 9762, 11315, 11515, 12162, 13089, 13489, 13508, 14996, 15096, 15493, 15518, 16563, 16767, 17016, 17439, 17678, 18121, 18677, 18977, 19331, 19513, 19650, 19867, 19911, 21151, 21872, 22032, 22239, 22527, 22778, 23553, 24870, 25069, 25203, 25741, 25805, 27135, 27403, 29197, 29615, 29717, 30135, 30573, 30748, 31444, 31784, 31793, 32178, 32203, 32380]
Iter#3956731 New set #10 of size 71 (395673.1 its/hit = 1535.100s/hit): seed=15066945951311624883 [0, 1453, 1541, 1694, 1898, 2009, 2381, 2596, 2606, 3373, 3661, 3884, 4033, 4287, 4991, 5103, 5214, 6330, 6343, 6410, 7011, 7280, 8398, 8418, 9761, 10571, 11254, 12360, 12393, 12770, 12934, 13441, 13864, 14028, 14038, 14332, 14777, 14850, 15240, 16339, 17574, 19031, 19229, 19971, 20071, 20339, 20477, 20697, 20791, 20832, 21260, 21726, 22031, 22087, 23356, 23667, 24377, 24382, 24721, 26091, 26127, 27505, 27577, 28117, 29918, 30075, 31075, 31178, 31502, 32339, 32754]
