[*] Computing DDT
[+] DDT Computed
DDT took 23.58290542s
Iter#1 New set #1 of size 37 (1.0 its/hit = 0.000s/hit): seed=8564500301917915301 [73, 2931, 3101, 4343, 5141, 8226, 8816, 9697, 9854, 10767, 11187, 12393, 12538, 13796, 14280, 15267, 15556, 15852, 16971, 17226, 17606, 18171, 22177, 22378, 23592, 23650, 24051, 24427, 26077, 26512, 26793, 27191, 27434, 28442, 29315, 29645, 29954]
Iter#3 New set #1 of size 39 (3.0 its/hit = 0.000s/hit): seed=2677330755362126319 [2641, 2907, 3898, 3923, 4723, 4801, 5163, 6125, 6520, 7292, 8650, 9303, 9833, 9981, 10076, 11031, 11500, 11634, 12098, 14072, 15279, 15596, 16499, 20086, 21357, 22720, 23708, 23732, 24556, 24733, 25987, 28980, 29141, 29241, 30643, 30935, 31434, 32425, 32595]
Iter#86 New set #2 of size 39 (43.0 its/hit = 0.000s/hit): seed=8026020531435442090 [27, 28, 1038, 1465, 2434, 2847, 3495, 3569, 5507, 6457, 7220, 8996, 9788, 9844, 9948, 10502, 10939, 11703, 11711, 14636, 15130, 15406, 16700, 16917, 17720, 18364, 20962, 21548, 21571, 23033, 23754, 24397, 24417, 24858, 25483, 28404, 28447, 29456, 31237]
Iter#88 New set #3 of size 39 (29.3 its/hit = 0.000s/hit): seed=3301778130266953934 [782, 1991, 2496, 3803, 4154, 4990, 6410, 7303, 8245, 8402, 8886, 11641, 12231, 12589, 12920, 13613, 14074, 14449, 15809, 16630, 16667, 21447, 21995, 24193, 24787, 25740, 25883, 27058, 27214, 27235, 27309, 28715, 29597, 29626, 30286, 31145, 31772, 32063, 32394]
Iter#97 New set #4 of size 39 (24.2 its/hit = 0.000s/hit): seed=10911396278936870388 [679, 3552, 5697, 6096, 6824, 7033, 7034, 8526, 8630, 9920, 10253, 10494, 10536, 11783, 12211, 12567, 16827, 17348, 17399, 17843, 20716, 20717, 22438, 22851, 23191, 25515, 26080, 26297, 27388, 28048, 28395, 28422, 29280, 29371, 29557, 30934, 32197, 32437, 32594]
Iter#104 New set #5 of size 39 (20.8 its/hit = 0.000s/hit): seed=7752423675175828519 [677, 1331, 2119, 5015, 5915, 6116, 6662, 8125, 8583, 8863, 11323, 13188, 13648, 14441, 15011, 15035, 15178, 15617, 17832, 18332, 19324, 19746, 21106, 21374, 21660, 21729, 22497, 22553, 23671, 24551, 25236, 27104, 27829, 29421, 29903, 30023, 30625, 30650, 32466]
Iter#131 New set #6 of size 39 (21.8 its/hit = 0.000s/hit): seed=6315733057118203265 [1519, 3713, 4487, 4820, 5109, 6683, 6798, 6801, 6960, 13667, 14066, 14387, 15144, 16071, 16974, 17301, 17329, 21371, 22897, 24703, 24771, 25057, 25784, 26065, 26189, 26243, 26520, 26967, 27766, 28151, 28287, 29168, 29774, 29919, 30754, 31590, 31727, 31917, 31962]
Iter#182 New set #7 of size 39 (26.0 its/hit = 0.143s/hit): seed=16569870303554660535 [708, 942, 3999, 5554, 5947, 6214, 7936, 8541, 9807, 10399, 10632, 10644, 11582, 12043, 12477, 12558, 13916, 14133, 14248, 14739, 14932, 15675, 15939, 16041, 16759, 17535, 20700, 20752, 21352, 22126, 22834, 25017, 27386, 27592, 30149, 30793, 31204, 31726, 31781]
Iter#200 New set #8 of size 39 (25.0 its/hit = 0.125s/hit): seed=8209173569732453708 [1579, 1978, 2116, 2390, 2962, 3225, 4280, 4407, 5017, 5205, 5913, 6028, 6551, 7029, 7283, 8600, 9018, 10691, 11339, 15370, 16053, 16897, 17133, 17572, 21509, 22588, 22759, 24078, 24543, 24679, 26406, 28314, 28688, 29018, 30671, 30979, 31014, 31330, 31514]
Iter#217 New set #9 of size 39 (24.1 its/hit = 0.111s/hit): seed=17736908084698220623 [289, 1061, 2902, 3461, 5413, 5703, 5882, 6690, 6872, 8302, 8382, 8389, 8669, 9146, 10136, 11931, 12267, 13359, 14391, 16464, 17687, 18565, 18823, 19751, 20309, 20644, 21134, 21437, 22031, 24232, 25273, 26240, 26767, 26954, 28682, 30082, 30527, 30575, 31613]
Iter#219 New set #10 of size 39 (21.9 its/hit = 0.100s/hit): seed=13038041900200062300 [197, 785, 1076, 1491, 1805, 2661, 3431, 5701, 6484, 6565, 7525, 9039, 9704, 10239, 10350, 10785, 10940, 10986, 11416, 11604, 11776, 12046, 12285, 14238, 14663, 16810, 17261, 17639, 19139, 20232, 20566, 21377, 23894, 25044, 25828, 27965, 31218, 31374, 32234]
Iter#257 New set #1 of size 41 (257.0 its/hit = 1.000s/hit): seed=8609447888523304716 [506, 1277, 2098, 2100, 3980, 4036, 5277, 6069, 6640, 7903, 8157, 8763, 10495, 10891, 11413, 12441, 12767, 13575, 14216, 14693, 16685, 18447, 18698, 18775, 18934, 19455, 19505, 20602, 22024, 23891, 25734, 26212, 27955, 28806, 28867, 29318, 29868, 29963, 30338, 30342, 31701]
Iter#958 New set #2 of size 41 (479.0 its/hit = 3.000s/hit): seed=1013493611078865219 [158, 200, 458, 501, 560, 1430, 4299, 6128, 6385, 7010, 7764, 8185, 10023, 10296, 11290, 11408, 13372, 13900, 14657, 14856, 14931, 15576, 15784, 15815, 17425, 17637, 18817, 19120, 19476, 19638, 20349, 20759, 21163, 22770, 24982, 25168, 25464, 25856, 31978, 32125, 32282]
Iter#1001 New set #3 of size 41 (333.7 its/hit = 2.333s/hit): seed=8199331763460784356 [608, 2114, 2536, 3533, 4006, 4223, 5261, 5396, 5809, 6240, 6456, 7648, 10153, 10978, 13189, 14391, 14542, 15396, 15736, 16019, 17835, 18098, 18906, 19193, 20940, 21294, 21379, 21821, 22229, 24814, 25678, 25833, 27099, 27392, 27758, 30074, 30158, 30538, 30607, 30860, 32214]
Iter#2297 New set #1 of size 42 (2297.0 its/hit = 16.000s/hit): seed=10298547708113431505 [662, 2175, 2349, 3140, 3171, 3312, 3749, 5129, 5884, 6720, 6794, 7770, 9952, 11570, 11596, 12044, 12927, 13331, 13429, 18237, 19233, 19983, 20099, 20507, 20559, 20609, 21594, 22334, 24321, 25064, 25251, 25726, 25979, 26629, 26788, 28112, 29877, 30749, 30818, 30871, 31615, 32739]
Iter#12062 New set #2 of size 42 (6031.0 its/hit = 43.000s/hit): seed=2493292507218893678 [13, 356, 380, 979, 2749, 2935, 2960, 3021, 4300, 4624, 4869, 5067, 5122, 6516, 7097, 7153, 7625, 7877, 8001, 8287, 8438, 11483, 15203, 15778, 15832, 15857, 16733, 18852, 19188, 20802, 21443, 22468, 23075, 26340, 27527, 28143, 29373, 29582, 30354, 30763, 31252, 32250]
Iter#16983 New set #3 of size 42 (5661.0 its/hit = 40.333s/hit): seed=12098972666867379242 [2647, 4059, 6889, 6942, 8248, 9193, 11808, 12789, 12794, 12807, 12889, 13375, 13862, 14142, 15007, 15047, 15447, 15541, 16198, 16226, 16539, 16862, 17367, 17764, 19221, 19372, 19519, 20439, 20634, 20718, 21518, 23044, 23705, 24879, 25185, 26771, 27501, 29090, 30228, 30247, 31033, 31671]
Iter#22715 New set #1 of size 43 (22715.0 its/hit = 162.000s/hit): seed=2609327038879597810 [534, 991, 3068, 3583, 4565, 4624, 4901, 5824, 6163, 6781, 7015, 7675, 7850, 8013, 9628, 10134, 10219, 11464, 13025, 13466, 13534, 13997, 14967, 15005, 15465, 15700, 18677, 18758, 18988, 20926, 22074, 23293, 24064, 24415, 24484, 24661, 26335, 27461, 29426, 30169, 30569, 30592, 30872]
Iter#46084 New set #2 of size 43 (23042.0 its/hit = 165.500s/hit): seed=6863674257791537935 [188, 2034, 2475, 2805, 4626, 4967, 5126, 5387, 5533, 6115, 6521, 7220, 10307, 10999, 11297, 11381, 13285, 13433, 13610, 14606, 14890, 14932, 15151, 15159, 15342, 15404, 18554, 21657, 24295, 25469, 25617, 26174, 28249, 28341, 29406, 29709, 30796, 30991, 31233, 31668, 32162, 32215, 32322]
Iter#89780 New set #1 of size 44 (89780.0 its/hit = 645.000s/hit): seed=9580901941321346878 [1361, 3803, 4961, 5214, 6654, 7584, 9407, 9617, 10192, 10587, 10757, 11084, 11417, 12178, 14005, 14297, 15381, 15563, 15605, 16096, 17020, 17310, 17759, 19458, 19720, 19812, 20227, 21108, 22352, 23918, 24656, 24764, 24788, 26080, 26987, 27168, 28462, 30424, 30900, 30981, 30991, 31628, 32371, 32620]
Iter#119314 New set #1 of size 45 (119314.0 its/hit = 857.000s/hit): seed=4825638811810828998 [498, 928, 2630, 2700, 3243, 3908, 4438, 5322, 6590, 7149, 7524, 7796, 8618, 8845, 10322, 11417, 12492, 13187, 13453, 13631, 14208, 14558, 15045, 16992, 17150, 17605, 17765, 18440, 19194, 20739, 20865, 20949, 21532, 23645, 25725, 26872, 27796, 28302, 28666, 29454, 29511, 29709, 30291, 30932, 32189]
Iter#196977 New set #1 of size 46 (196977.0 its/hit = 1411.000s/hit): seed=15346757516234349477 [1009, 1843, 2314, 2536, 2843, 3411, 3670, 5742, 7786, 7914, 8317, 8322, 10152, 10832, 11386, 11627, 12421, 12733, 13295, 13753, 13870, 13952, 14861, 15239, 15908, 16711, 17034, 19853, 19984, 22874, 24105, 25928, 26460, 26769, 26902, 27044, 27985, 29029, 29394, 29737, 31550, 31572, 31586, 31994, 32018, 32274]
Iter#751791 New set #2 of size 46 (375895.5 its/hit = 2655.500s/hit): seed=18377793405244483008 [1405, 1619, 3719, 5341, 5975, 7774, 9636, 10102, 10571, 10674, 11465, 13114, 13160, 13241, 13386, 13811, 14664, 15172, 15548, 15803, 17442, 17454, 17593, 18294, 18566, 18690, 18784, 18882, 20648, 21786, 22044, 23117, 23709, 24800, 25009, 26134, 26405, 27231, 27607, 27847, 28410, 29906, 31599, 31996, 32096, 32407]
Iter#1017234 New set #1 of size 47 (1017234.0 its/hit = 7172.000s/hit): seed=5417471394024604188 [186, 1224, 3820, 4408, 4625, 5088, 5632, 6245, 6413, 6529, 6760, 7130, 7339, 8098, 8285, 9695, 10409, 11215, 11462, 11584, 11677, 11916, 12613, 12928, 14393, 15713, 17633, 18170, 19016, 19485, 19604, 20212, 20655, 21963, 21972, 22447, 22533, 23153, 23190, 24540, 25000, 25334, 26335, 28926, 31809, 32338, 32397]
