[*] Computing DDT
[+] DDT Computed
DDT took 23.389918319s
Iter#1 New set #1 of size 36 (1.0 its/hit = 0.000s/hit): seed=3656576355080385167 [102, 663, 690, 1286, 1316, 1430, 1590, 3855, 5004, 6347, 6868, 7310, 10295, 11376, 12445, 13636, 16598, 16782, 18155, 19686, 20208, 20227, 20542, 20714, 21079, 23138, 23317, 23596, 24075, 24541, 27026, 27954, 29865, 31096, 32398, 32635]
Iter#2 New set #1 of size 37 (2.0 its/hit = 0.000s/hit): seed=5251260337550241680 [197, 939, 1479, 1682, 1959, 4073, 4601, 5259, 6688, 7507, 8419, 9660, 9741, 9768, 10101, 10857, 11820, 14116, 15397, 15570, 15935, 16722, 17097, 19098, 19467, 20766, 21202, 21410, 22243, 24670, 27082, 28553, 29557, 30026, 30533, 31347, 32671]
Iter#3 New set #1 of size 38 (3.0 its/hit = 0.000s/hit): seed=14703489081705912728 [309, 643, 1435, 2860, 3445, 3670, 4315, 4328, 4354, 5113, 5277, 8096, 8561, 9955, 11062, 12574, 14285, 14441, 16846, 17919, 18088, 19350, 20692, 21274, 21602, 21603, 22903, 23982, 24289, 24318, 25645, 25776, 25865, 26776, 30425, 30798, 32084, 32481]
Iter#4 New set #2 of size 38 (2.0 its/hit = 0.000s/hit): seed=15054570792001562469 [1246, 1737, 2068, 3186, 3406, 3628, 4388, 5986, 6612, 7394, 8605, 9902, 10526, 11015, 11568, 13465, 14626, 16051, 16401, 16943, 17960, 18266, 18450, 21413, 21760, 22126, 23273, 23762, 24861, 25096, 25236, 28313, 28812, 29317, 29541, 30098, 30241, 32461]
Iter#5 New set #3 of size 38 (1.7 its/hit = 0.000s/hit): seed=12605943196244562185 [2538, 3029, 4582, 4622, 5188, 5380, 5885, 7665, 9775, 10079, 10181, 10768, 11285, 11674, 12721, 14699, 14929, 15740, 16759, 16842, 17139, 17561, 17749, 18243, 18752, 19671, 20594, 21194, 21401, 21622, 22121, 22525, 24898, 25624, 27095, 27210, 29339, 32033]
Iter#12 New set #1 of size 40 (12.0 its/hit = 0.000s/hit): seed=3932138349702360099 [639, 2746, 3147, 3565, 4496, 5081, 5964, 9642, 9691, 10310, 11523, 12373, 12607, 12966, 13238, 13714, 13902, 14153, 14940, 15410, 15620, 15682, 18311, 18927, 23586, 23992, 24372, 24983, 26208, 26217, 26765, 27571, 28760, 28877, 29087, 29618, 30566, 30632, 30782, 32219]
Iter#415 New set #2 of size 40 (207.5 its/hit = 1.000s/hit): seed=16633199447054611045 [757, 766, 1044, 2110, 3048, 3127, 3940, 4426, 5197, 5563, 6303, 6324, 8136, 9741, 9771, 10112, 11489, 11725, 12231, 12612, 14446, 15629, 17660, 17898, 18573, 19004, 19820, 20131, 20544, 21880, 21931, 24456, 25683, 26752, 27936, 28764, 30047, 30761, 30905, 30921]
Iter#619 New set #3 of size 40 (206.3 its/hit = 1.333s/hit): seed=10056137016868287788 [1444, 1803, 4952, 7276, 7730, 8357, 9369, 9991, 10550, 11384, 12865, 15118, 15141, 16103, 16887, 17643, 18638, 19118, 20852, 21053, 21360, 22447, 22645, 23428, 24334, 24951, 25108, 25414, 25415, 26457, 26604, 26674, 27149, 27831, 28464, 28748, 29769, 30335, 31551, 32437]
Iter#627 New set #4 of size 40 (156.8 its/hit = 1.000s/hit): seed=15192758126592094188 [588, 1217, 2129, 2245, 3472, 3886, 4229, 5449, 7081, 7264, 7633, 9631, 10189, 10510, 11692, 13082, 14431, 15510, 19614, 19680, 21101, 21646, 22077, 22098, 23573, 23848, 25146, 25420, 25657, 25684, 26012, 26655, 27212, 28157, 28167, 28827, 30395, 30712, 31369, 32580]
Iter#796 New set #5 of size 40 (159.2 its/hit = 1.000s/hit): seed=4301396378553717533 [572, 1109, 1168, 2043, 2228, 3008, 3488, 3723, 4556, 5551, 7070, 7888, 7960, 8028, 8457, 8692, 8935, 10727, 10977, 12031, 13453, 14584, 16100, 16292, 17758, 17926, 18213, 19410, 21934, 24031, 24895, 26434, 27183, 28450, 28552, 30323, 30378, 30481, 30910, 31313]
Iter#1018 New set #6 of size 40 (169.7 its/hit = 1.167s/hit): seed=14383621848435928726 [633, 1969, 2860, 3146, 3337, 3693, 4547, 6045, 6778, 7467, 8341, 8690, 10229, 11472, 12142, 12200, 12870, 12936, 14485, 15101, 15753, 16390, 17612, 21692, 23014, 23328, 25013, 25756, 26025, 26737, 26919, 27563, 28005, 28112, 28241, 28535, 28789, 29028, 29935, 31659]
Iter#1074 New set #7 of size 40 (153.4 its/hit = 1.000s/hit): seed=11063049744108657197 [3582, 4018, 4241, 4449, 4576, 4646, 8258, 8984, 10880, 10901, 11318, 11957, 12187, 13323, 14242, 15000, 15360, 16080, 16119, 17853, 18290, 18520, 18687, 19951, 20757, 21183, 22523, 22594, 23551, 24397, 26092, 26234, 27047, 27804, 27941, 28814, 31139, 31299, 32438, 32628]
Iter#1520 New set #1 of size 41 (1520.0 its/hit = 10.000s/hit): seed=7082092223573170059 [990, 1571, 3386, 3619, 5987, 6957, 8019, 8048, 8098, 8310, 8880, 10919, 11395, 11504, 11643, 12027, 12455, 13557, 13716, 14548, 14944, 17644, 18159, 18385, 19870, 20929, 20968, 21505, 22273, 23285, 25770, 26316, 27052, 27101, 27801, 28104, 28701, 29303, 29320, 29329, 32403]
Iter#2665 New set #2 of size 41 (1332.5 its/hit = 9.000s/hit): seed=9627539963621559654 [1155, 1860, 2451, 2585, 2631, 3641, 4252, 5065, 5963, 6340, 7625, 8909, 9216, 9272, 9449, 9967, 10982, 11171, 11461, 13060, 17024, 20482, 20612, 21263, 22028, 22110, 23116, 23952, 24100, 25023, 25594, 25864, 26066, 26422, 27274, 27933, 29019, 30251, 31357, 31883, 31963]
Iter#3203 New set #3 of size 41 (1067.7 its/hit = 7.333s/hit): seed=14801765747919512058 [853, 2014, 2082, 2303, 5091, 5154, 5310, 7100, 7405, 7593, 7643, 7696, 8086, 8518, 8527, 8921, 10071, 10179, 10387, 11518, 14386, 14399, 14489, 15036, 15131, 16446, 16773, 16853, 17749, 18123, 18593, 19416, 20154, 21638, 24409, 26258, 26554, 29260, 30784, 30834, 30845]
Iter#3890 New set #1 of size 42 (3890.0 its/hit = 27.000s/hit): seed=3848115276075769312 [2969, 3141, 5873, 6337, 6817, 6849, 6867, 6972, 7043, 8058, 8503, 8775, 9791, 9955, 9977, 10604, 10815, 11634, 13107, 13590, 15048, 15412, 16428, 20240, 21268, 21933, 23642, 24119, 24139, 25418, 25748, 25787, 27219, 27308, 27354, 27768, 28638, 28995, 31363, 31368, 31835, 32291]
Iter#14888 New set #2 of size 42 (7444.0 its/hit = 52.500s/hit): seed=16810861085054706805 [348, 391, 643, 935, 2853, 3814, 3968, 5221, 6030, 6594, 9121, 10282, 11616, 11685, 11957, 12886, 12973, 12984, 13941, 14827, 16432, 16530, 18955, 19513, 20337, 20381, 20489, 21722, 21814, 22393, 22444, 24391, 24873, 26100, 26422, 26937, 27306, 27525, 28585, 30723, 31589, 32661]
Iter#34232 New set #3 of size 42 (11410.7 its/hit = 79.667s/hit): seed=1565455186544572945 [61, 1003, 1298, 1611, 5731, 5796, 5823, 6149, 6325, 6328, 7805, 7983, 10376, 11020, 13707, 13926, 14362, 15354, 15536, 15715, 15928, 17022, 20112, 20113, 20146, 20491, 21532, 21941, 23036, 25726, 26216, 27675, 27931, 28389, 29225, 30230, 30838, 30896, 31157, 32365, 32668, 32727]
Iter#61095 New set #4 of size 42 (15273.8 its/hit = 96.250s/hit): seed=1449370955031528619 [516, 977, 2642, 3092, 3492, 4561, 5077, 5605, 6741, 7510, 8646, 12468, 13437, 13542, 13904, 13935, 16300, 17246, 17248, 17480, 18389, 19795, 20861, 21518, 21543, 21589, 21893, 22702, 23365, 24979, 25926, 27412, 27953, 29646, 29692, 29919, 30334, 30385, 30723, 30864, 31120, 31960]
Iter#65213 New set #5 of size 42 (13042.6 its/hit = 81.400s/hit): seed=11410027966132249930 [1324, 1779, 2640, 2958, 3684, 3825, 3885, 4294, 5044, 6452, 8182, 8784, 9519, 9594, 10185, 10643, 11511, 12413, 12887, 13660, 13972, 14004, 14022, 15997, 18317, 20323, 20762, 20941, 23679, 24780, 25596, 25783, 26616, 26948, 28458, 28870, 29957, 30349, 30637, 30957, 32018, 32737]
Iter#97914 New set #6 of size 42 (16319.0 its/hit = 97.333s/hit): seed=7180949321969595654 [780, 1463, 1959, 2193, 3010, 3118, 5036, 5488, 6614, 9899, 10186, 10266, 10498, 14483, 15527, 16581, 17153, 17439, 17491, 18247, 18644, 18870, 19667, 20466, 20636, 20909, 21422, 22314, 23198, 23534, 24676, 26050, 26643, 26665, 26899, 27515, 28489, 28685, 28866, 29704, 30526, 32604]
Iter#103975 New set #7 of size 42 (14853.6 its/hit = 88.143s/hit): seed=12893736443455090969 [120, 1822, 5197, 6357, 7418, 7466, 8691, 9007, 11282, 11581, 12237, 12861, 13252, 13347, 13655, 14430, 15013, 15267, 15277, 16340, 16504, 17039, 17717, 18209, 19127, 19216, 19975, 20661, 20803, 21178, 23625, 23907, 25643, 26297, 26897, 27559, 28534, 28957, 29260, 29682, 31475, 31585]
Iter#127298 New set #8 of size 42 (15912.2 its/hit = 92.750s/hit): seed=5575554830380515367 [1487, 1744, 4741, 6642, 7415, 7455, 7929, 8591, 9910, 9967, 10416, 10733, 11449, 11510, 14244, 14983, 15310, 15540, 16359, 16830, 18067, 18279, 19618, 22065, 22085, 22279, 22391, 23111, 23628, 24619, 24800, 26005, 26291, 26474, 27761, 28677, 29752, 30172, 31604, 31755, 32036, 32106]
Iter#128683 New set #9 of size 42 (14298.1 its/hit = 83.333s/hit): seed=13338603746243317339 [502, 735, 913, 2332, 2478, 3364, 3549, 4090, 7237, 7838, 8973, 10226, 10780, 11145, 11380, 14109, 14119, 14230, 16665, 17377, 17734, 17863, 19627, 20386, 21545, 21774, 22117, 22352, 23981, 23992, 24442, 26002, 26383, 26505, 27229, 27702, 28954, 29028, 29634, 31058, 31660, 31919]
Iter#150615 New set #10 of size 42 (15061.5 its/hit = 86.700s/hit): seed=14164471299440600519 [221, 658, 1130, 2578, 3412, 4984, 5313, 5914, 8364, 9630, 9753, 10616, 10839, 11030, 11108, 11110, 11830, 11916, 12266, 13223, 13998, 15201, 16876, 17545, 19486, 19767, 19836, 20333, 22506, 23614, 24362, 24849, 26488, 26806, 27698, 27889, 27966, 28108, 30357, 31455, 31640, 31781]
Iter#369298 New set #20 of size 42 (18464.9 its/hit = 101.600s/hit): seed=14224519950858532463 [1724, 3237, 3641, 4066, 5203, 5643, 6165, 7063, 8163, 8339, 8767, 8807, 9710, 11882, 13118, 14833, 15745, 17472, 17726, 19517, 19839, 20006, 21047, 21305, 21961, 22316, 22389, 22470, 22755, 23704, 23851, 25955, 26532, 27001, 27780, 29583, 31048, 31437, 31780, 32116, 32263, 32663]
Iter#515725 New set #30 of size 42 (17190.8 its/hit = 93.700s/hit): seed=11055596683346331377 [69, 406, 2738, 3249, 4028, 6036, 7137, 7952, 8957, 9020, 9325, 9562, 10807, 11391, 12027, 12101, 12252, 12327, 14381, 14887, 18666, 19945, 20014, 20107, 21305, 24737, 24968, 24989, 25451, 26307, 26516, 26544, 29280, 29724, 29855, 30279, 30398, 30700, 31164, 31420, 31630, 31859]
Iter#537960 New set #1 of size 43 (537960.0 its/hit = 2929.000s/hit): seed=6668502641305511988 [1078, 2143, 2444, 4029, 4213, 6145, 6293, 6709, 7506, 10734, 11355, 11799, 13057, 13179, 14131, 14918, 15045, 15591, 16913, 18512, 19025, 19138, 19321, 19395, 19939, 19986, 20147, 20855, 21985, 23320, 23885, 24072, 27370, 27371, 27467, 27485, 27735, 27803, 29689, 29857, 31120, 31376, 31619]
Iter#1191147 New set #2 of size 43 (595573.5 its/hit = 3192.000s/hit): seed=15467261639274954669 [87, 849, 881, 1580, 1699, 2533, 3588, 5121, 5257, 6492, 8771, 8882, 9245, 9247, 10109, 10439, 11054, 12749, 13834, 15267, 15942, 16891, 17029, 17216, 17759, 18943, 19076, 19238, 21224, 21627, 22392, 23814, 24291, 25467, 25585, 28185, 28220, 29342, 31216, 31753, 31868, 32383, 32533]
