[*] Computing DDT
[+] DDT Computed
DDT took 23.433836117s
Iter#1 New set #1 of size 36 (1.0 its/hit = 0.000s/hit): seed=2165955963449467536 [210, 1019, 1132, 1728, 3806, 4180, 4956, 5157, 5197, 5970, 6211, 6503, 6706, 7186, 10012, 12216, 15091, 16514, 19453, 20917, 22396, 22611, 24176, 25056, 25482, 25917, 26381, 26694, 26704, 26714, 28812, 29798, 29941, 31194, 31441, 32533]
Iter#2 New set #1 of size 40 (2.0 its/hit = 0.000s/hit): seed=8238680715666509528 [759, 1728, 2810, 3049, 3286, 3868, 4186, 4883, 6277, 6492, 6878, 7852, 8342, 9134, 9278, 9366, 12606, 13081, 13417, 13855, 14107, 14739, 14927, 16705, 17530, 17938, 18151, 18265, 19326, 22643, 24606, 26459, 27793, 28048, 28262, 29039, 29504, 31249, 31785, 32119]
Iter#122 New set #2 of size 40 (61.0 its/hit = 0.000s/hit): seed=3999767285748149903 [349, 465, 2023, 2464, 3142, 4366, 5523, 7155, 8570, 9868, 10404, 11082, 11272, 11479, 12370, 12671, 12800, 13710, 17143, 17987, 18416, 18668, 18714, 19204, 19481, 19840, 20938, 20966, 20973, 21604, 22662, 23411, 25531, 25985, 27299, 27568, 27967, 29172, 29648, 30566]
Iter#308 New set #3 of size 40 (102.7 its/hit = 0.667s/hit): seed=3192439905916690109 [494, 555, 3113, 4351, 4923, 7519, 7560, 7594, 8134, 9643, 10511, 10549, 10694, 10924, 11086, 11206, 12567, 12810, 13419, 14194, 14305, 15175, 16125, 16340, 17037, 17580, 18166, 20922, 21648, 21798, 22438, 24036, 24613, 25851, 26647, 27904, 29282, 30151, 30949, 31708]
Iter#432 New set #4 of size 40 (108.0 its/hit = 0.750s/hit): seed=3271184421556561523 [2000, 2505, 2725, 3027, 3344, 3553, 5497, 5559, 5793, 9172, 11062, 11120, 12424, 14000, 14188, 15214, 15417, 15615, 16271, 16524, 17610, 17928, 18239, 18723, 19218, 19540, 19817, 21464, 21529, 22258, 22651, 23204, 26023, 26689, 27207, 28394, 31111, 31938, 32507, 32575]
Iter#436 New set #1 of size 41 (436.0 its/hit = 3.000s/hit): seed=4372229025609528791 [321, 396, 813, 2188, 3123, 3210, 3721, 3797, 4383, 7232, 7848, 9507, 10174, 11359, 11752, 11884, 12061, 13751, 14263, 14333, 14409, 14889, 15292, 16528, 16941, 17297, 17975, 19594, 19864, 20343, 22788, 25504, 27068, 28258, 29559, 29668, 30287, 30879, 31785, 31865, 32509]
Iter#1883 New set #2 of size 41 (941.5 its/hit = 6.500s/hit): seed=16329086531849397049 [1329, 2769, 3063, 3257, 3287, 3355, 4214, 5403, 6955, 7459, 7842, 8675, 9611, 10081, 10476, 11025, 11276, 11492, 13761, 13844, 14184, 14218, 14661, 15235, 15501, 15978, 16492, 21952, 24484, 25214, 26264, 26862, 27004, 27401, 27840, 28378, 28524, 29120, 29823, 31244, 32009]
Iter#2228 New set #3 of size 41 (742.7 its/hit = 5.333s/hit): seed=5903917450262524330 [7, 1101, 1118, 1216, 1820, 3104, 3113, 3801, 3957, 5222, 5475, 6812, 7844, 8486, 10362, 13198, 13508, 15671, 16088, 16971, 18382, 18964, 20146, 20439, 20753, 21143, 22214, 23067, 24558, 24831, 25525, 25963, 25990, 26326, 26339, 26413, 27212, 27298, 27696, 29813, 30173]
Iter#2756 New set #4 of size 41 (689.0 its/hit = 4.750s/hit): seed=6868853750723217032 [851, 2767, 3092, 4412, 4698, 4840, 5156, 5677, 6314, 6453, 6539, 6837, 7686, 7978, 8213, 8875, 9617, 11108, 11476, 11609, 12447, 13075, 14627, 14729, 14841, 16064, 19068, 19628, 20944, 21066, 22057, 22700, 23692, 24751, 25128, 25638, 27084, 28009, 28569, 30979, 31040]
Iter#3481 New set #5 of size 41 (696.2 its/hit = 5.000s/hit): seed=8220819673839362374 [60, 165, 795, 1006, 1775, 3543, 5349, 8183, 9655, 10477, 11135, 11490, 12179, 12297, 12989, 14046, 14673, 14737, 15921, 16316, 16964, 17503, 18633, 19157, 19799, 19808, 19857, 19880, 20425, 20568, 21422, 22135, 24214, 24523, 25741, 26112, 27041, 28497, 28505, 29095, 29640]
Iter#3796 New set #6 of size 41 (632.7 its/hit = 4.500s/hit): seed=6319129222029304417 [1060, 2780, 3044, 3063, 5205, 5332, 6257, 6259, 7229, 8304, 8536, 8692, 8885, 10310, 10354, 10497, 12448, 13088, 13186, 13649, 13697, 14511, 15551, 15680, 16314, 16432, 17174, 18560, 18598, 19949, 21516, 25458, 25674, 25783, 25930, 26600, 27152, 27358, 28246, 28326, 29826]
Iter#3832 New set #1 of size 42 (3832.0 its/hit = 27.000s/hit): seed=16136359068881802408 [884, 930, 1134, 1534, 1651, 3172, 4022, 4032, 7361, 7422, 7574, 7839, 8151, 8169, 11658, 14057, 14617, 15143, 16159, 16688, 16775, 17105, 17833, 19726, 20044, 21146, 23378, 23942, 24113, 24232, 24713, 24878, 25462, 25763, 26451, 27504, 27683, 27721, 29354, 31588, 31903, 32499]
Iter#6187 New set #2 of size 42 (3093.5 its/hit = 22.000s/hit): seed=2604482432421315551 [424, 1002, 1302, 1554, 2577, 3349, 3970, 4820, 7201, 7498, 7780, 7832, 7909, 9244, 10456, 11293, 11927, 12358, 12978, 14070, 14804, 14859, 15267, 15832, 15977, 17312, 17355, 17515, 19214, 22206, 24157, 24264, 25439, 25525, 27607, 27621, 28389, 30006, 30803, 32013, 32125, 32542]
Iter#8160 New set #3 of size 42 (2720.0 its/hit = 19.333s/hit): seed=15247756403123668278 [1366, 1720, 4350, 4854, 5579, 5985, 7315, 7506, 7647, 9424, 11806, 12327, 12709, 13322, 13361, 14379, 14480, 15630, 16387, 17355, 17540, 17806, 18707, 18815, 19193, 19792, 22094, 22845, 23659, 24758, 25245, 25530, 25705, 25898, 26219, 26404, 28357, 28762, 28849, 30513, 30641, 32618]
Iter#8549 New set #4 of size 42 (2137.2 its/hit = 15.250s/hit): seed=9837262661858586471 [281, 497, 861, 944, 2047, 2364, 2507, 2564, 2608, 4805, 5192, 6132, 6708, 8496, 10843, 11030, 11161, 11859, 12758, 13639, 13647, 14587, 14620, 16243, 16800, 16843, 18172, 20747, 21111, 22007, 23179, 24867, 25351, 25524, 26148, 26327, 27683, 28288, 28460, 29463, 31308, 32529]
Iter#11719 New set #1 of size 43 (11719.0 its/hit = 84.000s/hit): seed=3359983869290412267 [199, 599, 1335, 1497, 3564, 7751, 9431, 11728, 11796, 12528, 12845, 13955, 13957, 14066, 15123, 15231, 16109, 17132, 18766, 19261, 19350, 20156, 20333, 23020, 23734, 23918, 24789, 25522, 25588, 25679, 25962, 26083, 26304, 26723, 26781, 27286, 27428, 27828, 29209, 30850, 31120, 31707, 32581]
Iter#22285 New set #2 of size 43 (11142.5 its/hit = 80.000s/hit): seed=5373067459887566001 [313, 392, 825, 1236, 2222, 2487, 3259, 4288, 4297, 5160, 6131, 7114, 7421, 9594, 9647, 9747, 10425, 10432, 11472, 13025, 14146, 14203, 15027, 16016, 17992, 18099, 19100, 19505, 19918, 23035, 23371, 23462, 24908, 25753, 26460, 26635, 27274, 29438, 29494, 30494, 30949, 31046, 31776]
Iter#29086 New set #1 of size 44 (29086.0 its/hit = 210.000s/hit): seed=13451343983434269450 [1042, 1189, 1745, 4550, 4967, 5165, 5445, 6266, 8263, 8862, 8986, 8995, 9359, 10862, 11409, 11808, 12315, 13173, 13286, 13595, 15549, 16581, 17520, 18135, 19828, 19849, 20398, 20431, 20709, 22466, 24042, 24625, 24795, 25767, 26394, 27167, 27241, 28336, 28352, 29423, 30172, 30528, 31075, 31642]
Iter#43647 New set #2 of size 44 (21823.5 its/hit = 157.500s/hit): seed=12700314526232237614 [146, 1243, 1317, 2362, 2890, 3533, 4967, 6198, 6714, 7289, 7706, 8671, 9578, 9699, 10832, 11941, 12681, 13666, 14184, 14201, 14913, 16310, 17801, 17985, 18600, 18989, 19330, 19454, 19803, 19994, 20354, 20647, 21538, 22364, 23310, 23466, 24129, 24227, 25955, 27393, 27470, 29737, 31053, 32554]
Iter#237488 New set #3 of size 44 (79162.7 its/hit = 573.000s/hit): seed=10152131094475950249 [1039, 1698, 2215, 2365, 2694, 3163, 3406, 4807, 5030, 5350, 6509, 6853, 7685, 7819, 8938, 10331, 10755, 11476, 11566, 11859, 11978, 12264, 12396, 12854, 13396, 13508, 14074, 14369, 14711, 17754, 20390, 21902, 23482, 24997, 25478, 25715, 26452, 26604, 27634, 27675, 27785, 28061, 29873, 29952]
Iter#413683 New set #4 of size 44 (103420.8 its/hit = 749.000s/hit): seed=11271571349196835114 [705, 971, 1480, 2140, 3770, 3782, 3836, 5822, 6024, 7223, 9537, 10437, 11098, 11977, 12802, 13137, 13446, 14095, 14541, 15355, 15435, 16037, 17898, 18749, 18871, 18939, 19114, 19482, 22133, 22801, 25517, 26146, 26224, 26996, 27047, 27248, 28154, 29105, 29186, 29735, 30953, 31220, 32117, 32168]
Iter#438353 New set #5 of size 44 (87670.6 its/hit = 635.000s/hit): seed=12261578935872335106 [830, 1632, 3603, 4031, 4273, 4330, 4674, 5019, 6382, 6467, 7768, 7881, 9226, 10206, 10492, 11912, 12471, 12661, 13324, 13629, 13863, 14594, 15087, 16746, 16920, 17119, 18135, 18240, 18603, 19143, 19497, 22047, 23739, 23992, 25422, 25840, 26928, 28062, 28112, 29301, 30863, 31368, 31805, 32651]
Iter#465108 New set #6 of size 44 (77518.0 its/hit = 561.333s/hit): seed=12671650801843512875 [1707, 2669, 2838, 4856, 5753, 5759, 6016, 7297, 8945, 9191, 9484, 9982, 10520, 11392, 11884, 12627, 13248, 15771, 15814, 16120, 17504, 18479, 18602, 18658, 19513, 19731, 21156, 21162, 23274, 23967, 24004, 24639, 24904, 27456, 27593, 28608, 28711, 29227, 29946, 30172, 30653, 31280, 31554, 32708]
Iter#512193 New set #7 of size 44 (73170.4 its/hit = 529.429s/hit): seed=9586355599568747368 [358, 377, 562, 1233, 1813, 2988, 3216, 4452, 5732, 7292, 7873, 8616, 9593, 9815, 9817, 10791, 11635, 14117, 14157, 14450, 15069, 15255, 17495, 18096, 18650, 18914, 20563, 21457, 21462, 21467, 22066, 22376, 22678, 24413, 25095, 26783, 26972, 27313, 27571, 28503, 29054, 30707, 31284, 31314]
Iter#582223 New set #8 of size 44 (72777.9 its/hit = 526.125s/hit): seed=1537772365109451461 [122, 233, 1113, 2215, 2360, 3157, 3952, 4365, 5471, 5612, 7465, 8259, 8830, 9499, 9530, 9701, 9919, 10245, 10265, 10577, 11685, 12013, 12712, 16989, 18848, 19852, 20195, 20228, 20776, 20949, 21633, 21734, 22286, 24176, 25259, 25629, 25761, 27436, 27889, 30161, 30267, 30925, 31889, 32569]
Iter#754184 New set #9 of size 44 (83798.2 its/hit = 604.778s/hit): seed=15515440559373260579 [401, 557, 779, 1706, 2520, 3356, 3618, 3762, 4734, 4858, 5662, 7912, 8362, 9058, 9187, 9777, 10216, 10427, 11771, 11953, 13480, 13818, 14077, 14140, 14560, 15630, 15879, 16033, 16399, 19122, 19223, 23085, 23362, 23543, 24032, 24352, 24398, 25636, 29850, 30355, 30390, 30799, 31203, 31354]
Iter#831546 New set #10 of size 44 (83154.6 its/hit = 599.300s/hit): seed=8443083793721693669 [1385, 1827, 1922, 2201, 5781, 7487, 8027, 8915, 9481, 10819, 13842, 14343, 14876, 15622, 15883, 16289, 16729, 16940, 17657, 17738, 17890, 18757, 19970, 21329, 22279, 22946, 24868, 25033, 25205, 26450, 27012, 28585, 28813, 28865, 28892, 29547, 30429, 30562, 30691, 30953, 31260, 31318, 31676, 31816]
