[*] Computing DDT
[+] DDT Computed
DDT took 23.672251729s
Iter#1 New set #1 of size 37 (1.0 its/hit = 0.000s/hit): seed=12687252256101752075 [2054, 2098, 3156, 3293, 3341, 3649, 3893, 4787, 6916, 9589, 11571, 12060, 12344, 13409, 13523, 14181, 14285, 15334, 17755, 19054, 19673, 22617, 24060, 24488, 24773, 25738, 25983, 26280, 26929, 27559, 28320, 28533, 29064, 29454, 30009, 30633, 32445]
Iter#2 New set #1 of size 43 (2.0 its/hit = 0.000s/hit): seed=6282161376967745541 [28, 2365, 3360, 3644, 4576, 4843, 5027, 5364, 6612, 7218, 8554, 8931, 9852, 10802, 13077, 13185, 15287, 16525, 16622, 17917, 19433, 19728, 19756, 19918, 20401, 20919, 21530, 22187, 22842, 23898, 24797, 24813, 25354, 26221, 27211, 27618, 28379, 28840, 30719, 31161, 31792, 31937, 32055]
Iter#23 New set #2 of size 43 (11.5 its/hit = 0.000s/hit): seed=607807973747726570 [548, 1229, 1790, 2107, 2844, 3554, 5367, 5452, 5634, 6711, 7157, 7271, 7712, 7930, 9064, 9642, 9955, 10488, 10913, 11092, 11791, 11884, 11970, 12438, 12686, 13403, 14563, 17106, 18388, 21596, 22063, 22437, 22938, 25483, 25973, 26459, 26775, 26815, 28265, 28842, 30837, 31480, 32545]
Iter#30 New set #3 of size 43 (10.0 its/hit = 0.000s/hit): seed=7587494325053240248 [3076, 4840, 6189, 6234, 6351, 6935, 8590, 10025, 11911, 13938, 14100, 15158, 15471, 15687, 16598, 16939, 18809, 19230, 20002, 21069, 21250, 22291, 22751, 23030, 23319, 23624, 24103, 24298, 24614, 25472, 25878, 26009, 27128, 27157, 27483, 27623, 27915, 28761, 30577, 30673, 31324, 31429, 31430]
Iter#31 New set #1 of size 44 (31.0 its/hit = 0.000s/hit): seed=3023269800660892246 [236, 542, 2685, 2985, 4403, 4581, 5219, 5926, 6003, 6732, 7028, 7832, 8013, 9466, 11635, 11679, 11873, 12069, 17734, 19828, 19864, 20047, 20714, 20810, 22552, 23710, 24583, 24811, 24870, 25168, 26283, 26751, 26824, 27279, 28867, 29212, 29656, 30930, 30956, 31229, 31594, 32130, 32539, 32691]
Iter#86 New set #2 of size 44 (43.0 its/hit = 0.000s/hit): seed=11870384078843903546 [552, 1761, 4004, 4073, 4086, 5139, 5707, 5912, 6619, 6950, 7141, 7168, 7742, 8147, 8252, 8375, 9725, 9859, 10633, 11029, 11672, 11899, 11944, 13029, 16146, 17104, 17715, 18704, 18745, 20926, 21391, 23449, 23747, 24097, 25134, 25366, 25668, 27844, 28101, 31033, 31265, 31352, 31358, 31708]
Iter#101 New set #3 of size 44 (33.7 its/hit = 0.000s/hit): seed=3144312529726074826 [1081, 1133, 3536, 3802, 4647, 5128, 6278, 7138, 7236, 7242, 7421, 8034, 8124, 8155, 10979, 11378, 14318, 14558, 16426, 17841, 19949, 20193, 21513, 21820, 21995, 22472, 23717, 24172, 24777, 24871, 25398, 26383, 26594, 28007, 28179, 29422, 30583, 30932, 31700, 31796, 31981, 32189, 32244, 32252]
Iter#138 New set #4 of size 44 (34.5 its/hit = 0.000s/hit): seed=141562270797032839 [1218, 1373, 1402, 1543, 1867, 2199, 4483, 5087, 5716, 5797, 5816, 7222, 8091, 9038, 10290, 10394, 11208, 11247, 11631, 11950, 15171, 15773, 16828, 19170, 19624, 20415, 21210, 21423, 21771, 23803, 23987, 24829, 25296, 25789, 25991, 26509, 26619, 27396, 27673, 28333, 28446, 29474, 29875, 30296]
Iter#183 New set #5 of size 44 (36.6 its/hit = 0.000s/hit): seed=9863630709049902020 [324, 1779, 2191, 2819, 3984, 4264, 4323, 4345, 4465, 5648, 5820, 6884, 7223, 7539, 7664, 8902, 9269, 10320, 10996, 11360, 12297, 12837, 13526, 17052, 17630, 17818, 18713, 18895, 19819, 20114, 21998, 22074, 22761, 22957, 23103, 23305, 23548, 24706, 25415, 26391, 27562, 27616, 28791, 30217]
Iter#272 New set #6 of size 44 (45.3 its/hit = 0.167s/hit): seed=925768535473776843 [27, 1348, 1481, 3485, 3578, 3874, 4367, 4453, 5047, 5166, 5195, 5942, 7980, 8086, 9354, 10539, 10955, 11088, 11929, 11989, 13402, 14582, 16341, 16843, 16936, 17141, 18839, 18897, 19009, 19605, 20136, 21904, 21994, 22536, 22577, 22750, 23962, 26403, 28045, 29287, 29595, 31059, 31279, 31419]
Iter#286 New set #7 of size 44 (40.9 its/hit = 0.143s/hit): seed=4618640307615693552 [148, 441, 1352, 3008, 3255, 3591, 3716, 4135, 4147, 4199, 4845, 5324, 6637, 7099, 7333, 9904, 9983, 10429, 10653, 11477, 12400, 13580, 13624, 13944, 15627, 16458, 16815, 17872, 17982, 20873, 22683, 24171, 24174, 25440, 27477, 28781, 29503, 29701, 29765, 30202, 30430, 30939, 31470, 31936]
Iter#302 New set #1 of size 49 (302.0 its/hit = 1.000s/hit): seed=15704579338011107996 [159, 285, 1580, 1839, 2613, 3590, 4253, 4363, 4364, 4953, 5371, 5927, 6027, 6124, 6634, 8279, 8367, 8760, 11945, 12082, 12231, 12635, 12657, 14147, 14661, 15769, 16218, 17801, 17850, 19174, 19658, 21686, 21780, 22759, 23533, 24001, 24588, 26061, 26093, 26256, 27214, 29583, 29921, 29963, 30148, 30705, 31443, 31671, 32639]
Iter#1027 New set #1 of size 50 (1027.0 its/hit = 4.000s/hit): seed=5017392582576698626 [656, 859, 1225, 1488, 1551, 1938, 2283, 2482, 2731, 2741, 6485, 6495, 6660, 6986, 7574, 7885, 8520, 9820, 10495, 10891, 12016, 12270, 12280, 13285, 13877, 16775, 17394, 17954, 19764, 20958, 21404, 21907, 22636, 22789, 23113, 24083, 25163, 25495, 27046, 28695, 29129, 30151, 30502, 30594, 30982, 31330, 31546, 31587, 32108, 32304]
Iter#4844 New set #2 of size 50 (2422.0 its/hit = 10.500s/hit): seed=16290793244727820790 [119, 495, 794, 1331, 1914, 2902, 3376, 3725, 4093, 4537, 5810, 5827, 6601, 6794, 7143, 7652, 8701, 10528, 10927, 11769, 12510, 13030, 13226, 13473, 14267, 15910, 17100, 18345, 18842, 19092, 19338, 19605, 19950, 20367, 20736, 21334, 21445, 21630, 23341, 23639, 24101, 24360, 25258, 25575, 29402, 30752, 30772, 31534, 32026, 32344]
Iter#10609 New set #1 of size 51 (10609.0 its/hit = 46.000s/hit): seed=16914538953189579685 [236, 1322, 1867, 2525, 2696, 4640, 4941, 5213, 6273, 6813, 6971, 7249, 7485, 8138, 8276, 8771, 10015, 10375, 10488, 10523, 10536, 13158, 13194, 13361, 14440, 14549, 15227, 15306, 15525, 16002, 16286, 17437, 18674, 19201, 19539, 19669, 21697, 22632, 22660, 23487, 23773, 24412, 24560, 24693, 25593, 27406, 27618, 28045, 29496, 30628, 32544]
Iter#35921 New set #1 of size 52 (35921.0 its/hit = 158.000s/hit): seed=7449342397002918193 [1179, 1723, 1742, 2670, 2945, 3826, 4235, 5216, 5486, 6677, 6918, 7624, 7936, 8159, 8474, 10429, 10600, 10929, 11023, 11133, 11156, 11300, 11711, 12091, 12783, 14805, 15668, 16081, 17079, 17306, 17529, 18066, 18258, 19708, 20790, 21265, 21298, 21500, 22654, 22930, 22961, 22972, 24447, 26862, 27252, 28042, 28131, 28197, 29795, 30509, 31107, 32430]
Iter#168120 New set #2 of size 52 (84060.0 its/hit = 373.500s/hit): seed=11860174968358267541 [581, 1057, 3058, 4149, 4720, 5471, 6241, 6370, 7139, 7823, 8071, 8878, 9010, 9774, 10030, 10310, 10558, 11973, 12089, 12478, 12571, 12948, 15057, 15187, 15258, 16429, 16507, 18282, 18764, 19049, 19404, 20485, 22471, 22604, 22765, 23571, 25284, 25375, 26505, 26707, 26778, 27359, 28148, 28618, 29376, 29387, 29398, 30676, 30895, 30950, 31466, 31614]
Iter#200681 New set #3 of size 52 (66893.7 its/hit = 297.333s/hit): seed=15771217642527010320 [487, 926, 2293, 2446, 3795, 3892, 4313, 5137, 9249, 9345, 9772, 10089, 10242, 11787, 11845, 12217, 12359, 13134, 13245, 13766, 13844, 13859, 14069, 14323, 14535, 14624, 14793, 14932, 16098, 16250, 16512, 17225, 17962, 18807, 20043, 20291, 21903, 22259, 23130, 23553, 24582, 24590, 26056, 27718, 28319, 28895, 29062, 29727, 29964, 30573, 30664, 32138]
Iter#306614 New set #1 of size 53 (306614.0 its/hit = 1368.000s/hit): seed=10806246433026829506 [200, 864, 1831, 2009, 2469, 2636, 4471, 5817, 6350, 7397, 8186, 9148, 10252, 10436, 10482, 10877, 11154, 11610, 13565, 14270, 14522, 16227, 16606, 17166, 17288, 17489, 18251, 18425, 18458, 18796, 19463, 20327, 20543, 20804, 20974, 21505, 23912, 23968, 25078, 25485, 25845, 26517, 26614, 27299, 28036, 28281, 30052, 30124, 31098, 31283, 31538, 31656, 31979]
Iter#313398 New set #2 of size 53 (156699.0 its/hit = 699.500s/hit): seed=6151135838002201309 [699, 961, 1041, 1270, 4499, 4904, 5319, 5371, 6903, 7681, 8835, 9874, 11031, 11176, 11260, 12433, 12915, 13059, 14093, 15496, 16201, 16689, 17863, 18435, 18836, 19394, 19845, 21580, 22442, 23494, 23905, 24368, 24917, 26383, 26624, 26929, 27140, 27415, 27487, 27853, 27876, 28223, 28278, 28422, 29835, 30357, 30538, 30608, 31585, 32094, 32471, 32740, 32741]
Iter#319201 New set #3 of size 53 (106400.3 its/hit = 475.000s/hit): seed=7971107133778928842 [301, 579, 1082, 1303, 1504, 1518, 1630, 2470, 3142, 3265, 3283, 3492, 4485, 4796, 5009, 5221, 5352, 5766, 6059, 6179, 6185, 6366, 7619, 7808, 9610, 11147, 13243, 13835, 14688, 15160, 17779, 18115, 18546, 18866, 19372, 19954, 20363, 20891, 21362, 21538, 21804, 21973, 22722, 23152, 23898, 24068, 24245, 25356, 25647, 25666, 28152, 30721, 32090]
Iter#323574 New set #4 of size 53 (80893.5 its/hit = 361.250s/hit): seed=15130952564202794664 [70, 717, 2129, 3155, 3433, 3742, 4462, 4573, 4842, 4880, 5506, 7015, 7566, 8003, 8024, 8989, 9168, 9754, 10625, 11344, 11610, 12158, 12791, 12926, 14895, 15363, 15901, 16217, 16539, 17870, 18218, 19425, 19720, 21795, 21952, 22666, 23922, 23940, 25023, 25655, 25737, 25805, 26461, 26495, 27297, 28428, 28939, 29877, 30429, 31242, 31274, 31587, 32002]
Iter#384803 New set #5 of size 53 (76960.6 its/hit = 344.200s/hit): seed=8614486503453715912 [1534, 1651, 2693, 2760, 3580, 4844, 5256, 6256, 7444, 7744, 7851, 8278, 9224, 10068, 10367, 10740, 10809, 11649, 12325, 12886, 13061, 13316, 13694, 14389, 15739, 16379, 16436, 17466, 18119, 20210, 20526, 20570, 20658, 21004, 22161, 23162, 23484, 23550, 23572, 24018, 24130, 25446, 25583, 25749, 26986, 29064, 29635, 29734, 30269, 31194, 31269, 31706, 31907]
Iter#541520 New set #6 of size 53 (90253.3 its/hit = 403.167s/hit): seed=9733056571581515574 [887, 1503, 1657, 4107, 5233, 5588, 5673, 6383, 6551, 7830, 9632, 10395, 10820, 10882, 12141, 12187, 12554, 12556, 13006, 13193, 13524, 13834, 14281, 14927, 14934, 15243, 16272, 16805, 17035, 17551, 17650, 18190, 19054, 19633, 19664, 20531, 23140, 23558, 23581, 23623, 24217, 24555, 27394, 28457, 28565, 28622, 28988, 29060, 29300, 29985, 30210, 31207, 31934]
Iter#658183 New set #7 of size 53 (94026.1 its/hit = 419.286s/hit): seed=4262162556646358696 [1283, 1731, 2215, 2292, 2370, 2455, 2584, 3220, 4102, 4528, 5299, 5829, 6183, 7326, 7460, 10238, 10474, 11202, 11456, 11817, 12409, 13125, 13802, 13815, 13879, 14572, 15108, 15499, 15619, 15919, 16245, 16263, 16826, 17838, 18680, 20869, 21454, 21986, 22897, 23062, 23445, 23698, 24470, 25714, 26048, 26073, 26272, 27782, 28798, 28951, 30605, 31006, 32463]
Iter#712146 New set #8 of size 53 (89018.2 its/hit = 396.875s/hit): seed=8547074149095303871 [556, 1898, 1997, 2612, 3408, 3456, 3682, 4040, 4050, 4405, 5320, 5357, 5583, 5966, 6686, 6826, 7517, 7897, 8552, 10723, 11509, 15087, 15604, 15658, 15677, 15749, 15761, 16477, 16615, 17111, 19822, 19895, 20031, 20474, 20817, 21653, 22441, 22785, 23142, 23287, 23289, 23820, 23915, 24713, 26568, 26595, 27879, 28156, 28401, 29477, 29479, 30993, 32622]
Iter#961635 New set #9 of size 53 (106848.3 its/hit = 476.667s/hit): seed=3107854926208201591 [1256, 1665, 1876, 2094, 2523, 2581, 4685, 5324, 7052, 7072, 7708, 8900, 10169, 10361, 10501, 11039, 11168, 11508, 11817, 12965, 14431, 14920, 15691, 17232, 17863, 18456, 19083, 19198, 19425, 20121, 20545, 20789, 21202, 21894, 22791, 23125, 23617, 23764, 24980, 25316, 25523, 25840, 25917, 26137, 26703, 27572, 28109, 30170, 30556, 31044, 31090, 32294, 32612]
Iter#1097962 New set #1 of size 55 (1097962.0 its/hit = 4900.000s/hit): seed=12464542655945478441 [152, 1195, 2069, 2474, 2556, 2622, 3065, 4014, 4122, 4492, 4963, 5064, 5536, 6182, 6246, 7133, 8905, 9625, 11048, 12242, 12922, 13112, 14598, 16114, 16328, 17005, 17294, 17743, 17769, 17936, 18458, 18512, 19355, 19651, 20200, 20550, 20689, 21733, 21788, 22611, 23051, 23347, 23887, 24306, 24354, 24890, 26148, 27036, 27674, 28246, 28960, 29320, 29616, 30491, 32038]
