[*] Computing DDT
[+] DDT Computed
DDT took 22.598153316s
Iter#1 New set #1 of size 45 (1.0 its/hit = 0.000s/hit): seed=6429029153599563896 [0, 151, 328, 610, 957, 1927, 2760, 4809, 6442, 7853, 7918, 8961, 11333, 11750, 12725, 12813, 13794, 14034, 14185, 15261, 15371, 19329, 19957, 20335, 20485, 20758, 20926, 21987, 22285, 23532, 24548, 24904, 25721, 27007, 28310, 29243, 29703, 29734, 30114, 30670, 30770, 31009, 31937, 31966, 32494]
Iter#3 New set #1 of size 47 (3.0 its/hit = 0.000s/hit): seed=2926413253321426074 [0, 556, 670, 1502, 1549, 2014, 2365, 4148, 5628, 6195, 6559, 8963, 10373, 11072, 11504, 12749, 14215, 14269, 15213, 15406, 15453, 15715, 16004, 16051, 16382, 16788, 17884, 19034, 19540, 19543, 19738, 19793, 20170, 20202, 20359, 22255, 22402, 22437, 23105, 24472, 25373, 25627, 26534, 27292, 27869, 28024, 30859]
Iter#7 New set #1 of size 48 (7.0 its/hit = 0.000s/hit): seed=17088665396692541748 [0, 698, 1156, 1355, 1673, 2845, 3017, 3474, 3784, 4584, 4587, 5304, 5585, 6172, 6836, 7236, 7963, 12608, 13239, 13685, 14842, 15570, 16125, 16716, 17299, 17476, 17520, 18902, 19927, 20281, 21208, 23997, 25044, 25221, 25589, 26333, 27655, 28199, 29631, 29886, 29956, 30690, 30870, 31256, 31707, 32319, 32552, 32591]
Iter#10 New set #2 of size 48 (5.0 its/hit = 0.000s/hit): seed=10337342537826345126 [0, 708, 1206, 1587, 3480, 4791, 4868, 5488, 5855, 6964, 7256, 7669, 7901, 8453, 9438, 10168, 10569, 10784, 11143, 11441, 12205, 12738, 13783, 14593, 15875, 16444, 16699, 17237, 18607, 19388, 20320, 20551, 20988, 21688, 22020, 22670, 22881, 23958, 24224, 25663, 26153, 26401, 27379, 27471, 28887, 29212, 29800, 30483]
Iter#17 New set #1 of size 49 (17.0 its/hit = 0.000s/hit): seed=16028988782677371960 [0, 291, 405, 1995, 3296, 3306, 4074, 4520, 5182, 6283, 6901, 7124, 7306, 7729, 8176, 8633, 9706, 9782, 11462, 11777, 11825, 11974, 12603, 13925, 14547, 15812, 17300, 17429, 19011, 20425, 21279, 21569, 21667, 22496, 23004, 25020, 26352, 26906, 27806, 28143, 28428, 29390, 29839, 30313, 31216, 31738, 32036, 32282, 32430]
Iter#24 New set #2 of size 49 (12.0 its/hit = 0.000s/hit): seed=12583712118883397684 [0, 384, 997, 1058, 1306, 1410, 1773, 3383, 5566, 6055, 6944, 9624, 10019, 10685, 10735, 11019, 11209, 11425, 11673, 12141, 12846, 12960, 13969, 14599, 14811, 15059, 15433, 15556, 15908, 18067, 18480, 18656, 20006, 23390, 23395, 23714, 24105, 24337, 26268, 26771, 28125, 28435, 29406, 30080, 30378, 30544, 30610, 30843, 32053]
Iter#29 New set #1 of size 50 (29.0 its/hit = 0.000s/hit): seed=4966812504338685373 [0, 935, 1877, 2284, 2460, 2498, 3582, 3598, 4294, 4490, 4626, 5495, 5856, 6763, 7102, 7380, 7674, 8285, 9649, 10964, 11977, 13033, 13377, 13519, 13673, 16255, 16713, 17180, 17574, 17955, 17964, 18417, 18477, 19325, 19479, 19845, 20859, 21013, 22140, 22285, 23913, 23981, 24344, 24595, 24896, 25548, 26855, 28147, 28234, 29104]
Iter#34 New set #2 of size 50 (17.0 its/hit = 0.000s/hit): seed=3073843650663431809 [0, 8, 300, 763, 1489, 1556, 3347, 3700, 3920, 4278, 4462, 6948, 7413, 9242, 9497, 9828, 10010, 10636, 11293, 11395, 11779, 11797, 11915, 11952, 12954, 13046, 16238, 16474, 17575, 17721, 18193, 19121, 23404, 23519, 24607, 24891, 24961, 25072, 25688, 25737, 26911, 27041, 28259, 28432, 28487, 29179, 29266, 30964, 31370, 32271]
Iter#37 New set #3 of size 50 (12.3 its/hit = 0.000s/hit): seed=9238955573878941907 [0, 1474, 1613, 2055, 3628, 3702, 3881, 3926, 4168, 4480, 4751, 5002, 5085, 5731, 7350, 9868, 9925, 12454, 13093, 13442, 14379, 15337, 15573, 15655, 16133, 16362, 16774, 16941, 17414, 18196, 18440, 20509, 20753, 20966, 23009, 23138, 23625, 23922, 25262, 25316, 25649, 26403, 27360, 27728, 28524, 28870, 28945, 30028, 30373, 31962]
Iter#40 New set #1 of size 51 (40.0 its/hit = 0.000s/hit): seed=12421597265589921070 [0, 131, 394, 1291, 2102, 4077, 5043, 5782, 6385, 6850, 6868, 6946, 7240, 7248, 7262, 7603, 8330, 8908, 9316, 9510, 10408, 10599, 11776, 11885, 12160, 15119, 16781, 18763, 18963, 19812, 20458, 21138, 21562, 21642, 22161, 22241, 22774, 23834, 24158, 24797, 25011, 25054, 25402, 26072, 26306, 27198, 27863, 28809, 29719, 32349, 32612]
Iter#104 New set #1 of size 57 (104.0 its/hit = 0.000s/hit): seed=614686540459305290 [0, 209, 536, 1340, 1863, 1927, 3632, 3691, 5231, 5411, 6035, 6106, 6442, 6976, 7853, 8852, 10106, 11178, 11191, 11443, 11704, 12294, 12819, 14749, 15217, 16627, 17260, 18893, 18971, 19378, 19487, 21002, 21489, 22251, 22279, 22916, 23174, 23593, 23769, 25881, 26110, 26704, 26934, 27075, 28093, 28337, 28476, 28700, 29633, 30010, 30196, 30252, 30619, 30981, 31148, 31946, 32436]
Iter#362 New set #1 of size 64 (362.0 its/hit = 1.000s/hit): seed=17863629985795014333 [0, 751, 794, 839, 1094, 1476, 1492, 1615, 2098, 2514, 3434, 3506, 4535, 4844, 6544, 6794, 7556, 7563, 9026, 9115, 9205, 9365, 10336, 10367, 11058, 11143, 11310, 11398, 12314, 12874, 13152, 13333, 13643, 14327, 15064, 15143, 16788, 17752, 19357, 19466, 19603, 19950, 20076, 20212, 20687, 20770, 21176, 21292, 21630, 22372, 24951, 25030, 25419, 26502, 27437, 27591, 29324, 29566, 29811, 30082, 30920, 31765, 31783, 32178]
Iter#487 New set #2 of size 64 (243.5 its/hit = 0.500s/hit): seed=14998819115867347752 [0, 55, 709, 1015, 1332, 1780, 2029, 2435, 3067, 3543, 3682, 4079, 4662, 5185, 5668, 5692, 7009, 7803, 8240, 8269, 9071, 9664, 10479, 10504, 10581, 11524, 12035, 12097, 12417, 12483, 13059, 13760, 13824, 14433, 14656, 15097, 16732, 16780, 16983, 17444, 17460, 18447, 19348, 19414, 20791, 20911, 21526, 21588, 24047, 24464, 25096, 25283, 25513, 25768, 27306, 28566, 29007, 29318, 29530, 30924, 31087, 31268, 31381, 31496]
Iter#2537 New set #3 of size 64 (845.7 its/hit = 3.000s/hit): seed=12448126084085151671 [0, 27, 517, 1430, 1470, 1549, 1724, 2226, 2556, 3065, 3128, 3789, 4472, 4526, 4658, 5875, 8418, 8865, 9155, 9223, 11186, 11241, 11399, 11689, 11869, 12059, 12780, 14986, 17238, 17342, 17730, 18063, 18144, 18383, 18527, 18617, 18863, 19407, 19488, 20054, 20121, 20257, 20485, 21401, 21537, 23266, 23562, 23749, 24591, 25030, 25929, 25951, 26305, 26398, 26444, 27177, 27829, 27948, 28287, 28336, 31779, 31980, 32253, 32723]
Iter#5755 New set #4 of size 64 (1438.8 its/hit = 5.500s/hit): seed=11182627135930117687 [0, 671, 972, 1373, 2504, 2950, 3170, 5276, 5598, 6706, 6885, 7367, 7508, 7833, 9212, 9686, 10091, 10166, 10801, 10988, 11149, 11902, 11951, 12524, 12535, 12774, 13098, 13721, 14329, 14350, 14566, 14830, 15074, 15075, 15532, 15575, 16767, 17402, 17609, 18089, 18685, 20297, 20417, 20751, 20946, 21020, 21638, 21664, 22246, 22319, 22341, 22683, 23637, 23688, 25295, 26245, 27158, 27307, 27443, 30126, 30310, 31189, 31995, 32159]
Iter#9235 New set #5 of size 64 (1847.0 its/hit = 7.000s/hit): seed=11265391579798176730 [0, 504, 715, 926, 1886, 2261, 2652, 4200, 4932, 5081, 5254, 5471, 5765, 6215, 6525, 6689, 6878, 7099, 7101, 7295, 7760, 7820, 8762, 9257, 11246, 12907, 15385, 15420, 17346, 17381, 17589, 17768, 18227, 18282, 19092, 20633, 21553, 22474, 22582, 22800, 23136, 23712, 24625, 25175, 26005, 26367, 26464, 27012, 27266, 27310, 27827, 28012, 28075, 28917, 28940, 29906, 30116, 31118, 31298, 31698, 31720, 31751, 31860, 32521]
Iter#11491 New set #6 of size 64 (1915.2 its/hit = 7.333s/hit): seed=8542697027118259902 [0, 775, 936, 1280, 2139, 2442, 2643, 4155, 4512, 4956, 5295, 5720, 5940, 6241, 6258, 6413, 6482, 7263, 7790, 7917, 8024, 8080, 9199, 9221, 9255, 9509, 10993, 11256, 11385, 11495, 11688, 12504, 13783, 14554, 15780, 16343, 16749, 16938, 17326, 17403, 18081, 18334, 18721, 21445, 21840, 23182, 23462, 23470, 23827, 24445, 25302, 25822, 26120, 26293, 26361, 26585, 26764, 26895, 27104, 29061, 29668, 30849, 31622, 31713]
Iter#15534 New set #7 of size 64 (2219.1 its/hit = 8.429s/hit): seed=5780305158537837562 [0, 441, 861, 1048, 1097, 1324, 1694, 2897, 3248, 5057, 5182, 6576, 6653, 7716, 7960, 8093, 9089, 9165, 9522, 9624, 10206, 10252, 10437, 11450, 12109, 12831, 13113, 13689, 13742, 13953, 14191, 14507, 15472, 15565, 15620, 16126, 16464, 16571, 17703, 17894, 18963, 19197, 19265, 19732, 19971, 20292, 20410, 20519, 20894, 22130, 24380, 24430, 24690, 25046, 26324, 26374, 26703, 26787, 27158, 30280, 30932, 31302, 32437, 32534]
Iter#18659 New set #8 of size 64 (2332.4 its/hit = 8.875s/hit): seed=10321081500114126731 [0, 626, 673, 1755, 2015, 2511, 2988, 3682, 3792, 5283, 9122, 9249, 9404, 9670, 10590, 10890, 11211, 11295, 12072, 12319, 13494, 13662, 13757, 13777, 13947, 15470, 15887, 16373, 17105, 18553, 18863, 18870, 19476, 19553, 19771, 20605, 21283, 21343, 22145, 22255, 22789, 23439, 23770, 24173, 24358, 24366, 25057, 25341, 25470, 25882, 26556, 26557, 27053, 27106, 27845, 27979, 28048, 28867, 29212, 30375, 30674, 30822, 31676, 32509]
Iter#25006 New set #9 of size 64 (2778.4 its/hit = 10.667s/hit): seed=3983862063115568776 [0, 152, 180, 1195, 2584, 3962, 5045, 5206, 5845, 5916, 6575, 7182, 7747, 7970, 8338, 8381, 9104, 9678, 10065, 10295, 10888, 11232, 13015, 13114, 13751, 14987, 15355, 15962, 16542, 16610, 17248, 17765, 17841, 17914, 18031, 18113, 18975, 19202, 19238, 19658, 20512, 21424, 21477, 22022, 22709, 22953, 23039, 23754, 23777, 24025, 24770, 24884, 25016, 25749, 26334, 27255, 27352, 27622, 27713, 27898, 29236, 29393, 30168, 32709]
Iter#29986 New set #10 of size 64 (2998.6 its/hit = 11.500s/hit): seed=2377298663565581484 [0, 889, 953, 1217, 2122, 2787, 2906, 3441, 3502, 3940, 4954, 5077, 5379, 5811, 6966, 7581, 8278, 8558, 8696, 9962, 10523, 11690, 11902, 12141, 12692, 12910, 14711, 15418, 15561, 16004, 16179, 16284, 16408, 16635, 16971, 18331, 18835, 19406, 19468, 20232, 20706, 21813, 21815, 22009, 22019, 22074, 22692, 23390, 23444, 23749, 24014, 24562, 25141, 26542, 26779, 27136, 27881, 28226, 29200, 30070, 31036, 31065, 31614, 32267]
Iter#47975 New set #20 of size 64 (2398.8 its/hit = 9.200s/hit): seed=16136582616004620603 [0, 23, 115, 155, 527, 811, 959, 1599, 2076, 2492, 3691, 3864, 4351, 4371, 4424, 5662, 5956, 6057, 8581, 9224, 9377, 9424, 9492, 9725, 9996, 10030, 10180, 10721, 11076, 11465, 12650, 12948, 13766, 14017, 14214, 14655, 17164, 17667, 17726, 17810, 18012, 18162, 18314, 18499, 21576, 24403, 24721, 24901, 24951, 25225, 25406, 25645, 25704, 26079, 27566, 27696, 27914, 28617, 28914, 29901, 30157, 30515, 31622, 32331]
Iter#71554 New set #1 of size 71 (71554.0 its/hit = 275.000s/hit): seed=3446049169227087752 [0, 305, 570, 748, 1977, 2411, 2507, 2637, 3117, 3160, 4404, 4737, 5378, 6007, 7395, 7949, 8133, 9409, 9684, 10399, 10809, 12770, 13436, 14283, 14611, 14740, 14970, 15323, 15413, 15914, 16145, 16879, 16886, 18240, 18580, 19042, 19095, 19282, 19892, 19913, 20058, 20365, 20432, 20792, 20820, 20994, 21446, 21623, 22352, 23212, 24186, 24241, 24374, 24587, 26518, 26757, 26784, 26819, 27168, 27201, 27377, 27437, 27555, 29950, 30105, 30706, 31864, 31976, 32013, 32136, 32299]
Iter#195625 New set #2 of size 71 (97812.5 its/hit = 378.000s/hit): seed=9086339325956249427 [0, 154, 172, 742, 2132, 2393, 2590, 2908, 7515, 7703, 7967, 8160, 8258, 8381, 8738, 8820, 9289, 9464, 9566, 10183, 10440, 11341, 11777, 11931, 12530, 13238, 14872, 14922, 15142, 15372, 15782, 15912, 17168, 17332, 18692, 18889, 19006, 19108, 20494, 20505, 21213, 21939, 23255, 23303, 23544, 23596, 24138, 24296, 25487, 25663, 25690, 25765, 26209, 26351, 26411, 26768, 27220, 27741, 28183, 28239, 28284, 29346, 29675, 30325, 30651, 31453, 31903, 32074, 32098, 32247, 32452]
Iter#418158 New set #3 of size 71 (139386.0 its/hit = 539.333s/hit): seed=17523346062369945541 [0, 1082, 1214, 2000, 2639, 4024, 4442, 4627, 4910, 5045, 5075, 6650, 6974, 8102, 8420, 9406, 9534, 10068, 10744, 10891, 10894, 11190, 13161, 13944, 14003, 14397, 14992, 15028, 16953, 17307, 17441, 17557, 17795, 17832, 18725, 20171, 20582, 20811, 21866, 22220, 22499, 22729, 22843, 23689, 24163, 24419, 24812, 25288, 25485, 25845, 26103, 26321, 27226, 27667, 28544, 28600, 29192, 29858, 30274, 30740, 31191, 31253, 31280, 31399, 31671, 31757, 32048, 32175, 32297, 32388, 32743]
Iter#861951 New set #4 of size 71 (215487.8 its/hit = 835.750s/hit): seed=847987271272305777 [0, 1368, 1382, 1405, 1498, 1562, 3793, 5144, 5149, 5297, 5824, 6568, 6573, 7124, 7243, 7990, 8615, 9104, 9555, 9780, 9941, 9963, 10229, 10636, 10725, 10883, 11309, 12426, 12938, 13001, 13015, 13359, 13767, 14293, 14338, 14609, 14706, 14766, 14984, 15794, 16533, 16546, 16991, 18052, 19377, 19804, 20467, 20546, 20703, 21382, 21432, 21437, 22624, 22684, 23773, 23839, 24072, 24077, 24293, 25963, 26239, 26344, 28683, 28725, 28913, 29590, 29836, 30174, 30194, 31284, 31419]
Iter#959957 New set #5 of size 71 (191991.4 its/hit = 744.800s/hit): seed=835594618160953933 [0, 172, 285, 672, 978, 1148, 1500, 1842, 2420, 2525, 2862, 3552, 3592, 4136, 4210, 4376, 4892, 5164, 5732, 6019, 6860, 7600, 7902, 9200, 9340, 10273, 10691, 10837, 10993, 11023, 12503, 13678, 13713, 14224, 14317, 14856, 14878, 16221, 16226, 16505, 16556, 16856, 18163, 18308, 18319, 19937, 19987, 20278, 21126, 21697, 22495, 22673, 23748, 23814, 24131, 24925, 25214, 26391, 26561, 27225, 27363, 27525, 28769, 29867, 30227, 30361, 30661, 31081, 31239, 31399, 32575]
Iter#1143366 New set #6 of size 71 (190561.0 its/hit = 739.333s/hit): seed=17233270421016341154 [0, 18, 830, 2338, 2715, 3326, 3411, 3653, 4741, 4824, 5401, 5526, 5568, 7135, 7593, 7958, 8284, 8299, 8925, 10967, 11238, 11546, 11576, 12043, 13010, 13155, 13242, 13304, 14151, 15085, 15476, 16336, 17464, 17473, 17521, 17873, 17970, 18377, 18484, 18722, 18904, 18987, 19132, 19133, 19981, 20275, 20320, 20458, 20522, 20555, 21977, 22019, 22155, 22197, 22576, 23496, 24950, 25626, 26456, 26572, 26953, 27024, 27797, 29015, 30017, 30024, 30049, 31577, 31619, 31684, 31955]
Iter#1291035 New set #7 of size 71 (184433.6 its/hit = 715.714s/hit): seed=3439710764532508129 [0, 1092, 1943, 2088, 2226, 2362, 2902, 2911, 2946, 3205, 4069, 4441, 4492, 4849, 5265, 5286, 5295, 6433, 6627, 6862, 8195, 8998, 9769, 9907, 9914, 10476, 11681, 12169, 12670, 13179, 13269, 13328, 14286, 14351, 14535, 14659, 14666, 15126, 16003, 16918, 17016, 17021, 17036, 17166, 18378, 19495, 20147, 20208, 20702, 23419, 23986, 24953, 25352, 25454, 26040, 26363, 26691, 27224, 27671, 27716, 27789, 28492, 28762, 29301, 29893, 29924, 31116, 31582, 32239, 32261, 32459]
Iter#1304757 New set #8 of size 71 (163094.6 its/hit = 632.875s/hit): seed=8133036057058305450 [0, 391, 575, 593, 767, 935, 1543, 1887, 2287, 3139, 3450, 3726, 4068, 4104, 4140, 5763, 6005, 6950, 7893, 8723, 9384, 10065, 10412, 10505, 10587, 10612, 10625, 10636, 11049, 12309, 12333, 12685, 13566, 14883, 15103, 17208, 17471, 17891, 17951, 18006, 18336, 18544, 19137, 19285, 19353, 20025, 20321, 20774, 21121, 21124, 21362, 21460, 22120, 22521, 23248, 23617, 23909, 24025, 24258, 24670, 25228, 27076, 27825, 28267, 28305, 28464, 28659, 28918, 30943, 31931, 32223]
Iter#1463551 New set #9 of size 71 (162616.8 its/hit = 631.111s/hit): seed=3579977732587937548 [0, 479, 646, 1640, 1715, 2177, 2873, 3193, 3487, 3822, 4092, 4642, 4937, 5213, 5531, 5539, 6965, 7075, 8380, 8382, 8464, 8535, 8550, 8777, 9331, 9414, 9542, 9940, 10269, 10440, 10987, 11216, 11269, 11587, 11788, 12550, 12702, 12868, 13441, 15842, 17581, 18006, 19003, 19256, 19798, 20087, 20109, 20557, 21148, 21639, 21652, 21748, 22077, 22380, 22494, 23267, 23799, 23983, 26474, 26877, 27987, 28042, 28477, 28805, 29216, 29768, 30481, 30963, 31454, 31806, 32386]
Iter#1766103 New set #10 of size 71 (176610.3 its/hit = 685.500s/hit): seed=4470124235549193664 [0, 1584, 2715, 2796, 3753, 6160, 7253, 8153, 8993, 9351, 12125, 12288, 13038, 13095, 13840, 14004, 14246, 14453, 14580, 15811, 16664, 16703, 17169, 17216, 17347, 17455, 17562, 17767, 18100, 18522, 18551, 18908, 19033, 19147, 19385, 19618, 19922, 20476, 21206, 21750, 22037, 22104, 22142, 22853, 23143, 23234, 23419, 23773, 23808, 23941, 24283, 25006, 25301, 25845, 26168, 26257, 27268, 27833, 28049, 28647, 29446, 29749, 30601, 30730, 31199, 32018, 32158, 32448, 32632, 32698, 32767]
Iter#2618753 New set #1 of size 78 (2618753.0 its/hit = 10169.000s/hit): seed=242454554757808639 [0, 288, 719, 751, 844, 1510, 1995, 2792, 3018, 3221, 3501, 3516, 3710, 4823, 5104, 5290, 6098, 6426, 7121, 7233, 8353, 8566, 8663, 9340, 9702, 9982, 10477, 11117, 11810, 11857, 11943, 13030, 13820, 13823, 15016, 15633, 16526, 16858, 16935, 17673, 18343, 18636, 18675, 18775, 19254, 19788, 19789, 20955, 21293, 21879, 22462, 23013, 23526, 23673, 23928, 24472, 24477, 24534, 24721, 24824, 24884, 24935, 25151, 25494, 25674, 25791, 25976, 25994, 26880, 27155, 27322, 28069, 28563, 30017, 30099, 30491, 30944, 31310]
