[*] Computing DDT
[+] DDT Computed
DDT took 22.740126302s
Iter#1 New set #1 of size 44 (1.0 its/hit = 0.000s/hit): seed=8828881922073270777 [0, 1146, 1610, 2051, 3193, 3268, 5127, 5329, 6425, 6545, 6728, 6897, 7391, 8849, 10063, 10162, 11230, 13203, 15679, 15795, 16177, 16544, 17385, 17409, 17795, 18844, 20360, 20697, 21628, 21671, 22890, 24180, 25272, 26732, 27014, 27736, 28559, 28652, 29423, 29773, 29940, 31184, 31536, 32420]
Iter#2 New set #1 of size 46 (2.0 its/hit = 0.000s/hit): seed=15249260877529270498 [0, 38, 3905, 5852, 10381, 11187, 11785, 12347, 12473, 12560, 13458, 13479, 13783, 14252, 14573, 14739, 15000, 15727, 16350, 16524, 17223, 17844, 17911, 18321, 18951, 19442, 20459, 20761, 22579, 23593, 25208, 26811, 26918, 27043, 27495, 27946, 28678, 28691, 28804, 30101, 31199, 31373, 31398, 31717, 31892, 32628]
Iter#5 New set #1 of size 49 (5.0 its/hit = 0.000s/hit): seed=15394912353456631237 [0, 616, 877, 972, 1064, 1298, 1919, 3953, 4180, 4507, 4805, 5931, 5939, 6866, 7995, 8090, 9461, 9751, 10110, 10622, 10878, 11179, 11319, 11913, 13357, 13584, 13627, 15329, 17820, 17952, 18769, 18928, 21083, 21386, 21767, 21926, 22029, 23114, 23950, 24505, 26176, 27837, 29201, 29563, 30133, 30288, 30638, 31605, 32269]
Iter#10 New set #2 of size 49 (5.0 its/hit = 0.000s/hit): seed=1475087528674431823 [0, 189, 1328, 1374, 2102, 2105, 2528, 2766, 4421, 5016, 8320, 8823, 8851, 10312, 10592, 10709, 13186, 13480, 13768, 13839, 14784, 16916, 17781, 18780, 18840, 20348, 21078, 21184, 21191, 21367, 21622, 22346, 22551, 22956, 23387, 24234, 25080, 25173, 25394, 25717, 27422, 27642, 28949, 29666, 30666, 31071, 32298, 32394, 32639]
Iter#31 New set #1 of size 54 (31.0 its/hit = 0.000s/hit): seed=5382650177459027450 [0, 642, 1041, 1246, 1414, 3634, 4001, 4102, 4268, 4644, 6654, 7178, 7441, 8067, 9478, 10044, 11996, 12391, 12917, 13262, 13370, 14489, 15024, 15496, 15673, 15763, 16109, 16854, 17171, 17705, 17795, 17863, 18254, 18260, 18633, 18884, 19586, 19865, 21317, 21642, 22953, 23889, 26054, 26094, 26646, 26812, 26853, 27648, 27931, 28418, 29745, 31055, 32094, 32747]
Iter#34 New set #1 of size 64 (34.0 its/hit = 0.000s/hit): seed=8451077922653455328 [0, 593, 1035, 1086, 1350, 1635, 1686, 2011, 2226, 3572, 4774, 5213, 5255, 5626, 6008, 6723, 8761, 8935, 9025, 9537, 10145, 10837, 11225, 11329, 12024, 12051, 12797, 12993, 13440, 13782, 15417, 15613, 16686, 16915, 17259, 18395, 18572, 19523, 19828, 20326, 20719, 21299, 21540, 22375, 22409, 23188, 23896, 24189, 24873, 25394, 25507, 25579, 25620, 25780, 25964, 28380, 28904, 29707, 29810, 30015, 30447, 30626, 31799, 32352]
Iter#10713 New set #2 of size 64 (5356.5 its/hit = 25.000s/hit): seed=3108160339272076876 [0, 410, 444, 634, 1186, 2005, 2994, 4862, 5276, 6629, 7185, 7194, 7922, 8058, 8903, 10538, 10940, 11208, 11577, 11796, 12099, 12331, 12397, 12851, 14008, 14320, 15576, 15759, 16532, 17439, 18856, 18994, 19278, 19547, 20209, 20528, 20728, 21542, 21767, 22082, 22150, 22895, 23561, 23988, 24036, 24179, 24585, 25142, 25252, 25441, 25505, 25805, 25872, 26007, 26206, 27993, 28045, 28922, 28976, 29101, 29303, 29514, 31487, 32163]
Iter#11569 New set #3 of size 64 (3856.3 its/hit = 18.000s/hit): seed=15497360601378983436 [0, 124, 756, 1098, 1122, 1147, 1496, 2423, 3002, 3711, 3908, 4276, 4379, 5345, 5475, 6471, 6510, 6913, 7420, 8153, 8578, 9117, 9206, 9362, 9447, 11259, 11678, 12356, 12360, 12365, 12546, 13437, 13950, 15407, 15526, 15589, 17255, 17904, 17933, 18189, 18510, 18543, 19458, 21811, 22198, 22231, 22740, 24295, 24632, 25070, 25851, 26589, 26834, 27240, 27890, 29147, 29994, 30006, 30756, 30792, 30925, 31522, 31541, 32028]
Iter#12234 New set #4 of size 64 (3058.5 its/hit = 14.250s/hit): seed=3018720316588285288 [0, 158, 456, 1174, 1202, 1339, 2240, 2991, 4635, 4846, 5899, 6184, 6652, 6840, 7426, 7747, 7875, 8140, 8739, 8950, 9640, 10174, 10594, 11077, 11150, 12244, 12596, 13657, 14232, 15026, 15062, 15566, 15614, 16118, 16367, 16380, 16431, 16940, 18444, 18862, 19606, 19750, 19813, 20299, 20782, 21214, 21218, 21432, 21665, 23134, 23169, 23931, 23978, 24512, 25338, 25719, 27378, 28632, 28933, 29864, 30121, 31061, 32232, 32484]
Iter#14148 New set #5 of size 64 (2829.6 its/hit = 13.200s/hit): seed=18070126431685811978 [0, 297, 829, 908, 2031, 2627, 3109, 3602, 3747, 5566, 6432, 6941, 7455, 7787, 8253, 8272, 8332, 8654, 9548, 9663, 9707, 10143, 10362, 10664, 10849, 11054, 11418, 11507, 11538, 11683, 12141, 12316, 12440, 13424, 14064, 15059, 16444, 16503, 16844, 17628, 19703, 20740, 20782, 22086, 22516, 23628, 24228, 24266, 24330, 24395, 25093, 26341, 26392, 26955, 28479, 29718, 29860, 30188, 31169, 31334, 31559, 32090, 32456, 32759]
Iter#17549 New set #6 of size 64 (2924.8 its/hit = 13.667s/hit): seed=3826633231919989507 [0, 120, 188, 284, 310, 1007, 2739, 4144, 4827, 5127, 6602, 7066, 7418, 7599, 9026, 9132, 9412, 9583, 9679, 11245, 11278, 11593, 12012, 13381, 13963, 14444, 14815, 16362, 16544, 16780, 17930, 18206, 18823, 19380, 20164, 20530, 20881, 21671, 22624, 23202, 23332, 23384, 23453, 23844, 24149, 24514, 24862, 25614, 25782, 25963, 26574, 27469, 28052, 28335, 28356, 28696, 29738, 30229, 30641, 30792, 31269, 31760, 32075, 32586]
Iter#17719 New set #7 of size 64 (2531.3 its/hit = 11.857s/hit): seed=69866092414109917 [0, 1665, 1993, 2051, 2911, 2923, 3054, 4401, 4424, 4737, 5121, 5492, 5660, 6757, 6911, 7047, 7596, 8070, 8328, 8639, 8666, 8849, 9691, 10083, 11687, 13111, 13969, 14256, 14585, 14907, 15591, 16231, 16880, 17246, 18045, 18330, 19006, 19496, 19988, 20160, 20467, 21093, 21719, 22116, 22568, 23729, 24657, 25014, 25590, 26680, 27103, 27472, 27705, 28388, 28657, 29231, 29277, 29628, 30031, 30048, 30100, 30247, 30679, 31800]
Iter#18885 New set #8 of size 64 (2360.6 its/hit = 11.125s/hit): seed=15592707029215652261 [0, 703, 1536, 2045, 3686, 4129, 5045, 5365, 5987, 6417, 6524, 7468, 7623, 7681, 8745, 9414, 9486, 10356, 10532, 10663, 11277, 12130, 12245, 12663, 12836, 12925, 13729, 13790, 15315, 16086, 16133, 16220, 16514, 17379, 17466, 17821, 18373, 18941, 19623, 19828, 20193, 20709, 21738, 22165, 23045, 23510, 23558, 24113, 24271, 24540, 24966, 25020, 25034, 26329, 28269, 28920, 29153, 30392, 30433, 31359, 31641, 31680, 31974, 32101]
Iter#20743 New set #9 of size 64 (2304.8 its/hit = 10.889s/hit): seed=13217323938156711020 [0, 1553, 3714, 4768, 5645, 5975, 6649, 6685, 6809, 7047, 9388, 9497, 9629, 9905, 10271, 10316, 10350, 10914, 10936, 11698, 11973, 12324, 13167, 13204, 13952, 14313, 15971, 16271, 17083, 17473, 17807, 18593, 19118, 19704, 19988, 20179, 20384, 21254, 21378, 22442, 22527, 22860, 23852, 23908, 24001, 24418, 25094, 25188, 26039, 27520, 27650, 27717, 27782, 27850, 28129, 29403, 29503, 30451, 30626, 30741, 30753, 31724, 31805, 32124]
Iter#21472 New set #10 of size 64 (2147.2 its/hit = 10.100s/hit): seed=1698835349065383943 [0, 530, 846, 1701, 2295, 2975, 3104, 3136, 5767, 5927, 6850, 7122, 8644, 8833, 9636, 9865, 10280, 10818, 11238, 11378, 11800, 12028, 13318, 13711, 13741, 13986, 15620, 16049, 16504, 16533, 16914, 17236, 17427, 17442, 17992, 18191, 19056, 19334, 19656, 19696, 19705, 20167, 20555, 21157, 21184, 21297, 21513, 21575, 21615, 22308, 23523, 23701, 24897, 25572, 26275, 26280, 28708, 28940, 28993, 29040, 29377, 29958, 31130, 31147]
Iter#49005 New set #20 of size 64 (2450.2 its/hit = 11.600s/hit): seed=6764632816631146321 [0, 150, 364, 1752, 1808, 2439, 3075, 3592, 3801, 3963, 4713, 5183, 5437, 5623, 6606, 6757, 7249, 7451, 8260, 8437, 8854, 9054, 11189, 11537, 12401, 12551, 12599, 12729, 12870, 14616, 14804, 15054, 16566, 16789, 16838, 17618, 18184, 18398, 18525, 18833, 20621, 21857, 22155, 22799, 23204, 23424, 24628, 25220, 25503, 25622, 25686, 27012, 27225, 27247, 28074, 28131, 28336, 28360, 29754, 30271, 30496, 30629, 31709, 32720]
Iter#70549 New set #30 of size 64 (2351.6 its/hit = 11.167s/hit): seed=11992451473417411594 [0, 724, 1721, 2146, 3225, 3831, 4116, 4450, 4775, 4935, 5077, 6072, 6976, 7496, 7869, 8164, 8300, 8579, 8629, 9096, 9313, 10641, 11044, 11772, 12734, 13090, 14480, 14952, 15124, 15613, 15634, 16302, 16847, 16970, 17827, 18081, 18358, 19189, 20722, 20856, 22967, 23254, 23687, 23871, 23935, 24108, 24354, 24365, 24698, 24860, 25775, 27116, 27581, 27741, 27944, 28082, 28876, 28963, 29078, 29362, 29381, 30405, 32050, 32109]
Iter#91219 New set #40 of size 64 (2280.5 its/hit = 10.825s/hit): seed=16638135987555997757 [0, 188, 206, 521, 1212, 2334, 2413, 2416, 2475, 3234, 3263, 3351, 3466, 4026, 4506, 5228, 5469, 5916, 5997, 7005, 8256, 8285, 8499, 9615, 9618, 9709, 9983, 10175, 10392, 10540, 11300, 11928, 12805, 13369, 13403, 13481, 15704, 15900, 16038, 16232, 17152, 18110, 18973, 19348, 20267, 20297, 20695, 20788, 21415, 22125, 22675, 23218, 23930, 23959, 24221, 24319, 24884, 25156, 26177, 28327, 29163, 31484, 32210, 32641]
Iter#132467 New set #50 of size 64 (2649.3 its/hit = 12.640s/hit): seed=9581209770058777694 [0, 246, 1219, 1972, 3494, 3835, 4232, 4245, 4679, 4785, 5860, 6392, 6698, 6732, 6807, 6946, 7479, 8184, 8981, 9296, 9304, 11333, 11347, 11392, 12444, 13375, 14774, 16297, 16492, 16780, 16888, 17207, 17250, 17439, 17615, 18192, 19378, 19527, 20104, 20251, 21631, 22691, 24741, 25207, 25271, 25674, 25788, 26132, 26352, 26824, 27121, 27162, 27261, 28565, 28788, 28943, 30029, 30069, 30221, 30459, 30980, 30993, 32165, 32654]
Iter#138660 New set #1 of size 65 (138660.0 its/hit = 661.000s/hit): seed=5089248099929468728 [0, 877, 1437, 2522, 4581, 4790, 4897, 4921, 5585, 7213, 7801, 8223, 8388, 9002, 10867, 11278, 11759, 12043, 12126, 12510, 12625, 13214, 13684, 14592, 14924, 15598, 15851, 15905, 16694, 16773, 16811, 17141, 17428, 19250, 19405, 19634, 19773, 19935, 20002, 20620, 20664, 21431, 21458, 21754, 22517, 23425, 23921, 24519, 24609, 25008, 25132, 25326, 26779, 28062, 28378, 28497, 28501, 28823, 28959, 29200, 29641, 30045, 30290, 30594, 32004]
Iter#845488 New set #1 of size 71 (845488.0 its/hit = 4039.000s/hit): seed=10179701114522700636 [0, 975, 1381, 1488, 1815, 2108, 2879, 3197, 3908, 4200, 5059, 5161, 5654, 6144, 6771, 6921, 7869, 10435, 10822, 11004, 11383, 11783, 11921, 12283, 12494, 12818, 12972, 13086, 13638, 13907, 14365, 14430, 15422, 15591, 15791, 16496, 16570, 17139, 17342, 17451, 17940, 19923, 20323, 20375, 20503, 21380, 22422, 22525, 23370, 25153, 25364, 25734, 26052, 26457, 26940, 27364, 27504, 27675, 27716, 28178, 29048, 29453, 30079, 30354, 30525, 30913, 31234, 31486, 31650, 32087, 32747]
Iter#942125 New set #2 of size 71 (471062.5 its/hit = 2251.000s/hit): seed=17053048946353332194 [0, 545, 859, 889, 1113, 2084, 2224, 2395, 2441, 2566, 2680, 3419, 4285, 4848, 5038, 5364, 6987, 7054, 7183, 7249, 7852, 8054, 8384, 8557, 11396, 11765, 11852, 12243, 13055, 14040, 14117, 15662, 17315, 17469, 17687, 17804, 18153, 18244, 18494, 19014, 19634, 19843, 20432, 20659, 20881, 22578, 22606, 23105, 23371, 23985, 24230, 24299, 24498, 24865, 25016, 25233, 25456, 27019, 27114, 27351, 28012, 28173, 28576, 28777, 29040, 29475, 29838, 30432, 31204, 31335, 31671]
Iter#986808 New set #3 of size 71 (328936.0 its/hit = 1572.000s/hit): seed=16557677586605125949 [0, 1459, 1648, 2313, 2612, 3248, 4019, 4899, 4928, 5103, 6562, 6789, 6796, 7274, 7669, 7880, 8251, 8839, 8840, 9218, 9353, 9864, 10358, 10784, 11083, 12005, 12174, 12281, 12446, 13033, 15498, 15639, 15709, 15742, 16311, 16558, 16837, 17175, 17495, 17515, 17664, 18204, 18517, 18834, 19766, 20180, 20921, 21081, 21090, 21652, 21761, 22645, 22722, 23450, 24526, 24702, 24779, 25516, 25721, 26237, 26474, 27058, 27579, 28425, 28733, 28982, 30105, 30369, 32610, 32628, 32735]
Iter#1337377 New set #4 of size 71 (334344.2 its/hit = 1597.250s/hit): seed=2347187948827867255 [0, 298, 959, 1834, 2135, 2683, 2877, 2928, 3579, 4198, 4655, 5418, 5989, 6203, 6346, 6455, 6482, 7403, 7648, 7660, 7800, 8015, 8836, 8957, 9530, 9937, 9999, 10190, 11346, 11405, 11695, 12602, 12970, 13172, 13381, 14591, 14705, 15526, 16224, 16301, 16891, 16926, 18129, 18456, 18707, 18982, 19331, 19441, 19448, 21611, 22697, 23124, 23241, 24157, 24190, 24200, 24451, 25489, 26745, 27234, 27366, 27419, 27713, 27928, 28456, 28563, 28805, 30771, 31518, 31635, 32457]
Iter#1337688 New set #5 of size 71 (267537.6 its/hit = 1278.200s/hit): seed=16628765195618008683 [0, 345, 392, 573, 597, 644, 1091, 1125, 1758, 4101, 4564, 4579, 4883, 4886, 5708, 6380, 6840, 7117, 7209, 7503, 7582, 7747, 7826, 9007, 9097, 9758, 10315, 10607, 11471, 11947, 13311, 14041, 15102, 15720, 16084, 17732, 17929, 18910, 19411, 19956, 20952, 21307, 22467, 22683, 22706, 23644, 23677, 24638, 24934, 25040, 25057, 25743, 26302, 26665, 26894, 27032, 27096, 27182, 27491, 27728, 27729, 27749, 28082, 28192, 28226, 28495, 28880, 28927, 29076, 29487, 30337]
Iter#1420238 New set #6 of size 71 (236706.3 its/hit = 1130.833s/hit): seed=651138123779891489 [0, 154, 801, 1442, 1568, 1913, 2232, 2285, 2518, 2750, 3507, 4054, 4230, 4426, 5817, 5998, 6649, 7381, 7482, 8015, 8054, 8178, 8413, 8854, 8986, 9056, 9999, 10313, 10827, 10858, 11025, 12074, 12539, 13382, 13630, 14837, 15480, 15745, 15879, 16187, 16457, 16841, 17200, 17766, 18199, 18650, 19358, 19575, 19951, 20099, 20707, 20916, 21642, 21889, 21924, 23108, 23994, 24390, 24706, 24901, 24914, 25278, 25371, 26607, 27437, 28185, 30582, 31429, 31434, 31930, 32384]
Iter#1423579 New set #7 of size 71 (203368.4 its/hit = 971.571s/hit): seed=7093570813854665471 [0, 80, 1776, 2154, 4247, 4478, 4670, 4677, 5484, 5638, 6394, 6696, 6724, 8219, 8284, 8288, 8432, 8511, 9056, 9232, 9395, 11739, 12000, 12357, 12453, 12637, 12661, 12825, 13940, 14404, 15120, 16492, 18453, 18541, 18636, 18913, 18938, 18972, 19137, 19599, 19979, 20484, 21540, 22317, 22617, 23303, 23420, 23540, 23712, 24743, 25196, 25205, 26462, 26826, 26914, 26969, 27160, 27200, 27245, 27345, 27381, 29468, 29749, 30047, 30308, 30725, 30916, 31353, 32113, 32314, 32320]
Iter#1581574 New set #8 of size 71 (197696.8 its/hit = 944.000s/hit): seed=3915919133556245720 [0, 3, 82, 1003, 1415, 2643, 3044, 3193, 3250, 3333, 3418, 3460, 5397, 6498, 6907, 7479, 7568, 7721, 8883, 9599, 10052, 10604, 11681, 12082, 12345, 12892, 13431, 13464, 13698, 13816, 14187, 14638, 15274, 15718, 15805, 15915, 16631, 17102, 18014, 18235, 18322, 19207, 20076, 20298, 21581, 22586, 24840, 25265, 25356, 25376, 25501, 26041, 26410, 28085, 28184, 28212, 29019, 29226, 29259, 29287, 29431, 29444, 30349, 30757, 30911, 31122, 31946, 32224, 32452, 32607, 32627]
Iter#1965668 New set #9 of size 71 (218407.6 its/hit = 1042.000s/hit): seed=4574257358005507293 [0, 804, 1152, 1259, 1395, 2626, 4080, 5745, 5956, 5963, 6016, 7290, 7849, 8067, 8581, 11208, 11544, 11835, 12158, 12446, 12492, 12674, 13479, 14017, 14128, 14169, 14223, 14315, 14770, 14869, 16365, 17164, 18650, 19478, 19665, 20151, 20786, 20992, 21290, 21576, 21740, 21870, 21971, 22177, 22280, 22352, 22381, 22522, 22558, 23189, 23309, 23342, 24129, 25119, 25225, 26285, 26815, 26919, 26960, 28363, 29785, 30157, 30225, 30688, 31336, 31382, 31554, 31704, 31899, 32213, 32343]
Iter#2651358 New set #10 of size 71 (265135.8 its/hit = 1267.000s/hit): seed=11774153452217549059 [0, 1502, 1597, 1746, 1799, 2176, 2344, 2437, 2859, 3607, 3805, 4595, 4599, 5438, 5721, 6253, 7709, 8011, 8215, 8614, 10033, 10115, 10443, 11290, 11836, 11918, 12539, 13438, 13516, 14289, 15731, 15809, 15915, 16199, 16309, 16680, 17167, 17258, 17917, 18037, 18782, 18831, 19359, 19418, 19708, 20241, 20700, 21275, 21701, 22027, 22878, 22974, 23543, 25091, 25203, 26518, 26732, 27212, 27569, 27867, 28455, 28572, 29600, 29830, 30153, 30269, 30698, 30701, 31479, 31569, 31942]
