[*] Computing DDT
[+] DDT Computed
DDT took 23.950870734s
Iter#1 New set #1 of size 36 (1.0 its/hit = 0.000s/hit): seed=13299617504846285253 [1116, 1135, 2362, 3248, 3688, 5967, 6294, 6316, 7807, 8941, 9307, 10289, 10353, 10717, 10832, 12274, 13553, 14146, 14166, 14856, 16034, 16521, 16525, 18365, 18366, 18808, 19373, 21036, 22721, 25353, 27666, 27985, 29352, 30013, 30937, 32127]
Iter#2 New set #1 of size 38 (2.0 its/hit = 0.000s/hit): seed=923242540461915889 [111, 1078, 3046, 4137, 4720, 5270, 6088, 6852, 7511, 7910, 7980, 8682, 9566, 10248, 10278, 10938, 12100, 12224, 12908, 13247, 13433, 16171, 16630, 17134, 17425, 17769, 19461, 20018, 23693, 24339, 24618, 24896, 27943, 28481, 29324, 29607, 31709, 32448]
Iter#6 New set #2 of size 38 (3.0 its/hit = 0.000s/hit): seed=14465245768864431955 [4254, 4778, 6358, 8721, 9072, 11685, 11694, 12684, 12806, 13929, 14746, 14859, 15061, 15730, 15836, 16277, 17392, 17975, 18182, 18730, 18952, 19261, 19372, 20429, 20511, 21560, 23547, 23933, 24618, 25278, 27623, 28400, 30034, 30666, 31195, 31198, 31985, 32713]
Iter#11 New set #1 of size 39 (11.0 its/hit = 0.000s/hit): seed=10521350389274016941 [998, 2399, 3008, 3294, 5179, 6088, 7643, 8330, 8374, 8497, 9769, 10045, 10906, 11955, 12114, 12472, 12796, 13316, 13654, 15269, 15625, 15832, 16165, 16951, 20720, 21428, 22064, 22465, 22636, 22736, 25435, 26285, 27152, 27729, 29922, 30432, 31330, 31876, 32121]
Iter#23 New set #1 of size 40 (23.0 its/hit = 0.000s/hit): seed=16096093499648536703 [926, 1615, 2855, 3081, 3709, 4041, 4436, 5197, 6263, 6320, 6472, 7032, 8652, 9510, 9615, 11069, 11088, 11728, 12003, 12423, 12483, 14423, 14558, 14977, 15336, 15453, 16392, 16607, 20181, 22397, 22911, 23249, 23460, 26406, 27586, 28335, 28621, 29253, 29951, 30626]
Iter#121 New set #2 of size 40 (60.5 its/hit = 0.000s/hit): seed=3987005436750939071 [2651, 2908, 3095, 3712, 4139, 5430, 8999, 9138, 10284, 11060, 11284, 12164, 12728, 13457, 16097, 18206, 19530, 21052, 21437, 21822, 21987, 23219, 23236, 23877, 23998, 25418, 25916, 25988, 26204, 27136, 27410, 27880, 28435, 28508, 29837, 30147, 30218, 30292, 30525, 32287]
Iter#140 New set #1 of size 41 (140.0 its/hit = 0.000s/hit): seed=11233835401485263128 [1664, 2642, 2729, 3572, 5528, 5774, 6766, 6947, 7340, 7604, 8549, 8907, 10141, 10541, 11668, 11754, 12368, 12774, 14515, 14665, 15855, 16427, 16537, 17265, 19488, 19732, 20039, 20310, 21851, 22574, 23746, 25379, 26506, 27659, 27847, 28811, 30645, 31142, 31349, 32740, 32751]
Iter#823 New set #1 of size 42 (823.0 its/hit = 5.000s/hit): seed=706968443386177087 [1089, 2684, 5296, 6629, 6830, 6999, 7966, 8478, 8810, 10414, 10458, 11921, 12111, 14843, 15514, 15766, 16004, 16696, 16759, 16860, 17054, 18766, 19323, 20082, 20611, 21074, 22095, 22633, 22925, 23024, 23823, 23916, 24667, 25114, 25793, 26679, 27002, 27151, 28717, 28813, 29168, 32695]
Iter#3635 New set #2 of size 42 (1817.5 its/hit = 12.500s/hit): seed=17627334876058069140 [355, 1991, 2281, 2998, 3932, 4041, 4082, 4742, 4851, 5535, 5550, 5609, 6223, 6712, 6841, 7092, 7529, 7605, 8917, 9547, 12076, 12269, 13407, 13898, 14342, 15717, 16052, 17640, 18816, 19192, 20113, 20320, 23278, 24458, 25012, 25467, 26622, 27070, 27248, 27435, 28952, 29573]
Iter#6365 New set #3 of size 42 (2121.7 its/hit = 14.667s/hit): seed=22979288967114493 [1021, 1594, 1609, 2473, 2888, 3499, 3677, 3852, 4145, 4831, 4850, 5030, 6492, 6845, 7778, 9301, 11199, 11686, 13926, 15379, 16192, 16573, 17061, 17150, 18923, 20804, 21188, 21305, 22096, 22812, 23774, 25658, 26280, 26548, 28946, 29391, 29407, 29895, 30367, 30771, 31743, 32144]
Iter#6628 New set #4 of size 42 (1657.0 its/hit = 11.500s/hit): seed=5470484063392715792 [896, 942, 2782, 3929, 6860, 7439, 7710, 8642, 9145, 9198, 9583, 12716, 12831, 14164, 16656, 16942, 16992, 17015, 18678, 19285, 19443, 20162, 21449, 22030, 23803, 24425, 24426, 24779, 24907, 26264, 26480, 26842, 27398, 27505, 27943, 28343, 29643, 30213, 30657, 31094, 31123, 32152]
Iter#10024 New set #5 of size 42 (2004.8 its/hit = 14.000s/hit): seed=1650186434351867479 [1953, 3001, 3150, 3239, 3584, 3810, 4566, 6202, 6387, 6787, 8130, 9665, 10596, 11284, 12820, 13007, 13629, 14387, 14475, 16750, 16978, 17227, 17912, 18829, 18943, 19686, 19744, 19959, 20354, 21520, 21718, 25232, 25443, 27306, 27320, 27582, 28894, 29336, 29428, 30344, 30927, 30994]
Iter#14552 New set #1 of size 43 (14552.0 its/hit = 102.000s/hit): seed=1894561693117849285 [739, 2316, 3163, 3379, 4099, 4170, 4422, 5521, 7088, 7836, 9215, 10140, 10783, 10856, 11083, 12764, 13487, 13771, 14452, 14526, 15183, 15677, 15858, 17052, 18270, 18950, 19202, 19719, 19996, 20415, 20804, 20869, 23788, 24186, 24329, 24950, 28985, 29601, 29895, 30323, 30388, 30986, 32441]
Iter#14874 New set #1 of size 44 (14874.0 its/hit = 104.000s/hit): seed=4174680636678305159 [33, 1449, 2791, 2928, 3392, 5188, 5257, 6846, 6890, 7750, 9318, 9943, 11722, 11927, 12194, 12372, 13352, 13388, 13619, 15584, 16300, 16319, 17454, 18146, 18156, 19019, 20348, 20461, 21911, 25403, 25594, 25669, 26987, 27790, 28246, 28837, 28876, 28957, 29276, 30134, 30267, 31123, 31255, 31803]
Iter#59053 New set #1 of size 46 (59053.0 its/hit = 414.000s/hit): seed=15475363990354638351 [877, 964, 1873, 2332, 3288, 4036, 5030, 5126, 5351, 6055, 7369, 7521, 7665, 9008, 10059, 10896, 11275, 11356, 11851, 12153, 14720, 16211, 16879, 17269, 17394, 17836, 18654, 18705, 21065, 21587, 21820, 21824, 22467, 23443, 23642, 24218, 24921, 26450, 28122, 28918, 29580, 30067, 30275, 31684, 31830, 32378]
Iter#148987 New set #1 of size 47 (148987.0 its/hit = 1047.000s/hit): seed=16814260829619740787 [1195, 1487, 1593, 1873, 1874, 2342, 2907, 3627, 4866, 5736, 5999, 9665, 9825, 10111, 10339, 10678, 11629, 11926, 12386, 13093, 13518, 14550, 14845, 15156, 15233, 15601, 17208, 18745, 19728, 21368, 21829, 21985, 23252, 24028, 24875, 25113, 25793, 26035, 26536, 27216, 27772, 28683, 31075, 31378, 32103, 32420, 32585]
Iter#298208 New set #2 of size 47 (149104.0 its/hit = 1054.000s/hit): seed=12943894844499820437 [4, 709, 723, 810, 2217, 4200, 4984, 5430, 5856, 7215, 7576, 8194, 8334, 8563, 8827, 10310, 10589, 12091, 13658, 14227, 14365, 15992, 17723, 17967, 18286, 19055, 19118, 20007, 20964, 23421, 23754, 24021, 26106, 26703, 27016, 27019, 27254, 27575, 27853, 28117, 28486, 28521, 29036, 29987, 31274, 31386, 32669]
Iter#516606 New set #3 of size 47 (172202.0 its/hit = 1220.333s/hit): seed=3247689263439987022 [961, 1051, 1735, 2932, 3314, 4586, 6074, 6384, 6469, 6540, 7259, 7668, 8536, 8729, 8873, 9401, 9726, 10493, 11734, 12259, 12302, 13417, 14171, 14886, 16443, 16522, 16661, 18090, 18425, 20299, 22720, 22749, 25002, 25315, 25372, 26199, 26302, 28286, 29208, 29265, 29283, 29422, 29443, 31310, 31899, 32170, 32719]
Iter#2012737 New set #4 of size 47 (503184.2 its/hit = 3574.500s/hit): seed=16727796688680819909 [592, 1767, 2184, 2886, 3375, 3915, 4492, 4751, 5274, 5292, 5383, 7019, 7337, 7482, 11914, 12178, 12297, 14043, 14085, 16206, 17045, 17182, 17213, 18138, 18518, 20250, 21795, 22951, 23485, 23655, 23962, 25044, 26403, 26579, 26803, 28191, 28713, 28796, 28833, 28855, 29262, 30021, 30943, 31594, 31650, 31757, 31974]
