[*] Computing DDT
[+] DDT Computed
DDT took 22.872336221s
Iter#1 New set #1 of size 48 (1.0 its/hit = 0.000s/hit): seed=5753179215420326006 [0, 601, 652, 1513, 2167, 2701, 3071, 3197, 3424, 3793, 4756, 5129, 5170, 5303, 5580, 7071, 7143, 9433, 10217, 10681, 11930, 12001, 12774, 14321, 14934, 16002, 17085, 17893, 18123, 18894, 19623, 20139, 20670, 21049, 22289, 22352, 22500, 25309, 25551, 26399, 26996, 29874, 30091, 30661, 31120, 31446, 31852, 32456]
Iter#20 New set #1 of size 49 (20.0 its/hit = 0.000s/hit): seed=16240247445085681881 [0, 1108, 1521, 2948, 3290, 4019, 4698, 5763, 5804, 5859, 5934, 6431, 7025, 7189, 7258, 7260, 8247, 8391, 8643, 8757, 8776, 8807, 9092, 9960, 10306, 10909, 11546, 11654, 12204, 13465, 15146, 15556, 16432, 18610, 18692, 21703, 21900, 22810, 23771, 23860, 25260, 25804, 26398, 26820, 28009, 28529, 30300, 31641, 31745]
Iter#21 New set #1 of size 57 (21.0 its/hit = 0.000s/hit): seed=6965858677850667218 [0, 619, 832, 886, 941, 1912, 4192, 4255, 4305, 4334, 5208, 5265, 5856, 6300, 7241, 8433, 10803, 10922, 11150, 11258, 12123, 12276, 12479, 13187, 13250, 13418, 13563, 14033, 14168, 14355, 15154, 15389, 15781, 17126, 17859, 18421, 19467, 20072, 20972, 21098, 22164, 23453, 24560, 24896, 25162, 25199, 25530, 25879, 27628, 28628, 29218, 29519, 30179, 30300, 30422, 30924, 31988]
Iter#2684 New set #2 of size 57 (1342.0 its/hit = 5.000s/hit): seed=4233220902029330883 [0, 851, 2076, 2296, 2943, 3143, 3606, 3876, 3964, 4091, 4716, 5519, 6064, 7470, 7655, 7952, 8257, 9326, 10737, 11157, 11401, 11996, 12483, 13537, 13615, 14434, 15299, 15362, 17281, 17710, 18087, 18756, 19756, 19848, 20529, 20632, 21115, 21337, 21380, 21642, 21767, 22178, 23544, 23936, 25354, 25398, 26128, 27222, 27397, 28595, 28973, 29262, 29491, 30070, 30229, 31214, 32436]
Iter#2841 New set #3 of size 57 (947.0 its/hit = 3.333s/hit): seed=7878195179408863589 [0, 998, 2443, 2682, 3188, 3608, 4166, 4308, 4844, 5031, 6008, 6122, 7975, 8040, 8562, 8678, 9118, 9162, 9379, 9845, 10348, 11016, 11206, 11600, 11736, 11861, 13761, 14124, 14526, 15422, 15542, 15821, 17947, 18583, 19553, 20228, 20589, 21411, 22043, 23504, 23601, 23714, 24663, 24773, 24826, 26473, 26593, 26619, 26875, 27298, 27558, 27923, 28517, 29026, 30215, 30351, 31086]
Iter#3083 New set #1 of size 64 (3083.0 its/hit = 11.000s/hit): seed=3049409646968926765 [0, 401, 438, 894, 1669, 1701, 2261, 3140, 3212, 3515, 4032, 4069, 4071, 4124, 4235, 4377, 4394, 5862, 6326, 6357, 7121, 7792, 7982, 8055, 8544, 8609, 8788, 8897, 9899, 11197, 11219, 13965, 14161, 14178, 14298, 15665, 16887, 17220, 18363, 19324, 20069, 21100, 21572, 22501, 22508, 23689, 23738, 23751, 25108, 25777, 25842, 26193, 26312, 26609, 27298, 29840, 29841, 29879, 31072, 31425, 31462, 31474, 31844, 32318]
Iter#5238 New set #2 of size 64 (2619.0 its/hit = 10.000s/hit): seed=11128231568410236231 [0, 100, 808, 1300, 1378, 1535, 2749, 3022, 3201, 3414, 5280, 6895, 7664, 7870, 8523, 8552, 8710, 9358, 10360, 10696, 10777, 11948, 12308, 13043, 14112, 14676, 15028, 15039, 15087, 15618, 15677, 16006, 16464, 17710, 18220, 19729, 20673, 20909, 21594, 21896, 22131, 22221, 22601, 23259, 23311, 23998, 24937, 25185, 25496, 26700, 26907, 27467, 29052, 29383, 29947, 29973, 30382, 30512, 30949, 30985, 31523, 31570, 32110, 32468]
Iter#10774 New set #3 of size 64 (3591.3 its/hit = 13.667s/hit): seed=10807490816139492635 [0, 50, 405, 524, 700, 1920, 2412, 2449, 2566, 2782, 3281, 3462, 3983, 4081, 4242, 5019, 5921, 6166, 7074, 7585, 8477, 9410, 11421, 11543, 11814, 12153, 12783, 13271, 13977, 15477, 15504, 15592, 15637, 15860, 15977, 16008, 17666, 19302, 19362, 19620, 19744, 20328, 21736, 22441, 22541, 23877, 24170, 24303, 24834, 25064, 25994, 26216, 26333, 26739, 26770, 27407, 27630, 27758, 29860, 29939, 31008, 31168, 31337, 32451]
Iter#13041 New set #4 of size 64 (3260.2 its/hit = 12.500s/hit): seed=12844333324241477156 [0, 2065, 2086, 2405, 2562, 3087, 3224, 4007, 4240, 4328, 4451, 5278, 5626, 5764, 7414, 7463, 7554, 8161, 8333, 9039, 9584, 10009, 10242, 10571, 10796, 11106, 11784, 11968, 12951, 13012, 13147, 13207, 14333, 14475, 15042, 15734, 16990, 16992, 18587, 18927, 20835, 22050, 22433, 23290, 23481, 23507, 23676, 23751, 23816, 24480, 24584, 24907, 25139, 26740, 27478, 27676, 28676, 29177, 29879, 30406, 30814, 31977, 32210, 32654]
Iter#13793 New set #5 of size 64 (2758.6 its/hit = 10.600s/hit): seed=3109498232617129653 [0, 894, 1134, 4398, 4957, 6025, 6571, 6782, 6965, 7408, 8349, 8470, 8902, 9096, 9419, 9480, 9605, 9980, 10923, 11234, 11926, 12399, 12462, 12760, 13786, 14532, 14590, 15414, 15792, 15998, 16163, 16248, 16991, 17598, 18334, 20920, 21755, 22015, 22254, 22369, 23406, 24024, 25294, 25622, 25629, 25646, 25672, 25678, 26041, 26376, 26780, 27090, 27917, 27970, 28305, 28636, 28639, 30232, 30302, 30902, 30950, 31160, 31651, 32568]
Iter#17962 New set #6 of size 64 (2993.7 its/hit = 11.500s/hit): seed=17038666897104435283 [0, 120, 392, 690, 808, 1410, 2174, 2951, 3373, 3648, 4142, 5338, 5781, 6167, 6271, 6410, 7492, 7892, 8518, 9020, 10092, 10220, 10419, 10483, 10729, 10948, 11793, 12099, 13131, 13212, 14279, 14620, 14961, 15178, 15572, 16073, 16576, 17186, 20699, 21493, 21655, 22236, 22522, 23537, 24003, 24224, 24593, 24623, 24742, 25547, 25980, 26084, 26300, 26409, 26945, 27972, 28742, 28854, 29973, 30021, 30176, 30925, 31274, 31763]
Iter#18054 New set #7 of size 64 (2579.1 its/hit = 9.857s/hit): seed=979112857448096256 [0, 999, 2094, 2248, 2869, 3604, 4054, 4353, 4361, 4553, 6407, 6435, 9655, 9946, 9984, 10460, 11127, 11153, 11441, 11867, 12161, 12531, 13667, 13714, 13731, 13835, 14213, 15616, 16534, 16743, 17140, 17236, 18671, 18964, 19279, 19343, 19546, 19644, 19707, 20555, 20738, 21333, 22072, 22501, 23159, 23793, 23911, 24132, 25066, 25110, 25959, 26302, 26468, 28223, 28419, 28453, 28645, 28978, 29204, 29525, 30406, 30870, 32090, 32215]
Iter#22857 New set #8 of size 64 (2857.1 its/hit = 11.000s/hit): seed=11802981650570080930 [0, 142, 277, 285, 553, 2093, 2227, 2479, 2764, 2903, 3025, 3572, 3735, 4204, 4375, 4448, 4895, 5110, 5895, 8007, 8449, 8619, 9052, 9369, 9449, 9736, 10303, 10574, 10816, 12780, 13203, 13450, 14674, 14844, 15827, 16178, 16935, 17473, 17535, 19138, 19435, 20811, 20980, 21113, 21348, 22709, 22922, 22952, 24997, 25096, 25211, 25491, 26698, 26944, 27089, 27156, 28594, 28830, 29693, 29893, 30630, 30687, 30939, 31289]
Iter#29571 New set #9 of size 64 (3285.7 its/hit = 12.667s/hit): seed=11369507357439641641 [0, 277, 762, 1262, 2170, 2733, 2791, 3159, 3433, 4326, 4494, 5140, 5447, 5591, 5947, 7060, 7325, 7378, 7567, 7881, 8395, 9299, 9658, 9889, 9894, 9968, 10768, 11215, 11548, 12713, 13019, 13674, 13888, 14970, 15145, 15960, 16896, 17156, 20132, 21373, 21393, 21557, 21880, 23139, 23247, 23452, 24204, 24568, 25603, 25776, 26107, 26155, 27248, 27819, 28417, 29074, 29646, 29857, 29923, 30194, 30321, 31032, 31194, 32643]
Iter#29593 New set #10 of size 64 (2959.3 its/hit = 11.400s/hit): seed=17323921582549259967 [0, 27, 582, 1376, 1426, 1675, 2422, 2583, 3077, 4953, 4954, 5088, 5458, 5657, 5760, 5764, 5869, 6065, 6581, 8142, 8261, 8338, 9714, 9963, 12062, 13170, 13296, 13842, 14458, 15031, 15157, 16243, 16471, 17061, 17602, 17662, 17734, 17915, 19134, 19692, 20014, 20233, 20469, 21316, 22564, 23356, 23483, 24031, 24751, 26595, 27007, 27419, 27474, 27788, 28565, 29139, 29289, 29790, 30381, 30648, 30853, 31137, 31339, 31766]
Iter#51195 New set #20 of size 64 (2559.8 its/hit = 9.950s/hit): seed=8979023725775129984 [0, 111, 1291, 1592, 2942, 2962, 3823, 4587, 5020, 5580, 6203, 6384, 8703, 8826, 8926, 9226, 9653, 10667, 11574, 13434, 13436, 13962, 14148, 14357, 15077, 15541, 16047, 16244, 17109, 17130, 17158, 17279, 17594, 17973, 18216, 19348, 19355, 19532, 19978, 21676, 21883, 22746, 23357, 24503, 24780, 25048, 25734, 25917, 26737, 27539, 28099, 29602, 29723, 30443, 30836, 31203, 31232, 31364, 31702, 32059, 32162, 32657, 32668, 32674]
Iter#68757 New set #1 of size 71 (68757.0 its/hit = 267.000s/hit): seed=15016100037374695078 [0, 663, 1186, 2461, 2637, 4151, 4626, 6022, 6089, 7048, 7528, 7610, 8095, 8344, 9359, 9724, 9961, 10221, 10607, 11068, 11254, 11380, 12016, 12219, 13777, 13876, 14064, 14118, 14966, 15908, 16065, 16791, 17014, 17207, 18549, 18881, 18911, 19246, 19648, 19709, 19978, 20397, 20727, 21648, 21728, 22506, 23234, 23565, 24446, 24858, 25668, 26291, 26724, 26921, 27613, 27623, 28403, 28656, 28852, 29107, 29272, 29329, 30158, 30421, 31205, 31297, 32057, 32182, 32389, 32540, 32555]
Iter#223406 New set #2 of size 71 (111703.0 its/hit = 436.000s/hit): seed=8501510871161619502 [0, 32, 473, 964, 1434, 3121, 3145, 3490, 3603, 3635, 3753, 3838, 4400, 4500, 5660, 6571, 6923, 7156, 8328, 8415, 8638, 9010, 10561, 10983, 11128, 11194, 11577, 11708, 12590, 12642, 12911, 13296, 13603, 14288, 14555, 16167, 17363, 17412, 17644, 17794, 18473, 19055, 19076, 19155, 20576, 21516, 22100, 22200, 22654, 23984, 25765, 25810, 25842, 25965, 26906, 27329, 27361, 27982, 28406, 28783, 28944, 29485, 29495, 30370, 30816, 31331, 31339, 31377, 31866, 32229, 32479]
Iter#461665 New set #3 of size 71 (153888.3 its/hit = 602.333s/hit): seed=11562353043001098313 [0, 304, 362, 477, 636, 2363, 2716, 2785, 3106, 3347, 3814, 3975, 5085, 6516, 7287, 7530, 8782, 9277, 9666, 9999, 10335, 11472, 11513, 12044, 12120, 12451, 12996, 14711, 14767, 14848, 14959, 15642, 15667, 15825, 15892, 16529, 16804, 17463, 17629, 20875, 20921, 21483, 21791, 22163, 22322, 23005, 23164, 23248, 23909, 23998, 24139, 25398, 25606, 26556, 27604, 27634, 27645, 28918, 28970, 29008, 29945, 30159, 30249, 30552, 31262, 31287, 31488, 31828, 32011, 32530, 32673]
Iter#500043 New set #4 of size 71 (125010.8 its/hit = 489.250s/hit): seed=3541603677319275725 [0, 434, 543, 600, 618, 1230, 1251, 2350, 2370, 3352, 3591, 4477, 4716, 5976, 6016, 6869, 7296, 7336, 7356, 7447, 7750, 7818, 7847, 8052, 8874, 9180, 9414, 9444, 9490, 10381, 10651, 10919, 11031, 11228, 11277, 11625, 12108, 14441, 16258, 16318, 16478, 17483, 18368, 18428, 19407, 20346, 20459, 20836, 20839, 21045, 23247, 24271, 25572, 25794, 25811, 25854, 26543, 27110, 27439, 27467, 27701, 28502, 28623, 28630, 28948, 29182, 30354, 31292, 31626, 32407, 32442]
Iter#630196 New set #5 of size 71 (126039.2 its/hit = 492.600s/hit): seed=3009984702423645487 [0, 273, 688, 1167, 2273, 3111, 3286, 5057, 5078, 5461, 5495, 5732, 5874, 5907, 6011, 6449, 6736, 7038, 7499, 7888, 8798, 8974, 9507, 10101, 11556, 12691, 13291, 13469, 13618, 13708, 13856, 13907, 14143, 14563, 14759, 14888, 14890, 15023, 15991, 16090, 16552, 16704, 16977, 17210, 18840, 19193, 19430, 19432, 19565, 19844, 20736, 21336, 21768, 22141, 23968, 25051, 25889, 25965, 26011, 26145, 26362, 26447, 26562, 27325, 27554, 28056, 28161, 28476, 31872, 32356, 32629]
Iter#763010 New set #6 of size 71 (127168.3 its/hit = 496.500s/hit): seed=13492250509104529227 [0, 642, 1108, 1312, 1701, 1876, 2737, 3559, 4559, 5125, 5309, 5476, 5554, 6357, 6884, 7792, 8345, 9629, 9651, 9673, 10281, 10658, 10760, 10803, 14032, 14540, 14667, 14717, 15196, 15229, 15685, 16177, 16592, 17060, 17814, 18398, 18671, 18914, 18966, 19213, 19270, 19409, 20115, 20458, 21744, 21945, 22327, 22463, 22478, 23624, 24030, 24300, 25108, 25236, 25717, 25777, 26080, 26334, 27020, 27060, 27176, 27541, 28111, 28523, 30017, 30821, 30901, 30944, 31231, 31425, 31844]
Iter#1010814 New set #7 of size 71 (144402.0 its/hit = 563.714s/hit): seed=5088535640456180742 [0, 940, 1131, 1289, 1959, 2025, 2166, 3713, 3946, 4185, 4364, 4937, 5350, 5688, 5719, 6335, 6623, 6652, 6670, 7355, 7915, 8148, 8639, 9411, 9464, 10230, 10364, 10461, 10838, 11080, 11103, 12931, 13157, 13439, 13714, 13742, 14248, 14608, 14755, 15538, 16498, 16744, 16750, 16958, 18297, 18329, 18853, 19925, 19959, 20993, 21383, 21833, 22219, 23479, 25755, 26025, 26661, 27016, 27709, 29358, 29360, 29845, 30106, 30244, 30403, 30924, 31231, 31357, 31882, 32073, 32570]
Iter#1337474 New set #8 of size 71 (167184.2 its/hit = 653.125s/hit): seed=13786349947559882526 [0, 661, 1074, 1388, 1651, 1665, 1941, 1994, 2346, 2440, 3457, 3734, 3786, 4479, 4757, 4888, 5098, 5364, 6553, 6561, 6837, 7650, 8108, 8324, 8455, 8699, 9091, 9528, 10002, 10258, 10887, 10972, 11617, 12047, 13024, 14332, 14701, 15352, 16035, 16536, 17264, 18070, 18484, 18747, 18804, 18822, 19678, 19685, 20517, 20826, 22046, 22280, 22352, 22784, 23128, 23583, 23789, 23835, 24556, 25140, 25419, 26085, 26942, 27382, 27629, 28136, 28820, 29294, 30602, 30749, 32486]
Iter#1495495 New set #9 of size 71 (166166.1 its/hit = 649.444s/hit): seed=14972392407115432973 [0, 278, 996, 1015, 1312, 2296, 2484, 2627, 3262, 3288, 4276, 4623, 5410, 5737, 6057, 6346, 7073, 7297, 7482, 8391, 9227, 9584, 9820, 9907, 10800, 10829, 11469, 11813, 12401, 12581, 13355, 13927, 14270, 15210, 15756, 16965, 17323, 17516, 17710, 18244, 18704, 19161, 19215, 19492, 19593, 19960, 20870, 20946, 22245, 22918, 23754, 25925, 26147, 26622, 27306, 27572, 27735, 28022, 28131, 28150, 29148, 29314, 29409, 29772, 30651, 31558, 32009, 32118, 32248, 32271, 32690]
Iter#1547144 New set #10 of size 71 (154714.4 its/hit = 604.800s/hit): seed=2224502167510730394 [0, 2782, 2846, 3412, 3425, 3467, 3499, 3911, 4941, 5182, 5259, 5319, 5508, 6817, 6893, 7040, 7766, 8273, 9165, 9484, 9865, 9925, 10403, 10472, 10479, 10588, 10783, 10827, 10982, 11829, 12150, 12236, 12286, 12747, 13912, 13952, 14129, 14653, 16012, 17571, 17677, 17855, 17947, 18264, 19475, 20059, 20270, 21450, 22525, 22652, 22661, 23649, 24047, 25539, 25673, 26205, 26276, 26340, 26871, 27844, 28645, 28732, 29083, 29365, 30050, 30756, 31312, 31977, 32170, 32218, 32680]
