[*] Computing DDT
[+] DDT Computed
DDT took 23.378892334s
Iter#1 New set #1 of size 46 (1.0 its/hit = 0.000s/hit): seed=6562325362097663722 [0, 146, 1232, 3599, 7036, 8518, 8788, 9368, 9386, 9622, 10190, 10552, 10895, 12224, 12287, 12702, 12705, 12729, 14630, 16302, 16835, 17301, 17468, 18251, 18717, 19611, 19627, 19792, 20833, 21180, 21263, 21372, 21463, 22947, 23809, 24363, 25110, 25294, 26414, 27226, 27699, 27865, 29067, 30703, 31224, 31950]
Iter#4 New set #1 of size 48 (4.0 its/hit = 0.000s/hit): seed=17581643081419901826 [0, 898, 1263, 2553, 4101, 4204, 4975, 5646, 6308, 7052, 7223, 7846, 8165, 8926, 9037, 10384, 10774, 11512, 12540, 12590, 13793, 13937, 14422, 14797, 16103, 16303, 16741, 17534, 18075, 18301, 18538, 22448, 22928, 23810, 23924, 24562, 25438, 26865, 27228, 27648, 28721, 29276, 29846, 30291, 30961, 32004, 32330, 32619]
Iter#39 New set #2 of size 48 (19.5 its/hit = 0.000s/hit): seed=13776625072112510717 [0, 684, 741, 888, 1602, 2454, 2511, 2569, 2874, 3434, 4430, 4442, 5171, 5458, 6541, 6812, 6895, 7332, 7587, 8017, 11220, 12251, 13239, 13646, 13796, 13833, 15419, 15643, 16365, 16904, 17294, 17504, 17690, 18358, 18491, 18713, 19596, 20000, 22205, 23197, 24790, 27472, 27646, 28398, 29470, 29480, 30015, 31222]
Iter#67 New set #3 of size 48 (22.3 its/hit = 0.000s/hit): seed=778635953774899791 [0, 2012, 2588, 4320, 4824, 5180, 5711, 7524, 8309, 8409, 8943, 9538, 9706, 10693, 10942, 11354, 11613, 12815, 13111, 13574, 14512, 16433, 16455, 17892, 18195, 18914, 19312, 19584, 21038, 21706, 22359, 23648, 24490, 25111, 25317, 26984, 27090, 27208, 27820, 28271, 28563, 29421, 30007, 30197, 30578, 31581, 32399, 32450]
Iter#77 New set #4 of size 48 (19.2 its/hit = 0.000s/hit): seed=1731594526584451331 [0, 342, 430, 1227, 1437, 1671, 2853, 5096, 6236, 6342, 7174, 7514, 8108, 8845, 9179, 9798, 9824, 9949, 10000, 10374, 11546, 12194, 13249, 13936, 15770, 17114, 18043, 18614, 18725, 19296, 21546, 21776, 22372, 22832, 23837, 23853, 24153, 25935, 27769, 28266, 29240, 29264, 30309, 30506, 30858, 31231, 31592, 32281]
Iter#80 New set #1 of size 51 (80.0 its/hit = 0.000s/hit): seed=4198906758959865408 [0, 754, 859, 1019, 1925, 3562, 3728, 3775, 5314, 5680, 5883, 6500, 9162, 10164, 10501, 13955, 15054, 16113, 17475, 18111, 18446, 18707, 18717, 19166, 19808, 20048, 23070, 23133, 23194, 24160, 24208, 24297, 24670, 25168, 25260, 25645, 26146, 27873, 28296, 28722, 28887, 29292, 29655, 29852, 30318, 30434, 30628, 31100, 31279, 31871, 32337]
Iter#254 New set #1 of size 57 (254.0 its/hit = 1.000s/hit): seed=5534566054510383206 [0, 9, 412, 449, 683, 1522, 2192, 2448, 2653, 3694, 5001, 6330, 6644, 7069, 7760, 8029, 8568, 8876, 11240, 11426, 11966, 12222, 12473, 13147, 13654, 15107, 15747, 16323, 17952, 18477, 19034, 19550, 21225, 21382, 21930, 22129, 22934, 23096, 23138, 23259, 23894, 24102, 24358, 24469, 24828, 25019, 26099, 27421, 28908, 29332, 29979, 30375, 30728, 30984, 31999, 32059, 32200]
Iter#1186 New set #2 of size 57 (593.0 its/hit = 2.500s/hit): seed=9033795945379507285 [0, 56, 206, 1113, 2076, 2526, 3458, 4633, 5649, 6532, 7064, 7439, 10441, 11358, 11626, 12050, 12521, 13221, 13786, 14233, 14359, 14627, 14967, 15571, 16346, 17398, 17847, 18669, 19072, 19212, 19573, 19578, 21252, 21371, 22664, 23132, 24176, 24595, 24631, 24810, 25130, 25621, 25725, 25889, 26111, 26291, 26334, 28494, 28764, 29032, 29351, 30266, 31048, 31236, 31728, 31946, 32602]
Iter#1897 New set #3 of size 57 (632.3 its/hit = 3.000s/hit): seed=18186535228791522477 [0, 1625, 1863, 2557, 2607, 2871, 3989, 5324, 6249, 6949, 7049, 8142, 9146, 9964, 10561, 11459, 12073, 12499, 12516, 12520, 12790, 13460, 14056, 14593, 16646, 18495, 19197, 19368, 19388, 20080, 20273, 20814, 20943, 21640, 23072, 23167, 23393, 23817, 24237, 24358, 24556, 24754, 25283, 26733, 27854, 28112, 28731, 29194, 29676, 29820, 30380, 30626, 30884, 31045, 31709, 32141, 32181]
Iter#3081 New set #4 of size 57 (770.2 its/hit = 3.500s/hit): seed=12460598047080442060 [0, 40, 210, 226, 623, 2487, 3517, 3660, 3724, 5355, 5396, 6057, 7540, 7636, 8785, 8830, 10075, 10123, 10519, 10563, 10866, 12764, 13318, 16200, 16658, 17705, 18085, 18933, 19065, 22447, 22903, 23011, 23110, 23588, 25035, 25171, 25486, 25572, 26863, 27075, 27259, 27518, 27802, 27957, 28418, 28785, 28916, 29160, 29284, 29673, 30503, 31586, 31749, 32032, 32052, 32137, 32440]
Iter#3209 New set #5 of size 57 (641.8 its/hit = 3.000s/hit): seed=5198609812723936659 [0, 166, 1460, 1790, 2032, 2065, 2150, 2291, 3553, 3598, 3602, 4480, 4889, 4923, 5431, 6472, 8210, 8602, 8617, 8632, 9327, 10315, 11666, 14122, 14246, 14836, 15060, 16187, 16444, 17092, 17587, 19559, 20124, 21096, 22360, 22394, 23001, 23101, 24216, 24367, 24427, 24656, 25354, 25504, 26075, 26105, 26146, 26344, 26689, 28073, 28963, 29926, 30187, 30388, 30743, 30913, 32526]
Iter#3764 New set #6 of size 57 (627.3 its/hit = 2.833s/hit): seed=14438942136401463050 [0, 8, 208, 234, 334, 548, 1047, 1458, 2894, 2932, 3142, 4244, 4355, 4697, 4988, 5116, 5356, 6384, 6882, 7949, 8568, 9820, 10832, 11315, 12236, 12513, 13458, 15029, 15037, 15496, 15870, 16314, 17402, 17916, 18412, 19228, 19652, 20165, 20320, 20998, 21130, 21168, 21199, 22304, 22667, 22804, 22822, 22830, 23745, 25491, 25499, 25993, 26014, 26498, 30636, 31067, 32086]
Iter#3915 New set #7 of size 57 (559.3 its/hit = 2.571s/hit): seed=354289093202245431 [0, 58, 192, 683, 1138, 1419, 1774, 1792, 2265, 3008, 3724, 4502, 5249, 5647, 6476, 6863, 6925, 7809, 8505, 8869, 9349, 9863, 10909, 11379, 12162, 12719, 13204, 13940, 14774, 14862, 15182, 16015, 17424, 17437, 17680, 18204, 18411, 18797, 20247, 20355, 20422, 21617, 22296, 22842, 23656, 24362, 25584, 25886, 27102, 27911, 28100, 28185, 29713, 30189, 30929, 31028, 32297]
Iter#4924 New set #8 of size 57 (615.5 its/hit = 2.875s/hit): seed=13344766025007496704 [0, 85, 1221, 1255, 1813, 1904, 2208, 2363, 2853, 3283, 3988, 3991, 4807, 4915, 6513, 7544, 10355, 10877, 11723, 12089, 13391, 13893, 14522, 14601, 14754, 15355, 15636, 16265, 16549, 16684, 17431, 17462, 17485, 17569, 17640, 19413, 19861, 20327, 20418, 21871, 22871, 23332, 23461, 23968, 24246, 25882, 28596, 29741, 29832, 30390, 30685, 30715, 31805, 32231, 32357, 32519, 32674]
Iter#5022 New set #9 of size 57 (558.0 its/hit = 2.556s/hit): seed=16226857579553780632 [0, 286, 1281, 1709, 3356, 4324, 6393, 6911, 8295, 8509, 8563, 9464, 9854, 9900, 10362, 11799, 11964, 12313, 13698, 14233, 14622, 14879, 15154, 15247, 15668, 15775, 15825, 16142, 16331, 16500, 18137, 19012, 19210, 19268, 20901, 20977, 22129, 22440, 22502, 22966, 23335, 23543, 23671, 23863, 24486, 27752, 27843, 27940, 27983, 28443, 29736, 30332, 30405, 31558, 32235, 32587, 32736]
Iter#5471 New set #10 of size 57 (547.1 its/hit = 2.600s/hit): seed=16551257756262365982 [0, 11, 12, 86, 510, 1483, 2317, 2801, 2856, 3206, 3856, 4003, 4106, 4280, 4412, 4560, 4819, 4959, 5403, 5720, 6333, 6412, 6422, 6479, 6729, 8128, 8593, 11677, 13313, 14467, 15072, 15387, 18740, 18920, 19776, 20259, 22706, 23672, 24692, 25855, 25869, 26268, 28153, 28174, 28196, 29039, 29743, 29767, 29950, 30073, 31119, 31822, 32004, 32188, 32248, 32438, 32500]
Iter#9206 New set #1 of size 64 (9206.0 its/hit = 43.000s/hit): seed=11481789641044502322 [0, 1814, 3738, 4631, 4730, 5149, 5439, 5519, 6198, 6995, 7262, 7370, 8275, 8559, 8626, 8671, 9260, 9507, 9938, 10323, 11217, 11663, 11810, 12494, 13762, 14919, 15307, 15518, 16598, 16966, 17450, 19110, 19883, 20515, 20549, 20627, 22107, 22985, 23972, 24009, 24787, 24927, 25249, 25497, 25715, 25795, 28161, 28268, 28401, 28714, 28812, 29616, 30079, 30348, 30503, 30596, 31039, 31362, 31431, 31563, 32195, 32512, 32625, 32736]
Iter#9630 New set #2 of size 64 (4815.0 its/hit = 22.500s/hit): seed=11075340714819504018 [0, 507, 825, 1021, 1098, 1419, 2248, 2847, 2994, 3215, 3564, 3791, 3797, 4298, 4796, 6942, 7121, 7169, 7492, 7543, 8930, 9128, 11236, 11382, 12006, 12683, 13556, 14520, 14665, 14776, 15444, 15925, 17130, 17492, 18285, 18618, 18872, 18921, 19073, 19136, 19372, 19815, 19972, 20869, 21154, 21258, 23464, 23898, 24682, 24959, 25405, 25601, 26173, 28073, 28119, 28799, 29027, 29732, 29870, 30401, 31279, 31741, 31889, 32023]
Iter#20662 New set #3 of size 64 (6887.3 its/hit = 32.667s/hit): seed=13144978104876285130 [0, 484, 624, 1956, 1976, 2251, 2908, 3120, 3728, 4317, 4619, 4938, 5708, 5718, 6556, 6846, 7323, 8138, 9634, 10284, 10358, 11072, 11098, 13622, 15027, 15114, 15708, 16251, 16672, 17589, 17803, 18417, 18866, 18868, 18981, 19007, 19571, 20110, 20461, 20900, 21043, 21059, 22206, 22248, 22335, 22574, 22660, 22854, 23317, 24045, 25527, 26029, 26803, 27018, 27163, 28259, 28389, 29414, 30505, 30510, 30515, 30903, 30906, 31531]
Iter#23039 New set #4 of size 64 (5759.8 its/hit = 27.500s/hit): seed=1045078751436958137 [0, 470, 881, 1195, 2164, 3337, 3946, 5023, 5285, 6615, 7451, 7469, 7786, 8162, 8686, 9188, 9555, 9667, 9906, 10122, 10192, 10433, 10683, 11540, 12079, 12811, 12833, 13720, 14198, 14292, 14552, 15273, 15431, 16084, 16148, 16285, 16416, 16492, 16598, 16709, 17777, 18136, 18306, 18856, 19109, 21252, 21738, 22123, 22792, 23868, 25156, 25235, 25256, 25579, 26276, 26361, 28122, 28398, 28460, 29177, 29717, 30723, 31934, 32712]
Iter#23966 New set #5 of size 64 (4793.2 its/hit = 23.000s/hit): seed=11350021032419007905 [0, 71, 174, 486, 785, 842, 900, 971, 1546, 1570, 1852, 1885, 2643, 3066, 3227, 3676, 3787, 3863, 3971, 8142, 9349, 9540, 11136, 12324, 13446, 13621, 13698, 13887, 13982, 14090, 14199, 14426, 14536, 14610, 15318, 15437, 15868, 15952, 16228, 16374, 17494, 18485, 18507, 18649, 19090, 19490, 20243, 20341, 20455, 21114, 21452, 22412, 22856, 23470, 23972, 24341, 24691, 25588, 26110, 26759, 27932, 29477, 29784, 30514]
Iter#29747 New set #6 of size 64 (4957.8 its/hit = 23.833s/hit): seed=12632854446124666891 [0, 23, 501, 502, 966, 1123, 1254, 1598, 2236, 3215, 3393, 3728, 3907, 3945, 4149, 4378, 5782, 6336, 6473, 6682, 6704, 7308, 8246, 8693, 9088, 9381, 9632, 11004, 11266, 11533, 12673, 12840, 13321, 14134, 15751, 15763, 16464, 16571, 16829, 16893, 17709, 18915, 21505, 21871, 21990, 22363, 22667, 24103, 24186, 24407, 24952, 25796, 25838, 26431, 27064, 27241, 28050, 28255, 28946, 29085, 29111, 30818, 31428, 32216]
Iter#31005 New set #7 of size 64 (4429.3 its/hit = 21.429s/hit): seed=2708272830226361670 [0, 170, 259, 377, 569, 850, 1373, 2167, 2382, 2593, 2946, 3148, 3257, 3669, 4324, 4652, 4938, 6483, 6713, 8087, 8716, 9152, 9730, 9783, 10338, 10788, 12100, 12243, 13542, 13666, 13871, 14108, 14121, 14288, 15257, 16220, 17007, 17569, 18955, 19853, 20016, 20215, 20670, 22467, 22799, 22934, 23658, 23970, 24688, 24751, 25223, 25266, 25675, 27065, 27321, 28634, 29172, 29593, 29612, 31468, 31582, 32001, 32011, 32673]
Iter#32358 New set #8 of size 64 (4044.8 its/hit = 19.500s/hit): seed=10770668014241119568 [0, 748, 1373, 1969, 2242, 3185, 3225, 3366, 4929, 5595, 5610, 7321, 7378, 7524, 8554, 8613, 10143, 10241, 10249, 10748, 10890, 11440, 12531, 13934, 14361, 14842, 15250, 16161, 16748, 17059, 17847, 17870, 18313, 19886, 20408, 20457, 20735, 20983, 21209, 21424, 21764, 22213, 22844, 22935, 23085, 23504, 23649, 24042, 24205, 24419, 24728, 24799, 26752, 27699, 28171, 28341, 28488, 28496, 29879, 30243, 30705, 31331, 32504, 32511]
Iter#33061 New set #9 of size 64 (3673.4 its/hit = 17.778s/hit): seed=7017732513477370786 [0, 1769, 1846, 2093, 2967, 3782, 3993, 4428, 5053, 5097, 5213, 6265, 6299, 7562, 7703, 8138, 8451, 8493, 8653, 9663, 9933, 10422, 10819, 11753, 12277, 14632, 14850, 15256, 16415, 16596, 16826, 18046, 18272, 18359, 19515, 19965, 19996, 21262, 21639, 21781, 22774, 23312, 23716, 24342, 24693, 25049, 27238, 27403, 27618, 28038, 28645, 29605, 29736, 30095, 30293, 30388, 30816, 31147, 31346, 31554, 31775, 32081, 32611, 32703]
Iter#37769 New set #10 of size 64 (3776.9 its/hit = 18.300s/hit): seed=14934178988966132625 [0, 1572, 1793, 2332, 2618, 3632, 4603, 5009, 6097, 6146, 6260, 6356, 6832, 6917, 7316, 8114, 8239, 9142, 9202, 9255, 10452, 11330, 11452, 11933, 12939, 14121, 14925, 16045, 16494, 17037, 17171, 17597, 17994, 18125, 18353, 18888, 18898, 19355, 19466, 19848, 21003, 21781, 22251, 22662, 23262, 23351, 23802, 24481, 26798, 26866, 27054, 27604, 27617, 28535, 28722, 29480, 29499, 29881, 29906, 30388, 31498, 31707, 32122, 32348]
Iter#57193 New set #20 of size 64 (2859.6 its/hit = 13.900s/hit): seed=13850441110586883473 [0, 178, 272, 644, 2223, 4250, 4826, 5143, 5191, 5463, 5718, 5819, 5910, 5911, 6040, 6376, 6695, 6739, 7498, 7532, 7808, 7856, 8340, 8924, 9164, 9684, 10634, 11123, 11721, 12337, 13165, 13512, 13979, 14116, 14219, 14380, 15465, 15603, 15961, 16159, 17447, 18152, 18371, 18840, 19287, 20496, 21275, 21596, 23583, 24507, 24991, 26740, 27188, 27256, 27853, 28089, 28665, 29985, 30889, 31209, 31269, 31464, 31518, 31656]
Iter#84263 New set #30 of size 64 (2808.8 its/hit = 13.667s/hit): seed=6579750955252460903 [0, 700, 955, 1233, 1251, 1519, 1601, 2036, 2528, 2597, 2960, 3535, 3629, 4255, 6927, 7780, 8806, 9171, 9189, 9816, 11544, 11778, 12215, 12862, 13181, 14292, 14572, 14763, 14869, 15420, 15811, 16307, 17372, 17617, 18017, 20773, 21051, 21331, 22350, 22758, 23190, 23852, 23930, 24421, 24857, 24936, 25177, 25360, 25935, 26007, 26315, 27196, 27273, 27350, 27561, 27747, 27845, 28180, 28341, 28384, 28439, 29062, 30637, 31254]
Iter#113308 New set #40 of size 64 (2832.7 its/hit = 13.800s/hit): seed=9558169347675748194 [0, 198, 1064, 1884, 1988, 2107, 2766, 3814, 3897, 4688, 4929, 4973, 5659, 6103, 8288, 8537, 8859, 9066, 9320, 9526, 9585, 9832, 9861, 11159, 11291, 11413, 11679, 11792, 11981, 12169, 12223, 12615, 14410, 16294, 16326, 16358, 16406, 16492, 16868, 17416, 18024, 18138, 18555, 18714, 19716, 20920, 21049, 21163, 21567, 21597, 21941, 22885, 23562, 23615, 24777, 25011, 25833, 26305, 26751, 27454, 27815, 27958, 28152, 30870]
Iter#157561 New set #50 of size 64 (3151.2 its/hit = 15.360s/hit): seed=18023441103686727506 [0, 537, 894, 931, 1188, 2119, 2735, 2898, 2927, 3567, 4938, 5356, 5857, 6137, 6899, 7014, 7517, 7696, 8225, 8975, 10433, 11043, 11340, 11377, 12730, 13115, 13840, 13870, 14087, 14577, 14688, 15127, 15682, 15927, 15948, 16330, 16593, 16628, 16926, 17247, 17250, 18437, 18449, 19331, 19483, 19655, 19942, 20434, 20588, 21369, 21439, 21942, 23879, 24094, 24973, 25442, 25665, 25724, 28716, 30061, 30401, 30851, 31102, 32147]
Iter#195151 New set #60 of size 64 (3252.5 its/hit = 15.850s/hit): seed=17554908302935169423 [0, 196, 1400, 1528, 3022, 3690, 3698, 4060, 4102, 5075, 5299, 5774, 7123, 7800, 8696, 9641, 9936, 10508, 12457, 12654, 13186, 14744, 16276, 16329, 18244, 18497, 18826, 20227, 20644, 20847, 20916, 21715, 21781, 21966, 22170, 22892, 22937, 22967, 23141, 23408, 23685, 23830, 24013, 24079, 24243, 24537, 24721, 25111, 25246, 25429, 26082, 26389, 26632, 28669, 28990, 30069, 30351, 30655, 30819, 31253, 31355, 31664, 32377, 32509]
Iter#221561 New set #1 of size 71 (221561.0 its/hit = 1079.000s/hit): seed=13262739232970696927 [0, 852, 1031, 1663, 1993, 2679, 3195, 3501, 3688, 4573, 4774, 4872, 6278, 6928, 7111, 7145, 7403, 7642, 9529, 9889, 10084, 10150, 10572, 10970, 13062, 13396, 13777, 14178, 15994, 16128, 16219, 16709, 17036, 17191, 17967, 18029, 18481, 18764, 19768, 20121, 20142, 20464, 21232, 21466, 21493, 21700, 22060, 22330, 22466, 23376, 23509, 23609, 24203, 24770, 25482, 26091, 26103, 26866, 27144, 27336, 28212, 28486, 28749, 28790, 29777, 30576, 30762, 31986, 32040, 32332, 32612]
Iter#402647 New set #2 of size 71 (201323.5 its/hit = 978.500s/hit): seed=291196784724399745 [0, 335, 368, 758, 1359, 1772, 1977, 2633, 2875, 3165, 3495, 3781, 5008, 5359, 5840, 6164, 6285, 6318, 6455, 6645, 7785, 8033, 8404, 8595, 10056, 10472, 11457, 11733, 13279, 14417, 14571, 14627, 15015, 15049, 15633, 15646, 15724, 16333, 16360, 16774, 17136, 17816, 18176, 18979, 19455, 20162, 20323, 21117, 21191, 21446, 22112, 22134, 22276, 22596, 22600, 23366, 24187, 24922, 25058, 25494, 25710, 25762, 25884, 29076, 29240, 29314, 29452, 29942, 30470, 30872, 32632]
Iter#589807 New set #3 of size 71 (196602.3 its/hit = 956.333s/hit): seed=5887267559546026632 [0, 753, 893, 1039, 1355, 1560, 2249, 2551, 2730, 4272, 4420, 4750, 4829, 4991, 5684, 5788, 6080, 6289, 6977, 7430, 7552, 8717, 9319, 12152, 12165, 12243, 12358, 12590, 12817, 14455, 14559, 14627, 15002, 15005, 15911, 16592, 16642, 17232, 17311, 17400, 17514, 18052, 18818, 19575, 19657, 19770, 19894, 20419, 20480, 20900, 23293, 24321, 24502, 24962, 25249, 25963, 26819, 27027, 27057, 27769, 27923, 28091, 29102, 30011, 30023, 30322, 30798, 31253, 31713, 31889, 32101]
Iter#671801 New set #4 of size 71 (167950.2 its/hit = 817.000s/hit): seed=14828488967098853470 [0, 1809, 2095, 2395, 2462, 2891, 2908, 3271, 3707, 4737, 4827, 4891, 5469, 6371, 6539, 6790, 6801, 7344, 8329, 8870, 8890, 9141, 9688, 9923, 10433, 10454, 10507, 10752, 12163, 12875, 14035, 14604, 14619, 15156, 15495, 16590, 16605, 17138, 17264, 19392, 19404, 19833, 20589, 21375, 22102, 22243, 22275, 22376, 22863, 23006, 23392, 23608, 24162, 24886, 25407, 26254, 26275, 26489, 26502, 26858, 26950, 28263, 29252, 29794, 30150, 30366, 30638, 30712, 31062, 31557, 31912]
Iter#827561 New set #5 of size 71 (165512.2 its/hit = 805.200s/hit): seed=10705890555677949058 [0, 10, 290, 402, 775, 1110, 1399, 3405, 3479, 3716, 5045, 5552, 5729, 6311, 6904, 7586, 10264, 10560, 11167, 12088, 12348, 12677, 12832, 13240, 13801, 13932, 14292, 14698, 15234, 15820, 15944, 17461, 17686, 18350, 18787, 19041, 19639, 19836, 19870, 20633, 21340, 22078, 22934, 23398, 23570, 24180, 24556, 25149, 25377, 26003, 26062, 26186, 26241, 26686, 26990, 27404, 27578, 27742, 27834, 28073, 28102, 28736, 29170, 29647, 30110, 30604, 30627, 31193, 31258, 31378, 32033]
Iter#943085 New set #6 of size 71 (157180.8 its/hit = 764.500s/hit): seed=4063089673730886273 [0, 688, 937, 1288, 1475, 1567, 1991, 2726, 4298, 4437, 4591, 4922, 6175, 6178, 7199, 8122, 8393, 8447, 8660, 8925, 8998, 9083, 9762, 10338, 10920, 11701, 12319, 12948, 13280, 13590, 14155, 14308, 14450, 15656, 15940, 16269, 16493, 16522, 16778, 17272, 17575, 18601, 18693, 18929, 19765, 20455, 21832, 21948, 22458, 22530, 23623, 25002, 25232, 25504, 25826, 26588, 26789, 26971, 27048, 27055, 27866, 28067, 28554, 28738, 29974, 29989, 30178, 30259, 30306, 31231, 31469]
Iter#1955116 New set #7 of size 71 (279302.3 its/hit = 1355.571s/hit): seed=795939052900869015 [0, 976, 1829, 2941, 3313, 3400, 3516, 3831, 3960, 4293, 4956, 6375, 7038, 7245, 7363, 8178, 9801, 10600, 10887, 12816, 12940, 13227, 13944, 14435, 14660, 15673, 15909, 16300, 16628, 16824, 16849, 19084, 19382, 19856, 20437, 21324, 21591, 21811, 21909, 21971, 21984, 22576, 22620, 22678, 23035, 23313, 23560, 24330, 24739, 24849, 24964, 25079, 25105, 25198, 25965, 26212, 26447, 26601, 26608, 27093, 27123, 27212, 27370, 27499, 29199, 29847, 30966, 31561, 32242, 32295, 32714]
Iter#2001857 New set #8 of size 71 (250232.1 its/hit = 1214.000s/hit): seed=18352345473284807380 [0, 140, 620, 815, 891, 1012, 1126, 1741, 1872, 2764, 3014, 3260, 4691, 5438, 5724, 5878, 6530, 7017, 7644, 8002, 9264, 9592, 9788, 9961, 10324, 10457, 10692, 11391, 11722, 11874, 12051, 12251, 12358, 12766, 12799, 12959, 13421, 13732, 14780, 15205, 15302, 15610, 16358, 17366, 19851, 20587, 20976, 21780, 21897, 21923, 21932, 23570, 23946, 24099, 24144, 24673, 25048, 25346, 25958, 26064, 26336, 27248, 28216, 28574, 28576, 29468, 29625, 30465, 30777, 32325, 32764]
Iter#2322896 New set #9 of size 71 (258099.6 its/hit = 1249.222s/hit): seed=16122064862215952697 [0, 101, 681, 794, 1006, 2414, 2437, 2727, 2860, 3543, 3607, 3688, 4122, 4512, 4579, 4817, 4850, 4963, 5324, 5457, 5473, 5987, 6113, 6179, 6600, 7903, 9264, 9773, 10201, 10503, 10584, 10933, 11180, 11855, 12581, 12951, 13583, 14938, 16133, 16268, 16687, 17286, 17880, 18602, 18947, 18986, 19224, 19496, 20136, 20413, 20435, 20616, 20735, 20958, 21306, 21395, 21725, 22183, 22933, 23555, 24289, 25424, 25443, 26068, 28532, 30666, 30778, 32129, 32331, 32551, 32557]
Iter#2559933 New set #10 of size 71 (255993.3 its/hit = 1237.200s/hit): seed=17067450460980280139 [0, 155, 1099, 1627, 1708, 2048, 2441, 3147, 3160, 3316, 3446, 3821, 3850, 4295, 4439, 4517, 5924, 6600, 8489, 10845, 10868, 11406, 11533, 12534, 12570, 12916, 13485, 13649, 13992, 14618, 15312, 15571, 15697, 15875, 16212, 16735, 16760, 17670, 18593, 18641, 19331, 20271, 20772, 20964, 21222, 21473, 21721, 22138, 22552, 22563, 22910, 23069, 23108, 23749, 24003, 24121, 24507, 25385, 26054, 26174, 26907, 27886, 28190, 28572, 28721, 29411, 29733, 30384, 31192, 31370, 31922]
