[*] Computing DDT
[+] DDT Computed
DDT took 24.048928155s
Iter#1 New set #1 of size 37 (1.0 its/hit = 0.000s/hit): seed=13485353389344443620 [646, 857, 2681, 3605, 5119, 5946, 5957, 6015, 8546, 9331, 9371, 9375, 9746, 10945, 11763, 12858, 13091, 13932, 15194, 15712, 16623, 17100, 18011, 18306, 18643, 20623, 20772, 22787, 23356, 24159, 24195, 24641, 26433, 29286, 29483, 30814, 31409]
Iter#4 New set #1 of size 39 (4.0 its/hit = 0.000s/hit): seed=6160687437417511026 [699, 3555, 3960, 4146, 4221, 5961, 6096, 6686, 6919, 7186, 8366, 8841, 9995, 11645, 12142, 12174, 13243, 15309, 15752, 15833, 17784, 18930, 19581, 20032, 20494, 20809, 21965, 22331, 22412, 22725, 25499, 26307, 27505, 29939, 30992, 31420, 31843, 32012, 32357]
Iter#8 New set #2 of size 39 (4.0 its/hit = 0.000s/hit): seed=16961346195885658684 [197, 512, 2045, 4068, 4441, 5463, 6374, 6426, 8006, 8015, 9540, 11046, 12506, 14713, 14841, 15781, 15884, 16922, 17169, 17362, 17782, 17924, 18235, 18550, 20162, 21472, 22127, 22322, 22650, 25054, 25130, 26767, 28737, 29018, 29717, 30666, 31295, 31968, 32675]
Iter#35 New set #3 of size 39 (11.7 its/hit = 0.000s/hit): seed=16858515682542657514 [99, 3079, 3412, 3771, 3983, 4308, 5450, 5843, 6612, 8174, 10653, 10706, 11400, 11565, 11870, 11927, 13809, 14792, 15527, 15992, 16695, 17219, 17532, 20204, 22903, 23101, 23560, 24889, 25807, 26961, 27562, 28007, 28080, 28379, 28715, 29447, 29790, 31103, 31136]
Iter#55 New set #4 of size 39 (13.8 its/hit = 0.000s/hit): seed=3100421914263851196 [20, 229, 444, 5333, 7845, 9370, 10977, 11284, 11898, 12032, 12582, 13570, 13817, 14710, 15207, 15670, 16304, 16324, 16745, 17215, 17507, 18848, 20322, 20392, 20773, 21267, 21433, 22485, 22905, 23050, 25074, 28243, 28286, 28387, 28522, 29687, 30117, 30659, 30858]
Iter#62 New set #5 of size 39 (12.4 its/hit = 0.000s/hit): seed=1187582455936575288 [143, 1465, 2417, 3423, 3603, 3605, 3755, 5513, 6243, 6671, 7609, 8392, 10278, 12998, 14663, 16090, 16104, 17715, 18036, 18183, 18388, 20493, 21218, 21716, 22384, 22522, 22615, 22822, 22831, 24235, 25520, 26612, 27516, 27836, 28447, 28930, 30901, 30912, 31752]
Iter#96 New set #1 of size 40 (96.0 its/hit = 0.000s/hit): seed=17461523439008174246 [2394, 3102, 3718, 4022, 5686, 7476, 8111, 8735, 9676, 10253, 11261, 11318, 13159, 13751, 14291, 14382, 14450, 14721, 16041, 17580, 18276, 19404, 19931, 21705, 21729, 22512, 23437, 23952, 24430, 24729, 26262, 26955, 28094, 29276, 30003, 30047, 31105, 31399, 32076, 32095]
Iter#341 New set #2 of size 40 (170.5 its/hit = 1.000s/hit): seed=4455117442762232563 [279, 665, 1802, 2273, 2528, 2779, 3122, 4104, 4691, 6441, 6472, 8422, 8814, 9595, 10294, 12139, 12600, 12728, 13034, 13810, 14150, 14863, 14882, 15052, 15984, 17595, 18369, 19556, 20157, 20167, 21652, 23734, 25543, 25962, 26392, 27460, 27940, 28042, 28755, 30680]
Iter#383 New set #3 of size 40 (127.7 its/hit = 0.667s/hit): seed=2264916322152476041 [549, 1410, 2945, 4247, 5101, 6496, 7402, 8071, 8967, 9965, 10008, 10110, 10324, 10644, 10698, 11084, 14291, 17037, 17119, 17605, 18415, 19072, 19302, 20381, 20544, 20702, 21078, 21152, 22856, 23694, 24572, 24711, 25942, 26105, 29294, 30094, 30101, 30233, 30484, 30686]
Iter#402 New set #4 of size 40 (100.5 its/hit = 0.500s/hit): seed=347106847159100932 [391, 467, 2262, 3244, 3608, 4075, 4229, 4381, 4561, 5044, 6668, 7737, 10870, 12018, 13568, 13596, 13855, 14419, 15088, 16005, 16260, 16980, 17552, 17584, 18110, 22649, 23497, 25447, 25659, 26344, 27426, 28484, 28842, 29503, 29794, 30321, 31079, 31531, 32236, 32572]
Iter#451 New set #5 of size 40 (90.2 its/hit = 0.600s/hit): seed=2859641266838113900 [221, 3055, 7652, 8614, 10607, 10908, 11076, 11454, 11983, 12417, 12930, 14039, 15007, 15167, 16334, 18037, 18066, 19032, 20801, 21161, 21890, 21975, 22428, 23236, 24223, 24381, 24505, 25077, 26047, 26187, 26411, 26628, 26866, 26987, 27303, 28948, 31372, 31726, 31806, 31957]
Iter#466 New set #6 of size 40 (77.7 its/hit = 0.500s/hit): seed=6848735652103690270 [1650, 1796, 3582, 4812, 5988, 6103, 6607, 6614, 6807, 7475, 7516, 8693, 9052, 9897, 10738, 11979, 12207, 12916, 14657, 14755, 15919, 16247, 16999, 19199, 19254, 19719, 20979, 20987, 22025, 22901, 23311, 23497, 24112, 25046, 25151, 26319, 26604, 29627, 30370, 31352]
Iter#470 New set #7 of size 40 (67.1 its/hit = 0.429s/hit): seed=17342531806230735607 [136, 252, 253, 1519, 3283, 3435, 7543, 7659, 8277, 8936, 9655, 10293, 10383, 11613, 11733, 12376, 13349, 14474, 16311, 16847, 17007, 17021, 17323, 19424, 19522, 19671, 19881, 20138, 20257, 23212, 23477, 25646, 27311, 28006, 29301, 30664, 31035, 31107, 32304, 32664]
Iter#582 New set #1 of size 41 (582.0 its/hit = 4.000s/hit): seed=16059129088554206100 [56, 1093, 1684, 2207, 2811, 3116, 3586, 4938, 4993, 6021, 7564, 8211, 9338, 9362, 10320, 12167, 12178, 12301, 13370, 13937, 14667, 16128, 16411, 18400, 18422, 18759, 18845, 22337, 22423, 24923, 25056, 25146, 25899, 25991, 26442, 26620, 27107, 27280, 28835, 31508, 31901]
Iter#879 New set #2 of size 41 (439.5 its/hit = 3.000s/hit): seed=6144373952326124340 [345, 1804, 2466, 2471, 3536, 4993, 5859, 5943, 6135, 8778, 9916, 10201, 10662, 10684, 12278, 12461, 12619, 13090, 13272, 14429, 14650, 14835, 15670, 15738, 18367, 18484, 18852, 19263, 20828, 22753, 24724, 25439, 25453, 28958, 29171, 29923, 30139, 30222, 30282, 31305, 31992]
Iter#1831 New set #3 of size 41 (610.3 its/hit = 4.000s/hit): seed=17485061551342697483 [406, 1889, 2171, 5697, 7251, 7652, 9009, 9671, 10666, 10679, 10802, 11154, 11535, 11553, 12240, 13229, 13967, 14068, 16246, 16692, 16791, 18552, 18570, 19659, 20121, 20220, 20406, 21876, 21958, 22897, 23513, 24272, 24300, 26351, 26414, 29655, 30211, 31688, 32001, 32051, 32082]
Iter#3736 New set #4 of size 41 (934.0 its/hit = 6.250s/hit): seed=18308809676489417451 [2019, 2489, 5145, 5713, 5726, 7158, 7353, 8080, 8456, 10991, 11315, 11904, 12579, 12581, 13159, 13996, 14660, 16440, 17676, 18042, 18936, 19833, 20371, 20403, 21250, 21415, 24265, 25524, 26813, 26997, 27058, 28017, 28385, 29074, 29163, 29380, 30654, 30730, 30845, 32358, 32477]
Iter#4139 New set #5 of size 41 (827.8 its/hit = 5.400s/hit): seed=17027552775940202866 [1180, 1890, 1961, 2191, 2891, 3440, 3606, 3777, 4293, 4599, 5240, 6233, 6373, 9896, 10360, 11291, 11296, 11708, 15165, 15387, 15902, 17127, 17670, 19091, 19839, 22147, 23251, 23952, 24808, 26586, 27125, 27134, 27574, 27936, 28069, 28455, 28837, 28857, 29465, 30547, 31288]
Iter#4700 New set #1 of size 42 (4700.0 its/hit = 30.000s/hit): seed=17342424177240884764 [1300, 2795, 5499, 5910, 6092, 6249, 7535, 7592, 10778, 11571, 13258, 13288, 13561, 14541, 15501, 16282, 17033, 17955, 18480, 18702, 19229, 19307, 20451, 21532, 21600, 21933, 21945, 22219, 23000, 23764, 24966, 25642, 25730, 26862, 27312, 27432, 27794, 28095, 29349, 29492, 29620, 30338]
Iter#7204 New set #2 of size 42 (3602.0 its/hit = 23.000s/hit): seed=1162645927434741435 [69, 286, 1097, 3120, 3675, 4256, 5151, 6684, 6855, 7594, 9283, 10743, 10791, 12265, 12666, 12917, 12977, 13974, 14546, 14784, 15594, 15790, 18339, 18755, 18824, 19096, 20334, 21965, 22239, 22998, 23280, 25671, 26245, 27082, 28301, 28743, 30802, 30936, 31244, 31473, 32748, 32751]
Iter#8969 New set #1 of size 43 (8969.0 its/hit = 56.000s/hit): seed=15061399443681451026 [775, 3112, 3179, 3306, 4486, 6119, 6537, 7280, 7392, 7502, 7671, 8740, 9564, 11769, 11796, 12165, 13160, 14744, 14895, 16578, 16887, 17102, 17665, 17998, 18413, 19580, 19851, 20069, 21519, 21566, 22157, 22714, 24950, 25809, 26234, 26293, 26323, 26382, 26872, 28503, 28547, 31063, 32166]
Iter#10006 New set #2 of size 43 (5003.0 its/hit = 31.500s/hit): seed=13825008668754513089 [257, 1996, 2338, 3150, 3180, 3323, 6027, 6279, 6532, 6845, 7430, 9173, 9767, 10356, 10358, 11426, 11669, 12318, 12408, 13190, 13833, 14533, 15869, 16650, 17892, 18555, 19263, 19669, 20095, 21623, 22462, 24226, 24411, 25812, 26098, 27595, 28637, 28730, 28943, 31396, 32036, 32564, 32718]
Iter#56522 New set #3 of size 43 (18840.7 its/hit = 110.667s/hit): seed=11967288505708492608 [89, 932, 1450, 1742, 2220, 2225, 3822, 4831, 5417, 5610, 5650, 6179, 7323, 8700, 9166, 9215, 9368, 12384, 13484, 13955, 14462, 15065, 15321, 15504, 15786, 16342, 16447, 18220, 19658, 19841, 20468, 20758, 21223, 21724, 22598, 23069, 23162, 23197, 23524, 26631, 29886, 30057, 31282]
Iter#84991 New set #1 of size 44 (84991.0 its/hit = 495.000s/hit): seed=563992067159906270 [1628, 2090, 2839, 3995, 5259, 5261, 6524, 6984, 7119, 7845, 8740, 9184, 9952, 11248, 11894, 12723, 15085, 15974, 18760, 19719, 19915, 20715, 22252, 22300, 23577, 24055, 25083, 25566, 25574, 25834, 25957, 26706, 27477, 27843, 27921, 29885, 30626, 30880, 31219, 31244, 31478, 31634, 31881, 32162]
Iter#87894 New set #1 of size 46 (87894.0 its/hit = 512.000s/hit): seed=6239527876480489744 [912, 1143, 1641, 1736, 2153, 2439, 2818, 2839, 2922, 3484, 3839, 5913, 7290, 7345, 7895, 8177, 8732, 8853, 9003, 9462, 9545, 10363, 10847, 11381, 12238, 13873, 14237, 15031, 16973, 17823, 17852, 19243, 20947, 21763, 24094, 25602, 26571, 26662, 26796, 27952, 29580, 29637, 31611, 31973, 32096, 32463]
Iter#673577 New set #2 of size 46 (336788.5 its/hit = 1836.000s/hit): seed=3088594972514634999 [1519, 1656, 2997, 3682, 3811, 4411, 5291, 5849, 6777, 7158, 8066, 8476, 9687, 10914, 10956, 11654, 12351, 12954, 13888, 14321, 15379, 15793, 15831, 15972, 16224, 16958, 18702, 18748, 19768, 19999, 20622, 20690, 22618, 23035, 23868, 24002, 24334, 24410, 25338, 25602, 25779, 29339, 30672, 31100, 32009, 32552]
Iter#1758227 New set #3 of size 46 (586075.7 its/hit = 3133.667s/hit): seed=469427058512910299 [79, 833, 835, 1866, 2199, 3235, 3982, 4206, 6600, 7339, 7507, 7559, 8584, 8717, 9313, 9720, 10440, 11004, 11389, 12108, 13396, 14172, 14656, 16126, 16299, 16676, 17020, 17030, 17751, 17778, 19002, 20251, 20298, 21311, 21550, 21695, 21746, 22435, 23544, 25873, 29517, 30197, 30661, 31300, 31337, 32748]
