[*] Computing DDT
[+] DDT Computed
DDT took 22.896802319s
Iter#1 New set #1 of size 35 (1.0 its/hit = 0.000s/hit): seed=15838094727569790928 [397, 5294, 6457, 8014, 8475, 9296, 9577, 10720, 11149, 11618, 12503, 13820, 14551, 15183, 16215, 17306, 17630, 18086, 18130, 20922, 20952, 21895, 22713, 23007, 23258, 24948, 26502, 26890, 27973, 28217, 29757, 30094, 31293, 31386, 31412]
Iter#2 New set #1 of size 37 (2.0 its/hit = 0.000s/hit): seed=3295787173158180485 [390, 611, 1321, 1401, 1762, 1785, 2141, 2480, 2500, 3042, 4684, 5955, 6895, 6923, 7351, 7469, 8157, 12104, 13312, 13942, 16413, 16964, 18370, 20794, 21583, 22055, 24727, 25570, 25779, 25813, 27348, 27757, 29043, 30844, 31323, 31591, 32444]
Iter#3 New set #2 of size 37 (1.5 its/hit = 0.000s/hit): seed=8269224782467387948 [4, 1101, 3097, 3297, 3382, 4910, 5132, 8655, 10507, 10926, 11022, 11639, 11789, 13134, 15276, 16890, 17102, 17239, 17368, 17929, 19152, 19169, 19939, 20875, 21473, 23306, 23960, 24820, 25746, 26105, 27038, 28093, 28549, 29949, 30253, 31125, 31278]
Iter#4 New set #3 of size 37 (1.3 its/hit = 0.000s/hit): seed=17333649734333538353 [1229, 1441, 3214, 3940, 5594, 8546, 9016, 9345, 10351, 10521, 10876, 11222, 11318, 11319, 11925, 12129, 12234, 13852, 14337, 15052, 15926, 15988, 16541, 18229, 18337, 18970, 19183, 19601, 20548, 21328, 21572, 22813, 24232, 25459, 25926, 29403, 30850]
Iter#10 New set #1 of size 39 (10.0 its/hit = 0.000s/hit): seed=8619050998116460694 [357, 567, 805, 1341, 2117, 2765, 3478, 4167, 5067, 5216, 5403, 5676, 5839, 8388, 10423, 10593, 11139, 11402, 11817, 12243, 12275, 15740, 15838, 15982, 16621, 17511, 17548, 19565, 20341, 20740, 24606, 26126, 26669, 26887, 27212, 28836, 29639, 30829, 32272]
Iter#20 New set #2 of size 39 (10.0 its/hit = 0.000s/hit): seed=10430760763923853510 [1173, 1556, 2663, 3042, 3829, 3984, 4010, 4240, 5365, 6120, 6394, 7097, 11297, 12046, 12753, 13391, 16308, 16340, 16948, 17222, 18038, 18170, 18766, 18903, 21080, 22112, 23001, 23014, 23266, 25319, 26050, 28400, 28873, 29661, 30253, 30309, 30974, 32430, 32505]
Iter#62 New set #3 of size 39 (20.7 its/hit = 0.000s/hit): seed=12564212001895687104 [575, 2026, 2650, 3600, 3611, 3832, 5010, 5195, 5340, 7757, 8880, 8972, 9567, 9629, 9739, 10078, 10989, 11873, 11983, 12331, 14316, 15087, 15263, 15958, 16484, 17616, 18473, 19342, 21988, 21995, 22752, 23066, 23956, 24173, 27063, 27420, 27784, 29830, 31932]
Iter#75 New set #4 of size 39 (18.8 its/hit = 0.000s/hit): seed=15372872802268267750 [127, 549, 742, 1904, 2324, 2636, 9315, 10577, 10788, 11008, 11372, 11658, 11766, 12611, 13475, 14391, 15715, 16234, 16911, 18040, 18196, 18297, 18426, 19664, 19993, 20409, 20585, 21590, 22441, 22764, 22828, 23079, 25491, 27520, 27674, 28020, 30034, 30236, 30626]
Iter#140 New set #5 of size 39 (28.0 its/hit = 0.000s/hit): seed=11147592119214919545 [270, 360, 1146, 2701, 3147, 3893, 5836, 6325, 6631, 10038, 10243, 10842, 11245, 11867, 12925, 14627, 16478, 17634, 18384, 19713, 19862, 21552, 21924, 22087, 22217, 22259, 23136, 23667, 23681, 24339, 24790, 25114, 25245, 26378, 27004, 28356, 29025, 31695, 31699]
Iter#145 New set #6 of size 39 (24.2 its/hit = 0.000s/hit): seed=5965601309401956664 [265, 709, 1499, 1532, 4135, 4760, 5562, 5895, 6424, 6695, 10160, 11467, 13958, 14156, 14273, 14844, 17204, 18631, 18663, 18712, 19701, 19971, 19992, 22223, 22352, 22393, 23052, 23430, 25291, 25492, 25982, 28053, 28457, 28730, 29117, 29808, 29986, 30564, 31563]
Iter#158 New set #7 of size 39 (22.6 its/hit = 0.000s/hit): seed=14609166197929415312 [1108, 1140, 1241, 2511, 2764, 3963, 5206, 5272, 6068, 8558, 8787, 9034, 10720, 11147, 11562, 13649, 13795, 13890, 14229, 14535, 15508, 16168, 16203, 17004, 17046, 18263, 21267, 21611, 22468, 22511, 24701, 25169, 26163, 27049, 27539, 27663, 29208, 29385, 30723]
Iter#169 New set #8 of size 39 (21.1 its/hit = 0.000s/hit): seed=13901130644476561297 [5006, 5115, 6700, 9517, 11008, 11439, 11604, 12286, 12940, 13055, 13250, 13301, 13522, 13936, 14330, 15385, 15975, 17291, 18263, 18401, 18669, 19093, 20604, 20776, 21162, 21590, 21798, 22632, 22727, 25458, 25816, 27673, 28031, 28748, 29350, 29641, 29833, 31744, 32434]
Iter#199 New set #9 of size 39 (22.1 its/hit = 0.111s/hit): seed=12030236940835324734 [338, 432, 586, 1602, 3255, 4169, 4987, 5142, 5505, 7311, 7601, 7927, 8485, 8831, 10706, 11766, 11902, 15393, 17792, 18586, 19423, 19567, 21044, 21597, 22062, 25245, 26366, 26606, 27151, 28082, 28952, 28987, 29254, 29982, 31004, 31266, 31874, 31885, 32657]
Iter#246 New set #10 of size 39 (24.6 its/hit = 0.100s/hit): seed=2137188468269889925 [324, 576, 1901, 2208, 2852, 3478, 7324, 7420, 8476, 8760, 8809, 9996, 11094, 13870, 14400, 14992, 15237, 15326, 15354, 15902, 16423, 16673, 16892, 17049, 18441, 19729, 21575, 21647, 22067, 24349, 25549, 25601, 26027, 27039, 27499, 30024, 30051, 30281, 30645]
Iter#406 New set #20 of size 39 (20.3 its/hit = 0.100s/hit): seed=819933819284397811 [851, 1010, 1097, 2724, 5572, 6132, 6566, 6628, 7730, 8474, 8898, 11472, 13650, 14472, 14880, 15380, 16633, 16638, 16906, 17157, 17476, 17842, 18243, 18868, 19235, 19963, 20503, 20856, 20887, 21856, 22850, 26392, 27479, 28296, 28361, 29691, 29823, 30473, 30908]
Iter#451 New set #1 of size 40 (451.0 its/hit = 2.000s/hit): seed=5909958911722077039 [534, 5584, 5756, 7656, 8092, 8548, 8979, 9067, 9686, 10883, 11065, 11462, 12948, 13506, 14805, 15465, 15649, 17108, 17866, 19003, 19509, 20027, 20111, 21149, 21751, 24164, 24422, 24710, 24724, 25094, 27250, 28135, 28145, 28465, 30252, 30287, 30911, 31054, 31705, 32051]
Iter#580 New set #2 of size 40 (290.0 its/hit = 1.000s/hit): seed=1055230268202823666 [687, 1864, 1920, 1981, 2509, 5469, 7780, 8740, 8842, 9405, 10226, 10857, 11524, 12413, 15952, 16878, 17937, 19614, 19722, 19913, 19946, 20224, 20757, 21317, 21990, 23091, 23598, 23956, 24312, 24777, 26238, 26358, 26364, 26700, 27336, 28477, 28764, 29531, 29950, 31513]
Iter#721 New set #3 of size 40 (240.3 its/hit = 1.000s/hit): seed=16211478983073094417 [425, 480, 2268, 4694, 4930, 8213, 8436, 9812, 10244, 12530, 12569, 13194, 13378, 14117, 14313, 15195, 17102, 17542, 17691, 17694, 18063, 18189, 20556, 23163, 23492, 23935, 24235, 24913, 26263, 27050, 27113, 27786, 28191, 28744, 28884, 29573, 29973, 31040, 31081, 31628]
Iter#786 New set #1 of size 41 (786.0 its/hit = 4.000s/hit): seed=5860551692487402016 [578, 1886, 2264, 2694, 3972, 4021, 4199, 5389, 5679, 5755, 7199, 8617, 8674, 9785, 10119, 10741, 11447, 13375, 14209, 14218, 16796, 17759, 18173, 18375, 19934, 20282, 20892, 21448, 22419, 23293, 23805, 24321, 25611, 27067, 28553, 28656, 29596, 29946, 30086, 31044, 32397]
Iter#1119 New set #2 of size 41 (559.5 its/hit = 2.500s/hit): seed=17599981405802310819 [290, 406, 2147, 3222, 3436, 5187, 6956, 7398, 7613, 9953, 10323, 11049, 11669, 13358, 14670, 14902, 16994, 17394, 19053, 19701, 20212, 20480, 20638, 21567, 22499, 22939, 23987, 24809, 24830, 25823, 26688, 26698, 28597, 29962, 30831, 30834, 31025, 31195, 31558, 31595, 32442]
Iter#3493 New set #3 of size 41 (1164.3 its/hit = 6.000s/hit): seed=2834517312535374170 [270, 491, 672, 2334, 3541, 3765, 4477, 4626, 4806, 5250, 5372, 6560, 6842, 6995, 11500, 12687, 13155, 14243, 14861, 15347, 15703, 16449, 16709, 17726, 18276, 20265, 21041, 21553, 21763, 22520, 23866, 24296, 24531, 24918, 25230, 25569, 27665, 27980, 30266, 30308, 32536]
Iter#4275 New set #1 of size 42 (4275.0 its/hit = 22.000s/hit): seed=2808430238739123882 [691, 913, 4390, 4555, 6626, 6726, 7100, 7580, 7961, 7994, 8295, 8603, 9459, 10199, 10910, 13398, 13723, 14923, 15010, 16078, 16216, 16335, 17159, 17178, 19590, 21265, 21948, 22446, 22497, 22600, 22925, 23748, 25209, 25396, 25837, 25984, 27332, 27740, 30823, 31245, 32112, 32339]
Iter#9681 New set #1 of size 43 (9681.0 its/hit = 50.000s/hit): seed=10661599262499469162 [281, 2516, 2679, 2864, 3435, 4643, 5078, 5237, 6738, 7077, 7104, 7800, 9186, 9894, 10420, 10954, 11354, 11448, 11781, 12013, 14381, 14987, 15545, 15817, 16887, 17147, 19159, 20415, 22224, 22486, 23189, 23907, 25460, 27412, 28247, 28509, 28954, 29752, 30295, 30298, 31555, 31612, 31671]
Iter#35444 New set #2 of size 43 (17722.0 its/hit = 91.500s/hit): seed=15912050435477028052 [1377, 2468, 2619, 2628, 2976, 3204, 4534, 4937, 6100, 6729, 8348, 8936, 10046, 10657, 10853, 11623, 12007, 12384, 12856, 13156, 13600, 13637, 14513, 14684, 15436, 16554, 16762, 16918, 18197, 18366, 18466, 20236, 21152, 21472, 21498, 21648, 22925, 23887, 24081, 25128, 29796, 30836, 32686]
Iter#43457 New set #3 of size 43 (14485.7 its/hit = 75.000s/hit): seed=14954544013874388210 [1751, 2227, 2558, 2724, 3275, 4340, 6387, 6913, 7092, 7420, 8339, 9060, 10067, 10074, 10234, 10495, 10497, 10510, 10908, 11193, 11746, 13634, 15566, 15774, 15919, 16762, 16804, 17823, 18510, 19529, 19791, 22462, 23568, 23785, 24000, 24730, 25138, 26273, 26965, 27134, 27642, 29131, 31119]
Iter#48787 New set #4 of size 43 (12196.8 its/hit = 63.000s/hit): seed=17596904800285826148 [905, 1944, 2047, 2291, 4223, 4929, 6487, 7028, 7088, 7499, 7860, 7979, 8024, 8125, 8628, 9379, 9917, 9994, 11565, 11779, 12445, 12535, 13232, 13423, 14160, 15975, 17362, 17883, 19254, 21633, 22911, 22917, 26101, 26888, 27715, 28290, 29290, 30569, 30883, 31182, 31409, 31674, 32095]
Iter#68027 New set #1 of size 44 (68027.0 its/hit = 352.000s/hit): seed=7929536433046097437 [271, 401, 1063, 1067, 2703, 3146, 3372, 3574, 3662, 4635, 5320, 6173, 6323, 6402, 6668, 6832, 8101, 9106, 9343, 9648, 9804, 10017, 14172, 16117, 17814, 18430, 19473, 19769, 20893, 22152, 22242, 23164, 24071, 24194, 24964, 25381, 25855, 26025, 26343, 26884, 27312, 27504, 28871, 30135]
Iter#72643 New set #2 of size 44 (36321.5 its/hit = 188.000s/hit): seed=11398444840823782660 [371, 682, 2028, 3851, 3864, 4507, 5849, 7934, 8390, 8779, 10429, 11418, 12585, 12798, 13178, 13463, 14572, 16636, 17348, 17515, 18108, 18717, 18967, 19224, 20874, 21270, 21375, 21520, 21759, 22696, 23326, 25115, 25612, 26080, 28606, 28694, 28857, 28876, 29519, 30374, 30529, 31002, 31574, 31879]
Iter#166216 New set #3 of size 44 (55405.3 its/hit = 320.667s/hit): seed=12343645794170608118 [1581, 1626, 2788, 3900, 4238, 4396, 5399, 5461, 6636, 6722, 6753, 7788, 8213, 9563, 10169, 11094, 11250, 11887, 12501, 12576, 14558, 14961, 16099, 17645, 18008, 20055, 20478, 20548, 22933, 23539, 24070, 24452, 26515, 27327, 28752, 28765, 29287, 29317, 29625, 29700, 30062, 30204, 30771, 30886]
Iter#198082 New set #4 of size 44 (49520.5 its/hit = 296.500s/hit): seed=9712297784484357559 [271, 778, 1628, 2885, 3263, 3810, 4103, 4527, 4800, 5295, 5879, 6996, 9345, 9690, 10274, 10443, 10816, 11262, 11411, 13243, 14848, 16115, 18653, 18678, 18964, 20174, 20464, 21244, 21333, 21416, 22687, 23340, 24483, 25192, 25386, 25685, 28210, 28917, 29168, 30170, 30259, 31270, 31401, 31787]
Iter#313547 New set #5 of size 44 (62709.4 its/hit = 398.200s/hit): seed=16703547273647284952 [318, 343, 1546, 2191, 2806, 5181, 5871, 6194, 6974, 7094, 7158, 8317, 8408, 11375, 12111, 13707, 14043, 14064, 14194, 14649, 16766, 17205, 17649, 17820, 19703, 20776, 21565, 22024, 22313, 22815, 23752, 23952, 24790, 25303, 25834, 26472, 27240, 27289, 27787, 28140, 29109, 29229, 29629, 30888]
Iter#341042 New set #6 of size 44 (56840.3 its/hit = 363.833s/hit): seed=8812297827887563683 [596, 649, 1622, 1806, 1852, 2238, 3087, 3427, 4566, 4589, 5595, 9025, 10064, 10339, 10391, 11143, 11341, 11507, 11578, 12184, 12714, 13651, 13889, 16884, 19309, 19648, 19997, 21479, 21826, 23269, 23665, 24180, 25269, 25795, 26613, 26645, 26658, 26699, 28248, 28412, 30173, 30655, 31476, 31971]
Iter#358652 New set #1 of size 45 (358652.0 its/hit = 2305.000s/hit): seed=6076194717802686054 [957, 1243, 1253, 2308, 2315, 2836, 3289, 3478, 3657, 4121, 4420, 6292, 6563, 6913, 6972, 7386, 7973, 10423, 10692, 10747, 12726, 17194, 17448, 18420, 18819, 18949, 19065, 19556, 20819, 22962, 23036, 23590, 23679, 23811, 25413, 25481, 25793, 25887, 26562, 28013, 29867, 29912, 32335, 32391, 32740]
Iter#423812 New set #2 of size 45 (211906.0 its/hit = 1384.000s/hit): seed=3732323503093146843 [119, 1349, 2473, 3091, 3746, 4046, 4413, 4785, 5874, 6283, 9733, 11665, 13165, 13463, 14338, 16073, 16620, 16994, 17058, 17565, 18224, 18482, 18770, 18826, 18980, 19009, 19143, 20043, 21754, 22111, 23270, 23493, 25364, 27048, 27196, 27460, 28738, 29023, 29705, 30549, 30998, 31319, 31532, 32063, 32575]
Iter#469570 New set #1 of size 46 (469570.0 its/hit = 3096.000s/hit): seed=5262464431649192473 [371, 926, 1798, 1976, 2938, 3727, 4449, 5177, 5582, 6674, 6832, 7115, 7176, 7629, 7722, 7899, 8597, 11365, 12475, 13813, 15309, 16922, 17522, 19577, 19612, 19622, 19799, 20502, 20901, 21338, 22168, 22405, 23702, 23996, 24321, 25019, 25955, 26736, 26795, 26947, 28230, 28351, 28816, 30690, 31141, 31959]
Iter#471611 New set #1 of size 47 (471611.0 its/hit = 3111.000s/hit): seed=6551917525584781020 [617, 1096, 1632, 1946, 2832, 2852, 3411, 3942, 3968, 5314, 6101, 6229, 6678, 6783, 7485, 10278, 11744, 12142, 12550, 14171, 14771, 15402, 15449, 15691, 17068, 17349, 17418, 17484, 18182, 18501, 19322, 22454, 22673, 24047, 24641, 26174, 26712, 27278, 28538, 30034, 30143, 30276, 30389, 31503, 31896, 31994, 32610]
Iter#561424 New set #2 of size 47 (280712.0 its/hit = 1877.000s/hit): seed=6693785096742166902 [1854, 2648, 3755, 4683, 5858, 6203, 6906, 7679, 8868, 9869, 11185, 12241, 12941, 13318, 13541, 14644, 15384, 15720, 16950, 17499, 18358, 19246, 19403, 19573, 20318, 21860, 22273, 23452, 23731, 23796, 24541, 25221, 25391, 25801, 26109, 26509, 27986, 28338, 28884, 29154, 29252, 30763, 31386, 31622, 31718, 31938, 32540]
Iter#981833 New set #3 of size 47 (327277.7 its/hit = 2253.000s/hit): seed=5767840349345292143 [109, 1836, 2138, 4423, 5067, 5195, 5672, 5678, 6529, 7826, 7932, 8708, 9309, 11919, 11931, 11976, 12462, 13023, 14200, 14329, 14338, 15043, 16379, 16478, 18065, 19984, 20172, 21184, 21410, 21967, 22257, 22600, 23423, 24292, 24556, 24998, 25330, 27772, 27873, 28913, 29297, 29438, 30227, 30516, 31991, 32156, 32477]
Iter#2130539 New set #4 of size 47 (532634.8 its/hit = 3732.250s/hit): seed=17603803121272065127 [1502, 1726, 1883, 1941, 1982, 2699, 3012, 3413, 3984, 4116, 5211, 5270, 6884, 7604, 7665, 7709, 7911, 8976, 9963, 12977, 13810, 14422, 15725, 17336, 19456, 19732, 20007, 21304, 21492, 21721, 21848, 21893, 22153, 23875, 24579, 25004, 25101, 25728, 26147, 26787, 27246, 27491, 28510, 28980, 29596, 30132, 32619]
