[*] Computing DDT
[+] DDT Computed
DDT took 23.739884847s
Iter#1 New set #1 of size 38 (1.0 its/hit = 0.000s/hit): seed=14415605674995013689 [1639, 4466, 4927, 5782, 6434, 6503, 6562, 6944, 7139, 8085, 9234, 10254, 11155, 12480, 13157, 13702, 16663, 16890, 16945, 17778, 18393, 18855, 19440, 19604, 21425, 22386, 22478, 24568, 24610, 25449, 25630, 26790, 26972, 28973, 29746, 30543, 31048, 31269]
Iter#6 New set #1 of size 39 (6.0 its/hit = 0.000s/hit): seed=8335944709094469996 [492, 1515, 1743, 3091, 4480, 4918, 5704, 6520, 7525, 12177, 13455, 15130, 15452, 16536, 17093, 17550, 17577, 18770, 18914, 19378, 19785, 20487, 21026, 21189, 21371, 22277, 25028, 25594, 27188, 27271, 27728, 27920, 28265, 28346, 28376, 30699, 30972, 31227, 32386]
Iter#12 New set #2 of size 39 (6.0 its/hit = 0.000s/hit): seed=6754866486484494890 [300, 392, 820, 1415, 2222, 2743, 4037, 8538, 10928, 11293, 12011, 14349, 14631, 16336, 16888, 17337, 17594, 17820, 19679, 20424, 20830, 22458, 23727, 24363, 24672, 25166, 25248, 25911, 26902, 27388, 29224, 29279, 29301, 29902, 30396, 30578, 30691, 30992, 31578]
Iter#48 New set #3 of size 39 (16.0 its/hit = 0.000s/hit): seed=15373788908754139748 [1123, 3078, 4753, 4964, 4996, 6719, 9310, 13070, 13839, 14095, 14812, 15235, 15622, 17435, 17818, 18136, 18262, 18600, 18853, 19007, 19945, 22050, 22457, 22633, 22770, 23110, 24225, 24316, 24383, 25615, 25863, 26884, 27556, 28093, 28149, 28172, 28252, 29294, 30057]
Iter#69 New set #1 of size 40 (69.0 its/hit = 0.000s/hit): seed=15021137262755144191 [374, 1014, 2578, 3631, 4016, 4133, 4380, 4723, 7708, 9396, 10188, 10791, 11373, 12702, 13040, 13903, 14757, 14837, 14852, 16457, 17752, 19346, 19727, 20203, 20219, 21131, 22249, 22797, 23069, 23256, 23979, 24550, 24837, 27670, 27741, 28047, 28540, 28939, 29369, 29678]
Iter#122 New set #2 of size 40 (61.0 its/hit = 0.000s/hit): seed=9956933550327861726 [3818, 4347, 4790, 4832, 4907, 5124, 5411, 5418, 5799, 6400, 6883, 7823, 9226, 9397, 10340, 11131, 11260, 12363, 13908, 13933, 15165, 15450, 16168, 16489, 18361, 18902, 20528, 21101, 21910, 22533, 22601, 22693, 24692, 25069, 25300, 27163, 30781, 30854, 32410, 32688]
Iter#262 New set #3 of size 40 (87.3 its/hit = 0.333s/hit): seed=1679308183484439040 [1140, 3289, 4266, 4754, 5601, 6491, 6780, 7467, 7778, 7973, 9909, 10820, 10967, 12094, 12158, 13138, 13199, 13347, 13649, 14055, 14393, 14582, 16776, 17265, 17485, 17536, 18653, 18766, 19752, 20348, 20476, 21533, 26342, 27586, 27903, 30340, 30763, 31593, 31935, 32249]
Iter#623 New set #4 of size 40 (155.8 its/hit = 0.750s/hit): seed=5225571634135361237 [471, 680, 1360, 1455, 1478, 3040, 3766, 4516, 5816, 5827, 6167, 6736, 7210, 8383, 8789, 8920, 15242, 15582, 15776, 16089, 16343, 18083, 21581, 22229, 22726, 22935, 23206, 23491, 24279, 25281, 27308, 27501, 28589, 28615, 29317, 29653, 29952, 29995, 30588, 31104]
Iter#673 New set #5 of size 40 (134.6 its/hit = 0.600s/hit): seed=17215520700977271154 [551, 552, 695, 1637, 2729, 2777, 2847, 3813, 4314, 6814, 7289, 8659, 8987, 9134, 10795, 11066, 12348, 12807, 13242, 13347, 14560, 14691, 15382, 17371, 17575, 20652, 21381, 21848, 24747, 25055, 25561, 25874, 26531, 26989, 27350, 28279, 29540, 29726, 30512, 31036]
Iter#705 New set #6 of size 40 (117.5 its/hit = 0.500s/hit): seed=12324921856218322381 [600, 1534, 1969, 1980, 2507, 4706, 5809, 6147, 6748, 7160, 7815, 7936, 9555, 11530, 14341, 14369, 14735, 14750, 15061, 15900, 16145, 17278, 17926, 17928, 23527, 23604, 24033, 24231, 24610, 24730, 24785, 24998, 25913, 27062, 28522, 28963, 29643, 31012, 31812, 32697]
Iter#805 New set #7 of size 40 (115.0 its/hit = 0.571s/hit): seed=13743131338252902104 [969, 1438, 1618, 2573, 2737, 3037, 3506, 5376, 5683, 6229, 7056, 7863, 8744, 10750, 12461, 13256, 13823, 14850, 15400, 15884, 15961, 16538, 18330, 18989, 19874, 20470, 20487, 20969, 22220, 23229, 24969, 25635, 26186, 26361, 27475, 28238, 30008, 31043, 32007, 32283]
Iter#922 New set #8 of size 40 (115.2 its/hit = 0.500s/hit): seed=6258379366170403317 [1713, 2489, 3953, 4590, 4677, 5509, 6647, 7851, 8554, 9093, 10037, 10836, 11045, 11713, 13096, 13234, 16499, 16591, 16670, 16886, 17179, 18400, 19022, 19147, 19628, 19731, 20013, 20196, 20771, 21783, 22145, 22737, 24686, 25381, 25944, 26672, 27014, 27760, 29072, 29316]
Iter#1062 New set #9 of size 40 (118.0 its/hit = 0.556s/hit): seed=14229938760396925574 [402, 860, 878, 2876, 5383, 5902, 6341, 6423, 7084, 7362, 7380, 7735, 7891, 8018, 12984, 13200, 13602, 13842, 14027, 15356, 15817, 17391, 18852, 20599, 20632, 20946, 21758, 24033, 24287, 24303, 25545, 25579, 26378, 27671, 27778, 28156, 30803, 31400, 31631, 31876]
Iter#1449 New set #10 of size 40 (144.9 its/hit = 0.700s/hit): seed=14212404356689008 [1902, 1960, 2010, 2119, 3237, 4928, 5208, 5556, 7214, 7592, 7888, 9276, 11182, 11240, 11487, 11810, 12430, 13111, 14176, 14863, 15101, 16727, 16891, 17825, 18683, 19903, 22555, 25154, 25337, 25438, 25599, 25961, 28572, 29288, 29328, 29335, 29972, 30562, 31535, 32139]
Iter#1845 New set #1 of size 41 (1845.0 its/hit = 9.000s/hit): seed=6329701248277400680 [1706, 1882, 2527, 3428, 5406, 6254, 6718, 8599, 8625, 9020, 9466, 9832, 10364, 10528, 12931, 13558, 13966, 14835, 17094, 17292, 17576, 18913, 18982, 19554, 20226, 20233, 20269, 20649, 20690, 21487, 23622, 23814, 24112, 27790, 29463, 30325, 31226, 31369, 31723, 31857, 32238]
Iter#2960 New set #2 of size 41 (1480.0 its/hit = 7.500s/hit): seed=15707125825809841282 [645, 691, 2351, 4841, 5382, 6339, 6419, 8614, 8761, 9310, 9842, 11515, 12820, 12835, 13873, 14248, 14646, 15218, 15473, 16153, 17417, 17422, 17919, 18667, 19258, 19715, 19945, 20698, 21363, 21571, 22712, 23044, 23250, 26939, 27830, 29020, 30056, 30588, 30968, 31257, 31707]
Iter#3467 New set #3 of size 41 (1155.7 its/hit = 5.667s/hit): seed=3643881387880473825 [876, 1894, 1959, 2843, 2910, 4618, 5466, 6206, 6731, 7341, 7418, 7661, 8188, 8373, 8790, 9050, 11225, 13306, 14803, 15183, 15854, 17022, 18380, 18464, 18507, 18854, 19483, 20930, 21124, 21298, 23635, 24783, 25962, 26370, 26459, 27197, 28730, 28763, 29395, 30432, 32460]
Iter#5555 New set #4 of size 41 (1388.8 its/hit = 7.000s/hit): seed=6923165775384346496 [673, 1409, 3620, 3762, 4115, 4696, 5251, 5730, 5988, 9324, 10191, 10797, 11693, 11737, 12494, 12866, 13010, 13753, 15340, 16704, 17296, 17420, 18509, 19635, 20006, 20782, 20793, 21344, 24636, 25032, 25107, 25662, 26147, 26209, 26315, 26684, 28051, 28644, 29836, 30444, 31234]
Iter#7110 New set #5 of size 41 (1422.0 its/hit = 7.200s/hit): seed=10079634624719725664 [298, 799, 1386, 1518, 1683, 2661, 3064, 4322, 4354, 6019, 6021, 6789, 7066, 9076, 9468, 9710, 9802, 10271, 10272, 11131, 11724, 13565, 13901, 14682, 15199, 17560, 17881, 20545, 21582, 22504, 23211, 23381, 25746, 26606, 27697, 27938, 29125, 29485, 30286, 31162, 32685]
Iter#7258 New set #6 of size 41 (1209.7 its/hit = 6.167s/hit): seed=16107571012980257380 [686, 822, 2510, 2737, 3200, 3355, 5471, 5959, 6657, 6884, 8934, 9059, 9622, 11740, 11757, 11999, 12502, 12765, 14074, 15674, 16593, 16973, 17997, 18087, 19142, 19789, 20368, 20423, 21409, 22137, 22224, 22308, 22374, 23205, 24581, 25301, 26281, 26769, 27390, 30622, 31481]
Iter#7273 New set #1 of size 43 (7273.0 its/hit = 37.000s/hit): seed=5272812110676817156 [631, 1047, 2780, 3313, 3639, 4787, 5314, 5596, 5649, 5724, 7507, 9136, 9724, 10181, 10257, 10886, 10893, 11923, 12072, 12189, 12654, 14308, 16166, 16284, 17334, 17955, 18940, 19017, 20305, 20309, 20884, 21534, 24627, 26152, 26766, 27302, 29404, 29837, 31019, 31046, 31566, 31819, 32170]
Iter#15964 New set #2 of size 43 (7982.0 its/hit = 41.500s/hit): seed=17367271228615085047 [361, 1746, 2522, 3743, 5364, 6176, 6465, 6556, 6755, 7237, 7341, 7949, 9982, 11805, 12494, 13868, 14062, 14468, 14960, 17896, 19120, 19414, 20554, 20657, 20968, 21228, 21446, 22655, 22803, 23193, 23243, 23407, 24544, 26414, 26496, 27712, 29105, 29241, 30020, 30806, 31153, 32411, 32585]
Iter#17151 New set #3 of size 43 (5717.0 its/hit = 29.667s/hit): seed=16735872819700726738 [1285, 3075, 3945, 4591, 4666, 6369, 6558, 7706, 8191, 8204, 8861, 9814, 11210, 11252, 11586, 12673, 13084, 14959, 15383, 17176, 17750, 17893, 17998, 18588, 19121, 19667, 19929, 20955, 21435, 21688, 22067, 22621, 23126, 23554, 24008, 24255, 24538, 24934, 27724, 28733, 28748, 28749, 31635]
Iter#23880 New set #4 of size 43 (5970.0 its/hit = 31.000s/hit): seed=18012516043452818814 [13, 438, 2184, 3547, 4318, 5972, 6495, 9655, 9765, 10435, 12792, 13514, 14597, 14771, 15019, 15164, 16100, 16582, 16997, 18571, 18739, 18827, 19055, 19787, 20973, 21713, 22382, 23892, 27140, 27211, 27864, 28179, 28255, 29141, 29746, 29774, 30076, 30734, 30889, 30892, 31052, 31503, 32399]
Iter#39017 New set #5 of size 43 (7803.4 its/hit = 40.800s/hit): seed=8629460792940828439 [205, 396, 1246, 4774, 5758, 6377, 6430, 6513, 6661, 8407, 8547, 9143, 9990, 11035, 11230, 11911, 12255, 12971, 14684, 14929, 15492, 16867, 18888, 19095, 19375, 19481, 20455, 21329, 24658, 24671, 25807, 25985, 26839, 26964, 28092, 28232, 29277, 31088, 32106, 32235, 32397, 32662, 32715]
Iter#44956 New set #6 of size 43 (7492.7 its/hit = 39.167s/hit): seed=2482523144153991362 [504, 888, 1347, 1483, 1671, 1983, 2298, 2621, 3979, 5003, 6092, 7657, 9097, 9622, 10832, 11011, 11419, 13449, 13987, 14198, 14901, 15871, 15951, 16010, 16581, 18387, 18793, 20136, 20876, 22124, 22451, 23141, 24277, 25067, 26096, 27229, 28636, 29128, 29211, 29323, 30476, 31405, 32058]
Iter#47037 New set #7 of size 43 (6719.6 its/hit = 35.143s/hit): seed=16919217789612157400 [982, 2690, 3873, 4300, 4369, 5145, 5166, 5232, 5558, 5755, 5786, 6192, 8023, 8948, 9424, 9451, 11518, 13771, 14577, 14732, 15073, 15419, 15560, 15815, 16619, 17093, 19559, 19795, 20191, 20494, 20798, 22044, 22798, 24614, 25739, 27243, 27789, 29801, 30374, 31485, 31636, 32002, 32397]
Iter#57710 New set #8 of size 43 (7213.8 its/hit = 37.750s/hit): seed=16758623298791791843 [222, 918, 1639, 2901, 4858, 5908, 7850, 7898, 8437, 8522, 9622, 10010, 11301, 12667, 12715, 13109, 13888, 13963, 14397, 14812, 14948, 15532, 15543, 15544, 15769, 17562, 19533, 19867, 22535, 22559, 24622, 25369, 25854, 26029, 26066, 27237, 27381, 29005, 29325, 29419, 31931, 31972, 32039]
Iter#64014 New set #9 of size 43 (7112.7 its/hit = 37.222s/hit): seed=1431126179788034210 [1421, 1987, 2485, 2920, 4554, 4667, 5643, 6128, 6379, 6604, 6943, 9053, 9439, 9520, 9902, 10046, 10549, 10663, 10774, 10984, 11112, 12276, 12549, 12733, 14165, 14882, 15517, 16811, 17715, 18583, 18691, 19817, 19917, 20763, 20874, 20937, 21543, 22786, 25248, 27914, 28361, 28901, 31536]
Iter#71928 New set #1 of size 44 (71928.0 its/hit = 377.000s/hit): seed=4244935958131462614 [204, 1489, 2057, 2726, 3664, 4447, 4755, 5432, 5945, 6510, 6785, 7030, 7252, 7329, 8053, 8760, 9231, 9439, 10390, 10567, 10815, 11567, 12284, 13953, 15396, 16766, 17284, 17540, 20224, 20401, 21917, 22091, 22885, 23521, 24601, 24864, 24965, 25185, 25320, 26724, 26780, 29858, 31903, 31960]
Iter#90561 New set #1 of size 46 (90561.0 its/hit = 475.000s/hit): seed=3878709312087661292 [293, 863, 1092, 2597, 4363, 4514, 6889, 7739, 7750, 9725, 10210, 10874, 11538, 12692, 13691, 13813, 14169, 14280, 15028, 18468, 18787, 18847, 18899, 19668, 19763, 20260, 20807, 20862, 22176, 23018, 24238, 24443, 24979, 25177, 26076, 26106, 26262, 26678, 28766, 29307, 29446, 29790, 29974, 31303, 31790, 32135]
Iter#111501 New set #2 of size 46 (55750.5 its/hit = 292.500s/hit): seed=10449565011262462777 [378, 1165, 1523, 2260, 2827, 3225, 4840, 6365, 6731, 6879, 8392, 8518, 9165, 9524, 10159, 10983, 11874, 12387, 12541, 12744, 14387, 14717, 15511, 16618, 17804, 18147, 19030, 20036, 20047, 20597, 21639, 22212, 23433, 23639, 24347, 25525, 25568, 25839, 26169, 27549, 28149, 28305, 29149, 29395, 32047, 32184]
Iter#212276 New set #3 of size 46 (70758.7 its/hit = 371.667s/hit): seed=12859501879718964118 [531, 1202, 3004, 3231, 3376, 3750, 4099, 4624, 6089, 7895, 7977, 9871, 10160, 10257, 11082, 11574, 13165, 15762, 17269, 17369, 17378, 17481, 17676, 18253, 18835, 19676, 19843, 20401, 20531, 21082, 21927, 21932, 21979, 23590, 23967, 24292, 25729, 27622, 29360, 29426, 30644, 31616, 31638, 31957, 32013, 32437]
Iter#310054 New set #4 of size 46 (77513.5 its/hit = 407.500s/hit): seed=17770567925395247839 [830, 981, 1063, 1506, 3164, 3210, 3743, 4791, 5767, 6374, 6692, 7523, 8125, 8441, 9216, 10757, 10810, 11039, 11129, 13615, 14291, 15246, 15911, 16917, 17437, 17914, 19086, 19680, 19928, 20629, 21140, 21897, 22414, 23187, 23626, 23768, 24315, 24615, 25322, 26577, 28249, 28287, 28422, 28599, 28955, 31648]
Iter#1310240 New set #1 of size 48 (1310240.0 its/hit = 6894.000s/hit): seed=11078781042653559545 [319, 1351, 2079, 2696, 4062, 4330, 4959, 5027, 5944, 6809, 6850, 7941, 8121, 8229, 9750, 10307, 11129, 12120, 12343, 12616, 13843, 14338, 14458, 14772, 15336, 15926, 17106, 17760, 20514, 21164, 21484, 23020, 23248, 23392, 23753, 26421, 27113, 27154, 27234, 28056, 29324, 29981, 30172, 30276, 30555, 31018, 32350, 32448]
Iter#2570805 New set #2 of size 48 (1285402.5 its/hit = 7070.000s/hit): seed=1714817412587950389 [28, 202, 636, 648, 3184, 3272, 3307, 3692, 3804, 4107, 4452, 5357, 5673, 5837, 7325, 8882, 9114, 9122, 9826, 10217, 10667, 11167, 12497, 12724, 15097, 15224, 15453, 15489, 16727, 18183, 18464, 19259, 19616, 20818, 20833, 21266, 21775, 21880, 22524, 23036, 23898, 25136, 28325, 28429, 28757, 28763, 32662, 32687]
