[*] Computing DDT
[+] DDT Computed
DDT took 23.114412132s
Iter#1 New set #1 of size 38 (1.0 its/hit = 0.000s/hit): seed=2634681931854359094 [941, 1580, 1946, 2936, 4586, 6278, 6493, 8242, 9685, 12086, 12376, 12619, 13813, 13911, 15131, 16122, 18404, 18662, 18752, 18762, 18930, 19027, 19359, 19954, 20518, 21144, 23161, 24093, 24469, 25482, 26006, 28152, 28603, 28879, 29406, 30046, 31446, 31636]
Iter#5 New set #1 of size 40 (5.0 its/hit = 0.000s/hit): seed=8448934536023558926 [413, 991, 1753, 2383, 2822, 4278, 5791, 6897, 6951, 9685, 10155, 11949, 13750, 14244, 14784, 15143, 15323, 15712, 15946, 17508, 17669, 18982, 19278, 20822, 21815, 22012, 22222, 23320, 23422, 23843, 27033, 27277, 28227, 28325, 28642, 29233, 29445, 30043, 30870, 31916]
Iter#91 New set #2 of size 40 (45.5 its/hit = 0.000s/hit): seed=15433705059645057495 [1251, 1543, 2030, 3157, 3675, 3680, 4923, 5089, 6262, 6636, 9168, 10204, 10684, 10734, 14432, 14994, 15900, 16083, 16765, 18858, 19022, 19096, 20301, 20988, 21699, 22104, 22420, 23009, 23050, 24315, 24435, 24777, 25735, 26561, 26768, 26973, 30959, 31448, 31712, 31968]
Iter#132 New set #3 of size 40 (44.0 its/hit = 0.000s/hit): seed=13990110766929841381 [453, 780, 1047, 1545, 2658, 3373, 3628, 3715, 4018, 4196, 4250, 5108, 5981, 8105, 9106, 9602, 10623, 11211, 12211, 13647, 14090, 14647, 15882, 16212, 16291, 18129, 19951, 21727, 22322, 23313, 25259, 26588, 27668, 28270, 28506, 28952, 29236, 30255, 30318, 32547]
Iter#328 New set #4 of size 40 (82.0 its/hit = 0.500s/hit): seed=3909485841549266306 [139, 226, 648, 973, 2096, 2631, 3971, 4212, 5115, 5400, 7896, 9216, 10570, 10590, 10620, 11613, 14117, 14529, 14537, 14551, 16659, 17525, 17658, 17891, 20606, 22124, 23315, 24968, 26120, 26881, 27627, 29471, 29540, 29756, 30220, 30665, 31030, 31192, 32676, 32704]
Iter#408 New set #5 of size 40 (81.6 its/hit = 0.400s/hit): seed=9001405754974293909 [905, 923, 1129, 2219, 2480, 3417, 3943, 4719, 5420, 5956, 6788, 7821, 8432, 8829, 8915, 9295, 10913, 12745, 13200, 13984, 15194, 15802, 15963, 16195, 16412, 17279, 18527, 19850, 20099, 21283, 26579, 28285, 28444, 29064, 29682, 29889, 30237, 30400, 31149, 32582]
Iter#569 New set #6 of size 40 (94.8 its/hit = 0.500s/hit): seed=12608679733345620733 [718, 868, 3732, 4989, 6095, 7278, 7351, 7603, 8347, 8734, 9445, 9850, 13122, 13236, 13518, 13833, 14521, 14581, 15392, 17217, 17385, 18350, 19079, 19708, 20354, 20886, 20982, 21439, 21812, 22436, 24478, 24968, 25683, 25698, 25769, 28948, 29198, 29534, 30512, 31078]
Iter#595 New set #7 of size 40 (85.0 its/hit = 0.571s/hit): seed=8624967020311143485 [1299, 2756, 4193, 4227, 4361, 4381, 5839, 8546, 9972, 10152, 12209, 14712, 15012, 17119, 18390, 19430, 19512, 21144, 22180, 23123, 23496, 24073, 24520, 24880, 26259, 26293, 26471, 27370, 27943, 27982, 30007, 30197, 31099, 31153, 31328, 31579, 31748, 32084, 32385, 32422]
Iter#641 New set #8 of size 40 (80.1 its/hit = 0.500s/hit): seed=14866986609198684901 [522, 623, 2218, 3761, 3997, 6411, 7361, 8260, 9724, 10685, 10803, 11013, 11072, 12423, 12524, 12578, 12830, 13378, 13908, 14123, 14996, 15055, 16084, 16706, 17475, 20273, 20422, 20562, 22638, 23493, 24586, 24619, 25424, 25785, 26802, 27667, 29371, 29858, 31408, 31839]
Iter#742 New set #9 of size 40 (82.4 its/hit = 0.556s/hit): seed=5237045990273519782 [79, 1197, 1619, 1897, 2857, 3146, 3651, 4905, 4917, 6177, 7143, 8189, 8470, 8911, 9630, 9639, 9909, 11562, 11762, 14159, 14276, 15790, 16360, 18847, 19289, 19826, 21982, 22320, 22666, 23568, 24106, 24215, 25174, 27291, 27989, 28759, 28810, 30405, 31042, 32514]
Iter#905 New set #10 of size 40 (90.5 its/hit = 0.600s/hit): seed=15197928585510049525 [62, 522, 682, 898, 1111, 1915, 2869, 8310, 9488, 10066, 10626, 11031, 13810, 13945, 14037, 14188, 14862, 14874, 15714, 16907, 17877, 19050, 19902, 20172, 20831, 20999, 23100, 24182, 24894, 25130, 25817, 26102, 26300, 26474, 26716, 28029, 29465, 29725, 29944, 30255]
Iter#1167 New set #1 of size 41 (1167.0 its/hit = 7.000s/hit): seed=16934432425528261459 [2245, 4158, 4786, 5520, 6739, 6768, 6849, 8160, 8680, 8782, 10936, 11059, 11735, 12479, 12666, 13257, 13624, 13929, 15980, 16580, 16703, 18046, 18151, 19884, 20749, 22347, 24260, 24565, 24959, 25812, 26059, 26845, 27013, 27630, 30191, 30665, 30708, 30726, 30731, 32494, 32581]
Iter#2968 New set #1 of size 42 (2968.0 its/hit = 20.000s/hit): seed=17698993921821249269 [1892, 3144, 3519, 3802, 3832, 4927, 5765, 6276, 6603, 6714, 7095, 8432, 12321, 12657, 13666, 13947, 14002, 14472, 16287, 16390, 16795, 18636, 19214, 19336, 19356, 19472, 20092, 21003, 22232, 22822, 23863, 24684, 25976, 26077, 26339, 27244, 28324, 29199, 31637, 31642, 31761, 31972]
Iter#3554 New set #1 of size 43 (3554.0 its/hit = 23.000s/hit): seed=751131897753534769 [777, 1202, 2140, 3787, 3942, 4556, 4594, 4834, 6264, 6440, 6466, 6494, 7141, 7776, 8518, 8613, 9580, 11014, 12189, 12534, 13708, 14683, 15787, 15902, 16008, 16582, 18451, 20421, 20726, 20840, 24039, 26513, 27046, 27480, 27724, 28254, 28296, 29390, 30438, 30495, 30863, 31502, 31557]
Iter#7760 New set #2 of size 43 (3880.0 its/hit = 22.500s/hit): seed=3580306729188367391 [561, 626, 740, 765, 794, 916, 1019, 1038, 1376, 1434, 2682, 2901, 3374, 4507, 5363, 7403, 7683, 9420, 9750, 10504, 11383, 13243, 14066, 16021, 18429, 18912, 19020, 20467, 21049, 21434, 22112, 22827, 25706, 26001, 26117, 27064, 27111, 30319, 30951, 31648, 31763, 31866, 32436]
