[*] Computing DDT
[+] DDT Computed
DDT took 24.020979476s
Iter#1 New set #1 of size 39 (1.0 its/hit = 0.000s/hit): seed=14184358125982177427 [1345, 2704, 2888, 3113, 3482, 4950, 5556, 7266, 7979, 8435, 11282, 11875, 12303, 12750, 14177, 14329, 16845, 17113, 17521, 19573, 19616, 19623, 20979, 20986, 21146, 21275, 21369, 22450, 22998, 23999, 24230, 24466, 25222, 26858, 27742, 28710, 30097, 30110, 31509]
Iter#10 New set #2 of size 39 (5.0 its/hit = 0.000s/hit): seed=10804587652264231104 [791, 1283, 1370, 1559, 1640, 2545, 2722, 2737, 6192, 6634, 8293, 9142, 9863, 11533, 12376, 13288, 14992, 15303, 16369, 17056, 17088, 17089, 18600, 19717, 19728, 19896, 22101, 22400, 23751, 24446, 26638, 26741, 28178, 28383, 29352, 29998, 30229, 31177, 32515]
Iter#11 New set #3 of size 39 (3.7 its/hit = 0.000s/hit): seed=12951595793074645415 [835, 1615, 1873, 2127, 2279, 5281, 6103, 6193, 6557, 6928, 8910, 9238, 9661, 12306, 13492, 13905, 15742, 17193, 17420, 18190, 21093, 23119, 23363, 23683, 23778, 25091, 25240, 25707, 25918, 25928, 27278, 27423, 28106, 29757, 30523, 30736, 30900, 32254, 32489]
Iter#43 New set #1 of size 40 (43.0 its/hit = 0.000s/hit): seed=15247176515414624528 [1782, 2239, 5857, 6442, 9229, 9427, 10625, 10789, 11217, 11801, 13466, 15261, 15353, 15725, 16176, 17387, 19291, 19354, 19588, 19899, 20250, 20429, 20548, 20562, 20762, 20915, 21090, 22651, 23566, 24608, 25359, 27602, 28195, 28306, 29698, 30294, 30325, 30368, 30735, 31321]
Iter#96 New set #2 of size 40 (48.0 its/hit = 0.000s/hit): seed=9172315931877021200 [1048, 1095, 1432, 2794, 3322, 4525, 7079, 7737, 7806, 7844, 7885, 9731, 10872, 11899, 12022, 12111, 14048, 14106, 14517, 16636, 16864, 17728, 17824, 18245, 20784, 21226, 22430, 23054, 23293, 26163, 26230, 26565, 27191, 27364, 27901, 28609, 28645, 29672, 29804, 32225]
Iter#424 New set #3 of size 40 (141.3 its/hit = 0.667s/hit): seed=6717250898304395345 [875, 1112, 1463, 3662, 3797, 3925, 4300, 5518, 6740, 6986, 7392, 12411, 12420, 12590, 13045, 13496, 14101, 14198, 14562, 15512, 15760, 16461, 17042, 17867, 17952, 18829, 19570, 20245, 20739, 22200, 22890, 23055, 23825, 24718, 25796, 27784, 28478, 28565, 31793, 32241]
Iter#458 New set #4 of size 40 (114.5 its/hit = 0.750s/hit): seed=5145298631886124242 [468, 2511, 2682, 2697, 3570, 5528, 5657, 6636, 7007, 10212, 10251, 11890, 13764, 15009, 15624, 16184, 16503, 16626, 16851, 18434, 19125, 19964, 19982, 20550, 20798, 20889, 21018, 22048, 22466, 23415, 26404, 26667, 27628, 27814, 28373, 28812, 28948, 29967, 31188, 31308]
Iter#742 New set #5 of size 40 (148.4 its/hit = 1.000s/hit): seed=15671535463352859228 [91, 578, 964, 1025, 1105, 4203, 4973, 6001, 6231, 6974, 7109, 8168, 9735, 9817, 10058, 11419, 11863, 12494, 12533, 12986, 14039, 15024, 15342, 17291, 18828, 19606, 20065, 22138, 22152, 22707, 23598, 24506, 25733, 26241, 28063, 29220, 30112, 30418, 31442, 31887]
Iter#826 New set #6 of size 40 (137.7 its/hit = 0.833s/hit): seed=7363067182621987337 [163, 505, 2144, 2311, 3549, 4440, 4803, 5841, 6415, 6842, 7526, 7730, 8130, 9834, 11638, 13854, 14597, 15454, 15508, 15555, 15687, 18213, 18448, 18876, 19370, 20995, 21745, 22241, 23163, 25456, 26878, 27934, 27949, 28247, 28271, 28295, 28578, 31795, 32584, 32594]
Iter#858 New set #7 of size 40 (122.6 its/hit = 0.857s/hit): seed=7318027393910121157 [2677, 3211, 3438, 4959, 5019, 5175, 6708, 7158, 9197, 10462, 10610, 10755, 11114, 12098, 14561, 15499, 16115, 16246, 17476, 17540, 17715, 17748, 18179, 20118, 20637, 21539, 22505, 22906, 23268, 23725, 24153, 24555, 25083, 26970, 27812, 29396, 29878, 30115, 30286, 31949]
Iter#908 New set #8 of size 40 (113.5 its/hit = 0.750s/hit): seed=18405561472007423074 [2252, 2501, 2689, 3949, 4021, 4343, 5773, 5921, 6328, 7025, 7046, 7383, 8058, 8491, 8896, 10647, 10721, 12782, 12892, 13048, 13879, 14013, 14194, 14329, 15532, 16238, 16998, 17134, 17191, 18688, 20289, 21087, 22479, 25541, 26665, 28578, 29534, 30086, 30285, 32312]
Iter#999 New set #9 of size 40 (111.0 its/hit = 0.778s/hit): seed=274772276611637753 [726, 1309, 1577, 1909, 4617, 5115, 5258, 5790, 6324, 7491, 7808, 8001, 9191, 9508, 15675, 15951, 16642, 19545, 19872, 20236, 20436, 20638, 21079, 23040, 24660, 27232, 27446, 27760, 27789, 28194, 28819, 28923, 29152, 29917, 30587, 31328, 32037, 32574, 32606, 32629]
Iter#1100 New set #10 of size 40 (110.0 its/hit = 0.700s/hit): seed=6331303558416337792 [140, 348, 1998, 2701, 2807, 2967, 3063, 6189, 8041, 9421, 9566, 9661, 9950, 10304, 11934, 13138, 13483, 13799, 14508, 16720, 17063, 18149, 18859, 19673, 19813, 19841, 21264, 21626, 23452, 23951, 24197, 24844, 26046, 26117, 27280, 27432, 28510, 29905, 30405, 31778]
Iter#1901 New set #1 of size 41 (1901.0 its/hit = 13.000s/hit): seed=11216745728285959953 [747, 1339, 2479, 2705, 4322, 4448, 5834, 5981, 6012, 8445, 10418, 10707, 11234, 11298, 12647, 13468, 17461, 18918, 19145, 19871, 20405, 20747, 21220, 22028, 24406, 24507, 24674, 25298, 25623, 26512, 27613, 27626, 28048, 28400, 28445, 28944, 30460, 30536, 30914, 31240, 32656]
Iter#3435 New set #2 of size 41 (1717.5 its/hit = 12.000s/hit): seed=2208696621197901942 [937, 2148, 2784, 4176, 5630, 6034, 6697, 9365, 11351, 11824, 12725, 13178, 13923, 16474, 17697, 17813, 18085, 18555, 18759, 19477, 19655, 21005, 21089, 21562, 21994, 22498, 22612, 23323, 23916, 24496, 25202, 25260, 26565, 27550, 28496, 30258, 31490, 31524, 31548, 32442, 32676]
Iter#3556 New set #3 of size 41 (1185.3 its/hit = 8.333s/hit): seed=9815624114580024042 [189, 1025, 1197, 1655, 1754, 2074, 2653, 2702, 2869, 3244, 3876, 4522, 5073, 6453, 7256, 9500, 9954, 10497, 10848, 11952, 12360, 13175, 16706, 17390, 18101, 18589, 19317, 19421, 20049, 20635, 22574, 23004, 23982, 24106, 24746, 26217, 29790, 30594, 31094, 32078, 32655]
Iter#6489 New set #4 of size 41 (1622.2 its/hit = 11.500s/hit): seed=3078413673231143069 [203, 303, 1214, 1947, 4067, 8707, 9539, 10117, 11504, 12150, 12351, 13964, 14353, 14396, 14617, 15249, 15968, 16287, 16704, 17391, 17533, 17618, 17914, 18111, 18514, 19818, 20743, 21697, 21846, 22201, 23333, 24488, 26153, 26163, 26819, 27106, 28346, 28813, 31357, 31501, 32216]
Iter#7947 New set #5 of size 41 (1589.4 its/hit = 11.200s/hit): seed=8401171272279794113 [864, 911, 1928, 2297, 2510, 2718, 5168, 5488, 6749, 6880, 7128, 8061, 8670, 9554, 11520, 11853, 12165, 13832, 15625, 16739, 16899, 17787, 18568, 18582, 18859, 19902, 21654, 21800, 23186, 23390, 23846, 25872, 26121, 27789, 28079, 28923, 30726, 30870, 31672, 32163, 32758]
Iter#10353 New set #6 of size 41 (1725.5 its/hit = 12.333s/hit): seed=14571033990733660177 [72, 432, 686, 1923, 3947, 4659, 5477, 7810, 8126, 8791, 9214, 9783, 11356, 11997, 12108, 12776, 13411, 13602, 14837, 15167, 15291, 16341, 16618, 17362, 17619, 17622, 19700, 21379, 22381, 22502, 23327, 26551, 27052, 27962, 29475, 30303, 30673, 31572, 31670, 32064, 32461]
Iter#12071 New set #7 of size 41 (1724.4 its/hit = 12.286s/hit): seed=1603177935278625950 [952, 1520, 1683, 2182, 2233, 2422, 2425, 2775, 4258, 6159, 6263, 6799, 7650, 10416, 10516, 11592, 13235, 13445, 14389, 15091, 15377, 17441, 17910, 18495, 19190, 19701, 20058, 20193, 20925, 20993, 21631, 21795, 23413, 23884, 24231, 25903, 27427, 29674, 30400, 31648, 32701]
Iter#12279 New set #8 of size 41 (1534.9 its/hit = 11.000s/hit): seed=374705958767315590 [1620, 3644, 3837, 4538, 5098, 5422, 6760, 8706, 9766, 10463, 10588, 10692, 11150, 11165, 12781, 13402, 13661, 14888, 15298, 15869, 16390, 17083, 17731, 17913, 17942, 19503, 19833, 19949, 20271, 20437, 22173, 22814, 23198, 23949, 23996, 24545, 25682, 27004, 28894, 29024, 32481]
Iter#12304 New set #9 of size 41 (1367.1 its/hit = 9.778s/hit): seed=1145018594561522208 [2310, 2504, 2638, 3397, 3529, 4484, 6388, 6586, 7296, 8408, 8500, 9095, 9221, 10640, 13209, 13324, 13593, 13921, 14552, 17965, 17970, 18549, 19101, 19245, 19915, 20093, 20756, 20832, 22480, 23028, 23525, 23825, 25023, 25218, 25586, 25892, 26820, 27224, 29955, 30538, 32401]
Iter#14278 New set #10 of size 41 (1427.8 its/hit = 10.200s/hit): seed=13047983674519681305 [380, 495, 634, 675, 1187, 1793, 3335, 3387, 3545, 3751, 6636, 7374, 8154, 9830, 10309, 11265, 11969, 13516, 15676, 17042, 17444, 17486, 17740, 17819, 17975, 18036, 18509, 22913, 24011, 24460, 25393, 26340, 27312, 27721, 27989, 29589, 30167, 31136, 32119, 32488, 32671]
Iter#23610 New set #1 of size 42 (23610.0 its/hit = 169.000s/hit): seed=844035264998072348 [288, 297, 1997, 2423, 2907, 3980, 4146, 5163, 5694, 6746, 7106, 8303, 8805, 9128, 9339, 10071, 10151, 11474, 12345, 12992, 13269, 13837, 14717, 15338, 15385, 16365, 16698, 17035, 17045, 18150, 18918, 19700, 21682, 22023, 23671, 23717, 23946, 25599, 26362, 31874, 32144, 32704]
Iter#32669 New set #2 of size 42 (16334.5 its/hit = 117.500s/hit): seed=4422044494763117599 [915, 1785, 2779, 3782, 4596, 5857, 5974, 6671, 7882, 9460, 9512, 9727, 10733, 11189, 12465, 17417, 17549, 17695, 18017, 19433, 20917, 21031, 21260, 21516, 22106, 22477, 23055, 23096, 23266, 23659, 24836, 25191, 25493, 25579, 26498, 26752, 26932, 27063, 28215, 30265, 30338, 31938]
Iter#33791 New set #3 of size 42 (11263.7 its/hit = 81.000s/hit): seed=6951962360065676481 [181, 189, 414, 2113, 3225, 4612, 5843, 6836, 7118, 7204, 8198, 8408, 9784, 10227, 11957, 12063, 12068, 12140, 13084, 15938, 19751, 20083, 20159, 20488, 20775, 21323, 22165, 22257, 22777, 22781, 22944, 24048, 24635, 25125, 25736, 26695, 26997, 27277, 28388, 29634, 30026, 32572]
Iter#34365 New set #4 of size 42 (8591.2 its/hit = 62.000s/hit): seed=7631420838267952170 [165, 491, 2188, 3353, 4539, 4743, 6537, 6624, 6685, 7322, 8389, 8710, 12065, 13197, 13611, 13636, 13833, 14018, 14263, 16246, 16308, 17718, 18058, 18531, 20985, 23792, 25082, 25403, 25455, 25629, 26497, 26622, 28314, 28935, 29234, 29606, 29943, 30055, 31056, 31360, 31727, 31753]
Iter#46608 New set #5 of size 42 (9321.6 its/hit = 67.200s/hit): seed=16052680282549362795 [1172, 2169, 2173, 2776, 2784, 3851, 4037, 4188, 4375, 5476, 6479, 7701, 8824, 9476, 9801, 10806, 10875, 11964, 13961, 15116, 15356, 16842, 17049, 17905, 19170, 20591, 20933, 21677, 21952, 22504, 25289, 25712, 25744, 27044, 27114, 28687, 28983, 29197, 29435, 30425, 31522, 32162]
Iter#55710 New set #1 of size 43 (55710.0 its/hit = 403.000s/hit): seed=4623391967860888989 [778, 1216, 1384, 3677, 4842, 5613, 7630, 8165, 8265, 9057, 9552, 9925, 10185, 10986, 11373, 11443, 11769, 12039, 12142, 12204, 14371, 14442, 14495, 14972, 15959, 17014, 18072, 19069, 19398, 19570, 19819, 19843, 21670, 21801, 23367, 23433, 24104, 24226, 30802, 31471, 31780, 32161, 32382]
Iter#626492 New set #2 of size 43 (313246.0 its/hit = 2249.000s/hit): seed=300737812607995013 [155, 261, 2697, 3656, 4430, 4483, 4520, 4583, 5007, 5283, 6050, 6719, 7228, 7517, 7558, 7671, 9525, 9627, 12750, 13053, 13326, 13942, 14080, 16040, 16628, 16864, 18560, 19891, 19892, 21590, 22564, 24593, 27260, 27795, 28410, 28684, 29262, 29533, 30669, 31396, 31873, 32338, 32399]
Iter#809817 New set #3 of size 43 (269939.0 its/hit = 1937.667s/hit): seed=8989819079039268813 [700, 1336, 2320, 2373, 3921, 3949, 4246, 4316, 4969, 5343, 6072, 6720, 8349, 9745, 10806, 12358, 12913, 13618, 15163, 15226, 15885, 16111, 17430, 17496, 17603, 18347, 18931, 19700, 19961, 20956, 21141, 21302, 21972, 22902, 26730, 27025, 27046, 27284, 28041, 29785, 29928, 30832, 31228]
Iter#1654856 New set #4 of size 43 (413714.0 its/hit = 2959.250s/hit): seed=12364301555616176272 [597, 1243, 2342, 3849, 4066, 4164, 5343, 5669, 6346, 6807, 6937, 8866, 10022, 10284, 11244, 11596, 11742, 11819, 12139, 13810, 14831, 14868, 14976, 15288, 15315, 16885, 18516, 18567, 18674, 19409, 20979, 25225, 27422, 28722, 29390, 29416, 29683, 30285, 30935, 30960, 31380, 31419, 31740]
Iter#1775192 New set #5 of size 43 (355038.4 its/hit = 2539.400s/hit): seed=10979867240413575891 [1762, 2766, 3973, 5118, 5511, 5878, 6901, 8871, 9773, 10247, 10319, 10765, 11994, 12693, 13468, 13873, 15433, 15637, 15696, 15736, 15793, 15946, 16443, 16588, 17062, 17681, 19932, 20103, 23862, 24784, 25479, 25521, 26020, 27020, 27181, 27679, 28214, 28235, 28403, 28759, 29732, 30468, 32730]
Iter#1946637 New set #6 of size 43 (324439.5 its/hit = 2321.167s/hit): seed=13510251881869858240 [92, 875, 1477, 1742, 2796, 4560, 4826, 6819, 9500, 9628, 9820, 10223, 12055, 12230, 12716, 12796, 13270, 15134, 16248, 16737, 16840, 17317, 17505, 17649, 18387, 18671, 19541, 19967, 20705, 22380, 23080, 23089, 23474, 23823, 24385, 25275, 25391, 25745, 27015, 27439, 28678, 29418, 29480]
Iter#1974921 New set #7 of size 43 (282131.6 its/hit = 2018.428s/hit): seed=7893802931990558032 [419, 850, 1163, 1303, 1654, 2237, 2756, 2922, 3933, 5142, 5211, 6118, 7146, 7149, 7244, 9779, 10084, 10821, 11154, 12368, 12922, 13488, 14706, 14766, 14801, 15726, 17137, 17657, 18276, 18345, 18969, 22742, 23483, 24083, 24197, 24249, 25832, 26692, 26815, 26940, 27047, 28680, 29350]
