[*] Computing DDT
[+] DDT Computed
DDT took 23.603611738s
Iter#1 New set #1 of size 38 (1.0 its/hit = 0.000s/hit): seed=15838897237033418418 [2648, 2695, 2752, 2967, 3191, 4192, 4286, 6476, 7132, 7201, 7319, 7328, 7923, 9091, 9286, 10409, 11278, 11786, 11914, 12686, 12956, 13231, 14169, 14379, 14482, 14523, 15914, 17537, 18694, 20744, 23262, 23935, 25770, 28469, 29162, 30159, 30939, 31769]
Iter#2 New set #2 of size 38 (1.0 its/hit = 0.000s/hit): seed=8848774044707577180 [864, 2884, 4321, 5505, 5579, 6400, 7570, 8027, 8741, 9031, 9214, 9263, 10103, 10693, 11319, 12194, 12566, 16018, 17905, 18772, 18972, 19684, 20017, 20376, 20661, 20677, 21802, 23543, 24002, 24278, 24307, 25189, 25587, 26082, 28432, 29278, 31506, 32244]
Iter#3 New set #1 of size 39 (3.0 its/hit = 0.000s/hit): seed=17827479683156853103 [243, 1051, 3533, 3885, 4470, 5283, 5760, 6042, 7659, 8467, 9058, 9063, 10180, 10953, 12086, 15033, 15472, 16110, 18449, 19286, 21196, 22383, 22504, 23425, 24373, 25442, 25995, 26293, 26940, 27725, 27894, 28374, 28418, 28561, 28933, 29400, 30433, 31498, 31965]
Iter#24 New set #2 of size 39 (12.0 its/hit = 0.000s/hit): seed=8417234217405005039 [1783, 4581, 5092, 5947, 7344, 7609, 7790, 8334, 9552, 10946, 11778, 11897, 13285, 13393, 13498, 14550, 14630, 16865, 18756, 20136, 20526, 21074, 21545, 22075, 23361, 23703, 23712, 23915, 24737, 24844, 24886, 26308, 27890, 28094, 28806, 28936, 31354, 32231, 32289]
Iter#25 New set #3 of size 39 (8.3 its/hit = 0.000s/hit): seed=15057590421369013239 [205, 503, 1074, 3663, 3772, 5957, 6196, 6444, 7163, 7318, 7443, 9698, 10522, 11802, 12174, 12647, 13296, 13697, 13728, 15189, 15784, 18312, 18652, 19562, 19850, 20651, 20936, 22060, 22611, 25997, 26722, 27473, 27998, 28386, 29347, 29544, 29647, 30199, 31452]
Iter#26 New set #4 of size 39 (6.5 its/hit = 0.000s/hit): seed=16732889883208954742 [38, 439, 760, 1073, 1262, 1451, 2472, 3153, 4267, 4735, 6538, 6639, 8530, 8843, 10055, 10965, 11301, 11801, 11954, 13170, 14816, 15011, 16594, 17150, 18518, 19424, 20831, 21240, 21433, 23780, 24024, 26842, 26951, 28165, 28773, 28837, 30119, 32023, 32034]
Iter#45 New set #5 of size 39 (9.0 its/hit = 0.000s/hit): seed=2114956963394401118 [2942, 3285, 3512, 5009, 5415, 8183, 8723, 8760, 10614, 10845, 10851, 10970, 11209, 11909, 13066, 14293, 14676, 15130, 16749, 17505, 17561, 18029, 18404, 18609, 19932, 21669, 22121, 22629, 23392, 24638, 25707, 27104, 27435, 28769, 28949, 29359, 29960, 30382, 31301]
Iter#51 New set #6 of size 39 (8.5 its/hit = 0.000s/hit): seed=10371800054268909568 [1359, 1402, 1670, 3246, 3599, 4221, 4658, 4953, 6069, 7307, 8142, 9588, 9735, 11433, 11848, 11989, 12534, 13260, 13817, 15521, 16140, 17273, 17915, 18127, 18180, 18956, 19160, 20338, 20364, 21989, 22226, 23681, 25074, 25788, 26470, 29326, 31726, 31957, 32058]
Iter#55 New set #7 of size 39 (7.9 its/hit = 0.000s/hit): seed=5894724772883922244 [329, 398, 611, 1298, 2490, 3642, 4245, 4352, 6194, 6625, 6871, 8774, 10166, 10975, 11373, 11633, 11943, 12070, 12622, 13514, 14168, 16026, 17842, 18558, 20394, 21032, 21709, 22461, 24048, 24448, 24553, 25103, 25117, 25152, 25280, 26006, 28887, 30188, 32713]
Iter#83 New set #8 of size 39 (10.4 its/hit = 0.000s/hit): seed=5438294824835146929 [1191, 1332, 1424, 1716, 2729, 4563, 5455, 5742, 5891, 7879, 9873, 9963, 11159, 11620, 11645, 11730, 11957, 12049, 12183, 12441, 13447, 14103, 14255, 15453, 15928, 16753, 20241, 20683, 21074, 21132, 22899, 23058, 24027, 25273, 26488, 29615, 30183, 30269, 31105]
Iter#90 New set #9 of size 39 (10.0 its/hit = 0.000s/hit): seed=11255287354127225348 [68, 744, 2053, 3627, 4018, 6328, 7399, 7733, 9591, 10018, 10743, 11309, 13332, 13915, 14510, 14524, 15837, 16361, 16417, 16726, 16870, 17157, 19505, 19825, 22009, 22132, 22907, 23015, 24534, 25423, 26066, 26098, 26697, 26865, 27419, 29661, 29697, 32098, 32455]
Iter#92 New set #10 of size 39 (9.2 its/hit = 0.000s/hit): seed=18439454754853177209 [42, 185, 1014, 1015, 1017, 2660, 2725, 6450, 7228, 7301, 8114, 8760, 8931, 9635, 10132, 10176, 12676, 12807, 13528, 13679, 15114, 16367, 16828, 18165, 19057, 19151, 20576, 21448, 22061, 23310, 24154, 24285, 26166, 26746, 27842, 29932, 30759, 31276, 31878]
Iter#146 New set #1 of size 40 (146.0 its/hit = 0.000s/hit): seed=1560625146780501372 [222, 528, 1240, 2417, 4189, 4336, 5969, 6186, 8498, 11914, 11947, 12369, 12905, 13437, 13659, 13707, 13959, 15475, 16492, 17533, 18553, 20528, 20762, 22140, 25858, 26712, 27304, 27312, 27932, 28038, 28056, 28591, 28831, 29155, 29294, 30496, 31019, 31095, 31175, 32349]
Iter#276 New set #2 of size 40 (138.0 its/hit = 0.500s/hit): seed=1059513583537361284 [1500, 2374, 3180, 3617, 4345, 4735, 6536, 6817, 8142, 8539, 9992, 10053, 10122, 11170, 12828, 13178, 13684, 13759, 13936, 14918, 15047, 17178, 20030, 20088, 20225, 21150, 21637, 21880, 22609, 23396, 23718, 24170, 24693, 25106, 25384, 26948, 27774, 27785, 28951, 32572]
Iter#293 New set #3 of size 40 (97.7 its/hit = 0.333s/hit): seed=17500196983391068632 [75, 544, 1059, 1082, 3084, 3092, 3767, 4103, 4784, 5657, 5790, 7367, 7487, 8326, 10880, 11573, 12020, 12593, 13086, 13860, 17718, 18842, 19070, 19071, 19267, 20968, 21744, 21867, 23873, 24020, 24137, 25572, 25627, 29579, 29675, 30070, 30457, 30909, 31074, 31471]
Iter#428 New set #4 of size 40 (107.0 its/hit = 0.500s/hit): seed=7133962754936216749 [369, 912, 2458, 5993, 7081, 7181, 8639, 9306, 10613, 11206, 11815, 12729, 13117, 13327, 13775, 14906, 15825, 17652, 17728, 18561, 19025, 19170, 22142, 23438, 23956, 23974, 25134, 25597, 26886, 27833, 27991, 28267, 28972, 29510, 29968, 30692, 30798, 30955, 31173, 31539]
Iter#443 New set #5 of size 40 (88.6 its/hit = 0.400s/hit): seed=17208184164869836665 [723, 1542, 2061, 3945, 4372, 4473, 4671, 4960, 5041, 5253, 5634, 5793, 6751, 6871, 7600, 8444, 10100, 11007, 12933, 16158, 16422, 17583, 18148, 19352, 19959, 20875, 21486, 22169, 24396, 25468, 25608, 25712, 25917, 25940, 26160, 28949, 29631, 29988, 30962, 32528]
Iter#506 New set #6 of size 40 (84.3 its/hit = 0.333s/hit): seed=5317361201795134404 [1621, 1625, 1704, 1736, 2014, 2895, 3127, 4970, 5964, 7192, 7433, 8753, 9985, 10646, 10769, 11595, 11938, 12444, 13880, 14018, 14048, 14334, 14782, 18443, 18535, 18913, 22705, 23292, 24336, 24393, 24522, 25064, 25809, 28125, 29310, 30145, 30410, 30888, 31610, 32050]
Iter#517 New set #7 of size 40 (73.9 its/hit = 0.286s/hit): seed=16268250286107280442 [302, 410, 1013, 1866, 2748, 2977, 4196, 4334, 4742, 4872, 5268, 5468, 5949, 6648, 7045, 7185, 8438, 10343, 10972, 12684, 14093, 16023, 17108, 17214, 19913, 21080, 23287, 23546, 23911, 24962, 26010, 26020, 27758, 28145, 28224, 29270, 30853, 31012, 31265, 32360]
Iter#552 New set #8 of size 40 (69.0 its/hit = 0.250s/hit): seed=10747255547518756257 [330, 827, 1405, 2032, 2451, 3617, 4371, 5690, 8126, 9371, 9580, 9927, 10022, 10443, 11157, 11681, 12594, 13938, 14185, 14291, 14842, 15293, 15791, 15820, 16195, 17059, 18398, 19115, 19423, 20606, 23025, 25646, 25855, 26839, 29740, 30229, 30605, 30947, 31077, 32628]
Iter#597 New set #9 of size 40 (66.3 its/hit = 0.333s/hit): seed=9781548947508768587 [0, 1050, 1056, 3308, 3450, 4599, 6261, 6273, 6356, 9332, 10290, 12045, 12493, 13038, 14112, 14234, 14308, 15209, 17875, 18511, 19713, 20095, 20101, 20828, 21559, 22225, 23417, 24917, 28553, 28808, 29311, 29597, 29776, 30357, 31681, 32002, 32371, 32381, 32643, 32749]
Iter#630 New set #10 of size 40 (63.0 its/hit = 0.300s/hit): seed=8291102874031861856 [2413, 6184, 6327, 7210, 7665, 8462, 8835, 9486, 9559, 9690, 9697, 9825, 10630, 12672, 12879, 13313, 13416, 13964, 14314, 14685, 14927, 15293, 18484, 19208, 19344, 19694, 19724, 21120, 21334, 21576, 22086, 22564, 22921, 23877, 26266, 27427, 27700, 27856, 29025, 29412]
Iter#2053 New set #20 of size 40 (102.7 its/hit = 0.500s/hit): seed=1302524509461555521 [103, 966, 1057, 1716, 1750, 3482, 3544, 3547, 4557, 5026, 7770, 7954, 9188, 10534, 10641, 12663, 14373, 14796, 14861, 15869, 15935, 17097, 17533, 18477, 18617, 20903, 23183, 23838, 25031, 25691, 25846, 26798, 29188, 29854, 30284, 30295, 30296, 30691, 32506, 32528]
Iter#2817 New set #1 of size 41 (2817.0 its/hit = 14.000s/hit): seed=8765451482232704321 [876, 1143, 4091, 4505, 5162, 5723, 6114, 8700, 10281, 12058, 12125, 12245, 12497, 13338, 14310, 14497, 14557, 15396, 15463, 15771, 20952, 21102, 21798, 21922, 22535, 22790, 23235, 23916, 24609, 25195, 25491, 25539, 26184, 26747, 26935, 27493, 27607, 28221, 31921, 32054, 32577]
Iter#3571 New set #2 of size 41 (1785.5 its/hit = 9.000s/hit): seed=12990020414179916434 [394, 1659, 2209, 3175, 3598, 4467, 4799, 4958, 5499, 8008, 9227, 9472, 9513, 9772, 10071, 10685, 12483, 13285, 13379, 15331, 16212, 16248, 16468, 17220, 19355, 20077, 20260, 20308, 21317, 21755, 22699, 23280, 23411, 24364, 25429, 26426, 26762, 28090, 28287, 30717, 31240]
Iter#5771 New set #1 of size 43 (5771.0 its/hit = 29.000s/hit): seed=7090203605875058987 [848, 3718, 4252, 4560, 6317, 6493, 7319, 7402, 9987, 11069, 11105, 11777, 12899, 13329, 13387, 14319, 14450, 14663, 15467, 16332, 16342, 16880, 18084, 19244, 20028, 22155, 22358, 22510, 24492, 25105, 25602, 25765, 25932, 25995, 26528, 26696, 28534, 28820, 29044, 29347, 30896, 32511, 32744]
Iter#37382 New set #2 of size 43 (18691.0 its/hit = 97.000s/hit): seed=7257519095301954489 [900, 1039, 2293, 3883, 3935, 3962, 4874, 6357, 7203, 7698, 9724, 9768, 10274, 10346, 10681, 12631, 13170, 13959, 14884, 15552, 16309, 16392, 16449, 16462, 16657, 16707, 17897, 18167, 18207, 19155, 20552, 20740, 23638, 23688, 27049, 27594, 28329, 29130, 30109, 30896, 31942, 32102, 32133]
Iter#42408 New set #3 of size 43 (14136.0 its/hit = 73.333s/hit): seed=10254616930036647191 [937, 1223, 1997, 3087, 3765, 4629, 4822, 5397, 6339, 7717, 8631, 8806, 8857, 8950, 9439, 9534, 10004, 10963, 12004, 12163, 13765, 14054, 14206, 14336, 14472, 14945, 14969, 15536, 16515, 16592, 19645, 20453, 20775, 21442, 22377, 22496, 22810, 23100, 25622, 27002, 30925, 32464, 32667]
Iter#56285 New set #4 of size 43 (14071.2 its/hit = 73.000s/hit): seed=617596683653435482 [2473, 2576, 2605, 4087, 4684, 7893, 9078, 9680, 10373, 10661, 11432, 13984, 14200, 15527, 16180, 16637, 16645, 17252, 18662, 19492, 19808, 20162, 20533, 21071, 21732, 21787, 23092, 23192, 23375, 23629, 23996, 24481, 25068, 25321, 25879, 27076, 27616, 28001, 28745, 29893, 29997, 31165, 32153]
Iter#65872 New set #5 of size 43 (13174.4 its/hit = 68.400s/hit): seed=16363362438819566192 [880, 2495, 2932, 3119, 3449, 3677, 4909, 8398, 8971, 10372, 10426, 10565, 11761, 12574, 13068, 13571, 13632, 13872, 14047, 14782, 15458, 18104, 18759, 18806, 19797, 20289, 21306, 22371, 22620, 22762, 23178, 23815, 23844, 24079, 25198, 27236, 27398, 29121, 30006, 31245, 31845, 31889, 32171]
Iter#73937 New set #6 of size 43 (12322.8 its/hit = 64.000s/hit): seed=4687887384291087791 [417, 470, 1139, 1645, 1834, 2092, 2267, 2290, 3005, 3882, 5174, 6090, 6125, 6303, 6986, 7019, 7441, 7869, 8267, 8285, 8811, 9865, 11143, 12207, 12497, 13030, 13699, 13996, 18255, 18705, 21278, 21802, 23790, 24405, 24570, 25635, 26032, 26557, 30153, 31209, 31272, 31620, 32231]
Iter#84226 New set #7 of size 43 (12032.3 its/hit = 62.429s/hit): seed=7983656697913814768 [270, 314, 1316, 1381, 2060, 2711, 3074, 3683, 4134, 4182, 5443, 5630, 6340, 8325, 9178, 10133, 11218, 11466, 12347, 13513, 14741, 15103, 15193, 15732, 17633, 17717, 17853, 19039, 20262, 21465, 24614, 24981, 26071, 26551, 26801, 26841, 27911, 28402, 28901, 29275, 29610, 31067, 32282]
Iter#89482 New set #8 of size 43 (11185.2 its/hit = 58.125s/hit): seed=1159993391668234046 [913, 5250, 5267, 5855, 7466, 8637, 10374, 11008, 11575, 11606, 12783, 13170, 13213, 13821, 14778, 15089, 15412, 16212, 16221, 18336, 18403, 19270, 20099, 20132, 21273, 23094, 23131, 23143, 24351, 24499, 24687, 25413, 25851, 26618, 27058, 27357, 27779, 27792, 28865, 29005, 29682, 30522, 30874]
Iter#108635 New set #9 of size 43 (12070.6 its/hit = 63.889s/hit): seed=8999250203413983545 [815, 1355, 1623, 2915, 3737, 5875, 6201, 6297, 6416, 7129, 8557, 9145, 9182, 9476, 10228, 10233, 11458, 11629, 11772, 12805, 12955, 14087, 14258, 14445, 14735, 14854, 14913, 17243, 17290, 18901, 20197, 20565, 21267, 21565, 24408, 24545, 26770, 28018, 28671, 29356, 30547, 30586, 31513]
Iter#133232 New set #10 of size 43 (13323.2 its/hit = 70.600s/hit): seed=12403307922006409059 [841, 1320, 1878, 4739, 5556, 5785, 5816, 6556, 6718, 6838, 7335, 8042, 9398, 9479, 9989, 10883, 10990, 11007, 11503, 12126, 13104, 13254, 14350, 14613, 17059, 18142, 19025, 19999, 21178, 22708, 23141, 23197, 24782, 26317, 26554, 26820, 27388, 28271, 28337, 28347, 28858, 31900, 32113]
Iter#286942 New set #1 of size 45 (286942.0 its/hit = 1516.000s/hit): seed=5159239342960739949 [1052, 2182, 2445, 3135, 3361, 3799, 3960, 4351, 4671, 6113, 7130, 7760, 8292, 8829, 9088, 9388, 11686, 15447, 17035, 17112, 17524, 18402, 19483, 20134, 21176, 21311, 21538, 21553, 23807, 23837, 24108, 24503, 24759, 26193, 26293, 27039, 27791, 27867, 29156, 29774, 31230, 31551, 31629, 31873, 31938]
Iter#352038 New set #2 of size 45 (176019.0 its/hit = 927.000s/hit): seed=14539433380876891272 [406, 643, 1810, 1964, 3413, 3551, 3706, 7524, 7614, 7718, 7757, 8499, 8640, 9994, 10536, 11223, 12431, 13225, 13260, 13432, 14540, 15317, 16276, 16448, 17601, 17867, 17869, 18401, 19601, 20719, 21223, 21779, 22219, 22445, 23401, 24333, 25314, 25568, 25908, 26245, 28570, 30179, 31200, 31717, 32400]
Iter#661353 New set #3 of size 45 (220451.0 its/hit = 1149.333s/hit): seed=17513179244733778316 [925, 1162, 1187, 1350, 1383, 2012, 2899, 3841, 4755, 6020, 6199, 7149, 7638, 7953, 9479, 9698, 10238, 10289, 11919, 13653, 14738, 14805, 15115, 15280, 15915, 15924, 16010, 17686, 18106, 18241, 18768, 20925, 21121, 21410, 24140, 26599, 27981, 29692, 29880, 30183, 31053, 31425, 31440, 31769, 32584]
Iter#683077 New set #1 of size 46 (683077.0 its/hit = 3560.000s/hit): seed=16872840768212076778 [1132, 1168, 1440, 2033, 3132, 3389, 4035, 4592, 5521, 6521, 8056, 8132, 8772, 9589, 10091, 10218, 10616, 12333, 13057, 13333, 14801, 15267, 15942, 20224, 20491, 20599, 20631, 20921, 21626, 23378, 23628, 23817, 23844, 23865, 24309, 25594, 26248, 26362, 27433, 29027, 29202, 29534, 29947, 30587, 31299, 31877]
Iter#909585 New set #2 of size 46 (454792.5 its/hit = 2363.500s/hit): seed=12808070731863523733 [262, 835, 1174, 1923, 3604, 4289, 4562, 4631, 4949, 5496, 5914, 7140, 7958, 8263, 8991, 9011, 9094, 10005, 10160, 11163, 14911, 15153, 15621, 16063, 16929, 17518, 17863, 19519, 20082, 20855, 22092, 22467, 22644, 23557, 25093, 26283, 26445, 27332, 27343, 27812, 28565, 29039, 29331, 29656, 29962, 32484]
Iter#2748306 New set #1 of size 47 (2748306.0 its/hit = 14308.000s/hit): seed=18009680449375347964 [566, 1211, 2271, 2866, 3599, 4881, 5448, 6307, 6695, 6929, 7187, 7847, 8254, 8275, 8712, 9118, 11021, 11832, 12012, 12672, 12955, 13030, 13116, 13385, 13677, 16642, 16907, 17133, 17266, 17332, 17881, 20137, 20331, 20358, 20755, 21403, 21617, 23781, 24802, 25187, 26728, 27396, 27717, 29707, 31695, 31835, 32164]
