[*] Computing DDT
[+] DDT Computed
DDT took 22.998086673s
Iter#1 New set #1 of size 36 (1.0 its/hit = 0.000s/hit): seed=2964575578370279825 [912, 2411, 4273, 4740, 5362, 5530, 7871, 8181, 8682, 10232, 11199, 12355, 13897, 14475, 17858, 19319, 21126, 21346, 21428, 22096, 22219, 23613, 23649, 24028, 24068, 24416, 24706, 25867, 26199, 27243, 28082, 29209, 29888, 30594, 31338, 32377]
Iter#2 New set #1 of size 39 (2.0 its/hit = 0.000s/hit): seed=1262252323720053698 [1946, 2873, 3792, 5736, 5817, 6574, 7593, 7850, 7918, 8007, 8638, 9201, 9276, 9569, 9809, 10186, 10907, 12104, 17242, 18104, 19262, 21604, 22166, 23022, 23227, 23419, 23468, 25744, 26661, 27161, 28066, 28197, 28790, 29123, 29317, 29979, 30431, 31043, 31202]
Iter#48 New set #1 of size 41 (48.0 its/hit = 0.000s/hit): seed=14102577178502265412 [208, 700, 1374, 1493, 1661, 2571, 2581, 7333, 7623, 8202, 10047, 10070, 10912, 12276, 12940, 14369, 15746, 16072, 19247, 19554, 20385, 21221, 21307, 21467, 22675, 23001, 23906, 24980, 25639, 26712, 27055, 28784, 28849, 29502, 30025, 30255, 30347, 30366, 30604, 31229, 32055]
Iter#1285 New set #2 of size 41 (642.5 its/hit = 3.000s/hit): seed=571158066489167251 [117, 764, 858, 1480, 2321, 3026, 3225, 4172, 4270, 4341, 5894, 6357, 6736, 6835, 7561, 7640, 7794, 9668, 13214, 13455, 14682, 17266, 17731, 17906, 17950, 18138, 18746, 19841, 20304, 20763, 22397, 24005, 24135, 24857, 25272, 27498, 29043, 29124, 29742, 30606, 31130]
Iter#6497 New set #3 of size 41 (2165.7 its/hit = 11.000s/hit): seed=16576420524321976350 [218, 366, 437, 487, 693, 806, 1456, 3113, 7773, 8549, 9697, 11131, 11383, 12176, 12202, 13081, 14729, 15464, 16762, 20249, 21091, 22067, 22719, 23100, 23129, 23586, 23593, 24139, 24673, 26988, 27221, 28268, 29170, 29528, 29845, 30772, 31189, 31781, 32221, 32276, 32292]
Iter#7180 New set #4 of size 41 (1795.0 its/hit = 9.250s/hit): seed=11674743121358329687 [199, 289, 908, 960, 1925, 2025, 2111, 2183, 2308, 2310, 2807, 3440, 4846, 6892, 9010, 9373, 10046, 11026, 11530, 11987, 15050, 17664, 19583, 21673, 23295, 23312, 24072, 24343, 24483, 24712, 25741, 26028, 26616, 27319, 27911, 28417, 28424, 30804, 31934, 32431, 32570]
Iter#7662 New set #5 of size 41 (1532.4 its/hit = 7.800s/hit): seed=17287999147506128742 [94, 309, 2509, 3047, 3173, 4136, 5173, 6799, 8414, 9613, 11420, 11725, 12505, 12679, 14460, 14507, 14690, 14829, 15060, 16018, 16667, 17966, 19061, 19084, 19598, 20363, 20539, 20947, 21595, 21608, 21981, 22032, 24352, 25031, 27405, 28522, 29493, 30911, 31018, 31166, 31900]
Iter#7766 New set #6 of size 41 (1294.3 its/hit = 6.667s/hit): seed=13576783575570887148 [60, 180, 375, 2426, 2717, 3329, 5641, 5977, 8269, 9071, 10773, 10983, 11393, 11842, 11856, 12076, 12666, 13249, 17251, 19119, 20050, 20624, 22025, 22326, 22633, 22648, 22789, 24286, 25416, 26346, 27893, 27924, 29477, 29649, 30180, 30485, 30682, 31410, 31443, 31720, 32612]
Iter#10058 New set #1 of size 42 (10058.0 its/hit = 52.000s/hit): seed=9242312781357305605 [271, 319, 595, 1371, 1390, 3186, 5197, 6804, 7314, 7486, 8528, 8873, 9099, 10460, 11563, 16291, 16779, 16916, 17279, 18151, 18402, 18702, 21307, 21392, 21609, 24143, 24788, 25212, 25422, 26263, 26606, 27486, 27841, 28340, 28441, 28622, 28827, 28994, 30158, 30463, 30573, 32549]
Iter#20529 New set #2 of size 42 (10264.5 its/hit = 53.000s/hit): seed=1794427158585030384 [26, 426, 2583, 3136, 3672, 4586, 4682, 4746, 5922, 6971, 10284, 10480, 12123, 12147, 13521, 14786, 15183, 15677, 16207, 17109, 17517, 18000, 18117, 18137, 18318, 18848, 18943, 19682, 20427, 23731, 25924, 25935, 25946, 27152, 27279, 27357, 27683, 28336, 29614, 30033, 30508, 31753]
Iter#23911 New set #3 of size 42 (7970.3 its/hit = 41.333s/hit): seed=449076355260457862 [1348, 1427, 1905, 3217, 3247, 3551, 4571, 4963, 5194, 5265, 5666, 7108, 7494, 7974, 8130, 8216, 8560, 8720, 9229, 10211, 11737, 11778, 13022, 13042, 13178, 13559, 13812, 13940, 18557, 21662, 21954, 22254, 22312, 22825, 25568, 26335, 26759, 27132, 27714, 29016, 31121, 32455]
Iter#26041 New set #1 of size 43 (26041.0 its/hit = 135.000s/hit): seed=11693270304894585305 [1054, 1085, 1239, 1257, 1261, 1297, 4173, 7433, 8490, 8864, 8893, 9579, 10115, 10303, 10369, 10900, 11725, 13075, 13970, 15188, 16478, 17905, 20206, 20345, 21321, 21698, 22132, 22846, 22930, 23396, 23933, 24070, 24467, 24559, 25594, 25673, 25852, 27795, 27890, 30611, 31259, 31459, 32124]
Iter#34178 New set #1 of size 44 (34178.0 its/hit = 177.000s/hit): seed=11106734138456759605 [325, 4412, 4573, 5904, 6857, 6998, 7286, 7433, 7534, 7872, 7958, 8697, 9240, 9918, 10893, 14019, 14325, 16808, 16864, 18651, 18819, 19246, 19557, 19820, 20153, 20387, 20631, 20658, 21324, 21839, 24993, 25955, 26472, 26845, 28299, 28364, 28457, 28769, 29137, 29474, 30213, 30221, 30805, 31410]
Iter#217080 New set #1 of size 46 (217080.0 its/hit = 1137.000s/hit): seed=10134761705189562541 [1014, 1324, 2037, 3233, 4630, 4637, 4869, 5330, 5432, 6260, 6774, 7245, 7266, 7515, 7810, 9308, 9808, 9845, 11258, 11438, 12453, 13686, 13716, 13963, 14527, 14970, 16089, 16509, 17636, 18008, 19168, 19772, 20601, 21522, 23265, 23833, 24806, 26145, 26491, 26609, 26755, 27063, 27552, 29153, 29170, 32220]
Iter#246931 New set #2 of size 46 (123465.5 its/hit = 647.000s/hit): seed=9618342045957344096 [255, 271, 2026, 2033, 3603, 3689, 4360, 4746, 5552, 6872, 8204, 10117, 10175, 10203, 10508, 12122, 13455, 13581, 14234, 14569, 14750, 15087, 15477, 17852, 18090, 18293, 19114, 19661, 20437, 21016, 21618, 21677, 21766, 22615, 22648, 23238, 24709, 24842, 26604, 26710, 26965, 28813, 30060, 30718, 32018, 32733]
Iter#586721 New set #1 of size 47 (586721.0 its/hit = 3083.000s/hit): seed=16044104552513648424 [207, 218, 748, 1707, 2581, 2964, 3262, 3556, 4331, 4378, 4438, 4659, 5437, 6016, 6570, 6913, 7927, 8078, 8878, 8899, 10229, 11364, 12523, 12644, 14371, 15216, 15430, 16077, 16105, 17274, 17306, 17400, 19421, 19656, 20671, 20721, 20825, 20962, 21042, 21923, 23716, 24457, 26568, 28413, 29303, 29600, 32035]
