[*] Computing DDT
[+] DDT Computed
DDT took 23.450101254s
Iter#1 New set #1 of size 36 (1.0 its/hit = 0.000s/hit): seed=8599522146083734221 [2339, 2758, 3161, 5314, 5389, 5538, 6143, 6283, 6558, 7976, 7987, 8146, 9742, 10670, 10893, 13156, 13518, 13959, 14125, 15255, 15399, 17287, 17342, 22214, 25069, 25927, 26492, 27404, 27527, 27713, 30033, 30097, 30748, 30760, 31538, 32531]
Iter#2 New set #1 of size 37 (2.0 its/hit = 0.000s/hit): seed=11187864759170629377 [212, 1503, 2926, 4539, 4731, 4902, 7886, 8509, 9884, 11684, 15254, 16432, 16766, 17605, 18083, 18479, 18806, 18845, 19281, 19292, 19352, 19523, 19881, 20425, 20591, 21536, 24752, 25214, 26005, 26317, 27314, 27474, 28163, 28285, 29538, 30169, 32222]
Iter#5 New set #2 of size 37 (2.5 its/hit = 0.000s/hit): seed=6252120014172103424 [393, 752, 2056, 2324, 3331, 5069, 6320, 6763, 6783, 7037, 7286, 7921, 8716, 8899, 9008, 9257, 9579, 10746, 12890, 13256, 15106, 15747, 16466, 17864, 20064, 20719, 22035, 22916, 23628, 24059, 24701, 24987, 26023, 28498, 29189, 32017, 32333]
Iter#6 New set #3 of size 37 (2.0 its/hit = 0.000s/hit): seed=2601866669660417211 [249, 622, 1441, 3112, 3264, 4889, 5139, 5468, 5915, 6162, 8437, 10439, 11150, 11824, 12160, 12311, 12945, 15721, 17566, 18823, 18917, 19796, 20236, 21047, 21064, 22152, 23053, 24782, 25494, 26288, 26403, 27696, 28097, 28653, 30948, 31756, 31852]
Iter#8 New set #4 of size 37 (2.0 its/hit = 0.000s/hit): seed=12808958526382663403 [620, 790, 1195, 1275, 3677, 4414, 4897, 5223, 6033, 6297, 6583, 7108, 7454, 7458, 7609, 8061, 8866, 10441, 15263, 16235, 16790, 17454, 18775, 22512, 22904, 23943, 26123, 26814, 28829, 29636, 30418, 30644, 30891, 31127, 31967, 32492, 32695]
Iter#11 New set #1 of size 38 (11.0 its/hit = 0.000s/hit): seed=14798495935390445528 [26, 235, 452, 1605, 1976, 4129, 4577, 5489, 5831, 6324, 6557, 8940, 8945, 10643, 10976, 11570, 15699, 15716, 16439, 17799, 18628, 18648, 20827, 21334, 22003, 22308, 23012, 23615, 23781, 24471, 25694, 27937, 28021, 28053, 28259, 28964, 29785, 32280]
Iter#12 New set #2 of size 38 (6.0 its/hit = 0.000s/hit): seed=7868864579504044370 [997, 1767, 1956, 2189, 2552, 2571, 3219, 3507, 4662, 4911, 5945, 6289, 7014, 7835, 10776, 11158, 11722, 13030, 13379, 16667, 16790, 17824, 18095, 18294, 18499, 18768, 19844, 19979, 20197, 22185, 23063, 23172, 24431, 28036, 29921, 30293, 30649, 31145]
Iter#17 New set #3 of size 38 (5.7 its/hit = 0.000s/hit): seed=11855322130857974184 [330, 1489, 2538, 2670, 3132, 4831, 6392, 6873, 7224, 8072, 8712, 8801, 9580, 11506, 11789, 11790, 12044, 12660, 13237, 13553, 14375, 16967, 17114, 18065, 22250, 22483, 23640, 23884, 26302, 26628, 27057, 28597, 29770, 30163, 30810, 31521, 31525, 32520]
Iter#23 New set #4 of size 38 (5.8 its/hit = 0.000s/hit): seed=5235076041128906012 [352, 972, 2047, 2251, 2664, 4899, 5348, 6004, 6376, 7670, 8234, 8403, 9824, 10926, 11632, 12302, 13146, 15272, 16673, 17191, 17368, 19143, 21592, 22434, 22575, 22902, 23078, 23224, 23362, 24276, 26999, 27082, 27340, 27427, 27675, 29893, 30671, 31071]
Iter#28 New set #1 of size 39 (28.0 its/hit = 0.000s/hit): seed=10013919377830024881 [2, 384, 1354, 4037, 4659, 5649, 5911, 6060, 6558, 8327, 9650, 9668, 10152, 10554, 10742, 10983, 11757, 11768, 13038, 13152, 13822, 14993, 15910, 16440, 16933, 17252, 21129, 21305, 21948, 22440, 25135, 25381, 27064, 27341, 28071, 28634, 29673, 30780, 32399]
Iter#37 New set #2 of size 39 (18.5 its/hit = 0.000s/hit): seed=18192057976796411073 [356, 1561, 1664, 2732, 3185, 3640, 4508, 5778, 7579, 7845, 8219, 10481, 11033, 11412, 12235, 12654, 12964, 13303, 14942, 15088, 15445, 16839, 17551, 17952, 18576, 19888, 20162, 22184, 22494, 24124, 24203, 25560, 25858, 27437, 28481, 28957, 29172, 30347, 31436]
Iter#51 New set #3 of size 39 (17.0 its/hit = 0.000s/hit): seed=16461587348879163019 [371, 2095, 2100, 2160, 3089, 3435, 5708, 6212, 8767, 9372, 11416, 11536, 11935, 13071, 13074, 13861, 14099, 15235, 17748, 17819, 18283, 19322, 19822, 20153, 20205, 21516, 21898, 21931, 22336, 24481, 24605, 24787, 25251, 26392, 27779, 28105, 30773, 31284, 32763]
Iter#63 New set #1 of size 41 (63.0 its/hit = 0.000s/hit): seed=16710400939159197793 [705, 876, 1610, 1835, 2169, 2314, 2352, 3375, 3864, 4068, 6667, 6946, 7093, 7632, 8108, 8577, 9274, 10431, 10528, 11914, 13007, 13634, 14096, 15199, 15543, 16854, 17582, 17600, 19522, 20337, 22593, 23189, 23225, 23670, 23797, 25105, 28973, 30103, 30752, 31244, 32203]
Iter#1037 New set #1 of size 43 (1037.0 its/hit = 7.000s/hit): seed=7246456104060941532 [1564, 2579, 3220, 4265, 4540, 4802, 5136, 5789, 6514, 6771, 6891, 9114, 10104, 10588, 10748, 12700, 12895, 13189, 13512, 15131, 15707, 16422, 16676, 17106, 17978, 18865, 19234, 20768, 22573, 23950, 25521, 26734, 26974, 28139, 28625, 29454, 29460, 30218, 30462, 30775, 31068, 32124, 32254]
Iter#2312 New set #2 of size 43 (1156.0 its/hit = 7.500s/hit): seed=10973103048461626455 [119, 339, 2314, 2319, 3258, 3682, 5320, 6844, 7254, 7568, 7934, 8088, 8375, 8717, 9685, 9710, 9787, 10699, 12101, 12173, 12954, 13435, 15071, 15550, 15628, 15921, 16364, 17157, 17799, 19436, 19494, 19629, 22454, 23269, 23630, 23844, 25177, 25539, 25560, 30012, 31115, 32242, 32701]
Iter#13750 New set #1 of size 44 (13750.0 its/hit = 96.000s/hit): seed=17590463769088829096 [89, 982, 1049, 1131, 1259, 1576, 2124, 2725, 3196, 3789, 3834, 5443, 7719, 8416, 8710, 11188, 11726, 13797, 14016, 14056, 14692, 15753, 17231, 18611, 20648, 21550, 21954, 22854, 24407, 24664, 26158, 26426, 27024, 27192, 28836, 29094, 29373, 29530, 30626, 30893, 30946, 31068, 31432, 32010]
Iter#38382 New set #2 of size 44 (19191.0 its/hit = 134.500s/hit): seed=9254310961328413866 [842, 949, 2376, 2675, 3234, 3905, 4592, 4804, 4845, 5880, 6085, 8005, 8076, 8788, 9008, 9083, 9765, 9929, 10362, 11355, 12614, 12975, 13930, 13959, 14773, 16175, 18923, 19778, 20034, 21557, 24014, 24635, 24668, 25540, 25599, 26773, 27589, 27806, 29698, 30685, 30825, 30839, 31397, 31605]
Iter#78325 New set #3 of size 44 (26108.3 its/hit = 182.000s/hit): seed=16960125370836253900 [135, 3625, 4712, 5213, 6329, 7670, 8725, 9574, 10462, 10477, 10627, 10973, 11201, 12107, 12879, 14537, 14761, 15374, 17230, 17312, 17778, 18325, 18575, 19691, 20017, 21484, 21521, 21584, 21936, 23603, 23765, 24514, 24904, 24953, 26146, 26810, 26989, 27962, 30162, 30820, 31192, 31212, 31341, 31394]
Iter#256913 New set #1 of size 46 (256913.0 its/hit = 1800.000s/hit): seed=3527734110927104813 [951, 2764, 2945, 4736, 6535, 6672, 7135, 7523, 9027, 10076, 10731, 12182, 12289, 12575, 12870, 13155, 13668, 15190, 16650, 16731, 16971, 17107, 17355, 17555, 18345, 19129, 21077, 21744, 22582, 22839, 23558, 23624, 23759, 24082, 24125, 26182, 26196, 27216, 28668, 28913, 29252, 30037, 30940, 31163, 32186, 32247]
Iter#438855 New set #1 of size 47 (438855.0 its/hit = 3073.000s/hit): seed=14767452653235454367 [198, 1039, 1403, 1493, 1809, 2954, 3169, 3642, 5537, 6494, 8465, 8547, 9389, 9802, 10690, 11645, 11726, 13274, 13303, 14375, 14576, 14796, 14914, 18568, 19026, 19163, 19198, 19864, 20393, 20411, 22355, 23959, 24753, 25162, 25882, 26598, 26963, 27397, 27614, 28553, 28887, 29268, 30115, 31085, 31215, 32461, 32542]
Iter#441745 New set #2 of size 47 (220872.5 its/hit = 1546.500s/hit): seed=5105546328429708498 [224, 1172, 1774, 3314, 3638, 4343, 4776, 4988, 5553, 6114, 7322, 8194, 8419, 8860, 8875, 9893, 11419, 12090, 12227, 12603, 12671, 14753, 14886, 15435, 17718, 18255, 18650, 19706, 21829, 22606, 22714, 22879, 24109, 24240, 24526, 24560, 24988, 24999, 25545, 27880, 28563, 28664, 29984, 30630, 30875, 31835, 31971]
