[*] Computing DDT
[+] DDT Computed
DDT took 23.613664429s
Iter#1 New set #1 of size 36 (1.0 its/hit = 0.000s/hit): seed=8280890434237217385 [2054, 2203, 2792, 2871, 2959, 4585, 5858, 7952, 10295, 10322, 11662, 12413, 12949, 13436, 15294, 16471, 17315, 19847, 20857, 22897, 23576, 24341, 24363, 24951, 26783, 27860, 28106, 29005, 29089, 29628, 30359, 30439, 30738, 31502, 31630, 32763]
Iter#2 New set #2 of size 36 (1.0 its/hit = 0.000s/hit): seed=1310184431460250717 [593, 651, 913, 1912, 1965, 2325, 2633, 2634, 4225, 7283, 7760, 8529, 9054, 10296, 10982, 11358, 12318, 12705, 16572, 16606, 17787, 17950, 19596, 20202, 23268, 25933, 26908, 26938, 27380, 27446, 27712, 28281, 28495, 29130, 29221, 31785]
Iter#3 New set #1 of size 37 (3.0 its/hit = 0.000s/hit): seed=9366885730472956781 [260, 2355, 2972, 3728, 4177, 4433, 4505, 5043, 5352, 5830, 5935, 6207, 7445, 8415, 8720, 10991, 11499, 12403, 12487, 14136, 16087, 17468, 17923, 18043, 18266, 18497, 18596, 19269, 20898, 21468, 24533, 25821, 26195, 26683, 27823, 28495, 30271]
Iter#4 New set #2 of size 37 (2.0 its/hit = 0.000s/hit): seed=18060402562446844964 [235, 2135, 3583, 6891, 8066, 8335, 8479, 8482, 10132, 10677, 10882, 10970, 11015, 12468, 15230, 15410, 15904, 16703, 17633, 18237, 20069, 20227, 21457, 21637, 23435, 23494, 23654, 23992, 26645, 27544, 27966, 28351, 28774, 28988, 29143, 29315, 30359]
Iter#7 New set #3 of size 37 (2.3 its/hit = 0.000s/hit): seed=100632889558019393 [114, 735, 1381, 1473, 3076, 3097, 3164, 4194, 4678, 5182, 5726, 5986, 6603, 7613, 8423, 9275, 12253, 13145, 13358, 13385, 14049, 18028, 18077, 19683, 20301, 22768, 23988, 24913, 25790, 26220, 26598, 27631, 28786, 28895, 29659, 29997, 30938]
Iter#9 New set #4 of size 37 (2.2 its/hit = 0.000s/hit): seed=15221001430852633566 [1768, 1852, 4138, 5052, 5601, 7774, 7989, 10088, 11035, 12271, 13070, 15160, 16169, 16744, 16852, 17257, 17339, 17970, 19637, 20401, 20440, 21217, 21643, 22206, 22523, 23352, 24674, 25516, 25596, 25687, 27391, 29412, 30788, 31418, 31441, 32076, 32271]
Iter#10 New set #1 of size 38 (10.0 its/hit = 0.000s/hit): seed=15410250519921450662 [792, 2265, 3365, 6390, 7285, 7735, 8179, 8214, 8246, 9271, 10797, 11346, 11425, 12554, 12657, 14378, 14684, 14687, 14691, 17496, 17609, 17953, 18679, 18972, 20154, 23433, 24306, 25164, 25298, 25442, 26069, 28210, 28587, 30497, 31001, 31139, 31332, 32096]
Iter#14 New set #2 of size 38 (7.0 its/hit = 0.000s/hit): seed=8083478606999476261 [1590, 2827, 3110, 3648, 5378, 5706, 5918, 8140, 8931, 9342, 9571, 10760, 10911, 11119, 12536, 12713, 12750, 13806, 14089, 14694, 14730, 15497, 18738, 19051, 19277, 20593, 21182, 23902, 24337, 25575, 26541, 26661, 26684, 28262, 28334, 29795, 29881, 32706]
Iter#15 New set #3 of size 38 (5.0 its/hit = 0.000s/hit): seed=1109301248826885762 [2215, 2577, 3516, 4821, 4883, 5872, 6083, 6092, 8373, 9114, 10657, 13255, 14006, 16686, 17699, 18501, 18686, 19549, 19565, 19615, 21619, 22679, 25105, 25781, 26749, 26882, 26994, 28390, 29287, 29686, 29914, 30411, 30933, 31770, 32026, 32617, 32663, 32734]
Iter#17 New set #4 of size 38 (4.2 its/hit = 0.000s/hit): seed=12886636860465924040 [15, 594, 1446, 1899, 3745, 4327, 4462, 5337, 8726, 9262, 9301, 9578, 10636, 11053, 11932, 12260, 13580, 13824, 13827, 14292, 15906, 16440, 16586, 18036, 19682, 22043, 22069, 22253, 22993, 23164, 23419, 25815, 26110, 27248, 29048, 31454, 31532, 32297]
Iter#19 New set #5 of size 38 (3.8 its/hit = 0.000s/hit): seed=1480271501970776866 [0, 1811, 1922, 2294, 5156, 7346, 7874, 9610, 10047, 10460, 12007, 13760, 14086, 15309, 15764, 15981, 16322, 16483, 16613, 17759, 18181, 18858, 18919, 20809, 21422, 22175, 22809, 23159, 24530, 25044, 25550, 25661, 27641, 28300, 28712, 30633, 32354, 32643]
Iter#20 New set #1 of size 39 (20.0 its/hit = 0.000s/hit): seed=10666496440013073492 [1375, 1795, 1982, 3833, 3898, 5368, 5396, 5762, 5852, 7900, 8753, 9462, 12070, 12347, 12712, 13478, 13652, 13743, 13949, 14008, 17128, 17762, 19285, 19399, 19513, 19611, 19933, 20752, 21059, 21122, 22754, 23628, 25259, 25272, 26942, 27758, 28948, 30956, 32057]
Iter#48 New set #2 of size 39 (24.0 its/hit = 0.000s/hit): seed=8439695637687225960 [242, 3230, 4259, 5719, 6608, 6781, 7796, 7877, 8902, 9213, 9453, 9518, 10410, 12356, 14051, 14201, 14914, 15279, 15959, 16297, 18206, 18613, 19201, 21015, 22672, 22920, 23614, 24258, 25613, 25846, 26056, 27145, 28158, 29609, 29819, 30602, 30828, 31680, 32139]
Iter#84 New set #3 of size 39 (28.0 its/hit = 0.000s/hit): seed=14114505894223807222 [327, 1878, 2524, 2838, 3945, 4782, 5205, 5451, 5924, 8389, 8467, 9057, 11583, 11615, 11982, 13898, 14091, 14738, 15804, 17174, 18276, 18338, 18344, 20608, 21952, 23420, 23859, 24219, 24680, 27400, 27403, 28926, 29131, 29476, 31154, 31525, 31747, 32401, 32702]
Iter#169 New set #1 of size 40 (169.0 its/hit = 0.000s/hit): seed=8363270202689467561 [2035, 2092, 2394, 3650, 4058, 6739, 6815, 9548, 10374, 10550, 10657, 10931, 11143, 12537, 12681, 14066, 14776, 14835, 16904, 17324, 17865, 18541, 18776, 20521, 20684, 21333, 21736, 23858, 24597, 26265, 26418, 27974, 28285, 28578, 29932, 30386, 30496, 30520, 30892, 32254]
Iter#344 New set #1 of size 42 (344.0 its/hit = 1.000s/hit): seed=3285611545003580335 [772, 2662, 3746, 4424, 5381, 6915, 7173, 7266, 7597, 8430, 8599, 9178, 12736, 14120, 14321, 14524, 14929, 15006, 15889, 15998, 16374, 16533, 16664, 18956, 19069, 19555, 19814, 19937, 20223, 20415, 21709, 22711, 23665, 25194, 25723, 26030, 27572, 29007, 29347, 29762, 30484, 31727]
Iter#452 New set #1 of size 44 (452.0 its/hit = 2.000s/hit): seed=13489430096294342259 [621, 1291, 1461, 1689, 3855, 4403, 5843, 5974, 6193, 6270, 6278, 6517, 6643, 8196, 8731, 8892, 9349, 10263, 13083, 13378, 13569, 14000, 14806, 15070, 15740, 15879, 15881, 16342, 16652, 17018, 18246, 19328, 21189, 24078, 24502, 24632, 24731, 25202, 26885, 28539, 29659, 30509, 30982, 31216]
Iter#36330 New set #2 of size 44 (18165.0 its/hit = 94.500s/hit): seed=2166140225509011571 [87, 1093, 1605, 1636, 2473, 2531, 3426, 3820, 4567, 5781, 6251, 7429, 7979, 9288, 11119, 12149, 12653, 13047, 14022, 14835, 14941, 16249, 16272, 16482, 16530, 19718, 20795, 21679, 21778, 22188, 23505, 23677, 23703, 23877, 25460, 25628, 26791, 28032, 29620, 29811, 30900, 31735, 31950, 32371]
Iter#76971 New set #1 of size 46 (76971.0 its/hit = 401.000s/hit): seed=14900075904899185433 [627, 1866, 1934, 3375, 3717, 4180, 4687, 5228, 6524, 6682, 6953, 7450, 7771, 7908, 8041, 9511, 11352, 13611, 13766, 13795, 13816, 13908, 15105, 17307, 17338, 18864, 19044, 19645, 22913, 23050, 23310, 23975, 24206, 24317, 24985, 25656, 25844, 26306, 27345, 27856, 29005, 29773, 29830, 30311, 31493, 31858]
Iter#424607 New set #2 of size 46 (212303.5 its/hit = 1106.500s/hit): seed=11340290659110434999 [0, 136, 310, 335, 1405, 2675, 2741, 2750, 3183, 3295, 5661, 5883, 6260, 6989, 7760, 7871, 8135, 10209, 11381, 12428, 12565, 13176, 14299, 15953, 16084, 16488, 18831, 18946, 19157, 21380, 21647, 22225, 22945, 23570, 24063, 24074, 24080, 27621, 28719, 28808, 29692, 29728, 31616, 31826, 32454, 32583]
Iter#1053880 New set #3 of size 46 (351293.3 its/hit = 1829.667s/hit): seed=14327157028101484814 [622, 1267, 2850, 3122, 4700, 4828, 5498, 6296, 7798, 8293, 8533, 8741, 9428, 9705, 10194, 10952, 13386, 13411, 13419, 13533, 14608, 15151, 15174, 15845, 16368, 17569, 18069, 18142, 19425, 20310, 23210, 24348, 24462, 25910, 26061, 26156, 27381, 27766, 27945, 27960, 28271, 28649, 29194, 30684, 31234, 31710]
Iter#1154684 New set #4 of size 46 (288671.0 its/hit = 1502.750s/hit): seed=1293654095808119479 [551, 761, 867, 1091, 3535, 3656, 4223, 5011, 8789, 9134, 9355, 9585, 9675, 9942, 10922, 10942, 11042, 11051, 11352, 12293, 12945, 13367, 15842, 17501, 19104, 19707, 20033, 20303, 20792, 20921, 21924, 22670, 23077, 23606, 23923, 27190, 28240, 28454, 28746, 28818, 28962, 30268, 31770, 31935, 32196, 32308]
Iter#1417610 New set #1 of size 47 (1417610.0 its/hit = 7387.000s/hit): seed=17671849739878229520 [0, 756, 2639, 3220, 3436, 5064, 5971, 6059, 6114, 6301, 6614, 6820, 7496, 7800, 9129, 9378, 9492, 9946, 10920, 12408, 12730, 13904, 14057, 14365, 16846, 16924, 17775, 18028, 19039, 19761, 20301, 20493, 21035, 21696, 21922, 22745, 22983, 28727, 29161, 29238, 29683, 29842, 30731, 30815, 31920, 32183, 32665]
Iter#2201049 New set #2 of size 47 (1100524.5 its/hit = 5745.500s/hit): seed=464141297927190846 [87, 240, 2750, 4190, 4764, 5786, 7675, 8499, 8654, 9896, 10472, 10851, 11603, 12086, 12187, 12313, 13329, 14084, 14458, 14768, 15518, 18514, 19405, 19429, 19541, 19608, 20418, 21334, 21971, 22133, 22742, 23802, 23804, 24782, 25984, 26367, 27489, 27519, 27749, 28644, 28827, 29290, 29599, 30007, 30599, 32034, 32540]
