[*] Computing DDT
[+] DDT Computed
DDT took 23.351264209s
Iter#1 New set #1 of size 37 (1.0 its/hit = 0.000s/hit): seed=18392086321339261093 [425, 649, 2600, 2803, 3565, 4222, 5171, 5852, 6064, 6568, 6688, 9031, 9851, 10343, 11880, 13127, 13597, 13814, 15449, 16190, 19343, 19996, 20210, 20352, 21006, 22048, 22142, 22257, 22550, 26736, 27239, 27666, 29264, 29770, 30860, 32310, 32480]
Iter#2 New set #2 of size 37 (1.0 its/hit = 0.000s/hit): seed=7969964018973102804 [156, 933, 1540, 3122, 3163, 3375, 4706, 5094, 6694, 8164, 9199, 10309, 11419, 11669, 12548, 12793, 13454, 15155, 15371, 15896, 16841, 17564, 18193, 21247, 21606, 21991, 22589, 24356, 27549, 27867, 28517, 28587, 29376, 29951, 31343, 31796, 32143]
Iter#9 New set #1 of size 38 (9.0 its/hit = 0.000s/hit): seed=994137635371468793 [1454, 1521, 2425, 4239, 6372, 6680, 7058, 7506, 8064, 11115, 11353, 11371, 11459, 13720, 13721, 14281, 15597, 16506, 17041, 17309, 17362, 18063, 18575, 18967, 19488, 20135, 20540, 23065, 23836, 24664, 25508, 26222, 26576, 27556, 27997, 29019, 30741, 31645]
Iter#14 New set #2 of size 38 (7.0 its/hit = 0.000s/hit): seed=13716979890269324280 [2115, 5588, 7019, 7156, 7637, 8079, 8126, 9102, 11859, 12781, 13453, 14691, 14933, 15818, 16674, 17104, 17672, 19141, 19349, 19501, 20782, 20949, 21811, 22746, 23162, 23657, 24489, 26851, 27746, 28091, 28645, 29556, 29876, 30470, 30810, 31329, 31866, 31922]
Iter#20 New set #3 of size 38 (6.7 its/hit = 0.000s/hit): seed=14557238176348984739 [438, 495, 1900, 3259, 4452, 4553, 4832, 5682, 6361, 7040, 7466, 7728, 7783, 8137, 9880, 10726, 11667, 12675, 12867, 12913, 14416, 14523, 14631, 15584, 15893, 19174, 20878, 21971, 22722, 24543, 26323, 26704, 27790, 28032, 28392, 29523, 30426, 30544]
Iter#27 New set #4 of size 38 (6.8 its/hit = 0.000s/hit): seed=3696529145587883857 [1286, 2141, 2161, 2470, 3448, 5054, 6524, 8127, 9333, 10145, 11716, 13536, 14738, 15173, 16827, 17463, 17844, 18584, 18609, 19286, 20874, 21133, 21390, 22241, 22627, 22638, 23093, 24377, 25403, 25866, 26581, 28589, 28819, 29079, 29495, 30749, 31338, 31474]
Iter#28 New set #5 of size 38 (5.6 its/hit = 0.000s/hit): seed=11550564495698360220 [1698, 4198, 5060, 5479, 5673, 6494, 6499, 6517, 6571, 7107, 7345, 7634, 8774, 9324, 10510, 11815, 12199, 13974, 15393, 16331, 17163, 17197, 17775, 17992, 18309, 18343, 19068, 19571, 21761, 23942, 24889, 26425, 28042, 30375, 30796, 31140, 31508, 31633]
Iter#40 New set #6 of size 38 (6.7 its/hit = 0.000s/hit): seed=169698203618528842 [1522, 2149, 2789, 3297, 4036, 4610, 6169, 8243, 8629, 11102, 13837, 14040, 16477, 17802, 19741, 20421, 20581, 20895, 21240, 21399, 21540, 21692, 21918, 21940, 23224, 24842, 25282, 25328, 26346, 26378, 27240, 29726, 29757, 29833, 30735, 30920, 30930, 31534]
Iter#43 New set #7 of size 38 (6.1 its/hit = 0.000s/hit): seed=7815897908229158253 [2652, 3780, 5698, 5967, 7120, 7395, 7890, 7905, 8107, 8497, 8580, 11922, 12147, 13352, 14030, 15061, 16963, 17051, 17912, 19831, 19923, 20981, 22049, 22155, 22767, 23575, 25167, 26581, 26620, 26853, 27442, 27889, 29164, 29424, 30031, 31375, 31835, 32626]
Iter#48 New set #8 of size 38 (6.0 its/hit = 0.000s/hit): seed=16888116754852053565 [1046, 1201, 2019, 2306, 3403, 4708, 6336, 6356, 6413, 6548, 6746, 6820, 7197, 7297, 8651, 8995, 9247, 10452, 10917, 11529, 12656, 14173, 19120, 19443, 20322, 22378, 22447, 23692, 24790, 25776, 26457, 26679, 26774, 27836, 28055, 28562, 29881, 30639]
Iter#50 New set #9 of size 38 (5.6 its/hit = 0.000s/hit): seed=2838316812212963894 [269, 282, 330, 1124, 2812, 4548, 5043, 5455, 5598, 6898, 7381, 7883, 9373, 10988, 11374, 12500, 13072, 13901, 14282, 14441, 15304, 15930, 15934, 19849, 20128, 21204, 22052, 23801, 23824, 24783, 25069, 25624, 25858, 29242, 30007, 30042, 32450, 32603]
Iter#51 New set #1 of size 39 (51.0 its/hit = 0.000s/hit): seed=10377118375051533275 [246, 898, 2423, 3354, 3500, 4882, 5390, 5817, 6646, 9069, 9075, 9634, 10186, 10213, 11001, 11661, 12364, 12892, 14195, 14836, 15930, 16115, 16579, 16981, 17159, 18243, 18290, 20023, 21652, 21901, 24299, 25343, 26626, 26894, 27885, 29619, 31261, 31992, 32223]
Iter#62 New set #2 of size 39 (31.0 its/hit = 0.000s/hit): seed=1487837147863975831 [336, 1440, 2004, 3215, 4410, 5343, 5692, 5757, 7188, 9423, 9579, 11433, 11944, 13828, 14495, 14633, 16983, 17036, 18068, 18206, 19252, 19602, 20423, 20513, 21023, 22306, 22601, 23879, 26113, 26566, 26811, 26823, 27623, 27705, 28125, 28466, 30077, 30210, 30669]
Iter#69 New set #3 of size 39 (23.0 its/hit = 0.000s/hit): seed=9029918005714724031 [1646, 3182, 3600, 4282, 4793, 5055, 5104, 5776, 5923, 6237, 6299, 6985, 9720, 9771, 10226, 10603, 10828, 11149, 11416, 12291, 14241, 15102, 15676, 16663, 18932, 19079, 19575, 20249, 22825, 23992, 25105, 25213, 25810, 26352, 27955, 31425, 31692, 31718, 32171]
Iter#91 New set #4 of size 39 (22.8 its/hit = 0.000s/hit): seed=16941379791720688329 [203, 702, 5311, 5589, 5841, 6022, 8414, 8446, 10151, 11537, 11997, 12128, 12605, 13423, 15071, 15187, 15232, 15552, 16199, 16594, 17448, 17669, 18424, 20192, 20202, 22218, 22349, 23695, 26920, 27973, 28190, 28528, 29858, 30135, 30761, 30804, 31062, 31211, 31872]
Iter#98 New set #5 of size 39 (19.6 its/hit = 0.000s/hit): seed=5950676131181353009 [549, 1032, 2442, 3988, 4239, 4363, 5635, 6819, 7096, 7252, 9031, 9092, 10328, 11059, 12160, 12269, 12819, 13797, 13950, 14282, 15553, 15676, 16102, 16409, 18003, 18717, 18937, 22088, 22209, 22390, 22665, 22718, 22987, 25951, 26066, 27304, 28367, 29307, 32315]
Iter#115 New set #6 of size 39 (19.2 its/hit = 0.000s/hit): seed=17143558192002938026 [279, 398, 612, 996, 3314, 3771, 4270, 4767, 6438, 6806, 7434, 8379, 8545, 12545, 12792, 13606, 13820, 14297, 14527, 14933, 17176, 17335, 18193, 18276, 18966, 19210, 19502, 19946, 21582, 21645, 24544, 27211, 28067, 28219, 28304, 28472, 28992, 29638, 31917]
Iter#170 New set #7 of size 39 (24.3 its/hit = 0.143s/hit): seed=12912678689692055102 [201, 607, 1220, 1462, 2245, 3593, 4001, 5786, 6483, 7615, 8118, 8435, 11164, 12801, 13034, 14804, 14874, 16117, 17475, 17801, 18657, 19312, 19574, 19662, 19801, 19873, 20136, 20403, 20815, 21302, 22399, 24211, 24958, 25307, 25934, 26596, 27574, 27582, 31188]
Iter#187 New set #8 of size 39 (23.4 its/hit = 0.125s/hit): seed=344704003215539524 [121, 1891, 1986, 3209, 4243, 4457, 4507, 4616, 5827, 6304, 7720, 8449, 9682, 10774, 10851, 10884, 11415, 11662, 13324, 13391, 13764, 14293, 16048, 17402, 17926, 18541, 20085, 20626, 21166, 21775, 22451, 24787, 25893, 27668, 29473, 30473, 31865, 32277, 32720]
Iter#191 New set #9 of size 39 (21.2 its/hit = 0.111s/hit): seed=291012701574935327 [2452, 2746, 3563, 4154, 5116, 5719, 5929, 6281, 6903, 7257, 7656, 9191, 10086, 12046, 12067, 12690, 13705, 15049, 15222, 17289, 18553, 19416, 19602, 20184, 20502, 20924, 21092, 22724, 22984, 23159, 24208, 24472, 24508, 24933, 27027, 28516, 28660, 30039, 31484]
Iter#218 New set #10 of size 39 (21.8 its/hit = 0.100s/hit): seed=433445880336802295 [902, 1104, 2132, 2178, 2526, 3738, 4912, 5716, 5754, 6970, 10122, 11629, 12251, 12958, 13803, 14483, 16385, 16736, 16746, 19082, 19785, 20536, 20937, 21338, 21982, 22828, 23476, 23531, 24951, 25966, 26024, 26516, 28344, 28802, 28907, 30534, 30863, 32451, 32494]
Iter#233 New set #1 of size 40 (233.0 its/hit = 1.000s/hit): seed=6312165444698580611 [919, 1859, 2641, 2934, 3048, 4226, 5142, 5296, 6170, 6423, 6428, 7549, 8507, 8838, 12404, 13634, 16200, 16320, 16774, 17745, 17899, 18947, 20024, 20673, 21388, 22456, 23230, 23672, 23996, 24356, 26615, 27414, 27669, 28057, 28639, 29062, 30286, 30383, 30941, 30983]
Iter#326 New set #2 of size 40 (163.0 its/hit = 1.000s/hit): seed=15287993419919298312 [185, 1506, 2305, 3230, 3884, 5686, 6935, 8146, 8539, 10012, 10032, 11738, 12221, 12265, 13203, 14453, 15498, 15849, 16476, 16672, 16890, 18193, 18546, 18593, 18707, 19239, 19420, 19783, 21037, 21888, 26680, 26870, 27283, 27559, 27719, 27973, 29326, 29779, 32161, 32511]
Iter#378 New set #3 of size 40 (126.0 its/hit = 0.667s/hit): seed=11756978869279724580 [952, 4006, 4551, 4723, 5346, 5827, 6704, 9027, 10296, 10776, 10945, 12074, 12555, 13630, 14051, 15593, 17755, 18678, 19495, 19839, 19980, 22384, 22755, 22794, 23947, 24707, 24978, 25426, 25545, 26142, 26455, 26674, 26917, 26934, 28604, 30294, 30321, 30343, 31270, 32216]
Iter#897 New set #1 of size 41 (897.0 its/hit = 6.000s/hit): seed=7591857632657259346 [891, 1291, 1698, 2243, 3461, 3703, 3847, 4049, 4140, 4407, 5217, 5834, 5991, 7385, 8304, 9117, 12229, 12458, 12558, 12926, 13236, 14777, 14957, 16794, 17046, 17094, 18043, 18419, 22189, 22485, 22788, 24634, 24698, 25159, 25981, 27949, 29997, 30677, 31425, 31663, 31918]
Iter#1602 New set #2 of size 41 (801.0 its/hit = 5.500s/hit): seed=17119804469240632619 [37, 1819, 2723, 2794, 3575, 3912, 4696, 5088, 5796, 6219, 6233, 7120, 8762, 8816, 10870, 11292, 12098, 14167, 14826, 14952, 16878, 18292, 19001, 19194, 20052, 20171, 22036, 23464, 25071, 25867, 25991, 27358, 27884, 28300, 28734, 28950, 29189, 29521, 29668, 29908, 31343]
Iter#1611 New set #3 of size 41 (537.0 its/hit = 3.667s/hit): seed=15443640302905582479 [723, 955, 1122, 2563, 3678, 3679, 3857, 5502, 6727, 8269, 8301, 9329, 10323, 11125, 11154, 11340, 12672, 13296, 13562, 15347, 16184, 16297, 16573, 18400, 18469, 18848, 21332, 22051, 22387, 22934, 23969, 24283, 25245, 26178, 27413, 28676, 29330, 29691, 29717, 32118, 32565]
Iter#1617 New set #1 of size 42 (1617.0 its/hit = 11.000s/hit): seed=13055589040834071663 [587, 1664, 1898, 2099, 4672, 5424, 6203, 6621, 7489, 7959, 8594, 9340, 9389, 12620, 13111, 15236, 15905, 15985, 18041, 18070, 19584, 21154, 22030, 22363, 23613, 23682, 24784, 25174, 25806, 26986, 27369, 27423, 28695, 29380, 29793, 29871, 29921, 30173, 30329, 30812, 31206, 32250]
Iter#4201 New set #2 of size 42 (2100.5 its/hit = 12.500s/hit): seed=4537530776952444984 [230, 755, 2493, 2705, 3432, 3584, 3674, 5838, 8352, 9472, 10031, 11653, 12470, 12515, 14649, 15440, 15514, 15844, 16361, 16589, 16600, 17660, 18419, 18738, 19910, 20033, 20752, 22267, 22828, 23820, 25188, 25284, 25589, 26591, 27155, 27410, 27624, 27970, 28379, 30323, 30523, 30711]
Iter#5018 New set #1 of size 43 (5018.0 its/hit = 29.000s/hit): seed=7871998034495438261 [55, 1076, 2617, 2691, 2802, 3078, 3635, 4193, 4360, 5601, 6278, 6956, 10059, 12505, 14976, 16205, 16439, 16767, 17426, 17998, 18784, 18937, 19608, 20620, 22519, 22853, 24313, 24710, 25323, 25364, 26120, 27588, 29142, 29420, 29994, 30158, 30880, 31373, 31386, 31923, 32081, 32446, 32470]
