[*] Computing DDT
[+] DDT Computed
DDT took 23.603021038s
Iter#1 New set #1 of size 36 (1.0 its/hit = 0.000s/hit): seed=17007779970574257102 [985, 2218, 2729, 2885, 4846, 6440, 7550, 7565, 9808, 12730, 13092, 13126, 15647, 15668, 15938, 17034, 17152, 19894, 21527, 22253, 22914, 22949, 23527, 23546, 23999, 25268, 27118, 28860, 29115, 29256, 29363, 29406, 30565, 30798, 31039, 31120]
Iter#2 New set #2 of size 36 (1.0 its/hit = 0.000s/hit): seed=6279735052202025468 [415, 417, 630, 917, 1169, 1733, 2349, 3644, 3767, 4666, 6201, 6481, 8474, 9329, 14186, 16493, 17145, 17197, 17228, 17822, 18564, 19016, 21408, 22773, 22778, 22975, 24439, 24934, 26626, 27390, 27991, 29333, 29354, 31143, 32506, 32717]
Iter#3 New set #3 of size 36 (1.0 its/hit = 0.000s/hit): seed=5287990053541282326 [623, 1292, 1501, 1662, 3336, 3471, 3581, 4058, 5888, 7314, 7811, 8095, 8543, 8896, 9460, 11141, 11868, 13112, 13661, 13993, 14576, 14991, 16145, 18708, 20765, 20875, 21221, 21690, 23206, 26102, 26641, 26764, 28010, 28488, 31354, 32143]
Iter#4 New set #4 of size 36 (1.0 its/hit = 0.000s/hit): seed=7097934020320108781 [202, 2423, 2456, 2834, 3881, 6564, 9694, 9764, 10192, 11755, 12829, 13057, 13739, 13788, 14417, 14501, 15118, 16924, 16945, 21094, 23249, 24053, 24286, 24477, 24780, 25500, 27231, 27377, 27635, 29022, 29191, 29550, 29627, 31959, 32413, 32599]
Iter#5 New set #5 of size 36 (1.0 its/hit = 0.000s/hit): seed=5008776362004797065 [1912, 2717, 3233, 3722, 7533, 8228, 9161, 11037, 11047, 12098, 12452, 12523, 12596, 12836, 13570, 15022, 15344, 15947, 17949, 18562, 18720, 20889, 21357, 24483, 24631, 25900, 26152, 27460, 28335, 28750, 29469, 30185, 30649, 31440, 32457, 32572]
Iter#6 New set #6 of size 36 (1.0 its/hit = 0.000s/hit): seed=15478334137632698668 [556, 743, 2265, 3734, 4038, 4413, 5063, 5444, 5990, 8885, 9231, 11074, 11317, 11414, 11472, 11656, 11850, 11853, 13663, 14408, 16562, 18629, 18689, 20123, 20434, 22826, 22970, 23185, 23916, 25628, 25926, 29743, 30344, 31060, 31138, 31744]
Iter#7 New set #1 of size 37 (7.0 its/hit = 0.000s/hit): seed=8077718722172117485 [1142, 1194, 1270, 2658, 2664, 4527, 6000, 6231, 6793, 7041, 8901, 10766, 11778, 12727, 13432, 13568, 14100, 14674, 15149, 15409, 17480, 18075, 21577, 21870, 22008, 22041, 22442, 24455, 26719, 26966, 28121, 28132, 28983, 30159, 30433, 31199, 31352]
Iter#15 New set #2 of size 37 (7.5 its/hit = 0.000s/hit): seed=8174824859921823433 [1068, 1934, 2185, 2411, 3806, 4228, 4650, 5712, 5788, 7774, 9409, 9794, 10901, 11340, 12226, 12313, 12445, 15768, 16104, 17327, 17448, 17810, 18609, 18691, 19765, 20145, 20331, 22498, 24138, 24359, 25329, 25645, 28081, 28352, 29098, 30487, 31558]
Iter#18 New set #3 of size 37 (6.0 its/hit = 0.000s/hit): seed=7604424107257975074 [1366, 2892, 3684, 4864, 4926, 5189, 5205, 8142, 8412, 9509, 10439, 10465, 11536, 11913, 14254, 15115, 18003, 19131, 19350, 22730, 22788, 24152, 24585, 25456, 25765, 25897, 27300, 27636, 28280, 29300, 29336, 29385, 31134, 31440, 32058, 32418, 32690]
Iter#21 New set #4 of size 37 (5.2 its/hit = 0.000s/hit): seed=6223798212682607696 [121, 429, 920, 1465, 2027, 4046, 7501, 7616, 8048, 9035, 10284, 11098, 12133, 12676, 13148, 13481, 15067, 17172, 18267, 18652, 20091, 20097, 20864, 22813, 22905, 23061, 23596, 27165, 27543, 27675, 29496, 29535, 31091, 31443, 31760, 32551, 32555]
Iter#23 New set #1 of size 38 (23.0 its/hit = 0.000s/hit): seed=7678102366341953470 [43, 107, 1335, 3037, 3582, 3989, 4233, 4671, 5450, 6715, 8244, 9319, 14844, 15238, 15498, 16044, 16939, 16994, 17349, 17869, 19097, 20619, 21161, 22173, 23597, 23701, 24128, 26295, 26501, 26977, 27453, 27892, 29214, 29950, 31907, 32267, 32396, 32609]
Iter#25 New set #2 of size 38 (12.5 its/hit = 0.000s/hit): seed=17000220857824277832 [1132, 2862, 3403, 4688, 5526, 5842, 6147, 8547, 8761, 9557, 11087, 11231, 11714, 12315, 15799, 15938, 16832, 17312, 17643, 18352, 18853, 18956, 21418, 21658, 21718, 22921, 23268, 25321, 25492, 25561, 25904, 26575, 28657, 28685, 28793, 28881, 30076, 30313]
Iter#33 New set #3 of size 38 (11.0 its/hit = 0.000s/hit): seed=15978589632377452875 [764, 2518, 2592, 2673, 3594, 3926, 4175, 4618, 8400, 9567, 9898, 11067, 13097, 13743, 13844, 13944, 14246, 14802, 15235, 15590, 15773, 17120, 19067, 19839, 20154, 20350, 20432, 22254, 23022, 24591, 25054, 26078, 27809, 29365, 30169, 31803, 32228, 32720]
Iter#35 New set #1 of size 39 (35.0 its/hit = 0.000s/hit): seed=6450079880387781074 [5061, 5709, 5839, 5969, 6535, 6675, 6965, 7133, 7163, 7546, 8491, 8680, 8692, 8806, 10224, 11773, 15609, 15832, 15846, 18456, 18550, 19988, 20579, 21367, 22237, 22850, 24124, 24769, 25043, 25956, 26976, 27171, 27311, 29270, 29316, 29487, 32247, 32476, 32496]
Iter#44 New set #2 of size 39 (22.0 its/hit = 0.000s/hit): seed=9887194995327473170 [525, 950, 2414, 2663, 2931, 3021, 4064, 5495, 10064, 10281, 11704, 12849, 13837, 14959, 16169, 18377, 18434, 19263, 19513, 19618, 21024, 21169, 22275, 23685, 23774, 23972, 24573, 24880, 25135, 25906, 28345, 28799, 29911, 30732, 31232, 31611, 32397, 32435, 32606]
Iter#49 New set #3 of size 39 (16.3 its/hit = 0.000s/hit): seed=3242317758407344487 [283, 1318, 1610, 2307, 2403, 3211, 5188, 5889, 6911, 8764, 10842, 11933, 14958, 15703, 15738, 16640, 16779, 16927, 18538, 18999, 19033, 19449, 19861, 20540, 22690, 23323, 23402, 25196, 25842, 26020, 26164, 26189, 26243, 26907, 26998, 27428, 29164, 31606, 31642]
Iter#92 New set #4 of size 39 (23.0 its/hit = 0.000s/hit): seed=4554699140810740860 [694, 731, 1216, 5429, 5960, 6194, 6203, 6292, 7181, 7216, 9271, 9634, 9866, 11501, 12398, 12455, 12874, 13320, 14692, 14967, 16012, 16029, 17826, 18791, 19152, 20383, 21013, 21050, 21532, 24178, 24941, 25459, 25778, 27588, 28244, 28840, 29084, 30832, 32590]
Iter#109 New set #5 of size 39 (21.8 its/hit = 0.000s/hit): seed=3671623565875475218 [302, 812, 924, 1234, 1461, 3765, 4640, 5763, 6074, 6579, 7519, 7796, 8136, 8488, 8761, 9142, 12098, 12176, 13785, 15682, 16366, 16632, 16756, 18421, 18583, 18739, 18992, 20171, 20267, 20979, 22200, 22558, 26812, 27787, 30514, 30880, 31729, 31848, 32523]
Iter#111 New set #1 of size 40 (111.0 its/hit = 0.000s/hit): seed=2591465482722348616 [91, 1592, 1859, 2778, 3009, 3025, 3247, 3358, 4313, 4389, 5963, 6201, 7026, 8212, 9198, 9217, 10140, 11742, 12468, 12538, 12566, 13604, 13775, 15402, 16889, 18692, 19008, 20125, 22870, 23568, 24512, 25376, 26356, 27241, 27804, 27984, 29030, 29591, 30221, 31185]
Iter#524 New set #1 of size 41 (524.0 its/hit = 2.000s/hit): seed=4810161022996669918 [78, 721, 1266, 2886, 3211, 3348, 3932, 4666, 5132, 6870, 8093, 8723, 9644, 10492, 11070, 11606, 11836, 12032, 13114, 13771, 14219, 14470, 16130, 17688, 19784, 21300, 21331, 21750, 21782, 25660, 25940, 27685, 27957, 28012, 29003, 29019, 30226, 30772, 32069, 32215, 32412]
Iter#560 New set #2 of size 41 (280.0 its/hit = 1.000s/hit): seed=17967396261356451342 [3760, 3852, 3988, 4499, 4871, 5056, 5908, 7090, 7724, 11326, 11570, 11703, 14545, 16916, 16973, 17299, 17662, 17720, 17756, 18902, 19711, 20185, 20186, 20261, 22015, 22646, 23945, 24817, 25143, 25208, 25950, 26030, 26153, 26873, 26891, 28448, 28507, 29080, 30448, 31536, 32223]
Iter#1065 New set #3 of size 41 (355.0 its/hit = 1.667s/hit): seed=3132184964222793853 [2876, 3359, 3772, 3968, 4410, 4842, 5671, 5896, 6621, 7124, 8321, 8346, 8515, 9268, 10156, 13372, 13756, 13995, 14346, 14911, 15624, 16419, 18397, 19958, 19974, 20590, 20981, 23766, 24487, 24731, 26217, 27500, 27519, 28178, 28467, 28637, 28932, 29425, 29681, 30236, 31587]
Iter#1576 New set #4 of size 41 (394.0 its/hit = 2.000s/hit): seed=11922971624936900520 [1151, 1790, 2758, 5181, 5236, 5282, 5319, 5564, 6772, 6909, 7297, 7438, 10134, 11000, 11790, 12386, 13007, 13110, 13586, 13953, 14430, 14566, 14897, 17127, 18729, 18898, 19903, 20445, 21487, 21677, 22785, 22854, 23700, 23877, 25166, 26781, 27001, 28074, 29603, 29975, 32063]
Iter#1924 New set #5 of size 41 (384.8 its/hit = 2.000s/hit): seed=10059515029070866637 [560, 1904, 2155, 2211, 2719, 4497, 4665, 6597, 7373, 7924, 8599, 8815, 9534, 9934, 10262, 11368, 14605, 14654, 16893, 17876, 20502, 22756, 23830, 23902, 24082, 24991, 25060, 26632, 27607, 28815, 28859, 28906, 28932, 30071, 30148, 30467, 31080, 31334, 32037, 32171, 32703]
Iter#2956 New set #6 of size 41 (492.7 its/hit = 2.500s/hit): seed=7309236512557968135 [776, 1951, 4227, 5397, 5742, 6246, 7184, 7252, 7984, 8150, 8409, 9366, 9485, 9845, 10646, 10677, 12681, 13397, 15657, 17750, 18065, 18637, 19160, 21044, 21152, 21505, 23938, 24395, 24404, 25323, 25695, 26356, 27013, 27736, 27752, 28003, 28512, 29869, 30316, 30380, 31964]
Iter#3128 New set #1 of size 42 (3128.0 its/hit = 16.000s/hit): seed=5202446106508119593 [533, 1505, 5336, 5644, 6035, 6234, 6788, 7310, 7919, 7990, 9925, 11417, 11434, 11549, 11585, 11796, 11827, 13227, 13773, 15306, 16930, 17100, 17729, 17735, 19468, 20567, 20827, 22918, 23484, 23787, 25871, 26239, 27190, 27552, 27905, 28431, 28753, 29119, 29243, 31519, 31612, 32529]
Iter#3452 New set #2 of size 42 (1726.0 its/hit = 9.000s/hit): seed=8215430288565940188 [882, 3235, 3515, 5710, 6099, 6553, 6667, 7176, 8021, 10578, 11392, 11553, 11788, 11928, 13149, 13388, 13495, 13583, 14744, 17345, 17424, 17457, 17745, 18635, 18998, 19956, 20369, 20438, 21834, 22343, 22410, 22570, 24438, 24998, 25462, 25860, 27243, 28921, 29078, 30867, 31725, 32683]
Iter#3624 New set #1 of size 43 (3624.0 its/hit = 18.000s/hit): seed=6121958374737261291 [592, 3160, 3551, 3689, 3895, 5458, 5471, 5549, 6102, 6789, 7619, 7814, 10357, 10518, 10578, 12509, 12778, 12868, 12926, 14427, 14857, 15161, 17112, 17351, 17938, 18049, 18925, 19422, 20521, 20887, 20994, 22876, 23664, 24698, 25856, 26292, 26486, 26526, 27386, 28283, 28325, 30336, 30435]
Iter#22216 New set #1 of size 44 (22216.0 its/hit = 115.000s/hit): seed=10660553355748301142 [820, 2616, 3931, 4876, 4908, 7666, 8186, 9050, 10111, 10651, 10888, 10942, 12215, 12291, 12913, 13444, 13907, 15430, 15662, 16045, 16080, 16892, 17166, 17213, 17250, 19211, 19620, 20456, 20791, 21440, 21784, 22328, 22475, 23200, 25657, 26087, 26155, 28787, 28789, 29454, 29910, 30138, 30568, 32296]
Iter#23298 New set #2 of size 44 (11649.0 its/hit = 60.500s/hit): seed=11684136690474660847 [1551, 1863, 2359, 3132, 4621, 5236, 5239, 5259, 7560, 7606, 8913, 9425, 9895, 11545, 12757, 13404, 13454, 14355, 14784, 16341, 16375, 16506, 17398, 18589, 19642, 19863, 20081, 21341, 21655, 22064, 22579, 22932, 23190, 23636, 24747, 25439, 26905, 27253, 27780, 29425, 30272, 31812, 32282, 32750]
Iter#89510 New set #3 of size 44 (29836.7 its/hit = 155.667s/hit): seed=12465484703901476956 [425, 2401, 3080, 3378, 3810, 4214, 4521, 4750, 4754, 4762, 5100, 6534, 6657, 7430, 7490, 9207, 12376, 12800, 13806, 14591, 15876, 16808, 17028, 17163, 17565, 18681, 19284, 19509, 20622, 21281, 22568, 22666, 23696, 24605, 25135, 25403, 25926, 26375, 27722, 28482, 29777, 30380, 31129, 32354]
Iter#138805 New set #1 of size 45 (138805.0 its/hit = 726.000s/hit): seed=8496911022838209621 [2174, 2276, 3487, 3833, 4248, 4372, 4467, 5361, 7031, 8158, 8557, 9519, 9773, 11164, 11471, 12210, 12643, 12813, 13834, 14371, 16041, 16877, 17973, 18426, 19125, 19904, 20015, 20432, 21589, 21611, 22246, 22628, 22777, 25695, 26611, 26766, 27788, 28335, 28535, 29773, 30322, 30442, 30620, 31833, 32644]
Iter#377586 New set #2 of size 45 (188793.0 its/hit = 991.500s/hit): seed=15751545834722113548 [378, 1217, 1983, 2079, 2960, 3330, 4185, 4239, 6293, 6688, 8369, 9421, 9488, 9842, 10082, 13124, 14648, 15451, 15677, 15819, 16958, 18970, 19795, 20112, 21123, 21298, 21405, 21509, 21540, 21614, 21911, 23183, 23528, 23764, 24071, 24433, 25257, 26604, 27714, 27721, 27808, 27945, 28288, 31893, 32216]
Iter#475483 New set #1 of size 49 (475483.0 its/hit = 2498.000s/hit): seed=12898013573350039885 [554, 599, 1309, 1489, 1583, 2256, 2307, 2938, 3008, 3312, 3448, 3993, 5237, 5740, 7315, 7820, 8558, 10697, 11866, 11969, 12499, 13779, 14416, 16545, 17011, 18034, 18930, 19195, 19309, 19494, 19963, 21096, 22236, 23129, 23543, 25499, 25515, 25590, 26040, 26199, 26855, 27190, 27536, 28948, 29116, 29178, 29197, 31456, 32003]
Iter#1947702 New set #1 of size 50 (1947702.0 its/hit = 10238.000s/hit): seed=5293374089061040106 [45, 260, 613, 1276, 1388, 2260, 2483, 3539, 4079, 4101, 4620, 5044, 5816, 6810, 7079, 7868, 8179, 8433, 8495, 8863, 9892, 10055, 10207, 10287, 11118, 11251, 11257, 16253, 16569, 17892, 18066, 19226, 19808, 20683, 20953, 21965, 23142, 24843, 25215, 25622, 25712, 26477, 26551, 27553, 28484, 28552, 28671, 29585, 32250, 32356]
