[*] Computing DDT
[+] DDT Computed
DDT took 23.360530764s
Iter#1 New set #1 of size 36 (1.0 its/hit = 0.000s/hit): seed=12551757221638316322 [2245, 3380, 4810, 5006, 5571, 5925, 6082, 6821, 6938, 9869, 10421, 11068, 11787, 12249, 13209, 14147, 14452, 15543, 15970, 16001, 16986, 17108, 17342, 18667, 19648, 23057, 23495, 24200, 25241, 25355, 26049, 28065, 28842, 29864, 30041, 31530]
Iter#3 New set #1 of size 37 (3.0 its/hit = 0.000s/hit): seed=14370737166471636655 [269, 709, 1707, 1930, 3188, 3470, 5916, 5936, 6037, 8152, 10534, 10909, 11984, 12797, 13420, 15112, 15215, 15712, 15836, 16361, 17612, 20467, 20848, 21537, 22264, 24126, 24789, 25192, 26114, 27337, 27561, 27706, 28920, 29963, 30969, 32394, 32740]
Iter#5 New set #2 of size 37 (2.5 its/hit = 0.000s/hit): seed=10444443936978132653 [1060, 2729, 3282, 3952, 6841, 7022, 7107, 7458, 8381, 9231, 10042, 10749, 12834, 13010, 13509, 17757, 18052, 18312, 19233, 19320, 20482, 21889, 22292, 22659, 24045, 24177, 25564, 26483, 29076, 29789, 30420, 30644, 30714, 31353, 31600, 31823, 32498]
Iter#7 New set #3 of size 37 (2.3 its/hit = 0.000s/hit): seed=10326998356824373690 [757, 849, 862, 1046, 1124, 2482, 3718, 3768, 4738, 5890, 7277, 7666, 8175, 8322, 10329, 10439, 10531, 12229, 12527, 14692, 16853, 18650, 19908, 20079, 21384, 23578, 26195, 26286, 26701, 26953, 30379, 30553, 30685, 30922, 31770, 32016, 32599]
Iter#10 New set #4 of size 37 (2.5 its/hit = 0.000s/hit): seed=11777024379898401875 [97, 617, 1068, 1271, 1918, 3306, 3554, 4071, 8027, 8549, 8566, 9542, 10769, 12000, 14093, 16092, 17063, 18411, 19060, 20276, 21006, 21652, 21837, 23255, 23746, 23990, 24280, 24748, 25953, 26798, 27132, 27340, 28282, 29070, 29640, 30182, 32725]
Iter#11 New set #5 of size 37 (2.2 its/hit = 0.000s/hit): seed=14553715858600406599 [179, 458, 505, 1758, 3447, 3833, 4012, 5700, 6770, 8518, 8900, 9652, 11747, 11811, 12355, 12629, 13508, 14344, 15764, 15928, 17761, 18370, 18923, 22887, 24521, 25482, 26317, 26716, 26982, 27004, 28365, 28385, 28944, 30297, 30478, 30752, 32289]
Iter#12 New set #6 of size 37 (2.0 its/hit = 0.000s/hit): seed=8739221610943246525 [1123, 1841, 2258, 2423, 3939, 4945, 6529, 7512, 7523, 9335, 11640, 12889, 14071, 14223, 15564, 16030, 17349, 17667, 18446, 19057, 19061, 19352, 22723, 23100, 24351, 26497, 27070, 28005, 28099, 28611, 28842, 30564, 30639, 30979, 32300, 32407, 32663]
Iter#13 New set #7 of size 37 (1.9 its/hit = 0.000s/hit): seed=9738138712842710497 [2287, 2540, 3205, 4072, 5132, 6046, 6945, 7627, 8106, 8575, 9647, 9783, 10221, 10800, 11765, 12391, 12569, 13111, 13688, 14665, 15055, 15498, 20342, 23349, 23504, 23918, 24307, 24871, 27433, 27574, 27732, 27822, 29529, 30629, 31147, 31165, 32445]
Iter#14 New set #8 of size 37 (1.8 its/hit = 0.000s/hit): seed=14332885205399763180 [192, 1105, 2215, 3763, 4305, 4823, 5312, 5724, 7505, 9928, 10325, 10823, 12115, 12897, 14384, 14796, 15018, 16235, 17483, 17664, 18058, 19136, 21836, 22336, 22555, 26914, 27684, 27791, 27928, 28284, 29880, 30402, 30509, 30787, 31516, 31534, 32382]
Iter#15 New set #9 of size 37 (1.7 its/hit = 0.000s/hit): seed=13061042349085880841 [101, 1952, 2513, 3765, 5958, 6233, 6313, 6697, 7309, 7382, 7482, 8089, 8815, 10940, 11047, 14597, 15044, 15225, 17603, 18205, 18811, 19756, 20207, 20586, 20594, 22305, 22363, 22678, 24354, 24972, 27119, 27338, 27960, 29981, 30000, 31298, 31748]
Iter#17 New set #1 of size 38 (17.0 its/hit = 0.000s/hit): seed=4308330359710915988 [436, 1785, 1801, 2663, 2688, 4299, 4938, 6510, 7433, 8756, 9707, 10420, 11602, 13957, 16545, 16830, 18683, 18818, 18865, 19923, 20396, 21132, 23021, 23289, 23827, 24260, 24710, 26481, 26888, 27415, 27881, 28299, 28544, 29863, 30138, 30313, 31183, 32064]
Iter#19 New set #2 of size 38 (9.5 its/hit = 0.000s/hit): seed=1479772706819059390 [637, 2368, 2659, 4538, 5634, 7165, 8056, 9170, 10363, 11806, 11870, 12034, 12806, 14472, 14851, 15149, 15585, 15944, 16668, 16907, 19198, 20521, 20581, 22037, 22136, 22686, 24311, 24523, 25529, 27207, 27718, 28032, 30110, 31089, 31520, 31559, 32008, 32414]
Iter#27 New set #3 of size 38 (9.0 its/hit = 0.000s/hit): seed=15699876169945920128 [1907, 2469, 4164, 4992, 5061, 5168, 5328, 6287, 7485, 8165, 8377, 9287, 10146, 10219, 12487, 14396, 14417, 15493, 16388, 17025, 18244, 18756, 19187, 19519, 19810, 20482, 23725, 27157, 27631, 28292, 29481, 30119, 30976, 31233, 31241, 31550, 31682, 31750]
Iter#36 New set #4 of size 38 (9.0 its/hit = 0.000s/hit): seed=6611068103992518253 [830, 893, 1361, 1940, 3091, 3142, 3848, 4122, 5723, 6938, 7115, 7204, 7616, 7787, 8637, 9223, 10117, 11310, 11407, 11718, 11857, 12220, 12581, 14401, 14443, 17289, 19409, 20187, 20276, 23392, 24729, 27216, 27784, 28722, 28733, 30982, 32076, 32705]
Iter#37 New set #5 of size 38 (7.4 its/hit = 0.000s/hit): seed=15835074578502382318 [97, 483, 2365, 2810, 2859, 4026, 5818, 6759, 6936, 7479, 8411, 9425, 10036, 10627, 13746, 13839, 15022, 16138, 16349, 16736, 17484, 20394, 21554, 22022, 23757, 24062, 24369, 24376, 25865, 25924, 26139, 27959, 28766, 29003, 29052, 31283, 31975, 32285]
Iter#42 New set #6 of size 38 (7.0 its/hit = 0.000s/hit): seed=9216176216721193328 [775, 908, 2156, 4212, 4668, 5153, 5289, 5938, 6902, 7123, 7430, 9098, 9703, 10167, 10397, 10404, 11485, 11782, 12458, 13029, 13038, 14075, 14282, 15312, 18580, 18841, 20087, 21606, 21672, 22778, 24017, 25843, 25991, 26112, 29718, 30237, 30371, 31306]
Iter#43 New set #7 of size 38 (6.1 its/hit = 0.000s/hit): seed=5984416116928966092 [1324, 2332, 3439, 4290, 5206, 5783, 7446, 8961, 10175, 10484, 12053, 12215, 13374, 13665, 13854, 15156, 17630, 17896, 17897, 18268, 18647, 20511, 21270, 22012, 22365, 22632, 23546, 23655, 24587, 25147, 25429, 29350, 29998, 30219, 30277, 30640, 31573, 31723]
Iter#46 New set #8 of size 38 (5.8 its/hit = 0.000s/hit): seed=10486607888399870897 [863, 1518, 2125, 3113, 3276, 3660, 9416, 9792, 9986, 10488, 11240, 11791, 12353, 12597, 12658, 13301, 14660, 14778, 16057, 17187, 18828, 18860, 20745, 20875, 20956, 21215, 21635, 22703, 23629, 25584, 25751, 27079, 27126, 27161, 28152, 29022, 29632, 29824]
Iter#47 New set #9 of size 38 (5.2 its/hit = 0.000s/hit): seed=15576107568253922194 [336, 761, 2224, 2629, 2995, 3771, 3883, 4507, 5400, 6895, 7764, 7948, 9340, 10224, 11333, 11383, 12957, 14719, 15789, 16505, 16859, 17173, 18726, 20582, 23350, 24167, 24788, 24974, 25296, 26296, 26926, 28198, 29691, 30351, 32272, 32503, 32569, 32635]
Iter#49 New set #10 of size 38 (4.9 its/hit = 0.000s/hit): seed=15673665786626214570 [640, 2892, 5627, 5765, 7310, 7464, 9577, 10126, 11437, 11498, 12140, 12357, 12404, 12610, 13318, 13804, 14892, 16064, 17191, 17259, 18061, 19402, 20040, 20219, 21239, 21593, 23427, 23557, 23835, 25850, 25895, 26715, 28681, 29698, 29756, 30693, 31656, 31658]
Iter#52 New set #1 of size 39 (52.0 its/hit = 0.000s/hit): seed=5497122119567798472 [39, 100, 368, 1546, 1703, 2462, 3054, 4460, 5301, 8497, 9131, 9387, 11480, 11509, 15821, 18332, 18839, 19056, 19089, 20468, 21004, 21502, 23024, 23795, 24469, 25453, 26121, 26137, 26411, 26649, 27240, 28086, 28092, 29278, 30914, 31131, 31367, 31632, 31662]
Iter#55 New set #2 of size 39 (27.5 its/hit = 0.000s/hit): seed=5398192766983275903 [856, 2014, 3302, 4371, 6903, 7177, 8699, 8791, 11754, 11844, 12486, 13535, 13584, 13849, 14650, 16296, 16398, 17507, 19003, 19319, 19720, 19820, 20346, 23361, 23974, 24863, 24872, 24882, 26792, 28909, 29741, 29960, 30087, 30134, 30170, 30617, 30721, 30781, 32728]
Iter#146 New set #3 of size 39 (48.7 its/hit = 0.000s/hit): seed=12629879591075481523 [7, 254, 1110, 1302, 1316, 2030, 2276, 3680, 4970, 5484, 5895, 6579, 6764, 7606, 7797, 8204, 8765, 9355, 10871, 11741, 11800, 12229, 12952, 13132, 15578, 17009, 17486, 19333, 19914, 21619, 22257, 24727, 25027, 25183, 26592, 26603, 27296, 30697, 32212]
Iter#184 New set #4 of size 39 (46.0 its/hit = 0.000s/hit): seed=12443132787454834857 [638, 2214, 4697, 5559, 6260, 6565, 7093, 7356, 8396, 8858, 8990, 12493, 13500, 13773, 15275, 16139, 20074, 20115, 20662, 20912, 21431, 22565, 22969, 23367, 23488, 23516, 24007, 24266, 24818, 25506, 27382, 28569, 28663, 28775, 28921, 30002, 31822, 32070, 32628]
Iter#247 New set #5 of size 39 (49.4 its/hit = 0.200s/hit): seed=6772411232744290271 [292, 2376, 2518, 2650, 3061, 3986, 4467, 5119, 5591, 6689, 6928, 7644, 8209, 8596, 8604, 9016, 9348, 9967, 11167, 12165, 12571, 12785, 12813, 14719, 15352, 15409, 16118, 18613, 19851, 22362, 23862, 25857, 26880, 29537, 30163, 30287, 31530, 31924, 31941]
Iter#253 New set #6 of size 39 (42.2 its/hit = 0.167s/hit): seed=790589907413628153 [1305, 1428, 1758, 1908, 1975, 2140, 4103, 4253, 4656, 8234, 8558, 9808, 10908, 12496, 12616, 12898, 13173, 14231, 15206, 15364, 16988, 19906, 20004, 20156, 21325, 21344, 22001, 22327, 24063, 25210, 27399, 27572, 28262, 28570, 29182, 29619, 31413, 32102, 32163]
Iter#257 New set #7 of size 39 (36.7 its/hit = 0.143s/hit): seed=3529677831022783381 [151, 950, 1018, 1542, 2166, 4812, 5597, 7086, 7538, 7546, 11261, 12510, 13941, 14112, 14483, 15211, 15345, 15504, 15611, 16565, 19005, 19166, 20510, 22313, 23457, 23526, 24116, 26859, 26934, 27189, 27347, 27964, 28201, 29035, 29080, 29254, 29713, 30529, 31138]
Iter#265 New set #1 of size 40 (265.0 its/hit = 1.000s/hit): seed=1804123098958939452 [287, 733, 1645, 1730, 1814, 2361, 3354, 3355, 5272, 6128, 6512, 9083, 9328, 9817, 9862, 10470, 10712, 12198, 15019, 16637, 17919, 19275, 20391, 21331, 22530, 25321, 25655, 25763, 26652, 26832, 26850, 27382, 27505, 27722, 27954, 28469, 28925, 29095, 30429, 30949]
Iter#685 New set #2 of size 40 (342.5 its/hit = 1.500s/hit): seed=3036650197460346453 [3515, 5295, 10115, 11548, 11896, 12048, 12127, 12427, 12715, 13820, 15057, 15961, 16471, 17571, 17661, 17833, 18321, 18674, 18974, 20260, 21467, 21508, 21837, 22900, 23618, 23700, 23990, 24297, 24316, 25793, 26550, 28560, 29104, 29154, 29381, 30152, 30312, 31205, 31575, 32604]
Iter#826 New set #3 of size 40 (275.3 its/hit = 1.333s/hit): seed=1171503749507008249 [23, 3784, 4537, 5615, 6322, 7700, 9177, 10383, 13671, 13685, 13725, 14198, 14523, 15832, 15987, 16157, 16228, 17203, 18094, 18562, 20045, 20591, 21096, 21265, 21722, 22113, 22172, 22425, 22541, 23591, 24130, 25507, 25516, 28104, 28838, 28993, 29055, 29973, 30912, 31973]
Iter#1401 New set #4 of size 40 (350.2 its/hit = 1.750s/hit): seed=18091003421015169601 [407, 662, 2218, 2235, 2462, 2923, 4608, 4714, 5500, 6490, 7971, 9758, 10583, 10897, 11676, 12532, 13915, 14212, 16859, 17243, 17865, 18331, 18421, 18441, 18763, 19866, 20253, 20699, 21018, 21250, 22792, 23206, 23482, 24905, 25561, 28034, 28382, 29820, 30967, 31762]
Iter#1517 New set #5 of size 40 (303.4 its/hit = 1.400s/hit): seed=14413779840171972372 [915, 1136, 1166, 1367, 4119, 4939, 6094, 6630, 10175, 10346, 12749, 14280, 14968, 15324, 16007, 16253, 16941, 17364, 17582, 17830, 18670, 19923, 20397, 21263, 21266, 21535, 21626, 21781, 23921, 25212, 25859, 26231, 28218, 29014, 29516, 29614, 31454, 31522, 32410, 32566]
Iter#1875 New set #6 of size 40 (312.5 its/hit = 1.500s/hit): seed=11604725363549113085 [1705, 3225, 3568, 4517, 5040, 5379, 5605, 6984, 7805, 11667, 11906, 12162, 12234, 12921, 13882, 14214, 14414, 15430, 15687, 16667, 17483, 17830, 18284, 19732, 21788, 21939, 22321, 22443, 25018, 25092, 25293, 25930, 28345, 29595, 30054, 30277, 30826, 31175, 31526, 31995]
Iter#2098 New set #1 of size 41 (2098.0 its/hit = 10.000s/hit): seed=4095329514063423349 [625, 1271, 2242, 4104, 4504, 5447, 5545, 6023, 6045, 6284, 6758, 8230, 10071, 11122, 12034, 12309, 13872, 16777, 17964, 18836, 18878, 19474, 20232, 20866, 20974, 22043, 22400, 24517, 24815, 25264, 26665, 27234, 27405, 29189, 30043, 30602, 31213, 31328, 31412, 31703, 32580]
Iter#2243 New set #2 of size 41 (1121.5 its/hit = 5.500s/hit): seed=7876158764406091327 [3326, 4006, 6000, 6514, 6668, 6819, 6836, 7086, 7293, 7484, 8367, 8543, 8770, 8881, 10553, 10774, 11614, 11819, 13132, 13630, 14078, 15085, 15735, 15913, 15980, 17069, 18242, 19037, 20712, 22232, 23001, 24067, 24352, 24614, 24862, 25235, 25508, 27524, 30041, 30373, 32041]
Iter#2432 New set #3 of size 41 (810.7 its/hit = 4.000s/hit): seed=5389713733920769587 [147, 1114, 2506, 3324, 3328, 4315, 5236, 5660, 5666, 5791, 6739, 7246, 7321, 9104, 10379, 10843, 11432, 11465, 13516, 14383, 15054, 15155, 16138, 18342, 18376, 18604, 20858, 22819, 23246, 25389, 25609, 26471, 26533, 26607, 27158, 27731, 28163, 28464, 29027, 29127, 29666]
Iter#2519 New set #4 of size 41 (629.8 its/hit = 3.000s/hit): seed=1146279815361970605 [538, 1579, 3247, 3879, 5987, 6095, 6463, 7451, 8135, 8516, 9505, 10448, 11636, 11757, 12724, 13781, 13821, 14401, 14782, 15140, 19294, 19365, 21850, 22090, 22190, 22602, 23224, 23523, 24906, 25311, 25493, 25819, 25864, 25942, 26420, 27335, 27409, 27561, 28625, 31193, 32071]
Iter#3391 New set #5 of size 41 (678.2 its/hit = 3.400s/hit): seed=12647703817728527370 [50, 294, 395, 1473, 1801, 1805, 5944, 6435, 8537, 9822, 10759, 10908, 11874, 11979, 12923, 13179, 13657, 13820, 14790, 15644, 17552, 18401, 18863, 20548, 21207, 21415, 21687, 21745, 21859, 22079, 23731, 25729, 26026, 26153, 27126, 27286, 27740, 28203, 29899, 31348, 31893]
Iter#3599 New set #6 of size 41 (599.8 its/hit = 3.000s/hit): seed=66386352441534524 [629, 755, 1929, 2935, 3074, 3254, 3347, 3355, 5776, 7486, 8358, 8510, 8677, 8686, 8715, 9428, 10465, 10745, 10848, 13034, 13609, 16031, 16107, 18553, 20196, 20279, 23947, 25023, 25416, 27034, 27742, 27875, 28010, 29099, 29437, 29722, 30095, 30204, 31178, 32305, 32760]
Iter#4440 New set #7 of size 41 (634.3 its/hit = 3.143s/hit): seed=7395743209108177824 [1014, 1389, 2424, 3922, 3976, 7974, 8321, 8331, 9236, 9330, 9751, 11081, 11693, 12290, 12383, 13328, 14132, 14329, 14524, 14680, 15387, 15975, 16818, 19713, 21797, 21936, 22621, 22830, 24385, 24502, 25719, 26597, 26809, 28470, 29303, 29536, 30224, 30504, 30607, 30962, 32360]
Iter#5333 New set #1 of size 42 (5333.0 its/hit = 27.000s/hit): seed=6918066320319439372 [52, 261, 857, 1372, 2305, 2479, 3144, 3244, 4948, 6398, 6593, 7352, 7920, 8419, 8869, 9020, 11023, 13820, 13976, 14432, 14543, 15320, 17604, 18015, 18208, 19577, 20323, 20416, 20926, 23914, 23924, 25020, 25833, 27322, 27513, 27577, 28221, 28603, 29687, 30604, 32645, 32678]
Iter#11245 New set #2 of size 42 (5622.5 its/hit = 29.000s/hit): seed=10148839293475253167 [1092, 1302, 2083, 3519, 3716, 4413, 4489, 5877, 6143, 7267, 8220, 8296, 8405, 8954, 9693, 9973, 11394, 11826, 11998, 12247, 12445, 13706, 15643, 16088, 17566, 21435, 21701, 21722, 22287, 23131, 23570, 24073, 24227, 24719, 26020, 26050, 26968, 27683, 29081, 29774, 31692, 32095]
Iter#23942 New set #3 of size 42 (7980.7 its/hit = 41.333s/hit): seed=6274699843087863386 [50, 73, 106, 202, 806, 2701, 3280, 3696, 3782, 6759, 7398, 8707, 9472, 9592, 10436, 10587, 10725, 12915, 14928, 16410, 17209, 17318, 17456, 20166, 21363, 22487, 23051, 23561, 23642, 24384, 24972, 25494, 26097, 26191, 27036, 28301, 29627, 29756, 29957, 30252, 30917, 31589]
Iter#25820 New set #1 of size 43 (25820.0 its/hit = 133.000s/hit): seed=16966878266883770990 [137, 444, 1992, 4863, 4870, 5463, 6819, 7369, 9600, 11464, 12921, 13024, 13654, 13863, 14747, 15139, 15296, 16325, 16477, 17322, 17464, 18789, 19057, 19656, 19670, 21261, 21678, 21833, 22499, 22738, 23305, 25140, 26266, 26376, 27699, 27807, 27981, 28765, 29184, 29808, 30654, 31903, 31907]
Iter#31866 New set #2 of size 43 (15933.0 its/hit = 82.500s/hit): seed=14893005730074843893 [237, 643, 1482, 2209, 2375, 3662, 4903, 8138, 8441, 9970, 10148, 13648, 14264, 14678, 14734, 17441, 17959, 18459, 18474, 18936, 20029, 20512, 21453, 21768, 21903, 22068, 22674, 23561, 24822, 25059, 26268, 26476, 27232, 27433, 27876, 29395, 30952, 31231, 31425, 31565, 32037, 32109, 32378]
Iter#66403 New set #1 of size 45 (66403.0 its/hit = 346.000s/hit): seed=6849608394503320863 [1236, 1445, 1469, 2232, 3139, 4086, 4923, 5971, 7008, 7297, 7420, 8786, 9245, 9587, 10006, 12066, 12450, 13003, 13536, 14062, 15162, 16601, 17650, 19313, 19349, 19707, 19865, 20696, 20830, 20893, 21408, 22568, 24747, 25578, 26335, 27845, 28356, 28541, 29322, 29403, 29435, 29752, 30098, 30813, 32101]
Iter#94073 New set #2 of size 45 (47036.5 its/hit = 245.500s/hit): seed=9941105417201341571 [1209, 2293, 2309, 2762, 3283, 3572, 4342, 4619, 5113, 5299, 5462, 5740, 5997, 7904, 7995, 8563, 11876, 12061, 12440, 12628, 14258, 14353, 15105, 15373, 15411, 19140, 19497, 21134, 21508, 21519, 21551, 21844, 22122, 22731, 23263, 23483, 24044, 24116, 24323, 24350, 24615, 24640, 25013, 25858, 31288]
Iter#108504 New set #3 of size 45 (36168.0 its/hit = 188.667s/hit): seed=11013574724926381317 [138, 260, 433, 760, 836, 1381, 2511, 2712, 4706, 5367, 5654, 5943, 8146, 10803, 12015, 13117, 14289, 14925, 15881, 16032, 16078, 16987, 17143, 17610, 17900, 19100, 19681, 19739, 20388, 21579, 21850, 24296, 24550, 24855, 25604, 26340, 26736, 27357, 29166, 29628, 29939, 30602, 31508, 31593, 31921]
Iter#896401 New set #4 of size 45 (224100.2 its/hit = 1178.250s/hit): seed=18163978460427616026 [436, 485, 1570, 1652, 1710, 2280, 2303, 3033, 3744, 5402, 5928, 6085, 7752, 8082, 10852, 11109, 11866, 12155, 12589, 13126, 15459, 16099, 16616, 17333, 18256, 18463, 18918, 19841, 21205, 22754, 22834, 24102, 24839, 25011, 27779, 28085, 28092, 28709, 29166, 30072, 30384, 31461, 31545, 31627, 32572]
Iter#1052484 New set #5 of size 45 (210496.8 its/hit = 1107.400s/hit): seed=11579689618151786427 [329, 2395, 3782, 5672, 5961, 6219, 6473, 6852, 7853, 8153, 8177, 8266, 8293, 9018, 10835, 11561, 11736, 12643, 13843, 14214, 15066, 15110, 15883, 16590, 17389, 17394, 17658, 19389, 19492, 19762, 20211, 20442, 20813, 22134, 23738, 24975, 25956, 26232, 26450, 26705, 29451, 29528, 32342, 32395, 32531]
Iter#1253160 New set #6 of size 45 (208860.0 its/hit = 1099.167s/hit): seed=13406001264959663428 [1470, 1795, 2374, 3147, 3586, 3868, 4033, 4238, 4748, 6177, 7154, 7422, 7891, 8879, 9718, 10085, 13163, 14099, 14332, 15306, 16364, 17076, 17371, 17483, 17899, 17973, 18893, 19891, 21610, 21883, 23160, 23232, 24337, 24343, 26193, 27795, 28099, 28664, 29084, 29253, 29867, 30925, 31414, 31448, 32117]
Iter#1423768 New set #7 of size 45 (203395.4 its/hit = 1070.714s/hit): seed=2386488359655033910 [582, 2823, 2832, 3194, 3523, 3962, 4157, 5991, 6245, 6267, 6835, 7138, 7933, 8064, 8157, 9119, 9435, 10996, 11062, 11428, 11718, 12424, 12863, 14363, 15275, 16507, 16899, 18033, 18229, 18824, 18949, 20561, 21132, 21509, 21610, 21961, 24335, 24444, 24900, 25870, 26572, 29361, 29909, 31841, 32456]
Iter#1669169 New set #1 of size 46 (1669169.0 its/hit = 8785.000s/hit): seed=9316448391351698937 [287, 984, 1196, 2419, 2655, 2895, 4102, 4772, 5703, 8064, 9084, 9185, 9555, 11311, 13088, 14080, 15397, 16175, 16622, 17124, 18574, 19320, 19510, 20309, 20748, 20918, 21370, 21924, 22161, 22614, 22711, 23356, 24839, 25196, 25942, 27009, 28294, 29415, 29426, 30251, 31241, 31528, 31688, 31912, 32143, 32525]
Iter#2025918 New set #1 of size 47 (2025918.0 its/hit = 10665.000s/hit): seed=2240887103059764340 [356, 530, 1114, 2000, 2196, 2827, 3385, 3427, 4157, 5889, 6558, 6565, 10074, 10890, 11038, 12483, 12824, 15341, 15785, 16414, 16684, 16909, 16970, 17233, 18229, 18657, 19751, 20867, 21632, 21747, 21830, 22091, 22703, 23120, 23638, 24199, 24287, 24544, 26460, 27692, 29124, 29733, 29868, 30461, 30832, 31089, 31459]
