[*] Computing DDT
[+] DDT Computed
DDT took 23.757673406s
Iter#1 New set #1 of size 42 (1.0 its/hit = 0.000s/hit): seed=1853087405147727809 [122, 201, 551, 2856, 5714, 6636, 6646, 7546, 8604, 8708, 10596, 10932, 11269, 11656, 13412, 13918, 14025, 14286, 15165, 15590, 16172, 16944, 19097, 19245, 19917, 20983, 21244, 21365, 23617, 23747, 24091, 25262, 25999, 26385, 27047, 27530, 27761, 29337, 29628, 31148, 31897, 32509]
Iter#22 New set #1 of size 43 (22.0 its/hit = 0.000s/hit): seed=12908014537563393208 [1193, 2116, 2892, 3014, 4072, 4854, 4889, 6006, 6371, 6372, 7946, 8034, 9288, 9447, 10212, 10356, 11596, 12169, 12218, 12754, 13855, 14780, 15053, 15287, 15972, 16446, 17559, 18284, 18332, 20787, 25078, 25635, 25916, 26311, 28550, 28807, 29208, 29362, 31324, 31475, 32063, 32346, 32372]
Iter#35 New set #2 of size 43 (17.5 its/hit = 0.000s/hit): seed=17381509248099296845 [797, 2658, 2901, 2951, 3034, 3531, 3698, 3790, 3902, 4042, 5154, 5406, 5414, 5839, 6996, 7861, 9591, 9675, 12092, 14706, 16382, 16583, 16884, 17817, 22082, 22143, 24347, 25916, 26032, 27056, 27218, 27381, 27470, 27568, 27879, 27880, 28051, 28353, 28625, 28698, 29861, 32360, 32435]
Iter#66 New set #3 of size 43 (22.0 its/hit = 0.000s/hit): seed=1573901406565478183 [840, 1954, 2768, 2877, 3346, 4146, 4358, 4951, 7071, 7751, 7846, 8174, 9085, 10214, 10381, 10435, 10641, 10983, 11902, 12166, 13553, 13860, 14439, 14631, 15380, 16220, 18162, 19535, 20105, 20231, 22224, 23318, 24506, 24927, 25831, 26438, 26486, 27093, 27225, 28763, 29459, 29871, 29874]
Iter#71 New set #4 of size 43 (17.8 its/hit = 0.000s/hit): seed=14190198601223336761 [1208, 2333, 2387, 4457, 5185, 5442, 5735, 7397, 7838, 10339, 10514, 11483, 12402, 12511, 12858, 13615, 14750, 15139, 16434, 17001, 17098, 17457, 17574, 18617, 19457, 20498, 21278, 21633, 21677, 22930, 23319, 24032, 24794, 25698, 25859, 25874, 26957, 27169, 27472, 30403, 30897, 31355, 32117]
Iter#114 New set #1 of size 44 (114.0 its/hit = 0.000s/hit): seed=3459681790441707650 [615, 918, 1307, 1414, 4193, 5124, 5128, 5148, 5242, 6894, 6949, 7843, 8249, 8280, 8315, 8344, 8732, 9502, 9890, 13268, 14142, 14887, 15038, 15293, 15931, 16060, 16064, 16441, 16990, 17439, 17530, 20964, 22099, 24642, 25125, 26156, 26620, 27914, 28316, 28393, 28396, 28894, 29618, 31798]
Iter#150 New set #2 of size 44 (75.0 its/hit = 0.000s/hit): seed=13717125166122618048 [138, 1674, 2654, 3382, 3516, 3656, 3674, 4447, 5397, 5595, 5706, 6337, 6724, 8241, 9474, 9608, 10292, 10430, 10438, 10863, 12128, 12593, 14643, 15591, 16112, 16681, 18504, 20721, 21341, 21577, 21896, 23850, 24087, 24397, 24836, 25095, 25334, 26582, 26967, 28717, 29277, 29816, 32294, 32694]
Iter#357 New set #3 of size 44 (119.0 its/hit = 0.333s/hit): seed=14792672770620575941 [859, 908, 2587, 4379, 4686, 4879, 7087, 7245, 7752, 8620, 9062, 10249, 10771, 11366, 11957, 12695, 13583, 14085, 15110, 15725, 17471, 17713, 18153, 18250, 18825, 20323, 20412, 20443, 20911, 22320, 24664, 25627, 25849, 27094, 27109, 27257, 27453, 27544, 27549, 27702, 31454, 31735, 32569, 32685]
Iter#503 New set #1 of size 45 (503.0 its/hit = 2.000s/hit): seed=6334095533742747177 [1566, 1627, 1737, 2086, 2999, 4382, 4561, 5888, 5922, 6415, 6466, 8130, 8628, 8688, 9773, 9869, 10570, 10755, 10888, 10962, 12173, 14510, 16813, 17106, 17770, 18683, 18789, 19917, 19950, 21028, 22460, 23011, 23726, 23771, 25014, 25446, 25525, 26536, 26699, 26833, 28840, 29658, 30390, 31145, 32538]
Iter#643 New set #1 of size 50 (643.0 its/hit = 2.000s/hit): seed=17518947153962308237 [312, 727, 842, 2170, 3269, 3586, 6677, 7941, 8212, 8491, 9882, 10107, 10639, 11198, 12415, 13210, 13492, 14224, 14538, 14806, 15030, 15720, 15918, 17351, 17824, 18342, 18818, 19299, 19909, 19914, 20101, 20864, 22245, 22495, 23116, 24133, 24797, 25400, 25669, 27414, 27652, 27672, 28590, 28843, 30579, 31089, 31389, 31848, 32336, 32607]
Iter#3213 New set #2 of size 50 (1606.5 its/hit = 6.500s/hit): seed=5172008565294894244 [316, 1981, 2612, 4019, 4278, 5804, 5899, 6461, 8662, 8694, 9876, 10271, 10811, 10907, 11654, 11684, 11877, 11896, 12292, 13465, 13521, 13916, 13932, 14153, 14989, 15415, 15664, 16987, 18609, 19544, 19661, 19740, 19944, 20051, 20876, 20958, 22810, 23137, 23840, 25485, 25877, 26198, 27710, 28145, 28184, 28922, 29496, 30223, 31382, 31784]
Iter#6017 New set #3 of size 50 (2005.7 its/hit = 8.667s/hit): seed=17031667538604090105 [104, 782, 1406, 1443, 1709, 1718, 4086, 4346, 4404, 4444, 4508, 4509, 4541, 4765, 8231, 9164, 10863, 12034, 12730, 13372, 14949, 15775, 16419, 16500, 17607, 18842, 19687, 20969, 21551, 22243, 23303, 23745, 24659, 25155, 26063, 26264, 26831, 26994, 27162, 27250, 27260, 27857, 28639, 29008, 29134, 29701, 31493, 31534, 31558, 32340]
Iter#6044 New set #4 of size 50 (1511.0 its/hit = 6.500s/hit): seed=4548494677397274955 [1970, 2181, 2240, 2277, 2728, 3002, 5246, 5442, 6420, 6657, 7603, 7623, 8330, 12418, 12727, 13265, 14018, 15135, 15160, 15313, 16602, 17066, 18005, 18860, 19269, 19998, 21366, 21421, 21535, 21580, 22037, 22191, 23983, 24292, 24340, 24834, 26107, 26143, 26263, 27015, 27274, 27949, 28499, 28838, 29760, 30431, 30619, 31783, 31941, 32701]
Iter#19291 New set #5 of size 50 (3858.2 its/hit = 16.800s/hit): seed=16147485094734247986 [146, 459, 1639, 1964, 2125, 2400, 2757, 4174, 4478, 6198, 6445, 6446, 7961, 8198, 10829, 10975, 12858, 14967, 16152, 16344, 16939, 17245, 18381, 18520, 19046, 20159, 20870, 21873, 23555, 23695, 23697, 24015, 24866, 24991, 26335, 26465, 26666, 27105, 28161, 28237, 28550, 28689, 29198, 30286, 30428, 30511, 30812, 31441, 31719, 32335]
Iter#25903 New set #1 of size 51 (25903.0 its/hit = 114.000s/hit): seed=7939750353707777436 [56, 423, 1848, 2334, 3247, 3368, 3517, 3989, 4578, 4754, 9278, 9478, 9598, 10006, 10214, 10286, 10923, 11179, 11485, 12869, 12925, 13279, 13932, 16447, 17310, 17784, 19202, 20394, 20573, 21137, 21447, 21585, 21926, 22225, 22670, 22811, 22819, 23404, 25340, 25601, 27486, 27494, 27540, 27670, 28832, 29127, 29908, 31866, 31973, 32136, 32249]
Iter#35982 New set #2 of size 51 (17991.0 its/hit = 79.500s/hit): seed=12437067509370814455 [619, 1055, 1276, 1849, 2281, 3733, 3788, 4503, 4772, 4874, 5116, 5184, 5720, 5909, 10374, 10411, 10752, 10770, 11807, 13929, 14602, 14619, 15637, 15664, 15906, 19773, 22625, 23333, 23580, 24660, 25150, 25477, 25704, 25863, 26101, 26489, 26526, 26950, 27042, 27206, 27537, 27911, 28561, 28961, 29017, 29781, 29794, 30173, 30217, 31003, 31736]
Iter#43630 New set #3 of size 51 (14543.3 its/hit = 64.333s/hit): seed=5812837807962334399 [736, 1310, 1432, 1729, 2586, 3630, 3753, 6681, 6685, 7045, 7835, 8945, 9570, 9812, 10223, 10528, 11714, 12066, 12325, 13113, 13756, 14708, 14940, 15328, 15466, 15883, 15907, 16428, 16488, 17100, 17361, 17505, 17746, 19324, 19559, 19987, 20000, 22984, 23149, 23270, 25835, 26922, 27354, 27377, 27564, 28142, 28430, 28904, 30071, 30077, 31577]
Iter#52777 New set #4 of size 51 (13194.2 its/hit = 58.250s/hit): seed=18154209894890058070 [21, 552, 1604, 1614, 1884, 2545, 3757, 4470, 4497, 4564, 4755, 5029, 5601, 6456, 6850, 6871, 7211, 7259, 9474, 11794, 12609, 12635, 12759, 12956, 13161, 13785, 13963, 14374, 15713, 16250, 17656, 18401, 18571, 19107, 19406, 21079, 21585, 24509, 24621, 25023, 26063, 26074, 26217, 26676, 26861, 29576, 30156, 31178, 31714, 32525, 32536]
Iter#59385 New set #5 of size 51 (11877.0 its/hit = 52.600s/hit): seed=1035669228094307915 [135, 612, 625, 758, 1788, 1977, 2740, 4715, 5288, 5586, 7333, 8635, 9896, 11653, 12012, 12382, 13319, 14373, 14417, 14748, 14845, 14901, 15646, 16886, 17298, 18024, 18673, 18993, 19848, 20331, 20465, 20527, 21454, 21718, 22618, 24174, 24547, 25225, 26426, 27330, 28368, 29301, 29965, 30090, 30588, 30715, 31143, 31158, 31200, 31681, 31683]
Iter#61496 New set #1 of size 52 (61496.0 its/hit = 272.000s/hit): seed=7311536149261145141 [291, 393, 644, 1192, 1552, 1580, 1818, 1829, 4407, 4829, 4955, 8044, 9271, 9396, 9533, 10269, 10782, 11711, 12716, 13006, 13803, 14661, 14848, 15005, 15203, 17107, 17302, 17333, 17587, 20744, 20872, 21388, 21866, 21920, 22308, 22521, 22603, 22978, 23474, 25994, 26829, 27130, 29016, 29055, 30198, 30333, 30366, 31638, 31999, 32118, 32128, 32170]
Iter#117670 New set #2 of size 52 (58835.0 its/hit = 261.500s/hit): seed=6604108591608941658 [2801, 3329, 3846, 5937, 6729, 6980, 8319, 8515, 8965, 9502, 10481, 11210, 11267, 11646, 11907, 12130, 12363, 13266, 13611, 14627, 15269, 16320, 16909, 17210, 18316, 18318, 18592, 19723, 20649, 20669, 20688, 21448, 22023, 22757, 23128, 24007, 24265, 24840, 25199, 25467, 26497, 26860, 27018, 28174, 28541, 28560, 29349, 29623, 30796, 32141, 32313, 32438]
Iter#233959 New set #1 of size 53 (233959.0 its/hit = 1043.000s/hit): seed=9859818355269741150 [41, 1202, 1330, 2207, 2928, 3117, 4579, 5024, 5347, 5457, 6524, 7527, 7630, 8083, 8542, 8745, 9796, 11812, 12382, 12853, 13247, 13538, 14302, 14404, 15139, 15243, 15372, 15820, 15845, 17474, 17515, 17979, 18221, 18910, 19328, 19549, 21047, 21454, 22247, 22718, 23538, 23884, 25099, 25506, 27735, 28100, 28492, 28733, 28835, 30559, 30853, 31118, 31143]
Iter#414528 New set #2 of size 53 (207264.0 its/hit = 927.500s/hit): seed=12722675526015359235 [71, 289, 358, 744, 1197, 1221, 1454, 1605, 1925, 2684, 3507, 4651, 5586, 5938, 6787, 6976, 7918, 8132, 9883, 10702, 10759, 11531, 12201, 12222, 12615, 12945, 13545, 13640, 13890, 19088, 22181, 22522, 22629, 23472, 23484, 23522, 23712, 23880, 25128, 25243, 26008, 26981, 27533, 28104, 28172, 28235, 28448, 28461, 28522, 29008, 29099, 29410, 30062]
Iter#501700 New set #3 of size 53 (167233.3 its/hit = 748.333s/hit): seed=5162917853054184212 [1081, 1721, 2393, 2443, 4967, 5698, 7319, 8316, 9024, 9265, 9527, 9688, 9690, 10359, 10533, 11131, 11607, 11982, 13131, 13532, 13570, 14671, 14913, 16664, 17472, 18370, 18718, 19794, 19846, 20123, 20345, 20659, 21486, 21556, 21913, 22156, 22633, 22728, 23111, 23492, 24272, 26558, 27297, 27616, 28358, 28391, 28702, 30262, 30375, 30852, 30990, 31483, 32639]
Iter#599748 New set #4 of size 53 (149937.0 its/hit = 670.500s/hit): seed=4072724732415925093 [533, 1217, 1333, 1822, 2026, 2456, 2474, 3231, 3740, 3919, 6649, 6710, 9060, 9241, 10120, 10429, 11132, 11348, 11768, 11778, 12170, 12221, 13071, 13722, 13882, 13922, 13937, 14922, 15013, 16272, 16435, 16576, 17308, 17547, 17650, 18467, 20550, 22954, 24282, 25178, 25185, 26209, 27471, 28170, 28558, 28616, 28898, 29474, 30081, 30095, 30206, 32190, 32694]
Iter#658659 New set #5 of size 53 (131731.8 its/hit = 589.000s/hit): seed=10583013798218529892 [8, 560, 1585, 2105, 2116, 3338, 3903, 3970, 4200, 5823, 6225, 6528, 6857, 7838, 9588, 11033, 11312, 11782, 13274, 13471, 14410, 15251, 15262, 15674, 15778, 16990, 17417, 19504, 21190, 21341, 21601, 23170, 23477, 23640, 23940, 24069, 24345, 24614, 24860, 26135, 26241, 26711, 26928, 26968, 27070, 27445, 28207, 28734, 28800, 31016, 31754, 32080, 32513]
Iter#734230 New set #6 of size 53 (122371.7 its/hit = 547.000s/hit): seed=13425502392964940058 [283, 1288, 1356, 1823, 1881, 1991, 2180, 2514, 3205, 3474, 3498, 4108, 4320, 4566, 4695, 5474, 5884, 5915, 5927, 6708, 8280, 9492, 10251, 10622, 10960, 12383, 12815, 14147, 14477, 14733, 15110, 16660, 17514, 17801, 18131, 20662, 20980, 21599, 21938, 22067, 22492, 23129, 23648, 24368, 25501, 26093, 26226, 27711, 28505, 30525, 31385, 32399, 32433]
Iter#872068 New set #7 of size 53 (124581.1 its/hit = 557.000s/hit): seed=6148197722760980241 [502, 1440, 1821, 2493, 3056, 3570, 4562, 5330, 6432, 6638, 8595, 9077, 9249, 9351, 9367, 9561, 9569, 11170, 13653, 14964, 15003, 15225, 15414, 16431, 16846, 17415, 17822, 18637, 19390, 19933, 20403, 20747, 20771, 21757, 21973, 22714, 22799, 24115, 24517, 24704, 25988, 27314, 27522, 27576, 28723, 29010, 29270, 29750, 30346, 31396, 31570, 32336, 32594]
Iter#987568 New set #8 of size 53 (123446.0 its/hit = 552.500s/hit): seed=14479685670931965971 [37, 601, 635, 1954, 2017, 2276, 3493, 3910, 4323, 4477, 4582, 6574, 7438, 7864, 8251, 8302, 8737, 9885, 10137, 10463, 10596, 11069, 11950, 12157, 12673, 12893, 13756, 13790, 14002, 14916, 15598, 15856, 16175, 17135, 18820, 20069, 21705, 22087, 22160, 23761, 24545, 24782, 27524, 28815, 28883, 31059, 31705, 31800, 31814, 32173, 32192, 32370, 32756]
Iter#1002867 New set #9 of size 53 (111429.7 its/hit = 498.667s/hit): seed=7834016131708228845 [382, 518, 1615, 2268, 2701, 3752, 4505, 4942, 5600, 6540, 7058, 7160, 7677, 7919, 8927, 9018, 9360, 10079, 10094, 10292, 10570, 11700, 12163, 13147, 13257, 13329, 13545, 13663, 15087, 15565, 15903, 16842, 18264, 20237, 20962, 21026, 21422, 21732, 21914, 21985, 22266, 25273, 26066, 26955, 29041, 29150, 29481, 29493, 30526, 31830, 31952, 32174, 32515]
Iter#1151459 New set #10 of size 53 (115145.9 its/hit = 515.200s/hit): seed=14947524812695337769 [62, 872, 1176, 2616, 2955, 3456, 3744, 5925, 7342, 7961, 8078, 8667, 8963, 10911, 11314, 13244, 13491, 14134, 14897, 14993, 15030, 15577, 16420, 16658, 16720, 17198, 17415, 17802, 17893, 18514, 19242, 19824, 20218, 20402, 20893, 21886, 23147, 23581, 24753, 25669, 25772, 26283, 27095, 27363, 27435, 27438, 28411, 28622, 28895, 29536, 30297, 30955, 31106]
Iter#3124251 New set #20 of size 53 (156212.5 its/hit = 701.250s/hit): seed=9296290877278908133 [392, 1553, 1798, 2032, 2105, 2225, 2481, 2700, 3402, 3466, 3538, 3674, 4697, 5040, 5073, 5909, 6218, 6752, 6793, 7144, 9516, 10316, 10321, 11079, 11606, 11644, 12081, 12315, 16255, 16470, 16821, 17870, 18256, 18468, 19162, 19879, 19932, 20792, 21179, 21674, 23940, 26206, 27282, 27658, 27976, 28063, 29587, 29923, 30165, 30365, 30591, 31228, 32749]
