[*] Computing DDT
[+] DDT Computed
DDT took 23.108014545s
Iter#1 New set #1 of size 36 (1.0 its/hit = 0.000s/hit): seed=16373369568868238728 [1000, 1678, 1874, 2045, 3581, 3841, 4854, 5260, 6412, 7080, 7791, 8760, 9476, 11062, 13005, 13220, 13447, 13620, 13893, 14820, 14855, 15809, 18285, 19678, 20346, 24638, 24898, 25738, 26081, 26782, 26933, 27777, 29430, 31183, 31217, 31900]
Iter#2 New set #2 of size 36 (1.0 its/hit = 0.000s/hit): seed=6735303814844697171 [8, 594, 897, 2666, 4730, 4797, 4855, 4875, 5744, 5942, 6495, 6544, 7079, 9128, 9677, 10065, 10201, 11281, 12390, 13013, 13350, 15047, 16524, 16895, 17381, 18903, 19159, 19745, 19841, 20604, 23293, 24770, 26152, 26731, 31263, 31717]
Iter#3 New set #1 of size 38 (3.0 its/hit = 0.000s/hit): seed=7932220516845212353 [97, 596, 1784, 2369, 3717, 4275, 4394, 5302, 5953, 6376, 6455, 7152, 7428, 7431, 8042, 8381, 8831, 9529, 12065, 13046, 15353, 15927, 15971, 16248, 16478, 16941, 17209, 18100, 19308, 19706, 20095, 20117, 22667, 24679, 27770, 28646, 28898, 29743]
Iter#5 New set #1 of size 39 (5.0 its/hit = 0.000s/hit): seed=2555663721118040647 [130, 4930, 6039, 6053, 6225, 6324, 7439, 8718, 8874, 9338, 10826, 11297, 12522, 12664, 13336, 15785, 16508, 17527, 18834, 19106, 19214, 19639, 19697, 19941, 20778, 21351, 22255, 23032, 24043, 24548, 25159, 25547, 25667, 27339, 27362, 28340, 28669, 30393, 32609]
Iter#23 New set #2 of size 39 (11.5 its/hit = 0.000s/hit): seed=8191717392026083035 [614, 1296, 1660, 2197, 3075, 5477, 8186, 10344, 10441, 11572, 11866, 12686, 13183, 14327, 15095, 16813, 17191, 17549, 18901, 18906, 20746, 20876, 21230, 22060, 22955, 23127, 23606, 24235, 25387, 25458, 25484, 25788, 26467, 26762, 27306, 29044, 29396, 29830, 31165]
Iter#33 New set #3 of size 39 (11.0 its/hit = 0.000s/hit): seed=5156087050065539952 [577, 1307, 1474, 5114, 5917, 6244, 6364, 6942, 7090, 7145, 8013, 9861, 9914, 10175, 11741, 11896, 12201, 12866, 14067, 16113, 16177, 16872, 17096, 18260, 18633, 19176, 21500, 21874, 21892, 22292, 23864, 25716, 26676, 27270, 28510, 30753, 31017, 31174, 31211]
Iter#68 New set #4 of size 39 (17.0 its/hit = 0.000s/hit): seed=11686287127229188617 [91, 234, 1527, 1592, 1930, 3440, 3821, 4182, 4760, 6361, 6629, 6723, 7379, 7596, 7610, 9619, 10210, 12614, 13744, 14418, 15845, 18116, 18807, 19045, 19928, 20460, 20589, 21291, 21519, 21794, 23318, 23918, 25853, 26367, 28706, 29927, 30232, 30551, 31134]
Iter#94 New set #5 of size 39 (18.8 its/hit = 0.000s/hit): seed=14202561147566413380 [1270, 2093, 5703, 5973, 6025, 6134, 6847, 7928, 7976, 9766, 10188, 10412, 10544, 10992, 11460, 11669, 11933, 12087, 12969, 15030, 16754, 17600, 18613, 20384, 20449, 20855, 22812, 24033, 24214, 25602, 25853, 27342, 28090, 28224, 28819, 29236, 29264, 30380, 32392]
Iter#115 New set #6 of size 39 (19.2 its/hit = 0.000s/hit): seed=10574999234147251299 [658, 1735, 1892, 2814, 3888, 5613, 6407, 6961, 7212, 8107, 8404, 9979, 10956, 11090, 11276, 12430, 14454, 16742, 17172, 17178, 17793, 18900, 19123, 19204, 20230, 20273, 21718, 21894, 23089, 23242, 23266, 23444, 23719, 24747, 25066, 25154, 31586, 31898, 32168]
Iter#117 New set #1 of size 40 (117.0 its/hit = 0.000s/hit): seed=13483720359061672611 [392, 1273, 1997, 2436, 2580, 2638, 2678, 3433, 3651, 5067, 6487, 6861, 7246, 9868, 11015, 11129, 11948, 13193, 13734, 15759, 16109, 16386, 17198, 17488, 17820, 18356, 19480, 22961, 22970, 23390, 24231, 24515, 25746, 26555, 27364, 27570, 28206, 30629, 32391, 32495]
Iter#253 New set #2 of size 40 (126.5 its/hit = 0.500s/hit): seed=14696158032560590006 [1951, 2537, 2878, 3221, 3477, 3964, 5298, 6290, 7380, 8949, 9065, 12046, 12423, 12822, 13104, 14397, 14580, 15001, 15910, 16733, 17075, 17774, 17814, 19506, 20047, 21343, 22844, 23281, 24542, 24999, 25751, 25790, 26732, 26758, 28195, 28568, 29053, 30921, 30947, 32037]
Iter#398 New set #3 of size 40 (132.7 its/hit = 0.667s/hit): seed=4858489136296749980 [1521, 1706, 3688, 4492, 4671, 5161, 5582, 6046, 6253, 6495, 7296, 7548, 9199, 10339, 10466, 11548, 11619, 12061, 12568, 13238, 14870, 17352, 17401, 17552, 19382, 19931, 20713, 21067, 21115, 22015, 22235, 22252, 28229, 28366, 28937, 28974, 29719, 29817, 30841, 32400]
Iter#422 New set #4 of size 40 (105.5 its/hit = 0.500s/hit): seed=7000180003849366087 [86, 904, 1279, 1620, 2681, 4193, 5536, 6723, 6745, 7025, 9089, 9372, 10308, 10652, 10951, 12075, 13545, 14409, 15381, 16046, 16808, 17602, 17902, 20636, 20639, 22100, 22158, 22560, 22709, 22797, 22826, 24052, 26412, 26898, 26985, 27046, 28643, 28943, 29034, 31713]
Iter#425 New set #5 of size 40 (85.0 its/hit = 0.400s/hit): seed=14488031925516100553 [1480, 4582, 4710, 4808, 4851, 6568, 8698, 10108, 10498, 11151, 11596, 11702, 12305, 13158, 13994, 14683, 15693, 16270, 16281, 16356, 17613, 18303, 18368, 18412, 19590, 20131, 20864, 21178, 21818, 23249, 24038, 24795, 25338, 25485, 26228, 26696, 27318, 28052, 29210, 31864]
Iter#443 New set #6 of size 40 (73.8 its/hit = 0.333s/hit): seed=6033364575494602631 [200, 828, 1310, 1999, 2880, 4542, 5963, 6295, 6485, 7378, 8562, 10257, 10337, 10914, 11745, 11875, 12468, 12498, 12609, 13454, 13876, 15238, 15342, 15401, 15821, 16685, 17539, 18757, 19450, 20245, 20457, 20625, 21055, 23203, 24088, 24228, 24638, 26735, 29411, 30308]
Iter#708 New set #7 of size 40 (101.1 its/hit = 0.429s/hit): seed=13511226383348922901 [249, 1892, 2817, 2908, 3076, 3359, 4163, 4235, 4938, 7296, 8141, 9491, 10333, 10350, 10731, 11882, 13233, 14223, 14313, 14332, 16086, 17273, 17414, 19000, 19515, 20516, 22321, 23938, 26481, 26704, 27048, 27066, 27986, 28824, 30036, 30251, 30780, 31316, 31934, 31990]
Iter#849 New set #8 of size 40 (106.1 its/hit = 0.500s/hit): seed=8611893709888586591 [36, 1658, 3559, 3821, 4065, 5050, 5364, 6424, 8435, 10261, 10350, 10952, 11503, 12592, 13385, 13701, 16324, 16990, 17252, 17507, 17606, 18153, 18765, 19424, 21056, 21161, 22302, 23310, 23496, 24511, 25034, 25909, 27053, 27414, 27898, 29220, 29652, 29865, 31543, 31657]
Iter#852 New set #9 of size 40 (94.7 its/hit = 0.444s/hit): seed=3019487050365561795 [2106, 2293, 2297, 3490, 4429, 4913, 5368, 6680, 8515, 9892, 10502, 11168, 12553, 15764, 16179, 18168, 18585, 19268, 19319, 20701, 21547, 21600, 22230, 22459, 24310, 24370, 24471, 25101, 26693, 26696, 26850, 27209, 27522, 28858, 28975, 29424, 29425, 31076, 31503, 32329]
Iter#892 New set #10 of size 40 (89.2 its/hit = 0.400s/hit): seed=4040048273453347729 [27, 253, 254, 626, 990, 3336, 3488, 4191, 5597, 5648, 5759, 6712, 6830, 8607, 9821, 12642, 13416, 13563, 15040, 16114, 17825, 19396, 19442, 21225, 22874, 24933, 25212, 25268, 25812, 26620, 27172, 27285, 27351, 28267, 28640, 29346, 29534, 30526, 30675, 31822]
Iter#986 New set #1 of size 41 (986.0 its/hit = 5.000s/hit): seed=7001234444362966947 [161, 698, 3584, 3819, 5752, 6275, 6423, 7366, 7974, 8475, 9434, 9567, 9908, 10358, 12196, 13607, 14618, 15516, 16635, 18069, 18210, 19004, 19025, 20073, 21097, 22710, 22786, 24202, 24341, 24937, 25830, 26743, 27586, 27985, 28460, 29005, 29226, 29974, 31778, 32238, 32427]
Iter#1555 New set #2 of size 41 (777.5 its/hit = 3.500s/hit): seed=2268931666762680854 [147, 153, 473, 531, 1949, 2514, 2664, 3894, 4108, 4566, 4700, 5354, 7103, 7942, 8538, 8560, 8664, 9690, 10095, 11054, 11446, 13478, 13914, 13922, 14502, 14991, 16908, 16976, 18007, 18144, 19153, 20094, 25093, 25571, 25601, 26158, 26575, 28908, 31038, 31177, 32631]
Iter#1976 New set #3 of size 41 (658.7 its/hit = 3.333s/hit): seed=10672217408318515105 [618, 780, 1296, 1756, 3092, 3383, 3758, 4648, 4753, 4874, 5395, 5556, 6281, 6863, 7536, 8640, 9328, 10646, 10890, 10903, 13283, 13621, 14469, 14798, 15207, 15264, 17465, 17721, 18913, 19406, 20343, 20482, 20927, 21389, 21689, 22000, 26045, 26540, 26662, 27461, 29979]
Iter#4888 New set #4 of size 41 (1222.0 its/hit = 6.250s/hit): seed=9592788762280224459 [2095, 2829, 2976, 4097, 5023, 5220, 5305, 5847, 7855, 8861, 10181, 10859, 11112, 11402, 12265, 12987, 14972, 15237, 15357, 16485, 17153, 18005, 19750, 19807, 24315, 24812, 25813, 26119, 26681, 27233, 27338, 27835, 28656, 29036, 30905, 31879, 31944, 31947, 32153, 32258, 32663]
Iter#6017 New set #5 of size 41 (1203.4 its/hit = 6.200s/hit): seed=7872555984472503889 [665, 768, 1324, 1664, 2763, 4067, 4104, 4587, 4861, 5433, 7088, 8237, 8804, 9573, 9943, 10754, 10880, 12179, 12197, 12369, 12476, 13991, 15511, 15754, 16895, 19964, 20768, 21099, 22829, 23526, 24074, 24736, 25106, 28264, 29001, 30622, 31366, 31430, 31490, 32035, 32407]
Iter#8050 New set #6 of size 41 (1341.7 its/hit = 6.833s/hit): seed=2542501478156422242 [274, 949, 1367, 1841, 2799, 3318, 3412, 3786, 4025, 6830, 7916, 9159, 9759, 9984, 10582, 12356, 13731, 14456, 14519, 14713, 16895, 17837, 18880, 19439, 19860, 20222, 20257, 20486, 22352, 23071, 23171, 24436, 27035, 27100, 28067, 28090, 28872, 29362, 29384, 31359, 32393]
Iter#11099 New set #7 of size 41 (1585.6 its/hit = 8.143s/hit): seed=6828944237907909793 [212, 2857, 3040, 3292, 3777, 4098, 9745, 10122, 10453, 10906, 11113, 11509, 12400, 13771, 15114, 15805, 16027, 17975, 18043, 20659, 20823, 21079, 21149, 21584, 21918, 22248, 22501, 22828, 23008, 23230, 25294, 25453, 26617, 27197, 27676, 27987, 28311, 30681, 31364, 31509, 32219]
Iter#11266 New set #8 of size 41 (1408.2 its/hit = 7.250s/hit): seed=1392478015361393571 [372, 2267, 4913, 5102, 5200, 5207, 5286, 6781, 9354, 10748, 11900, 12197, 12534, 13690, 14704, 15507, 16008, 16152, 16299, 16403, 16663, 17168, 17901, 17958, 18044, 18688, 20999, 21985, 22273, 23162, 23261, 23428, 25274, 25508, 26133, 26903, 26932, 27070, 29587, 30886, 31237]
Iter#12627 New set #9 of size 41 (1403.0 its/hit = 7.222s/hit): seed=1646451297851569588 [84, 300, 651, 1287, 1480, 1987, 3307, 4267, 5588, 6043, 6581, 7278, 8107, 8537, 8996, 11698, 13550, 14014, 15517, 15872, 16818, 17276, 17365, 18443, 19472, 20532, 21627, 21862, 21975, 24009, 25213, 26172, 27309, 28518, 29177, 29550, 30425, 30708, 31005, 31906, 32354]
Iter#12793 New set #10 of size 41 (1279.3 its/hit = 6.600s/hit): seed=5679608931348353011 [577, 747, 1907, 4187, 4467, 4947, 5213, 5945, 6431, 6870, 8312, 8498, 9803, 10081, 10572, 13713, 13799, 14237, 14339, 15395, 16060, 18612, 19376, 19833, 20013, 20029, 20954, 23685, 23711, 24519, 25138, 25900, 26332, 26477, 27047, 28619, 29076, 29183, 29629, 31254, 32736]
Iter#29059 New set #20 of size 41 (1452.9 its/hit = 7.500s/hit): seed=4749298064508453562 [796, 1617, 3494, 3853, 5299, 6431, 6864, 7836, 9300, 10634, 10887, 11778, 12588, 13845, 14123, 14432, 15540, 15570, 15599, 18091, 19224, 19602, 19892, 19902, 20463, 21148, 21295, 21514, 21536, 21758, 22828, 22893, 23429, 24214, 25316, 27304, 28568, 29009, 30235, 30759, 31715]
Iter#35731 New set #1 of size 42 (35731.0 its/hit = 185.000s/hit): seed=4063605730567385243 [875, 3018, 3195, 3617, 4680, 5109, 6625, 7546, 7552, 7643, 7834, 8201, 10105, 10171, 12403, 12953, 13334, 14113, 14534, 15522, 16781, 16944, 17210, 17803, 18700, 19493, 19981, 20974, 21826, 21841, 22409, 22822, 23282, 24395, 26327, 26500, 28416, 28490, 29764, 32000, 32107, 32181]
Iter#43262 New set #2 of size 42 (21631.0 its/hit = 112.000s/hit): seed=3550475046768741584 [289, 1737, 2050, 2846, 2907, 3123, 4116, 4894, 5304, 5912, 8506, 9206, 9699, 11732, 12967, 13350, 13410, 15293, 16349, 16551, 17078, 17185, 17913, 18116, 18612, 18812, 18964, 19035, 19139, 20449, 20509, 21740, 23303, 23565, 25208, 25385, 26378, 26543, 27790, 29923, 31302, 31305]
Iter#44824 New set #3 of size 42 (14941.3 its/hit = 77.667s/hit): seed=9018238174819039119 [870, 2690, 4008, 4663, 5428, 5749, 5836, 6866, 9305, 9882, 10197, 10860, 10902, 11161, 13630, 15330, 15595, 16136, 16880, 17227, 18742, 19568, 20474, 20673, 20750, 20993, 21029, 21410, 21789, 22192, 23225, 25129, 26996, 27337, 27356, 28624, 29446, 29623, 30520, 31130, 31374, 31389]
Iter#47615 New set #4 of size 42 (11903.8 its/hit = 61.750s/hit): seed=7178097679855934481 [877, 1715, 3057, 3327, 5250, 5311, 7477, 7528, 7753, 8286, 8576, 10629, 10798, 12189, 13783, 13941, 14164, 14777, 15150, 16400, 16598, 17491, 17534, 17545, 18299, 19112, 19283, 19742, 20656, 20936, 21952, 21987, 22334, 26107, 26360, 27151, 28975, 29025, 29032, 30986, 31547, 32377]
Iter#48924 New set #5 of size 42 (9784.8 its/hit = 50.800s/hit): seed=796851472687653431 [650, 1522, 3039, 3576, 3920, 8615, 9335, 9506, 9648, 10070, 10194, 10515, 10699, 11502, 12254, 13473, 13995, 14434, 14887, 15402, 15828, 15880, 16606, 18267, 19328, 21032, 21130, 23231, 25110, 25281, 25898, 26002, 27334, 27887, 28409, 28428, 28867, 29219, 30218, 30495, 32326, 32760]
Iter#52543 New set #6 of size 42 (8757.2 its/hit = 45.500s/hit): seed=17260647650021671491 [1175, 1258, 1708, 3441, 3748, 4164, 4649, 5089, 5197, 5214, 7438, 10775, 14529, 14977, 15519, 15610, 15777, 15913, 16049, 16528, 18413, 18924, 19089, 21576, 21784, 22413, 22989, 23394, 24564, 25152, 27613, 28046, 28546, 29006, 29772, 30077, 30336, 30514, 30752, 30790, 30811, 32728]
Iter#60859 New set #7 of size 42 (8694.1 its/hit = 45.143s/hit): seed=9611856017218462097 [1992, 3244, 4102, 4110, 5061, 6535, 7120, 7353, 7583, 8831, 9371, 9454, 9823, 10019, 10139, 12873, 13174, 14041, 14719, 14878, 15122, 16046, 16398, 16846, 17915, 18909, 19817, 19892, 22941, 23685, 24541, 25204, 25369, 27131, 27452, 28486, 28885, 29931, 30217, 31679, 31993, 32073]
Iter#85925 New set #8 of size 42 (10740.6 its/hit = 55.875s/hit): seed=4017404531121197433 [218, 607, 1249, 2868, 3425, 3513, 3794, 4196, 5921, 7154, 7775, 9266, 9377, 9546, 9661, 10129, 10183, 10378, 13956, 14290, 15132, 15201, 16297, 16491, 16789, 16844, 16987, 19234, 19508, 21480, 21683, 22064, 22195, 24280, 24477, 25189, 26518, 26623, 28141, 28310, 28471, 30359]
Iter#104217 New set #9 of size 42 (11579.7 its/hit = 60.222s/hit): seed=3726041445509747746 [73, 960, 2089, 2842, 5437, 5879, 6012, 6898, 8785, 9016, 9194, 9625, 10616, 10754, 11275, 11306, 11398, 11919, 12566, 12790, 13184, 13307, 14089, 14320, 14935, 15179, 17996, 18829, 19009, 19021, 19199, 19411, 20261, 21071, 21087, 25034, 28503, 28636, 28851, 30395, 31347, 31841]
Iter#118697 New set #10 of size 42 (11869.7 its/hit = 61.800s/hit): seed=4492883783604618633 [709, 1113, 1778, 4876, 7127, 7686, 7872, 8679, 8786, 9319, 9361, 9509, 10434, 10808, 11559, 11620, 11646, 14356, 14803, 16914, 17083, 17484, 17613, 18266, 19026, 19240, 19462, 19877, 20085, 21118, 21833, 25564, 26444, 27052, 27216, 27315, 27623, 28270, 28655, 31102, 31704, 32235]
Iter#212762 New set #1 of size 43 (212762.0 its/hit = 1109.000s/hit): seed=16085992746236536878 [1164, 1283, 2397, 2426, 3116, 4741, 4792, 4804, 5412, 5647, 5908, 6028, 6087, 6111, 6288, 6473, 7049, 7105, 7418, 9021, 9550, 11812, 12978, 13710, 13965, 15206, 15332, 15659, 16093, 17648, 18842, 18943, 19689, 20346, 20480, 22587, 23950, 25354, 29368, 30406, 30578, 31813, 32764]
Iter#679395 New set #2 of size 43 (339697.5 its/hit = 1772.000s/hit): seed=15372791420409446679 [1286, 1328, 1396, 2012, 3062, 3849, 4781, 4856, 6407, 7140, 8753, 8887, 9298, 9456, 10239, 10591, 11217, 11354, 14338, 14705, 15545, 16615, 16877, 16901, 17104, 17786, 18393, 19300, 19622, 19849, 20343, 20975, 22287, 22534, 23125, 23245, 24410, 25461, 25928, 26846, 28620, 28992, 29113]
Iter#1352745 New set #3 of size 43 (450915.0 its/hit = 2349.333s/hit): seed=507325945891139694 [129, 1516, 2075, 2576, 2928, 3374, 5794, 6246, 8776, 10441, 10798, 11047, 11494, 11892, 15905, 16513, 16544, 17476, 19379, 19680, 20733, 22248, 23598, 24116, 24338, 24339, 25387, 26593, 26719, 28228, 28628, 28739, 28932, 29361, 29440, 29637, 29800, 29828, 30151, 30167, 30795, 31189, 31881]
Iter#1410980 New set #4 of size 43 (352745.0 its/hit = 1837.500s/hit): seed=15644706547547404881 [132, 2155, 2270, 2282, 3095, 4157, 5399, 6471, 7331, 7952, 8776, 9551, 12497, 13893, 14716, 15774, 15988, 16684, 16850, 17088, 17453, 17592, 18107, 18699, 20014, 21087, 22035, 22915, 23841, 24034, 24061, 24417, 24865, 25528, 25608, 26233, 28004, 28774, 28902, 29628, 29787, 29899, 29935]
Iter#2108996 New set #5 of size 43 (421799.2 its/hit = 2192.800s/hit): seed=13312897406385527041 [37, 659, 1997, 3042, 4052, 4353, 5545, 5639, 6356, 6532, 7696, 8119, 11597, 12918, 12921, 13898, 16335, 16879, 17475, 17686, 17944, 18277, 18793, 19496, 19666, 20777, 21282, 22859, 22999, 23175, 24007, 25674, 26027, 26367, 26553, 26756, 27323, 27624, 28409, 31180, 31210, 31482, 31677]
