[*] Computing DDT
[+] DDT Computed
DDT took 24.016444809s
Iter#1 New set #1 of size 35 (1.0 its/hit = 0.000s/hit): seed=6409873371301614472 [993, 1548, 1641, 2762, 3425, 4509, 6777, 7002, 7194, 7289, 9142, 9383, 10796, 11171, 11181, 12303, 12788, 13997, 14041, 14611, 16114, 16686, 17369, 18991, 20626, 20748, 21787, 22864, 23473, 23832, 24261, 24697, 25253, 30606, 30902]
Iter#2 New set #1 of size 38 (2.0 its/hit = 0.000s/hit): seed=7639548499678639538 [1025, 1157, 1364, 2276, 3362, 4256, 4697, 5065, 7840, 7872, 8190, 8396, 9547, 9658, 9672, 10556, 11024, 11337, 12688, 12689, 12752, 13437, 13497, 13766, 15177, 15620, 15877, 15899, 16102, 16509, 19013, 19760, 22082, 23355, 29742, 30889, 31356, 31498]
Iter#9 New set #2 of size 38 (4.5 its/hit = 0.000s/hit): seed=11446186179209336237 [1280, 1297, 2751, 3131, 4423, 4735, 5619, 6372, 6641, 7106, 9967, 11471, 12216, 12642, 12837, 13946, 14272, 14798, 15241, 17434, 17627, 19242, 19813, 19994, 20367, 20985, 22390, 23249, 26431, 28028, 28342, 28886, 29701, 29959, 30572, 31479, 32153, 32616]
Iter#13 New set #1 of size 40 (13.0 its/hit = 0.000s/hit): seed=13118812417674328565 [410, 538, 3255, 4133, 4888, 6181, 6738, 7243, 8315, 8526, 8699, 8923, 9234, 10467, 10652, 11161, 11475, 12048, 12602, 14266, 14388, 15183, 18005, 19944, 20802, 20912, 21012, 22813, 23579, 24195, 24368, 24436, 25501, 26051, 26384, 28404, 28908, 29330, 31323, 32022]
Iter#19 New set #2 of size 40 (9.5 its/hit = 0.000s/hit): seed=7371168149747706469 [2779, 3090, 4117, 4153, 4221, 5524, 6056, 6569, 7829, 8259, 9249, 10754, 10970, 11873, 12293, 12302, 12510, 12668, 13385, 14035, 15652, 15738, 16690, 17389, 17850, 18006, 20546, 23198, 23584, 24470, 25624, 26793, 26797, 27286, 27302, 27379, 27512, 27804, 28024, 29326]
Iter#80 New set #3 of size 40 (26.7 its/hit = 0.000s/hit): seed=10954461015333120030 [224, 992, 1047, 3057, 3513, 4315, 5483, 6136, 6594, 6613, 7102, 8084, 8718, 10372, 10566, 11252, 11271, 12003, 12709, 12973, 13358, 14252, 15389, 18688, 19458, 19650, 20811, 21084, 21619, 22491, 22774, 22952, 24536, 24869, 25984, 26224, 29319, 29679, 32484, 32685]
Iter#97 New set #4 of size 40 (24.2 its/hit = 0.000s/hit): seed=8857096202688669949 [1948, 2567, 2895, 4199, 4313, 4877, 5278, 5975, 6068, 6104, 7907, 10402, 11344, 11750, 12140, 13833, 14697, 14921, 15019, 18073, 18131, 18858, 20542, 20717, 21039, 21282, 21386, 21767, 22111, 23818, 24361, 25964, 26001, 26408, 27613, 28486, 29364, 29504, 31209, 32576]
Iter#271 New set #5 of size 40 (54.2 its/hit = 0.200s/hit): seed=15174835971312507972 [587, 2108, 3689, 4232, 5644, 6901, 7124, 7410, 8014, 8111, 8200, 8278, 8580, 10249, 10448, 10514, 10712, 11086, 11690, 12737, 13426, 13674, 14565, 14802, 15341, 15443, 16582, 17340, 18584, 20979, 21152, 21408, 21904, 22318, 22638, 25533, 26992, 29158, 31014, 31943]
Iter#365 New set #1 of size 41 (365.0 its/hit = 2.000s/hit): seed=533802226715661248 [214, 1304, 1413, 1575, 2143, 2179, 3335, 4494, 5713, 6277, 10288, 10885, 11345, 11899, 12779, 13215, 13786, 14481, 14672, 16223, 17304, 17509, 17719, 18424, 19312, 19377, 19615, 20708, 21024, 21534, 23574, 25075, 26213, 27013, 27739, 28254, 28492, 28682, 29161, 29417, 32017]
Iter#1063 New set #2 of size 41 (531.5 its/hit = 3.500s/hit): seed=5822279820391324211 [174, 820, 2208, 2250, 2732, 3390, 3406, 3621, 4115, 6758, 7151, 7384, 7511, 8501, 8537, 9558, 9821, 10534, 10668, 11332, 12357, 15001, 15518, 16523, 16988, 17570, 19011, 19529, 19619, 20417, 22588, 23164, 23387, 25102, 26170, 27088, 28393, 28853, 29832, 30666, 32089]
Iter#1604 New set #1 of size 43 (1604.0 its/hit = 11.000s/hit): seed=8741492051954141472 [307, 1581, 1771, 3560, 4119, 7461, 7854, 8887, 8963, 9240, 9437, 9470, 10004, 10684, 10886, 11832, 13009, 13675, 14043, 14146, 14385, 14697, 14819, 15272, 15833, 17541, 18996, 19457, 20139, 21368, 21668, 23540, 25082, 25108, 26733, 27670, 28118, 28962, 29296, 30004, 32132, 32225, 32289]
Iter#9596 New set #2 of size 43 (4798.0 its/hit = 34.500s/hit): seed=17733822553754627166 [1031, 2401, 3110, 4498, 4549, 5632, 6421, 6578, 7958, 8036, 8484, 8675, 10209, 10539, 10743, 11758, 11766, 13062, 13506, 14489, 15390, 15771, 16348, 17525, 19211, 19763, 21054, 21180, 21701, 21714, 22221, 26398, 26685, 27231, 27809, 27995, 29218, 29832, 30121, 30438, 30819, 32004, 32096]
Iter#15078 New set #3 of size 43 (5026.0 its/hit = 36.000s/hit): seed=95607212838099923 [1260, 1392, 1824, 2093, 3378, 3924, 3965, 4001, 4312, 5014, 5688, 5845, 6303, 6895, 7307, 10200, 10425, 11305, 12565, 13379, 14333, 14931, 15141, 15972, 16568, 18156, 18181, 18775, 19585, 19800, 20390, 20432, 21214, 23220, 24626, 25643, 26758, 27833, 29770, 30673, 30958, 31459, 31987]
Iter#26936 New set #1 of size 44 (26936.0 its/hit = 193.000s/hit): seed=13609699016825551281 [205, 573, 891, 946, 2710, 3112, 3785, 4928, 5685, 6058, 6137, 6839, 6985, 7746, 9584, 10126, 10171, 10449, 10594, 11085, 11426, 12170, 13470, 14111, 14741, 17189, 19955, 21918, 22315, 22710, 23249, 23679, 23837, 24375, 25971, 27083, 27152, 27894, 29103, 29215, 30619, 31139, 31833, 32407]
Iter#54569 New set #2 of size 44 (27284.5 its/hit = 196.000s/hit): seed=13007560534219030349 [196, 461, 1501, 1564, 2514, 2657, 5422, 5550, 5969, 6512, 6907, 7290, 7486, 8406, 9882, 10300, 12856, 12859, 12914, 13132, 15137, 16241, 16379, 16819, 18303, 18500, 20111, 20241, 20975, 21258, 22891, 25221, 25320, 27229, 27403, 27522, 28834, 28991, 29792, 30450, 30996, 31683, 32102, 32171]
Iter#87774 New set #3 of size 44 (29258.0 its/hit = 210.667s/hit): seed=37897522729053292 [990, 1908, 2458, 2702, 2731, 2750, 3568, 4279, 5318, 6845, 8416, 8645, 8944, 8962, 10443, 11862, 12559, 12631, 12951, 14676, 14718, 16391, 16962, 18141, 18631, 20306, 20422, 21508, 21728, 23894, 24933, 26846, 27584, 29203, 29450, 30643, 30694, 30732, 31265, 31366, 32010, 32379, 32386, 32575]
Iter#92541 New set #1 of size 45 (92541.0 its/hit = 667.000s/hit): seed=13816874880354283879 [1626, 1778, 3107, 3871, 6010, 7145, 7151, 7263, 8058, 8345, 8367, 8467, 8727, 9051, 9267, 10859, 11771, 12619, 12690, 13024, 14799, 16340, 16483, 18512, 18605, 19098, 19175, 20695, 21733, 22052, 22826, 24810, 25479, 26243, 27349, 28730, 29074, 29639, 29916, 30032, 30102, 30904, 31703, 31793, 32093]
Iter#219942 New set #2 of size 45 (109971.0 its/hit = 792.500s/hit): seed=4802115418541760409 [104, 302, 801, 835, 1380, 1585, 2096, 2427, 2936, 2964, 3946, 6359, 6423, 7391, 7619, 7843, 10188, 10778, 11605, 12441, 13188, 14755, 16022, 16691, 17541, 17987, 18097, 19605, 19759, 20698, 21313, 21993, 23433, 25210, 25438, 25919, 27184, 27672, 27798, 28975, 29489, 29663, 31022, 32029, 32165]
Iter#398528 New set #3 of size 45 (132842.7 its/hit = 954.667s/hit): seed=7972247062669018678 [540, 972, 1630, 1932, 1976, 2338, 2846, 5892, 6359, 7243, 7697, 8307, 8621, 8622, 9616, 12339, 12452, 12637, 13118, 13385, 14158, 14708, 16633, 16934, 16936, 17090, 17788, 17867, 18332, 18587, 18680, 18744, 19732, 20185, 21193, 22289, 22674, 23569, 24552, 24575, 26002, 27866, 30413, 30653, 30843]
Iter#464229 New set #1 of size 46 (464229.0 its/hit = 3334.000s/hit): seed=17358311123962525176 [180, 545, 624, 1458, 1481, 2172, 2663, 4544, 6055, 7102, 7296, 7783, 7932, 8000, 8295, 8358, 9166, 9875, 12320, 12574, 13961, 14362, 14853, 16317, 16360, 16377, 17592, 18358, 19455, 20053, 20477, 20871, 21238, 21473, 22611, 22734, 22874, 24402, 24603, 25574, 26713, 29214, 29290, 30449, 31260, 31299]
Iter#1427882 New set #2 of size 46 (713941.0 its/hit = 5105.500s/hit): seed=11312385096229238497 [1004, 2122, 2342, 5688, 6616, 6813, 7349, 8057, 8215, 8711, 8889, 10220, 11348, 12301, 12402, 12799, 13133, 13361, 14252, 14955, 15640, 16181, 19767, 20144, 20855, 21459, 21501, 21675, 21978, 22895, 22943, 23178, 23239, 24823, 25292, 25966, 26581, 28160, 29309, 30281, 30422, 30566, 30698, 31108, 31816, 31964]
Iter#1895469 New set #3 of size 46 (631823.0 its/hit = 4509.333s/hit): seed=17935198082238714002 [85, 612, 683, 2037, 2068, 3317, 3352, 3709, 4188, 4761, 4865, 5365, 6653, 6820, 6822, 7142, 8078, 8153, 8310, 9201, 9308, 11500, 11906, 12411, 13794, 14012, 14946, 16028, 16838, 18367, 21101, 23086, 23423, 23876, 24267, 24762, 24961, 25590, 26349, 26476, 27616, 27997, 28128, 30030, 31217, 32252]
