[*] Computing DDT
[+] DDT Computed
DDT took 22.900196167s
Iter#1 New set #1 of size 46 (1.0 its/hit = 0.000s/hit): seed=15491750805554067985 [0, 322, 872, 1679, 4161, 4372, 5125, 5694, 9069, 9481, 10397, 11405, 13099, 14539, 15568, 15861, 16288, 16481, 17454, 18141, 18521, 19122, 19351, 19859, 19870, 20719, 21189, 22469, 23489, 24070, 24257, 24509, 25135, 25160, 25747, 26055, 26385, 27820, 28649, 28948, 29041, 29198, 29214, 29603, 31792, 32115]
Iter#4 New set #1 of size 48 (4.0 its/hit = 0.000s/hit): seed=12187255283279327921 [0, 766, 865, 1601, 1850, 2577, 3225, 3781, 4279, 6534, 7214, 7905, 9101, 9658, 10390, 10805, 11267, 11602, 12130, 12473, 12535, 13875, 15202, 18015, 19020, 20360, 20649, 21448, 21820, 21825, 22478, 23643, 24612, 25370, 25725, 26080, 26309, 27681, 27930, 28863, 29366, 29523, 29719, 30590, 31821, 31914, 32074, 32715]
Iter#9 New set #1 of size 49 (9.0 its/hit = 0.000s/hit): seed=985417675513871232 [0, 153, 1071, 1739, 3278, 3303, 5353, 5605, 7830, 7999, 8156, 8159, 8631, 10071, 10950, 11008, 11231, 11492, 12802, 13025, 14411, 15075, 15311, 16310, 17181, 17940, 19417, 20805, 21021, 21786, 21930, 21986, 22142, 23213, 23232, 23549, 23976, 24223, 24328, 24659, 24913, 26264, 26324, 26802, 26878, 27337, 27693, 32206, 32685]
Iter#28 New set #1 of size 51 (28.0 its/hit = 0.000s/hit): seed=2076464713480331244 [0, 1453, 2975, 3660, 3965, 4130, 4932, 5022, 5482, 5638, 6534, 7921, 8427, 8599, 9336, 9358, 10123, 10210, 10651, 10985, 11293, 11512, 12183, 12871, 14175, 15105, 17468, 18409, 18430, 18461, 18937, 19013, 19906, 21401, 22208, 22223, 23306, 23423, 23869, 24619, 24927, 26172, 26674, 27355, 28534, 28945, 29589, 30071, 30424, 32242, 32626]
Iter#57 New set #1 of size 57 (57.0 its/hit = 0.000s/hit): seed=10555314018628615899 [0, 869, 1780, 2195, 2240, 2449, 3199, 3245, 3708, 5085, 6532, 7068, 7483, 7785, 7853, 8774, 9546, 10111, 10716, 11358, 11558, 11619, 12886, 13405, 13786, 14351, 14488, 14503, 15004, 15399, 15495, 15797, 16031, 17101, 18801, 19072, 19364, 19529, 21252, 21392, 21466, 23473, 23493, 23553, 23644, 23788, 24089, 26334, 26706, 28436, 29363, 30941, 30978, 31514, 32259, 32602, 32756]
Iter#918 New set #2 of size 57 (459.0 its/hit = 1.500s/hit): seed=4218000175979863349 [0, 546, 1460, 2414, 3128, 3459, 3545, 3749, 4007, 4766, 5409, 5445, 6214, 7062, 9648, 10761, 11009, 11045, 11175, 11380, 11481, 12854, 13387, 14083, 14603, 14673, 14826, 15257, 15321, 16098, 16182, 16255, 16575, 18281, 18406, 18837, 19011, 19379, 19852, 19926, 20043, 20483, 21155, 21267, 23416, 24125, 24891, 25474, 26438, 27064, 27703, 27713, 28026, 30174, 30980, 31070, 32633]
Iter#1067 New set #3 of size 57 (355.7 its/hit = 1.333s/hit): seed=1504689172947821324 [0, 12, 475, 1603, 2382, 2404, 2932, 3308, 3855, 4315, 4366, 5083, 5134, 5254, 5753, 6095, 6959, 7223, 7583, 9556, 12069, 12411, 13208, 13351, 14279, 17159, 17282, 17434, 18733, 19033, 20149, 21108, 21179, 22846, 23261, 24604, 24801, 25210, 26004, 26025, 26186, 27024, 27250, 27327, 27649, 28310, 28624, 28903, 29042, 29345, 30021, 30498, 30838, 31682, 31692, 32254, 32333]
Iter#1221 New set #4 of size 57 (305.2 its/hit = 1.000s/hit): seed=17182084839173390536 [0, 269, 1945, 2145, 2306, 2520, 3336, 4057, 4438, 6068, 6120, 8180, 8267, 9467, 10494, 10779, 10828, 11894, 14867, 15181, 15913, 15983, 15995, 16140, 17700, 17792, 18092, 18124, 18604, 19145, 20709, 21241, 21618, 22142, 22610, 22684, 22833, 22901, 23378, 23401, 25107, 25402, 25779, 26287, 26495, 27397, 27939, 28252, 28479, 28943, 29165, 30546, 31578, 31937, 32361, 32530, 32608]
Iter#1830 New set #5 of size 57 (366.0 its/hit = 1.400s/hit): seed=17879912977553207419 [0, 674, 1999, 2924, 3573, 3584, 4553, 5219, 6201, 6332, 6826, 7247, 7769, 8561, 9037, 9529, 9680, 10550, 10615, 11601, 12118, 12513, 12655, 13177, 13705, 13724, 14063, 14218, 14436, 14719, 15067, 15200, 15754, 16979, 17961, 18149, 19995, 20546, 20644, 21002, 21456, 21620, 22212, 23250, 23524, 24792, 25003, 26106, 26571, 27011, 27426, 29522, 30075, 30189, 30977, 31194, 31938]
Iter#1889 New set #1 of size 64 (1889.0 its/hit = 7.000s/hit): seed=6443337161738011121 [0, 466, 1521, 1785, 1983, 3605, 3802, 4143, 4411, 4705, 4806, 4992, 6238, 6392, 7519, 7709, 8602, 9172, 9881, 11508, 12002, 12709, 12765, 13185, 13374, 13380, 13654, 13834, 14455, 14823, 15481, 16266, 16414, 18449, 19081, 19383, 19464, 21291, 22358, 22521, 22675, 23294, 24147, 24318, 24742, 24888, 24908, 24987, 25026, 25121, 25447, 25996, 26315, 26673, 27881, 29448, 30238, 30552, 30774, 30816, 31341, 31704, 32267, 32649]
Iter#2022 New set #2 of size 64 (1011.0 its/hit = 3.500s/hit): seed=13643434093335534903 [0, 19, 333, 527, 1010, 1023, 2547, 3783, 4106, 5638, 6495, 6931, 7488, 7503, 10290, 10395, 10518, 10659, 10879, 11013, 11067, 11515, 11589, 11801, 12413, 13540, 13910, 14098, 16490, 16726, 17386, 17872, 19162, 19765, 21496, 22409, 23239, 23583, 23646, 24086, 24259, 24300, 25036, 25112, 25530, 25651, 26643, 26773, 26967, 27127, 27215, 27461, 27497, 28515, 29574, 29754, 29967, 30078, 30116, 30158, 31319, 31823, 31868, 31903]
Iter#6089 New set #3 of size 64 (2029.7 its/hit = 7.667s/hit): seed=1093830224509139477 [0, 53, 168, 476, 1831, 1917, 1932, 2008, 2239, 3159, 3314, 3334, 3918, 5313, 7094, 7201, 7399, 7518, 8256, 8371, 9792, 9976, 10013, 12604, 13006, 13066, 14109, 14144, 14264, 14620, 15415, 15506, 17013, 17306, 17475, 17804, 18831, 19136, 19458, 20498, 21142, 21853, 22162, 22296, 22559, 22626, 22852, 23356, 23754, 24067, 25840, 25937, 26374, 27130, 27304, 27404, 28127, 29150, 29992, 30288, 30647, 30767, 30929, 32571]
Iter#7631 New set #4 of size 64 (1907.8 its/hit = 7.250s/hit): seed=13632196859257906049 [0, 243, 1442, 1573, 2972, 3449, 3984, 4735, 4770, 5119, 6382, 7771, 7841, 8032, 8847, 8894, 9756, 9852, 10727, 10847, 11110, 11205, 12278, 12443, 12968, 13450, 13667, 14159, 14564, 14832, 15214, 15364, 16730, 17149, 17373, 17425, 19284, 19488, 19812, 21452, 22912, 23365, 24181, 24245, 24246, 24403, 24618, 25357, 25712, 26418, 26787, 28731, 28840, 28995, 29589, 29638, 29904, 30211, 30898, 31114, 31448, 31799, 31802, 32300]
Iter#9537 New set #5 of size 64 (1907.4 its/hit = 7.200s/hit): seed=8344443531653660718 [0, 665, 740, 943, 2178, 4368, 5431, 5496, 6263, 6404, 6538, 7359, 7673, 7907, 8791, 9043, 9545, 10565, 10649, 11448, 12252, 13331, 13519, 13800, 13971, 14374, 15904, 16135, 16864, 17706, 17799, 17910, 18152, 18226, 18249, 19419, 19738, 20582, 20852, 22652, 22688, 23426, 23642, 23806, 24048, 24226, 25325, 26336, 26463, 26567, 26943, 27148, 27663, 27691, 27874, 27944, 28164, 28867, 28959, 29000, 29838, 30418, 31354, 32173]
Iter#13700 New set #6 of size 64 (2283.3 its/hit = 8.667s/hit): seed=18032588317061150040 [0, 1352, 1378, 1495, 3074, 3487, 3524, 3563, 4066, 4650, 4721, 5041, 5491, 5506, 6568, 7101, 7674, 8064, 8648, 8764, 9221, 9257, 9813, 9877, 10014, 10625, 10785, 11070, 11092, 11804, 11847, 12713, 12786, 13956, 14236, 15885, 16964, 18443, 18522, 18545, 19200, 19730, 20285, 20875, 21295, 22838, 25358, 25366, 25433, 25530, 25739, 25755, 26182, 26235, 27023, 27157, 27227, 27487, 27842, 28290, 28537, 29589, 31388, 32417]
Iter#14778 New set #7 of size 64 (2111.1 its/hit = 8.000s/hit): seed=10694263327200247171 [0, 69, 106, 349, 831, 1657, 2088, 2300, 2543, 2718, 3022, 3631, 4493, 4501, 4530, 5933, 6814, 7716, 8619, 9041, 9542, 9743, 9761, 10183, 10223, 10361, 11366, 11898, 12324, 12701, 13331, 13425, 13843, 14392, 15824, 16306, 17242, 17701, 18412, 18423, 18614, 18883, 20179, 20284, 20773, 21543, 22079, 22191, 23704, 24505, 24664, 27080, 27394, 27589, 27641, 27647, 28939, 29375, 29580, 30321, 30502, 30720, 30765, 30814]
Iter#15778 New set #8 of size 64 (1972.2 its/hit = 7.500s/hit): seed=16792610198070869340 [0, 114, 322, 826, 1760, 2363, 3521, 4908, 5055, 5418, 5557, 6644, 7513, 7701, 7892, 8142, 8490, 9187, 9409, 9947, 10017, 11214, 11237, 11759, 12227, 12428, 12534, 13238, 13780, 14799, 14858, 15254, 16583, 17405, 17483, 18449, 18681, 18995, 19103, 19575, 19620, 19836, 19995, 20143, 20324, 20592, 21960, 22195, 22296, 22585, 23735, 24169, 24715, 25438, 25605, 27228, 28000, 28444, 28511, 28747, 29553, 29893, 30273, 31407]
Iter#16061 New set #9 of size 64 (1784.6 its/hit = 6.778s/hit): seed=7408027334669948824 [0, 295, 562, 729, 958, 2750, 2835, 3356, 3588, 3614, 3975, 5277, 5507, 5987, 6062, 6448, 6676, 6845, 6883, 7232, 7794, 7799, 8370, 8453, 8585, 9811, 10212, 10914, 12041, 12807, 14230, 15873, 16714, 17204, 17536, 18023, 18132, 18302, 18336, 19035, 19310, 19638, 20100, 20726, 20794, 21188, 21363, 21541, 21906, 21958, 22096, 23097, 23867, 24446, 25307, 26702, 27261, 28881, 29032, 30314, 30328, 31125, 31219, 32407]
Iter#20927 New set #10 of size 64 (2092.7 its/hit = 8.000s/hit): seed=6164724016943726371 [0, 888, 1268, 1530, 2086, 2522, 2910, 4018, 5561, 6275, 6862, 7243, 8313, 8657, 8984, 9013, 9296, 9857, 10024, 10057, 10598, 11103, 11382, 12046, 12343, 13177, 13423, 14015, 14071, 14376, 14420, 14776, 16777, 16928, 18033, 18297, 18389, 19047, 19266, 20022, 20515, 22517, 22658, 23366, 23576, 23854, 24062, 24164, 25141, 25591, 25647, 27251, 27256, 27376, 27937, 27970, 29449, 29840, 30017, 30212, 31738, 31950, 32146, 32214]
Iter#53092 New set #20 of size 64 (2654.6 its/hit = 10.150s/hit): seed=2744187132993633410 [0, 1167, 1408, 2221, 2271, 3185, 3962, 4091, 4267, 4399, 4770, 5534, 5644, 6435, 6606, 6640, 7687, 8088, 8439, 8717, 9113, 9405, 9482, 9592, 9640, 11721, 12901, 13380, 13633, 14467, 14619, 14990, 16484, 16497, 16593, 16804, 16854, 16914, 17535, 18417, 19008, 19361, 19941, 20301, 22240, 22326, 22544, 23212, 23216, 24066, 24722, 24781, 25959, 26423, 26642, 26700, 27651, 27761, 28728, 29154, 29216, 29654, 31037, 32393]
Iter#90037 New set #30 of size 64 (3001.2 its/hit = 11.500s/hit): seed=15250721379248384339 [1, 226, 822, 981, 1133, 1383, 1508, 4201, 4312, 4548, 5679, 6686, 8299, 9034, 9069, 9958, 10351, 11211, 11318, 11547, 11580, 11743, 11787, 12008, 12077, 13734, 14342, 14395, 14513, 14577, 14890, 15701, 16446, 16627, 16738, 17773, 17886, 18116, 18382, 18569, 19241, 20499, 20567, 21743, 21764, 22091, 22124, 22554, 22589, 22976, 23876, 24375, 24671, 25166, 25299, 25636, 27066, 28319, 28565, 30040, 30537, 30673, 31755, 31799]
Iter#153276 New set #40 of size 64 (3831.9 its/hit = 14.675s/hit): seed=9898907890555614038 [0, 121, 637, 777, 1100, 1712, 2476, 3173, 3910, 3922, 4046, 5046, 5425, 6303, 6755, 7219, 8485, 8733, 8960, 9201, 11208, 11591, 12009, 12218, 12219, 12692, 12754, 13082, 13160, 13642, 14036, 14343, 14415, 14575, 14871, 15134, 16454, 16594, 18740, 19221, 19781, 19807, 19959, 21557, 22080, 22618, 22732, 23569, 24862, 25007, 25196, 25290, 25660, 25987, 28035, 28236, 28531, 28838, 29743, 29900, 30233, 30766, 31153, 31613]
Iter#177776 New set #50 of size 64 (3555.5 its/hit = 13.620s/hit): seed=1775863570822132827 [0, 720, 1164, 2610, 3361, 3907, 4145, 5581, 5827, 6675, 6730, 7424, 8435, 8522, 9490, 10324, 10421, 10568, 10724, 11613, 11735, 11947, 12295, 12719, 13058, 13533, 13669, 14434, 16029, 16087, 16121, 16238, 17366, 17526, 17911, 19274, 19709, 20015, 20810, 20831, 21194, 22940, 23302, 23520, 24802, 24821, 25705, 26109, 26141, 26569, 26598, 26726, 26964, 27294, 27908, 28400, 28489, 28580, 28884, 29037, 30134, 30251, 30663, 31373]
Iter#215261 New set #60 of size 64 (3587.7 its/hit = 13.750s/hit): seed=6370234093752065247 [0, 230, 379, 478, 1209, 1211, 1466, 1843, 1960, 2054, 2114, 3084, 4467, 4770, 4877, 6298, 7166, 7205, 7823, 7927, 8047, 8180, 9568, 9616, 10211, 11034, 12373, 13246, 13520, 14978, 15178, 15532, 16896, 17051, 17057, 17085, 17350, 17679, 18091, 18564, 18738, 20458, 20825, 21843, 22296, 23069, 23132, 23239, 23602, 23881, 24697, 25504, 25806, 27391, 27644, 28044, 28849, 29106, 29606, 30090, 30299, 30940, 31501, 32619]
Iter#242865 New set #70 of size 64 (3469.5 its/hit = 13.300s/hit): seed=16195601809349976721 [0, 377, 454, 850, 2145, 2392, 2490, 2833, 3729, 5399, 6189, 7013, 7542, 7901, 8941, 9014, 9281, 11440, 11609, 11785, 12080, 13282, 13833, 14545, 14722, 15090, 16302, 16308, 16577, 17512, 17969, 18188, 19176, 19409, 19674, 20139, 20394, 20519, 20621, 20778, 22031, 22141, 22380, 22484, 22578, 23316, 24727, 24761, 25212, 27165, 27556, 27776, 28089, 28867, 29629, 29714, 30571, 31076, 31875, 32010, 32057, 32088, 32329, 32522]
Iter#267375 New set #1 of size 71 (267375.0 its/hit = 1025.000s/hit): seed=4757919867748580210 [0, 172, 585, 612, 869, 1197, 1420, 1884, 2002, 3222, 4342, 4890, 5950, 6449, 6508, 6516, 6871, 7037, 7436, 7563, 7598, 7954, 8371, 8470, 9042, 9436, 9496, 10120, 10621, 10684, 11453, 11636, 12996, 13258, 13269, 13309, 14648, 15384, 16026, 16280, 18608, 19433, 19663, 19868, 21105, 21605, 22244, 22488, 22677, 22984, 23261, 23631, 23975, 24573, 24885, 24993, 25094, 25267, 25417, 26217, 27148, 28812, 29234, 30202, 30935, 30977, 31205, 31714, 31934, 31977, 32017]
Iter#476597 New set #2 of size 71 (238298.5 its/hit = 918.000s/hit): seed=10846295817237645108 [0, 416, 490, 1267, 1417, 1482, 3344, 4015, 4544, 4553, 4735, 5014, 5259, 5274, 5708, 7493, 7769, 7921, 8541, 9730, 9862, 10162, 10184, 10527, 10853, 11060, 12050, 12063, 13015, 13817, 14362, 14405, 15715, 16154, 16254, 16259, 16711, 16770, 16774, 17263, 17632, 17681, 18292, 18889, 20190, 20283, 21136, 21312, 21501, 22381, 22762, 23450, 23459, 23811, 24699, 24704, 24916, 26591, 27121, 27620, 27623, 27810, 28994, 29143, 29666, 30209, 30501, 31128, 31947, 32455, 32618]
Iter#662146 New set #3 of size 71 (220715.3 its/hit = 853.667s/hit): seed=14438378510928800147 [0, 339, 1024, 1338, 2199, 3250, 3698, 4031, 4399, 4410, 5225, 6098, 6222, 6622, 8329, 9140, 9539, 10201, 12368, 12558, 13475, 13678, 14057, 14251, 14961, 15766, 15879, 15913, 17239, 17487, 17870, 18878, 19197, 19336, 19496, 19972, 21078, 21654, 22144, 22172, 22349, 22541, 22675, 22910, 23276, 23796, 24162, 24256, 24266, 24463, 24609, 24777, 26414, 26792, 26882, 27296, 27469, 27574, 27729, 28060, 28092, 29132, 29555, 30095, 31083, 31320, 31800, 31880, 32417, 32441, 32515]
Iter#971470 New set #4 of size 71 (242867.5 its/hit = 940.000s/hit): seed=15321743371035889247 [0, 713, 834, 1464, 2035, 2440, 2471, 2886, 3173, 3249, 3276, 3557, 4311, 4602, 4848, 5347, 6157, 6265, 6919, 6963, 7609, 7838, 8200, 8293, 8567, 8755, 9062, 10027, 10537, 10559, 12962, 14376, 14747, 14936, 15600, 15697, 15787, 16177, 16370, 16383, 16409, 17313, 17366, 17394, 17472, 17490, 19084, 19293, 19472, 20022, 20394, 20458, 21095, 21828, 22261, 22913, 23238, 24485, 25181, 25547, 26453, 26844, 29177, 29943, 30544, 30717, 31017, 31225, 31585, 32000, 32266]
Iter#1242610 New set #5 of size 71 (248522.0 its/hit = 961.600s/hit): seed=3467090658838902884 [0, 51, 1228, 1574, 2077, 2396, 2640, 2760, 3353, 3896, 4130, 4521, 4673, 5186, 6697, 6818, 6881, 7252, 7301, 7981, 8501, 8540, 8674, 8887, 9014, 9607, 9724, 10367, 10375, 11180, 11342, 11916, 13288, 13495, 13803, 14774, 14877, 15011, 15405, 15689, 17218, 17963, 18200, 18342, 18816, 19037, 19305, 19416, 20077, 20452, 20527, 20770, 21699, 21995, 22161, 22354, 22672, 22694, 22877, 23101, 23130, 23641, 23783, 24867, 25468, 26076, 26743, 29734, 31731, 32240, 32494]
Iter#1417630 New set #6 of size 71 (236271.7 its/hit = 915.167s/hit): seed=11001602423042536064 [0, 339, 586, 1197, 1212, 1824, 2067, 2296, 2738, 3933, 4009, 4021, 4546, 5578, 6149, 6576, 6786, 7125, 7454, 8418, 8587, 9002, 9701, 9823, 11460, 11789, 13661, 13920, 14260, 15346, 15933, 17055, 17108, 17252, 18288, 18343, 18513, 18814, 19236, 19601, 19798, 20214, 21669, 22712, 22948, 23065, 23316, 25089, 25141, 25464, 25609, 25762, 26179, 26374, 26414, 27466, 27889, 28007, 28347, 28571, 28802, 28960, 29215, 29220, 29569, 30105, 30792, 31744, 32683, 32694, 32722]
Iter#1496582 New set #7 of size 71 (213797.4 its/hit = 827.857s/hit): seed=7044717871425646552 [0, 1162, 1961, 2130, 2599, 2756, 2863, 2993, 4193, 4659, 5560, 6924, 6942, 7152, 7373, 7425, 7531, 7983, 8497, 8798, 9969, 10418, 11701, 11994, 12431, 12609, 13385, 13509, 14029, 14118, 14356, 14541, 15242, 15266, 15793, 18629, 19074, 19181, 19194, 19217, 19755, 20796, 21219, 21837, 21881, 22644, 22802, 22823, 23009, 23936, 24078, 24163, 24384, 24855, 25332, 25619, 26325, 28797, 29194, 29546, 29737, 29965, 30148, 30451, 30488, 31041, 31245, 31466, 31515, 32164, 32422]
Iter#1522439 New set #8 of size 71 (190304.9 its/hit = 736.875s/hit): seed=4164616928113859145 [0, 1127, 1455, 2191, 2669, 3133, 4384, 6302, 6358, 7204, 7847, 7944, 8855, 8980, 9188, 9378, 9540, 9749, 9780, 10472, 11107, 11985, 12400, 12814, 13305, 15526, 15596, 15696, 15889, 15910, 16046, 16138, 16808, 17183, 17281, 17427, 18346, 19774, 20044, 20105, 20182, 20316, 22047, 22075, 22092, 22700, 22956, 23051, 23323, 23842, 23883, 24922, 25572, 25905, 26246, 26615, 27501, 27792, 27988, 28032, 28356, 28835, 29282, 29460, 29746, 30001, 30773, 30935, 30975, 31175, 32235]
Iter#1732190 New set #9 of size 71 (192465.6 its/hit = 745.667s/hit): seed=4648898875717430608 [0, 409, 453, 807, 2046, 2385, 3759, 4190, 4556, 5228, 5617, 5712, 6502, 6946, 7048, 8253, 8665, 8809, 9756, 9847, 10014, 11156, 11952, 12353, 12746, 12857, 13306, 14647, 15130, 16032, 16222, 17189, 17293, 18087, 18293, 18985, 19247, 20032, 20430, 20499, 20657, 21381, 21627, 22550, 22651, 22862, 23252, 23273, 23850, 24441, 24484, 24604, 24887, 25329, 25500, 26239, 27111, 27899, 28161, 28180, 28255, 28534, 28643, 28846, 29528, 29885, 30264, 30340, 30462, 30588, 31176]
Iter#2115879 New set #10 of size 71 (211587.9 its/hit = 819.600s/hit): seed=10084483039350834046 [0, 1603, 1632, 1780, 2918, 3728, 4416, 5190, 5610, 5645, 5712, 6291, 6458, 6459, 7075, 7322, 7544, 7591, 7839, 8177, 8860, 10079, 10707, 11220, 11500, 11740, 12303, 12649, 13880, 14340, 14453, 14815, 15201, 15501, 15748, 16358, 16553, 17430, 18616, 18943, 19611, 19741, 20089, 20094, 20536, 21303, 21471, 22566, 22698, 22959, 23373, 24898, 25897, 26313, 26328, 26818, 27168, 27446, 27650, 28825, 28882, 29304, 29367, 29802, 30769, 31025, 31234, 31346, 31578, 32246, 32532]
