[*] Computing DDT
[+] DDT Computed
DDT took 23.482507217s
Iter#1 New set #1 of size 37 (1.0 its/hit = 0.000s/hit): seed=17098461999559646531 [534, 2643, 4082, 4390, 4428, 4717, 5951, 8022, 8094, 8465, 9295, 10975, 11070, 12394, 13923, 15176, 16238, 17765, 18759, 18978, 20297, 20878, 21910, 21973, 22190, 22749, 24603, 24885, 26055, 26673, 26986, 27854, 28103, 28988, 29522, 30822, 31540]
Iter#3 New set #2 of size 37 (1.5 its/hit = 0.000s/hit): seed=2377405609003692035 [354, 1721, 3404, 3931, 4150, 5015, 5055, 5642, 5727, 6203, 7215, 7586, 8930, 9577, 9792, 12256, 12966, 15316, 17425, 17944, 18685, 19382, 19610, 20565, 20725, 20895, 20931, 22126, 22569, 25005, 25526, 25939, 26531, 29072, 30539, 31830, 32177]
Iter#4 New set #3 of size 37 (1.3 its/hit = 0.000s/hit): seed=449194821224279271 [254, 437, 767, 769, 2331, 3940, 4407, 4762, 4866, 6500, 6711, 7164, 7285, 7423, 8040, 8135, 9012, 11123, 11223, 12497, 12782, 13686, 14181, 16792, 17407, 18212, 19437, 20972, 24720, 24835, 25068, 26276, 27069, 27830, 28959, 30294, 30997]
Iter#5 New set #4 of size 37 (1.2 its/hit = 0.000s/hit): seed=13064435747991294432 [1041, 1876, 1960, 2007, 2290, 5641, 7122, 8273, 8359, 9857, 10017, 11554, 11792, 13202, 15219, 15693, 16393, 17299, 17683, 18023, 18051, 19332, 19762, 23242, 25512, 25522, 25598, 26078, 28286, 28585, 29520, 29561, 30426, 30728, 30942, 31317, 31732]
Iter#6 New set #5 of size 37 (1.2 its/hit = 0.000s/hit): seed=5053093577834227827 [651, 693, 1836, 2607, 3373, 4875, 9593, 9632, 10301, 10976, 13079, 13492, 15315, 15391, 16336, 17182, 18596, 19961, 20419, 21067, 22025, 23618, 23760, 24179, 24396, 24719, 25249, 25934, 26878, 27037, 27166, 28745, 29438, 30506, 31819, 31983, 32728]
Iter#8 New set #6 of size 37 (1.3 its/hit = 0.000s/hit): seed=4277330693266355525 [1013, 1258, 1719, 6909, 7175, 7237, 7655, 9177, 9327, 10762, 11779, 12077, 12418, 12570, 12676, 14261, 14348, 15011, 16825, 17175, 17333, 20161, 20755, 22146, 23848, 25945, 26580, 26881, 27255, 27754, 27983, 28418, 28541, 28840, 30075, 30561, 32472]
Iter#13 New set #7 of size 37 (1.9 its/hit = 0.000s/hit): seed=8333869021396866422 [182, 193, 563, 1189, 2642, 2841, 3799, 5419, 5751, 8703, 9233, 10248, 11458, 11995, 13892, 17505, 19244, 21960, 22444, 23888, 25040, 25952, 25997, 26539, 27128, 27613, 27761, 28132, 28158, 28944, 30172, 30288, 31123, 31202, 31659, 32559, 32711]
Iter#15 New set #1 of size 38 (15.0 its/hit = 0.000s/hit): seed=11440871976006796496 [110, 1145, 1248, 3172, 3495, 4119, 4120, 4447, 4652, 5425, 6209, 7443, 9665, 10549, 13344, 13873, 14991, 15313, 15583, 16563, 16738, 19754, 23602, 23644, 24077, 24298, 24427, 25874, 26665, 26671, 27731, 27823, 28703, 30714, 31206, 32233, 32555, 32704]
Iter#20 New set #2 of size 38 (10.0 its/hit = 0.000s/hit): seed=3496255689193831368 [1684, 3293, 3805, 4837, 4874, 5303, 5476, 5492, 5535, 5706, 7333, 9126, 9225, 9649, 11076, 12488, 13532, 13562, 13624, 13775, 14849, 15878, 17083, 17338, 17413, 17472, 19762, 21664, 21675, 22636, 23528, 24329, 24516, 26827, 27546, 28219, 28299, 30454]
Iter#21 New set #3 of size 38 (7.0 its/hit = 0.000s/hit): seed=11981263163867015659 [451, 724, 804, 2392, 5455, 6231, 6372, 7721, 7897, 8912, 9513, 12218, 12835, 13228, 13648, 14656, 15596, 19568, 20659, 20966, 22882, 23431, 23437, 24619, 24976, 25180, 25189, 26867, 26977, 27134, 27807, 28037, 28519, 29577, 31217, 31246, 32096, 32410]
Iter#25 New set #4 of size 38 (6.2 its/hit = 0.000s/hit): seed=5990371576561746034 [523, 844, 2354, 2408, 2729, 2865, 3846, 4007, 4661, 4677, 4845, 4899, 8544, 10127, 10313, 11472, 13750, 15679, 17664, 18507, 18542, 19487, 19493, 20969, 21356, 21463, 21474, 22855, 23512, 23678, 24067, 25520, 25687, 25927, 28304, 30863, 31259, 32356]
Iter#41 New set #1 of size 39 (41.0 its/hit = 0.000s/hit): seed=8369545603700670997 [139, 1562, 1732, 2026, 2789, 4010, 5241, 5612, 6255, 7296, 7376, 8542, 9088, 9245, 9949, 11982, 12731, 12882, 14228, 18304, 19927, 21999, 22118, 22563, 23876, 23883, 24458, 24703, 26575, 28058, 28445, 28758, 28801, 28940, 29148, 30209, 30822, 30925, 31315]
Iter#42 New set #2 of size 39 (21.0 its/hit = 0.000s/hit): seed=18015210348106080560 [937, 3755, 5458, 5917, 7639, 8194, 9077, 9437, 10450, 11030, 11816, 12445, 13729, 14916, 16381, 16868, 16978, 17098, 17124, 17354, 17753, 18044, 20608, 22100, 22192, 23088, 24733, 24830, 25319, 26549, 27640, 28153, 28745, 29384, 29945, 30351, 30536, 31555, 31659]
Iter#86 New set #3 of size 39 (28.7 its/hit = 0.000s/hit): seed=14816448035257965951 [1000, 1298, 1341, 1902, 2238, 2379, 2391, 3335, 3952, 4348, 4684, 5760, 6839, 7212, 7847, 8701, 8842, 8982, 9319, 9567, 9851, 10061, 10820, 14785, 15490, 16674, 18958, 19176, 22843, 23415, 24173, 24213, 25406, 26523, 29389, 29963, 30080, 30990, 31765]
Iter#114 New set #4 of size 39 (28.5 its/hit = 0.000s/hit): seed=10890526035392557543 [512, 673, 1394, 1451, 1944, 2560, 3872, 3874, 4550, 4700, 7734, 7866, 11003, 11776, 12410, 13210, 14165, 14847, 15086, 15247, 16488, 17589, 18146, 18664, 19944, 20371, 21377, 21763, 24294, 24534, 25054, 25812, 26585, 27060, 27095, 28083, 28743, 29395, 31447]
Iter#123 New set #5 of size 39 (24.6 its/hit = 0.000s/hit): seed=17184914466437818519 [103, 2775, 3986, 5571, 5686, 6272, 8375, 8690, 9444, 10283, 12889, 13417, 13633, 15529, 16162, 16396, 17769, 18210, 19288, 19559, 19762, 19814, 20076, 20086, 21198, 22956, 23542, 23906, 25581, 25984, 26110, 26898, 27082, 27151, 27182, 32166, 32186, 32475, 32757]
Iter#128 New set #6 of size 39 (21.3 its/hit = 0.000s/hit): seed=12800971181405220688 [639, 4971, 5549, 5947, 6382, 6702, 8334, 8847, 10092, 10817, 12344, 12566, 12642, 13342, 13567, 13825, 14145, 16162, 17881, 18235, 18831, 19227, 20745, 22001, 22101, 23048, 23382, 23825, 24960, 25430, 25843, 26515, 27583, 28137, 28718, 29784, 29891, 31413, 31446]
Iter#156 New set #7 of size 39 (22.3 its/hit = 0.000s/hit): seed=15289046187564752744 [540, 1352, 1465, 2849, 2899, 2959, 4948, 5157, 5556, 5987, 6811, 7577, 7926, 9931, 10145, 12150, 13358, 15142, 15988, 17114, 17943, 18561, 18707, 19013, 19545, 20520, 20914, 22983, 23895, 23911, 25563, 26107, 27449, 27549, 27829, 27895, 29086, 29667, 29894]
Iter#161 New set #8 of size 39 (20.1 its/hit = 0.000s/hit): seed=6140815231676646466 [2410, 2884, 3041, 3520, 4361, 5071, 6141, 6677, 7276, 7539, 7552, 7593, 8069, 8402, 10419, 12166, 12796, 13405, 13881, 14509, 15025, 17487, 19470, 19817, 21265, 21437, 22103, 23109, 23135, 23234, 23570, 23772, 24378, 24886, 25130, 27116, 28480, 29370, 29557]
Iter#176 New set #9 of size 39 (19.6 its/hit = 0.000s/hit): seed=3043843681479333277 [524, 1145, 1696, 2050, 2339, 4196, 5241, 5818, 6199, 6511, 7398, 9725, 9945, 10791, 11783, 12094, 13269, 14064, 15027, 15654, 16339, 19015, 20709, 20803, 20909, 21409, 21520, 21956, 23562, 24159, 25735, 26098, 26857, 28646, 28784, 29808, 30906, 30958, 31467]
Iter#195 New set #10 of size 39 (19.5 its/hit = 0.100s/hit): seed=5871037108553833770 [1079, 1281, 2725, 2806, 3860, 3950, 4486, 7300, 7377, 7978, 10658, 13143, 14332, 14823, 15563, 15809, 15928, 16475, 17880, 18107, 18666, 19237, 19335, 19406, 19866, 20797, 20949, 21264, 21906, 23611, 23920, 25028, 25448, 25580, 25705, 29028, 29217, 30162, 32283]
Iter#467 New set #20 of size 39 (23.4 its/hit = 0.100s/hit): seed=16833835652227533362 [123, 341, 1740, 2567, 3264, 4331, 5296, 5903, 6530, 7297, 8964, 10567, 11536, 11775, 13590, 13754, 14056, 14111, 14676, 17071, 17186, 18651, 19721, 20042, 20710, 20816, 20915, 21440, 21887, 22122, 22502, 23264, 23689, 23916, 24654, 29130, 29545, 30034, 30900]
Iter#491 New set #1 of size 40 (491.0 its/hit = 2.000s/hit): seed=11334565484896983249 [682, 718, 1013, 1299, 2805, 4588, 5910, 6600, 7272, 7531, 7899, 8692, 10782, 11999, 12905, 13398, 13713, 14475, 15346, 15689, 16436, 16647, 16802, 17857, 18340, 19174, 21347, 21393, 24352, 25303, 25492, 26991, 27781, 27917, 29642, 30263, 30471, 30658, 31102, 31304]
Iter#799 New set #2 of size 40 (399.5 its/hit = 2.000s/hit): seed=16935897218971159283 [532, 820, 1178, 2460, 2927, 2982, 5244, 5424, 5537, 6103, 6700, 7910, 8502, 9044, 9235, 9861, 9905, 10448, 10693, 11682, 11696, 11707, 12155, 12374, 14867, 17604, 18518, 18723, 18767, 19779, 20063, 21771, 22034, 24305, 24878, 27649, 28346, 28360, 31770, 32524]
Iter#843 New set #3 of size 40 (281.0 its/hit = 1.333s/hit): seed=16314847854020650304 [532, 990, 1640, 1850, 2718, 4035, 4691, 7050, 7325, 8420, 9139, 9891, 12772, 12838, 13697, 14137, 15250, 15833, 16239, 16497, 16802, 16825, 17161, 18583, 18772, 19396, 19563, 24123, 24537, 25133, 25749, 26141, 26250, 26284, 28137, 30917, 32021, 32249, 32493, 32561]
Iter#859 New set #4 of size 40 (214.8 its/hit = 1.000s/hit): seed=14829684891661075713 [1956, 2309, 2458, 4222, 5179, 5378, 5584, 5925, 5928, 7211, 7715, 9071, 10017, 10255, 12610, 13032, 13488, 14360, 14493, 15552, 17501, 17828, 18242, 19071, 19806, 20809, 22365, 23171, 23700, 23752, 24048, 24184, 26788, 27144, 27367, 28280, 30018, 30786, 31058, 32088]
Iter#871 New set #5 of size 40 (174.2 its/hit = 0.800s/hit): seed=12156023105739518492 [224, 473, 1085, 3080, 3628, 4228, 4494, 4874, 6764, 7331, 8828, 9992, 10042, 10681, 10812, 11624, 11898, 12573, 12968, 13025, 13028, 14442, 15168, 15237, 15470, 15488, 16951, 17581, 20837, 21481, 22300, 23012, 23421, 23712, 25054, 25055, 25785, 28180, 31866, 32557]
Iter#902 New set #6 of size 40 (150.3 its/hit = 0.667s/hit): seed=5451192415242093728 [381, 615, 2101, 5413, 8659, 8784, 9814, 10439, 10786, 10906, 11468, 14362, 14476, 14623, 14665, 14779, 15218, 15525, 15662, 15691, 15890, 16661, 16866, 18640, 20542, 20969, 21113, 21370, 21799, 22804, 24130, 24526, 24865, 25571, 26322, 28420, 29607, 31121, 32115, 32445]
Iter#1068 New set #1 of size 41 (1068.0 its/hit = 5.000s/hit): seed=3741944735331489952 [284, 2208, 3658, 4267, 6307, 6471, 7064, 7353, 7494, 7614, 7696, 8215, 8704, 10693, 11792, 12746, 14560, 15279, 15313, 16705, 18332, 19091, 21516, 21710, 21789, 21875, 22325, 23599, 24580, 25661, 26118, 26648, 26923, 27176, 28166, 28243, 28343, 29036, 29728, 30743, 31339]
Iter#1383 New set #2 of size 41 (691.5 its/hit = 3.500s/hit): seed=15007870928454324376 [523, 2343, 4026, 5851, 6263, 6472, 6575, 7580, 8264, 9021, 11687, 12536, 12687, 13128, 13629, 14100, 15608, 15726, 16670, 18039, 19523, 19882, 20337, 20751, 20848, 21051, 21083, 21514, 22666, 22977, 23340, 25039, 25703, 26574, 27821, 27970, 28430, 28508, 31390, 31974, 32469]
Iter#1643 New set #3 of size 41 (547.7 its/hit = 2.667s/hit): seed=3989538717661351811 [392, 780, 1213, 1231, 2002, 2860, 6328, 6590, 7242, 7414, 8849, 9017, 9333, 10751, 11809, 12748, 13473, 13932, 14024, 14981, 16331, 17246, 17620, 17733, 18345, 18573, 19228, 19498, 19969, 20189, 24787, 25705, 25897, 26925, 29426, 30145, 30214, 30661, 31022, 31267, 32223]
Iter#2736 New set #1 of size 43 (2736.0 its/hit = 14.000s/hit): seed=13038369009455678399 [1037, 2817, 2876, 5201, 5382, 5442, 5564, 5882, 6258, 6377, 6389, 7053, 7994, 9747, 11649, 12544, 14075, 14661, 14787, 15821, 17067, 18920, 19217, 19934, 20749, 21629, 23076, 23494, 23614, 23759, 26648, 27997, 28036, 28079, 28333, 28918, 29482, 29860, 30958, 31309, 31668, 32713, 32735]
Iter#17255 New set #2 of size 43 (8627.5 its/hit = 45.000s/hit): seed=16727267849772286168 [194, 395, 3189, 3686, 4092, 5745, 6859, 7808, 8529, 10061, 10220, 10498, 11105, 11208, 11902, 11911, 12017, 12752, 14461, 15232, 15567, 15644, 15664, 15746, 18571, 19215, 19529, 19937, 20030, 20476, 20698, 23644, 23937, 24104, 27102, 28627, 29543, 30196, 30774, 30926, 31745, 32095, 32539]
Iter#34622 New set #3 of size 43 (11540.7 its/hit = 60.333s/hit): seed=3696679788932057804 [787, 939, 985, 990, 3235, 4244, 5169, 5858, 6033, 6832, 7185, 7680, 8271, 8937, 9220, 9322, 9331, 12199, 12483, 15169, 17746, 19004, 19326, 19676, 19729, 20542, 21543, 22132, 23390, 23603, 25102, 25460, 26618, 26631, 27047, 27139, 29321, 29617, 30133, 30580, 31757, 32025, 32468]
Iter#45179 New set #1 of size 44 (45179.0 its/hit = 236.000s/hit): seed=12047675895704005748 [15, 501, 727, 978, 2008, 2426, 3155, 4306, 5032, 5596, 6005, 6489, 6651, 6837, 7446, 7617, 8705, 8869, 8943, 9270, 10299, 10362, 10509, 12316, 12746, 13434, 16444, 16858, 19738, 20103, 20377, 20906, 22856, 24486, 24591, 26086, 26711, 27284, 27736, 28028, 29035, 30885, 31285, 31506]
Iter#166319 New set #2 of size 44 (83159.5 its/hit = 437.000s/hit): seed=4932889300299351647 [40, 662, 1566, 2670, 3166, 4138, 5696, 6554, 6927, 7436, 7539, 7811, 8710, 8908, 10303, 10866, 11747, 12344, 13400, 15774, 15871, 17393, 17454, 18187, 18380, 18748, 19853, 19943, 22533, 22761, 23159, 23799, 24336, 25041, 26414, 26611, 26940, 27236, 27762, 30000, 30735, 31541, 31815, 32728]
Iter#211344 New set #3 of size 44 (70448.0 its/hit = 370.667s/hit): seed=15666511396532748717 [29, 1060, 1119, 2102, 2364, 2804, 3426, 3611, 3914, 4639, 4903, 5171, 5626, 5689, 6817, 7745, 7937, 8228, 10067, 10446, 11640, 11871, 11947, 13328, 14439, 15355, 15966, 16832, 16953, 17082, 17110, 18828, 21347, 22671, 24738, 26333, 26754, 26831, 27195, 28431, 30236, 31566, 31568, 32400]
Iter#237316 New set #4 of size 44 (59329.0 its/hit = 312.250s/hit): seed=10232238595938766997 [188, 506, 1152, 1812, 1821, 1944, 2759, 4102, 5469, 6909, 7103, 7206, 8957, 8966, 9622, 11070, 11125, 15519, 16857, 17126, 18348, 19713, 19899, 20572, 21659, 22045, 23460, 24770, 25468, 25763, 26073, 26247, 26283, 27097, 27816, 28211, 28822, 29377, 30360, 30952, 30967, 32072, 32362, 32564]
Iter#356107 New set #5 of size 44 (71221.4 its/hit = 375.200s/hit): seed=1073202746773497199 [909, 2391, 3392, 4831, 6177, 6752, 8742, 9308, 9398, 9484, 10503, 10756, 11244, 13942, 14412, 14710, 15220, 15977, 16481, 16670, 17204, 17257, 17398, 17494, 18584, 18657, 19313, 19341, 20886, 21415, 22272, 22277, 22754, 24055, 24534, 24647, 26827, 28631, 29464, 30104, 30979, 31948, 31954, 32557]
Iter#383539 New set #6 of size 44 (63923.2 its/hit = 336.833s/hit): seed=6296715288849794361 [535, 1301, 1475, 2359, 3280, 3983, 6276, 7017, 7832, 8892, 9922, 9973, 10125, 11744, 12098, 13067, 14025, 14132, 14844, 16210, 16597, 17361, 18321, 19208, 19977, 20107, 21174, 21223, 21387, 23672, 24141, 24629, 25311, 26320, 26375, 27028, 29651, 29896, 30118, 30785, 31774, 31831, 31964, 32502]
Iter#387096 New set #1 of size 45 (387096.0 its/hit = 2039.000s/hit): seed=15194444524117165467 [1606, 1761, 3078, 3452, 4944, 6885, 7234, 7369, 8085, 8484, 8652, 9436, 10682, 10807, 12134, 12271, 12318, 12927, 15422, 15481, 17008, 17074, 17522, 18012, 18311, 19204, 20503, 20508, 21362, 21627, 22093, 22401, 22433, 22614, 23267, 24046, 24982, 25071, 26859, 27470, 28185, 28444, 30882, 32189, 32563]
Iter#507926 New set #2 of size 45 (253963.0 its/hit = 1335.500s/hit): seed=13452949921803136477 [85, 259, 655, 1520, 1822, 2700, 3646, 4828, 6058, 7963, 8845, 10264, 11627, 11916, 12831, 12918, 13633, 13644, 14413, 14805, 15124, 15321, 18478, 19548, 20360, 22237, 22474, 24461, 24641, 24908, 25613, 26566, 26701, 27083, 27160, 27175, 27481, 27637, 27892, 28349, 30490, 30497, 31569, 31933, 32528]
Iter#546335 New set #1 of size 47 (546335.0 its/hit = 2874.000s/hit): seed=13819242088268322775 [1368, 1919, 2340, 2737, 3341, 3370, 3432, 3510, 4105, 6942, 7185, 7483, 8957, 9054, 10557, 11903, 11919, 11932, 12634, 12761, 12771, 12903, 13804, 15012, 15112, 17209, 18294, 18296, 18354, 19084, 19586, 19868, 20249, 20599, 20937, 21246, 21846, 22108, 24296, 25621, 27189, 28551, 29066, 29577, 30374, 30615, 32674]
