[*] Computing DDT
[+] DDT Computed
DDT took 22.282116662s
Iter#1 New set #1 of size 46 (1.0 its/hit = 0.000s/hit): seed=13734011778004889543 [0, 1906, 2778, 3342, 3887, 4118, 4911, 5375, 5694, 6904, 7374, 7881, 8115, 8169, 10560, 11196, 12670, 12689, 13115, 13240, 13257, 13973, 14812, 15202, 15271, 18996, 20318, 20336, 20900, 21434, 22622, 24327, 24399, 25742, 28392, 28686, 28823, 29126, 29542, 29624, 29868, 29911, 30571, 30610, 30737, 32000]
Iter#2 New set #2 of size 46 (1.0 its/hit = 0.000s/hit): seed=6407396720473698331 [0, 224, 611, 2170, 3156, 3881, 3956, 4008, 4167, 6017, 7319, 8931, 9649, 9932, 10053, 10493, 13073, 13698, 13866, 14933, 16090, 16699, 16810, 17785, 18068, 18638, 19295, 20039, 20694, 21087, 22041, 22106, 23384, 23847, 24700, 25400, 26482, 27458, 29354, 29468, 29785, 30618, 30694, 30754, 31277, 31848]
Iter#5 New set #3 of size 46 (1.7 its/hit = 0.000s/hit): seed=1021819037657329524 [0, 1427, 1743, 2051, 2208, 5469, 6031, 7049, 8100, 9603, 9689, 10010, 11806, 13704, 13997, 14664, 14863, 14868, 16450, 16902, 17061, 18061, 18192, 18525, 18792, 19446, 19707, 20129, 20348, 20720, 20839, 21585, 22917, 23931, 24103, 24992, 25340, 27171, 27720, 28081, 28381, 29625, 29651, 31069, 31500, 32112]
Iter#10 New set #4 of size 46 (2.5 its/hit = 0.000s/hit): seed=3525937584670618038 [0, 45, 120, 491, 895, 1164, 1751, 2061, 2646, 2748, 2863, 3217, 4199, 4764, 5208, 5648, 8523, 9970, 12431, 12572, 13437, 13475, 14209, 14275, 14721, 14923, 15284, 15320, 16856, 19734, 20732, 21335, 21470, 21822, 22373, 22975, 23524, 24638, 24785, 25085, 26971, 27730, 28528, 29021, 29554, 29813]
Iter#11 New set #5 of size 46 (2.2 its/hit = 0.000s/hit): seed=6574185075441131154 [0, 87, 145, 429, 2173, 2669, 2951, 4002, 4917, 6107, 6418, 6488, 7594, 7834, 8678, 9463, 9739, 10641, 12475, 12923, 13584, 14534, 14860, 16090, 17317, 17656, 17791, 18122, 18429, 18611, 18685, 19916, 20143, 21780, 23223, 23546, 23912, 24216, 24667, 26105, 26677, 29846, 29992, 30027, 31540, 31836]
Iter#12 New set #1 of size 50 (12.0 its/hit = 0.000s/hit): seed=11008147845902526690 [0, 1343, 3318, 4154, 4859, 5402, 7079, 8386, 9725, 10380, 10550, 11255, 12827, 13450, 13569, 13844, 14599, 17656, 18570, 18875, 19491, 19893, 20838, 21007, 21232, 21299, 21726, 22047, 22307, 24011, 24184, 25608, 26696, 27695, 27986, 28023, 28077, 28114, 28435, 28555, 30311, 30889, 30955, 31191, 31376, 31932, 31995, 32199, 32559, 32762]
Iter#20 New set #1 of size 52 (20.0 its/hit = 0.000s/hit): seed=8539748420308385128 [0, 207, 224, 302, 448, 1681, 1976, 2080, 2257, 2284, 2719, 3310, 3655, 4136, 4176, 4700, 4755, 5011, 5678, 5889, 6557, 6662, 7259, 8233, 8422, 9741, 9816, 10338, 10385, 10838, 11303, 12917, 12986, 13013, 16821, 17994, 21245, 21491, 21611, 23298, 23919, 23956, 25343, 25416, 25589, 25764, 26795, 27747, 29285, 30004, 31231, 31772]
Iter#143 New set #1 of size 57 (143.0 its/hit = 0.000s/hit): seed=7333876809852776584 [0, 29, 832, 1669, 1727, 3069, 3355, 3361, 4343, 4944, 5017, 5791, 7466, 7522, 7776, 8081, 9884, 9986, 10706, 11073, 11102, 11503, 13391, 14699, 15239, 15446, 16080, 16161, 16931, 18910, 19141, 19468, 20376, 20472, 21148, 21692, 21727, 21733, 23164, 24221, 24240, 24288, 24380, 24385, 24443, 25657, 25668, 25847, 26008, 26085, 26502, 26922, 27411, 30559, 30814, 32256, 32753]
Iter#185 New set #1 of size 64 (185.0 its/hit = 0.000s/hit): seed=11598781119516002351 [0, 282, 745, 907, 1171, 1258, 2060, 2063, 2636, 3112, 4172, 4653, 4763, 4971, 5804, 6804, 6887, 7666, 8492, 8732, 8762, 9024, 9298, 9458, 9539, 10231, 10810, 10817, 11112, 11397, 12945, 14149, 14181, 14838, 15688, 16157, 17130, 17197, 17568, 18015, 18495, 19186, 19697, 19987, 21382, 21685, 22477, 23084, 23099, 23844, 25428, 26050, 26088, 26564, 27483, 27992, 29135, 30303, 30527, 30828, 30956, 31168, 31728, 32380]
Iter#5559 New set #2 of size 64 (2779.5 its/hit = 12.000s/hit): seed=5960452891979417718 [0, 779, 1217, 1346, 1351, 2858, 3083, 3212, 3380, 3647, 4947, 5481, 6187, 6229, 6886, 7240, 8428, 9764, 11153, 11462, 11531, 11612, 11893, 11913, 12336, 13509, 13917, 14367, 14401, 14415, 14971, 15020, 15176, 15614, 15700, 15931, 16453, 16746, 17744, 18377, 21750, 21950, 21981, 22098, 22505, 23100, 23724, 24459, 24985, 25182, 25517, 26198, 26495, 27816, 29016, 29486, 29960, 30101, 30267, 30366, 30881, 30984, 31269, 31658]
Iter#11391 New set #3 of size 64 (3797.0 its/hit = 17.333s/hit): seed=9318291650551423668 [0, 507, 577, 958, 1019, 1568, 1648, 1759, 2008, 2020, 2692, 2940, 4446, 6456, 7378, 7392, 8237, 8309, 8448, 8846, 9076, 9332, 9943, 10053, 10630, 10665, 11209, 12185, 12787, 13103, 13532, 14458, 15437, 15527, 15710, 15893, 17804, 18874, 19384, 20124, 20505, 21544, 21864, 21936, 22542, 23423, 23904, 24330, 24769, 27087, 27144, 28571, 28729, 28972, 28996, 29442, 29671, 29925, 29981, 30654, 30785, 30883, 31161, 32724]
Iter#20107 New set #4 of size 64 (5026.8 its/hit = 23.500s/hit): seed=5355252963711704902 [0, 1152, 2341, 2394, 2538, 2669, 2763, 3040, 3234, 4291, 4460, 4811, 7471, 7616, 7698, 7816, 8986, 10031, 10102, 10157, 12154, 12307, 12425, 12541, 13703, 13938, 14360, 14846, 16458, 16503, 17116, 17389, 17571, 18791, 18916, 19465, 19607, 19910, 20398, 21326, 21441, 21548, 21686, 21791, 22175, 22740, 23373, 24118, 25139, 25192, 25669, 26381, 26513, 26765, 27312, 28738, 28739, 28832, 29672, 29752, 30033, 31277, 31415, 32229]
Iter#22757 New set #1 of size 71 (22757.0 its/hit = 106.000s/hit): seed=12304496439693863195 [0, 439, 1164, 2058, 2072, 2561, 2627, 3169, 3245, 3792, 3869, 4054, 4433, 4434, 4659, 4773, 4998, 5504, 6377, 6617, 7009, 7688, 8434, 8700, 9359, 9418, 10414, 10519, 11366, 11379, 11431, 11813, 12573, 12599, 12758, 13817, 14178, 14675, 15969, 16198, 16601, 16608, 17702, 18597, 19270, 19572, 19647, 21116, 21493, 21802, 22308, 22373, 22520, 22988, 23298, 23600, 24273, 24756, 24932, 25754, 25758, 26634, 27204, 28962, 29013, 29300, 29375, 30441, 30778, 31544, 32699]
Iter#62080 New set #2 of size 71 (31040.0 its/hit = 147.500s/hit): seed=17629471453652449803 [0, 473, 518, 1863, 2209, 2330, 2842, 3295, 3405, 3565, 4034, 4181, 4189, 4205, 4711, 4838, 5359, 5696, 5914, 5992, 6050, 7573, 9094, 10492, 10906, 11687, 11741, 12127, 12611, 12695, 12727, 12775, 12886, 13093, 13346, 13713, 14038, 15047, 15744, 16733, 17140, 18545, 18741, 19283, 19655, 20039, 20618, 21218, 21228, 22155, 22394, 22506, 22822, 23033, 23550, 23825, 24091, 25577, 25812, 25891, 27039, 27166, 27772, 28422, 28685, 29362, 29538, 29872, 30290, 31358, 32302]
Iter#478143 New set #3 of size 71 (159381.0 its/hit = 655.333s/hit): seed=3438666253266615710 [0, 481, 488, 522, 883, 966, 1313, 1363, 1445, 1930, 2120, 2213, 3666, 3722, 5039, 6059, 6741, 7230, 7494, 7860, 12754, 13075, 13322, 13727, 13757, 14015, 14432, 14474, 15442, 15575, 15979, 16145, 16607, 16610, 16705, 16868, 18098, 18133, 18217, 18890, 18932, 18994, 19461, 19545, 20095, 20870, 20949, 21372, 21835, 21846, 22190, 22509, 22956, 23758, 24475, 25035, 27087, 27191, 27430, 28850, 29987, 30035, 30379, 30437, 30506, 30579, 31240, 31744, 31794, 31996, 32325]
