[*] Computing DDT
[+] DDT Computed
DDT took 23.544929978s
Iter#1 New set #1 of size 38 (1.0 its/hit = 0.000s/hit): seed=11169730010240768923 [1046, 1951, 3125, 3285, 4088, 4298, 4726, 4887, 5269, 5687, 6116, 6790, 6824, 7346, 7479, 8449, 8687, 9840, 10442, 10978, 11385, 13289, 14366, 15034, 15175, 15576, 15890, 16077, 17971, 22094, 23266, 23798, 23849, 24973, 27725, 28953, 29980, 31959]
Iter#2 New set #1 of size 42 (2.0 its/hit = 0.000s/hit): seed=3961783011393905343 [468, 575, 1141, 2516, 2935, 3360, 4311, 6403, 6771, 7184, 7241, 8573, 8585, 12767, 13634, 13795, 13937, 15060, 15199, 16421, 16460, 16548, 18649, 18892, 18929, 19057, 20722, 21862, 22033, 22822, 24419, 24440, 26968, 27129, 27247, 27761, 27850, 27869, 28054, 28449, 30137, 31794]
Iter#10 New set #2 of size 42 (5.0 its/hit = 0.000s/hit): seed=15879300619859947966 [803, 1022, 2126, 3029, 3524, 3876, 4905, 5266, 5655, 6177, 6397, 9750, 9969, 10728, 11557, 11686, 12697, 12986, 13037, 13631, 14839, 16452, 16466, 17004, 17265, 17486, 19124, 19297, 19388, 20276, 21046, 21628, 22214, 24546, 24918, 26413, 27567, 29131, 29416, 30091, 32147, 32241]
Iter#14 New set #1 of size 43 (14.0 its/hit = 0.000s/hit): seed=8239880679748385265 [1223, 1431, 2440, 2548, 4931, 5656, 6347, 6869, 7476, 7704, 8026, 8504, 8620, 10353, 11800, 11993, 12541, 13074, 13687, 13849, 14510, 14529, 19303, 20709, 20917, 22161, 22516, 23182, 23935, 24444, 24631, 26046, 26393, 26406, 26451, 26465, 27008, 27057, 28200, 29395, 29606, 31116, 32229]
Iter#29 New set #2 of size 43 (14.5 its/hit = 0.000s/hit): seed=13029882192749489449 [113, 643, 915, 3154, 3275, 4472, 4509, 4514, 4630, 7529, 7748, 7880, 8357, 9926, 10160, 10211, 10521, 11234, 11976, 13734, 14735, 14836, 18714, 18911, 19327, 19367, 19579, 21051, 21399, 21613, 21795, 22824, 24609, 25272, 25286, 25867, 25967, 26065, 27734, 27861, 27968, 30861, 31649]
Iter#75 New set #3 of size 43 (25.0 its/hit = 0.000s/hit): seed=11114222963658990254 [1786, 3157, 3629, 3912, 4964, 5404, 5556, 6599, 6961, 7212, 7356, 7784, 8090, 8611, 9271, 12450, 13562, 13699, 13780, 14796, 15873, 16312, 17652, 19161, 19431, 20968, 20993, 21638, 22051, 23223, 23965, 24517, 25675, 26351, 26423, 27395, 28045, 30110, 30314, 30390, 30511, 30823, 31101]
Iter#125 New set #1 of size 44 (125.0 its/hit = 0.000s/hit): seed=4182433876643728288 [1733, 2196, 2767, 5382, 6695, 6799, 6833, 7764, 8368, 8785, 9551, 11342, 11406, 11530, 13053, 13060, 13825, 14472, 15023, 15204, 15466, 15480, 15542, 18557, 19108, 19553, 20014, 21234, 22800, 24771, 25598, 25843, 25874, 27617, 28530, 28683, 29887, 30090, 30414, 30506, 31705, 32380, 32526, 32689]
Iter#147 New set #2 of size 44 (73.5 its/hit = 0.000s/hit): seed=9652187767970703889 [174, 492, 798, 4969, 5371, 6117, 7640, 7698, 8024, 8374, 9128, 9196, 9314, 10338, 10581, 10601, 10789, 11478, 11958, 12963, 13334, 13389, 13880, 14163, 15718, 15924, 16671, 17476, 18870, 19472, 19773, 20936, 21929, 22318, 23797, 24833, 28208, 28668, 29220, 29412, 29665, 30764, 31102, 31178]
Iter#424 New set #3 of size 44 (141.3 its/hit = 0.667s/hit): seed=7906237278578890103 [1116, 2221, 5116, 5803, 6250, 6593, 6881, 8143, 8335, 10015, 10328, 11202, 11859, 12985, 13860, 15263, 16055, 16524, 16533, 16536, 18014, 18922, 19652, 19677, 19884, 21321, 21705, 22349, 22724, 22880, 23123, 23151, 25181, 25459, 26100, 27316, 27413, 27723, 27855, 28767, 31456, 31574, 32526, 32533]
Iter#445 New set #4 of size 44 (111.2 its/hit = 0.500s/hit): seed=12244567141303949632 [238, 345, 809, 1214, 1370, 2486, 3308, 3827, 5578, 6968, 8045, 8337, 8412, 9528, 10933, 12371, 13178, 13423, 13800, 14901, 18874, 19091, 20026, 20723, 21718, 21891, 22156, 23148, 24080, 24205, 24964, 25112, 26866, 27176, 28466, 29046, 29230, 29740, 30034, 30274, 30912, 31209, 31424, 32154]
Iter#448 New set #5 of size 44 (89.6 its/hit = 0.400s/hit): seed=9943667969080026063 [255, 270, 2443, 2554, 3274, 4822, 5148, 9495, 10903, 10962, 11713, 12555, 13664, 13786, 14306, 14708, 14731, 15617, 15819, 16034, 18640, 19129, 19454, 20464, 20901, 21013, 21113, 21126, 22616, 23919, 24229, 24300, 25643, 26730, 27405, 27634, 28156, 28394, 28590, 28687, 29773, 30038, 31108, 31666]
Iter#483 New set #6 of size 44 (80.5 its/hit = 0.333s/hit): seed=4446077683961434273 [1508, 1994, 3061, 3218, 3298, 3725, 4782, 4971, 5111, 5448, 5730, 6005, 6302, 6925, 9002, 9372, 9428, 9494, 10628, 13347, 14115, 14895, 16288, 16468, 17083, 18070, 18146, 18242, 19331, 20550, 22644, 23486, 23764, 23942, 28241, 28503, 30032, 31170, 31222, 31462, 31792, 31904, 32011, 32274]
Iter#561 New set #7 of size 44 (80.1 its/hit = 0.429s/hit): seed=16520356186995955916 [479, 1240, 1824, 3042, 3736, 4418, 4439, 4902, 5622, 5720, 6154, 6318, 8659, 9774, 9887, 10301, 11079, 13718, 13875, 14316, 15322, 16351, 17466, 17844, 18168, 18690, 20613, 20719, 23576, 24007, 24290, 24462, 25869, 26033, 26432, 27016, 27179, 27636, 27795, 28775, 29656, 29665, 30812, 31791]
Iter#600 New set #8 of size 44 (75.0 its/hit = 0.375s/hit): seed=7931330229896670779 [237, 603, 1039, 1778, 3894, 4445, 4530, 4594, 5187, 5294, 5316, 6645, 6846, 7077, 7717, 9175, 11351, 11741, 12439, 13432, 13635, 15488, 16225, 17571, 17761, 18508, 18593, 18843, 19503, 19736, 20658, 21225, 21458, 21564, 21746, 22345, 22513, 23201, 23567, 23778, 24558, 26812, 31201, 31928]
Iter#613 New set #9 of size 44 (68.1 its/hit = 0.333s/hit): seed=8862881142267613607 [337, 1442, 1822, 2264, 4210, 4956, 6048, 6253, 7044, 7672, 8939, 8992, 9360, 9758, 13538, 14074, 16355, 17465, 17627, 17765, 18143, 18591, 19229, 19618, 20535, 20907, 21183, 21277, 21392, 22338, 23175, 23407, 25414, 26089, 26811, 27283, 27953, 28557, 30051, 30389, 30598, 31019, 32365, 32767]
Iter#620 New set #10 of size 44 (62.0 its/hit = 0.300s/hit): seed=4598511878119673261 [1111, 1564, 2819, 3367, 3773, 4126, 4451, 5370, 5428, 5553, 7192, 7923, 8291, 8696, 9854, 10264, 11799, 12413, 12446, 12800, 13654, 13723, 13801, 15059, 16692, 16804, 17388, 17726, 17987, 18471, 19568, 20158, 20778, 21501, 21622, 22852, 23827, 24884, 24919, 26554, 29001, 30720, 31894, 32603]
Iter#1103 New set #1 of size 50 (1103.0 its/hit = 6.000s/hit): seed=8226442123180992582 [899, 1046, 1922, 3084, 3442, 3459, 4780, 4788, 5252, 5340, 5557, 7886, 8595, 9024, 11619, 11871, 12108, 12364, 12645, 13683, 14356, 14979, 16259, 16343, 16951, 17662, 19084, 20514, 21991, 22584, 22633, 23019, 23679, 25558, 26148, 26288, 26296, 26607, 26892, 27026, 27114, 27271, 27297, 27630, 27930, 30043, 30375, 31205, 31403, 32381]
Iter#9838 New set #2 of size 50 (4919.0 its/hit = 28.500s/hit): seed=4341635512694040000 [129, 880, 1686, 3945, 4072, 4899, 6530, 7683, 10247, 10750, 10778, 10902, 11127, 11408, 12947, 14047, 15004, 15370, 16510, 17455, 17914, 17938, 18007, 18051, 18250, 18379, 18467, 18594, 18711, 18978, 19636, 20643, 21301, 21459, 23084, 25410, 25880, 25955, 26815, 27069, 27762, 28455, 28862, 30248, 30396, 30884, 31344, 31691, 31700, 32515]
Iter#17906 New set #1 of size 51 (17906.0 its/hit = 104.000s/hit): seed=6263801204845525439 [346, 366, 949, 1316, 1711, 2406, 2416, 2510, 3118, 3837, 3987, 4063, 4603, 6834, 8693, 8768, 9141, 9418, 9498, 9520, 10426, 10677, 10731, 10825, 10949, 11252, 11370, 14352, 16784, 17296, 20587, 21976, 22523, 23600, 23992, 24077, 25252, 25330, 25500, 26396, 26747, 26963, 27663, 28001, 30205, 31104, 31340, 31558, 31821, 32282, 32760]
Iter#31230 New set #2 of size 51 (15615.0 its/hit = 91.500s/hit): seed=8148321979827761679 [218, 572, 619, 1849, 2469, 2486, 3002, 3022, 3393, 4449, 4539, 4853, 5171, 6530, 8073, 8640, 9751, 10681, 10696, 11120, 12017, 13379, 13562, 15673, 16516, 16994, 17194, 17542, 18221, 19067, 20284, 20385, 20661, 20747, 22066, 22662, 23131, 23311, 26107, 26512, 26728, 26802, 27742, 28213, 30351, 30774, 30855, 30915, 30985, 31187, 32762]
Iter#46210 New set #3 of size 51 (15403.3 its/hit = 90.667s/hit): seed=6126058427634813242 [857, 927, 982, 2627, 3286, 3667, 3983, 5176, 5398, 6055, 6981, 7119, 8003, 8162, 8399, 8443, 9005, 9040, 13559, 13607, 14184, 15315, 16538, 16746, 19424, 19777, 20760, 21975, 22017, 22621, 22938, 23677, 24705, 25539, 25577, 26549, 26832, 27702, 27915, 27929, 28309, 28370, 29488, 29698, 29996, 30103, 30458, 30555, 30932, 31629, 31684]
Iter#57714 New set #1 of size 53 (57714.0 its/hit = 340.000s/hit): seed=8373653723328044479 [350, 678, 840, 2132, 2279, 2518, 2705, 3184, 4283, 4595, 4596, 4780, 4946, 5552, 5689, 7269, 7555, 7722, 9199, 9711, 9886, 9977, 10372, 10832, 10889, 12158, 12953, 14090, 14111, 14815, 15053, 15226, 16453, 16524, 16735, 16938, 17458, 19406, 20856, 21470, 21475, 22062, 23182, 24186, 25776, 25783, 27061, 27875, 28086, 28193, 30483, 30517, 31804]
Iter#213547 New set #2 of size 53 (106773.5 its/hit = 634.500s/hit): seed=18296170621903870012 [14, 269, 319, 496, 544, 867, 877, 1115, 1405, 1451, 1922, 2246, 3187, 3576, 4852, 7170, 9192, 9623, 9918, 10368, 10382, 11235, 11245, 11382, 11525, 13361, 13841, 16362, 16927, 17489, 17585, 17848, 18666, 18779, 19323, 22753, 22970, 23781, 24981, 25581, 26025, 26192, 26804, 26874, 27325, 27469, 27796, 28390, 28438, 30516, 31314, 32106, 32586]
Iter#235490 New set #3 of size 53 (78496.7 its/hit = 466.667s/hit): seed=2088005576464225285 [107, 427, 1300, 1698, 2462, 2464, 2735, 3313, 5348, 5538, 5577, 7308, 7422, 7699, 8427, 8644, 8754, 8897, 9042, 10340, 10870, 11229, 13353, 13734, 14349, 15416, 16581, 17100, 17834, 17970, 18496, 18510, 18789, 18932, 19244, 19271, 21865, 22841, 23027, 23799, 24036, 24206, 24293, 24299, 24384, 24783, 24833, 26785, 26961, 29853, 30006, 30723, 32493]
Iter#393177 New set #4 of size 53 (98294.2 its/hit = 586.250s/hit): seed=6269671347626036168 [1954, 3849, 5575, 6117, 7917, 8565, 9006, 9608, 11076, 11818, 12487, 12909, 13230, 13281, 13922, 14020, 14057, 14677, 14797, 15833, 17422, 18192, 18579, 19288, 19338, 19536, 19613, 20063, 20997, 21205, 21759, 22849, 23037, 23066, 23416, 23892, 24028, 24369, 25617, 26901, 26913, 26938, 27416, 27581, 28375, 28689, 30679, 30688, 31287, 31810, 32137, 32378, 32496]
Iter#464268 New set #5 of size 53 (92853.6 its/hit = 554.400s/hit): seed=4216783555081190361 [1429, 1455, 1499, 1744, 2436, 2575, 4715, 5483, 5732, 6058, 6785, 7589, 7648, 7802, 7956, 8183, 8533, 9124, 10104, 10743, 10879, 12084, 13791, 13835, 15307, 16175, 16275, 16395, 16456, 17291, 17922, 18820, 19453, 19476, 20110, 20634, 21537, 21949, 22060, 22622, 22648, 22696, 24110, 24385, 26455, 26911, 27071, 27786, 29598, 30219, 30240, 31021, 32731]
Iter#476802 New set #6 of size 53 (79467.0 its/hit = 474.500s/hit): seed=10587726366381218315 [1577, 1714, 3269, 3425, 3941, 4466, 4577, 4604, 4894, 5100, 6839, 7792, 7977, 9005, 9016, 9898, 10499, 10703, 10933, 11975, 13022, 14233, 14449, 15656, 15674, 15788, 16319, 16693, 17577, 18001, 18540, 20038, 20150, 20551, 20560, 20646, 20917, 21074, 22341, 22495, 22714, 23424, 23764, 24543, 25451, 25923, 26678, 26804, 28170, 29045, 31044, 32272, 32289]
Iter#569627 New set #7 of size 53 (81375.3 its/hit = 485.714s/hit): seed=13656857860456135064 [485, 1033, 2411, 3426, 3957, 5112, 5289, 5609, 5832, 6111, 7493, 7779, 8096, 8942, 9215, 9699, 9924, 10017, 10230, 10461, 10897, 10900, 11581, 11933, 12860, 13387, 13554, 15829, 16473, 16747, 17202, 18291, 18505, 19930, 20939, 22196, 22311, 23421, 23594, 24015, 24122, 25736, 26859, 27336, 28156, 29425, 29527, 29867, 30089, 30264, 31470, 31499, 31869]
Iter#703361 New set #8 of size 53 (87920.1 its/hit = 525.125s/hit): seed=15013785857995647573 [1749, 2252, 2582, 3116, 3183, 3267, 3355, 3643, 4035, 4571, 5250, 7343, 7722, 8461, 9279, 9406, 11133, 11203, 12477, 13364, 13801, 15270, 15650, 16898, 16944, 17005, 17149, 17489, 18541, 19955, 20082, 20496, 20499, 20568, 21766, 22214, 23045, 23760, 23791, 24551, 25683, 25722, 26033, 26254, 26368, 26957, 27730, 28523, 29172, 30510, 30928, 31543, 31643]
Iter#835184 New set #9 of size 53 (92798.2 its/hit = 556.000s/hit): seed=3022812771422295040 [34, 774, 1015, 1346, 1717, 2334, 2364, 2627, 4761, 6417, 6902, 7138, 7189, 7730, 8134, 8547, 9680, 9682, 10144, 12179, 12660, 12931, 13286, 13294, 13306, 13366, 13594, 14273, 14856, 16396, 17125, 17473, 20922, 21296, 21501, 21900, 22232, 22899, 23388, 24044, 25235, 25890, 26066, 26248, 26507, 28573, 30432, 30481, 30515, 30651, 31907, 32271, 32301]
Iter#890352 New set #10 of size 53 (89035.2 its/hit = 534.100s/hit): seed=17464316596485933017 [60, 128, 395, 787, 1321, 1395, 2557, 2569, 2637, 2765, 3639, 4228, 5015, 5293, 7297, 7357, 7430, 7635, 8209, 8515, 8962, 9647, 9674, 11227, 11239, 12437, 12564, 12791, 13190, 13794, 14170, 14182, 14540, 16562, 17249, 17292, 19254, 19915, 19966, 20749, 20877, 22604, 22730, 23360, 23488, 23988, 24864, 25976, 26228, 26414, 29049, 30313, 30846]
