[*] Computing DDT
[+] DDT Computed
DDT took 23.38881389s
Iter#1 New set #1 of size 36 (1.0 its/hit = 0.000s/hit): seed=1960728352781224074 [116, 774, 852, 1841, 2072, 3216, 3316, 3518, 3966, 4234, 6181, 6225, 6302, 6783, 8839, 9689, 10700, 10930, 11133, 12241, 12379, 12793, 13428, 16993, 17165, 18840, 22866, 23112, 24594, 25491, 28076, 29124, 31014, 31169, 31980, 32501]
Iter#2 New set #2 of size 36 (1.0 its/hit = 0.000s/hit): seed=16371643229135607347 [94, 2678, 4511, 6431, 6800, 7508, 8089, 8491, 10789, 11705, 12713, 14228, 14229, 14321, 14564, 15360, 15605, 16509, 16995, 17074, 19474, 21219, 23256, 24501, 25339, 27645, 28923, 29029, 29447, 29793, 29838, 30391, 30794, 30992, 31521, 31735]
Iter#3 New set #1 of size 38 (3.0 its/hit = 0.000s/hit): seed=2255236693528800384 [464, 948, 1114, 1238, 1506, 1588, 2769, 3739, 4323, 5691, 6435, 6670, 7735, 8127, 8446, 9649, 10105, 10448, 11519, 13184, 13738, 15118, 16511, 16512, 17544, 19400, 19883, 22203, 23125, 23868, 26212, 27017, 27602, 27659, 28941, 29097, 30171, 32300]
Iter#4 New set #2 of size 38 (2.0 its/hit = 0.000s/hit): seed=629648469189750934 [169, 4544, 4741, 5366, 7812, 8306, 9482, 9563, 9837, 10144, 10203, 11896, 12143, 12919, 16335, 18911, 19007, 19089, 19187, 19629, 19963, 20460, 20728, 20756, 21212, 21254, 22178, 22297, 22579, 23838, 24466, 26438, 26480, 26675, 27313, 29284, 31314, 32542]
Iter#5 New set #1 of size 40 (5.0 its/hit = 0.000s/hit): seed=6817042043449508639 [194, 366, 2014, 2449, 3209, 3599, 3913, 5600, 6406, 9197, 9522, 11610, 11664, 13238, 13289, 15525, 15934, 17312, 18839, 19145, 19922, 20809, 23056, 25568, 25602, 26458, 26755, 26763, 26914, 27417, 28940, 29035, 29135, 29660, 30304, 30540, 30605, 31400, 31455, 32438]
Iter#18 New set #2 of size 40 (9.0 its/hit = 0.000s/hit): seed=1340904324108581083 [89, 1586, 3571, 4151, 4403, 5051, 6147, 6192, 7440, 7712, 9444, 10082, 10251, 10680, 10908, 14152, 14278, 14875, 16415, 16423, 17256, 18791, 20257, 20537, 20747, 20867, 22396, 23123, 23238, 23976, 25388, 25780, 27098, 27811, 28846, 29792, 30715, 31617, 31716, 31927]
Iter#20 New set #3 of size 40 (6.7 its/hit = 0.000s/hit): seed=628660921961375490 [784, 1217, 3795, 3912, 3982, 4341, 6244, 6385, 6708, 7963, 8675, 9255, 10383, 14954, 15015, 15788, 17809, 17826, 19370, 19573, 19867, 21245, 22055, 22264, 22496, 22710, 23112, 23390, 24457, 26073, 26181, 26488, 26618, 28267, 28669, 29663, 30680, 31319, 31409, 32265]
Iter#733 New set #4 of size 40 (183.2 its/hit = 0.750s/hit): seed=13958477947345561819 [1107, 3093, 3482, 3883, 4487, 4610, 6087, 6199, 9515, 10230, 10345, 10689, 11318, 11485, 11799, 13021, 14403, 14527, 14788, 15667, 19441, 19563, 20523, 23083, 24066, 24359, 24556, 25252, 25339, 25847, 26770, 27818, 28612, 28647, 29960, 30326, 30454, 31083, 31396, 32025]
Iter#1075 New set #5 of size 40 (215.0 its/hit = 1.000s/hit): seed=5157228293407475502 [269, 1515, 2356, 2760, 4947, 5189, 6232, 6486, 7541, 7862, 8209, 8803, 10128, 11838, 12515, 12648, 13313, 13450, 13937, 14056, 16497, 16580, 16649, 18259, 18593, 20489, 20844, 21537, 22814, 24200, 24400, 25518, 25882, 27212, 28527, 29379, 29904, 30450, 30582, 32057]
Iter#1455 New set #6 of size 40 (242.5 its/hit = 1.333s/hit): seed=15302765048999785215 [639, 1144, 2781, 3224, 4068, 4350, 4635, 5180, 6059, 7147, 7579, 9134, 9229, 11098, 12913, 12919, 13211, 14409, 16408, 16725, 16793, 20614, 21295, 21883, 22548, 23202, 23341, 23594, 25202, 25956, 26515, 28257, 28789, 28966, 29318, 29331, 29568, 32217, 32416, 32521]
Iter#1553 New set #7 of size 40 (221.9 its/hit = 1.286s/hit): seed=9681975694040925456 [50, 575, 1008, 2478, 3339, 3514, 4053, 5720, 5739, 7600, 9413, 9620, 9660, 10047, 10421, 10648, 11517, 12112, 16534, 16965, 18705, 18867, 19048, 19196, 21022, 23069, 24378, 25226, 25741, 26020, 26652, 26789, 28408, 28635, 29248, 29561, 30098, 30194, 30871, 31223]
Iter#1779 New set #8 of size 40 (222.4 its/hit = 1.375s/hit): seed=4556554809667679900 [2616, 3149, 3789, 4353, 5815, 6471, 8985, 10072, 10212, 10315, 13173, 13375, 14679, 15826, 15859, 16252, 16925, 17356, 17818, 17998, 18353, 20542, 20623, 21024, 21883, 22199, 23065, 23730, 23844, 23854, 24426, 24508, 25002, 25331, 27013, 29024, 29829, 30701, 31307, 31573]
Iter#1784 New set #9 of size 40 (198.2 its/hit = 1.222s/hit): seed=15693024907373322907 [52, 268, 887, 4061, 4643, 5256, 7625, 7843, 8098, 8458, 8629, 8669, 9307, 9422, 10589, 11154, 11355, 11589, 13630, 14580, 14802, 16456, 17696, 18510, 18672, 19554, 20696, 22644, 23247, 23253, 26060, 26538, 26779, 27423, 27640, 27737, 31106, 31299, 31637, 32034]
Iter#1804 New set #10 of size 40 (180.4 its/hit = 1.100s/hit): seed=8126203564403717833 [586, 895, 1521, 1586, 2769, 2942, 3464, 3605, 3746, 4291, 4643, 4996, 5280, 7811, 8108, 8235, 9067, 10972, 11431, 12637, 13314, 13518, 13798, 14296, 15065, 15897, 16129, 17675, 20043, 20184, 20309, 21189, 21399, 23607, 24560, 25896, 27208, 28123, 28997, 29762]
Iter#1993 New set #1 of size 42 (1993.0 its/hit = 12.000s/hit): seed=2580036932915387166 [310, 1406, 2781, 3229, 3475, 4816, 4915, 5425, 5572, 5585, 6340, 9044, 9552, 10914, 11357, 11457, 12348, 12581, 12734, 14736, 15049, 15564, 15592, 15701, 17154, 17577, 17753, 18586, 18802, 19231, 19619, 20843, 23088, 23240, 23521, 24010, 24864, 25160, 26329, 31126, 31235, 31557]
Iter#22358 New set #2 of size 42 (11179.0 its/hit = 79.500s/hit): seed=2426031848542246967 [921, 1019, 1655, 1738, 3072, 3197, 3669, 4664, 5706, 6307, 6401, 6679, 8873, 9437, 10400, 10478, 10482, 10800, 11120, 11361, 12713, 13585, 13729, 14468, 14682, 16787, 17811, 18141, 19244, 19606, 19622, 22849, 24151, 24191, 24209, 26882, 27070, 29299, 29514, 29912, 31138, 31871]
Iter#34037 New set #3 of size 42 (11345.7 its/hit = 81.333s/hit): seed=5845908185285444385 [142, 1981, 2038, 3037, 3048, 4040, 4726, 5083, 5207, 5393, 7058, 7827, 10363, 11991, 12078, 12472, 12764, 13128, 13255, 13819, 16965, 17198, 18037, 18218, 18335, 18337, 20739, 21352, 22515, 22618, 23763, 25313, 25912, 26864, 27482, 27596, 28029, 29125, 30353, 30511, 31132, 31559]
Iter#38064 New set #4 of size 42 (9516.0 its/hit = 68.250s/hit): seed=8327530916294325191 [644, 808, 1638, 2307, 3794, 5366, 5976, 6215, 7903, 8257, 8489, 8692, 9460, 9540, 11358, 12025, 12681, 13494, 13549, 13794, 13877, 14185, 14654, 15070, 15502, 17529, 19414, 20109, 20446, 21061, 21477, 21845, 22299, 23034, 23899, 24283, 25024, 26076, 27356, 28370, 28980, 31344]
Iter#43608 New set #1 of size 43 (43608.0 its/hit = 313.000s/hit): seed=16666664389771198419 [663, 1374, 2134, 3063, 3188, 3375, 5124, 7186, 7708, 8149, 10234, 10272, 10305, 10874, 11620, 11694, 12287, 12597, 12651, 12883, 14595, 15271, 16421, 16753, 18709, 19379, 19496, 19917, 20120, 20232, 20968, 21175, 21522, 22252, 24936, 25101, 25818, 27459, 28312, 28948, 29974, 31949, 32627]
Iter#1143313 New set #2 of size 43 (571656.5 its/hit = 4073.500s/hit): seed=2223230848303886843 [574, 1569, 2123, 2970, 3011, 4135, 5082, 5548, 5593, 5906, 6130, 6722, 7284, 7830, 8424, 9775, 10034, 11309, 12479, 12707, 13890, 14639, 15508, 15601, 17168, 18407, 19131, 21181, 21895, 22061, 22241, 22965, 24368, 24781, 25670, 25713, 25913, 26241, 28234, 30204, 30371, 31541, 32725]
Iter#1547958 New set #3 of size 43 (515986.0 its/hit = 3691.000s/hit): seed=8830097499293100932 [222, 820, 1586, 2285, 3048, 3230, 3865, 5167, 5311, 5571, 6272, 6916, 7953, 8439, 8747, 8978, 10558, 10656, 11399, 12582, 13033, 13212, 13525, 14155, 16836, 17218, 18357, 18611, 19092, 19823, 21013, 21817, 22684, 23009, 23129, 23256, 23784, 24194, 27837, 29099, 29344, 29624, 32640]
Iter#1758724 New set #4 of size 43 (439681.0 its/hit = 3150.500s/hit): seed=2778929825512468240 [621, 1872, 2077, 2328, 2507, 2568, 4083, 5638, 5836, 5851, 6150, 6555, 6767, 7028, 7125, 8056, 11333, 11871, 11972, 12420, 12795, 13833, 14005, 14804, 15282, 15328, 15355, 16089, 17081, 17239, 17338, 17642, 18837, 20312, 20488, 21215, 21826, 23066, 24687, 24868, 25558, 26987, 31838]
Iter#1964377 New set #1 of size 44 (1964377.0 its/hit = 14095.000s/hit): seed=17573729489540234783 [384, 1387, 4124, 4222, 4235, 5359, 5476, 5722, 6567, 6862, 7073, 8884, 10619, 10886, 11323, 11693, 12758, 12801, 13018, 13124, 13456, 13940, 14068, 17002, 17045, 18178, 18335, 18868, 18871, 21116, 21983, 22372, 22872, 23213, 23409, 23803, 24388, 24519, 26158, 26822, 27491, 27819, 28655, 28995]
