[*] Computing DDT
[+] DDT Computed
DDT took 23.501395s
Iter#1 New set #1 of size 40 (1.0 its/hit = 0.000s/hit): seed=13983345395651017340 [514, 1372, 1792, 2048, 3363, 3606, 3810, 3817, 5461, 5856, 6851, 7089, 9494, 9958, 12757, 14047, 14549, 14805, 14890, 15864, 16218, 18343, 20098, 20391, 20732, 22440, 23218, 26074, 26554, 28382, 29289, 29410, 29552, 30322, 30332, 30517, 32233, 32370, 32655, 32761]
Iter#4 New set #1 of size 43 (4.0 its/hit = 0.000s/hit): seed=1758799149159473306 [731, 908, 1495, 1912, 2568, 3762, 3766, 4827, 5581, 6050, 7288, 8062, 9319, 9437, 9462, 9895, 10648, 11660, 14277, 15110, 16215, 16517, 18854, 19158, 19244, 19849, 20313, 20999, 21233, 21531, 23641, 23938, 24138, 24517, 25301, 25978, 28686, 28985, 29259, 31319, 31433, 31647, 32118]
Iter#17 New set #1 of size 45 (17.0 its/hit = 0.000s/hit): seed=4429765459411052057 [36, 507, 869, 1426, 1654, 3691, 4434, 4798, 5026, 5338, 6523, 9204, 9472, 10648, 10683, 10776, 10808, 11005, 11797, 13562, 13720, 13798, 14053, 14813, 17071, 17522, 17623, 18072, 18488, 18943, 19519, 19848, 20205, 20587, 21822, 25595, 25616, 25886, 26485, 26954, 27443, 29316, 29345, 29479, 31482]
Iter#240 New set #2 of size 45 (120.0 its/hit = 0.500s/hit): seed=12671800077159305332 [203, 277, 5283, 6569, 6787, 6914, 7563, 8191, 9190, 9525, 10271, 11925, 12092, 13716, 14410, 15695, 15927, 16834, 17014, 17119, 17409, 17794, 18158, 19105, 19208, 20695, 20899, 22159, 22486, 22904, 23245, 23625, 24549, 27101, 28564, 28985, 29710, 29782, 29846, 30398, 30408, 30746, 30786, 31329, 31597]
Iter#509 New set #3 of size 45 (169.7 its/hit = 0.667s/hit): seed=13803682994068983457 [962, 1385, 1391, 2187, 2846, 4117, 4809, 5397, 6136, 6702, 7691, 7807, 9401, 9855, 10339, 11094, 13773, 14193, 14454, 15438, 15534, 16268, 16887, 16949, 17504, 17880, 18660, 20017, 20166, 20685, 20859, 22769, 22985, 23507, 24711, 25814, 25959, 26418, 27902, 28818, 29343, 31826, 32185, 32247, 32379]
Iter#653 New set #4 of size 45 (163.2 its/hit = 0.500s/hit): seed=9185532992017592282 [1102, 1975, 3855, 6254, 6592, 7093, 7270, 8550, 8942, 9045, 9487, 12802, 13777, 14560, 14600, 14633, 15171, 17918, 18030, 18332, 18381, 18520, 18994, 20004, 20306, 20332, 21274, 21735, 22930, 24064, 24379, 24692, 25241, 25666, 26308, 26376, 27046, 27106, 27655, 29129, 29132, 29705, 30642, 30973, 32614]
Iter#991 New set #5 of size 45 (198.2 its/hit = 0.800s/hit): seed=13328917666565658087 [907, 1108, 2424, 3444, 4706, 5034, 5053, 5191, 7487, 8108, 8777, 11482, 12000, 14262, 14833, 14970, 15709, 16297, 16499, 16625, 17274, 18260, 20523, 20628, 21247, 21797, 22609, 22716, 24267, 24441, 24734, 25639, 27999, 28726, 28768, 28898, 29496, 29501, 30247, 30301, 30976, 31000, 31203, 31371, 32760]
Iter#1739 New set #6 of size 45 (289.8 its/hit = 1.167s/hit): seed=15218296543606852896 [697, 1118, 2268, 2879, 4406, 5412, 6521, 6771, 7722, 9485, 9944, 10208, 10887, 12532, 13760, 13863, 14087, 14118, 14138, 16347, 17301, 17601, 18131, 21120, 21737, 22435, 22784, 23109, 24242, 24437, 24447, 24740, 24956, 25707, 26128, 26385, 26744, 26920, 28230, 29749, 30841, 31778, 31889, 32181, 32415]
Iter#1907 New set #7 of size 45 (272.4 its/hit = 1.143s/hit): seed=1170773489043283225 [53, 2477, 3080, 3538, 4162, 4193, 4232, 5235, 6604, 7005, 7112, 7453, 8023, 8292, 8881, 10404, 10487, 10500, 11017, 11075, 11168, 12481, 14463, 16852, 17164, 17631, 18709, 19129, 19335, 20753, 20828, 21213, 24010, 25063, 25116, 25167, 25669, 26915, 27398, 27518, 29123, 30447, 31147, 31188, 32557]
Iter#1920 New set #1 of size 47 (1920.0 its/hit = 8.000s/hit): seed=15560142906295511556 [464, 1932, 2633, 3256, 4823, 4945, 5085, 5137, 5528, 5626, 6160, 7791, 9904, 10458, 12234, 12490, 12531, 12935, 12953, 13288, 13589, 13677, 15401, 17749, 18121, 18788, 19406, 19538, 20735, 20852, 21725, 22387, 22547, 23645, 24903, 25022, 25190, 26090, 27151, 28030, 28159, 28460, 29584, 31150, 32419, 32552, 32614]
Iter#2118 New set #1 of size 48 (2118.0 its/hit = 9.000s/hit): seed=4933647127308420355 [2075, 2380, 2467, 3727, 4653, 4682, 5470, 6075, 6710, 7121, 7142, 7388, 7927, 8967, 9243, 9307, 10000, 10553, 10575, 11036, 11768, 12586, 13797, 14641, 16947, 17105, 17253, 17948, 18555, 18985, 19550, 20905, 21726, 22415, 22538, 22760, 22784, 23232, 23954, 24638, 25364, 27865, 28453, 29689, 30194, 30277, 30968, 31825]
Iter#3964 New set #1 of size 52 (3964.0 its/hit = 17.000s/hit): seed=18269090233692672387 [496, 1291, 2279, 2991, 3564, 3797, 3877, 3890, 3914, 4692, 5050, 5725, 5974, 6210, 6223, 6539, 7666, 8272, 8509, 9561, 10771, 13082, 13841, 14440, 15357, 15835, 16116, 16118, 16637, 16919, 17867, 17914, 18005, 18844, 18872, 19073, 19183, 19208, 19357, 21046, 21578, 21588, 21924, 22039, 22450, 23169, 23409, 24549, 24722, 26370, 28632, 31946]
Iter#43909 New set #2 of size 52 (21954.5 its/hit = 96.500s/hit): seed=7864225009994486574 [378, 650, 985, 1152, 2464, 2858, 2959, 3412, 3556, 4247, 6312, 9101, 10297, 10709, 11229, 12417, 14145, 14390, 15118, 15178, 15324, 15343, 16499, 16547, 18324, 18717, 19244, 19714, 20650, 20839, 21182, 21906, 22338, 22807, 23037, 23243, 23957, 24653, 25767, 26087, 26335, 26477, 26961, 27272, 27719, 28171, 28365, 28689, 28706, 30280, 31661, 32565]
Iter#72436 New set #3 of size 52 (24145.3 its/hit = 106.667s/hit): seed=4250110467591847731 [552, 1396, 2120, 2519, 2987, 3178, 3650, 3757, 4142, 5333, 7209, 8656, 8989, 9011, 9392, 9486, 9868, 10022, 10422, 10596, 10625, 10831, 11084, 11803, 12157, 13260, 13516, 14767, 15698, 17227, 17546, 19942, 20143, 20732, 21181, 21668, 22806, 23192, 23413, 25243, 25500, 26558, 27105, 27702, 27915, 28704, 29088, 30972, 31243, 32037, 32050, 32680]
Iter#111126 New set #1 of size 53 (111126.0 its/hit = 493.000s/hit): seed=5940432541418089676 [95, 423, 1178, 2045, 2454, 3831, 4884, 5142, 5342, 5349, 8175, 8701, 8786, 9640, 9728, 11004, 12040, 12700, 12734, 13253, 13964, 14175, 15368, 15514, 16498, 16664, 16676, 17091, 17152, 17222, 17794, 17894, 18979, 19199, 19469, 20138, 20544, 20792, 22294, 22461, 23407, 24339, 26280, 26548, 26651, 29117, 29259, 29374, 29405, 29546, 30272, 30279, 32512]
Iter#122154 New set #2 of size 53 (61077.0 its/hit = 271.500s/hit): seed=14137895824035126813 [369, 591, 1295, 1856, 1961, 2763, 3063, 3508, 4178, 5899, 6554, 6805, 6947, 7446, 8055, 8568, 9956, 11068, 11088, 12615, 13939, 13980, 14715, 15214, 15327, 17434, 18628, 18725, 19735, 21006, 21905, 22447, 22519, 23877, 24098, 24506, 24527, 25026, 25485, 25805, 26155, 26242, 26907, 27068, 28305, 29037, 29930, 30329, 31070, 31405, 31714, 32305, 32439]
Iter#380254 New set #3 of size 53 (126751.3 its/hit = 565.667s/hit): seed=3008571399978979365 [242, 531, 937, 1927, 1979, 2621, 4487, 4556, 5264, 5697, 7327, 7853, 8550, 8838, 9077, 9473, 10749, 10797, 11911, 13246, 14347, 14471, 14779, 14860, 16203, 16530, 16709, 17307, 17980, 18512, 19011, 19320, 20311, 20905, 21973, 22567, 24219, 24480, 24552, 25040, 26822, 26934, 27147, 27429, 27553, 28700, 29751, 30236, 31180, 31393, 31903, 31968, 32038]
Iter#602459 New set #4 of size 53 (150614.8 its/hit = 673.000s/hit): seed=17019318134134736440 [2339, 3134, 4051, 5904, 6586, 7207, 10047, 10435, 10682, 10981, 12476, 13725, 13746, 14923, 14945, 15109, 16005, 16339, 16365, 17434, 18397, 18470, 18684, 18749, 19325, 19401, 19639, 20017, 20123, 20410, 20515, 20685, 21550, 21786, 22300, 22411, 22502, 22803, 23742, 24711, 24924, 25896, 26894, 28446, 28852, 29096, 29791, 30734, 31461, 31481, 31904, 31909, 32379]
Iter#652548 New set #5 of size 53 (130509.6 its/hit = 583.200s/hit): seed=15893975364527938299 [523, 1037, 1150, 1287, 1653, 2979, 3166, 6360, 6677, 6915, 7032, 9215, 9295, 10150, 10257, 10530, 10757, 11024, 11049, 11078, 11612, 11799, 12119, 12684, 12894, 13176, 13334, 13639, 14909, 15920, 17165, 17385, 17829, 18404, 18939, 22535, 23013, 23778, 24408, 24520, 25066, 25190, 26332, 26582, 27171, 27276, 28084, 29429, 30706, 31188, 31347, 32057, 32217]
Iter#656757 New set #6 of size 53 (109459.5 its/hit = 489.000s/hit): seed=11972427050340523713 [1142, 1948, 2058, 3447, 3577, 4187, 4707, 5474, 5865, 6048, 6277, 6560, 6882, 7861, 8612, 8746, 8748, 8815, 9648, 9933, 11486, 12407, 15174, 15232, 15846, 15902, 15944, 16061, 16289, 16548, 17452, 17520, 18843, 19288, 20111, 21191, 21277, 21469, 21633, 21961, 22432, 23523, 23857, 24210, 25301, 26068, 27770, 28053, 28977, 29968, 30381, 32281, 32566]
Iter#727432 New set #7 of size 53 (103918.9 its/hit = 464.286s/hit): seed=1736491300830016377 [461, 1121, 1434, 2053, 2097, 2535, 3681, 4007, 5365, 5432, 5800, 6310, 7484, 8904, 9146, 9201, 9684, 9760, 11189, 12761, 12838, 13218, 13502, 15132, 15365, 16006, 17978, 18059, 18246, 18523, 18825, 19618, 19964, 20407, 21038, 21070, 21118, 21427, 22168, 22176, 22430, 22847, 25222, 25290, 25582, 25914, 26478, 27293, 28047, 28107, 28485, 28995, 29001]
Iter#826106 New set #8 of size 53 (103263.2 its/hit = 461.375s/hit): seed=17479982700976708172 [250, 751, 1586, 1915, 2683, 2704, 2748, 2834, 3133, 3162, 4809, 5478, 5826, 5842, 6322, 6460, 7225, 7567, 7632, 8414, 9462, 9867, 10774, 10806, 11268, 11504, 13378, 15364, 15929, 16576, 16733, 17030, 18561, 19410, 19719, 20589, 21226, 21532, 21563, 22018, 22625, 23345, 23811, 23824, 24799, 26793, 26813, 28935, 29960, 30094, 30517, 32512, 32706]
Iter#1134676 New set #9 of size 53 (126075.1 its/hit = 563.444s/hit): seed=3196978909959569102 [461, 1383, 1907, 3467, 4201, 4267, 4369, 4710, 4870, 4998, 5857, 6254, 7039, 7733, 9783, 10076, 10343, 10608, 11109, 11220, 11332, 11431, 11778, 13080, 13589, 14563, 14697, 15716, 15748, 16517, 17782, 18827, 18879, 18928, 20142, 20410, 21192, 21220, 21329, 21969, 22469, 22981, 23989, 24246, 26313, 28332, 28825, 29201, 30050, 30266, 31309, 31720, 32182]
Iter#1180464 New set #10 of size 53 (118046.4 its/hit = 527.700s/hit): seed=1101256125307575504 [682, 905, 1421, 1568, 1919, 4115, 6734, 6922, 7096, 7627, 8175, 10891, 11017, 11053, 11490, 11533, 12673, 13449, 13542, 13859, 16476, 17833, 18046, 18608, 18781, 19013, 19036, 19311, 19691, 20033, 20112, 20258, 20455, 20468, 20488, 20880, 20913, 21079, 22145, 22496, 22535, 25501, 25558, 25838, 26042, 26045, 26954, 30096, 30818, 30940, 31432, 31489, 31527]
Iter#3012102 New set #20 of size 53 (150605.1 its/hit = 672.400s/hit): seed=5307522026842276698 [652, 707, 722, 803, 1145, 1656, 1882, 2281, 2810, 3701, 3825, 3887, 4821, 5111, 6371, 6942, 6989, 7104, 7322, 7905, 8121, 8756, 9413, 10973, 11262, 12175, 12739, 13251, 13755, 14316, 14634, 14635, 16688, 16876, 18405, 19927, 19978, 20505, 21477, 22113, 22141, 22736, 22903, 24089, 25110, 25562, 26018, 26179, 27342, 27617, 28704, 30747, 32648]
