[*] Computing DDT
[+] DDT Computed
DDT took 96.863009271s
Iter#1 New set #1 of size 40 (1.0 its/hit = 0.000s/hit): seed=15461905753664298752 [276, 3589, 8020, 11289, 11786, 14751, 15727, 16325, 16728, 19493, 21914, 22223, 23663, 26485, 28726, 30197, 34393, 35375, 35695, 40991, 43381, 47395, 48591, 48776, 49336, 49421, 50729, 50796, 51260, 52162, 52300, 56402, 57115, 58295, 59852, 60169, 60336, 60973, 64046, 64523]
Iter#2 New set #1 of size 41 (2.0 its/hit = 0.000s/hit): seed=7002021957282419567 [3567, 3795, 5874, 7185, 8909, 10342, 11418, 12236, 16484, 16593, 16628, 17049, 17799, 26720, 28522, 29387, 30345, 31058, 31654, 35227, 38095, 38747, 39323, 40948, 44854, 45300, 45974, 46930, 46993, 47625, 47915, 48137, 50053, 51149, 52631, 53580, 55452, 58414, 60393, 61374, 64502]
Iter#10 New set #1 of size 43 (10.0 its/hit = 0.000s/hit): seed=10242601865777450473 [2, 572, 3293, 6874, 7113, 9537, 9664, 10848, 12386, 13623, 13887, 22157, 26235, 27854, 30990, 31595, 32063, 32346, 33662, 33871, 35030, 36456, 36568, 37074, 40202, 40270, 42318, 43725, 44447, 46421, 46911, 48646, 48960, 50809, 51962, 54015, 55218, 55932, 56718, 57922, 60500, 61630, 62130]
Iter#61 New set #1 of size 44 (61.0 its/hit = 0.000s/hit): seed=41065157745693868 [915, 1334, 1369, 4757, 6355, 7071, 7232, 7342, 8093, 10644, 10997, 12707, 16456, 16732, 17010, 20225, 23886, 26625, 27036, 27204, 27888, 27953, 32817, 34136, 35434, 39420, 39564, 45127, 45436, 46030, 46206, 47157, 47246, 47892, 49642, 49770, 50571, 51060, 52281, 55794, 57853, 59861, 60469, 61398]
Iter#110 New set #2 of size 44 (55.0 its/hit = 0.500s/hit): seed=14688203597389002951 [189, 3004, 3192, 4298, 4338, 5619, 5973, 5995, 6670, 8301, 8846, 10458, 12888, 13273, 13757, 14520, 16024, 16948, 17145, 17284, 17886, 22113, 23187, 23730, 28728, 28769, 29435, 31870, 32178, 32529, 34629, 42182, 42225, 46566, 49688, 55250, 55594, 55929, 58086, 58441, 61282, 63447, 64196, 64256]
Iter#145 New set #3 of size 44 (48.3 its/hit = 0.667s/hit): seed=17378116038475640896 [1498, 5551, 9083, 10249, 11075, 14490, 16523, 18301, 21092, 21510, 23159, 25049, 25204, 25588, 25784, 26186, 26345, 28789, 29254, 30665, 30947, 33661, 34505, 37541, 39513, 40257, 40614, 43647, 43797, 44111, 44439, 44891, 45806, 47061, 48439, 52640, 56957, 57129, 58105, 59479, 61275, 63283, 64518, 65171]
Iter#185 New set #1 of size 45 (185.0 its/hit = 2.000s/hit): seed=920377022933510967 [3509, 3566, 4962, 5014, 5599, 6701, 8630, 9281, 9708, 10262, 12136, 12183, 12719, 16170, 16402, 19233, 22690, 22868, 23304, 23330, 24159, 24646, 27491, 28220, 30195, 31247, 34108, 37644, 39559, 43059, 43307, 45749, 47317, 47623, 49293, 49671, 49778, 50479, 51998, 52322, 56895, 61396, 61588, 61994, 62195]
Iter#245 New set #1 of size 46 (245.0 its/hit = 3.000s/hit): seed=1430806440765061133 [460, 2064, 3926, 4389, 4964, 5642, 6424, 7912, 8566, 10555, 11282, 12970, 14501, 14576, 15053, 15851, 18796, 19976, 21505, 25070, 29007, 32842, 37547, 39380, 43131, 43408, 44795, 44899, 45485, 45821, 50746, 50851, 51747, 52638, 53717, 53965, 56535, 57316, 57569, 57599, 58081, 58430, 60473, 60504, 60600, 61243]
Iter#430 New set #1 of size 51 (430.0 its/hit = 6.000s/hit): seed=5420386207499719571 [243, 263, 2680, 5103, 5251, 5929, 7838, 8667, 8990, 11633, 12924, 13060, 15631, 17512, 19473, 20125, 20434, 23275, 25147, 25456, 25947, 27382, 29423, 29711, 30856, 31283, 32319, 33285, 34646, 38742, 40570, 45227, 45661, 45999, 46230, 46592, 48124, 48126, 50219, 51764, 54306, 56326, 59328, 60361, 60501, 61227, 61566, 61640, 62253, 63058, 63209]
Iter#8341 New set #1 of size 69 (8341.0 its/hit = 135.000s/hit): seed=2488500245405494663 [1644, 1711, 2490, 4577, 4780, 4826, 4976, 4990, 5796, 10386, 12538, 12592, 12955, 13163, 13939, 14107, 14135, 14558, 16233, 17541, 17591, 18052, 18871, 19008, 25828, 26553, 27362, 27938, 28651, 30207, 32765, 35053, 36002, 36439, 37274, 37374, 38122, 38583, 39743, 40611, 42025, 42279, 42511, 43185, 44351, 44651, 46019, 47406, 48561, 48730, 49989, 50481, 51524, 51642, 52604, 53415, 57320, 57966, 58286, 61308, 61750, 61776, 61804, 62612, 63176, 63915, 64487, 64800, 64811]
Iter#326163 New set #2 of size 69 (163081.5 its/hit = 2663.500s/hit): seed=13756940651144245637 [170, 2279, 2486, 2733, 3098, 4361, 4782, 4898, 5810, 6346, 6699, 6982, 7204, 8179, 9479, 9844, 10470, 12617, 13202, 13573, 13600, 15099, 16548, 17121, 18276, 18818, 20603, 22435, 24774, 25344, 27196, 27400, 27614, 28449, 28598, 30205, 30515, 30570, 31532, 33773, 34553, 34689, 35176, 35238, 35496, 38623, 40415, 41385, 42657, 45435, 45760, 46894, 48427, 49762, 51515, 52896, 55239, 55372, 56059, 56344, 57106, 58534, 59217, 60220, 63975, 64081, 64898, 64930, 65438]
Iter#346442 New set #1 of size 74 (346442.0 its/hit = 5658.000s/hit): seed=12003968669510215771 [1581, 2177, 2654, 3434, 4268, 5539, 5977, 8440, 9397, 9469, 9689, 12013, 12964, 14333, 14594, 15166, 15775, 17359, 19332, 20032, 21933, 23937, 25644, 26502, 26838, 26870, 29352, 29586, 30671, 33054, 33672, 33924, 33989, 34137, 34652, 35480, 36221, 36819, 37184, 38218, 38685, 40238, 40407, 40415, 41052, 42326, 43687, 43825, 44594, 45197, 45330, 45755, 45925, 46373, 46791, 48364, 49563, 50690, 51287, 52370, 53997, 54250, 56459, 56750, 57022, 58414, 60283, 60524, 61511, 61851, 62064, 62995, 63578, 63925]
Iter#752607 New set #2 of size 74 (376303.5 its/hit = 6155.500s/hit): seed=1019557081969018484 [3438, 4731, 4913, 5717, 6447, 6558, 6821, 7323, 9078, 10528, 10835, 10853, 11134, 12361, 13849, 15462, 16329, 16374, 16848, 17778, 18047, 20143, 20155, 20529, 21198, 21323, 21711, 21981, 22576, 22647, 23035, 23111, 27574, 27844, 27880, 27995, 28336, 29043, 33361, 35085, 35183, 37521, 39071, 39590, 40046, 41324, 42277, 42525, 43559, 45700, 46079, 48702, 49402, 49454, 50513, 50720, 50768, 51058, 51840, 55256, 55405, 55451, 55602, 56212, 56924, 57129, 57468, 61181, 61679, 62660, 63330, 63468, 64111, 65504]
Iter#764292 New set #1 of size 88 (764292.0 its/hit = 12502.000s/hit): seed=11074050975666901519 [646, 1588, 2018, 2585, 4169, 4806, 5875, 6089, 7207, 8044, 8426, 9252, 9275, 9646, 10178, 11289, 13294, 13440, 13445, 13532, 18216, 19417, 19478, 20160, 21208, 21250, 22905, 24371, 24633, 26697, 26703, 26910, 26963, 27036, 29112, 29240, 31948, 32533, 33008, 33503, 33848, 34313, 34838, 36467, 37068, 38531, 38644, 40823, 41138, 41811, 42340, 42807, 46298, 46439, 46549, 46673, 46693, 48217, 49619, 50855, 51234, 51331, 51454, 51553, 51602, 51767, 51924, 52150, 52242, 52394, 52708, 52760, 53070, 53077, 53571, 54381, 54504, 55652, 59426, 60432, 60465, 61151, 61692, 62745, 63004, 63744, 64341, 65223]
Iter#2335824 New set #1 of size 93 (2335824.0 its/hit = 38294.000s/hit): seed=10651210877244507141 [282, 845, 935, 1024, 1584, 3029, 3036, 3489, 5539, 6356, 6537, 6956, 8551, 10610, 10715, 11144, 12028, 12106, 12553, 12770, 15330, 16332, 17204, 17330, 17766, 18496, 18895, 20148, 20759, 22224, 22687, 23025, 23630, 24329, 24683, 27160, 27368, 28632, 31887, 31993, 32794, 33886, 34635, 34663, 34734, 34957, 38263, 38414, 39005, 39120, 39861, 40154, 40969, 41306, 42045, 42084, 42767, 43059, 43978, 45519, 46556, 47851, 49147, 49674, 49933, 49956, 51440, 51782, 52202, 53128, 53785, 54146, 54640, 55157, 55698, 56039, 56411, 56472, 58040, 58860, 59261, 59895, 60429, 60761, 60856, 61367, 62096, 62522, 63458, 63649, 63880, 63990, 65207]
