[*] Computing DDT
[+] DDT Computed
DDT took 96.088017026s
Iter#1 New set #1 of size 40 (1.0 its/hit = 0.000s/hit): seed=4516346153805682783 [1325, 2385, 5320, 5478, 8691, 9558, 10766, 11501, 11943, 18395, 19016, 20341, 20561, 21627, 22724, 25479, 26969, 27184, 27517, 30565, 36525, 38151, 39110, 40100, 41010, 43357, 44162, 45402, 52786, 53480, 53895, 55626, 55632, 55870, 56191, 56839, 57157, 64054, 64772, 65041]
Iter#2 New set #1 of size 42 (2.0 its/hit = 0.000s/hit): seed=11001577234321392310 [196, 2563, 2801, 4161, 4652, 6414, 6780, 8471, 8524, 8940, 9173, 9657, 11566, 12791, 15707, 17736, 18825, 20889, 21382, 21489, 23898, 24828, 25195, 27996, 29796, 32410, 38435, 40797, 42725, 43319, 43895, 44969, 45878, 46603, 50811, 54629, 56350, 56715, 58954, 60998, 61541, 62951]
Iter#13 New set #2 of size 42 (6.5 its/hit = 0.000s/hit): seed=506905625187271983 [6142, 8222, 9503, 10465, 11072, 13851, 13868, 14234, 14915, 16497, 18523, 18774, 21515, 23015, 25360, 29252, 31694, 32757, 32899, 33653, 34628, 34723, 38230, 38855, 38908, 41974, 42289, 43113, 43622, 44308, 45169, 46815, 50808, 52412, 52710, 55094, 55487, 55700, 56355, 60353, 61618, 64496]
Iter#20 New set #1 of size 43 (20.0 its/hit = 0.000s/hit): seed=13074637626204235851 [495, 2837, 6244, 7042, 7628, 10259, 14380, 15736, 18752, 20288, 21542, 24755, 26001, 26957, 30063, 30101, 30295, 31317, 33431, 36394, 39156, 39595, 41445, 41726, 41813, 42925, 43540, 43567, 46696, 46829, 47015, 50837, 52943, 54913, 55210, 55768, 57281, 57750, 60565, 60653, 61510, 64353, 64843]
Iter#24 New set #2 of size 43 (12.0 its/hit = 0.000s/hit): seed=9510647814721297420 [11, 3366, 6367, 7417, 10326, 12192, 13716, 14927, 15652, 16215, 16317, 16837, 17807, 18298, 18739, 22102, 22443, 26017, 27159, 27316, 27413, 27857, 29838, 30172, 30228, 33342, 36928, 38360, 38494, 38808, 39687, 40276, 43034, 44335, 45474, 45978, 48087, 52908, 54859, 59526, 60986, 64793, 65171]
Iter#46 New set #1 of size 45 (46.0 its/hit = 0.000s/hit): seed=4347345921833810092 [386, 492, 2461, 4196, 5164, 5600, 7440, 7524, 10416, 13237, 14168, 14354, 15047, 16492, 17231, 17749, 20930, 21277, 22325, 23733, 24336, 26562, 26809, 27644, 27842, 27865, 29217, 29326, 31328, 31352, 35146, 37153, 39727, 41101, 41199, 41804, 43455, 47815, 51143, 53281, 58242, 60778, 62210, 62799, 64007]
Iter#821 New set #1 of size 52 (821.0 its/hit = 9.000s/hit): seed=13280487958634788059 [0, 302, 375, 1565, 1654, 3252, 3757, 4804, 5081, 6462, 8618, 10195, 11280, 11550, 19290, 19611, 19676, 21092, 21394, 22070, 22316, 22589, 22852, 24139, 24748, 26289, 29761, 30036, 30514, 31139, 36507, 37539, 38391, 39770, 42399, 43281, 44609, 44908, 46870, 47816, 50195, 52917, 52953, 53239, 54999, 55390, 55469, 56959, 58074, 62131, 65113, 65326]
Iter#3054 New set #1 of size 55 (3054.0 its/hit = 36.000s/hit): seed=5133252752582113900 [0, 119, 1573, 5041, 8046, 8776, 9142, 9893, 9927, 9938, 10495, 11099, 11960, 13013, 13304, 13676, 17355, 18792, 20678, 20872, 21823, 22243, 23879, 25172, 25222, 25253, 25828, 28677, 28983, 31623, 32203, 34558, 37188, 38988, 39189, 41660, 42312, 42491, 43968, 46424, 47844, 49039, 50525, 53853, 55935, 56199, 56795, 57124, 57260, 59299, 60563, 61732, 62618, 63315, 64876]
Iter#28918 New set #1 of size 91 (28918.0 its/hit = 343.000s/hit): seed=6269314597737704342 [0, 262, 359, 715, 1811, 4042, 4061, 4420, 4438, 7669, 8685, 8962, 9000, 10929, 11487, 12831, 12855, 12879, 12972, 13105, 13259, 13545, 13660, 14404, 15811, 16139, 16697, 17376, 17642, 18347, 18901, 19003, 20369, 21682, 22083, 22269, 23325, 23911, 24929, 27637, 30439, 30766, 31461, 31578, 31882, 31994, 32511, 34982, 35100, 35684, 37119, 37806, 39316, 40112, 42273, 42843, 42929, 43153, 43918, 44139, 44807, 46708, 46985, 47936, 49178, 49503, 49860, 52324, 52827, 52977, 53309, 54047, 54144, 54794, 57638, 57803, 58054, 59090, 59513, 60753, 61938, 62049, 62319, 63350, 63512, 64178, 64699, 64723, 64750, 64977, 65531]
Iter#9906700 New set #2 of size 91 (4953350.0 its/hit = 80880.500s/hit): seed=11656331655198213017 [0, 28, 1180, 4581, 4940, 5489, 6096, 6185, 6197, 6299, 8357, 9114, 9190, 10669, 11688, 11810, 12871, 12882, 15640, 16431, 16852, 17560, 17744, 17919, 21397, 21483, 21739, 24293, 25042, 25586, 25642, 25958, 26569, 27368, 28238, 28810, 29565, 30314, 30792, 31593, 31632, 32003, 32020, 33215, 33631, 34071, 34565, 34778, 34877, 35172, 35760, 36212, 36283, 39384, 39996, 40094, 40803, 42006, 42283, 43125, 43361, 45047, 46061, 48433, 48701, 50032, 50371, 51296, 52131, 54065, 54309, 54625, 55383, 55460, 55796, 55836, 56364, 56991, 57019, 58159, 58753, 58878, 59912, 60148, 60410, 60501, 61828, 62592, 62859, 63780, 63982]
