[*] Computing DDT
[+] DDT Computed
DDT took 97.791042077s
Iter#1 New set #1 of size 40 (1.0 its/hit = 0.000s/hit): seed=120513736809822307 [4721, 5067, 5946, 6984, 12883, 14664, 15880, 16211, 16248, 17505, 23156, 25044, 26085, 26438, 26589, 27498, 29011, 30073, 32704, 33677, 34022, 34940, 34956, 35181, 35975, 39044, 41951, 42204, 42379, 44704, 48530, 48894, 51825, 52153, 53550, 53613, 55752, 58249, 61131, 63110]
Iter#2 New set #2 of size 40 (1.0 its/hit = 0.000s/hit): seed=411079760089840431 [382, 1336, 4716, 5421, 8189, 9990, 12042, 12093, 12547, 12712, 14390, 14412, 14568, 14758, 17017, 20522, 21942, 22650, 24428, 25312, 28929, 30831, 31612, 34388, 39862, 39988, 40711, 40729, 42607, 44586, 46448, 46763, 50443, 50510, 53589, 55362, 59452, 61520, 62232, 62757]
Iter#3 New set #1 of size 41 (3.0 its/hit = 0.000s/hit): seed=14612509910926923321 [10470, 15167, 15483, 18215, 19250, 19706, 19711, 20116, 22517, 24291, 26308, 26477, 26672, 27745, 28426, 29239, 30586, 30729, 31067, 31642, 31870, 33389, 39800, 40802, 40872, 42443, 43934, 44640, 44777, 45056, 49686, 52083, 52383, 53366, 53665, 60523, 60587, 60633, 61942, 62282, 64326]
Iter#7 New set #2 of size 41 (3.5 its/hit = 0.000s/hit): seed=14945369801878672353 [177, 1089, 1374, 2261, 2660, 4340, 5650, 7829, 9528, 9879, 12345, 12976, 13366, 13671, 14118, 16096, 19510, 20048, 21521, 22524, 23340, 27903, 31845, 32480, 37346, 38515, 47785, 47971, 48400, 48542, 49321, 49561, 49655, 52889, 53844, 54855, 59972, 60340, 62222, 62624, 63181]
Iter#12 New set #1 of size 42 (12.0 its/hit = 0.000s/hit): seed=3253017524407350730 [818, 2168, 3023, 3121, 4611, 5904, 7874, 9922, 10499, 12588, 12637, 12750, 13995, 14071, 16832, 17184, 17390, 20317, 20845, 21463, 23451, 26965, 30793, 31245, 34147, 35656, 37894, 40003, 40727, 43436, 45387, 46780, 47704, 49407, 50390, 51973, 53124, 55667, 57612, 57811, 60205, 64859]
Iter#17 New set #2 of size 42 (8.5 its/hit = 0.000s/hit): seed=18182243636754432335 [1270, 2416, 2683, 3195, 3466, 4013, 9132, 10117, 10350, 11665, 13973, 14013, 15180, 24736, 26462, 27399, 28117, 28575, 29600, 31668, 32984, 33822, 34806, 35086, 38092, 44760, 46150, 47957, 49756, 49794, 49921, 50905, 51777, 53062, 53092, 53220, 55412, 55431, 57391, 59587, 62457, 64460]
Iter#22 New set #3 of size 42 (7.3 its/hit = 0.000s/hit): seed=524315587929065019 [7319, 8149, 13620, 14907, 15496, 20603, 20791, 20824, 20831, 22289, 22973, 23066, 24067, 25276, 25407, 25960, 26311, 26493, 26510, 27215, 27624, 28768, 28777, 30649, 30964, 31019, 33179, 35195, 38470, 38582, 43074, 44649, 44724, 46499, 47606, 48134, 50894, 52411, 61323, 61819, 64237, 65351]
Iter#31 New set #4 of size 42 (7.8 its/hit = 0.000s/hit): seed=4585580793877420321 [54, 933, 1720, 4624, 8001, 9448, 9731, 10100, 10369, 10655, 10783, 11242, 11321, 11431, 11454, 15070, 17521, 18113, 22432, 22640, 23540, 24764, 27568, 32342, 32713, 37518, 37697, 38979, 39395, 39579, 39581, 44547, 47975, 48140, 50375, 52313, 52904, 54423, 58538, 62232, 63054, 63616]
Iter#39 New set #5 of size 42 (7.8 its/hit = 0.000s/hit): seed=3203868841370988923 [334, 376, 1532, 2089, 3231, 5249, 5306, 5981, 6371, 8467, 14613, 15542, 19435, 19869, 22978, 25295, 25330, 26010, 31789, 35437, 35620, 36747, 37465, 39313, 41657, 42109, 43349, 45710, 48215, 48224, 49375, 49603, 53983, 54385, 56746, 57363, 58070, 59719, 61957, 63334, 64924, 65356]
Iter#46 New set #6 of size 42 (7.7 its/hit = 0.000s/hit): seed=3767027844352207386 [2063, 5095, 6423, 11093, 13986, 20687, 24353, 25905, 29030, 31253, 31977, 34829, 35761, 35995, 37425, 37492, 38873, 40498, 41516, 42683, 43045, 43053, 43347, 45286, 45317, 45954, 47497, 47529, 47962, 48156, 49096, 49925, 53254, 54671, 56938, 57693, 57697, 58481, 59420, 60984, 63001, 65088]
Iter#68 New set #7 of size 42 (9.7 its/hit = 0.143s/hit): seed=15782370543155380361 [184, 2102, 2246, 7986, 8565, 11994, 12074, 12861, 13278, 13548, 13631, 14614, 17320, 17420, 18153, 20599, 20914, 21067, 22473, 31208, 33027, 34755, 35386, 36421, 38269, 38745, 40661, 43384, 44130, 44947, 48994, 49166, 49816, 50982, 51082, 53452, 53724, 55705, 56283, 57019, 61980, 63588]
Iter#76 New set #8 of size 42 (9.5 its/hit = 0.125s/hit): seed=16627110136629790919 [2972, 3784, 3786, 7772, 10453, 13913, 14102, 17150, 17297, 19097, 19892, 20096, 21269, 21434, 24803, 29807, 30239, 32137, 33638, 34520, 36001, 36809, 37556, 44134, 45294, 45371, 45403, 45983, 46143, 46638, 47374, 48287, 54993, 56013, 56210, 57561, 58917, 59712, 62928, 64561, 64624, 64925]
Iter#94 New set #9 of size 42 (10.4 its/hit = 0.111s/hit): seed=16795954682726797345 [2393, 3145, 5117, 6650, 7351, 11176, 13122, 13216, 14231, 15182, 17114, 18020, 23449, 25699, 26537, 27284, 28460, 30616, 33321, 34547, 34750, 36027, 38359, 42669, 45770, 45779, 47222, 48419, 49799, 51754, 52263, 54385, 55105, 56015, 56182, 57309, 59195, 61016, 63502, 63829, 64448, 64880]
Iter#101 New set #10 of size 42 (10.1 its/hit = 0.100s/hit): seed=7236177903633458051 [1333, 4832, 6499, 17111, 18443, 20097, 21281, 22410, 22513, 24155, 25903, 26984, 27832, 27848, 28725, 30929, 31775, 34857, 35094, 35659, 39926, 43017, 44345, 44952, 46657, 46949, 47434, 47585, 48056, 48731, 49533, 50622, 51073, 54180, 54318, 55406, 57013, 60948, 62983, 63127, 63490, 64080]
Iter#121 New set #1 of size 43 (121.0 its/hit = 1.000s/hit): seed=8825558661715209494 [1591, 1775, 3113, 3205, 4645, 5784, 7877, 8916, 9738, 11804, 12719, 18660, 21889, 22098, 22623, 23005, 24225, 25075, 25533, 25965, 26072, 26871, 26984, 28118, 34045, 36192, 41808, 42481, 43150, 44534, 45282, 48713, 49409, 49680, 50668, 50828, 50998, 54225, 54587, 59891, 60834, 63263, 63574]
Iter#145 New set #2 of size 43 (72.5 its/hit = 1.000s/hit): seed=4386454615661707089 [266, 2720, 2972, 7306, 9037, 11701, 12485, 13079, 14521, 14655, 14740, 17520, 20990, 21397, 21736, 23419, 24746, 27887, 27955, 28053, 28063, 29562, 30898, 31287, 33266, 33607, 38864, 40953, 42901, 45602, 46050, 46553, 47953, 50434, 51047, 52668, 52713, 57037, 57361, 61397, 62322, 62372, 65381]
Iter#171 New set #1 of size 44 (171.0 its/hit = 2.000s/hit): seed=1126915543019811140 [1797, 3164, 3937, 4681, 4996, 9153, 10558, 11797, 13506, 14653, 15226, 16119, 17782, 18012, 22150, 22851, 25576, 25876, 26261, 27171, 27270, 31148, 32611, 37746, 39035, 39544, 41782, 48424, 49487, 50917, 51844, 51922, 55709, 56670, 56730, 57112, 57583, 58537, 59692, 62857, 63048, 64239, 65052, 65201]
Iter#215 New set #2 of size 44 (107.5 its/hit = 1.500s/hit): seed=5001911337606913500 [842, 3882, 8880, 9040, 9181, 11145, 15732, 17744, 19946, 20629, 24632, 25498, 27460, 31734, 31853, 31854, 31985, 32501, 33092, 33392, 35109, 35341, 36912, 37560, 39446, 41667, 42094, 42797, 45003, 48245, 49120, 49224, 50401, 52084, 55124, 55126, 55704, 56568, 57366, 58557, 59030, 60385, 64042, 64160]
Iter#312 New set #3 of size 44 (104.0 its/hit = 1.667s/hit): seed=16993293259433879932 [1075, 1108, 3708, 4093, 4522, 5175, 7230, 8075, 12792, 13031, 14876, 14934, 16819, 17201, 18759, 19408, 20684, 21001, 21201, 22396, 22952, 24417, 25419, 25558, 27832, 29436, 32495, 38647, 39421, 39672, 41093, 43922, 46882, 48174, 48577, 49540, 54266, 56870, 60641, 60921, 61796, 62115, 62636, 63137]
Iter#566 New set #4 of size 44 (141.5 its/hit = 2.250s/hit): seed=17901590200392381919 [319, 562, 1807, 2318, 7422, 7504, 13766, 15836, 16846, 18447, 18631, 18746, 18758, 19904, 21074, 27658, 27865, 27963, 28252, 28814, 31388, 32483, 32572, 33898, 34565, 35036, 38337, 38934, 40006, 41035, 41440, 42202, 43797, 44205, 45713, 52516, 54236, 55410, 56947, 59636, 60329, 62421, 64337, 65260]
Iter#823 New set #1 of size 45 (823.0 its/hit = 13.000s/hit): seed=3573258752826284794 [51, 1167, 3368, 3712, 4825, 9977, 10069, 12420, 13109, 15778, 16151, 16402, 18125, 20354, 25280, 29768, 29804, 29927, 31522, 33372, 34786, 35802, 38167, 39956, 40719, 41362, 41713, 42089, 44229, 44629, 46106, 46641, 48191, 50897, 51346, 53602, 55208, 55838, 56343, 58643, 60731, 61000, 61668, 62481, 63375]
Iter#1312 New set #2 of size 45 (656.0 its/hit = 10.500s/hit): seed=11240444889379308663 [414, 2383, 3174, 5958, 6387, 6424, 6675, 9028, 10166, 15199, 15493, 15738, 16220, 17312, 19592, 20442, 20757, 21229, 24084, 25877, 27994, 29371, 29611, 30628, 31898, 32304, 32401, 37352, 37716, 38707, 39710, 39945, 43992, 46486, 46583, 47708, 47923, 48007, 50166, 54435, 54890, 57624, 62429, 64413, 65170]
Iter#10976 New set #3 of size 45 (3658.7 its/hit = 59.333s/hit): seed=9779049624173152455 [1937, 2238, 4847, 5925, 10521, 10711, 11311, 15334, 15735, 18931, 18965, 22125, 23707, 24623, 26822, 30659, 32412, 32580, 34019, 34431, 35460, 36389, 37339, 37853, 40745, 41437, 42767, 42940, 45095, 45236, 46545, 46772, 48176, 49606, 50234, 51125, 54393, 54512, 56909, 58154, 58638, 63400, 63773, 64207, 64516]
Iter#15368 New set #4 of size 45 (3842.0 its/hit = 62.500s/hit): seed=15673195805367067457 [152, 2072, 2421, 3690, 4820, 5292, 5788, 5851, 5888, 9886, 11675, 13891, 15266, 15403, 15755, 19330, 19477, 21977, 22869, 27499, 27746, 27777, 30220, 31226, 35024, 36655, 38947, 39150, 41317, 43487, 45645, 46766, 47564, 48229, 48875, 49447, 49482, 50323, 50604, 54548, 55684, 57064, 57795, 61542, 64392]
Iter#16009 New set #5 of size 45 (3201.8 its/hit = 52.000s/hit): seed=6160789898871720464 [1587, 2346, 3710, 4216, 5571, 6238, 6697, 9594, 9604, 10391, 10855, 14595, 16513, 17578, 17741, 18642, 19347, 20297, 23275, 24338, 29453, 30014, 36088, 36398, 37470, 37917, 38229, 38481, 41325, 42682, 44724, 45673, 46212, 47077, 49573, 51925, 52822, 54274, 55023, 55896, 55948, 57266, 59127, 59306, 63934]
Iter#17226 New set #6 of size 45 (2871.0 its/hit = 46.667s/hit): seed=15537143881397480756 [2395, 3471, 4692, 10301, 10466, 10533, 10649, 11642, 13649, 15871, 17193, 22051, 22367, 23835, 24141, 24356, 24685, 24811, 26658, 28962, 29437, 30323, 36051, 38632, 38984, 39693, 40139, 42502, 44858, 47216, 51152, 51474, 53181, 54701, 55139, 56644, 57013, 59996, 60141, 63345, 63705, 64176, 64211, 64575, 65261]
Iter#18280 New set #7 of size 45 (2611.4 its/hit = 42.429s/hit): seed=15975260334633763643 [543, 644, 996, 5709, 6381, 11044, 11250, 11538, 13118, 15883, 16761, 19024, 20166, 20701, 21770, 22910, 23070, 25743, 28842, 28991, 31130, 31158, 31304, 32887, 37548, 38771, 39597, 43310, 43366, 43839, 44583, 47866, 49211, 50577, 51678, 53120, 53481, 56535, 59099, 59502, 60921, 61909, 61952, 65415, 65449]
Iter#19122 New set #8 of size 45 (2390.2 its/hit = 38.875s/hit): seed=5051103215503675977 [1637, 2363, 3280, 3646, 4598, 5557, 5838, 6888, 10046, 10105, 11418, 15088, 16605, 16647, 19126, 22609, 23317, 25528, 28185, 29840, 30382, 30660, 31447, 34607, 34975, 36149, 36277, 38404, 40881, 42788, 42928, 46204, 48902, 49631, 49667, 49992, 53044, 56417, 58902, 59510, 59826, 61440, 62926, 63534, 65166]
Iter#25085 New set #1 of size 46 (25085.0 its/hit = 408.000s/hit): seed=10312986554912692625 [1093, 2730, 4375, 4632, 7354, 8975, 9063, 9121, 9943, 10385, 12783, 15135, 16734, 17455, 21588, 21896, 22637, 23397, 24218, 24496, 25045, 25526, 27219, 27879, 30296, 33225, 35733, 37589, 37731, 40280, 41139, 42303, 42774, 42915, 46473, 49135, 51600, 54558, 55298, 55886, 56998, 59860, 62125, 62311, 62378, 63598]
Iter#57058 New set #2 of size 46 (28529.0 its/hit = 466.500s/hit): seed=14521323573260954180 [555, 716, 3858, 4313, 4740, 6019, 8706, 9306, 9553, 11587, 15166, 15560, 16709, 19018, 21156, 22877, 23656, 24103, 25728, 25901, 26913, 27036, 27257, 27821, 28494, 29599, 32960, 34684, 36475, 37785, 38614, 38822, 39114, 41301, 43375, 43677, 48236, 48976, 52681, 54870, 55183, 56534, 57736, 60629, 63005, 65197]
Iter#92543 New set #3 of size 46 (30847.7 its/hit = 504.667s/hit): seed=7473956563456721697 [805, 2434, 4427, 6087, 6902, 8180, 9743, 9847, 10058, 10106, 11894, 12106, 14897, 15982, 16540, 16974, 17303, 17919, 19058, 20644, 20770, 21758, 22549, 25775, 28933, 30626, 31476, 32251, 33769, 36100, 38278, 39992, 40241, 41161, 42509, 42528, 44187, 44212, 46710, 47927, 48647, 51797, 53013, 54612, 57795, 60222]
Iter#128692 New set #4 of size 46 (32173.0 its/hit = 528.500s/hit): seed=2145109357157430082 [1508, 7167, 8752, 8886, 10514, 12209, 14448, 15668, 16864, 17373, 18408, 18520, 22208, 24161, 25499, 25750, 28490, 28760, 29504, 29975, 32716, 32824, 34197, 34535, 35044, 35652, 36443, 37332, 39409, 41735, 41865, 43819, 44850, 49635, 50055, 52366, 53775, 56285, 56310, 58058, 58747, 59141, 63706, 63764, 64605, 64619]
Iter#128823 New set #5 of size 46 (25764.6 its/hit = 423.200s/hit): seed=1981485473844497736 [7023, 7496, 9654, 9753, 10405, 10984, 12099, 12147, 12344, 13538, 15026, 16027, 16640, 18181, 19823, 20055, 24524, 32230, 33087, 35627, 39235, 40266, 40463, 44321, 45180, 47848, 48638, 50589, 50701, 52445, 54845, 55223, 55255, 55363, 55365, 55717, 55994, 57417, 58477, 59331, 60790, 60797, 61095, 61546, 64981, 65338]
Iter#140744 New set #6 of size 46 (23457.3 its/hit = 386.000s/hit): seed=17534817966871438280 [585, 755, 1023, 3917, 5592, 8249, 8766, 9076, 10532, 11805, 12580, 12616, 15624, 16360, 16587, 19240, 19418, 20173, 20493, 20834, 22643, 23463, 27272, 34439, 35116, 37918, 38638, 39026, 40521, 40541, 41735, 42016, 44358, 44475, 47197, 47860, 48412, 51069, 54448, 56245, 60143, 61966, 62196, 63290, 64390, 65342]
Iter#149342 New set #7 of size 46 (21334.6 its/hit = 351.571s/hit): seed=5584595960338856453 [4620, 5911, 6602, 9631, 11586, 13325, 15761, 15886, 16673, 17332, 20003, 20774, 26023, 29216, 30676, 31105, 33625, 34177, 36359, 38701, 39676, 39847, 39938, 40502, 41237, 41493, 41680, 42051, 42213, 44286, 46437, 49237, 49881, 50303, 52112, 52914, 53529, 53715, 54581, 54858, 55296, 56437, 58591, 60025, 60649, 65326]
Iter#155302 New set #8 of size 46 (19412.8 its/hit = 320.125s/hit): seed=8352509837382796325 [1301, 2660, 3038, 3762, 7643, 8495, 10160, 10615, 10922, 12460, 15839, 16931, 17010, 17526, 17985, 19693, 21576, 25761, 28503, 30514, 32053, 32284, 33465, 35851, 36605, 37138, 37958, 38892, 39302, 41480, 41901, 44389, 47249, 47351, 47480, 48778, 49594, 50519, 55823, 56347, 57772, 60463, 60826, 63155, 63614, 65215]
Iter#227707 New set #9 of size 46 (25300.8 its/hit = 419.667s/hit): seed=17017500076157620441 [1354, 4644, 12047, 14753, 16829, 17088, 18027, 18433, 18602, 22629, 24397, 24437, 25997, 31102, 31585, 32255, 33091, 33146, 33490, 33805, 33890, 34701, 35176, 35651, 35892, 36658, 36833, 38453, 39527, 40268, 40500, 41397, 41613, 41817, 48836, 49991, 51551, 51681, 53090, 56290, 58812, 59029, 61053, 62644, 63735, 63768]
Iter#240196 New set #10 of size 46 (24019.6 its/hit = 398.800s/hit): seed=15350859639843730596 [620, 968, 1957, 2819, 5326, 5918, 8837, 15940, 16337, 16459, 16863, 17937, 18432, 18629, 22271, 22790, 23414, 23561, 24766, 27179, 27957, 29792, 31573, 33644, 35077, 35418, 36058, 36067, 36995, 38552, 42295, 45427, 46072, 46445, 52490, 53131, 53718, 54832, 55495, 55627, 55648, 58349, 60550, 60650, 61655, 64612]
Iter#574310 New set #20 of size 46 (28715.5 its/hit = 476.800s/hit): seed=10398216580620093184 [877, 946, 2674, 6759, 7189, 12298, 15216, 16182, 16735, 18497, 19040, 20364, 22159, 22315, 22318, 22691, 25080, 26927, 27371, 29101, 31699, 31825, 33487, 33925, 35137, 35367, 36364, 36693, 38393, 38437, 40229, 40320, 46521, 49653, 53124, 53948, 55939, 58251, 59372, 59569, 59792, 60220, 63510, 64359, 64884, 64903]
Iter#714524 New set #1 of size 47 (714524.0 its/hit = 11837.000s/hit): seed=11888059205576911866 [2161, 2581, 2846, 3095, 3160, 3489, 3856, 6993, 7135, 7873, 9568, 9631, 10645, 13355, 14126, 15152, 19756, 21416, 25447, 27729, 28782, 29757, 31045, 32097, 32539, 34682, 34853, 35030, 42925, 43027, 46116, 46194, 46649, 47478, 51076, 51083, 53063, 53190, 53990, 57778, 59480, 60188, 60458, 60626, 62180, 62207, 63555]
Iter#724451 New set #2 of size 47 (362225.5 its/hit = 6001.500s/hit): seed=16384647857381045730 [3730, 5590, 5807, 6196, 6787, 10577, 13144, 14007, 14490, 15376, 15650, 18375, 18670, 21422, 21658, 22417, 22585, 23680, 23938, 24614, 25760, 26188, 27287, 30746, 31025, 31638, 31953, 34065, 36624, 40980, 41034, 43556, 43767, 45070, 47320, 48471, 53392, 53401, 54943, 55228, 56278, 58062, 59364, 59420, 60056, 61123, 64157]
