[*] Computing DDT
[+] DDT Computed
DDT took 96.876586672s
Iter#1 New set #1 of size 41 (1.0 its/hit = 0.000s/hit): seed=3883015592748032586 [795, 3484, 8346, 9940, 11922, 13400, 16200, 18169, 24744, 24956, 26263, 28711, 30331, 31020, 31192, 33291, 35113, 35569, 36176, 36561, 37481, 37563, 38747, 38908, 41077, 41742, 43406, 43757, 45874, 46236, 49687, 52594, 52685, 56023, 56215, 59690, 61876, 63062, 64119, 64801, 64951]
Iter#3 New set #2 of size 41 (1.5 its/hit = 0.000s/hit): seed=13856019678280623363 [1179, 1874, 1906, 2135, 2287, 3159, 5742, 6243, 7436, 8493, 9499, 10837, 15188, 15342, 16287, 17219, 18310, 18414, 21735, 22028, 25483, 27126, 29047, 34716, 35610, 35994, 39825, 40300, 44122, 44420, 47646, 49818, 53270, 53360, 59115, 59438, 59865, 60410, 60966, 61533, 64639]
Iter#6 New set #3 of size 41 (2.0 its/hit = 0.000s/hit): seed=1829218748487997862 [2634, 3365, 4976, 6404, 6740, 9006, 13957, 16690, 17860, 17926, 18553, 18593, 19122, 21648, 22773, 24727, 27934, 30383, 32051, 36472, 39213, 39870, 40525, 41818, 42169, 43405, 45002, 45289, 45693, 50900, 51589, 51729, 52038, 54667, 57160, 58617, 58949, 60392, 60652, 62094, 62710]
Iter#8 New set #4 of size 41 (2.0 its/hit = 0.000s/hit): seed=11712626633695009028 [413, 850, 2383, 6427, 6781, 8466, 8482, 8798, 8872, 8878, 9142, 10057, 10291, 12407, 16409, 18896, 20642, 21977, 22808, 23252, 25367, 26815, 27524, 29773, 31402, 35472, 36409, 42052, 42589, 43844, 47290, 49250, 53190, 54102, 55193, 58143, 59605, 61196, 63932, 65178, 65196]
Iter#9 New set #1 of size 42 (9.0 its/hit = 0.000s/hit): seed=16542088211836919655 [2783, 3735, 9802, 11296, 12031, 14903, 17865, 18177, 18481, 22132, 22649, 23839, 23865, 27559, 27753, 28169, 29599, 30023, 33683, 38971, 40604, 41980, 43465, 44068, 44480, 48646, 49000, 50031, 50977, 52393, 52602, 54272, 56936, 57365, 57428, 59743, 60700, 62072, 63472, 63788, 64426, 64507]
Iter#19 New set #2 of size 42 (9.5 its/hit = 0.000s/hit): seed=16805305336207336712 [3350, 3843, 4876, 7570, 8829, 10803, 11864, 15130, 15564, 15619, 18090, 21398, 22687, 23211, 25240, 26806, 27119, 27141, 29790, 30099, 31363, 33098, 35842, 37512, 42150, 43660, 45382, 46412, 47916, 48401, 51683, 51915, 53191, 53646, 55158, 56928, 57922, 59215, 60358, 60755, 61785, 64359]
Iter#20 New set #3 of size 42 (6.7 its/hit = 0.000s/hit): seed=10115328870217516473 [234, 783, 939, 7909, 8131, 8816, 9318, 9832, 10271, 10582, 10843, 14386, 16132, 16650, 16911, 23278, 23683, 23703, 24476, 26377, 30874, 32367, 34601, 36100, 36814, 38033, 39911, 43026, 43069, 44386, 51271, 52113, 53245, 53542, 56099, 57336, 58752, 59749, 59813, 62230, 63461, 64090]
Iter#21 New set #4 of size 42 (5.2 its/hit = 0.000s/hit): seed=15780487047926289583 [1354, 6485, 9992, 12324, 14315, 14427, 15643, 16639, 20997, 21113, 21629, 23399, 28524, 31078, 32480, 33716, 34255, 34968, 35430, 35879, 36256, 37479, 38839, 39102, 42132, 44310, 45071, 45733, 47233, 48006, 48376, 49233, 50090, 51432, 53286, 53416, 54639, 55085, 58017, 58780, 60284, 63106]
Iter#32 New set #5 of size 42 (6.4 its/hit = 0.000s/hit): seed=17723481384888215865 [1557, 1977, 3095, 6740, 7339, 7791, 9299, 10169, 11447, 12829, 13119, 15249, 16156, 20162, 21144, 21168, 24033, 25638, 26938, 27527, 28702, 32579, 35529, 36070, 36161, 36305, 36377, 37274, 37845, 38243, 44053, 44552, 44865, 46471, 48100, 52190, 53281, 55138, 57039, 59058, 61070, 64727]
Iter#50 New set #1 of size 43 (50.0 its/hit = 0.000s/hit): seed=15735493880631630002 [4053, 4059, 4324, 5077, 8468, 8580, 8616, 10096, 11314, 14896, 16526, 16559, 20458, 23140, 24174, 25717, 26004, 30155, 30828, 32913, 34128, 37184, 37648, 38499, 38500, 40831, 42398, 44318, 45916, 49574, 50426, 51569, 52114, 53313, 53408, 53607, 54149, 55731, 59056, 59218, 60369, 60723, 63968]
Iter#106 New set #2 of size 43 (53.0 its/hit = 0.500s/hit): seed=13180473555757410751 [3240, 6761, 8937, 9697, 12800, 17930, 21254, 22789, 24346, 24657, 25145, 25454, 25883, 30232, 30802, 31180, 32258, 32676, 34931, 36668, 39548, 40490, 41996, 42186, 43463, 44676, 46475, 46785, 47789, 48682, 48686, 50008, 51177, 51562, 53376, 54483, 54799, 54947, 59164, 60134, 62994, 64371, 65305]
Iter#122 New set #3 of size 43 (40.7 its/hit = 0.333s/hit): seed=11624317752196308642 [885, 1085, 2960, 6552, 7028, 8848, 9494, 10429, 10436, 11303, 12117, 13407, 13562, 16254, 17092, 18184, 21279, 21281, 22249, 26936, 27468, 27798, 28550, 29082, 30904, 31770, 31841, 32340, 33256, 43049, 44506, 45834, 49333, 49555, 51021, 52066, 53232, 53576, 54966, 55293, 57199, 57591, 57601]
Iter#126 New set #4 of size 43 (31.5 its/hit = 0.500s/hit): seed=13152973408948214885 [744, 1317, 1700, 1956, 2988, 5099, 7845, 8243, 8930, 9234, 9503, 12634, 13942, 17129, 17921, 18480, 23947, 24572, 24758, 27621, 28611, 28911, 36231, 37009, 37258, 37259, 37469, 41514, 41723, 42372, 43633, 46592, 49281, 50092, 52222, 54927, 56538, 56631, 60305, 60915, 61480, 63174, 65014]
Iter#150 New set #1 of size 45 (150.0 its/hit = 2.000s/hit): seed=16852498418918578720 [4270, 4473, 4933, 6312, 14583, 16233, 16462, 21750, 22669, 24707, 25108, 26804, 28641, 28848, 29411, 29682, 31290, 33909, 34903, 36816, 37936, 39224, 39309, 39402, 40168, 40551, 44285, 45413, 47371, 49574, 51543, 51742, 51822, 52477, 53871, 56878, 60009, 60781, 62148, 62949, 62950, 63950, 64138, 64946, 65242]
Iter#158 New set #2 of size 45 (79.0 its/hit = 1.000s/hit): seed=14028919685800701931 [907, 1998, 3892, 6052, 12514, 12805, 15342, 17078, 17109, 17737, 22063, 22472, 25793, 26308, 28096, 29235, 31356, 35715, 35794, 36022, 36437, 37325, 38731, 39478, 42682, 43095, 44161, 46634, 46662, 46724, 46764, 46792, 49559, 49745, 50263, 52121, 54912, 56640, 58119, 58424, 59646, 60819, 61521, 62957, 64154]
Iter#2863 New set #3 of size 45 (954.3 its/hit = 15.000s/hit): seed=9496370818885927639 [311, 1729, 2092, 4136, 5982, 9464, 9966, 11533, 12699, 14436, 14828, 16227, 19481, 19572, 26558, 27754, 28727, 29283, 29612, 29824, 31518, 31802, 33076, 34542, 34655, 38505, 39237, 39987, 41464, 42355, 43281, 48046, 48696, 49720, 50197, 50445, 52746, 52866, 55920, 56584, 59769, 62000, 62166, 64183, 64901]
Iter#4727 New set #1 of size 49 (4727.0 its/hit = 75.000s/hit): seed=5906856387744141454 [0, 289, 2084, 2494, 2643, 3398, 3984, 10493, 11228, 15651, 16162, 17156, 18601, 19341, 21557, 25564, 26548, 27724, 28825, 29270, 30725, 32881, 33718, 34327, 35405, 39947, 40302, 41089, 41131, 41409, 41548, 42984, 43285, 44487, 44778, 45462, 48466, 49244, 49423, 49892, 51259, 51262, 56284, 58053, 59217, 60958, 61247, 61301, 61440]
Iter#4811 New set #1 of size 52 (4811.0 its/hit = 77.000s/hit): seed=13164273169472938660 [0, 1920, 3050, 3198, 6238, 8821, 8907, 9770, 9934, 12497, 13937, 14361, 15611, 16016, 17489, 18090, 18479, 19534, 20171, 20511, 21217, 22505, 23019, 23541, 24912, 25697, 26320, 27236, 27384, 27801, 28404, 32294, 34606, 35906, 36389, 38252, 39350, 41540, 43367, 43415, 43762, 45144, 46922, 47667, 52862, 53894, 57507, 57553, 58425, 60343, 61683, 64431]
Iter#20894 New set #2 of size 52 (10447.0 its/hit = 167.500s/hit): seed=8475462740375584433 [0, 76, 2612, 3770, 4297, 5260, 6870, 7690, 7795, 8506, 8759, 9882, 10293, 15012, 16639, 18180, 20609, 21619, 22217, 24951, 25107, 28735, 30235, 31006, 33090, 34290, 35938, 36252, 37474, 37682, 39174, 39428, 40740, 40759, 41120, 41590, 42013, 44172, 44376, 44517, 47639, 47703, 48127, 48384, 50758, 53238, 55944, 56499, 58244, 58312, 62594, 62655]
Iter#28420 New set #3 of size 52 (9473.3 its/hit = 152.333s/hit): seed=822250800128717585 [0, 352, 438, 2258, 2398, 2404, 2719, 2832, 5270, 11010, 11223, 11266, 13465, 15484, 16020, 16887, 18541, 19279, 20859, 22184, 24835, 25525, 25530, 26717, 26789, 29866, 30154, 30212, 32846, 33768, 38332, 39446, 40269, 41963, 42641, 43705, 43816, 44687, 45575, 48580, 49044, 49363, 51969, 52160, 52278, 52605, 57727, 60238, 60369, 62787, 63487, 64864]
Iter#31409 New set #4 of size 52 (7852.2 its/hit = 126.250s/hit): seed=1960540305018654139 [0, 131, 1802, 4527, 4902, 5610, 6855, 7341, 8036, 12427, 12978, 13012, 13790, 16631, 17073, 17986, 20429, 20572, 23345, 23857, 24021, 28090, 28147, 28949, 29253, 30275, 33138, 34122, 34300, 37085, 38618, 39097, 39181, 39310, 39363, 41014, 41229, 42174, 47123, 47592, 48126, 49928, 51429, 52082, 52478, 52669, 53539, 54798, 56984, 58073, 58538, 65133]
