[*] Computing DDT
[+] DDT Computed
DDT took 95.365142043s
Iter#1 New set #1 of size 39 (1.0 its/hit = 0.000s/hit): seed=7120797175150925575 [1669, 3414, 4493, 6066, 6602, 7533, 7667, 9020, 9115, 10121, 10143, 10347, 10631, 12396, 13604, 14531, 15845, 18926, 21712, 21766, 21869, 22554, 23147, 24317, 27071, 27407, 28695, 31872, 32967, 33944, 39454, 45147, 49915, 52578, 56850, 60214, 63273, 63274, 64886]
Iter#2 New set #1 of size 40 (2.0 its/hit = 0.000s/hit): seed=14582133189963318628 [309, 1541, 3341, 6769, 8963, 12150, 12918, 13214, 13477, 19130, 19887, 21031, 22680, 25867, 26812, 28785, 30288, 30679, 31437, 33962, 36889, 37011, 39108, 39560, 39669, 40496, 41003, 41935, 46711, 50668, 52072, 52845, 52889, 55424, 58193, 58689, 59505, 59587, 60649, 62095]
Iter#3 New set #1 of size 43 (3.0 its/hit = 0.000s/hit): seed=15533318342848632385 [515, 1145, 1734, 1842, 1851, 1945, 2857, 2965, 4453, 6444, 7392, 9833, 14195, 18042, 19077, 28695, 29349, 29561, 30641, 31074, 31112, 36216, 37678, 41121, 41369, 42485, 45698, 46993, 48773, 49483, 49904, 51932, 54185, 55608, 55891, 56084, 60026, 61902, 62989, 62990, 63603, 64415, 65003]
Iter#35 New set #2 of size 43 (17.5 its/hit = 0.000s/hit): seed=12593389660389530600 [185, 335, 1798, 5150, 5514, 10554, 11192, 12145, 12350, 15229, 16891, 19050, 20149, 22297, 22812, 23605, 23780, 27275, 28126, 29140, 30604, 31373, 32061, 34300, 35616, 35780, 35901, 36626, 37817, 38017, 43505, 44785, 47768, 49634, 53452, 54649, 55887, 56454, 59728, 60823, 61909, 62929, 65173]
Iter#42 New set #3 of size 43 (14.0 its/hit = 0.000s/hit): seed=6626911784384951246 [1182, 2134, 2216, 3011, 4387, 4571, 11635, 12059, 12280, 12805, 13942, 17167, 20775, 21228, 21930, 25613, 25740, 27076, 28073, 28958, 30560, 32043, 32092, 32358, 32667, 33891, 35667, 36305, 36737, 37662, 39644, 43269, 43321, 49490, 49814, 50172, 57023, 58483, 59094, 60154, 60217, 63220, 64957]
Iter#45 New set #4 of size 43 (11.2 its/hit = 0.000s/hit): seed=18392562649829176606 [1693, 2323, 2889, 3917, 5966, 10153, 12205, 12621, 15441, 15756, 16046, 21370, 21376, 22098, 29803, 30606, 30902, 32738, 33239, 35572, 39016, 39019, 40099, 42077, 44389, 44886, 47074, 47850, 48980, 49118, 49443, 50763, 53213, 54206, 54598, 55247, 56201, 56928, 58637, 60156, 60421, 60554, 64550]
Iter#54 New set #5 of size 43 (10.8 its/hit = 0.000s/hit): seed=6074166037614907797 [203, 611, 853, 2935, 3418, 4156, 6668, 8064, 12908, 14314, 19412, 20677, 22215, 22346, 27344, 31390, 32081, 33396, 34169, 35792, 36353, 36614, 37042, 40701, 41142, 43306, 44924, 45018, 45455, 46112, 46411, 47305, 47647, 53492, 56275, 57543, 57706, 59050, 59960, 64311, 64793, 65461, 65509]
Iter#70 New set #6 of size 43 (11.7 its/hit = 0.000s/hit): seed=9314886275046946179 [1138, 1787, 2015, 2310, 3564, 3611, 9953, 10667, 10984, 11138, 11379, 14119, 16332, 16801, 17166, 17172, 19300, 21460, 23626, 26252, 28310, 29203, 31027, 31919, 34970, 36417, 38530, 38586, 39166, 42375, 43639, 44408, 45640, 45854, 48416, 49615, 49893, 50707, 52234, 54553, 55435, 56313, 63705]
Iter#94 New set #7 of size 43 (13.4 its/hit = 0.143s/hit): seed=4096005604717114503 [1508, 3249, 6517, 8126, 8856, 9267, 9454, 9675, 11111, 12460, 13880, 20301, 20504, 20679, 22772, 24004, 24384, 24974, 25892, 26453, 26502, 27026, 27342, 28385, 30005, 37991, 39468, 40914, 42130, 42408, 43984, 46741, 48411, 49691, 51454, 52322, 53879, 54857, 62402, 62455, 63662, 63863, 64436]
Iter#102 New set #8 of size 43 (12.8 its/hit = 0.125s/hit): seed=16497102139542346942 [5924, 9206, 10649, 11205, 11249, 12166, 18563, 19197, 20128, 20850, 21539, 26880, 28233, 28274, 28376, 28459, 29878, 34314, 37145, 38713, 38907, 39521, 40875, 41107, 42101, 42211, 45662, 45711, 47346, 48175, 50021, 50371, 50452, 50458, 51620, 52310, 55851, 56628, 57342, 61361, 62364, 62663, 64305]
Iter#135 New set #9 of size 43 (15.0 its/hit = 0.111s/hit): seed=11917481976751550375 [501, 5690, 5744, 6326, 6691, 8909, 10255, 11877, 15989, 16132, 18182, 21291, 23022, 23271, 27325, 32063, 32749, 33166, 34780, 36183, 36609, 36649, 37425, 40236, 43008, 43192, 44663, 45192, 46085, 48000, 49426, 51042, 51449, 51876, 53291, 54334, 54862, 57351, 57408, 60787, 61441, 62032, 64192]
Iter#144 New set #10 of size 43 (14.4 its/hit = 0.100s/hit): seed=12482569134790218117 [341, 2359, 2954, 6357, 7735, 7875, 7951, 8466, 15919, 17107, 18255, 18291, 20210, 23762, 23903, 24750, 25214, 25315, 26000, 26307, 26644, 30649, 30691, 30993, 35272, 36205, 37511, 38780, 40123, 43117, 43464, 45296, 47014, 48902, 51483, 51543, 53803, 54383, 54447, 55806, 57524, 57791, 57992]
Iter#493 New set #20 of size 43 (24.6 its/hit = 0.250s/hit): seed=15919877152812818789 [899, 1522, 4646, 5250, 6631, 9045, 9279, 9620, 11724, 13124, 17149, 18315, 19842, 21677, 22216, 23696, 24212, 27104, 27543, 34027, 34426, 34463, 35639, 35989, 37604, 40008, 41804, 42903, 43596, 44582, 44837, 45087, 45120, 47801, 51395, 52985, 53349, 54252, 59344, 60868, 62546, 63022, 64246]
Iter#497 New set #1 of size 44 (497.0 its/hit = 5.000s/hit): seed=9591931968445973477 [242, 935, 11965, 12873, 13350, 17062, 19549, 19820, 20557, 20998, 22469, 22588, 23915, 25328, 26465, 27026, 28834, 30509, 30715, 30856, 31468, 33630, 33971, 34803, 40917, 42880, 44161, 46177, 49425, 49572, 49753, 52395, 52554, 52731, 52739, 54196, 54876, 55198, 56602, 59312, 60488, 62109, 62728, 63815]
Iter#696 New set #2 of size 44 (348.0 its/hit = 4.000s/hit): seed=17595745370681929927 [2932, 3250, 3798, 4255, 7239, 9214, 9404, 10224, 14179, 14598, 15740, 16052, 16160, 19305, 20919, 21646, 21663, 21917, 22097, 23131, 26179, 28215, 28674, 28718, 30130, 32444, 33886, 38448, 39832, 40295, 42527, 44350, 45525, 46875, 48277, 52302, 52688, 53999, 54181, 55235, 55303, 60163, 62162, 62367]
Iter#1556 New set #3 of size 44 (518.7 its/hit = 6.000s/hit): seed=16454152848655775271 [681, 1027, 3457, 3579, 4352, 9965, 10568, 11812, 13813, 14030, 18512, 19146, 20457, 20662, 21562, 21809, 22011, 22195, 22991, 24584, 27134, 29915, 34063, 34177, 35043, 36130, 38129, 38883, 40442, 40643, 43613, 46836, 47636, 49443, 50700, 52667, 53167, 54732, 55200, 57427, 57526, 60498, 63447, 64682]
Iter#1854 New set #4 of size 44 (463.5 its/hit = 5.250s/hit): seed=7492723284480153533 [1122, 7348, 10446, 10536, 11999, 12755, 13218, 13639, 14329, 20397, 20465, 21616, 22902, 23915, 26797, 26817, 27290, 29101, 29146, 33236, 33604, 34941, 35168, 36049, 36864, 37037, 38954, 39018, 40437, 44788, 45003, 46170, 46404, 48118, 48457, 48641, 53495, 54599, 54912, 60725, 60988, 62151, 63174, 64110]
Iter#2096 New set #5 of size 44 (419.2 its/hit = 4.800s/hit): seed=2598713416235479527 [1005, 1035, 1135, 3381, 5043, 7749, 8159, 11639, 12049, 13481, 13682, 13825, 14824, 17625, 20088, 20290, 21107, 21217, 23295, 23314, 24720, 25564, 29567, 31675, 32626, 34576, 36750, 37311, 38355, 40797, 42996, 43423, 43712, 45720, 48950, 50301, 52526, 52779, 53102, 55063, 55934, 57343, 58545, 61630]
Iter#2119 New set #6 of size 44 (353.2 its/hit = 4.000s/hit): seed=7384844451292321957 [1075, 1156, 1932, 2027, 2342, 3264, 3835, 7547, 8007, 8532, 9095, 11512, 15374, 16407, 17458, 17736, 18019, 18050, 21130, 21479, 22090, 23117, 26040, 26858, 28186, 28241, 28719, 28891, 30143, 30889, 34121, 35055, 38895, 42249, 44804, 45124, 50289, 54780, 55551, 56991, 58980, 59230, 60294, 61709]
Iter#2131 New set #1 of size 46 (2131.0 its/hit = 24.000s/hit): seed=9428899725603192122 [379, 480, 1024, 2302, 2464, 6134, 9968, 12604, 14556, 15566, 16101, 19087, 19891, 19899, 20644, 21158, 21290, 23893, 26269, 27274, 32346, 33573, 34294, 35767, 37451, 39154, 41035, 41756, 42622, 45247, 46101, 47029, 48877, 48980, 49371, 50154, 50590, 54771, 56362, 58198, 58707, 59030, 59679, 61803, 62722, 63043]
Iter#2571 New set #1 of size 49 (2571.0 its/hit = 30.000s/hit): seed=7874641901698897439 [0, 41, 75, 929, 939, 1553, 1900, 3549, 3556, 3663, 3968, 4079, 6719, 9167, 10064, 10957, 11296, 12597, 12948, 15216, 16316, 18852, 19933, 20746, 20771, 23805, 24755, 25449, 26509, 29219, 30031, 35828, 36537, 36668, 37591, 38022, 40714, 41438, 42373, 42446, 43593, 44638, 45184, 45834, 46363, 51740, 59284, 60231, 60748]
Iter#7292 New set #2 of size 49 (3646.0 its/hit = 42.000s/hit): seed=6644229182563090137 [0, 1786, 2051, 5188, 5428, 10278, 11926, 11933, 12218, 12925, 13871, 14473, 14974, 15350, 16948, 18014, 24939, 26875, 27237, 27527, 27810, 30510, 31935, 33445, 35553, 40291, 41097, 41930, 43651, 46917, 49259, 49825, 50583, 51982, 52100, 52674, 53411, 53646, 54394, 55880, 56125, 57476, 57790, 57848, 59138, 62221, 64448, 64493, 65299]
Iter#9266 New set #3 of size 49 (3088.7 its/hit = 35.667s/hit): seed=3024643852213697569 [0, 499, 965, 1172, 2460, 3449, 7593, 8358, 8533, 9040, 10821, 11472, 11627, 12053, 14290, 15338, 17171, 17623, 21303, 22202, 23014, 23196, 24246, 24916, 24936, 25145, 26966, 27557, 28953, 29661, 30093, 33502, 35531, 36555, 39979, 44443, 46115, 46322, 49761, 52764, 53020, 53040, 53913, 54694, 54994, 56120, 56235, 61119, 63883]
Iter#9338 New set #4 of size 49 (2334.5 its/hit = 27.000s/hit): seed=733707291502211067 [0, 3825, 4882, 6085, 6530, 7329, 7491, 10293, 11339, 12552, 16101, 17912, 22270, 22994, 24609, 25082, 26423, 26553, 27509, 28068, 28472, 28933, 29491, 31145, 31528, 33327, 34918, 37474, 40607, 41988, 44046, 44669, 45787, 46412, 46619, 47392, 47703, 48061, 48518, 49510, 53127, 54947, 55587, 56985, 58405, 59894, 61903, 62954, 63751]
Iter#9659 New set #1 of size 52 (9659.0 its/hit = 112.000s/hit): seed=15371414405486604327 [0, 4589, 5562, 6109, 6562, 6713, 7501, 9557, 9573, 9722, 9903, 10848, 11741, 12511, 13117, 15322, 16141, 16405, 17185, 19176, 19573, 25714, 26228, 27197, 28786, 31934, 32224, 32331, 36504, 37885, 38046, 38138, 41031, 41772, 41797, 43681, 44832, 44926, 45412, 47246, 48394, 50224, 51106, 54461, 58123, 58255, 59264, 59844, 60084, 60866, 61172, 65305]
Iter#12330 New set #2 of size 52 (6165.0 its/hit = 71.500s/hit): seed=8528291254152886397 [0, 244, 1794, 5648, 7403, 8135, 9319, 11579, 11639, 12446, 12716, 16406, 17189, 18079, 20973, 21271, 21525, 23010, 24529, 25761, 26702, 27624, 28211, 28677, 30794, 31459, 32108, 32658, 34695, 34785, 34848, 36622, 37361, 37477, 37603, 38143, 38435, 40725, 42267, 44568, 45208, 46424, 48988, 49040, 49064, 50525, 54132, 54534, 54890, 57479, 59392, 64598]
Iter#13288 New set #3 of size 52 (4429.3 its/hit = 51.333s/hit): seed=3899610630376685771 [0, 662, 1893, 2842, 3857, 4601, 9086, 10761, 11716, 12693, 14636, 15567, 15741, 19582, 22420, 22495, 23320, 23749, 23882, 24817, 28849, 30140, 33261, 33985, 35081, 35486, 35705, 36884, 39360, 40671, 41111, 41961, 42189, 44280, 44703, 46035, 47136, 47806, 48965, 49982, 50069, 50499, 51875, 58416, 59595, 62678, 63454, 63588, 63755, 64018, 64242, 65221]
Iter#19336 New set #4 of size 52 (4834.0 its/hit = 56.250s/hit): seed=5757037750074754216 [0, 2646, 2698, 3331, 4170, 4647, 7411, 8647, 9586, 9685, 10038, 11269, 12127, 14963, 18748, 19201, 20569, 20745, 26557, 28139, 29042, 29804, 31145, 31670, 33797, 34561, 34686, 34918, 35078, 35707, 36231, 38708, 40489, 42060, 42064, 42878, 43697, 44895, 45546, 47963, 50566, 53218, 54033, 54505, 55128, 55539, 58092, 60784, 61643, 61903, 62809, 63796]
Iter#25025 New set #5 of size 52 (5005.0 its/hit = 58.000s/hit): seed=12533634979446003634 [0, 1261, 1636, 1658, 2763, 7334, 9760, 10500, 11170, 11304, 11936, 13443, 14084, 15357, 17670, 18930, 21780, 22931, 23671, 26619, 26868, 26926, 27150, 29199, 29492, 29514, 32164, 32749, 35836, 36230, 37520, 39371, 41108, 42065, 45263, 45343, 46086, 46571, 47564, 48928, 51826, 51846, 52246, 53444, 55012, 56254, 56840, 57171, 57209, 61236, 64962, 65124]
Iter#27351 New set #1 of size 55 (27351.0 its/hit = 317.000s/hit): seed=2555655172104641473 [0, 3102, 4642, 4980, 5067, 6106, 6792, 10170, 11324, 11484, 12003, 12953, 13518, 13935, 14379, 15334, 15656, 15790, 16995, 18500, 24003, 24815, 26088, 27206, 27290, 30296, 30796, 31453, 32391, 36458, 36606, 37741, 37774, 38270, 38339, 42430, 42508, 43216, 50513, 52374, 52690, 53518, 54898, 58552, 58649, 58838, 59605, 59655, 60228, 61302, 62045, 63014, 64174, 64445, 64852]
Iter#29659 New set #2 of size 55 (14829.5 its/hit = 172.000s/hit): seed=6826254877260276091 [0, 71, 1543, 3184, 5163, 10473, 10652, 12477, 13531, 16365, 17662, 18063, 18501, 23295, 24182, 25963, 26802, 26841, 28734, 28793, 28850, 30078, 30698, 32899, 34883, 37460, 37971, 40530, 40767, 41254, 42618, 46745, 47374, 48655, 49483, 50221, 50253, 51293, 51644, 53258, 53738, 54807, 54998, 55306, 56257, 57589, 57687, 58629, 59367, 59441, 60518, 61742, 62864, 63715, 64829]
Iter#35599 New set #3 of size 55 (11866.3 its/hit = 137.667s/hit): seed=5243419542054726905 [0, 390, 5801, 5954, 6791, 8065, 8409, 8542, 10043, 16799, 19704, 20107, 20546, 22305, 24137, 24527, 24855, 24902, 24929, 25062, 26520, 26989, 28312, 30654, 31001, 33573, 34313, 35179, 35778, 36546, 37442, 38960, 40077, 40100, 40112, 45699, 45852, 46664, 47868, 51218, 52122, 53766, 53909, 54208, 55214, 55593, 56547, 59738, 60185, 61284, 62715, 62980, 63144, 64603, 64977]
Iter#43332 New set #4 of size 55 (10833.0 its/hit = 126.250s/hit): seed=5437202229041697004 [0, 310, 393, 4911, 7955, 9145, 10191, 11823, 12380, 14277, 15028, 17395, 19367, 20470, 21304, 21631, 22084, 22406, 23769, 24105, 25046, 25699, 25772, 26010, 26541, 27427, 27752, 27954, 31600, 32385, 32520, 33077, 34176, 35892, 36783, 38212, 40189, 41081, 42553, 43038, 44240, 45778, 47092, 48232, 48364, 49467, 51156, 56617, 57571, 57776, 58508, 60140, 60397, 61396, 62201]
Iter#53735 New set #5 of size 55 (10747.0 its/hit = 126.600s/hit): seed=3604650953743065239 [0, 2808, 5680, 7368, 8051, 13958, 15576, 16015, 18689, 18745, 19436, 19442, 20628, 21953, 24000, 25486, 26477, 27362, 30334, 30469, 30519, 33354, 34856, 35750, 37019, 37908, 40277, 40985, 42033, 44420, 44702, 45268, 48116, 49142, 49831, 50138, 50841, 51171, 51181, 51443, 51509, 51622, 51963, 52116, 52571, 52746, 54854, 57962, 61471, 62157, 62629, 62747, 64056, 64309, 64351]
Iter#99452 New set #6 of size 55 (16575.3 its/hit = 196.000s/hit): seed=17465437905255946976 [0, 1141, 2920, 4373, 5561, 6382, 7323, 9094, 9139, 11003, 12387, 13069, 15741, 15913, 17975, 18603, 18700, 21355, 21855, 25667, 26072, 27324, 28336, 33318, 33774, 33818, 34023, 38386, 39235, 39773, 45355, 45665, 47856, 48091, 48225, 48468, 50604, 51771, 51875, 53269, 53333, 54262, 54824, 54961, 55272, 57103, 57433, 57610, 59393, 62167, 62419, 62964, 63454, 64086, 64088]
Iter#112083 New set #7 of size 55 (16011.9 its/hit = 189.143s/hit): seed=14992068651636576335 [0, 1809, 2686, 5287, 6290, 10727, 10761, 12632, 15609, 15980, 16144, 17640, 18106, 18535, 22039, 23744, 24148, 25238, 27638, 27879, 27997, 28356, 31223, 34036, 34366, 35486, 36867, 37452, 39549, 41111, 43491, 43512, 44307, 44380, 45418, 46456, 46714, 46885, 47216, 47481, 48309, 49603, 52439, 55270, 55486, 55928, 56867, 59070, 60204, 61273, 61294, 61486, 64664, 65455, 65481]
Iter#167180 New set #8 of size 55 (20897.5 its/hit = 246.625s/hit): seed=2949974410630994199 [0, 113, 1840, 6249, 7137, 7767, 9921, 10724, 10852, 10996, 11786, 11807, 12766, 13923, 14486, 14752, 15106, 17243, 19550, 19860, 20819, 22133, 22453, 22627, 23162, 23301, 23605, 24244, 24290, 24485, 24488, 24717, 25107, 26080, 29063, 29904, 31483, 37824, 39260, 40864, 42982, 44517, 46361, 50650, 51798, 52255, 52325, 52334, 52969, 53238, 54588, 58441, 60081, 60344, 65480]
Iter#204310 New set #9 of size 55 (22701.1 its/hit = 267.444s/hit): seed=9109853106332991754 [0, 2856, 3197, 3334, 4145, 4631, 5142, 8662, 8808, 9407, 13209, 16730, 16852, 17421, 20025, 20136, 21322, 21479, 22735, 22820, 23343, 23556, 25681, 26085, 26213, 29792, 30283, 33062, 34071, 34179, 37048, 38590, 39037, 39864, 41300, 41761, 41801, 42592, 43900, 45345, 45402, 46199, 47531, 48252, 48476, 50371, 51951, 54985, 55298, 56631, 57081, 62164, 63590, 64848, 65379]
Iter#226920 New set #10 of size 55 (22692.0 its/hit = 267.600s/hit): seed=2592224180634802630 [0, 1295, 1313, 2088, 2275, 3405, 3942, 4786, 5244, 5886, 6888, 7020, 8400, 8596, 11082, 13030, 13115, 14005, 15054, 15990, 17399, 17795, 19669, 19978, 21444, 22683, 22697, 22956, 23736, 24427, 25969, 31017, 32628, 34107, 35225, 35421, 35729, 35740, 36024, 36973, 39859, 40241, 40636, 43852, 46230, 47911, 51781, 52194, 53821, 54829, 56507, 58392, 62261, 63417, 64470]
Iter#594672 New set #20 of size 55 (29733.6 its/hit = 349.950s/hit): seed=2296486152674894440 [0, 3301, 4401, 4696, 6952, 7339, 9034, 9244, 13419, 14236, 15220, 17405, 20085, 20893, 21214, 21716, 22817, 24419, 24834, 26593, 29517, 30364, 31059, 31353, 31512, 31785, 32554, 35975, 40606, 41600, 42333, 42388, 44188, 44956, 45272, 46798, 48076, 48147, 48557, 49823, 49977, 50326, 50942, 51135, 53109, 54404, 54523, 56091, 56790, 59219, 60551, 61327, 61833, 64286, 65482]
Iter#847631 New set #30 of size 55 (28254.4 its/hit = 332.567s/hit): seed=5053305660745904460 [0, 330, 1442, 2740, 3842, 4119, 4764, 5557, 11289, 13269, 14015, 15874, 16617, 18697, 18898, 19379, 19889, 21049, 22831, 23041, 23514, 23727, 25249, 26191, 27838, 29500, 32552, 34363, 37710, 37913, 39222, 39552, 39707, 39906, 40821, 41172, 42086, 44056, 45099, 48983, 50585, 51675, 52921, 53497, 53683, 53956, 56987, 57460, 57497, 58792, 59654, 60401, 60783, 62968, 65356]
Iter#901034 New set #1 of size 61 (901034.0 its/hit = 10613.000s/hit): seed=14802833312606605908 [0, 3139, 6165, 7256, 8754, 9000, 9161, 9663, 10304, 10482, 12313, 13304, 16121, 16891, 17462, 18338, 25721, 25899, 26565, 27526, 28236, 28383, 29308, 32022, 32514, 32906, 33536, 34454, 34982, 35208, 36058, 36386, 37188, 38383, 38681, 39078, 39701, 40190, 41656, 41660, 41855, 42486, 42704, 43908, 43918, 44586, 47068, 48197, 48409, 50494, 50925, 53769, 56156, 56406, 58660, 59209, 59465, 60798, 60913, 61900, 62002]
Iter#1655449 New set #2 of size 61 (827724.5 its/hit = 9743.500s/hit): seed=607361262418878547 [0, 534, 791, 994, 2594, 2781, 3454, 5343, 5827, 6039, 6538, 11714, 13140, 14116, 14194, 15908, 15933, 19968, 20082, 20859, 23213, 25458, 25538, 28181, 29925, 31558, 32058, 32988, 34703, 36274, 37075, 37245, 37540, 38042, 38540, 38591, 38645, 39033, 40269, 40365, 41421, 41845, 43208, 44889, 45227, 45960, 46187, 48713, 49022, 49732, 49869, 52278, 55347, 56135, 57773, 58042, 58279, 58770, 61912, 62010, 62289]
Iter#1710598 New set #1 of size 64 (1710598.0 its/hit = 20146.000s/hit): seed=5840269961358732145 [0, 662, 6924, 7425, 7836, 9083, 10079, 10154, 10609, 11419, 11932, 12538, 15106, 15516, 15777, 17056, 17295, 19281, 20022, 20574, 21464, 22034, 22267, 24206, 24290, 26080, 28342, 30866, 32068, 32316, 34424, 34839, 35471, 35472, 36629, 37166, 37214, 37266, 38331, 41428, 42243, 42507, 42692, 44390, 46518, 49408, 49630, 52612, 53203, 57062, 57252, 57763, 59042, 60123, 60713, 61089, 61242, 61654, 61862, 62893, 63588, 63820, 64242, 64413]
Iter#2615761 New set #1 of size 67 (2615761.0 its/hit = 30876.000s/hit): seed=3662214107095148928 [0, 654, 2281, 3041, 5950, 8732, 10463, 10634, 12252, 13938, 15186, 15623, 15691, 17541, 18744, 18839, 19342, 20291, 20659, 20905, 21287, 22734, 23297, 24070, 24379, 27223, 27738, 28848, 29481, 30405, 30943, 30963, 31025, 31033, 31349, 34289, 35094, 36869, 37571, 37767, 37959, 38157, 38831, 40525, 41514, 41767, 42271, 42978, 43018, 46146, 46515, 48219, 48686, 49281, 50085, 50348, 51268, 52293, 55634, 56053, 57525, 57621, 57834, 60596, 61251, 61350, 65324]
Iter#5989055 New set #2 of size 67 (2994527.5 its/hit = 35232.500s/hit): seed=710974143185860290 [0, 1414, 1472, 3050, 4642, 5256, 5515, 5825, 6751, 7571, 9103, 9733, 12334, 13532, 14078, 14408, 14431, 14800, 15822, 20511, 20664, 22356, 23541, 27564, 28038, 29887, 30995, 31103, 32250, 34165, 34637, 35841, 36339, 36373, 39109, 41866, 42715, 42997, 43066, 43752, 45969, 45975, 46427, 46666, 47675, 47944, 48169, 49396, 50070, 51854, 53669, 54090, 56849, 57093, 57658, 58618, 58687, 59137, 60035, 61302, 62345, 62686, 62688, 62846, 62986, 63392, 64852]
Iter#6704285 New set #3 of size 67 (2234761.8 its/hit = 26290.668s/hit): seed=18175299457137327476 [0, 1337, 1755, 2095, 2545, 4038, 7339, 8239, 8922, 9275, 9503, 10211, 10873, 11017, 12541, 16787, 19054, 20085, 21214, 21346, 23825, 23858, 26752, 27124, 27165, 27599, 28529, 29420, 29459, 29920, 29944, 30827, 31951, 32042, 32621, 33931, 34721, 34875, 36084, 36769, 39114, 39856, 40658, 41844, 42894, 43906, 45831, 46333, 46611, 47849, 49122, 49203, 50680, 52330, 53472, 54843, 55080, 55180, 59113, 59169, 59349, 59978, 60799, 61567, 62830, 63123, 64296]
Iter#9173181 New set #4 of size 67 (2293295.2 its/hit = 26973.000s/hit): seed=13059624835991654199 [0, 91, 950, 2681, 2839, 4009, 4982, 6549, 8246, 8305, 9652, 9814, 10015, 11056, 11535, 11939, 12183, 13826, 14484, 15180, 16626, 17524, 18414, 26647, 26700, 26927, 27060, 28023, 28157, 29880, 30442, 31368, 31454, 32257, 32634, 32809, 32994, 34442, 35023, 38219, 40991, 44036, 45748, 47367, 47793, 48436, 51178, 52411, 53187, 53281, 54789, 54924, 56064, 56444, 56484, 57211, 57309, 57843, 58513, 58611, 59853, 61520, 61536, 61652, 63789, 64443, 65405]
Iter#10249134 New set #5 of size 67 (2049826.8 its/hit = 24101.400s/hit): seed=4101531209513541319 [0, 850, 1022, 3650, 5185, 5765, 6870, 9936, 9964, 10538, 11124, 11910, 12197, 12567, 14301, 14624, 16815, 17080, 19146, 19733, 20610, 21920, 22978, 22990, 25022, 25208, 25246, 25346, 28651, 29848, 30322, 30531, 31450, 31993, 32542, 33640, 34290, 36590, 36774, 37737, 38593, 38879, 40740, 41248, 42948, 43685, 44803, 46153, 47338, 48003, 49425, 51311, 51376, 52029, 54250, 54376, 54631, 55924, 56046, 56276, 59889, 59919, 61446, 61713, 62311, 64163, 64514]
Iter#11094959 New set #6 of size 67 (1849159.9 its/hit = 21741.168s/hit): seed=10550674403084215085 [0, 1847, 4018, 4984, 5422, 5593, 6708, 7427, 8769, 8957, 9525, 10361, 10931, 12129, 13153, 13395, 13442, 14191, 17206, 18208, 22608, 22943, 25233, 25770, 25851, 26778, 26862, 29158, 30636, 31487, 32067, 33410, 35340, 35542, 36689, 36785, 38946, 41294, 42242, 43321, 44693, 44753, 44796, 48333, 50238, 50811, 51658, 52002, 52084, 53267, 53852, 55345, 55350, 57717, 60411, 60903, 60951, 60953, 61481, 61628, 61965, 62766, 64171, 64179, 64204, 65319, 65394]
Iter#12596280 New set #7 of size 67 (1799468.6 its/hit = 21139.715s/hit): seed=17105432494760305687 [0, 3258, 3799, 4679, 6290, 7916, 9542, 9878, 9988, 10049, 10298, 12789, 12913, 16337, 19402, 20442, 22466, 22883, 23008, 23318, 23475, 23965, 24198, 25799, 26042, 26645, 26651, 27139, 27591, 27637, 31680, 33431, 34106, 35860, 36013, 36766, 37234, 38582, 39316, 39487, 39568, 41244, 41900, 42387, 42873, 43131, 43512, 43861, 44454, 45418, 45738, 47170, 48631, 49145, 50318, 51801, 52602, 54764, 55070, 56756, 59451, 61381, 61720, 62049, 62344, 64881, 65413]
Iter#12919273 New set #8 of size 67 (1614909.1 its/hit = 18969.625s/hit): seed=5263726629454575979 [0, 978, 1758, 2538, 3340, 6060, 7246, 9650, 10337, 11701, 12196, 14315, 15152, 15751, 16226, 17767, 18473, 20978, 24309, 24587, 24766, 26045, 26106, 26834, 27330, 28071, 30347, 33909, 34678, 36043, 36997, 37430, 37939, 38378, 42129, 42178, 42579, 42819, 43470, 43857, 44032, 44698, 45201, 45567, 46955, 47491, 47694, 50280, 50292, 51587, 51706, 51746, 53085, 55136, 55997, 56382, 57802, 57818, 59059, 59424, 59858, 61028, 61949, 62088, 62172, 63987, 64969]
Iter#14048785 New set #1 of size 71 (14048785.0 its/hit = 164906.000s/hit): seed=7778316242322970683 [0, 789, 1277, 1641, 1805, 2209, 3294, 4817, 5269, 5676, 5818, 7120, 7365, 7542, 9666, 14565, 15956, 18295, 18466, 19272, 20300, 21474, 23030, 24613, 25209, 25949, 26122, 26232, 27108, 28481, 29572, 30763, 31122, 31477, 31853, 32148, 32431, 32675, 32749, 33038, 35712, 36103, 37906, 40115, 41056, 42188, 42563, 42927, 44053, 45049, 45838, 45925, 46439, 46508, 46512, 47045, 47126, 47519, 47875, 49221, 50187, 50767, 51087, 51699, 53081, 53245, 55854, 59205, 59261, 61865, 64477]
