[*] Computing DDT
[+] DDT Computed
DDT took 97.753645404s
Iter#1 New set #1 of size 43 (1.0 its/hit = 0.000s/hit): seed=11197380611032614238 [5757, 6711, 7034, 7803, 8471, 9481, 9489, 9889, 12910, 13398, 14206, 15526, 17321, 17422, 19596, 25870, 26954, 29556, 29960, 32730, 32881, 36749, 37440, 38550, 41022, 41212, 41781, 41817, 42545, 44748, 44911, 45196, 46205, 47278, 52394, 52395, 53005, 54402, 54600, 60783, 61917, 62981, 64886]
Iter#33 New set #2 of size 43 (16.5 its/hit = 0.000s/hit): seed=3647899955902628907 [155, 2304, 5591, 7335, 8754, 9835, 10972, 17119, 17674, 18187, 20012, 22778, 23226, 24577, 26608, 26664, 27720, 29944, 33822, 35900, 37950, 40649, 40810, 41991, 43173, 43676, 44876, 46212, 47026, 48632, 49606, 49620, 52265, 52483, 52570, 52915, 55750, 56260, 56775, 57184, 62670, 63952, 64501]
Iter#52 New set #3 of size 43 (17.3 its/hit = 0.000s/hit): seed=9713552996434253055 [535, 1110, 1432, 1881, 2304, 2502, 4351, 11232, 14135, 14621, 15576, 16241, 17679, 20455, 22028, 28321, 31632, 32393, 33139, 35055, 36946, 37315, 37342, 38296, 42350, 44225, 49894, 50186, 50766, 52058, 52523, 53356, 54492, 54818, 56367, 57030, 58298, 60618, 61309, 61627, 63257, 63608, 64531]
Iter#68 New set #4 of size 43 (17.0 its/hit = 0.250s/hit): seed=14625585010300442420 [838, 1319, 2193, 6166, 6298, 6707, 7836, 8079, 8974, 9783, 12106, 12474, 15062, 15234, 16915, 20353, 22686, 24425, 26072, 28154, 28196, 28863, 29938, 29971, 30222, 30499, 30673, 32335, 34280, 34948, 36652, 37775, 38765, 44463, 46540, 48723, 50982, 53665, 54951, 58828, 58839, 61768, 62632]
Iter#80 New set #1 of size 44 (80.0 its/hit = 1.000s/hit): seed=615022272371819907 [912, 2945, 3868, 5946, 9407, 13653, 13861, 15216, 15505, 20202, 20722, 21221, 21412, 24134, 25133, 25415, 25996, 27058, 29147, 29642, 30452, 31315, 34061, 38587, 38884, 38899, 39984, 44525, 44633, 48284, 48359, 49854, 50498, 54220, 54977, 55160, 56144, 57151, 59112, 59183, 61593, 62172, 64223, 64691]
Iter#362 New set #2 of size 44 (181.0 its/hit = 2.500s/hit): seed=14142677613538357126 [2407, 3626, 3971, 10223, 12279, 12686, 13318, 13460, 13569, 13939, 13968, 14109, 14996, 16241, 20169, 21477, 22360, 22482, 27316, 34050, 34625, 39228, 39335, 39993, 40587, 42090, 46307, 47411, 49876, 51558, 57674, 57772, 57941, 59028, 59198, 59794, 59845, 60436, 60610, 61451, 61888, 62855, 63925, 65148]
Iter#395 New set #3 of size 44 (131.7 its/hit = 2.000s/hit): seed=7820044867345967526 [1455, 3804, 4546, 8182, 11285, 11436, 13145, 15305, 15352, 16824, 18455, 18667, 20498, 22293, 22576, 24274, 24775, 25145, 25428, 29425, 31278, 31670, 34497, 37086, 38103, 38368, 40239, 40400, 42842, 44289, 44709, 44871, 47876, 48961, 49660, 51600, 51697, 55660, 56755, 56788, 59515, 63807, 64873, 65277]
Iter#477 New set #1 of size 46 (477.0 its/hit = 7.000s/hit): seed=5034894103655839446 [1680, 7482, 7871, 7899, 7947, 8309, 8875, 10988, 11562, 11880, 14564, 16702, 17467, 17825, 17903, 19697, 21177, 21282, 23930, 26513, 29103, 29525, 30120, 30408, 30480, 30983, 32852, 34358, 39975, 40637, 44375, 44624, 45743, 46672, 53814, 54843, 55397, 57439, 57563, 58243, 59098, 59375, 61518, 61764, 63828, 64705]
Iter#926 New set #2 of size 46 (463.0 its/hit = 7.500s/hit): seed=5858514724249277415 [3835, 4312, 6007, 6079, 7179, 7614, 8948, 9277, 11638, 13050, 14658, 14837, 15905, 20758, 22504, 22836, 22886, 24420, 25154, 29201, 29628, 29866, 30074, 32758, 34846, 35176, 35852, 38002, 38911, 42073, 43018, 44149, 45530, 46080, 47242, 48076, 48480, 49805, 52244, 52270, 52425, 52963, 62372, 63577, 64207, 64401]
Iter#1296 New set #1 of size 47 (1296.0 its/hit = 21.000s/hit): seed=9140817491221471439 [4550, 5459, 7060, 10993, 13341, 13853, 13877, 15364, 15622, 16760, 17120, 24457, 25108, 25111, 25232, 25377, 25933, 26036, 27132, 29013, 32564, 32987, 33237, 34233, 34467, 34614, 35997, 37835, 41770, 44082, 45034, 46250, 47307, 47779, 48744, 48800, 49811, 52369, 53441, 57019, 57364, 57824, 59709, 59826, 60332, 61885, 63897]
Iter#2278 New set #1 of size 48 (2278.0 its/hit = 37.000s/hit): seed=7641516503544622782 [472, 1017, 6698, 6864, 10065, 10609, 13923, 14115, 16318, 16596, 17115, 19250, 21364, 21476, 21776, 23749, 24323, 26451, 26527, 28182, 28461, 29374, 33535, 35141, 35950, 36373, 37179, 38908, 39569, 41512, 42062, 43317, 43574, 44539, 45143, 46511, 46615, 46623, 47833, 49185, 52566, 53778, 54769, 58218, 58577, 59794, 60786, 63456]
Iter#4072 New set #2 of size 48 (2036.0 its/hit = 33.000s/hit): seed=11286534610660111828 [293, 989, 2475, 3005, 3469, 3863, 9457, 13004, 14925, 15731, 16081, 16948, 18719, 19108, 21499, 22430, 23816, 23895, 24781, 25391, 26128, 27105, 27457, 34730, 36775, 37990, 38606, 39957, 40472, 41803, 43347, 46241, 46482, 46588, 46649, 47247, 49067, 49109, 49315, 49961, 51526, 57026, 57075, 58974, 60245, 64225, 64360, 65370]
Iter#9475 New set #1 of size 49 (9475.0 its/hit = 155.000s/hit): seed=1202101943487747563 [2967, 6294, 8003, 10679, 11564, 12287, 13571, 13756, 14084, 15398, 16130, 16656, 18359, 20698, 25057, 27182, 27570, 27860, 28590, 29809, 30055, 30890, 31103, 31953, 34161, 35833, 36110, 36284, 38765, 40577, 45024, 45380, 45744, 47072, 47527, 47672, 49205, 50465, 52271, 53002, 55080, 55634, 60168, 61722, 63471, 63631, 64513, 64620, 64698]
Iter#14362 New set #1 of size 60 (14362.0 its/hit = 236.000s/hit): seed=9678379126056335300 [288, 1482, 1669, 2220, 4961, 5570, 8557, 8682, 8806, 10477, 12939, 13917, 14564, 15857, 17809, 18172, 18722, 20230, 22317, 22640, 23166, 25666, 26162, 27082, 27901, 28071, 30129, 32476, 32890, 33353, 34333, 35663, 36341, 37535, 38044, 39741, 40355, 40722, 43800, 44027, 45874, 45930, 45998, 47270, 48499, 48987, 49180, 50445, 53009, 53021, 53795, 54758, 55248, 55934, 58991, 59341, 59410, 59614, 60927, 63865]
Iter#65711 New set #1 of size 69 (65711.0 its/hit = 1083.000s/hit): seed=6432348965399882261 [1821, 3444, 4224, 6921, 7657, 8278, 9501, 10159, 10896, 11086, 12766, 13030, 13177, 13880, 14273, 14727, 15037, 15534, 15946, 16030, 18728, 20384, 20733, 22818, 23435, 23643, 23958, 28183, 28605, 28919, 28999, 29005, 29725, 29947, 30992, 31072, 32240, 32668, 34030, 34041, 36686, 38250, 39049, 39345, 39400, 39643, 40149, 43544, 44362, 45075, 45186, 46871, 46904, 47289, 47675, 48777, 48781, 50497, 52533, 53694, 54410, 54573, 55237, 56494, 56648, 57021, 59837, 63383, 65298]
Iter#240523 New set #1 of size 74 (240523.0 its/hit = 3515.000s/hit): seed=267202086666532066 [65, 1382, 3707, 4350, 4592, 7103, 7109, 7693, 8268, 8486, 10653, 12269, 12734, 13151, 14405, 15406, 15591, 17741, 17918, 18226, 18372, 18802, 22209, 22975, 23334, 23463, 23908, 24641, 26058, 26648, 26819, 27384, 29362, 29510, 30612, 31095, 32118, 33212, 34003, 35452, 35715, 37689, 38371, 38411, 38499, 41230, 41934, 42568, 43176, 43621, 44000, 44233, 45379, 47175, 48126, 49485, 50638, 50847, 51058, 51707, 53176, 53545, 56180, 57972, 58973, 60065, 60197, 60907, 62186, 62561, 62773, 62855, 63007, 63964]
Iter#763456 New set #1 of size 87 (763456.0 its/hit = 9790.000s/hit): seed=2237927033526494791 [3295, 3633, 3693, 4982, 5247, 5319, 8102, 8152, 8316, 8589, 8869, 10471, 11138, 11880, 13117, 13292, 13584, 14543, 15849, 16433, 17009, 17141, 17367, 17574, 18314, 18329, 18733, 18767, 19597, 20432, 21098, 21989, 23700, 24407, 24471, 25295, 25933, 26004, 27074, 27579, 27590, 27670, 28761, 28979, 29092, 30294, 32276, 35732, 38486, 40311, 40838, 41131, 41152, 41505, 42757, 42877, 42942, 43048, 43885, 44554, 45143, 45284, 46301, 46444, 46606, 47214, 47250, 49155, 49314, 49367, 51235, 52138, 53742, 54354, 54455, 54461, 56217, 56826, 57113, 57573, 57702, 58209, 59556, 60142, 61851, 62063, 64623]
Iter#1077075 New set #2 of size 87 (538537.5 its/hit = 6769.000s/hit): seed=14564758253412080521 [576, 606, 742, 2267, 2520, 2748, 3174, 3284, 4986, 5454, 5546, 5965, 6110, 6911, 7191, 7604, 8427, 9166, 9371, 9537, 11716, 12124, 12387, 12865, 13918, 14154, 14339, 15094, 19459, 20009, 21696, 22350, 24653, 25548, 25779, 25944, 26030, 26822, 26989, 28021, 28497, 28659, 29814, 31384, 31618, 32624, 33046, 33130, 35804, 36047, 39055, 39076, 39471, 40143, 41313, 41489, 42469, 43519, 43560, 43967, 46107, 46296, 46614, 47200, 47284, 47448, 50774, 51614, 52230, 52293, 52446, 52613, 52926, 54655, 54813, 55091, 55544, 56421, 56792, 58160, 58444, 59469, 59923, 62264, 63103, 65146, 65467]
