[*] Computing DDT
[+] DDT Computed
DDT took 98.350620086s
Iter#1 New set #1 of size 42 (1.0 its/hit = 0.000s/hit): seed=15569830729509346541 [1789, 1834, 1928, 2840, 5207, 6669, 9593, 13513, 14384, 15518, 15703, 17758, 19419, 20620, 21050, 25235, 28375, 29165, 30891, 33986, 35281, 36743, 37781, 39846, 40245, 40466, 41077, 42309, 47796, 47945, 50192, 50883, 53258, 53346, 53443, 55736, 55970, 56024, 60968, 61180, 63095, 64157]
Iter#5 New set #2 of size 42 (2.5 its/hit = 0.000s/hit): seed=15629976053435986301 [1264, 1862, 2133, 4025, 4084, 4743, 5801, 8738, 9287, 10894, 14411, 17317, 17685, 17968, 18771, 19243, 20340, 21270, 27901, 31008, 35357, 40841, 40887, 41734, 43055, 45017, 47780, 48031, 50298, 51600, 52218, 52623, 54683, 56913, 57869, 60621, 61825, 62163, 62164, 62998, 64963, 65443]
Iter#10 New set #3 of size 42 (3.3 its/hit = 0.000s/hit): seed=4329003178586543304 [1256, 3585, 7387, 8795, 9049, 9587, 9795, 15181, 18642, 22037, 24393, 25542, 27106, 27642, 29928, 30460, 31313, 32261, 32286, 33070, 33573, 34221, 34618, 36242, 37667, 41412, 41708, 42702, 42886, 43496, 43648, 46034, 49712, 51567, 52436, 55949, 59056, 59265, 61820, 62148, 63003, 63661]
Iter#22 New set #1 of size 43 (22.0 its/hit = 0.000s/hit): seed=11577269291439037564 [664, 1033, 2330, 3476, 3512, 6240, 9643, 10564, 10894, 11716, 14702, 17197, 17311, 18469, 18656, 19457, 19896, 20382, 23869, 25210, 25941, 26177, 27129, 32860, 32923, 34408, 35161, 35509, 38019, 43465, 43618, 43649, 46659, 49009, 49276, 50266, 50406, 50642, 50696, 55005, 59080, 60288, 60409]
Iter#37 New set #2 of size 43 (18.5 its/hit = 0.000s/hit): seed=1573669165118086184 [1915, 3841, 3908, 6115, 7850, 13522, 15366, 18052, 18343, 19039, 19713, 20964, 28407, 32718, 32789, 35124, 35481, 35847, 37296, 37795, 38352, 40256, 40670, 41098, 42713, 44068, 45721, 46329, 46607, 52543, 53517, 53888, 54340, 55287, 56186, 57635, 57793, 58192, 58350, 58435, 59004, 64909, 65141]
Iter#58 New set #1 of size 44 (58.0 its/hit = 0.000s/hit): seed=1390629444159607397 [1923, 2002, 2646, 2727, 3828, 4025, 4858, 4884, 5723, 10176, 11195, 12012, 12206, 13276, 19365, 21147, 22116, 22599, 22653, 24141, 26094, 27503, 29747, 31644, 36258, 36971, 38082, 38235, 41461, 42856, 43739, 47598, 48397, 48787, 49780, 51615, 51795, 52989, 53289, 54479, 57944, 61428, 62614, 64257]
Iter#173 New set #2 of size 44 (86.5 its/hit = 1.000s/hit): seed=10795907694349093194 [5281, 6565, 8452, 9600, 12862, 13482, 14005, 15022, 15842, 18081, 21548, 21844, 21975, 23693, 25198, 26435, 32208, 32706, 32775, 33788, 34723, 35110, 35890, 39516, 40677, 41606, 41694, 45053, 45759, 46435, 46780, 48614, 49406, 52268, 52600, 52792, 53452, 59493, 60067, 60965, 63600, 64581, 64777, 65284]
Iter#235 New set #1 of size 49 (235.0 its/hit = 3.000s/hit): seed=10549785273789180540 [0, 131, 2268, 4203, 4824, 6716, 8376, 9993, 10028, 10228, 11711, 11824, 12070, 13297, 14107, 16483, 22440, 22611, 23367, 24456, 24795, 25078, 26806, 29112, 31255, 31690, 31758, 32248, 32639, 33387, 34150, 36282, 36541, 36619, 39181, 39310, 41005, 41174, 43337, 45245, 48262, 49534, 50936, 52990, 56358, 56546, 61923, 64491, 65125]
Iter#1667 New set #1 of size 52 (1667.0 its/hit = 28.000s/hit): seed=12298482144555406894 [0, 5023, 5649, 6404, 6755, 7532, 8166, 8881, 10240, 10555, 11050, 13314, 15285, 15675, 15875, 16977, 19538, 23165, 26172, 26642, 27447, 27622, 29265, 29624, 29837, 30115, 30708, 31203, 33065, 33756, 35529, 38821, 39532, 40002, 40061, 40933, 41135, 41333, 43072, 43237, 47820, 50844, 51859, 55713, 56129, 56424, 56876, 60509, 61351, 61787, 62273, 63690]
Iter#20854 New set #2 of size 52 (10427.0 its/hit = 175.500s/hit): seed=1642964264239219335 [0, 218, 2017, 2165, 2169, 3727, 5063, 13378, 16564, 16577, 17258, 22373, 22507, 22845, 23018, 24781, 25723, 26064, 26412, 27251, 28073, 28094, 28147, 31020, 32923, 33420, 33789, 34487, 36564, 40575, 41229, 43129, 43171, 43581, 44462, 45159, 45321, 46152, 47122, 47384, 50161, 51165, 52478, 52757, 53299, 57226, 59551, 60995, 61171, 61885, 64344, 64416]
Iter#21502 New set #3 of size 52 (7167.3 its/hit = 120.667s/hit): seed=8325811304776661420 [0, 83, 860, 3316, 3725, 3806, 3813, 4416, 6101, 6426, 6945, 7920, 8190, 13809, 15078, 16857, 17507, 18239, 21087, 21968, 22318, 24818, 25377, 27048, 27239, 29106, 31291, 31959, 35093, 35143, 36416, 38839, 39431, 41836, 43677, 43786, 47421, 48356, 48562, 49973, 49993, 50505, 52140, 53030, 53207, 54106, 56351, 56503, 57275, 62912, 64548, 64619]
Iter#26352 New set #4 of size 52 (6588.0 its/hit = 111.000s/hit): seed=17351633440735366293 [0, 615, 2565, 2854, 2901, 5120, 5295, 7077, 7309, 7885, 9018, 9371, 10594, 11942, 14857, 16311, 16743, 18994, 19870, 22661, 23266, 23650, 24306, 25195, 25446, 26167, 26646, 26885, 26979, 32233, 32814, 41015, 42640, 43106, 43912, 44176, 47197, 47819, 50310, 51417, 51683, 54140, 54467, 56798, 56912, 57317, 58905, 59049, 60854, 63120, 63282, 63926]
Iter#27014 New set #5 of size 52 (5402.8 its/hit = 91.000s/hit): seed=16842842403283047504 [0, 1303, 2180, 2403, 4230, 6146, 8940, 11864, 12101, 12520, 13823, 14618, 16093, 16954, 17432, 17609, 18036, 18359, 20180, 20249, 21345, 22127, 22365, 25632, 27008, 30030, 30969, 32622, 36123, 36754, 38007, 39813, 41626, 43831, 43942, 46170, 47231, 47465, 47663, 48566, 49004, 52059, 54222, 55085, 56415, 56954, 57064, 57504, 59651, 61506, 62127, 63592]
Iter#33418 New set #6 of size 52 (5569.7 its/hit = 93.667s/hit): seed=13718838443987588487 [0, 2661, 3159, 4634, 5490, 6437, 7119, 8508, 8860, 9415, 10663, 10955, 11273, 11852, 16720, 17258, 18255, 18323, 19738, 23199, 24268, 25480, 25506, 26287, 28297, 29381, 29405, 32738, 32851, 32916, 32923, 34634, 35236, 38896, 39788, 41839, 45771, 46601, 50161, 50261, 50395, 52486, 52784, 55757, 57116, 58166, 60055, 62871, 63865, 64275, 64337, 65457]
Iter#58575 New set #7 of size 52 (8367.9 its/hit = 140.714s/hit): seed=11879447035012152089 [0, 2564, 2700, 4324, 6212, 6988, 7581, 10969, 13395, 14148, 16053, 16243, 18213, 19419, 20671, 23874, 30676, 30880, 31947, 32705, 34031, 37323, 37584, 39577, 40138, 41599, 42332, 44162, 46721, 47961, 50066, 50578, 50601, 51090, 51721, 52084, 52338, 53022, 53165, 54326, 55518, 55563, 57913, 60655, 60938, 61860, 62267, 62842, 63518, 64523, 64573, 65319]
Iter#59907 New set #8 of size 52 (7488.4 its/hit = 126.000s/hit): seed=9290567663748199215 [0, 2062, 2444, 5540, 6082, 10865, 11974, 12586, 14154, 16008, 17154, 17573, 18428, 19212, 22247, 25096, 25835, 26984, 27570, 28800, 29007, 31431, 33304, 34663, 35979, 36245, 37029, 37279, 37317, 38751, 39348, 42551, 42709, 42746, 44205, 44987, 45853, 46038, 46419, 46622, 47513, 47804, 49275, 50846, 57297, 58292, 59818, 60241, 61179, 61660, 62413, 63347]
Iter#64184 New set #9 of size 52 (7131.6 its/hit = 120.000s/hit): seed=2944823660162714589 [0, 2589, 2713, 4585, 4607, 4744, 5137, 5577, 5695, 6061, 7241, 7413, 7476, 7877, 9519, 10203, 10800, 13488, 13651, 14810, 15375, 19567, 22577, 23942, 27424, 27627, 29435, 31455, 32504, 32691, 33877, 35824, 36078, 39167, 42248, 43222, 43863, 45249, 46063, 49233, 49720, 51237, 51917, 51996, 54209, 54703, 54916, 55141, 55300, 56980, 63150, 65452]
Iter#71370 New set #1 of size 55 (71370.0 its/hit = 1200.000s/hit): seed=3148801430926425935 [0, 141, 3286, 5163, 5391, 5506, 8365, 9253, 11233, 11885, 13086, 14819, 17409, 18400, 19139, 23020, 26250, 27057, 27103, 27321, 28153, 32852, 35289, 35896, 37449, 40573, 41708, 42381, 43956, 44300, 45796, 46034, 46232, 47543, 47815, 48558, 49927, 50365, 51285, 54599, 55697, 56660, 57180, 57322, 57719, 58434, 58629, 58855, 61742, 62265, 62328, 62340, 62475, 63443, 64377]
Iter#78934 New set #2 of size 55 (39467.0 its/hit = 663.500s/hit): seed=9559171551249954181 [0, 757, 2488, 3272, 5711, 5722, 6141, 7541, 7613, 7873, 8056, 9256, 9582, 9899, 14208, 15210, 17374, 17916, 19046, 19092, 22855, 23172, 23771, 24005, 26956, 28134, 29479, 32804, 33288, 34304, 35963, 36184, 36580, 36643, 36909, 38089, 38261, 38913, 39102, 41026, 41655, 41838, 42528, 43728, 44141, 44575, 45520, 45547, 49966, 53990, 55463, 55651, 59081, 61748, 62638]
Iter#174552 New set #3 of size 55 (58184.0 its/hit = 979.000s/hit): seed=9718798176443751098 [0, 148, 697, 1624, 1744, 3867, 4618, 4766, 5364, 7946, 8704, 9196, 12698, 14085, 15448, 16691, 17017, 17233, 17290, 17340, 17793, 18154, 18798, 20278, 20344, 21022, 22247, 23297, 24981, 25579, 26724, 28627, 31969, 34664, 35793, 36762, 37768, 38399, 38859, 40083, 43923, 44442, 45165, 46146, 46419, 48171, 48873, 54302, 58292, 58370, 58756, 61251, 62291, 64853, 64923]
Iter#218759 New set #1 of size 58 (218759.0 its/hit = 3682.000s/hit): seed=1568507641265283106 [0, 3155, 6532, 7578, 9633, 9914, 12093, 12865, 13856, 14003, 15308, 17666, 20175, 21085, 21226, 21956, 22347, 22559, 25424, 27864, 28048, 28994, 29958, 31123, 34214, 34927, 35615, 36438, 36794, 38104, 38942, 40187, 40798, 42500, 43607, 43944, 45347, 45987, 46677, 47369, 47454, 50404, 52104, 53560, 54533, 55291, 55592, 55900, 56101, 57741, 58599, 60677, 60722, 63810, 63816, 64336, 64649, 65029]
Iter#223415 New set #2 of size 58 (111707.5 its/hit = 1880.000s/hit): seed=13687125080982500444 [0, 734, 1553, 3433, 4435, 5673, 6915, 6976, 7010, 7125, 8108, 11929, 13719, 13736, 14302, 14495, 14775, 18752, 19557, 20973, 22547, 24585, 24925, 25340, 26323, 27683, 30189, 32497, 33281, 33537, 34695, 36115, 36571, 37923, 43133, 43226, 43426, 43524, 45834, 45992, 46303, 46363, 47291, 51423, 52838, 52968, 53243, 54356, 54425, 54629, 54890, 56399, 60619, 60962, 61138, 61800, 62192, 64383]
Iter#824992 New set #1 of size 61 (824992.0 its/hit = 13877.999s/hit): seed=6304349923035261481 [0, 34, 1932, 3331, 4873, 6629, 9456, 10625, 11108, 11160, 11547, 13459, 15890, 16493, 17699, 19341, 20275, 21820, 22230, 22498, 22984, 24277, 26558, 27922, 29458, 29667, 30029, 31465, 31514, 33718, 33797, 33809, 34632, 35078, 36159, 36596, 37365, 38357, 39064, 41373, 42342, 43196, 44076, 44212, 44441, 45931, 46311, 49810, 49840, 49929, 51259, 52253, 52367, 55152, 56264, 60040, 60633, 60831, 63013, 63474, 65318]
