[*] Computing DDT
[+] DDT Computed
DDT took 94.325031576s
Iter#1 New set #1 of size 43 (1.0 its/hit = 0.000s/hit): seed=9587891127084395356 [1125, 1833, 1916, 2817, 3075, 3609, 4459, 5487, 5923, 9360, 11471, 13972, 16265, 18034, 18909, 21234, 21852, 22289, 23227, 25451, 27387, 28556, 29423, 29630, 29819, 31670, 32820, 32905, 36621, 42828, 44651, 47002, 48176, 49904, 51879, 52978, 54152, 55712, 56987, 58121, 59513, 64589, 65323]
Iter#4 New set #1 of size 52 (4.0 its/hit = 0.000s/hit): seed=15224432207962524605 [1792, 3136, 5288, 6125, 7175, 8677, 8731, 8949, 10219, 12552, 15571, 18350, 19019, 19502, 20318, 21090, 22303, 23885, 25224, 27389, 27419, 28657, 29118, 29383, 29411, 30694, 31163, 32693, 33973, 34142, 34382, 42005, 42374, 43280, 44806, 45163, 45242, 47415, 48072, 48084, 48690, 49818, 51220, 51283, 52202, 53350, 55180, 56689, 58984, 59256, 61304, 65373]
Iter#7 New set #2 of size 52 (3.5 its/hit = 0.000s/hit): seed=1708537315401151191 [6, 480, 4032, 4989, 5044, 5698, 9300, 9635, 10407, 11185, 11281, 13060, 14084, 14561, 15379, 15595, 17003, 18140, 18387, 19713, 22542, 22908, 24422, 24953, 26049, 26327, 27635, 28153, 31913, 31939, 33127, 33258, 37259, 38935, 42196, 42834, 43718, 44717, 47153, 48230, 51703, 51775, 52874, 53704, 53739, 54888, 55235, 58685, 59351, 61755, 62037, 63967]
Iter#16 New set #3 of size 52 (5.3 its/hit = 0.000s/hit): seed=14354749255003042211 [983, 4583, 6642, 10495, 11537, 12926, 14567, 16283, 17620, 18155, 20509, 23013, 23323, 27667, 28265, 28295, 28477, 30125, 31172, 31330, 39180, 40881, 41298, 42901, 43204, 43775, 43939, 44815, 45066, 45677, 47062, 47107, 48230, 48992, 49028, 49115, 49902, 50807, 51933, 54026, 54881, 54948, 55014, 56162, 59535, 60136, 60811, 60996, 61890, 62308, 64171, 65429]
Iter#26 New set #4 of size 52 (6.5 its/hit = 0.000s/hit): seed=8599193624207992206 [4089, 4709, 4775, 5386, 6834, 9241, 9282, 10209, 11215, 11506, 12997, 14442, 15732, 16806, 17622, 19109, 20108, 20757, 21677, 24978, 25543, 28229, 31273, 31834, 34878, 36270, 36722, 38062, 39889, 41482, 41801, 43696, 44299, 45433, 46519, 47421, 49095, 49984, 50648, 51357, 53025, 53385, 53546, 53776, 57167, 59222, 59408, 62045, 62978, 63691, 63812, 65346]
Iter#41 New set #5 of size 52 (8.2 its/hit = 0.000s/hit): seed=9836082682503066642 [891, 2742, 3767, 4125, 5946, 6240, 6366, 8017, 8428, 10928, 13594, 14074, 15650, 16097, 17523, 18037, 19380, 19512, 20374, 20874, 20882, 22927, 28898, 29309, 29662, 30753, 34041, 35208, 36425, 36460, 39957, 40377, 41059, 42564, 43938, 46090, 46288, 47068, 47163, 47696, 50017, 50693, 51175, 51372, 53112, 53392, 58953, 60610, 61931, 63086, 63979, 64020]
Iter#60 New set #6 of size 52 (10.0 its/hit = 0.000s/hit): seed=8130818166677312382 [1095, 1264, 1429, 2355, 4989, 5313, 6798, 7124, 9459, 9595, 10502, 12048, 12638, 20693, 20933, 21366, 22171, 23647, 25599, 27601, 30531, 31850, 34469, 35169, 36234, 36385, 36915, 37291, 41710, 42834, 43057, 43992, 45868, 47122, 48822, 49397, 49462, 50103, 50480, 50879, 51571, 51705, 52054, 52059, 53212, 54816, 56578, 57021, 62710, 63006, 64046, 64065]
Iter#98 New set #1 of size 55 (98.0 its/hit = 0.000s/hit): seed=5269446201301297357 [77, 447, 560, 1341, 2223, 3530, 3821, 5717, 5724, 11434, 11799, 12919, 14777, 15791, 18694, 19607, 20005, 21024, 21326, 22029, 22907, 24240, 25192, 29586, 30381, 31947, 32071, 32083, 33901, 33904, 35152, 36248, 37330, 39614, 44013, 44392, 44864, 48209, 51751, 52895, 53023, 53479, 54278, 55811, 56210, 57058, 58397, 59049, 59075, 59830, 60537, 61222, 61361, 61799, 64900]
Iter#151 New set #2 of size 55 (75.5 its/hit = 0.500s/hit): seed=5733907666341835489 [1123, 1352, 2021, 2984, 4272, 4407, 11295, 11872, 11972, 12132, 12521, 12974, 13146, 13218, 15103, 15787, 15790, 15825, 16150, 18633, 21493, 21910, 22446, 22461, 24189, 26938, 29617, 30135, 31677, 32553, 33722, 34839, 35937, 37972, 38818, 40606, 41088, 42195, 42908, 44867, 44936, 48226, 48233, 48254, 48421, 49747, 50010, 52242, 53777, 56179, 56547, 58097, 61698, 62277, 64841]
Iter#305 New set #3 of size 55 (101.7 its/hit = 0.667s/hit): seed=17465623067123809444 [411, 1273, 3972, 8273, 10673, 12674, 14876, 15646, 15975, 16606, 16754, 17411, 17419, 18427, 19299, 20747, 22016, 22751, 23659, 25197, 25706, 27385, 28102, 28989, 31189, 32809, 35002, 35323, 35489, 36041, 38707, 38724, 40452, 41942, 44687, 45176, 45747, 45835, 45890, 47222, 48718, 50263, 51256, 54228, 54332, 54667, 56210, 57537, 57764, 60550, 62726, 63362, 63495, 63685, 63901]
Iter#314 New set #4 of size 55 (78.5 its/hit = 0.500s/hit): seed=4323569112087712363 [104, 300, 1528, 4307, 6854, 6911, 7578, 8047, 8399, 9099, 10050, 11123, 12239, 12528, 12845, 14773, 15761, 16669, 18254, 19142, 20388, 20411, 22171, 22485, 22797, 23458, 24331, 24635, 26438, 29358, 31085, 31185, 31334, 34177, 34731, 34918, 36193, 36938, 39264, 40137, 43111, 44496, 45141, 45376, 47046, 48600, 48941, 49827, 52831, 54871, 56307, 56449, 56757, 58730, 63167]
Iter#387 New set #1 of size 58 (387.0 its/hit = 2.000s/hit): seed=3717992707978218020 [1308, 2391, 2991, 5187, 5455, 5946, 7871, 8276, 9388, 11282, 12415, 13905, 14286, 15111, 16218, 17890, 17933, 18168, 19297, 19858, 23141, 24915, 25859, 29294, 30666, 32506, 33081, 33353, 33633, 33902, 33950, 34884, 34996, 35780, 35938, 36112, 37629, 38060, 38443, 39403, 39932, 40826, 41050, 42212, 42285, 44037, 44792, 50667, 52191, 52553, 52646, 52873, 55912, 56776, 58241, 59279, 59925, 63874]
Iter#1321 New set #2 of size 58 (660.5 its/hit = 5.000s/hit): seed=6505799343027702557 [2818, 3041, 3456, 5559, 6242, 7964, 8073, 8881, 9725, 11680, 13474, 14860, 16081, 17084, 17727, 20371, 20890, 21188, 21239, 21940, 22279, 22909, 24582, 26888, 27911, 31043, 31646, 32529, 34056, 34855, 36832, 37239, 37921, 39058, 39193, 39561, 40048, 41194, 44625, 46052, 47074, 49477, 50119, 51008, 51209, 51936, 51986, 53535, 54071, 54374, 54940, 55960, 56568, 57001, 58623, 59148, 60083, 63030]
Iter#2606 New set #3 of size 58 (868.7 its/hit = 6.667s/hit): seed=10916182558002497846 [180, 2659, 2854, 4248, 6888, 7252, 8032, 9654, 11350, 12135, 14890, 15681, 15981, 17664, 17879, 18148, 18234, 18372, 20551, 21341, 21401, 25243, 25545, 26467, 27173, 27812, 28018, 28309, 28962, 29319, 30954, 32338, 33106, 34199, 37231, 38572, 38786, 39006, 39921, 39993, 41089, 41512, 43272, 44098, 45595, 47209, 48679, 49348, 51802, 57177, 59205, 60157, 60484, 60955, 61850, 62883, 63202, 63343]
Iter#2853 New set #4 of size 58 (713.2 its/hit = 5.250s/hit): seed=10931484081331377844 [1158, 2116, 4189, 4692, 5739, 8127, 10597, 11307, 11478, 11983, 12465, 14737, 16167, 16192, 17453, 17634, 21769, 21801, 22357, 25776, 26102, 26311, 27874, 27955, 30309, 31329, 35165, 35903, 36131, 36247, 36688, 37554, 38848, 40357, 41656, 42521, 43056, 43119, 44088, 46768, 46956, 48226, 48692, 49034, 49821, 50804, 51767, 52522, 53714, 53777, 54706, 55662, 56950, 58853, 61952, 62825, 63495, 64096]
Iter#3721 New set #5 of size 58 (744.2 its/hit = 5.600s/hit): seed=9070087211539544631 [2332, 2941, 3172, 3870, 3955, 6392, 8285, 10056, 11248, 12601, 14838, 17240, 19516, 20115, 20489, 20689, 21423, 21812, 22929, 24046, 24755, 25857, 26836, 27072, 27264, 27285, 27411, 30274, 31152, 31864, 32891, 33054, 33518, 33905, 34065, 34369, 36030, 36236, 39823, 40574, 41268, 41574, 46917, 46956, 48980, 50191, 54339, 55517, 55639, 57016, 57592, 57812, 60878, 61210, 61223, 61463, 63508, 64191]
Iter#5021 New set #6 of size 58 (836.8 its/hit = 6.333s/hit): seed=17814876329034420916 [1156, 2300, 3586, 3940, 5311, 5953, 10133, 11035, 12480, 14035, 14702, 17530, 18489, 18885, 19345, 20372, 20380, 20712, 21643, 21826, 22493, 22835, 24495, 25165, 25633, 28059, 30907, 31635, 32812, 33142, 33201, 35286, 35324, 37809, 42013, 44993, 45447, 45948, 46460, 46685, 46892, 49291, 49576, 51656, 56400, 56490, 56523, 57608, 58159, 58308, 59369, 59793, 61682, 61962, 62181, 64843, 64846, 65200]
Iter#5188 New set #7 of size 58 (741.1 its/hit = 5.714s/hit): seed=14930981194332162359 [3134, 5813, 6914, 8303, 8381, 8882, 9428, 9734, 10181, 11320, 11548, 12558, 15134, 15738, 15868, 18112, 18947, 20145, 20804, 23390, 23853, 24662, 26641, 27592, 27602, 27767, 27878, 28107, 29988, 31487, 33441, 33897, 33927, 36068, 36492, 38751, 40268, 41894, 41991, 42325, 44597, 44782, 45480, 45655, 45861, 48643, 49112, 50085, 50256, 51325, 51744, 54104, 55913, 56094, 56732, 58865, 64227, 65222]
Iter#5397 New set #8 of size 58 (674.6 its/hit = 5.125s/hit): seed=253303371080293887 [174, 311, 1200, 3466, 8691, 9945, 11908, 16175, 16266, 16313, 16396, 18093, 18413, 21807, 22530, 24448, 25057, 25500, 26117, 26464, 27356, 28100, 28146, 30778, 31320, 32235, 36191, 37600, 37942, 40747, 42028, 43210, 43314, 43475, 45303, 46583, 47339, 47819, 49549, 50926, 51061, 51535, 53306, 54155, 54415, 54661, 55301, 56062, 58450, 58693, 59067, 60816, 62539, 63152, 63924, 63991, 64375, 65252]
Iter#6638 New set #9 of size 58 (737.6 its/hit = 5.667s/hit): seed=4062258629384710978 [333, 1414, 3926, 6399, 7275, 8395, 12634, 12848, 13991, 16594, 16640, 17623, 17739, 18304, 18522, 18962, 19428, 20024, 20210, 23086, 25454, 25456, 25792, 26908, 27309, 29270, 29459, 30391, 30505, 32261, 33008, 33828, 34304, 34785, 36643, 36772, 38498, 39015, 41476, 43252, 43385, 43825, 45050, 45374, 46164, 46425, 49000, 50195, 52346, 58827, 59140, 60053, 61394, 62677, 63257, 64419, 64992, 65272]
Iter#6772 New set #1 of size 61 (6772.0 its/hit = 52.000s/hit): seed=13189859932416010186 [1088, 1799, 2601, 3158, 4322, 5338, 5562, 5799, 5990, 6706, 8795, 9950, 13275, 17326, 17737, 18055, 18173, 18930, 19995, 20061, 20081, 20309, 21049, 21176, 21676, 22549, 23235, 25067, 25451, 27765, 30986, 31451, 31796, 32874, 34846, 35174, 36370, 36735, 37002, 37755, 38935, 40552, 42480, 43154, 44921, 46029, 48129, 50784, 51795, 51917, 52150, 55039, 56451, 58095, 58391, 58400, 60305, 60417, 62742, 64684, 65095]
Iter#9623 New set #1 of size 64 (9623.0 its/hit = 75.000s/hit): seed=11864122224696155561 [258, 2399, 4560, 4632, 5654, 6617, 7991, 10479, 11129, 11901, 12425, 13179, 13589, 13894, 15188, 15319, 20379, 21021, 21549, 22937, 26008, 27850, 30096, 30272, 30480, 30740, 31276, 32500, 32851, 34131, 34778, 34988, 35242, 37791, 38313, 38376, 38577, 40398, 42975, 43608, 45197, 45409, 45711, 47219, 47718, 49017, 49160, 50084, 50561, 50575, 50814, 52177, 52485, 53712, 53799, 54130, 56714, 58081, 58495, 59902, 60573, 63323, 64057, 65445]
Iter#13196 New set #2 of size 64 (6598.0 its/hit = 51.000s/hit): seed=5724714701957818581 [1480, 1600, 4112, 4205, 5213, 9748, 9927, 9962, 10150, 10940, 12381, 13194, 15672, 18172, 21038, 22799, 24034, 24340, 25082, 25678, 27322, 27569, 27667, 30150, 34067, 34456, 36572, 37516, 38772, 40508, 41302, 41765, 42161, 43855, 44734, 45462, 45938, 45999, 46734, 47659, 49136, 49499, 49528, 50371, 51347, 51982, 52550, 53036, 53768, 54887, 57158, 57506, 58263, 58310, 58424, 59145, 59452, 60502, 60748, 62114, 63661, 63970, 64633, 64725]
Iter#90405 New set #3 of size 64 (30135.0 its/hit = 237.667s/hit): seed=16662156751570753148 [50, 1341, 3207, 5588, 5700, 5953, 7535, 8027, 13231, 14289, 15058, 16058, 16460, 18166, 18649, 18799, 19127, 20179, 20688, 25740, 26113, 26504, 27606, 28371, 28846, 29098, 29984, 31617, 32186, 32346, 35037, 35619, 38764, 39707, 40145, 40456, 41043, 41526, 42167, 42204, 42988, 43591, 44493, 45015, 45264, 46400, 46673, 46959, 48123, 48928, 51356, 52035, 52067, 54698, 55851, 57480, 57481, 58685, 59561, 60266, 61070, 61383, 63095, 63200]
Iter#187169 New set #4 of size 64 (46792.2 its/hit = 370.500s/hit): seed=1062233930637704655 [298, 358, 1598, 2417, 2842, 3266, 4777, 5069, 5842, 9241, 9614, 11165, 12640, 13646, 15004, 15525, 15736, 16627, 16834, 16904, 17228, 17900, 18538, 19044, 19963, 21856, 23468, 24777, 25236, 26217, 29208, 30091, 30718, 30735, 31989, 32553, 33531, 34607, 36211, 36415, 38322, 39395, 40924, 41535, 43683, 44671, 45738, 47119, 48940, 49278, 49353, 52054, 53233, 53354, 54910, 55857, 56949, 58544, 59582, 60089, 62060, 62928, 63208, 63230]
Iter#262969 New set #5 of size 64 (52593.8 its/hit = 417.000s/hit): seed=7081824444716067611 [579, 1010, 3244, 4788, 5669, 7276, 8865, 8930, 9054, 9246, 10173, 10383, 10672, 10866, 11539, 12878, 13072, 14382, 14727, 17408, 18350, 18483, 19205, 19366, 19600, 19745, 20275, 20323, 22976, 23445, 23994, 24023, 25963, 27235, 29602, 31524, 33399, 33411, 34636, 38435, 38695, 39228, 41871, 43449, 44814, 46866, 48676, 49330, 50968, 53325, 54936, 55223, 56336, 57315, 59036, 59645, 59773, 62220, 63278, 63594, 63926, 64110, 64856, 65535]
Iter#271479 New set #6 of size 64 (45246.5 its/hit = 358.667s/hit): seed=13570052753645171127 [451, 871, 985, 1855, 4983, 5164, 6254, 6897, 7315, 7640, 9883, 11145, 13334, 13504, 18033, 19535, 20075, 22723, 23054, 24468, 26674, 27048, 27968, 28322, 30711, 31940, 32279, 32286, 32871, 33319, 33390, 34509, 35221, 35545, 38421, 39474, 40088, 40476, 40826, 41366, 41789, 43684, 43905, 48157, 49540, 50079, 50606, 53411, 54164, 54937, 57002, 57828, 59235, 60076, 60612, 61637, 62017, 62225, 62913, 64626, 65045, 65169, 65298, 65356]
Iter#289448 New set #7 of size 64 (41349.7 its/hit = 327.857s/hit): seed=4312973290496936285 [50, 743, 959, 1520, 2320, 2642, 5348, 9402, 11103, 11741, 13029, 13499, 15409, 15561, 16678, 18108, 20173, 20485, 21992, 24094, 24124, 24947, 25276, 28324, 28556, 28643, 28965, 29281, 29561, 30559, 30602, 32271, 33160, 33516, 33686, 34321, 38031, 38324, 38361, 38526, 42711, 44135, 44471, 45472, 47500, 47843, 51755, 51784, 51903, 52426, 52662, 52903, 53313, 53375, 54989, 55406, 55576, 55583, 57989, 58928, 61559, 62449, 64483, 65059]
Iter#294063 New set #8 of size 64 (36757.9 its/hit = 291.500s/hit): seed=468531312411013273 [438, 1169, 1227, 2448, 2689, 3222, 6207, 8310, 9747, 11825, 12897, 13349, 13963, 14118, 15144, 15546, 16381, 18097, 19085, 19513, 20741, 21720, 21760, 24160, 24334, 27365, 27629, 28940, 30127, 30887, 34859, 35006, 37476, 38593, 39056, 40363, 41955, 44600, 44955, 45097, 45611, 46604, 47706, 47813, 48044, 49760, 50604, 50653, 51142, 54308, 54353, 54990, 55516, 57232, 57583, 58353, 59082, 60394, 60758, 62136, 62281, 63238, 63287, 63426]
Iter#320918 New set #9 of size 64 (35657.6 its/hit = 282.778s/hit): seed=11781500974383705696 [128, 409, 946, 1642, 1869, 3242, 4690, 4974, 5168, 5312, 5975, 7447, 8255, 9032, 9950, 10916, 11908, 13087, 14426, 14924, 15790, 16163, 16765, 18799, 18922, 19552, 20309, 20887, 22239, 22278, 23695, 24030, 26981, 28227, 29243, 30644, 31455, 32623, 33273, 35471, 37616, 39301, 41242, 42273, 42586, 43333, 43944, 44418, 44625, 48738, 50019, 51976, 52061, 53177, 53980, 55251, 58814, 58841, 59875, 60279, 60720, 61923, 61936, 63746]
Iter#325473 New set #10 of size 64 (32547.3 its/hit = 258.100s/hit): seed=18051104001373315477 [510, 1058, 2016, 2288, 3122, 4222, 5113, 5760, 6444, 7064, 7099, 7387, 7544, 10485, 11382, 12299, 12334, 13214, 13818, 14617, 14732, 16943, 17835, 19366, 21568, 21967, 23534, 24172, 25561, 25990, 26506, 28949, 29278, 30152, 30532, 31987, 33434, 34822, 35079, 37050, 39203, 41080, 41524, 41772, 42932, 44100, 47871, 50336, 51067, 51503, 51750, 52738, 52761, 54185, 56600, 57073, 57618, 58071, 58085, 62031, 62563, 63040, 63980, 65416]
Iter#1199453 New set #20 of size 64 (59972.6 its/hit = 477.050s/hit): seed=9505602797804497612 [178, 970, 1013, 1708, 1791, 2938, 6194, 6562, 7257, 7989, 8767, 9316, 9593, 9715, 9735, 10007, 12371, 13523, 14599, 15731, 16291, 16313, 16722, 17270, 17721, 18895, 21047, 21402, 21436, 21661, 22226, 24754, 24866, 25093, 28407, 31630, 34278, 34295, 38306, 41071, 44708, 44721, 45020, 45103, 46231, 47704, 47764, 48276, 48802, 49131, 49807, 50013, 52598, 54419, 54835, 54940, 55592, 57011, 57751, 59398, 60142, 61719, 62648, 64632]
Iter#1539444 New set #30 of size 64 (51314.8 its/hit = 407.433s/hit): seed=9888696323091966304 [266, 2093, 5467, 5823, 6258, 6361, 7310, 7584, 8051, 8939, 9551, 11364, 12069, 12320, 12814, 14531, 15141, 17098, 17698, 17813, 22016, 22071, 22341, 24136, 24601, 26505, 27620, 27712, 28366, 28486, 29440, 29506, 29848, 30966, 32867, 33598, 34964, 37311, 37779, 39630, 40088, 40443, 41225, 43325, 43344, 45562, 46516, 47052, 48629, 49618, 51665, 51687, 51993, 52152, 53954, 54745, 55699, 57579, 57650, 58542, 60160, 61553, 62106, 63941]
