[*] Computing DDT
[+] DDT Computed
DDT took 95.447686143s
Iter#1 New set #1 of size 38 (1.0 its/hit = 0.000s/hit): seed=7584837372373333004 [2653, 11016, 15104, 15278, 16061, 16877, 17275, 17961, 22423, 22948, 27249, 27371, 27580, 28912, 29285, 30798, 33229, 35445, 35573, 37558, 38136, 42262, 43543, 45038, 45229, 45682, 46825, 52895, 53914, 55883, 56563, 57895, 59394, 60330, 61162, 61673, 61868, 65260]
Iter#2 New set #1 of size 40 (2.0 its/hit = 0.000s/hit): seed=8169027792485313352 [6108, 8312, 8713, 9817, 11918, 13429, 13925, 19693, 20531, 23467, 24180, 27005, 27126, 27240, 27360, 30366, 31271, 31689, 33002, 34986, 38971, 42215, 42368, 42469, 45952, 47589, 48180, 49227, 50707, 50893, 51720, 52043, 52440, 59004, 60863, 61840, 61863, 62430, 62655, 65127]
Iter#3 New set #2 of size 40 (1.5 its/hit = 0.000s/hit): seed=13977708214091252785 [284, 341, 2150, 2828, 3523, 4109, 7104, 7662, 10250, 13411, 14269, 17282, 17395, 17515, 19694, 21453, 21668, 23221, 24574, 25321, 30422, 32427, 35502, 35973, 38019, 38919, 39166, 40943, 42278, 42375, 43515, 47249, 50331, 53063, 53968, 54514, 56338, 57308, 57656, 62316]
Iter#5 New set #1 of size 42 (5.0 its/hit = 0.000s/hit): seed=90088446884209472 [1448, 2975, 10372, 12245, 12401, 17286, 18040, 20874, 22021, 22246, 24992, 25868, 28906, 29718, 32629, 33667, 35966, 37110, 37237, 37977, 38080, 39650, 40782, 41252, 41795, 42758, 43184, 44647, 44932, 45876, 46635, 47286, 49148, 51371, 56710, 57022, 57862, 62085, 62896, 63054, 64783, 65370]
Iter#20 New set #2 of size 42 (10.0 its/hit = 0.000s/hit): seed=17917459004572480480 [2300, 4827, 9581, 11247, 11718, 12318, 13093, 13196, 13567, 13756, 14212, 15175, 16012, 16685, 17202, 17909, 18079, 18198, 18305, 18401, 20669, 21485, 22527, 23033, 25197, 26635, 26986, 28810, 33120, 34705, 36848, 38140, 43767, 44757, 46794, 47880, 48198, 57525, 58852, 60188, 62404, 63396]
Iter#37 New set #3 of size 42 (12.3 its/hit = 0.000s/hit): seed=17687216913607603503 [1019, 1213, 2647, 5875, 6252, 8796, 9220, 10311, 16973, 17625, 18209, 18494, 20023, 20378, 21892, 22971, 24854, 27445, 32303, 37277, 38608, 38994, 41335, 41429, 43753, 45249, 46956, 49330, 51339, 52524, 52919, 53872, 54020, 55202, 56179, 58601, 59698, 61246, 61752, 65243, 65366, 65402]
Iter#43 New set #4 of size 42 (10.8 its/hit = 0.000s/hit): seed=16439081831264709680 [1470, 1680, 2939, 3003, 3092, 4801, 5603, 6293, 8270, 8333, 9384, 11990, 16793, 18687, 18710, 19592, 20326, 22973, 29288, 30688, 31478, 33640, 36083, 36852, 37313, 39045, 39175, 40212, 42395, 42967, 50069, 55152, 56647, 57784, 59544, 60416, 60935, 60989, 61252, 61545, 62687, 64319]
Iter#46 New set #5 of size 42 (9.2 its/hit = 0.000s/hit): seed=6347700088911819857 [1500, 1855, 3136, 3250, 3429, 3572, 3687, 4665, 5714, 6200, 6696, 7958, 8005, 8042, 8156, 15266, 16781, 17131, 17835, 19742, 19896, 21694, 21792, 23696, 23827, 26170, 26344, 31016, 32443, 33359, 35226, 38209, 38430, 40035, 40821, 40972, 43402, 53202, 54111, 55003, 56723, 61286]
Iter#49 New set #6 of size 42 (8.2 its/hit = 0.000s/hit): seed=1415763703608830272 [2094, 7772, 7841, 10475, 11174, 13700, 14508, 15396, 20248, 20868, 21372, 22409, 24829, 25464, 25550, 27392, 28857, 29286, 36012, 38869, 39359, 39560, 40763, 41911, 42129, 43106, 44885, 45182, 46908, 50628, 50988, 51260, 53470, 53666, 54863, 57234, 57459, 58000, 59035, 59818, 60463, 64277]
Iter#59 New set #7 of size 42 (8.4 its/hit = 0.000s/hit): seed=8926750948802652580 [186, 406, 985, 3696, 3977, 4846, 6918, 7832, 8068, 9090, 9112, 10011, 10455, 11581, 13856, 13887, 14218, 14227, 18157, 18208, 19460, 20581, 23837, 24000, 27470, 27881, 28752, 28814, 29922, 30960, 33454, 33835, 33978, 35642, 37065, 37513, 37868, 37911, 39254, 39910, 48903, 64636]
Iter#67 New set #8 of size 42 (8.4 its/hit = 0.000s/hit): seed=10701542837385494788 [579, 1092, 1858, 2008, 2414, 4792, 4913, 5897, 6922, 10597, 14527, 14606, 16189, 20700, 20827, 21421, 23287, 28132, 28485, 30656, 34966, 37692, 38235, 40486, 41227, 41791, 42448, 42482, 42956, 44731, 47831, 48018, 48631, 51785, 53916, 56451, 56664, 58902, 62517, 62613, 64108, 64254]
Iter#74 New set #9 of size 42 (8.2 its/hit = 0.000s/hit): seed=6034621677800076809 [1857, 4762, 6167, 7007, 9185, 11605, 11884, 13024, 14395, 15939, 17141, 17270, 18233, 18603, 19423, 22822, 23577, 23638, 26440, 29345, 29386, 30852, 32246, 32600, 34398, 34654, 35197, 37333, 37460, 38725, 42827, 42973, 43377, 43536, 43605, 45930, 47490, 51738, 53838, 58933, 60059, 60583]
Iter#76 New set #10 of size 42 (7.6 its/hit = 0.000s/hit): seed=7496618074755866724 [1349, 3198, 6019, 7904, 8558, 9480, 9716, 10111, 10537, 13255, 15613, 16090, 16412, 19862, 21974, 23197, 24840, 24992, 25332, 25813, 27259, 30113, 30975, 31563, 31614, 33623, 35821, 38848, 39276, 39567, 40238, 41180, 42175, 42176, 42225, 44309, 47053, 50115, 50485, 51829, 54820, 63041]
Iter#153 New set #1 of size 43 (153.0 its/hit = 1.000s/hit): seed=8593316827435320860 [273, 2029, 2576, 3635, 5036, 8143, 10238, 11691, 12167, 16517, 19688, 20750, 20849, 20923, 23324, 25711, 26072, 26511, 28734, 29709, 34523, 34700, 40305, 40906, 41068, 43901, 45106, 45521, 46015, 46182, 46626, 47368, 48472, 49671, 53512, 53667, 56615, 57804, 60576, 61224, 64631, 65502, 65504]
Iter#181 New set #2 of size 43 (90.5 its/hit = 1.000s/hit): seed=5861147032928382279 [2579, 2622, 5736, 6799, 8091, 9913, 11417, 11791, 12353, 13263, 14225, 14403, 15327, 24665, 28287, 29139, 32139, 32195, 32577, 37507, 37710, 37815, 42914, 43768, 43944, 44087, 45273, 45989, 47092, 47431, 50220, 52149, 52802, 54051, 54452, 55255, 55665, 56342, 56407, 58554, 59119, 62628, 64380]
Iter#200 New set #3 of size 43 (66.7 its/hit = 0.667s/hit): seed=17446390785404654202 [1, 2911, 3203, 3483, 5465, 5772, 6473, 6794, 7289, 7555, 8791, 11422, 11546, 12596, 13189, 14921, 15771, 16468, 17306, 19014, 19459, 20623, 20818, 24027, 24056, 24606, 30579, 34843, 37800, 39021, 39115, 40231, 40718, 41921, 42315, 43857, 53560, 56573, 59161, 60455, 61979, 62177, 62985]
Iter#259 New set #4 of size 43 (64.8 its/hit = 0.750s/hit): seed=5706729629803289635 [110, 4493, 5228, 5780, 7117, 8280, 8622, 8636, 9483, 10545, 10890, 13688, 14812, 19033, 21992, 22871, 22905, 23802, 32637, 33968, 34170, 35343, 41088, 41526, 44968, 44991, 45894, 47324, 48946, 51354, 51950, 52068, 53096, 53499, 54052, 55914, 56440, 57995, 58209, 58753, 61403, 61431, 62527]
Iter#348 New set #1 of size 44 (348.0 its/hit = 4.000s/hit): seed=6906747063399369733 [295, 1082, 3338, 4582, 4782, 6139, 9834, 10358, 16206, 16668, 17121, 18162, 18247, 24167, 25516, 25991, 26063, 28548, 31225, 31245, 31282, 34194, 34619, 35467, 35994, 37863, 39846, 42072, 45027, 45266, 45657, 46703, 47348, 50255, 50760, 52779, 53709, 54232, 54775, 60698, 61188, 61477, 62394, 62867]
Iter#358 New set #1 of size 45 (358.0 its/hit = 4.000s/hit): seed=6514273145448624293 [1645, 3689, 4841, 9164, 9415, 11399, 15330, 18799, 18914, 19063, 21049, 22190, 23993, 25926, 26329, 29417, 29441, 29491, 30208, 30901, 33769, 34961, 35380, 35503, 35865, 38168, 39888, 43442, 44085, 44341, 44380, 45384, 46410, 46899, 50640, 51211, 51401, 52761, 55652, 57400, 57514, 59821, 61558, 62380, 63913]
Iter#1624 New set #2 of size 45 (812.0 its/hit = 9.000s/hit): seed=9807961407216506908 [281, 1011, 1823, 2262, 5030, 5552, 6700, 9273, 9472, 12773, 12899, 14628, 17764, 20427, 25817, 28113, 33607, 34178, 34451, 36658, 37305, 37734, 38744, 42113, 42134, 43975, 45407, 45469, 47454, 51994, 52671, 54807, 56432, 56706, 57797, 58536, 58637, 61247, 61727, 62087, 63752, 64985, 65065, 65298, 65327]
Iter#2607 New set #3 of size 45 (869.0 its/hit = 10.000s/hit): seed=14920932511640948465 [3568, 5037, 5185, 8518, 9225, 13559, 14795, 16102, 16351, 17388, 18372, 19500, 19851, 19879, 19974, 22117, 22846, 23416, 24094, 27064, 27960, 36209, 36433, 37207, 37255, 38591, 38681, 41190, 42998, 44274, 45975, 46425, 49508, 49717, 50868, 54414, 56829, 57367, 58211, 58414, 59179, 63011, 64412, 64783, 64933]
Iter#2919 New set #4 of size 45 (729.8 its/hit = 8.500s/hit): seed=2228305979344267587 [365, 542, 2266, 2652, 3932, 4552, 4605, 4749, 5273, 6138, 10008, 10445, 11705, 16201, 16325, 18566, 19524, 19775, 22226, 23952, 27911, 29680, 30423, 31244, 33602, 33944, 35073, 39751, 43152, 43795, 44602, 45602, 47474, 48416, 49301, 51351, 53509, 53819, 54672, 55418, 56332, 60646, 61279, 61973, 65261]
Iter#3103 New set #5 of size 45 (620.6 its/hit = 7.200s/hit): seed=7568998074732423525 [1018, 1462, 2731, 3030, 4377, 4872, 5204, 5361, 5602, 7844, 8317, 8390, 11079, 12884, 14897, 15878, 16306, 16814, 19927, 20720, 21100, 21719, 23282, 23768, 23902, 25377, 28164, 28403, 35076, 35362, 39135, 46836, 47146, 47724, 52749, 53482, 53761, 54303, 55145, 56595, 58737, 58847, 60314, 62718, 63062]
Iter#3379 New set #6 of size 45 (563.2 its/hit = 6.500s/hit): seed=477394488141205297 [753, 2575, 2815, 4607, 10700, 12399, 12882, 12934, 14104, 18325, 19877, 20152, 20764, 22451, 25046, 25745, 25962, 26175, 28999, 30461, 30763, 30969, 32057, 32559, 34473, 35677, 38470, 39631, 40895, 41127, 41526, 41650, 42740, 44660, 46624, 51016, 51230, 56846, 58540, 58942, 60000, 61725, 61837, 64658, 65140]
Iter#4471 New set #7 of size 45 (638.7 its/hit = 7.286s/hit): seed=15235314518758970863 [3709, 7404, 8402, 8900, 9996, 10038, 11570, 14887, 15876, 17086, 19191, 20924, 21777, 21790, 22475, 24461, 25524, 30137, 32544, 34744, 36196, 36286, 36508, 38053, 38394, 39612, 40519, 41688, 42849, 42974, 43532, 46831, 48676, 48936, 49629, 52130, 53192, 54058, 55279, 55559, 55779, 59622, 60014, 63912, 65138]
Iter#8097 New set #8 of size 45 (1012.1 its/hit = 11.750s/hit): seed=14006690164522993259 [2075, 2938, 3465, 3534, 3895, 4436, 5719, 7726, 12214, 12951, 16260, 19798, 21718, 22166, 25247, 30091, 31417, 31830, 32632, 33909, 34309, 34675, 38540, 39200, 39369, 39766, 39963, 41466, 46501, 46789, 47448, 47783, 47825, 47941, 49288, 50015, 52090, 56631, 57330, 57427, 57754, 59841, 60946, 61164, 64230]
Iter#12633 New set #9 of size 45 (1403.7 its/hit = 16.333s/hit): seed=6677548140984040332 [691, 2449, 2730, 4199, 4631, 4743, 7332, 9108, 9939, 12423, 12690, 13837, 13854, 17599, 20399, 23103, 24584, 25598, 26440, 29710, 32468, 33989, 36218, 36311, 36615, 38536, 40506, 41124, 41679, 43295, 43623, 45288, 45785, 45947, 47520, 50230, 50420, 52429, 52971, 53793, 54610, 57403, 58584, 60849, 64265]
Iter#13219 New set #1 of size 46 (13219.0 its/hit = 154.000s/hit): seed=13828117484158214827 [235, 1058, 1628, 2022, 2245, 2362, 3170, 4188, 4369, 4443, 5596, 5784, 7138, 7266, 7664, 9728, 10120, 14870, 16351, 18245, 19629, 20890, 23967, 24351, 27243, 29180, 30103, 31654, 34034, 34882, 37312, 44856, 47840, 48987, 49098, 51984, 53024, 53076, 54163, 55249, 57258, 58306, 60822, 63747, 64338, 65400]
Iter#27868 New set #2 of size 46 (13934.0 its/hit = 163.500s/hit): seed=1405802327064295290 [1654, 3536, 5036, 5332, 7088, 10083, 10502, 16592, 17147, 18512, 20107, 20930, 22077, 22562, 25113, 28492, 31927, 33401, 34509, 35181, 35658, 36336, 37750, 40206, 40417, 42314, 43053, 43927, 46220, 46385, 46522, 47132, 47942, 48021, 49008, 52374, 55645, 55744, 56578, 57486, 60010, 60163, 62379, 62439, 63808, 64529]
Iter#28049 New set #3 of size 46 (9349.7 its/hit = 109.667s/hit): seed=6968229601858363205 [446, 2352, 3576, 6521, 8702, 10826, 13620, 16692, 18379, 19050, 21898, 24078, 24287, 25913, 26338, 29028, 29763, 30677, 30796, 31339, 31864, 32127, 33603, 35074, 35345, 35850, 36142, 36436, 37079, 42128, 43316, 46960, 49975, 50806, 53254, 54304, 54389, 56125, 57527, 59928, 60905, 62890, 63295, 63876, 64824, 65317]
Iter#47835 New set #4 of size 46 (11958.8 its/hit = 140.750s/hit): seed=5883810072038022481 [8975, 9022, 9794, 10826, 10915, 11827, 12393, 13065, 13373, 14869, 15483, 17390, 20381, 20759, 21024, 22358, 22747, 23033, 24081, 24536, 26316, 30757, 31323, 33859, 34931, 35040, 35907, 36862, 38807, 41736, 42121, 42127, 42647, 44170, 46538, 48666, 49453, 52777, 52829, 53376, 54439, 55529, 56485, 57323, 59434, 59642]
Iter#78001 New set #5 of size 46 (15600.2 its/hit = 184.200s/hit): seed=1340464756548087624 [323, 1120, 4250, 6736, 12713, 13791, 16487, 17975, 18538, 18772, 19626, 23015, 24292, 26648, 27213, 27231, 33475, 33525, 34404, 35168, 36968, 37149, 38369, 41507, 46248, 47042, 47257, 48383, 51234, 51710, 51750, 51985, 53656, 53749, 53925, 54245, 54338, 54722, 56264, 59321, 59399, 61309, 61356, 63626, 63861, 64572]
Iter#111598 New set #6 of size 46 (18599.7 its/hit = 219.833s/hit): seed=10565491448729273715 [1283, 2701, 3003, 3274, 3296, 4828, 7341, 8142, 8956, 12631, 14120, 16405, 17107, 18060, 18937, 19969, 20226, 20399, 24109, 28479, 28885, 30365, 31576, 32057, 33572, 33818, 34775, 34809, 36643, 39639, 40888, 46200, 46643, 46910, 47017, 48849, 52110, 52987, 53369, 53677, 54494, 55304, 55855, 60298, 61550, 63141]
Iter#122981 New set #7 of size 46 (17568.7 its/hit = 207.714s/hit): seed=15556722431768651297 [859, 3185, 3308, 4491, 5052, 5532, 9575, 9712, 9875, 10664, 10719, 10937, 11604, 11653, 13090, 15446, 16131, 16368, 17809, 18646, 21554, 27985, 28686, 28796, 29075, 34212, 34814, 35105, 35172, 38518, 38539, 40853, 41014, 42072, 46005, 46141, 49880, 50543, 50704, 54732, 54872, 56753, 57904, 60833, 61821, 61877]
Iter#152494 New set #8 of size 46 (19061.8 its/hit = 225.250s/hit): seed=4752338229877144516 [97, 144, 3127, 6345, 6824, 8396, 9883, 10365, 10455, 10750, 11232, 14472, 14952, 17662, 23476, 24234, 26224, 29455, 31001, 32061, 34894, 36667, 36894, 37084, 37211, 39662, 42194, 43138, 44086, 44722, 45229, 47308, 48607, 49097, 50966, 54381, 55018, 57974, 59158, 59442, 59652, 59995, 61354, 61817, 62629, 64360]
Iter#179985 New set #9 of size 46 (19998.3 its/hit = 236.778s/hit): seed=18000380309354021121 [2189, 2205, 5922, 5973, 6114, 6917, 8366, 12116, 14213, 14260, 17376, 18282, 19372, 21270, 22066, 24557, 26820, 26863, 27605, 27683, 28449, 29656, 31764, 31889, 33459, 35549, 38103, 38463, 38880, 39331, 39362, 43063, 45378, 45919, 48183, 48501, 50509, 51854, 52238, 54633, 54902, 59919, 60954, 61071, 64061, 64998]
Iter#198602 New set #10 of size 46 (19860.2 its/hit = 235.200s/hit): seed=6762834170265733691 [887, 1453, 3141, 7328, 7973, 8881, 10747, 11358, 12816, 14742, 15460, 15693, 18706, 19458, 19495, 19817, 20531, 21463, 22287, 23576, 24991, 25070, 28774, 29058, 31488, 31528, 31773, 32929, 36536, 39271, 46972, 47465, 47758, 48510, 48828, 49247, 49442, 51529, 52127, 54997, 58914, 61605, 62028, 62717, 63014, 64410]
Iter#211574 New set #1 of size 47 (211574.0 its/hit = 2504.000s/hit): seed=12907655947470554756 [1704, 2169, 2378, 4069, 5491, 5993, 7925, 9411, 9783, 9951, 10125, 11106, 11289, 14259, 15675, 17330, 17575, 17668, 17928, 19240, 20050, 20701, 21096, 21678, 22899, 22988, 25204, 25236, 31519, 33394, 34107, 36523, 40642, 40704, 41436, 42271, 48622, 51181, 51455, 56144, 57029, 58038, 59581, 60216, 63022, 63656, 65203]
Iter#1031932 New set #2 of size 47 (515966.0 its/hit = 6115.000s/hit): seed=5986993756072508091 [365, 691, 2115, 2688, 3858, 3958, 4850, 7743, 12843, 13175, 16004, 22289, 22315, 23593, 23843, 24343, 29551, 30237, 31133, 32109, 33926, 35165, 35645, 36833, 37204, 37456, 38620, 44824, 45249, 45447, 45534, 47699, 48204, 48814, 50521, 51026, 51134, 52015, 52898, 53789, 53963, 54088, 56501, 57944, 60798, 62940, 64640]
Iter#1925032 New set #3 of size 47 (641677.3 its/hit = 7631.000s/hit): seed=2363874602900899239 [811, 2212, 2327, 3249, 5072, 5236, 5386, 6638, 7095, 8214, 9479, 12494, 12765, 12892, 14323, 15173, 19783, 23622, 24582, 26267, 26931, 28384, 28573, 30263, 30917, 33009, 35428, 36272, 39182, 40210, 40227, 40273, 42640, 43088, 43370, 43485, 45933, 46812, 49718, 51188, 52272, 53200, 56452, 58225, 58707, 60838, 64296]
Iter#2676784 New set #4 of size 47 (669196.0 its/hit = 7955.250s/hit): seed=10034029885414655201 [1207, 1522, 1583, 1878, 2606, 3302, 3443, 3898, 7553, 10064, 10872, 11564, 11583, 13624, 13898, 14773, 16531, 21028, 22640, 28429, 28660, 31615, 33101, 34653, 34740, 37251, 38008, 38188, 38256, 38408, 40124, 44323, 45485, 47221, 47941, 53226, 54964, 55703, 55804, 57336, 60646, 60890, 61160, 62031, 63129, 63409, 64161]
