[*] Computing DDT
[+] DDT Computed
DDT took 97.376668256s
Iter#1 New set #1 of size 39 (1.0 its/hit = 0.000s/hit): seed=16836482549541766469 [241, 1033, 1226, 3130, 5778, 7566, 9392, 11124, 11528, 11540, 12886, 13734, 16096, 17988, 18676, 23112, 26268, 28296, 28769, 29534, 29905, 31608, 34164, 35108, 35285, 35372, 35806, 36683, 39968, 41002, 42515, 44213, 46415, 48193, 51167, 52539, 53741, 56742, 59914]
Iter#2 New set #1 of size 40 (2.0 its/hit = 0.000s/hit): seed=12835860563885074975 [453, 3917, 4819, 7520, 7641, 7963, 8500, 8548, 9706, 9806, 11005, 14628, 15353, 15553, 22159, 24492, 28036, 28433, 30093, 33055, 35065, 37641, 37763, 42180, 43055, 43099, 43180, 45140, 45173, 46773, 47942, 49496, 50039, 50957, 55968, 60102, 62201, 62569, 63249, 65348]
Iter#3 New set #1 of size 41 (3.0 its/hit = 0.000s/hit): seed=13119458000373816292 [3611, 3680, 7582, 8150, 10178, 11783, 12359, 12361, 13183, 14017, 14947, 16099, 18386, 19815, 25594, 29021, 29495, 32899, 33721, 35775, 39444, 39901, 40161, 42480, 44125, 44989, 45601, 47653, 48378, 48538, 50664, 51044, 52173, 53651, 54399, 55370, 59296, 59700, 60586, 61921, 63960]
Iter#4 New set #2 of size 41 (2.0 its/hit = 0.000s/hit): seed=4075408004373178493 [777, 2332, 2699, 4355, 4725, 6306, 6832, 9656, 14246, 15396, 18476, 20758, 22174, 22898, 25094, 26168, 27187, 27349, 27811, 27964, 28334, 29660, 29685, 31321, 32612, 33183, 34148, 34188, 34220, 37266, 37392, 40412, 40940, 41857, 42843, 50581, 53394, 55460, 56197, 59770, 63565]
Iter#8 New set #1 of size 42 (8.0 its/hit = 0.000s/hit): seed=6988558775410407295 [3026, 5256, 5328, 5856, 8464, 9895, 10664, 12645, 14357, 14959, 16297, 17781, 17927, 19263, 22383, 22660, 22815, 24048, 24268, 26222, 27236, 27557, 28253, 28946, 33003, 36512, 36946, 37497, 38587, 39698, 40448, 41732, 44084, 44251, 46403, 51319, 51639, 56413, 57139, 57168, 60581, 61870]
Iter#10 New set #2 of size 42 (5.0 its/hit = 0.000s/hit): seed=12458417939211928011 [652, 986, 3115, 4518, 4885, 5010, 5593, 7521, 8261, 17263, 18325, 18798, 22007, 22189, 22191, 25617, 25662, 28897, 31053, 31902, 32458, 33625, 34730, 35103, 35889, 37991, 40113, 42904, 44329, 46965, 50416, 50993, 53545, 53808, 54264, 55362, 61119, 61962, 62130, 62365, 62546, 63151]
Iter#11 New set #3 of size 42 (3.7 its/hit = 0.000s/hit): seed=18321340431494038498 [1779, 2249, 2266, 3624, 6238, 8675, 12689, 14914, 15204, 16339, 16417, 17480, 18787, 20366, 21422, 23328, 23556, 24242, 25005, 27063, 27277, 28236, 29917, 30425, 31593, 33036, 34276, 34529, 35089, 41491, 43036, 44086, 44214, 45745, 49471, 53253, 54284, 54729, 62106, 62546, 62804, 63174]
Iter#36 New set #4 of size 42 (9.0 its/hit = 0.000s/hit): seed=10240764570978828239 [957, 1135, 1639, 1719, 2632, 4168, 5302, 7241, 11995, 13615, 13670, 17609, 17888, 22176, 22420, 23935, 24523, 25754, 28423, 30162, 30350, 31699, 32730, 33723, 36637, 38372, 41512, 43407, 45347, 45584, 45757, 48256, 48847, 49186, 53382, 54173, 55649, 57137, 57859, 62194, 62506, 62942]
Iter#40 New set #5 of size 42 (8.0 its/hit = 0.000s/hit): seed=7540763254468365969 [1845, 1875, 3072, 3894, 5910, 6786, 6849, 9757, 10962, 11884, 13965, 19633, 19878, 19924, 22343, 22637, 23719, 25991, 33516, 36312, 38174, 39877, 40078, 41481, 43660, 44153, 44864, 45204, 47039, 47141, 51150, 51608, 55329, 56489, 59488, 59948, 61317, 61563, 61572, 61805, 61885, 65126]
Iter#43 New set #6 of size 42 (7.2 its/hit = 0.000s/hit): seed=10375450228070282471 [1727, 3390, 4185, 4367, 5334, 5647, 7712, 11234, 15928, 16053, 16368, 18081, 19106, 25631, 26099, 29498, 29991, 33413, 33456, 34516, 35293, 35897, 38884, 39120, 40120, 40858, 40931, 42902, 43672, 45571, 46301, 48638, 50097, 51805, 52163, 52929, 54387, 57630, 58410, 61258, 62469, 65451]
Iter#54 New set #7 of size 42 (7.7 its/hit = 0.000s/hit): seed=4780610081759201286 [951, 1006, 1797, 2039, 3732, 4168, 7616, 14888, 15804, 18515, 20003, 22858, 22901, 25070, 26255, 27359, 27695, 31892, 33138, 34612, 39621, 41185, 41422, 42286, 43710, 44480, 44584, 44772, 45042, 47124, 47730, 48031, 48803, 49191, 49890, 51082, 55613, 57998, 59286, 61857, 62403, 62525]
Iter#56 New set #8 of size 42 (7.0 its/hit = 0.000s/hit): seed=10351504516635404964 [639, 702, 2095, 3629, 5328, 6803, 8149, 8573, 10290, 12282, 14319, 15090, 15833, 17315, 24656, 24778, 25633, 27879, 28561, 32465, 34333, 37698, 38163, 40532, 43043, 45500, 45984, 46563, 46731, 47589, 51220, 52213, 52300, 52384, 52552, 53771, 54752, 55164, 56320, 60807, 62242, 63772]
Iter#63 New set #9 of size 42 (7.0 its/hit = 0.111s/hit): seed=10912574584803597018 [637, 6196, 7373, 8284, 8445, 10907, 14651, 14843, 15111, 15968, 18081, 20748, 21667, 22281, 22590, 25831, 29669, 32766, 33348, 34611, 36108, 38539, 39388, 40263, 40404, 41467, 41598, 41859, 42506, 43396, 48138, 49814, 50104, 51141, 53843, 54111, 54158, 55908, 57225, 59955, 61134, 61396]
Iter#64 New set #10 of size 42 (6.4 its/hit = 0.100s/hit): seed=10048954824517430990 [223, 1163, 3338, 3415, 3645, 8625, 11736, 12443, 14084, 18604, 21028, 23650, 25705, 27537, 32772, 35768, 36339, 38729, 38991, 39601, 39964, 43994, 44789, 44806, 45882, 46349, 47365, 49174, 51478, 52363, 53862, 55620, 56114, 58634, 59971, 60860, 61097, 62291, 62908, 63543, 63610, 64094]
Iter#74 New set #1 of size 43 (74.0 its/hit = 1.000s/hit): seed=13607250526589331514 [1264, 1492, 3024, 4843, 4962, 4991, 5593, 5768, 7368, 7392, 8206, 11528, 12632, 12683, 12891, 13009, 16317, 17036, 17972, 18090, 25212, 25465, 27313, 29391, 31766, 32051, 32402, 33470, 38294, 42095, 42503, 42703, 44076, 49004, 50630, 50961, 52807, 53944, 55501, 57951, 58463, 60326, 64871]
Iter#77 New set #2 of size 43 (38.5 its/hit = 0.500s/hit): seed=3480886671322262885 [97, 454, 918, 919, 989, 2919, 3796, 4416, 4460, 4623, 8341, 10131, 11441, 16390, 16537, 18015, 20101, 21054, 21581, 24041, 26544, 27060, 31725, 32766, 35139, 36107, 37405, 38916, 39113, 39756, 45723, 46035, 47793, 49567, 52238, 53086, 53960, 54400, 54958, 58625, 59670, 62295, 62535]
Iter#197 New set #3 of size 43 (65.7 its/hit = 1.000s/hit): seed=5186198270214885694 [4268, 5542, 6676, 7617, 8182, 8299, 8412, 11048, 11514, 11798, 12137, 13042, 16106, 19180, 20783, 21578, 21792, 24305, 25313, 25915, 29485, 30729, 31339, 33893, 36197, 37078, 37312, 37837, 41492, 45075, 46608, 48095, 49207, 50411, 51182, 54325, 55502, 55521, 57598, 57925, 57940, 60894, 62088]
Iter#225 New set #4 of size 43 (56.2 its/hit = 0.750s/hit): seed=9260847773826910598 [268, 4815, 5600, 6516, 6970, 10779, 10919, 10969, 11894, 12809, 14231, 14744, 15235, 16048, 20935, 22724, 25891, 28562, 28764, 30152, 30986, 31307, 33824, 34135, 34410, 38039, 38944, 40668, 40804, 41131, 43375, 43833, 45026, 45714, 45869, 46010, 46633, 50653, 50898, 54393, 58202, 63110, 63780]
Iter#253 New set #5 of size 43 (50.6 its/hit = 0.800s/hit): seed=17619850812990654456 [905, 1621, 2858, 8968, 10654, 11206, 11664, 16216, 18045, 18450, 21447, 23941, 23987, 24753, 25786, 26036, 26143, 27237, 27590, 28630, 29647, 31429, 35807, 37353, 39941, 40734, 41227, 41600, 43621, 44542, 45722, 45859, 47612, 47812, 47837, 50484, 53459, 55471, 55689, 56985, 59758, 62405, 64180]
Iter#262 New set #6 of size 43 (43.7 its/hit = 0.667s/hit): seed=14355568985911028049 [2556, 3258, 7425, 9087, 10006, 10612, 14035, 14897, 17261, 17946, 19619, 19992, 21763, 23202, 24591, 26525, 26998, 27231, 30174, 30377, 30683, 36476, 38091, 38395, 39110, 39543, 40246, 41953, 42441, 45712, 50326, 51500, 52735, 54296, 56954, 58455, 59127, 59915, 60876, 61819, 62964, 63412, 65317]
Iter#313 New set #7 of size 43 (44.7 its/hit = 0.714s/hit): seed=13503558121815861579 [1345, 6442, 6687, 10611, 11012, 11534, 14064, 14467, 15957, 16350, 18212, 18613, 18962, 20227, 20484, 20663, 21195, 21906, 25376, 26887, 27202, 29631, 30267, 33245, 34207, 34328, 35208, 36975, 40442, 45344, 45351, 45627, 46987, 47756, 48181, 49253, 49269, 50354, 51899, 55349, 55842, 56676, 63154]
Iter#365 New set #8 of size 43 (45.6 its/hit = 0.625s/hit): seed=11534681792975208270 [2686, 3705, 4584, 5410, 8435, 10328, 10784, 14739, 15307, 15786, 18857, 19853, 20928, 25400, 26828, 27861, 29374, 29403, 30255, 30513, 31077, 32564, 34127, 34792, 36197, 36719, 39766, 40080, 42917, 50910, 51445, 52902, 53118, 53335, 54048, 55666, 55928, 56820, 57434, 58405, 62235, 62518, 63239]
Iter#435 New set #9 of size 43 (48.3 its/hit = 0.778s/hit): seed=1966403165827324684 [5807, 7150, 9078, 10116, 10935, 12615, 16173, 18916, 21004, 21118, 24459, 24733, 25640, 26393, 27853, 28721, 29347, 32682, 33193, 33204, 35073, 36588, 38513, 39198, 42196, 43312, 44686, 45366, 45620, 47508, 49025, 49262, 50080, 50142, 55500, 56998, 58028, 58204, 60620, 60775, 62299, 63459, 63473]
Iter#460 New set #10 of size 43 (46.0 its/hit = 0.700s/hit): seed=8249415909261756695 [2011, 2167, 4256, 6508, 8282, 10977, 11190, 11761, 11785, 14978, 15297, 15522, 15663, 21490, 22926, 23255, 24582, 25115, 25806, 28260, 29424, 32112, 34700, 38353, 39579, 40441, 40450, 40698, 40964, 46654, 47275, 48466, 50948, 52961, 56381, 57757, 58050, 58177, 59638, 61958, 62874, 63382, 64704]
Iter#481 New set #1 of size 44 (481.0 its/hit = 7.000s/hit): seed=10144691748357901857 [248, 447, 1075, 4271, 7784, 9426, 11586, 12416, 13486, 15160, 16587, 17318, 18887, 19287, 24059, 25164, 25625, 27177, 27704, 28596, 29162, 30816, 30874, 32377, 32937, 34443, 34864, 35819, 36996, 38015, 38289, 38350, 39156, 40965, 41392, 43415, 43875, 44674, 51372, 53293, 55481, 57805, 63197, 65248]
Iter#522 New set #2 of size 44 (261.0 its/hit = 4.000s/hit): seed=10610317684522582478 [938, 1647, 2212, 3237, 9489, 14574, 16168, 16976, 17924, 18103, 21765, 23834, 24085, 27630, 28076, 33696, 39713, 40420, 42065, 43566, 48967, 49732, 49917, 49981, 50355, 51513, 52610, 52910, 53793, 54180, 55167, 55549, 55615, 56195, 57416, 57530, 58315, 58837, 59174, 59949, 61801, 63170, 63938, 64977]
Iter#685 New set #3 of size 44 (228.3 its/hit = 3.667s/hit): seed=3204589593172553574 [9399, 9999, 10821, 13458, 14556, 14732, 14751, 16331, 18409, 20242, 20793, 24426, 25612, 25867, 27199, 27323, 27752, 29992, 31248, 33422, 34517, 35144, 37009, 38607, 38989, 39155, 39428, 39920, 40469, 44371, 45972, 47182, 48511, 48749, 49239, 50840, 55525, 55629, 57487, 58124, 58326, 59623, 63935, 64999]
Iter#1050 New set #4 of size 44 (262.5 its/hit = 4.250s/hit): seed=16298607324051336888 [56, 2620, 4080, 4362, 5697, 7080, 9551, 10640, 14541, 14902, 15284, 16212, 16451, 19767, 23287, 23663, 24670, 26165, 26368, 27669, 28578, 29469, 30389, 31525, 34671, 35845, 36297, 37115, 37581, 38060, 41683, 42612, 42979, 43079, 47757, 50433, 50632, 50795, 51532, 61984, 62122, 63344, 64042, 64541]
Iter#1138 New set #5 of size 44 (227.6 its/hit = 3.600s/hit): seed=6749982767122075874 [989, 1475, 2078, 3935, 4286, 4423, 5079, 6656, 7294, 8643, 9456, 10010, 11809, 16237, 16791, 17389, 17404, 18370, 18799, 20275, 21380, 22910, 23701, 25942, 26625, 28890, 32524, 32999, 33015, 35841, 37127, 40849, 42141, 46984, 49089, 50957, 51657, 53191, 59306, 59405, 64203, 64491, 65486, 65531]
Iter#1157 New set #6 of size 44 (192.8 its/hit = 3.000s/hit): seed=10808928580297623038 [3656, 6023, 7367, 9902, 10283, 10566, 11563, 11785, 12629, 13501, 13618, 14463, 15349, 19573, 19812, 23819, 25418, 27175, 27236, 27665, 28130, 30768, 31235, 32696, 33439, 33592, 35027, 35109, 38128, 39915, 41496, 42318, 43890, 46888, 47172, 49150, 50748, 52497, 53762, 57053, 58660, 59423, 63532, 64115]
Iter#1589 New set #7 of size 44 (227.0 its/hit = 3.714s/hit): seed=17181013288484479822 [1013, 1231, 7347, 8425, 10440, 12134, 12785, 13774, 14183, 17589, 19027, 20779, 22913, 23429, 23901, 24437, 25139, 26987, 28931, 30850, 31615, 33421, 35052, 36166, 38510, 38794, 41198, 43167, 43323, 44810, 44938, 46510, 52049, 54294, 55081, 55418, 58671, 59682, 61555, 63432, 64594, 64929, 65101, 65505]
Iter#1695 New set #8 of size 44 (211.9 its/hit = 3.375s/hit): seed=7868755013462414699 [879, 3605, 4467, 5709, 8297, 8559, 11298, 12698, 13172, 14924, 16392, 17669, 19947, 21294, 24643, 24908, 29250, 30658, 32403, 32421, 34210, 35267, 37221, 38839, 40430, 40812, 41344, 45680, 47413, 48520, 49252, 52491, 55848, 55907, 56153, 57953, 58506, 60857, 61080, 61661, 61988, 62106, 62711, 65213]
Iter#2022 New set #9 of size 44 (224.7 its/hit = 3.667s/hit): seed=1170181572043518260 [19, 1430, 3630, 4446, 4649, 5211, 8037, 10710, 11603, 12272, 18410, 18717, 23134, 23212, 23850, 24471, 27453, 27942, 28134, 29329, 35526, 36472, 37440, 38479, 42172, 42678, 43340, 44685, 47682, 49791, 49943, 50246, 50976, 51182, 51438, 51482, 51770, 53631, 56885, 58220, 61421, 62273, 62642, 64777]
Iter#2500 New set #10 of size 44 (250.0 its/hit = 4.100s/hit): seed=8268017883699927214 [4811, 5610, 7492, 10036, 12125, 12729, 13943, 15653, 19391, 19563, 20614, 22058, 23311, 24084, 24559, 26280, 27865, 29980, 31398, 31469, 33207, 35685, 35799, 36641, 37769, 41723, 42699, 43714, 45556, 47752, 48889, 50115, 50854, 50976, 51259, 51670, 52986, 53001, 53252, 55729, 57218, 58322, 62136, 64082]
Iter#4696 New set #1 of size 45 (4696.0 its/hit = 77.000s/hit): seed=14733541075768248518 [1479, 5078, 5960, 5997, 7589, 8290, 14398, 15268, 15465, 16978, 18977, 19517, 22688, 24990, 25423, 28276, 28814, 30051, 30450, 30648, 31016, 33735, 39032, 40242, 40736, 45826, 47879, 48392, 49119, 50017, 50663, 51249, 52324, 52793, 54646, 56150, 56591, 58163, 60620, 61044, 61189, 61782, 62001, 64354, 64423]
Iter#4946 New set #2 of size 45 (2473.0 its/hit = 41.000s/hit): seed=18253058009477978109 [1103, 1999, 2805, 2878, 3222, 4407, 6878, 7075, 7668, 9732, 11617, 11949, 15407, 18469, 22557, 23520, 24689, 28233, 28310, 28496, 28620, 28883, 29338, 31117, 32888, 33262, 35839, 38135, 39476, 41229, 43397, 43562, 46099, 47474, 49951, 51617, 55757, 57940, 58504, 59840, 60109, 60823, 64098, 64852, 64995]
Iter#5883 New set #3 of size 45 (1961.0 its/hit = 32.333s/hit): seed=12862094536071109855 [1056, 1894, 3063, 3291, 3393, 4516, 4680, 5131, 6133, 7155, 7722, 11254, 11897, 12128, 14143, 16690, 18586, 23754, 24622, 27387, 29387, 29878, 30804, 32520, 32602, 34144, 36208, 36832, 39804, 40411, 43864, 47789, 50072, 51966, 52511, 54008, 54846, 56072, 56139, 56778, 59515, 60878, 61923, 62268, 64884]
Iter#6985 New set #4 of size 45 (1746.2 its/hit = 28.750s/hit): seed=3054456640178658252 [1359, 1581, 1798, 2005, 4380, 5573, 6454, 7536, 8240, 9920, 10780, 13050, 14556, 14615, 14820, 15182, 15330, 15842, 16914, 21170, 24607, 25019, 25963, 26179, 28902, 29821, 30652, 35101, 40671, 40701, 43280, 45268, 46972, 47090, 50251, 53949, 55408, 56559, 56645, 56832, 57292, 58175, 58973, 62931, 63230]
Iter#8060 New set #5 of size 45 (1612.0 its/hit = 26.600s/hit): seed=9841521241596368743 [1315, 1972, 2658, 2759, 4826, 11817, 12575, 14889, 15163, 15613, 16251, 17932, 19423, 20905, 22688, 23321, 24607, 24954, 25637, 26228, 27051, 28802, 29245, 33383, 33799, 34775, 35990, 36132, 37200, 38172, 40368, 42197, 42237, 44300, 44404, 44980, 45800, 46631, 46650, 47606, 51111, 52770, 56026, 62391, 62548]
Iter#11190 New set #6 of size 45 (1865.0 its/hit = 30.667s/hit): seed=8192272058027884310 [568, 3066, 6476, 7349, 8069, 9990, 11919, 13755, 17834, 19304, 19702, 19909, 20566, 22939, 23014, 24200, 24617, 24822, 24928, 26386, 28664, 29302, 31857, 33593, 35610, 36351, 38147, 40062, 41267, 41283, 44188, 44373, 45196, 46669, 55157, 55711, 55883, 57028, 57047, 58400, 59008, 59746, 63077, 65017, 65046]
Iter#12549 New set #7 of size 45 (1792.7 its/hit = 29.429s/hit): seed=4116427202191806818 [1339, 5166, 7590, 9298, 9656, 11800, 13858, 15226, 16926, 17991, 18083, 18658, 19776, 20952, 22296, 23534, 24490, 27156, 27342, 27466, 27700, 28277, 28762, 29181, 30893, 32725, 33034, 35995, 36067, 37779, 38959, 39261, 40017, 42651, 46177, 55905, 59090, 60572, 61113, 61124, 61402, 62790, 62846, 64246, 65167]
Iter#14104 New set #8 of size 45 (1763.0 its/hit = 29.000s/hit): seed=4234284713361551360 [1425, 2383, 4944, 5414, 9049, 11002, 14916, 16824, 18184, 19471, 21171, 21365, 22402, 22419, 22422, 25348, 26216, 29794, 29822, 30685, 34880, 35271, 35742, 35831, 37978, 38072, 39641, 41386, 41837, 43471, 43821, 46341, 46398, 46635, 49174, 49648, 49862, 50560, 52012, 52571, 54443, 61546, 61968, 63252, 63349]
Iter#14721 New set #9 of size 45 (1635.7 its/hit = 26.889s/hit): seed=9693596546700817581 [144, 320, 612, 3212, 3908, 8963, 11570, 12407, 14388, 15224, 17615, 24303, 25604, 26338, 27199, 28565, 30218, 30774, 31200, 33042, 33410, 34463, 34830, 35387, 38420, 38563, 38644, 38750, 39336, 40305, 41329, 42519, 44617, 45155, 45757, 48541, 49730, 51105, 51776, 54177, 54220, 57864, 58795, 63277, 63451]
Iter#29381 New set #10 of size 45 (2938.1 its/hit = 48.400s/hit): seed=1386111464104523272 [378, 1185, 4608, 5190, 5367, 7328, 9985, 10317, 11868, 13062, 20214, 20493, 21190, 21257, 21835, 22446, 24194, 24663, 24839, 25020, 26802, 29620, 31664, 32322, 32806, 33531, 34617, 37733, 38782, 39403, 40024, 41950, 44425, 48471, 48709, 51091, 53780, 53836, 55991, 56849, 57564, 58694, 58856, 61565, 62577]
Iter#40866 New set #1 of size 46 (40866.0 its/hit = 638.000s/hit): seed=6215035874310700227 [2, 1940, 2866, 8024, 9690, 9863, 10334, 11985, 13716, 15150, 16113, 22195, 23255, 23458, 23990, 26163, 26641, 30717, 33908, 35637, 36337, 36784, 37947, 38155, 38817, 39311, 41520, 43090, 43307, 45132, 47549, 49854, 50234, 50802, 53773, 55067, 56603, 57210, 58326, 59106, 60120, 60124, 60755, 62941, 63347, 65313]
Iter#44187 New set #2 of size 46 (22093.5 its/hit = 339.000s/hit): seed=4716242503113536213 [459, 1474, 2180, 3312, 3730, 7137, 7217, 8668, 9251, 10638, 11344, 18055, 18654, 20020, 24158, 29684, 29859, 30278, 30525, 31333, 32881, 32906, 33480, 34181, 35440, 38294, 38767, 39993, 40940, 42243, 43552, 44689, 44808, 44816, 48604, 49506, 50323, 53957, 54340, 54609, 54888, 57608, 58125, 59608, 62441, 62918]
