[*] Computing DDT
[+] DDT Computed
DDT took 96.854820801s
Iter#1 New set #1 of size 40 (1.0 its/hit = 0.000s/hit): seed=6784800067736926566 [398, 1240, 2652, 3431, 3777, 3952, 8599, 13581, 14721, 21692, 24269, 26167, 26191, 26542, 27808, 29176, 29239, 30482, 30571, 30753, 31280, 34130, 34838, 36134, 37607, 39212, 39528, 41004, 41867, 42280, 44496, 45203, 47276, 53261, 53412, 53685, 61931, 63060, 63470, 64171]
Iter#2 New set #1 of size 41 (2.0 its/hit = 0.000s/hit): seed=5254344572249884038 [34, 677, 2051, 3552, 6683, 7366, 7599, 8069, 10549, 15664, 17258, 17359, 19129, 20258, 23143, 23706, 25617, 26748, 27849, 27983, 28003, 28534, 30313, 33891, 34431, 35048, 36443, 37511, 37685, 37971, 38568, 40093, 41082, 43298, 47590, 48015, 52909, 53324, 53693, 55072, 62066]
Iter#3 New set #2 of size 41 (1.5 its/hit = 0.000s/hit): seed=7697704231996553910 [301, 830, 1835, 4664, 5587, 7159, 8279, 11092, 15303, 15431, 15543, 16048, 17886, 19619, 19716, 22890, 27453, 27669, 29949, 31109, 33227, 36837, 39177, 41595, 41651, 42729, 43551, 46131, 48589, 48610, 53845, 54766, 55467, 57260, 57756, 61723, 61877, 62050, 64013, 65085, 65361]
Iter#7 New set #1 of size 42 (7.0 its/hit = 0.000s/hit): seed=4050204707125214498 [388, 7766, 9084, 9773, 9963, 10670, 11719, 12245, 13681, 13754, 14657, 15033, 19203, 22673, 22833, 23226, 24981, 28240, 32718, 33449, 34215, 35766, 36063, 39642, 40867, 42543, 46838, 47313, 49858, 50387, 50937, 52093, 52482, 53799, 55766, 55889, 56211, 58475, 63215, 63415, 64197, 64504]
Iter#14 New set #2 of size 42 (7.0 its/hit = 0.000s/hit): seed=11204624392683717931 [3014, 3175, 8196, 10008, 13898, 20930, 21627, 23392, 23404, 23985, 26274, 29327, 30147, 30524, 31948, 34966, 39915, 41112, 41776, 42145, 43008, 43116, 43672, 44284, 44685, 44782, 44907, 48154, 48957, 48972, 49175, 52208, 53330, 53880, 54663, 55314, 60778, 60951, 62693, 62863, 63667, 64660]
Iter#24 New set #3 of size 42 (8.0 its/hit = 0.000s/hit): seed=12652665359745705544 [2195, 5348, 10508, 10761, 10796, 11237, 11405, 15252, 15908, 19538, 21092, 24571, 25528, 28611, 30123, 31747, 31786, 31929, 33032, 33949, 35689, 36118, 37708, 39428, 41440, 42748, 47154, 47317, 47697, 48470, 51258, 51471, 53577, 54237, 54543, 55534, 56907, 57242, 58381, 58722, 60620, 65424]
Iter#26 New set #4 of size 42 (6.5 its/hit = 0.000s/hit): seed=1290694730282642321 [2586, 4997, 9685, 10981, 11724, 17997, 18093, 18917, 19420, 19469, 20959, 21996, 22479, 25892, 28976, 30763, 31008, 34249, 37173, 37532, 39904, 40688, 41999, 42078, 43586, 43926, 44427, 47313, 49084, 49950, 50295, 52057, 52160, 52822, 54104, 54838, 55780, 58209, 58831, 60884, 64224, 64981]
Iter#34 New set #1 of size 43 (34.0 its/hit = 0.000s/hit): seed=15729777045815493539 [3109, 7297, 8348, 9264, 12863, 14011, 15232, 17230, 17879, 18398, 18643, 19349, 19662, 19941, 20694, 21380, 21834, 22995, 23203, 23292, 23924, 24526, 27439, 27798, 27937, 30496, 32254, 34306, 39107, 39310, 43950, 44818, 46148, 49483, 51818, 54685, 56089, 57471, 57566, 59170, 59654, 63184, 63506]
Iter#35 New set #2 of size 43 (17.5 its/hit = 0.000s/hit): seed=9131842250719510462 [1791, 1894, 2840, 3228, 7252, 7772, 10367, 14847, 14962, 15231, 15861, 16755, 16955, 17264, 25165, 25281, 29747, 31131, 31278, 31404, 31697, 33081, 33298, 33359, 34546, 35513, 35692, 39042, 42942, 43630, 46102, 47791, 48790, 49694, 50065, 50907, 50986, 51906, 53394, 54146, 56744, 62402, 63342]
Iter#43 New set #3 of size 43 (14.3 its/hit = 0.000s/hit): seed=7692394902496432415 [1321, 3541, 5010, 6066, 9575, 11000, 13804, 15503, 16578, 19629, 21145, 23675, 25562, 26703, 28747, 29928, 34178, 34856, 38530, 39972, 41184, 41232, 43531, 44770, 47876, 48147, 48208, 49083, 49390, 50626, 51970, 52473, 53343, 53405, 53899, 55954, 56029, 56673, 59122, 61272, 62976, 63423, 63637]
Iter#48 New set #4 of size 43 (12.0 its/hit = 0.000s/hit): seed=7631390350959457830 [2725, 3551, 3602, 4166, 4602, 5612, 9083, 9457, 11631, 16599, 17907, 18361, 18602, 21231, 24640, 27576, 27652, 27972, 28449, 29340, 30756, 31247, 32166, 34013, 37483, 38324, 39086, 39089, 44234, 45185, 46070, 48844, 49956, 50119, 51002, 51437, 52310, 53036, 53305, 56558, 59492, 61804, 64702]
Iter#57 New set #5 of size 43 (11.4 its/hit = 0.000s/hit): seed=13800518954633612535 [30, 2860, 3394, 7040, 7383, 7630, 8546, 8581, 8980, 10409, 10498, 10954, 12064, 12880, 15035, 17182, 17529, 17569, 18358, 19714, 19948, 20011, 22001, 23352, 26684, 34105, 38791, 39010, 39183, 39485, 41081, 42643, 44115, 44774, 50479, 51553, 52933, 53466, 60474, 60516, 60921, 64093, 65126]
Iter#85 New set #6 of size 43 (14.2 its/hit = 0.167s/hit): seed=718920794641041794 [2791, 3511, 8326, 8898, 10813, 12426, 13763, 16601, 16959, 17129, 17179, 17267, 20512, 23201, 27781, 27846, 30169, 30546, 31516, 31642, 33393, 37712, 38355, 39087, 39283, 41432, 42086, 43894, 44713, 45653, 46868, 46967, 49734, 49924, 50032, 51323, 51529, 51860, 53397, 53765, 54113, 54470, 60984]
Iter#145 New set #7 of size 43 (20.7 its/hit = 0.286s/hit): seed=16123654519209980826 [3542, 5285, 5867, 7014, 11131, 15683, 16558, 19442, 20388, 21354, 22158, 23203, 24858, 25015, 26398, 28582, 29026, 29318, 30473, 31018, 31735, 32482, 32638, 33751, 35034, 36804, 36874, 39413, 40730, 41809, 43118, 45099, 47313, 48557, 49158, 49721, 50976, 57879, 60268, 60788, 61684, 62699, 65158]
Iter#146 New set #8 of size 43 (18.2 its/hit = 0.250s/hit): seed=16890260103156125057 [1760, 4287, 4927, 6881, 7146, 9163, 9170, 9354, 10676, 10753, 13802, 15019, 17110, 18911, 19298, 22869, 23673, 27855, 28929, 30016, 32123, 32153, 32906, 32990, 38142, 39450, 39903, 41407, 45740, 46409, 51437, 52282, 53311, 53829, 56746, 57697, 59065, 60781, 61293, 62632, 63006, 63109, 65421]
Iter#188 New set #9 of size 43 (20.9 its/hit = 0.222s/hit): seed=6280066459517934617 [441, 2445, 8549, 9097, 9705, 9771, 10119, 11680, 12482, 13026, 16372, 17692, 18762, 19615, 22278, 22609, 22799, 24661, 27489, 28650, 30934, 31889, 32832, 32903, 36721, 41289, 46976, 47033, 49119, 50728, 51198, 53321, 56845, 57736, 58224, 60047, 62509, 62578, 62983, 64396, 64435, 64982, 65000]
Iter#245 New set #10 of size 43 (24.5 its/hit = 0.300s/hit): seed=14915955009134515931 [1425, 1582, 10801, 11261, 12500, 13244, 13758, 15522, 17297, 19910, 20122, 21918, 22836, 23685, 28178, 30285, 30369, 31146, 32716, 33151, 35439, 39453, 40070, 40451, 42369, 43114, 45924, 48054, 48362, 49530, 49852, 50546, 52078, 53654, 55488, 56327, 56944, 56971, 58893, 62324, 63307, 63870, 65451]
Iter#284 New set #1 of size 44 (284.0 its/hit = 4.000s/hit): seed=6491985037466544181 [14, 41, 1823, 2093, 5854, 5916, 6637, 7790, 8293, 19013, 25568, 26679, 26801, 27097, 27433, 27894, 29283, 29532, 30289, 34882, 36977, 38388, 38676, 40851, 41463, 42434, 42659, 44032, 45211, 45319, 46446, 48051, 50427, 50462, 50905, 52974, 54089, 55003, 55220, 57183, 57277, 57339, 61822, 63661]
Iter#304 New set #2 of size 44 (152.0 its/hit = 2.000s/hit): seed=9775605722762327013 [209, 2202, 4136, 4585, 5242, 10064, 12968, 16916, 17346, 17399, 17896, 18106, 18864, 19067, 19546, 26591, 26601, 28075, 28087, 30645, 31632, 33018, 33110, 33231, 35339, 37652, 37954, 41060, 41095, 42369, 44805, 46447, 47742, 49704, 50215, 52726, 55057, 56073, 58544, 60137, 62827, 63235, 64177, 64461]
Iter#528 New set #1 of size 45 (528.0 its/hit = 8.000s/hit): seed=15167695142492990939 [2368, 3500, 3946, 5141, 6131, 6509, 9637, 10699, 11266, 11499, 15795, 18661, 21952, 22486, 24076, 25862, 27258, 29251, 35977, 36054, 36727, 37385, 38124, 38420, 38574, 39613, 40183, 40185, 40636, 43208, 43420, 43526, 46105, 54174, 54253, 55535, 55921, 56660, 57057, 57460, 57992, 59123, 62005, 62435, 65361]
Iter#1459 New set #2 of size 45 (729.5 its/hit = 11.500s/hit): seed=13625697015301053014 [731, 3463, 4556, 4733, 4899, 5288, 5561, 6708, 8793, 10125, 15517, 15982, 16903, 18517, 20115, 21231, 23198, 30087, 31870, 33056, 34555, 36053, 36461, 36620, 37626, 39235, 39473, 39979, 40472, 40586, 41646, 41993, 43710, 46269, 47618, 48518, 49078, 52350, 52960, 55741, 55809, 58767, 59395, 61259, 63280]
Iter#2127 New set #3 of size 45 (709.0 its/hit = 11.000s/hit): seed=3971394653958330043 [354, 359, 1466, 2138, 5014, 7847, 8177, 8983, 9224, 9700, 13075, 13556, 15993, 16727, 17418, 17587, 22922, 23685, 24935, 27387, 28096, 29336, 32275, 33961, 37585, 38873, 41624, 44154, 44331, 52840, 52950, 53096, 54244, 55916, 56079, 57567, 58606, 58890, 59273, 61185, 62511, 63208, 64343, 65108, 65374]
Iter#2337 New set #4 of size 45 (584.2 its/hit = 9.250s/hit): seed=12658327958664262836 [530, 673, 3686, 4403, 6324, 7688, 11291, 12705, 14401, 17498, 17833, 20230, 21495, 23766, 24940, 26676, 27544, 28224, 30797, 31240, 31578, 32651, 33214, 33441, 34526, 34961, 35445, 36346, 37620, 37635, 37664, 37912, 38584, 38948, 40034, 41170, 42578, 45027, 45525, 45825, 50006, 51896, 56555, 62921, 63189]
Iter#4560 New set #5 of size 45 (912.0 its/hit = 14.400s/hit): seed=17995631531945551605 [986, 1046, 4036, 6833, 7207, 9136, 10126, 11445, 13639, 14295, 14974, 15202, 16229, 29363, 30018, 31088, 33312, 35057, 37345, 38665, 39084, 39716, 39899, 44263, 45517, 47490, 47812, 49030, 51085, 52732, 54400, 57567, 58339, 58511, 59294, 59489, 59987, 60576, 61062, 62735, 63586, 64246, 64794, 65077, 65393]
Iter#5404 New set #1 of size 49 (5404.0 its/hit = 86.000s/hit): seed=10210321594053131029 [0, 2882, 3041, 3638, 5075, 9364, 10510, 11971, 14535, 15851, 18496, 18736, 18882, 19637, 23347, 27990, 28384, 28771, 29175, 29413, 31919, 33042, 33263, 33478, 34232, 35042, 36799, 38507, 40485, 42361, 42529, 42673, 42810, 43276, 46880, 47434, 47968, 48377, 49569, 50085, 50629, 51268, 51631, 51939, 55766, 57427, 61637, 62117, 62975]
Iter#10397 New set #2 of size 49 (5198.5 its/hit = 83.000s/hit): seed=15438245114122651249 [0, 363, 2004, 2630, 7591, 9385, 10715, 10716, 11791, 13462, 14440, 16314, 16853, 17084, 17202, 18523, 19096, 23115, 23500, 24213, 26037, 26097, 26133, 26382, 26633, 27062, 29483, 33467, 35168, 36424, 38770, 38791, 40591, 41065, 41597, 42727, 43567, 47185, 47838, 47863, 50168, 50547, 52090, 52414, 57154, 57308, 58992, 59163, 60173]
Iter#19546 New set #3 of size 49 (6515.3 its/hit = 104.333s/hit): seed=1307255014609791799 [0, 974, 2830, 4562, 5841, 7549, 8741, 10408, 10539, 12594, 13017, 15740, 17227, 17824, 19199, 19618, 20091, 22585, 23316, 24176, 25175, 26216, 26490, 27517, 29099, 29842, 31444, 32046, 32379, 33358, 35189, 37031, 37667, 39079, 40231, 46336, 46969, 48292, 48304, 49002, 49566, 50007, 57052, 60305, 60729, 62514, 63212, 63582, 63642]
Iter#22497 New set #1 of size 52 (22497.0 its/hit = 360.000s/hit): seed=17890369604749115582 [0, 1739, 2862, 2928, 4032, 4504, 5121, 7081, 7522, 8314, 8756, 8893, 10724, 12814, 15853, 16764, 17307, 18547, 19568, 21105, 21885, 22066, 22627, 25519, 25569, 27207, 27615, 29063, 29773, 32541, 32880, 34345, 37352, 38881, 38945, 39269, 39495, 40359, 44222, 44969, 45251, 45570, 47404, 50675, 51988, 52403, 52867, 54179, 60942, 62052, 63976, 64691]
Iter#24808 New set #2 of size 52 (12404.0 its/hit = 198.500s/hit): seed=15033049139513559047 [0, 4898, 6010, 9450, 9640, 9906, 11720, 13166, 13341, 13359, 13962, 14666, 16607, 17113, 17690, 19000, 23730, 24008, 26472, 27706, 27750, 28261, 28935, 29050, 30897, 32279, 33264, 33512, 33539, 33648, 33987, 34185, 35827, 36741, 38466, 42266, 43930, 43971, 44353, 48521, 51109, 52273, 53082, 54427, 55907, 56139, 58752, 59661, 59827, 60774, 63058, 64449]
Iter#28893 New set #1 of size 55 (28893.0 its/hit = 463.000s/hit): seed=14271781650256263927 [0, 168, 400, 469, 1618, 3394, 5107, 7776, 7857, 8503, 10299, 10888, 13915, 14313, 15001, 17717, 19115, 20631, 20802, 24393, 24611, 25775, 28742, 29141, 29724, 30228, 30848, 30992, 31096, 31573, 31850, 34611, 35746, 36682, 36851, 37097, 37142, 37310, 37787, 39815, 39983, 42098, 42322, 45951, 46547, 51719, 51910, 53582, 54313, 55418, 57413, 57554, 62534, 62750, 64119]
Iter#96701 New set #2 of size 55 (48350.5 its/hit = 633.000s/hit): seed=12171219086912606974 [0, 645, 2499, 3562, 4200, 7389, 8356, 10361, 10510, 12113, 12233, 13166, 13639, 13643, 15333, 16813, 17870, 21926, 22602, 22843, 22943, 22945, 27617, 27772, 28260, 29158, 30454, 30699, 30958, 33357, 34135, 34440, 35968, 35989, 36775, 36799, 40611, 42673, 43481, 43841, 45248, 47363, 47563, 49302, 49683, 50202, 55495, 55628, 55907, 58025, 59252, 59477, 59661, 62140, 62176]
Iter#179689 New set #3 of size 55 (59896.3 its/hit = 745.000s/hit): seed=8780301335133266805 [0, 7134, 7240, 8217, 9043, 9637, 9702, 9964, 15303, 15378, 17248, 20178, 20475, 20538, 21651, 22330, 22763, 24677, 26118, 26708, 27230, 29609, 31188, 31310, 31444, 31672, 32169, 33207, 33358, 33488, 36023, 36116, 36734, 37299, 38472, 38495, 40654, 41692, 43345, 43776, 44410, 49121, 50004, 54564, 54762, 56046, 57156, 58280, 59495, 60385, 63034, 63642, 64514, 64641, 65213]
Iter#203161 New set #4 of size 55 (50790.2 its/hit = 627.250s/hit): seed=4389035529781200761 [0, 612, 2363, 2835, 9614, 9644, 9955, 11021, 12627, 14963, 16824, 17500, 18248, 18768, 19201, 19297, 19905, 25286, 26835, 28487, 28843, 29042, 29967, 31032, 31781, 33151, 34112, 34296, 35544, 38289, 38598, 38725, 39247, 40405, 41044, 44533, 44945, 45664, 48206, 48774, 51993, 52781, 54248, 56019, 56356, 56513, 56517, 57364, 59820, 62984, 63229, 64038, 64632, 65014, 65441]
Iter#246236 New set #5 of size 55 (49247.2 its/hit = 603.400s/hit): seed=12752472761613253407 [0, 1133, 1384, 1781, 5764, 6074, 6375, 8076, 10444, 13291, 15093, 15667, 15834, 18088, 18140, 19230, 19939, 21691, 23661, 28028, 28804, 28880, 29077, 30188, 30798, 31602, 31863, 32967, 33034, 33647, 38379, 38576, 39436, 39502, 39991, 43172, 43429, 44957, 45997, 47040, 48605, 49456, 50785, 51141, 52296, 52530, 52854, 54929, 55081, 55251, 58840, 60859, 61048, 63431, 64084]
Iter#268544 New set #6 of size 55 (44757.3 its/hit = 546.833s/hit): seed=15627235761665964775 [0, 1400, 2732, 2775, 3686, 6921, 9602, 10277, 11358, 12244, 16235, 18155, 19150, 19525, 20089, 21067, 21153, 21527, 23751, 24121, 24251, 24560, 24914, 27309, 27584, 30677, 32523, 34661, 35825, 37619, 38918, 41727, 42761, 44510, 46480, 46753, 46961, 47166, 47214, 47991, 48406, 51484, 53097, 53431, 53960, 55962, 56332, 58167, 59925, 61620, 61724, 62714, 62798, 63957, 65237]
Iter#280987 New set #1 of size 58 (280987.0 its/hit = 3426.000s/hit): seed=1465074158352360984 [0, 2128, 2358, 2683, 5624, 7735, 7957, 9216, 9729, 12438, 13394, 13555, 14894, 15523, 17622, 19105, 20998, 21485, 21557, 23496, 23586, 23891, 24409, 25303, 26559, 27670, 30398, 30935, 31104, 32712, 34245, 35831, 36020, 36526, 36798, 37307, 38336, 39255, 39947, 41196, 41890, 42753, 43668, 47339, 48188, 49079, 50180, 50411, 51262, 51584, 51991, 52821, 53398, 55641, 55660, 59855, 60849, 62382]
Iter#347570 New set #2 of size 58 (173785.0 its/hit = 2102.000s/hit): seed=4259429277575498451 [0, 491, 1079, 6046, 6833, 7383, 9710, 10967, 11869, 12931, 15281, 16849, 17447, 18210, 18344, 20750, 21208, 27221, 28357, 29469, 29812, 29984, 30506, 32099, 34321, 34853, 35342, 35474, 35791, 35813, 36560, 37265, 37319, 39594, 41870, 42168, 42386, 43377, 43638, 45919, 46623, 47010, 47782, 47942, 48879, 49718, 53136, 56187, 56394, 57937, 58406, 59325, 60030, 61568, 62387, 63072, 64362, 65458]
Iter#1782802 New set #1 of size 61 (1782802.0 its/hit = 21021.000s/hit): seed=5780075393846432463 [0, 1510, 2501, 6503, 6507, 6621, 7212, 9386, 9404, 10724, 13394, 14400, 15997, 18889, 19645, 21454, 21485, 22155, 22627, 23051, 23311, 23561, 25079, 25423, 25491, 25610, 26300, 26559, 26639, 28248, 29063, 29335, 30758, 31476, 32609, 33836, 36431, 37014, 37112, 37694, 37733, 38174, 39737, 40695, 41098, 43800, 44265, 44879, 46122, 46628, 46838, 46894, 47055, 49841, 49943, 52658, 55041, 55333, 57219, 64728, 65255]
Iter#2502132 New set #1 of size 91 (2502132.0 its/hit = 31067.002s/hit): seed=10765762063584458153 [0, 1702, 2924, 3104, 3514, 3540, 3766, 3956, 4354, 4654, 5041, 5446, 7156, 7267, 7798, 8309, 9036, 10155, 10479, 12039, 12622, 13216, 13375, 15041, 16179, 16256, 16909, 17190, 17222, 18315, 20901, 21760, 21763, 21895, 22740, 23625, 23668, 24365, 25222, 25427, 25640, 28318, 28983, 29228, 29437, 29786, 30569, 31200, 32439, 33866, 34460, 34730, 35455, 36163, 38626, 38894, 39287, 40324, 40894, 44452, 45074, 45623, 45651, 45973, 46510, 47337, 47766, 48623, 49648, 49649, 49925, 50008, 50546, 50778, 51067, 51528, 52164, 52724, 52741, 53230, 54954, 55097, 56774, 57022, 59838, 60954, 61498, 61631, 63655, 64566, 64760]
Iter#2547495 New set #2 of size 91 (1273747.5 its/hit = 15901.000s/hit): seed=18430769973050408525 [0, 906, 1244, 2523, 3447, 3717, 4672, 4833, 5020, 5485, 6388, 7067, 7808, 8290, 8687, 8952, 9523, 9581, 11013, 13774, 14424, 14568, 14765, 14887, 15001, 15302, 16276, 16519, 19776, 20043, 21094, 21303, 21581, 21623, 22046, 22439, 22780, 23248, 25773, 26266, 26367, 26624, 26655, 27944, 28877, 29396, 29555, 32979, 34517, 34887, 35280, 35807, 36051, 36682, 37711, 39526, 39979, 42340, 43002, 43200, 44496, 44541, 46547, 46869, 48238, 50700, 51081, 51220, 51276, 51362, 51536, 51737, 51848, 52779, 53020, 55953, 57613, 58335, 58737, 59584, 59795, 61027, 61500, 61516, 62193, 62349, 62560, 63127, 63251, 63773, 65350]
Iter#3706511 New set #3 of size 91 (1235503.6 its/hit = 15428.333s/hit): seed=11894214741909748724 [0, 8, 11, 1430, 1791, 2291, 4965, 5589, 5901, 6066, 6722, 7172, 7760, 8831, 9325, 11127, 11512, 11701, 12414, 12659, 13908, 13996, 14259, 16039, 17248, 17767, 18163, 19183, 20134, 20443, 21580, 21910, 22342, 22950, 24768, 24821, 25312, 26305, 26313, 26834, 27632, 29459, 31117, 31965, 32400, 32472, 32592, 34254, 34348, 34875, 36142, 36834, 37809, 37818, 38093, 38764, 39370, 39958, 40173, 40989, 43252, 43919, 44997, 46305, 48417, 48780, 49082, 49121, 53129, 53973, 55696, 57173, 57547, 58301, 58666, 59331, 60131, 60743, 60892, 60918, 60966, 61532, 61553, 61783, 62922, 63679, 64296, 64641, 65006, 65069, 65088]
Iter#6722723 New set #4 of size 91 (1680680.8 its/hit = 20407.500s/hit): seed=13009394967265604175 [0, 221, 318, 613, 676, 859, 1482, 4797, 6588, 8179, 9227, 10390, 10828, 11548, 12663, 12965, 13125, 14502, 15580, 15752, 17227, 17674, 17728, 18499, 18636, 19147, 21281, 21775, 21825, 23888, 25110, 26401, 26707, 27687, 28110, 28365, 28641, 28778, 28846, 29855, 30416, 30739, 31856, 32048, 32413, 32782, 34035, 34130, 34750, 35088, 36583, 36966, 38689, 39345, 41275, 41820, 42443, 45661, 46554, 46969, 47344, 47672, 47972, 48277, 49760, 51321, 52068, 52597, 53323, 53653, 53968, 55604, 56192, 56906, 57749, 58153, 58556, 59461, 60178, 60530, 60673, 61055, 61090, 61281, 61594, 62514, 62928, 63348, 63903, 63937, 64830]
