[*] Computing DDT
[+] DDT Computed
DDT took 97.115264408s
Iter#1 New set #1 of size 42 (1.0 its/hit = 0.000s/hit): seed=30123713961218667 [480, 719, 5183, 6620, 6629, 10064, 10768, 11040, 15080, 16556, 16745, 17968, 19261, 20892, 23318, 23480, 24198, 24919, 25722, 26907, 31150, 31675, 33224, 37704, 39703, 41826, 44236, 44883, 46770, 46918, 47037, 47521, 48673, 52755, 52976, 56733, 57089, 58035, 58972, 59255, 60607, 65159]
Iter#3 New set #1 of size 43 (3.0 its/hit = 0.000s/hit): seed=1754301385157404228 [1027, 1679, 2529, 3121, 3307, 4348, 4641, 5141, 7968, 11126, 11927, 13766, 17497, 18689, 18797, 20139, 20928, 21184, 23552, 23967, 26022, 27614, 28199, 28224, 29019, 33092, 33537, 33955, 34053, 35428, 37642, 37954, 40380, 43118, 45362, 46296, 53422, 58155, 58425, 60681, 62542, 62783, 63833]
Iter#45 New set #2 of size 43 (22.5 its/hit = 0.000s/hit): seed=4083633940566962865 [4249, 5110, 6780, 7399, 9507, 10127, 11529, 12020, 12847, 13623, 16257, 16425, 16933, 17291, 24700, 28316, 30213, 35743, 35917, 36163, 37696, 40811, 45714, 45941, 48659, 50010, 50201, 50334, 50606, 52611, 54968, 56002, 57715, 58097, 58296, 59609, 60201, 60368, 61858, 62009, 63633, 63786, 65197]
Iter#103 New set #3 of size 43 (34.3 its/hit = 0.333s/hit): seed=593796908109018342 [1123, 3968, 5627, 6470, 11513, 14246, 15136, 15236, 15572, 17221, 21509, 24531, 25162, 25600, 31505, 31654, 33187, 34637, 36501, 37798, 38047, 42369, 43045, 45074, 46529, 47163, 47852, 48759, 49491, 50453, 55938, 56358, 56494, 57576, 58002, 58975, 60058, 60261, 62217, 62411, 63360, 63410, 64009]
Iter#139 New set #4 of size 43 (34.8 its/hit = 0.500s/hit): seed=11964292112095801907 [1163, 1444, 3078, 7512, 10800, 11492, 12014, 12804, 13888, 15018, 18116, 20641, 21165, 21435, 21790, 21945, 31468, 32823, 33255, 35527, 35529, 36056, 36230, 36642, 39295, 40729, 45016, 45679, 47917, 48190, 48933, 49500, 50634, 52820, 53084, 53678, 58490, 58833, 59374, 61173, 61389, 61768, 63725]
Iter#194 New set #5 of size 43 (38.8 its/hit = 0.600s/hit): seed=18119715883057901318 [718, 2962, 4063, 4702, 8444, 11375, 12440, 14683, 15518, 16713, 18928, 20455, 22720, 22989, 24363, 24472, 24576, 25748, 25903, 28487, 30108, 30257, 32580, 34720, 36671, 37847, 37855, 38634, 39865, 40957, 41285, 42773, 43689, 48340, 52297, 53813, 55274, 55404, 56027, 56613, 58871, 61976, 63488]
Iter#222 New set #1 of size 44 (222.0 its/hit = 3.000s/hit): seed=11104513904501656465 [1497, 1821, 2416, 2443, 2783, 5865, 5908, 7055, 7274, 9207, 9266, 10795, 11295, 11708, 12448, 12747, 16868, 23851, 26679, 28958, 29542, 30491, 34240, 34619, 37618, 38954, 39731, 40066, 40174, 47613, 48120, 49265, 50052, 51838, 52247, 54091, 54154, 56279, 58553, 59838, 60539, 61891, 64471, 65269]
Iter#226 New set #2 of size 44 (113.0 its/hit = 1.500s/hit): seed=14782956183552169655 [5270, 6220, 8991, 9125, 9305, 12351, 12928, 12929, 13591, 15734, 19013, 19425, 19727, 24579, 24766, 26372, 26587, 29104, 31160, 32367, 32513, 32585, 34894, 38781, 38873, 40153, 40469, 48146, 49544, 50099, 50192, 50328, 51743, 53232, 53506, 56273, 58942, 61069, 61637, 61798, 62611, 63382, 64164, 65034]
Iter#831 New set #3 of size 44 (277.0 its/hit = 4.333s/hit): seed=5906887448533233198 [3015, 5974, 6123, 6282, 9249, 10036, 10569, 10693, 10818, 11958, 13291, 14810, 18556, 20381, 20627, 22249, 22888, 22911, 23082, 27463, 28240, 29339, 34054, 34655, 37021, 37769, 39602, 40472, 44376, 45004, 49498, 49903, 52153, 53248, 55227, 55509, 56734, 58810, 61542, 62286, 62535, 62726, 63271, 65114]
Iter#840 New set #4 of size 44 (210.0 its/hit = 3.250s/hit): seed=17627074138022751431 [2831, 6339, 7379, 8058, 9371, 10183, 11988, 12597, 14510, 14825, 19222, 19994, 20443, 20781, 22205, 24579, 25371, 25504, 25655, 26008, 26622, 31584, 31801, 31881, 32165, 32354, 33110, 33195, 35402, 38596, 38653, 39618, 42572, 43623, 45180, 45191, 49219, 50479, 52439, 53050, 57886, 60464, 63700, 63785]
Iter#841 New set #5 of size 44 (168.2 its/hit = 2.600s/hit): seed=16564387082318927556 [1572, 3030, 3826, 4282, 19218, 21655, 21994, 23014, 23181, 24433, 25698, 26447, 26506, 27437, 27558, 27935, 28257, 29627, 30261, 30268, 31912, 32406, 32966, 34364, 35593, 40568, 40840, 42539, 48075, 50083, 53160, 54417, 55068, 55291, 56269, 57428, 58694, 59187, 60179, 60185, 61818, 63328, 64546, 65377]
Iter#1001 New set #1 of size 45 (1001.0 its/hit = 16.000s/hit): seed=13097107119181995283 [369, 2529, 2757, 4948, 5486, 8179, 9053, 15559, 19855, 21356, 21361, 24274, 24377, 26421, 26846, 28901, 30166, 30169, 30783, 30874, 31462, 33800, 34404, 35011, 36098, 42975, 43668, 44032, 46089, 51816, 52238, 53563, 54680, 55458, 55678, 56423, 56456, 56685, 57470, 58236, 61867, 62080, 62798, 64376, 65222]
Iter#1069 New set #2 of size 45 (534.5 its/hit = 8.500s/hit): seed=18132860922464192068 [97, 211, 390, 3346, 5295, 6186, 8642, 9525, 10854, 16341, 17025, 17185, 18840, 21016, 21919, 22131, 23153, 23216, 26222, 26433, 28798, 30683, 32988, 33063, 33226, 34114, 35961, 38084, 38466, 40113, 41984, 42697, 43588, 43935, 45818, 46006, 46945, 49599, 52861, 54533, 55926, 56044, 57668, 59102, 65062]
Iter#2069 New set #3 of size 45 (689.7 its/hit = 11.333s/hit): seed=978379523998929341 [643, 4518, 6923, 7198, 13324, 13858, 14628, 14716, 17601, 18829, 20744, 23021, 25045, 25359, 26447, 26621, 29541, 30034, 30455, 30795, 30837, 30865, 32326, 34681, 35406, 39737, 40402, 41430, 44716, 46485, 46940, 47813, 48354, 48584, 49173, 49980, 52352, 53408, 54968, 55835, 56622, 59306, 59456, 62668, 63004]
Iter#4709 New set #1 of size 55 (4709.0 its/hit = 77.000s/hit): seed=3401121172199236129 [0, 33, 1439, 6519, 6717, 7656, 7971, 8066, 8647, 9750, 9964, 10257, 10802, 11755, 11879, 12512, 13000, 14152, 14275, 14306, 14943, 15149, 15373, 16320, 18477, 19207, 20356, 20358, 21302, 21957, 25558, 26038, 27092, 29579, 30294, 37384, 39871, 44561, 46950, 47641, 51238, 52291, 52541, 53074, 53432, 55040, 55539, 56046, 56865, 57892, 58636, 59716, 63796, 64514, 65390]
Iter#24242 New set #2 of size 55 (12121.0 its/hit = 201.000s/hit): seed=4725066632590879253 [0, 538, 3662, 4471, 5111, 7338, 8501, 10475, 10567, 10683, 12469, 13384, 14194, 16110, 16685, 17046, 17207, 18034, 20298, 21593, 23236, 24863, 28616, 28776, 29571, 33018, 33625, 34710, 35251, 36240, 38215, 38307, 38591, 41231, 41263, 41304, 41421, 43746, 44197, 44483, 44897, 45279, 45883, 46883, 47665, 48692, 49772, 51816, 54225, 54777, 58047, 58502, 62598, 64625, 65045]
Iter#53806 New set #3 of size 55 (17935.3 its/hit = 298.000s/hit): seed=9115010225366489143 [0, 222, 1368, 1917, 2998, 3305, 4987, 5126, 6927, 7121, 7341, 8163, 9031, 9759, 10037, 11551, 14141, 14230, 16823, 23247, 24514, 24857, 26697, 27628, 28751, 28813, 30143, 30634, 30967, 31520, 32265, 32775, 36192, 39589, 40070, 40453, 40910, 41087, 41771, 42174, 44994, 46906, 47123, 47869, 48151, 49135, 52312, 53090, 54263, 56625, 57394, 58465, 58606, 62953, 64444]
Iter#71259 New set #4 of size 55 (17814.8 its/hit = 296.250s/hit): seed=11253194440159480116 [0, 799, 3301, 3910, 4436, 6642, 7698, 10841, 10887, 11606, 11936, 14503, 14803, 16435, 16619, 20651, 20996, 21187, 22682, 23354, 23562, 24500, 26956, 27150, 27244, 29020, 29027, 30364, 31353, 33481, 33907, 34668, 39798, 43080, 44332, 45547, 46086, 46088, 47015, 50336, 53444, 53858, 55039, 55463, 56133, 56481, 56658, 56840, 58374, 58892, 61228, 61245, 62104, 64139, 65124]
Iter#156164 New set #5 of size 55 (31232.8 its/hit = 519.600s/hit): seed=15743893579924321488 [0, 2410, 2449, 2824, 2896, 3590, 4820, 5030, 5922, 6584, 6981, 10161, 10297, 11927, 15345, 17967, 18393, 20749, 21875, 21898, 22608, 24050, 24282, 26556, 28640, 28641, 28725, 32974, 34014, 34035, 35340, 36276, 37878, 38915, 40009, 40889, 42653, 42879, 42936, 49257, 49441, 49739, 50150, 51438, 52592, 52719, 53852, 54359, 58307, 59650, 60178, 61182, 61841, 64164, 65431]
Iter#171756 New set #6 of size 55 (28626.0 its/hit = 476.167s/hit): seed=11475742437445877186 [0, 2663, 3182, 5212, 7867, 8069, 11401, 11971, 12092, 12242, 12375, 12850, 13758, 14412, 17948, 18848, 21079, 21199, 24865, 28838, 29377, 29640, 30607, 31159, 32243, 34237, 35042, 35283, 35977, 36536, 38795, 39355, 39799, 40428, 40831, 40930, 42529, 43612, 43727, 45121, 46329, 46836, 46940, 47830, 50080, 51194, 51702, 52206, 53275, 55292, 59521, 60664, 60862, 62181, 65345]
Iter#340030 New set #1 of size 58 (340030.0 its/hit = 5658.000s/hit): seed=11432474574774551607 [0, 257, 584, 3309, 3586, 4189, 6918, 7344, 7699, 7957, 8073, 8210, 8640, 11440, 11714, 12243, 13387, 15056, 15166, 15666, 17127, 18854, 19685, 19968, 21628, 23121, 24631, 25538, 27148, 29558, 29750, 30007, 33315, 34737, 34916, 36526, 37307, 38675, 40092, 40690, 41868, 43126, 44691, 45903, 48543, 48946, 51933, 52546, 53723, 56347, 56830, 57635, 57641, 58219, 58860, 59072, 60861, 64101]
Iter#551872 New set #2 of size 58 (275936.0 its/hit = 4599.500s/hit): seed=9048996208655092089 [0, 51, 91, 1291, 2407, 3683, 3928, 3957, 4047, 4929, 6496, 7219, 7876, 9621, 10433, 10965, 11722, 15605, 15784, 16572, 16798, 16925, 17274, 17409, 19716, 19737, 20676, 21376, 24476, 26647, 26700, 27802, 28332, 29278, 32237, 32693, 35152, 35858, 38243, 38780, 41947, 41960, 45756, 46034, 46072, 46889, 47334, 47773, 48585, 51242, 52620, 55232, 57464, 58111, 62661, 63385, 63443, 64930]
Iter#710403 New set #3 of size 58 (236801.0 its/hit = 3938.667s/hit): seed=15955481489039820506 [0, 511, 2602, 2934, 3030, 5175, 5547, 6380, 7313, 8104, 9288, 10142, 10605, 12094, 14326, 15119, 17292, 17452, 17521, 17696, 18743, 20871, 22096, 24012, 25787, 28497, 28669, 30500, 30648, 32449, 34869, 35506, 35802, 38775, 40154, 40784, 44030, 48662, 51456, 52615, 53575, 53807, 53922, 54022, 54079, 55290, 55432, 55529, 59506, 59675, 60937, 62247, 62702, 62737, 64610, 64812, 65175, 65297]
Iter#870774 New set #4 of size 58 (217693.5 its/hit = 3603.500s/hit): seed=1319653793159906872 [0, 559, 2107, 2580, 2992, 3113, 5505, 6396, 7402, 8589, 9437, 10277, 12683, 13643, 16023, 21665, 23955, 24152, 24560, 24783, 25118, 28897, 30390, 30677, 31570, 31711, 33997, 34978, 35968, 36501, 36958, 37226, 38082, 40517, 40818, 42707, 43164, 46044, 46406, 46519, 46730, 46979, 47563, 50134, 51042, 51203, 51306, 53692, 54400, 54420, 55860, 56705, 56874, 57471, 61489, 62851, 62974, 63914]
Iter#1421869 New set #5 of size 58 (284373.8 its/hit = 4670.800s/hit): seed=17837821620646201202 [0, 234, 1712, 2028, 5014, 5346, 5389, 6577, 6702, 6796, 6928, 7773, 8073, 12110, 13714, 14385, 14632, 14858, 15534, 16687, 17564, 18788, 19515, 19842, 20530, 22838, 23459, 23647, 24997, 27602, 28306, 28748, 28972, 30023, 38172, 38672, 42826, 44095, 44833, 47501, 49065, 51523, 51672, 53584, 56277, 57823, 58562, 58860, 59575, 59839, 60804, 60935, 61409, 62927, 63124, 64101, 65080, 65234]
Iter#1427370 New set #1 of size 67 (1427370.0 its/hit = 23443.000s/hit): seed=803169813095464985 [0, 1452, 4552, 6145, 6227, 7528, 7805, 8022, 8036, 9427, 11103, 11467, 14681, 14779, 16978, 17073, 17634, 17935, 18061, 18256, 18401, 19810, 19849, 19873, 21239, 23302, 24021, 24054, 24498, 25759, 26893, 27205, 28164, 28339, 28989, 31629, 32010, 33464, 33535, 34171, 34570, 35851, 36557, 37032, 38127, 39351, 39963, 40133, 41709, 43333, 44831, 45156, 47438, 48162, 50152, 50802, 51613, 51716, 58006, 58869, 59877, 60667, 62019, 64774, 65012, 65051, 65475]
Iter#2379314 New set #2 of size 67 (1189657.0 its/hit = 19520.500s/hit): seed=13428653386989374186 [0, 61, 441, 954, 1514, 2073, 3812, 5918, 8297, 8339, 9091, 9868, 10266, 10387, 10659, 12247, 12266, 14642, 16553, 17731, 17750, 18640, 20708, 20820, 20931, 21396, 23315, 26470, 26581, 26691, 27010, 27836, 28422, 28677, 29262, 29662, 30120, 30680, 31610, 32805, 33454, 36830, 37026, 37507, 38001, 40588, 41224, 42516, 42829, 43974, 46424, 48028, 49311, 49505, 49601, 50325, 50447, 50525, 51334, 52504, 53224, 53777, 54086, 55253, 55320, 60523, 62861]
