[*] Computing DDT
[+] DDT Computed
DDT took 97.07204546s
Iter#1 New set #1 of size 39 (1.0 its/hit = 0.000s/hit): seed=14378413612245957921 [2671, 3539, 3707, 5068, 5098, 5705, 8761, 10279, 10944, 12655, 13513, 15628, 15769, 17695, 18498, 19750, 19790, 25761, 26132, 26835, 27700, 28106, 34392, 34510, 35914, 40068, 41132, 41491, 41659, 48854, 50136, 53182, 54272, 54867, 60553, 61988, 62584, 62717, 62935]
Iter#2 New set #1 of size 41 (2.0 its/hit = 0.000s/hit): seed=8813878189385982589 [1444, 2284, 2398, 3004, 3306, 6959, 7872, 8114, 10025, 11333, 11857, 12575, 12871, 14681, 15641, 15997, 17945, 17987, 22060, 25863, 26154, 27310, 28976, 29187, 29413, 29952, 34847, 36009, 36842, 41145, 41879, 43748, 45255, 45947, 46304, 49390, 50462, 51131, 58401, 61061, 62142]
Iter#4 New set #2 of size 41 (2.0 its/hit = 0.000s/hit): seed=14088284651042579499 [642, 2326, 2354, 5067, 7719, 7792, 7994, 10283, 11099, 13237, 17416, 18474, 18935, 19415, 20505, 20518, 21539, 23812, 23883, 24434, 24587, 28236, 31762, 35901, 36641, 41789, 42367, 43285, 46271, 46547, 46681, 47270, 47935, 53461, 53804, 54347, 54493, 57684, 57719, 59077, 62359]
Iter#7 New set #1 of size 42 (7.0 its/hit = 0.000s/hit): seed=16556931598386115965 [35, 2020, 4614, 5646, 5722, 7627, 8013, 8635, 9772, 10809, 13318, 14213, 14421, 20678, 21684, 21877, 22103, 24242, 25286, 26018, 30300, 31599, 31849, 32771, 33608, 34453, 37238, 43611, 44146, 44964, 45557, 45740, 49400, 51927, 52050, 52501, 53939, 54553, 56110, 57103, 61139, 62704]
Iter#9 New set #2 of size 42 (4.5 its/hit = 0.000s/hit): seed=9693467466422105811 [4013, 5500, 7223, 9291, 10678, 11110, 11534, 12240, 21331, 22623, 24450, 25115, 25590, 26457, 27087, 27162, 27375, 31567, 34721, 35540, 37487, 37523, 38351, 39505, 41590, 43551, 44518, 44553, 46688, 51378, 53594, 53775, 53845, 54802, 55653, 55664, 57669, 57985, 59846, 60677, 60885, 61271]
Iter#18 New set #1 of size 43 (18.0 its/hit = 0.000s/hit): seed=7092033382118821003 [1748, 2947, 4174, 5804, 6299, 6438, 7001, 7381, 8941, 9125, 9624, 12062, 12170, 12364, 16720, 18016, 18774, 18886, 20894, 22015, 24947, 27998, 32265, 34706, 36223, 36775, 40060, 42639, 43134, 43553, 44255, 44273, 47013, 49107, 49744, 50062, 50763, 51454, 57828, 59090, 59834, 63530, 64202]
Iter#60 New set #2 of size 43 (30.0 its/hit = 0.000s/hit): seed=6063981850987139973 [330, 1468, 3537, 5132, 8608, 8615, 10268, 10947, 11055, 11854, 16325, 16641, 19263, 25069, 26943, 31542, 31753, 33437, 34243, 34444, 35294, 35561, 35562, 36977, 37118, 39320, 42283, 45890, 46248, 46521, 47094, 48293, 49215, 49690, 50874, 51993, 52351, 53680, 54505, 54997, 60031, 61434, 65330]
Iter#76 New set #3 of size 43 (25.3 its/hit = 0.333s/hit): seed=12176017226060749126 [2131, 3101, 3751, 4628, 4807, 5285, 6738, 7814, 8925, 10213, 10750, 10802, 11499, 11555, 14601, 18023, 22393, 22837, 22890, 23757, 28317, 29993, 31223, 33344, 35347, 35578, 35707, 37776, 43507, 47194, 49440, 51439, 51526, 53405, 53476, 57644, 60206, 61604, 61667, 63195, 63272, 63596, 64374]
Iter#93 New set #4 of size 43 (23.2 its/hit = 0.250s/hit): seed=6393135854009172645 [558, 2849, 3172, 4021, 4268, 7137, 7658, 7766, 10000, 16607, 17331, 20144, 20628, 20869, 21969, 24829, 26743, 27004, 30838, 32734, 33140, 35213, 35938, 37151, 37519, 39319, 39985, 42736, 45113, 45322, 46870, 46975, 47062, 48467, 50970, 52690, 55745, 55851, 58609, 59304, 59489, 60819, 62858]
Iter#103 New set #5 of size 43 (20.6 its/hit = 0.200s/hit): seed=7391820380382050067 [1352, 5430, 5740, 7484, 8871, 12248, 12429, 13904, 17698, 18586, 19094, 19441, 21028, 22798, 23308, 23579, 26433, 28487, 30227, 32125, 36484, 38718, 38756, 42957, 43146, 43435, 43867, 49508, 51865, 52040, 56276, 59766, 60270, 60469, 60680, 62455, 62849, 63015, 63121, 63280, 63318, 63412, 65281]
Iter#107 New set #6 of size 43 (17.8 its/hit = 0.167s/hit): seed=11817763369203606622 [2406, 2927, 5672, 10044, 11172, 11226, 13538, 16149, 16525, 16643, 17547, 21543, 23765, 24302, 25971, 26196, 26826, 27293, 28520, 29137, 30498, 33078, 34245, 36375, 38541, 38568, 39994, 43133, 43954, 45071, 46874, 49632, 50614, 52369, 52710, 54752, 56088, 56433, 59054, 60404, 60445, 61694, 62545]
Iter#141 New set #1 of size 55 (141.0 its/hit = 2.000s/hit): seed=14724518561432539039 [0, 135, 4772, 5122, 7231, 7479, 8724, 10079, 10176, 10879, 11000, 11373, 11661, 13621, 14727, 16552, 16596, 16620, 19616, 19828, 21779, 22349, 22712, 23787, 24614, 26949, 27488, 27777, 30005, 30312, 30612, 31713, 32677, 36751, 38717, 40564, 40973, 41986, 42995, 43296, 45776, 45901, 46095, 50469, 50500, 52612, 54138, 55881, 58078, 59784, 60123, 61482, 61806, 62287, 65513]
Iter#30650 New set #2 of size 55 (15325.0 its/hit = 248.000s/hit): seed=2026145902067767705 [0, 1030, 1411, 1760, 2182, 3428, 3742, 4890, 5626, 8822, 9555, 10229, 10273, 13088, 13107, 13868, 14282, 14514, 14572, 15464, 15775, 16771, 16827, 17997, 18749, 21168, 21374, 22719, 23137, 24670, 25137, 25419, 27532, 28463, 28501, 30196, 31087, 35148, 35638, 36025, 36170, 39913, 42370, 43498, 44595, 49504, 49544, 50339, 51755, 56263, 58319, 59517, 60546, 64776, 64993]
Iter#68619 New set #3 of size 55 (22873.0 its/hit = 371.000s/hit): seed=6311762522360946013 [0, 494, 542, 1931, 2876, 2982, 3961, 9787, 11527, 11639, 12061, 13761, 13945, 15296, 18079, 18961, 20367, 21863, 22967, 24024, 25868, 26136, 26375, 26750, 27267, 27624, 29052, 29524, 30627, 35606, 35854, 37976, 38326, 41348, 41546, 45956, 45979, 46719, 47165, 47496, 50947, 51975, 54713, 54761, 56562, 57230, 59107, 59983, 60043, 61509, 62043, 62177, 62826, 62983, 63554]
Iter#82612 New set #4 of size 55 (20653.0 its/hit = 334.750s/hit): seed=2929303535001182461 [0, 38, 2308, 2842, 3516, 5992, 6998, 8310, 10790, 12656, 12744, 14878, 15671, 18370, 20320, 21847, 22495, 22536, 23749, 25077, 25426, 27285, 27656, 28894, 29122, 29156, 30218, 30743, 32081, 33266, 34507, 35481, 36030, 36538, 37675, 38432, 40554, 40599, 40747, 42293, 42372, 44160, 45176, 45361, 46678, 49647, 50086, 58671, 59005, 59025, 60510, 61263, 61420, 64675, 65169]
Iter#84987 New set #5 of size 55 (16997.4 its/hit = 275.400s/hit): seed=926225308439941931 [0, 3175, 5027, 5617, 7706, 7769, 8344, 11030, 11680, 14628, 16164, 17369, 18561, 20072, 20414, 21006, 24094, 26028, 27023, 29824, 30613, 30629, 32008, 32110, 32746, 32939, 35535, 35704, 38193, 38234, 38733, 39288, 40147, 42265, 42487, 43093, 43715, 45148, 46234, 47853, 48253, 48486, 48679, 52564, 53657, 55498, 55670, 56170, 57955, 58652, 58941, 59026, 63167, 63393, 64498]
Iter#127114 New set #6 of size 55 (21185.7 its/hit = 342.667s/hit): seed=17938855872380721225 [0, 1483, 1832, 2577, 5388, 5602, 6019, 7570, 8162, 8991, 11043, 12069, 12678, 12899, 15213, 15624, 16613, 18829, 21596, 21854, 22111, 23889, 25953, 29312, 30539, 31355, 31726, 35010, 38972, 40381, 40534, 42635, 44475, 44898, 46538, 47193, 47907, 49048, 49388, 50306, 52279, 54131, 56160, 56338, 57585, 58990, 59422, 59847, 61510, 62973, 63281, 63342, 64311, 64318, 64945]
Iter#202797 New set #7 of size 55 (28971.0 its/hit = 469.857s/hit): seed=12287026230810640094 [0, 846, 2122, 3040, 3284, 3724, 4922, 5799, 6025, 8930, 10358, 11316, 13675, 14637, 16153, 16513, 16717, 17004, 18493, 20782, 22233, 22607, 23855, 25743, 26454, 27819, 28527, 28660, 28955, 31064, 32463, 32808, 34878, 36092, 36595, 38983, 40393, 41493, 44185, 44844, 45994, 47275, 48122, 50485, 50699, 52801, 53338, 53370, 54036, 58517, 60693, 61025, 61894, 63530, 64434]
Iter#205168 New set #8 of size 55 (25646.0 its/hit = 416.000s/hit): seed=2571810442095933976 [0, 345, 753, 805, 1355, 1678, 4109, 4549, 4916, 6251, 7093, 7934, 9908, 12846, 13145, 13472, 15991, 16056, 17393, 18314, 21968, 23185, 23320, 24894, 28632, 30129, 30168, 30643, 31656, 34740, 38233, 38265, 38851, 39431, 40944, 41351, 45654, 46035, 51961, 52562, 53207, 56078, 57473, 58806, 59213, 59403, 59595, 59730, 60824, 61117, 61137, 61863, 61957, 63296, 63904]
Iter#228647 New set #9 of size 55 (25405.2 its/hit = 411.889s/hit): seed=102525308625988217 [0, 217, 2015, 2361, 2826, 3631, 4326, 6275, 8811, 9102, 10043, 10407, 11585, 14295, 15952, 17040, 17119, 18690, 22657, 23817, 24016, 27191, 29090, 30224, 30880, 31887, 32469, 33642, 35411, 37207, 37654, 38170, 39517, 39577, 41138, 42418, 44400, 44701, 45333, 45437, 46368, 46420, 46740, 47722, 48565, 49968, 51377, 53298, 54208, 55182, 56530, 57913, 59796, 62715, 64207]
Iter#240794 New set #1 of size 58 (240794.0 its/hit = 3903.000s/hit): seed=17133349658294723385 [0, 2017, 2916, 4331, 4416, 5256, 6077, 7424, 7425, 9771, 13080, 13448, 13742, 15131, 17295, 17353, 20061, 20492, 21104, 22890, 24206, 24781, 24818, 25201, 25364, 25501, 26412, 26590, 26637, 27578, 29106, 31121, 33340, 36707, 38245, 39598, 44830, 45155, 47156, 47879, 49573, 49653, 50862, 50955, 52264, 53190, 53430, 56515, 57477, 57667, 58585, 59137, 61252, 62020, 62115, 62345, 63224, 64334]
Iter#770125 New set #2 of size 58 (385062.5 its/hit = 5845.500s/hit): seed=12440340053990931404 [0, 901, 2015, 2242, 2990, 4258, 5296, 6506, 6895, 7202, 8447, 9782, 11253, 12381, 12410, 13542, 14465, 18055, 21627, 25517, 25875, 27131, 29261, 29529, 30664, 31773, 33086, 34356, 35583, 38340, 40134, 41043, 41226, 42051, 42827, 44357, 47722, 47754, 48565, 49331, 49752, 50147, 50174, 50422, 50839, 52276, 52650, 52664, 54610, 55123, 55930, 57084, 59400, 60174, 61084, 62055, 62506, 64976]
Iter#909602 New set #3 of size 58 (303200.7 its/hit = 4458.667s/hit): seed=12700648562011527751 [0, 3262, 4663, 4718, 5044, 5656, 6247, 7762, 7888, 10027, 12158, 12891, 13475, 14713, 15288, 15689, 16895, 17131, 17495, 18227, 19388, 23083, 23501, 23892, 24693, 26481, 27134, 28303, 29338, 30648, 31207, 32059, 33285, 34144, 34217, 35802, 36239, 37336, 37612, 39250, 41480, 41698, 47727, 48123, 51038, 51399, 52336, 53765, 55019, 56249, 57169, 57632, 57873, 59061, 62461, 63283, 63288, 64610]
Iter#2355672 New set #4 of size 58 (588918.0 its/hit = 7741.750s/hit): seed=2066885460925843468 [0, 415, 817, 3761, 11433, 11866, 12328, 12888, 13254, 16977, 17855, 18020, 18919, 19421, 19520, 19528, 22372, 22599, 23000, 23984, 24470, 25711, 28127, 28606, 30426, 30747, 32937, 33376, 33651, 34226, 35991, 36290, 36937, 37752, 39368, 40061, 40997, 41541, 42699, 43291, 43560, 44431, 44743, 45804, 48847, 51880, 52449, 52686, 53265, 56439, 56876, 58260, 58984, 59842, 61375, 61503, 62600, 62753]
Iter#2741349 New set #5 of size 58 (548269.8 its/hit = 7204.800s/hit): seed=10131535774330160599 [0, 100, 442, 937, 3395, 3776, 6195, 6944, 7712, 7748, 9600, 11089, 11504, 12249, 12426, 14845, 15949, 16861, 17275, 20253, 21597, 21853, 22516, 27352, 28817, 30332, 35903, 36616, 39148, 41023, 41641, 41744, 41958, 42950, 45690, 46108, 47903, 48081, 48953, 49520, 49626, 51308, 51656, 52042, 52653, 52830, 55127, 55893, 56531, 56681, 57810, 58639, 60119, 61130, 61946, 62180, 63009, 63527]
Iter#2817123 New set #6 of size 58 (469520.5 its/hit = 6208.333s/hit): seed=5635206546422896707 [0, 1111, 1487, 3217, 3275, 3374, 6002, 6545, 7106, 7750, 8032, 8272, 9198, 10388, 12785, 14380, 14826, 18329, 19038, 19892, 20452, 22562, 22909, 23007, 25017, 26192, 27518, 28018, 28141, 29620, 32968, 34164, 34564, 36208, 40165, 42302, 43439, 43760, 45192, 45841, 48514, 49650, 50237, 51122, 51424, 51679, 52604, 55932, 56163, 56875, 57501, 57675, 59362, 59893, 60050, 60211, 61095, 61895]
Iter#2954415 New set #7 of size 58 (422059.3 its/hit = 5637.857s/hit): seed=3834011917611164488 [0, 147, 2664, 2933, 3414, 3986, 5516, 9558, 9650, 10035, 10385, 11480, 13813, 14607, 14951, 17814, 18908, 19228, 21146, 21516, 21637, 21663, 22415, 23522, 24645, 25860, 27923, 31280, 32889, 35488, 35983, 36180, 36496, 37434, 37636, 37963, 39171, 39398, 42734, 42808, 44356, 46345, 46674, 46924, 48420, 50280, 50572, 51394, 52092, 53563, 54887, 55886, 56219, 57818, 61584, 61623, 62059, 65270]
Iter#2980679 New set #8 of size 58 (372584.9 its/hit = 4985.750s/hit): seed=3452850820252898256 [0, 2437, 4507, 5971, 9373, 9466, 11330, 11686, 13103, 16534, 17289, 19554, 20512, 22165, 22384, 22746, 22814, 24625, 24937, 25406, 25755, 26033, 26776, 27700, 28848, 29625, 29952, 32134, 32264, 32549, 33240, 33736, 35393, 35797, 35900, 36869, 38753, 39704, 40148, 40210, 42837, 42877, 45523, 46147, 48817, 55104, 55554, 55669, 55977, 56485, 56960, 57525, 58353, 59597, 62559, 63434, 64113, 64258]
Iter#3083068 New set #9 of size 58 (342563.1 its/hit = 4614.000s/hit): seed=14043577435022080718 [0, 258, 406, 556, 769, 1497, 5823, 6570, 6745, 12695, 12766, 14804, 14984, 16390, 16494, 17998, 18770, 20721, 20819, 21085, 22980, 24543, 24717, 27548, 29593, 31165, 32839, 33093, 34168, 34214, 36667, 37113, 37453, 37459, 37835, 37851, 38205, 40184, 43046, 43309, 44399, 50659, 50914, 51524, 52244, 52266, 53845, 54045, 54426, 55291, 56255, 58226, 59051, 60946, 63110, 64843, 65185, 65383]
Iter#3305012 New set #1 of size 64 (3305012.0 its/hit = 45097.000s/hit): seed=6206433358529464237 [0, 1070, 1695, 2421, 3175, 3705, 4307, 6634, 6834, 7099, 7616, 8180, 9748, 12731, 13535, 15451, 17369, 18146, 19920, 20414, 21096, 21366, 21993, 22092, 24288, 24814, 25275, 27035, 28667, 28834, 29245, 29836, 30225, 30270, 31817, 32636, 33028, 34681, 35145, 36380, 37618, 38633, 39862, 40680, 40685, 41515, 43013, 44323, 45309, 45442, 46533, 49147, 52357, 53557, 53855, 53862, 54072, 54293, 58317, 58333, 60561, 62037, 64569, 64578]
Iter#3875641 New set #1 of size 67 (3875641.0 its/hit = 54294.000s/hit): seed=17045517897525845511 [0, 94, 811, 2969, 3646, 3895, 5407, 7041, 8123, 8536, 8582, 9805, 10530, 10919, 13255, 13781, 16902, 17828, 19576, 22999, 23563, 24986, 25265, 25472, 25496, 29740, 30639, 30705, 30777, 30863, 30887, 33107, 33180, 33348, 34773, 35151, 35549, 38075, 39546, 41326, 42047, 42782, 49421, 49659, 50632, 51168, 52495, 52817, 53189, 53773, 54480, 54786, 55312, 56290, 56472, 56634, 56727, 57506, 59159, 59439, 59717, 60110, 61765, 61814, 62457, 62837, 64291]
Iter#5178100 New set #2 of size 67 (2589050.0 its/hit = 37623.000s/hit): seed=4185217253660432442 [0, 1293, 1840, 4167, 5245, 5413, 6834, 8485, 8849, 9581, 10561, 10563, 11072, 11215, 11389, 11860, 15448, 16386, 16844, 19746, 20120, 22046, 23301, 23605, 24871, 27004, 28568, 28613, 29555, 32191, 32425, 33028, 33325, 33480, 33879, 34395, 36206, 36412, 38859, 39240, 39862, 41148, 41235, 42111, 42206, 43923, 44168, 44823, 45065, 45319, 45563, 49393, 49674, 49997, 50951, 51425, 52089, 52408, 57374, 58158, 59200, 59826, 60135, 61000, 62563, 64609, 65039]
Iter#6311293 New set #1 of size 69 (6311293.0 its/hit = 93410.000s/hit): seed=16805420387478623 [0, 1382, 1430, 1698, 2033, 2255, 3877, 4754, 5359, 5462, 5476, 6576, 7725, 9260, 10544, 10919, 11022, 11424, 11824, 12200, 12666, 13335, 13339, 13748, 13981, 14677, 15978, 17972, 18705, 20093, 20684, 21798, 23213, 23341, 24456, 27033, 27706, 27847, 29112, 31294, 31338, 31766, 31900, 31995, 37129, 38182, 39089, 39882, 39960, 40824, 41106, 41437, 42320, 43814, 44588, 45009, 45718, 46408, 48519, 53894, 56290, 60914, 61192, 61663, 61765, 62158, 63968, 64240, 64646]
Iter#10169231 New set #1 of size 91 (10169231.0 its/hit = 155666.000s/hit): seed=4882183356275554889 [0, 585, 610, 1506, 2271, 3031, 4334, 5587, 6087, 6996, 7262, 8245, 8405, 8498, 8914, 9098, 9832, 10748, 11419, 13457, 14039, 14149, 15540, 15611, 16674, 16713, 16953, 17103, 17754, 18232, 18559, 19945, 20384, 21868, 21869, 22506, 23831, 25584, 26410, 26825, 28335, 28693, 28710, 28720, 29418, 29597, 29730, 29746, 30041, 30922, 32757, 33748, 34322, 34973, 35334, 35472, 35915, 36094, 36632, 37374, 37924, 38252, 38887, 39135, 42507, 42793, 43415, 43780, 45325, 45399, 45687, 46321, 48992, 49148, 50043, 50757, 51278, 52113, 54165, 55699, 56028, 56098, 58637, 58930, 60067, 60716, 62240, 62402, 63363, 64635, 64735]
