[*] Computing DDT
[+] DDT Computed
DDT took 93.640289955s
Iter#1 New set #1 of size 45 (1.0 its/hit = 0.000s/hit): seed=1149464515381855624 [746, 2620, 5397, 6167, 6220, 10952, 11667, 12579, 15856, 18188, 18840, 19786, 21358, 21884, 23316, 23383, 24083, 26338, 28153, 29068, 30497, 31255, 31836, 31966, 33510, 34971, 35119, 35396, 38647, 40636, 42442, 42603, 42608, 43483, 43989, 46039, 48233, 53218, 54138, 60105, 61659, 63415, 63538, 64913, 65186]
Iter#3 New set #1 of size 49 (3.0 its/hit = 0.000s/hit): seed=14449725484952924402 [1078, 1136, 3966, 4342, 4734, 5299, 6458, 7343, 11212, 11386, 14457, 14986, 16463, 17679, 19913, 21506, 22666, 23130, 23647, 24437, 27684, 28190, 29684, 29727, 29782, 29903, 30858, 32604, 33632, 34173, 34290, 34395, 35124, 39357, 39631, 40551, 41486, 41806, 41972, 42110, 42555, 45302, 53117, 55104, 56124, 56669, 58625, 60939, 63481]
Iter#12 New set #1 of size 52 (12.0 its/hit = 0.000s/hit): seed=1990485591464160399 [290, 422, 706, 3785, 4202, 5626, 6140, 6961, 7434, 8931, 10683, 14750, 18656, 19515, 21061, 22888, 23224, 23243, 24176, 25075, 25827, 26084, 27230, 29739, 33368, 33559, 35416, 38080, 38097, 39684, 39710, 40389, 40679, 41173, 42788, 43072, 43493, 43831, 44452, 46443, 49549, 49607, 49670, 50193, 50834, 51826, 54408, 54874, 56577, 57950, 58654, 60118]
Iter#22 New set #2 of size 52 (11.0 its/hit = 0.000s/hit): seed=1639629144749339779 [2591, 3327, 4318, 5716, 5984, 6035, 6164, 7371, 8334, 9495, 9862, 11186, 12451, 13101, 14951, 15024, 16249, 18702, 20175, 21428, 22062, 24021, 26536, 27962, 31125, 31573, 33543, 34021, 36604, 36933, 37151, 38976, 44557, 45532, 46498, 47656, 49026, 50954, 51061, 51304, 51654, 52498, 53992, 54063, 56689, 57211, 60147, 60958, 61437, 61835, 63259, 64068]
Iter#43 New set #3 of size 52 (14.3 its/hit = 0.000s/hit): seed=9809360803591484419 [899, 1191, 2646, 5267, 8544, 8644, 9869, 10371, 11077, 11342, 11900, 15347, 16258, 16605, 17243, 18046, 24989, 25132, 35872, 36407, 36488, 36971, 37842, 37879, 37914, 37978, 38053, 39208, 39792, 40399, 41509, 41532, 41573, 42484, 43542, 44276, 46286, 47166, 48005, 50130, 50326, 50385, 50819, 52220, 55282, 57026, 59213, 60031, 60238, 63625, 63631, 64536]
Iter#67 New set #4 of size 52 (16.8 its/hit = 0.000s/hit): seed=18262235033660180940 [440, 4346, 4906, 5431, 8469, 9243, 13142, 13625, 13738, 14398, 14437, 15438, 16025, 16674, 19103, 19755, 19959, 20278, 20521, 20594, 21232, 21329, 22394, 23371, 24693, 25088, 25238, 26458, 27142, 27577, 33806, 33878, 37827, 38645, 40186, 42041, 42379, 47029, 48814, 51458, 53362, 53675, 54331, 55065, 56390, 57766, 57861, 59021, 63063, 64075, 64841, 65147]
Iter#68 New set #5 of size 52 (13.6 its/hit = 0.000s/hit): seed=14364991330188019511 [616, 3935, 4215, 4578, 5494, 6900, 7343, 10140, 10432, 11484, 14981, 15054, 16128, 17490, 17988, 18460, 21048, 22518, 22546, 24108, 26117, 30235, 30895, 32524, 32768, 34132, 34663, 35244, 35301, 36255, 37417, 39379, 39536, 40224, 40409, 44770, 48758, 51274, 53472, 53797, 55951, 57339, 57822, 57926, 57985, 59197, 60595, 61563, 62008, 62861, 63006, 63421]
Iter#122 New set #6 of size 52 (20.3 its/hit = 0.000s/hit): seed=15317032414695812085 [1065, 2041, 7527, 7964, 8879, 9275, 9461, 9585, 12473, 13035, 19871, 20394, 21157, 21890, 22594, 26403, 26597, 26700, 26819, 27513, 29031, 30943, 32809, 33316, 34051, 34722, 36765, 40230, 40257, 41374, 41783, 42083, 42141, 42986, 43472, 43793, 44039, 46911, 48459, 48532, 50997, 51347, 52123, 52297, 53690, 54858, 55569, 57224, 59048, 60321, 61949, 64789]
Iter#126 New set #7 of size 52 (18.0 its/hit = 0.000s/hit): seed=15240675995751847548 [263, 438, 767, 2252, 2887, 6580, 7088, 7715, 8265, 8625, 10447, 11548, 13613, 16044, 17898, 21076, 21186, 21859, 24061, 24263, 25074, 26068, 26996, 29599, 31537, 31925, 32587, 32649, 33495, 35022, 36767, 37542, 37726, 38315, 41035, 46460, 46643, 47090, 47145, 48615, 50360, 51432, 53505, 55364, 55406, 56009, 57473, 57648, 57747, 59671, 60174, 64898]
Iter#128 New set #8 of size 52 (16.0 its/hit = 0.000s/hit): seed=8058627095265350523 [449, 4334, 10730, 13107, 13689, 14122, 14258, 17013, 17898, 17953, 18118, 19229, 19732, 21878, 23136, 26306, 27095, 28062, 28995, 29133, 29674, 32276, 35482, 35864, 35896, 36192, 37579, 37758, 40678, 42305, 44035, 46857, 46921, 47311, 47359, 50011, 50651, 51731, 52556, 52863, 54578, 55711, 56787, 56879, 57789, 59438, 59860, 60119, 61012, 61028, 63501, 64620]
Iter#133 New set #9 of size 52 (14.8 its/hit = 0.000s/hit): seed=338871731686203049 [1883, 2603, 3208, 3240, 3728, 3981, 5977, 6305, 6846, 7882, 10160, 10843, 11489, 11638, 14592, 15848, 16091, 17079, 17988, 18373, 19255, 21270, 21303, 23754, 29119, 29670, 29911, 32632, 33925, 34109, 34275, 35969, 35996, 36941, 37769, 37849, 39621, 40309, 47998, 48377, 48853, 49837, 51139, 52164, 54689, 57072, 57462, 57895, 59381, 59969, 61559, 64578]
Iter#146 New set #1 of size 55 (146.0 its/hit = 1.000s/hit): seed=4079068666224837564 [551, 1143, 1800, 2205, 3722, 11012, 13107, 13279, 13500, 15296, 17492, 18085, 19610, 19709, 23621, 24231, 27208, 30425, 30806, 32803, 33032, 33328, 33491, 34630, 36440, 38447, 40672, 41316, 42075, 42398, 42818, 42925, 42941, 42954, 43241, 44314, 46180, 46727, 47044, 47623, 47826, 48102, 48686, 50009, 50082, 50087, 51494, 51612, 55753, 57443, 58131, 59661, 60770, 65022, 65202]
Iter#149 New set #2 of size 55 (74.5 its/hit = 0.500s/hit): seed=4448084811212720830 [1118, 3536, 5173, 6160, 9174, 11099, 11378, 13703, 13838, 16101, 16481, 18582, 19309, 20263, 21242, 21395, 23375, 23852, 25639, 25765, 25825, 27477, 27536, 28195, 30118, 31377, 31415, 31628, 33051, 33814, 36290, 40661, 44114, 44294, 45071, 46634, 49190, 50402, 50476, 50988, 51150, 54938, 55092, 55192, 55834, 56104, 57673, 57735, 57926, 58335, 58848, 59270, 60546, 62046, 64464]
Iter#187 New set #3 of size 55 (62.3 its/hit = 0.333s/hit): seed=9238669893122216404 [2314, 2517, 3531, 4855, 5626, 5751, 6409, 6957, 14169, 14317, 15576, 19098, 21174, 23576, 25114, 26521, 28845, 29280, 30496, 30581, 31001, 32550, 32925, 33014, 33938, 34903, 39731, 40216, 42644, 43178, 43494, 43864, 44010, 45808, 46838, 47979, 48805, 48954, 49678, 51090, 54173, 54273, 54603, 54867, 55986, 58852, 59106, 59261, 60345, 60981, 62060, 63862, 64436, 65081, 65092]
Iter#261 New set #4 of size 55 (65.2 its/hit = 0.250s/hit): seed=9743713567152522722 [594, 3439, 3554, 3842, 4503, 4747, 6784, 9041, 9334, 10302, 10459, 13519, 14041, 14261, 15159, 15468, 18131, 19411, 21337, 22569, 22958, 23003, 23317, 24224, 26736, 27740, 28130, 29507, 30675, 32127, 32305, 32344, 32671, 33799, 35386, 38002, 38306, 38947, 39294, 40678, 46392, 47440, 47844, 47907, 48122, 52545, 52607, 53122, 55169, 56342, 56760, 59188, 60480, 61840, 63479]
Iter#423 New set #5 of size 55 (84.6 its/hit = 0.600s/hit): seed=10526273484142362284 [233, 1547, 2205, 2523, 3832, 4916, 6522, 8466, 8651, 10205, 11418, 11916, 13997, 16495, 18383, 18573, 20552, 21623, 22374, 23621, 23956, 25796, 27517, 28030, 28548, 28994, 29967, 31142, 31623, 31663, 32174, 32367, 32876, 35323, 36010, 38328, 38811, 40393, 40566, 41408, 41832, 43039, 43042, 43408, 46413, 46424, 48753, 49056, 51280, 52181, 52891, 53815, 54101, 55011, 62742]
Iter#430 New set #6 of size 55 (71.7 its/hit = 0.500s/hit): seed=7071920839516111141 [2671, 5632, 6541, 6665, 8900, 9257, 10340, 11469, 12817, 13184, 13210, 14965, 15597, 17634, 18313, 21101, 21370, 21419, 23143, 24958, 26080, 26860, 28392, 28642, 29918, 30049, 30213, 30496, 31381, 31450, 33603, 34023, 34342, 37036, 38324, 39984, 40904, 41951, 42373, 42890, 45526, 45922, 45984, 48463, 49102, 50083, 51823, 53230, 54213, 54783, 55915, 60467, 61193, 61771, 61863]
Iter#503 New set #7 of size 55 (71.9 its/hit = 0.429s/hit): seed=2285622522096818380 [1768, 2503, 4856, 6400, 7040, 7209, 7666, 9623, 14076, 14253, 14627, 14818, 15128, 16163, 16495, 17489, 19734, 20616, 20783, 22838, 22976, 23484, 23597, 24060, 24254, 24488, 25788, 28700, 29385, 31602, 34853, 37690, 38279, 40035, 40772, 41630, 44321, 44370, 46766, 47158, 47463, 48029, 48109, 48116, 48475, 49385, 52562, 54610, 56115, 57992, 58501, 60236, 60425, 60985, 64279]
Iter#634 New set #8 of size 55 (79.2 its/hit = 0.500s/hit): seed=3904920960485515121 [660, 1439, 3001, 4473, 5730, 5853, 6407, 6690, 6977, 7147, 7150, 9813, 10554, 12353, 14446, 16135, 16747, 19431, 19693, 20050, 21148, 21333, 21708, 22005, 22998, 23344, 23689, 26126, 28578, 30063, 31587, 32051, 32624, 33530, 35165, 37744, 38378, 39463, 39762, 39935, 40510, 44647, 45737, 48596, 48616, 52643, 53903, 54002, 55089, 56795, 60584, 62964, 63091, 65214, 65375]
Iter#644 New set #9 of size 55 (71.6 its/hit = 0.444s/hit): seed=15385874825313416074 [1419, 5740, 7139, 8386, 9034, 11496, 11601, 12384, 16848, 16992, 17404, 17534, 18956, 19914, 20018, 20692, 22820, 28605, 29415, 29864, 30249, 31144, 32001, 32987, 34424, 36366, 36584, 39722, 40125, 41565, 42027, 44375, 44979, 45705, 45988, 46919, 48723, 49170, 51013, 51125, 52271, 56354, 56901, 57015, 59195, 59210, 60726, 60916, 61279, 61882, 63960, 64226, 64639, 64686, 64748]
Iter#787 New set #10 of size 55 (78.7 its/hit = 0.600s/hit): seed=9993783195614909416 [453, 607, 2255, 2501, 2524, 2858, 3246, 5031, 5184, 6464, 7439, 7733, 7880, 9705, 9804, 13093, 18131, 19570, 21601, 22202, 26026, 29148, 30121, 31444, 31476, 31854, 31916, 32513, 33149, 33413, 33487, 33721, 34834, 35539, 35897, 40532, 41618, 42110, 45216, 47637, 50320, 52071, 52659, 52833, 53064, 53702, 56933, 58150, 59149, 59795, 62242, 62394, 62507, 63566, 63885]
Iter#1450 New set #20 of size 55 (72.5 its/hit = 0.550s/hit): seed=2050001230478727007 [2039, 2211, 3871, 5651, 5734, 8115, 9525, 11279, 11522, 11909, 13435, 13442, 13961, 16165, 16338, 17465, 17568, 18307, 18394, 19303, 20100, 21099, 21808, 25195, 26488, 28560, 29866, 33675, 33901, 34008, 36508, 38139, 40112, 41794, 41954, 45902, 46454, 47083, 48721, 49650, 50352, 51252, 51636, 52292, 53318, 56619, 59492, 59673, 60143, 60376, 60379, 60755, 61474, 62602, 64947]
Iter#1883 New set #30 of size 55 (62.8 its/hit = 0.467s/hit): seed=3375952304122804295 [129, 1511, 3016, 3351, 4036, 4953, 5422, 7827, 8988, 9127, 10475, 11537, 11833, 13976, 14984, 18855, 20103, 21441, 23402, 24812, 25879, 26066, 26597, 27595, 29081, 29763, 32819, 32868, 33561, 35313, 36259, 38917, 39472, 40112, 40737, 42100, 43995, 48860, 50292, 50520, 51742, 52512, 52631, 52922, 54759, 55176, 55422, 55440, 56348, 58552, 59025, 61707, 62297, 64037, 64844]
Iter#1980 New set #1 of size 58 (1980.0 its/hit = 15.000s/hit): seed=2144136166204159062 [1038, 1231, 3520, 4045, 4122, 7971, 8699, 9832, 9845, 11000, 11500, 11986, 12760, 13967, 15169, 15901, 16304, 18505, 19769, 20499, 21043, 21430, 23237, 25042, 25191, 25808, 26053, 26080, 32922, 33165, 34280, 34522, 35152, 35308, 35527, 36770, 36972, 37351, 37710, 38930, 42585, 42923, 42956, 44148, 46660, 47111, 47489, 49584, 53651, 54434, 55121, 57619, 59270, 59405, 61307, 61565, 62579, 63123]
Iter#2197 New set #2 of size 58 (1098.5 its/hit = 8.000s/hit): seed=8784054448727996970 [715, 1455, 1573, 3706, 4236, 5873, 7849, 8036, 10185, 10980, 11103, 12522, 14763, 17086, 18440, 19779, 19905, 20345, 22827, 23396, 27533, 30694, 31952, 32412, 33003, 34026, 34588, 34866, 37479, 37569, 37733, 38933, 39254, 40185, 40517, 42658, 42909, 42918, 43197, 43720, 47196, 47295, 47962, 48216, 48892, 51268, 51436, 52012, 52614, 53404, 56075, 56538, 56694, 58067, 60092, 60142, 60781, 64426]
Iter#3362 New set #3 of size 58 (1120.7 its/hit = 8.333s/hit): seed=13752801351166268015 [1158, 1338, 1568, 3881, 3931, 5248, 5347, 6628, 6634, 8441, 8862, 9467, 12494, 12647, 14426, 15952, 16644, 16983, 17959, 18239, 19560, 20568, 22494, 23747, 24536, 24700, 26086, 26146, 26295, 28794, 30668, 32681, 33223, 33573, 33668, 34007, 36519, 42789, 43770, 44364, 44677, 45437, 45481, 45706, 47083, 47695, 49453, 49523, 52245, 53417, 53926, 54878, 57210, 59168, 60085, 61108, 63080, 63937]
Iter#3604 New set #4 of size 58 (901.0 its/hit = 6.750s/hit): seed=1218834940986075693 [2431, 3061, 3345, 3656, 5925, 7152, 9309, 10356, 11903, 11991, 13991, 14752, 15445, 16987, 18148, 19404, 19726, 20105, 20386, 21153, 22463, 22535, 23064, 23982, 24730, 25903, 30436, 30592, 31282, 32323, 32877, 33174, 35406, 39526, 40100, 40639, 41715, 41941, 44955, 45043, 45160, 46035, 47684, 49162, 50068, 51025, 51833, 55600, 56437, 57022, 58144, 59586, 59600, 61269, 61386, 62627, 62786, 63476]
Iter#3922 New set #5 of size 58 (784.4 its/hit = 5.800s/hit): seed=10981899693714428168 [27, 338, 2344, 5877, 6040, 6233, 7850, 8406, 9242, 9960, 10063, 12439, 15188, 17832, 18519, 20153, 21204, 21885, 21963, 22322, 23098, 24446, 24837, 24995, 25521, 27509, 27874, 28429, 28656, 28738, 30302, 30597, 31106, 31315, 33078, 34503, 34625, 35452, 35805, 37909, 38423, 39765, 42026, 44257, 45294, 45563, 47831, 48620, 49045, 50539, 51808, 53485, 53628, 55078, 56788, 59046, 60172, 62660]
Iter#4136 New set #6 of size 58 (689.3 its/hit = 5.167s/hit): seed=12972469278710323632 [158, 1536, 2098, 3002, 5216, 6079, 7240, 10131, 11355, 11711, 13377, 13726, 16458, 16588, 17191, 17877, 22353, 24894, 24896, 25344, 26769, 27076, 29026, 29226, 31036, 31102, 31111, 31741, 34498, 36248, 36326, 39677, 40222, 41122, 43514, 43568, 44999, 45107, 45131, 48708, 49184, 49609, 52763, 53318, 53563, 53602, 54867, 55423, 55872, 58911, 59092, 59730, 59911, 60294, 60332, 60381, 60907, 62104]
Iter#5908 New set #1 of size 61 (5908.0 its/hit = 45.000s/hit): seed=7312203059057644715 [195, 329, 540, 1059, 1234, 1360, 1549, 2658, 3942, 4306, 4729, 5873, 6281, 7360, 8637, 8650, 9891, 10094, 10676, 11019, 11463, 11974, 13040, 14229, 16035, 17222, 17278, 17487, 17570, 18016, 20586, 22419, 24119, 26617, 28684, 33937, 35378, 35957, 36196, 36617, 36640, 39989, 40994, 41053, 41765, 42525, 42667, 43110, 46205, 47341, 47431, 50629, 54459, 56089, 56703, 58894, 60214, 60347, 60442, 60538, 63861]
Iter#11008 New set #2 of size 61 (5504.0 its/hit = 42.000s/hit): seed=8216987574922231639 [710, 2563, 2711, 3204, 4184, 4517, 5264, 6998, 9000, 11762, 12668, 14974, 15219, 17030, 17526, 19223, 20327, 20824, 20932, 22624, 24371, 24775, 26574, 27596, 27757, 29951, 30341, 32271, 32933, 33569, 33855, 33930, 35463, 36345, 36570, 37551, 38652, 39044, 39678, 39923, 39950, 41600, 41609, 42489, 42665, 43773, 43873, 44561, 48166, 48744, 51183, 52273, 52720, 53596, 53829, 57258, 59509, 59691, 59865, 63256, 65011]
Iter#25922 New set #3 of size 61 (8640.7 its/hit = 66.667s/hit): seed=14066880870810527818 [243, 350, 968, 1360, 2874, 3469, 4526, 4825, 4928, 5038, 5656, 7156, 7589, 8507, 12295, 12373, 12638, 13663, 14443, 16022, 17272, 22657, 23378, 23661, 25772, 26732, 27602, 30250, 30264, 30391, 32163, 32897, 33421, 33699, 34793, 36831, 37093, 37534, 38551, 41463, 41637, 41993, 42251, 44227, 44613, 45396, 46174, 47078, 50025, 50861, 52408, 52854, 53961, 56622, 56756, 59074, 60039, 62294, 62798, 64018, 65043]
Iter#32454 New set #1 of size 64 (32454.0 its/hit = 250.000s/hit): seed=9856835717561381207 [145, 1073, 2636, 3537, 4652, 5011, 5525, 5846, 7957, 8877, 9574, 9801, 10633, 10944, 14344, 16003, 16008, 17405, 18561, 19146, 20406, 21471, 21523, 21657, 24287, 24652, 27009, 27469, 29763, 29826, 30382, 31173, 32094, 32666, 32943, 33079, 33731, 34009, 34729, 35004, 35890, 37002, 37485, 38406, 38666, 39010, 43006, 44338, 44345, 45265, 47167, 47421, 48688, 49728, 53236, 54678, 56203, 57195, 57609, 60026, 62468, 62586, 62960, 64637]
Iter#33984 New set #2 of size 64 (16992.0 its/hit = 131.000s/hit): seed=9775862778337037621 [1650, 2573, 2617, 2683, 3905, 3966, 4851, 5652, 7619, 8075, 8280, 8369, 9414, 9655, 9736, 9767, 10752, 11087, 11107, 12173, 12597, 13650, 16110, 16307, 17022, 17547, 17637, 17897, 17960, 20741, 25060, 25806, 26003, 26859, 27206, 28798, 30070, 30380, 35712, 35745, 35877, 36768, 37665, 39441, 41228, 44295, 47530, 48563, 50226, 52043, 52882, 57165, 58701, 59367, 59616, 60379, 60582, 62416, 62680, 63905, 63987, 64781, 65031, 65442]
Iter#50931 New set #3 of size 64 (16977.0 its/hit = 131.333s/hit): seed=583117189170066728 [1206, 2228, 2798, 6604, 7281, 13667, 13951, 14259, 18247, 18702, 19041, 19397, 19418, 20522, 20937, 21681, 22110, 26260, 26711, 27560, 28180, 28909, 28948, 30169, 31896, 32057, 33785, 35793, 36593, 37314, 37961, 39973, 40676, 41764, 44952, 45537, 46224, 47164, 47666, 47901, 48266, 48365, 48385, 48398, 51075, 51246, 51253, 51493, 53102, 56984, 57192, 57441, 57525, 57665, 58259, 58837, 59815, 60639, 60886, 61867, 63646, 63972, 64344, 64457]
Iter#61266 New set #4 of size 64 (15316.5 its/hit = 118.750s/hit): seed=2683435140419426391 [1420, 1636, 1651, 2303, 2696, 3332, 4085, 4689, 5350, 6063, 7158, 7212, 9324, 10237, 11293, 11744, 11966, 13500, 14168, 15262, 15377, 16156, 19894, 19908, 21385, 22881, 24046, 25282, 26891, 27389, 28235, 29626, 30253, 30501, 35890, 36305, 37003, 39644, 40125, 40521, 40580, 41688, 41696, 42227, 42905, 43827, 45258, 46090, 46517, 46529, 46580, 46861, 49663, 50502, 50775, 52253, 52294, 52340, 53462, 54403, 57693, 60462, 60880, 64796]
Iter#117842 New set #5 of size 64 (23568.4 its/hit = 184.200s/hit): seed=9256158566863879006 [557, 736, 905, 1458, 1645, 1911, 2132, 3197, 4101, 4815, 5358, 5925, 8514, 9258, 9342, 10647, 12679, 13611, 14394, 14599, 16583, 16625, 16902, 18605, 19260, 19263, 19765, 22065, 24933, 25953, 26140, 29706, 29953, 31633, 32160, 32418, 35405, 36147, 36197, 37909, 38642, 39728, 39882, 40210, 42336, 43837, 44713, 47296, 47309, 47707, 51912, 52753, 53036, 56524, 56763, 56877, 57804, 58742, 59682, 59772, 60214, 62347, 63506, 64156]
Iter#147852 New set #6 of size 64 (24642.0 its/hit = 193.167s/hit): seed=1410719237117485214 [249, 1115, 1152, 1454, 1640, 1890, 1995, 2066, 2515, 4863, 5016, 5785, 7011, 8931, 9651, 10013, 10371, 11192, 11398, 12559, 13757, 15231, 15232, 15399, 15855, 16109, 16833, 17678, 19065, 20215, 20665, 20945, 21692, 22854, 24877, 24883, 24897, 25946, 27998, 28831, 29400, 30567, 30755, 32060, 32910, 33076, 34021, 34101, 35368, 37099, 38125, 41601, 43027, 44447, 44740, 49001, 49973, 52424, 60846, 63339, 64598, 65256, 65418, 65494]
Iter#205902 New set #7 of size 64 (29414.6 its/hit = 230.571s/hit): seed=5421261598804930737 [54, 1362, 3818, 4698, 6119, 6276, 9200, 12089, 12962, 13004, 13229, 13533, 14002, 14056, 14796, 16535, 16740, 17081, 17614, 17870, 17905, 18587, 19153, 23094, 24231, 25797, 27435, 28444, 28594, 29364, 29892, 32544, 34275, 37150, 39986, 40221, 40242, 41945, 44789, 45352, 45369, 45838, 46256, 47545, 48485, 48581, 48584, 50298, 50370, 51771, 51938, 52034, 52989, 53755, 55247, 55825, 57673, 57793, 58669, 59584, 60257, 60388, 65056, 65295]
Iter#225710 New set #8 of size 64 (28213.8 its/hit = 221.125s/hit): seed=7764264127749417423 [770, 855, 1208, 1486, 1715, 1852, 3544, 5674, 6513, 6519, 7103, 7574, 9086, 9751, 11643, 12531, 13500, 14289, 14927, 16541, 18448, 19390, 19961, 22602, 24254, 25007, 25286, 26186, 27604, 27650, 29723, 31593, 33036, 33357, 33645, 35282, 35292, 35519, 36955, 39130, 42120, 42522, 43955, 44579, 45462, 46150, 47294, 47954, 49034, 49232, 51241, 51637, 52031, 53654, 55771, 58497, 59157, 59491, 59892, 60662, 63466, 63725, 63776, 65487]
Iter#268265 New set #9 of size 64 (29807.2 its/hit = 233.333s/hit): seed=3512236916524052668 [549, 1152, 1995, 2270, 3568, 3822, 3913, 4452, 4863, 5023, 7330, 7386, 9081, 9668, 10118, 11141, 13773, 13797, 14882, 16136, 16913, 16997, 17867, 20522, 20979, 21855, 22087, 22585, 22959, 24367, 24819, 25054, 26983, 31083, 33753, 35072, 35367, 35863, 37791, 38900, 38959, 38970, 39608, 39990, 41630, 44243, 46093, 47592, 47694, 48383, 49383, 49607, 50481, 50930, 52172, 55300, 55993, 56776, 58285, 59221, 59892, 60198, 62500, 64917]
Iter#276351 New set #10 of size 64 (27635.1 its/hit = 216.300s/hit): seed=912136308852449494 [533, 1274, 3805, 4195, 4203, 7278, 7961, 8109, 9274, 9566, 9902, 10110, 10441, 10608, 15277, 16229, 16350, 20544, 21022, 21334, 22540, 22680, 24785, 25139, 25610, 26032, 26598, 27136, 30356, 30381, 30657, 31934, 32900, 33443, 33867, 34128, 34774, 37988, 38458, 38529, 38542, 39309, 43688, 45425, 45463, 47266, 47609, 48710, 49126, 50349, 50664, 50980, 52550, 53272, 54276, 55154, 55279, 55554, 58212, 58466, 59623, 61454, 63588, 65075]
Iter#729988 New set #20 of size 64 (36499.4 its/hit = 285.950s/hit): seed=2695049852222611109 [2850, 4443, 4460, 4770, 5458, 5866, 6930, 9354, 10773, 11503, 12555, 12651, 13830, 14310, 15379, 15426, 16798, 17931, 18075, 18973, 19247, 19315, 25316, 25819, 25913, 25957, 26205, 26362, 30407, 30607, 31547, 32010, 32998, 33122, 34193, 34484, 34779, 35323, 36148, 36732, 36999, 37157, 37317, 38785, 38937, 40303, 40847, 41149, 41464, 42213, 44097, 44835, 45755, 46037, 47071, 47539, 55607, 57155, 58106, 59974, 60253, 61603, 64334, 64544]
Iter#1194509 New set #30 of size 64 (39817.0 its/hit = 311.833s/hit): seed=13905473701622911997 [442, 643, 1584, 2405, 2976, 3810, 4075, 6265, 6899, 8866, 9864, 10855, 15909, 16124, 16203, 16622, 16857, 16892, 17229, 17587, 18621, 20895, 21482, 22902, 23106, 23258, 24130, 25882, 26732, 27362, 29296, 30157, 30882, 30996, 32799, 33444, 34831, 39652, 39763, 40000, 42991, 43096, 43179, 44487, 45252, 48445, 48769, 50259, 50756, 50819, 51181, 51286, 53089, 53248, 56237, 56297, 57835, 58542, 58914, 60872, 61961, 62394, 63419, 64531]
Iter#1619734 New set #1 of size 67 (1619734.0 its/hit = 12724.000s/hit): seed=16155674974163309560 [101, 124, 2101, 2852, 4122, 4829, 5872, 8977, 11255, 11802, 14429, 14831, 15021, 15382, 18176, 18683, 18747, 20337, 21420, 22047, 22983, 25370, 28253, 29197, 29650, 29761, 29763, 32326, 34510, 35861, 36343, 36362, 36474, 37088, 37349, 37582, 39500, 40423, 41388, 41492, 41752, 43790, 44031, 44368, 45706, 46193, 48036, 48527, 48968, 49349, 50541, 50883, 51260, 52087, 52186, 52432, 52479, 52487, 53425, 53490, 54626, 59330, 62316, 62878, 63500, 64232, 65305]
Iter#2556416 New set #2 of size 67 (1278208.0 its/hit = 10062.500s/hit): seed=12682378246857031929 [725, 2060, 2985, 4162, 4594, 5629, 6084, 6178, 6459, 7315, 8214, 9956, 10270, 11635, 13031, 13786, 15033, 15170, 15857, 16791, 20305, 22199, 22432, 23827, 24507, 24970, 25142, 26027, 29254, 29872, 32284, 32459, 34290, 34738, 35855, 37752, 37864, 37950, 38279, 38376, 38944, 40167, 40290, 41335, 41412, 46100, 46165, 47816, 48483, 49552, 49895, 50268, 50447, 51494, 53012, 54544, 55167, 55842, 59299, 59707, 60244, 60810, 62767, 62806, 63052, 63777, 64724]
Iter#2951337 New set #3 of size 67 (983779.0 its/hit = 7749.333s/hit): seed=9428968637931987212 [558, 2479, 2569, 3368, 4387, 4808, 5617, 6838, 7067, 7488, 7714, 8175, 8237, 8410, 8542, 10265, 12265, 13713, 14891, 16100, 16378, 16421, 17120, 17167, 18001, 18662, 18870, 20081, 20185, 21688, 22670, 25282, 26054, 26972, 27117, 27367, 27575, 28532, 28899, 31694, 32089, 33216, 34717, 35264, 36533, 37868, 40693, 40857, 42050, 42578, 43130, 46037, 46129, 47318, 50472, 50593, 50615, 54518, 56776, 57072, 58977, 58979, 60120, 60647, 60810, 61569, 64903]
