[*] Computing DDT
[+] DDT Computed
DDT took 95.610994997s
Iter#1 New set #1 of size 42 (1.0 its/hit = 0.000s/hit): seed=18137402763318109240 [22, 3840, 8039, 10266, 12374, 15353, 15525, 15801, 16966, 17772, 18796, 19157, 21411, 23647, 26005, 28085, 29239, 30429, 31868, 32004, 34178, 34483, 35010, 37987, 39691, 40499, 41477, 42758, 44236, 45130, 49689, 53021, 54294, 54321, 54721, 56370, 57186, 57301, 57990, 60771, 62178, 64944]
Iter#10 New set #2 of size 42 (5.0 its/hit = 0.000s/hit): seed=8447064905757791999 [741, 956, 1343, 2218, 5895, 6116, 8133, 9265, 9373, 10498, 14250, 15411, 17660, 18494, 18636, 21221, 23668, 23994, 24286, 24439, 26947, 28206, 28700, 31414, 34598, 36103, 36522, 37924, 40953, 42194, 43867, 50964, 51243, 52989, 57959, 59315, 59665, 60119, 60309, 62166, 62519, 64440]
Iter#20 New set #3 of size 42 (6.7 its/hit = 0.000s/hit): seed=10516333402864810448 [860, 959, 3787, 4117, 6196, 7298, 10326, 11336, 12273, 13052, 16307, 18416, 19222, 22908, 25149, 28800, 29309, 30250, 31596, 31963, 34104, 34854, 36202, 36864, 39311, 39989, 41931, 43645, 46077, 47564, 47622, 50523, 52141, 54071, 54258, 54975, 57375, 57396, 58236, 59192, 60526, 61000]
Iter#23 New set #4 of size 42 (5.8 its/hit = 0.000s/hit): seed=15152951895101879185 [615, 944, 1262, 1758, 3588, 3751, 4183, 5685, 5717, 6833, 9085, 9803, 11715, 11727, 12050, 12370, 13754, 18165, 18552, 18624, 20576, 25361, 28070, 28544, 29022, 30369, 32280, 34659, 35724, 37479, 39576, 40429, 40596, 40919, 44168, 49258, 50736, 54208, 54805, 55620, 63529, 65388]
Iter#24 New set #5 of size 42 (4.8 its/hit = 0.000s/hit): seed=13387647076586331882 [2669, 3841, 4692, 4977, 5038, 7555, 9972, 12180, 13522, 14694, 14922, 16174, 22444, 24615, 27464, 31669, 33792, 34203, 36281, 36321, 36464, 38243, 38942, 39640, 40040, 40447, 44916, 46962, 50159, 50770, 52053, 53479, 55383, 55733, 57781, 57875, 60481, 61171, 62269, 63738, 64687, 65478]
Iter#36 New set #6 of size 42 (6.0 its/hit = 0.000s/hit): seed=15071800954539762826 [1437, 1485, 2275, 3251, 3352, 3523, 4233, 4751, 7745, 13845, 14572, 14677, 15014, 20928, 21501, 21715, 25074, 25255, 26487, 27557, 28943, 34325, 36133, 36788, 38899, 39730, 39813, 39963, 40255, 45344, 45597, 46260, 49784, 51462, 52407, 53837, 54872, 56421, 57764, 61091, 64262, 64360]
Iter#39 New set #1 of size 43 (39.0 its/hit = 0.000s/hit): seed=2007061604935268674 [579, 2946, 5694, 6567, 7560, 9498, 10371, 11384, 11749, 13330, 16217, 20500, 20932, 26044, 26185, 27041, 27860, 27878, 28411, 29581, 30403, 31047, 31073, 33675, 36822, 37704, 40590, 44567, 45350, 48071, 48383, 51609, 52339, 55061, 55610, 56916, 56963, 59937, 60724, 64054, 64218, 64302, 64515]
Iter#43 New set #2 of size 43 (21.5 its/hit = 0.000s/hit): seed=8044968400846595190 [933, 1804, 4668, 5353, 5990, 8319, 8769, 12533, 20479, 23788, 25114, 25683, 26817, 27629, 33145, 33990, 34150, 34642, 34710, 36430, 36724, 39852, 40492, 40803, 41239, 42604, 42774, 45776, 47091, 49286, 50053, 50984, 52057, 56054, 56747, 59955, 60076, 60272, 60376, 60738, 61454, 64932, 65031]
Iter#77 New set #1 of size 44 (77.0 its/hit = 0.000s/hit): seed=4057218381687386763 [423, 2757, 5018, 5771, 6550, 7432, 8167, 8914, 10675, 11850, 16603, 23198, 24623, 24691, 25680, 27266, 27378, 29567, 32958, 33013, 34070, 34277, 35316, 36470, 36800, 39142, 40005, 42251, 44571, 45917, 51297, 52212, 53424, 53437, 55503, 57784, 58064, 59029, 60885, 61084, 62371, 62522, 63759, 63880]
Iter#146 New set #2 of size 44 (73.0 its/hit = 0.500s/hit): seed=7843454047756445144 [1398, 2168, 4903, 5146, 6020, 9610, 10370, 11086, 12981, 13586, 17309, 19558, 20510, 22608, 23076, 24029, 24908, 26667, 28796, 31750, 33768, 37929, 37995, 38284, 41559, 41849, 42140, 42705, 42959, 43605, 43686, 44119, 44908, 45240, 45690, 46693, 50825, 52487, 54289, 54816, 54870, 62358, 63982, 64248]
Iter#311 New set #3 of size 44 (103.7 its/hit = 1.000s/hit): seed=8850314729243153382 [241, 1845, 2046, 5708, 6525, 7647, 9988, 11712, 14014, 15204, 19960, 27452, 27971, 28835, 30581, 30802, 31114, 33361, 33680, 36610, 37370, 38506, 39599, 41248, 41924, 42527, 46787, 47026, 47428, 50340, 51938, 52021, 52837, 53654, 53776, 57027, 57385, 59060, 60351, 60931, 61351, 63015, 64196, 64746]
Iter#315 New set #1 of size 45 (315.0 its/hit = 3.000s/hit): seed=14911911282667340438 [1950, 2097, 3102, 6310, 7640, 7809, 13129, 13189, 13446, 14048, 15808, 17987, 19258, 19788, 19948, 20166, 21056, 27489, 30291, 32848, 36116, 37045, 37061, 38458, 38557, 40274, 40904, 41579, 41677, 43284, 43722, 45112, 45207, 47770, 51400, 55545, 56067, 58215, 60332, 60406, 60611, 61572, 62094, 62562, 64400]
Iter#507 New set #1 of size 48 (507.0 its/hit = 5.000s/hit): seed=13765601017264686712 [461, 1130, 3593, 5589, 5788, 6129, 8394, 12008, 13625, 13709, 14526, 16418, 17549, 19005, 19234, 20484, 21957, 22848, 22945, 27611, 27844, 28917, 30601, 32085, 32619, 35259, 36062, 36627, 38061, 39965, 41118, 46058, 47789, 48564, 50296, 50992, 51664, 54205, 55481, 56816, 56866, 58644, 60775, 60928, 61584, 63278, 63862, 63917]
Iter#1568 New set #1 of size 69 (1568.0 its/hit = 18.000s/hit): seed=990263528751838143 [456, 938, 2045, 2075, 2213, 3060, 4236, 9724, 12294, 12812, 12833, 14871, 18850, 19166, 19369, 20309, 20426, 21244, 22395, 22498, 22826, 22994, 23142, 23610, 25679, 26798, 27371, 28086, 29128, 29324, 30021, 30185, 30208, 31597, 31653, 31955, 32176, 32199, 34644, 34718, 35207, 35965, 37384, 37866, 38309, 38560, 38990, 41299, 42147, 43776, 44473, 45340, 46816, 48012, 48043, 48044, 50387, 50795, 52224, 53104, 54833, 56734, 57144, 59632, 59775, 61584, 63668, 64503, 65509]
