[*] Computing DDT
[+] DDT Computed
DDT took 96.052046342s
Iter#1 New set #1 of size 44 (1.0 its/hit = 0.000s/hit): seed=11225713649785402746 [189, 1008, 2610, 4887, 5715, 6380, 7244, 8146, 8498, 12837, 13958, 15617, 16821, 19815, 21154, 23887, 24711, 24975, 26184, 26453, 27879, 28135, 29180, 29313, 29442, 29584, 29880, 34293, 34548, 36212, 37754, 40003, 40495, 43268, 44026, 51285, 52685, 53416, 53972, 54960, 56328, 58928, 64961, 65250]
Iter#2 New set #2 of size 44 (1.0 its/hit = 0.000s/hit): seed=11286786361390775096 [4355, 5549, 12290, 13326, 14185, 14366, 15751, 16541, 19282, 21216, 23517, 24302, 24948, 25926, 26350, 30239, 30430, 31247, 31635, 32273, 33414, 34176, 35171, 37418, 38731, 39265, 40363, 41797, 41992, 42262, 43059, 45899, 46756, 49558, 50018, 50603, 53235, 55102, 56421, 57542, 59153, 61616, 61861, 63091]
Iter#3 New set #3 of size 44 (1.0 its/hit = 0.000s/hit): seed=8647394995693837795 [1246, 5268, 5670, 5693, 6016, 7486, 7982, 10828, 10892, 11248, 11947, 16228, 17590, 19783, 21342, 21931, 23362, 27889, 28410, 30748, 31502, 33307, 35569, 37096, 37234, 37662, 38543, 39790, 41749, 43499, 45853, 48511, 52165, 52395, 52557, 53559, 54303, 55195, 55483, 55807, 55918, 59596, 62028, 64976]
Iter#4 New set #4 of size 44 (1.0 its/hit = 0.000s/hit): seed=2739141405008230364 [270, 739, 1690, 2282, 5327, 6257, 7076, 10676, 11679, 12099, 14526, 15465, 16647, 18185, 18577, 20029, 20347, 20704, 21022, 23840, 26195, 26225, 27422, 28943, 30105, 31073, 32115, 33316, 35534, 40896, 41391, 42755, 45521, 48307, 48368, 53265, 57620, 58210, 60318, 62884, 63421, 63654, 64330, 65367]
Iter#6 New set #1 of size 48 (6.0 its/hit = 0.000s/hit): seed=3288382994869255551 [1721, 3736, 4541, 5294, 5531, 7973, 10779, 12058, 12606, 13727, 14441, 14558, 15035, 18495, 19840, 22267, 22555, 24771, 25358, 25940, 27633, 28054, 29363, 31680, 31787, 33011, 33862, 34065, 34497, 35444, 37598, 39128, 41012, 42486, 43526, 45084, 45165, 45743, 49811, 50819, 54488, 54590, 56117, 57258, 59510, 63697, 64183, 65005]
Iter#16 New set #2 of size 48 (8.0 its/hit = 0.000s/hit): seed=14177081174728783640 [374, 1066, 3737, 4079, 6154, 8109, 8322, 13329, 13983, 14313, 14342, 14704, 15771, 16175, 16315, 17532, 17568, 19786, 19977, 20289, 21223, 21963, 27802, 28104, 28363, 29285, 31687, 34083, 34092, 34943, 39580, 44433, 45503, 46836, 46922, 47768, 49503, 51367, 55761, 56017, 56024, 56196, 56283, 57111, 58800, 63285, 64131, 65252]
Iter#79 New set #3 of size 48 (26.3 its/hit = 0.000s/hit): seed=6649083232602650750 [10, 148, 1210, 4240, 4509, 8421, 14179, 14513, 14745, 15651, 15797, 17218, 17224, 17636, 18620, 19031, 19260, 19462, 22056, 23509, 23789, 25829, 26024, 26923, 27561, 27689, 28814, 28965, 29276, 30111, 30296, 33050, 35444, 35454, 36961, 37348, 39159, 39408, 39829, 44009, 48457, 51510, 51516, 51545, 56577, 59768, 61613, 61910]
Iter#278 New set #4 of size 48 (69.5 its/hit = 0.500s/hit): seed=12103738176480893789 [922, 1016, 1156, 1948, 3825, 3960, 5755, 6715, 6801, 7221, 8016, 9063, 10996, 12067, 13541, 14196, 15094, 15801, 17541, 18207, 19320, 21980, 23942, 25003, 25122, 26480, 26978, 28250, 30432, 37317, 38687, 40133, 42136, 42967, 44385, 44521, 44795, 46954, 48981, 51633, 51865, 55414, 59213, 59876, 60030, 60259, 61536, 61551]
Iter#383 New set #5 of size 48 (76.6 its/hit = 0.600s/hit): seed=12863595823613752379 [295, 1057, 1838, 4298, 6347, 6885, 7441, 7627, 10716, 10980, 11881, 12541, 19994, 23313, 23341, 23671, 23874, 24272, 25010, 27480, 29038, 29188, 29812, 30058, 31517, 34883, 35114, 36717, 37223, 37542, 38280, 40831, 41044, 41329, 41658, 41659, 41862, 45681, 48227, 49020, 51359, 53678, 59018, 59087, 60577, 62967, 64619, 65108]
Iter#649 New set #6 of size 48 (108.2 its/hit = 1.000s/hit): seed=10831946145052424607 [1547, 4149, 7131, 8064, 8718, 9879, 12039, 12505, 16276, 16975, 17372, 17851, 20094, 23339, 24015, 25813, 27731, 29028, 29162, 32027, 35162, 35643, 35772, 37809, 39012, 39544, 40132, 40684, 41273, 43365, 44951, 45079, 46120, 47820, 48806, 48986, 50289, 50626, 51884, 53834, 55949, 57890, 58495, 60888, 61668, 62040, 64086, 64404]
Iter#848 New set #7 of size 48 (121.1 its/hit = 1.143s/hit): seed=11591659099419952284 [580, 2570, 3479, 4370, 4513, 5123, 6936, 7097, 7769, 8765, 9931, 12591, 13886, 14746, 16744, 18924, 19123, 24047, 25424, 25641, 26716, 26970, 27601, 29250, 29307, 29799, 30792, 31811, 32722, 33022, 33408, 34250, 36661, 38071, 42452, 42520, 44220, 49223, 51896, 52470, 54371, 56486, 57228, 58251, 59154, 60333, 63530, 65470]
Iter#853 New set #8 of size 48 (106.6 its/hit = 1.000s/hit): seed=10393326811180719570 [524, 4973, 5746, 6865, 8649, 11965, 13366, 15417, 15824, 19030, 19279, 26659, 28453, 28974, 29198, 31885, 35266, 35378, 37026, 38696, 39263, 41290, 42127, 42858, 43579, 46011, 47074, 47806, 49491, 49579, 49803, 54938, 56816, 58599, 58654, 58664, 58832, 59029, 59239, 59342, 60128, 60397, 60406, 61899, 62634, 62842, 63304, 63315]
Iter#1112 New set #1 of size 49 (1112.0 its/hit = 10.000s/hit): seed=5843177853122702249 [3279, 3835, 4151, 5327, 6641, 7381, 7526, 8614, 11266, 13886, 15432, 16414, 17019, 17516, 18429, 24459, 24909, 25515, 25544, 25931, 26314, 31289, 31468, 31919, 35531, 35660, 36267, 38902, 40162, 41661, 42321, 45099, 46530, 47362, 47633, 48288, 50841, 54054, 55112, 55679, 56641, 56643, 57192, 58245, 58684, 59924, 62998, 64185, 64863]
Iter#1522 New set #2 of size 49 (761.0 its/hit = 7.000s/hit): seed=11193632244771217618 [1650, 2565, 2842, 3383, 5856, 6635, 7016, 7397, 9013, 9151, 10269, 11460, 12742, 12904, 14140, 17218, 18419, 19170, 19507, 22854, 24021, 29423, 32362, 34999, 37156, 38495, 38568, 39372, 39688, 41494, 42134, 43027, 44072, 45151, 45398, 45723, 46130, 46326, 48516, 48883, 49452, 49907, 50258, 51613, 52465, 61262, 61399, 61989, 64986]
Iter#3525 New set #3 of size 49 (1175.0 its/hit = 11.333s/hit): seed=13331431678305414413 [600, 2870, 4638, 10281, 10409, 10865, 14290, 15190, 18181, 18910, 21348, 24736, 25288, 26804, 27542, 28193, 28267, 29610, 30253, 31161, 31214, 32671, 33017, 33285, 34119, 34504, 34936, 35230, 36465, 38896, 40738, 42108, 43337, 44731, 46228, 46539, 46837, 49282, 49882, 53841, 55918, 57549, 58855, 59563, 60147, 61137, 63103, 63480, 65453]
Iter#4093 New set #4 of size 49 (1023.2 its/hit = 10.000s/hit): seed=11848736219285581796 [1336, 4731, 5485, 7697, 10750, 13607, 14168, 14319, 14359, 16844, 19156, 20934, 21590, 22125, 22723, 23331, 25345, 27421, 29226, 29572, 29602, 30362, 33620, 34412, 34664, 36164, 36623, 37271, 37717, 41947, 42170, 45271, 47787, 48617, 50447, 51328, 52142, 54992, 55165, 55695, 56466, 58095, 58340, 58709, 61686, 61879, 62926, 63064, 63299]
Iter#4528 New set #5 of size 49 (905.6 its/hit = 8.800s/hit): seed=923929186006573483 [5189, 5707, 8800, 12574, 13355, 14301, 14421, 16556, 16809, 20680, 20876, 21359, 22274, 22377, 22895, 24799, 25805, 25822, 26460, 27740, 29002, 29515, 30709, 31876, 33345, 34160, 35756, 36561, 37144, 39066, 39445, 39615, 41061, 42260, 44209, 44386, 47314, 47866, 48282, 48435, 49799, 52669, 56654, 56910, 61900, 62542, 62571, 62786, 64096]
Iter#4808 New set #6 of size 49 (801.3 its/hit = 7.833s/hit): seed=7071820225400832962 [2321, 2523, 3539, 4031, 4193, 6493, 7277, 9780, 14010, 15306, 15768, 16233, 17847, 19225, 20675, 20719, 23038, 23519, 30453, 32163, 32943, 33293, 33480, 34867, 35161, 35864, 38247, 38746, 39053, 40074, 41420, 42762, 43229, 46263, 49212, 50915, 51476, 52466, 53967, 55350, 55649, 56549, 58888, 61731, 63182, 63538, 63957, 65365, 65454]
Iter#6766 New set #7 of size 49 (966.6 its/hit = 9.429s/hit): seed=9906251569949380569 [1930, 2010, 3493, 3866, 4496, 5678, 6278, 6570, 10222, 10486, 14147, 15477, 17035, 17726, 18824, 21054, 21999, 22244, 24330, 25455, 26059, 26386, 26602, 28104, 29569, 29756, 30017, 30925, 32224, 33900, 35307, 37063, 42840, 43793, 44186, 44804, 46451, 47402, 49490, 51858, 51951, 52331, 55877, 56176, 56308, 59812, 60295, 61155, 64744]
Iter#6795 New set #8 of size 49 (849.4 its/hit = 8.250s/hit): seed=13393322638873942407 [2025, 2293, 5298, 5352, 5425, 8760, 9152, 9881, 10717, 11809, 13710, 18331, 19815, 21942, 22470, 22997, 25845, 26333, 27863, 28083, 28573, 28863, 28951, 29205, 30801, 33233, 34948, 36601, 37671, 38243, 40440, 43126, 43976, 45611, 46945, 47568, 48596, 48719, 50693, 52406, 52570, 53071, 55300, 55907, 59973, 61421, 61440, 61827, 64985]
Iter#7958 New set #1 of size 52 (7958.0 its/hit = 78.000s/hit): seed=8964330225281594634 [0, 802, 1083, 1686, 4462, 5082, 5886, 7985, 9184, 10976, 13057, 15247, 18526, 19296, 20411, 22429, 23649, 25756, 25841, 26145, 26263, 28911, 30020, 30713, 32164, 32569, 33084, 33719, 34017, 34879, 37520, 38102, 38862, 39285, 40931, 41629, 42662, 42737, 42849, 43195, 43929, 43996, 46126, 47552, 49249, 49472, 51781, 56507, 57746, 59206, 61236, 64472]
Iter#15962 New set #1 of size 58 (15962.0 its/hit = 157.000s/hit): seed=13360535218931808024 [0, 1253, 2500, 2729, 4186, 9524, 10403, 11017, 11374, 12756, 14121, 14385, 15043, 15476, 16646, 17117, 17791, 19180, 19351, 19375, 21346, 21754, 23222, 24567, 26601, 26708, 27767, 28195, 29012, 30827, 31517, 32050, 34550, 38672, 39410, 42117, 42749, 43776, 44833, 45092, 45688, 46492, 47506, 48503, 50004, 50057, 51674, 51850, 52025, 55621, 55637, 55735, 58657, 59010, 61926, 63169, 65267, 65285]
