[*] Computing DDT
[+] DDT Computed
DDT took 98.50536921s
Iter#1 New set #1 of size 45 (1.0 its/hit = 0.000s/hit): seed=1009821411544427611 [262, 326, 3629, 5264, 5550, 6845, 7473, 8545, 9231, 10138, 11840, 12770, 13070, 17735, 18365, 18555, 20804, 21809, 24332, 25515, 27732, 27798, 29197, 30059, 31211, 31769, 35113, 37199, 39391, 42079, 43634, 45263, 45951, 48866, 49805, 50487, 50555, 51739, 53668, 55121, 57107, 60213, 61548, 63089, 65350]
Iter#15 New set #1 of size 46 (15.0 its/hit = 0.000s/hit): seed=7161553758427595872 [1228, 4023, 4464, 11270, 11626, 16469, 17711, 17907, 19171, 20473, 20773, 22529, 26840, 28723, 29388, 29875, 29921, 32716, 34039, 34548, 35054, 36447, 36902, 38785, 42730, 44030, 44031, 44889, 48457, 48681, 48694, 49319, 52806, 55330, 55355, 56346, 56994, 58608, 59497, 61196, 62505, 63590, 64659, 64894, 64941, 65148]
Iter#20 New set #2 of size 46 (10.0 its/hit = 0.000s/hit): seed=15579740295765283105 [970, 1894, 2342, 3038, 3553, 3886, 6512, 7909, 8465, 9890, 10677, 11806, 13602, 16338, 16701, 18878, 19467, 19796, 21536, 23962, 25487, 26589, 28735, 29121, 30259, 32612, 34616, 34620, 37441, 40520, 41370, 43044, 43810, 45451, 47338, 50159, 54624, 56336, 56852, 57539, 58340, 62003, 62044, 63542, 63642, 65406]
Iter#27 New set #3 of size 46 (9.0 its/hit = 0.000s/hit): seed=4287124242876040325 [216, 2045, 5352, 5676, 6396, 12076, 12085, 12483, 12554, 12651, 13593, 13927, 14792, 16684, 17276, 17998, 18285, 20151, 23469, 23690, 24759, 25903, 26698, 27502, 28954, 29527, 32054, 35995, 36618, 36926, 37510, 39250, 39997, 41541, 42684, 44107, 47317, 51499, 51864, 54415, 55590, 56658, 57116, 59909, 62198, 63976]
Iter#31 New set #4 of size 46 (7.8 its/hit = 0.000s/hit): seed=8764966215857255098 [1916, 2797, 9735, 11422, 12047, 12164, 13607, 14104, 15512, 17947, 19373, 19502, 23024, 26184, 29112, 31542, 31725, 33176, 34758, 35094, 35120, 38104, 39218, 41075, 42245, 43871, 44448, 45253, 47989, 48397, 48680, 49634, 49839, 50462, 51009, 52039, 52405, 52599, 53663, 57285, 57315, 61411, 61958, 62445, 62961, 64813]
Iter#57 New set #1 of size 47 (57.0 its/hit = 0.000s/hit): seed=1626199046964630579 [435, 2193, 3051, 3591, 7067, 7268, 9149, 10346, 12346, 13028, 13065, 13906, 15465, 16114, 19526, 24421, 26287, 27079, 28353, 28383, 28733, 29508, 30873, 31532, 31817, 32250, 32591, 33344, 34507, 34572, 35725, 35954, 36530, 43218, 43538, 43579, 43937, 45018, 49019, 49204, 49838, 54034, 54413, 54875, 55272, 56578, 62269]
Iter#65 New set #2 of size 47 (32.5 its/hit = 0.000s/hit): seed=7323692589040462254 [3738, 4905, 5477, 5851, 7432, 8134, 11135, 11611, 14321, 15898, 15949, 17275, 20415, 21757, 22192, 23258, 24473, 24897, 25792, 25965, 26979, 27133, 28036, 29093, 29682, 34538, 36463, 38852, 39710, 41043, 42578, 45112, 45339, 45692, 45900, 49447, 50930, 51028, 52194, 53338, 55855, 56449, 56997, 59307, 60458, 61601, 62675]
Iter#77 New set #3 of size 47 (25.7 its/hit = 0.333s/hit): seed=12141369862319688836 [4045, 4391, 4928, 5585, 5726, 6872, 10435, 11588, 17045, 19291, 21950, 22655, 23152, 25226, 28166, 29010, 29130, 29363, 30337, 34303, 35005, 35509, 36260, 37166, 37556, 38237, 38588, 38681, 39181, 39413, 39887, 41086, 44406, 47555, 48075, 50945, 52214, 53483, 53965, 57924, 58094, 59455, 62154, 63290, 63532, 64014, 64383]
Iter#147 New set #4 of size 47 (36.8 its/hit = 0.250s/hit): seed=12870839491052483400 [89, 1766, 1906, 5078, 7032, 7072, 7379, 8182, 8742, 10444, 13756, 14526, 15130, 15815, 19315, 21014, 23646, 24402, 25002, 25959, 28659, 29861, 30619, 32376, 32910, 33703, 35555, 36241, 38011, 38988, 39794, 40340, 40792, 41025, 45535, 47210, 47722, 50194, 51774, 52419, 52429, 52931, 53359, 58644, 58932, 59017, 60316]
Iter#196 New set #5 of size 47 (39.2 its/hit = 0.400s/hit): seed=15668148785524731915 [729, 1385, 2741, 3801, 4871, 7646, 8662, 9155, 10614, 12047, 13009, 13731, 15030, 15368, 16347, 16618, 18668, 21841, 23259, 24685, 24879, 29569, 34867, 37197, 37274, 37831, 38666, 41596, 42865, 43428, 44027, 44394, 44635, 45363, 46694, 46700, 50831, 50954, 52118, 52671, 55449, 58569, 60180, 60473, 61052, 61728, 65131]
Iter#203 New set #6 of size 47 (33.8 its/hit = 0.333s/hit): seed=10744458188807597511 [3072, 4100, 5549, 8482, 10115, 10178, 10589, 11442, 13513, 13602, 14626, 16640, 16862, 17159, 18148, 20604, 20972, 21415, 22289, 28878, 29513, 33043, 34428, 35118, 37400, 43537, 44266, 44390, 45882, 47426, 50163, 50164, 51455, 52124, 53980, 53992, 55040, 55248, 56064, 56489, 57326, 57562, 57890, 58070, 60962, 62640, 63158]
Iter#231 New set #7 of size 47 (33.0 its/hit = 0.429s/hit): seed=5286459563293366172 [315, 4585, 4594, 5259, 5567, 5683, 6113, 6230, 8773, 9345, 10064, 10263, 14218, 16491, 19066, 23020, 23963, 26768, 28262, 28692, 30723, 30736, 32721, 34219, 34866, 37060, 38940, 41387, 41667, 43233, 45601, 45842, 46666, 47210, 48098, 50162, 51655, 55131, 56391, 57658, 58863, 60365, 60369, 61088, 63030, 63952, 64560]
Iter#301 New set #8 of size 47 (37.6 its/hit = 0.500s/hit): seed=2371979150935883166 [1345, 2525, 4904, 5061, 6663, 8643, 8687, 9296, 9676, 10672, 14811, 14889, 17351, 17369, 19223, 20082, 20129, 21189, 21905, 22140, 22738, 25219, 27584, 27791, 28514, 28765, 31090, 33724, 34774, 35365, 38345, 41072, 42419, 43505, 44875, 45061, 46710, 47499, 48728, 48924, 49240, 49876, 55678, 58772, 61092, 62277, 64865]
Iter#402 New set #9 of size 47 (44.7 its/hit = 0.556s/hit): seed=6293680799919916795 [881, 917, 1847, 4368, 6484, 9398, 11733, 11940, 13483, 16600, 17229, 18721, 21322, 21521, 22567, 23328, 23693, 23754, 25001, 25693, 25997, 27926, 31509, 34301, 34408, 35014, 35465, 35782, 35940, 37768, 39115, 40183, 40545, 49274, 50469, 50623, 50864, 50894, 53022, 55470, 55872, 56590, 57319, 59498, 60187, 62918, 63741]
Iter#403 New set #10 of size 47 (40.3 its/hit = 0.500s/hit): seed=8416763143336490777 [704, 858, 3653, 6169, 6184, 7336, 7520, 8472, 9176, 9239, 9416, 10463, 11571, 12149, 14743, 17262, 18727, 19035, 20025, 20105, 20159, 20502, 21107, 21506, 27051, 31219, 33705, 33752, 35360, 35429, 38683, 40950, 42115, 43685, 45709, 48629, 51110, 53808, 54425, 54476, 54873, 56050, 57598, 59942, 62849, 63297, 63702]
Iter#494 New set #1 of size 48 (494.0 its/hit = 6.000s/hit): seed=6675816550721889808 [371, 799, 954, 1370, 6326, 10358, 10513, 11484, 13180, 17321, 18802, 19476, 21793, 21827, 22108, 23470, 24200, 25751, 29500, 31388, 31727, 34175, 35042, 35846, 37289, 37558, 38293, 42529, 44159, 44300, 46030, 46264, 46690, 49690, 50410, 50973, 51189, 51338, 51391, 53553, 53587, 55011, 55184, 56861, 57883, 62157, 64149, 65319]
Iter#495 New set #2 of size 48 (247.5 its/hit = 3.000s/hit): seed=9887817639743211323 [1787, 3416, 4253, 8429, 8773, 9925, 11395, 16713, 18501, 18530, 19400, 19992, 20262, 25268, 26443, 29225, 30084, 30386, 33912, 35349, 36194, 36599, 38361, 39477, 41157, 41441, 44373, 44615, 46200, 46603, 48858, 50858, 51131, 51234, 51624, 51921, 52467, 53038, 55029, 56430, 57902, 58341, 58873, 59060, 59945, 63758, 64046, 65006]
Iter#756 New set #3 of size 48 (252.0 its/hit = 3.333s/hit): seed=6627758575492210405 [601, 915, 1318, 2194, 2928, 3670, 3969, 4714, 4846, 5624, 5964, 6426, 7228, 11742, 15013, 15675, 18571, 20175, 20879, 21494, 22902, 24891, 25256, 34863, 35985, 36610, 37619, 43236, 44522, 45213, 45352, 46063, 46609, 47123, 49693, 52628, 52819, 53630, 54117, 54317, 54460, 56983, 57324, 58610, 59303, 60741, 60842, 60985]
Iter#818 New set #4 of size 48 (204.5 its/hit = 2.750s/hit): seed=15263792061511798211 [829, 832, 1068, 1792, 3477, 4744, 5229, 6023, 6157, 6264, 7137, 7595, 10584, 12039, 13517, 15823, 17140, 18234, 18490, 18945, 19363, 20376, 22024, 22558, 22732, 22853, 23685, 24148, 25137, 25226, 25918, 28894, 31875, 34859, 40517, 43430, 44059, 45488, 47287, 48989, 50314, 51384, 58737, 59320, 61137, 62071, 63983, 64019]
Iter#882 New set #5 of size 48 (176.4 its/hit = 2.200s/hit): seed=1779143054122950723 [836, 1416, 1873, 4251, 4771, 6245, 6454, 7578, 9287, 11001, 11656, 15310, 15635, 16298, 16987, 18151, 19805, 20576, 22724, 23202, 26478, 27426, 29180, 30936, 31182, 34733, 36221, 37713, 40060, 40422, 41205, 43277, 44283, 45166, 47385, 48854, 49980, 50980, 52117, 52751, 53844, 54113, 54269, 55216, 57317, 62527, 63468, 64441]
Iter#902 New set #6 of size 48 (150.3 its/hit = 2.000s/hit): seed=4558756519827589246 [1535, 2311, 2954, 4560, 6315, 7114, 7187, 7996, 11086, 11175, 11547, 12255, 12405, 13467, 17389, 18591, 18819, 19654, 19804, 19953, 20222, 20391, 21498, 24922, 25490, 26465, 30712, 30784, 30813, 32722, 34588, 39748, 39884, 40092, 43961, 44285, 44775, 48247, 50021, 50565, 54379, 55551, 57504, 58398, 59183, 59652, 59717, 59887]
Iter#956 New set #1 of size 61 (956.0 its/hit = 12.000s/hit): seed=1268787376110132122 [0, 1555, 3409, 4099, 5054, 5757, 7289, 7394, 9484, 9795, 10381, 10594, 11026, 11545, 13394, 14521, 15418, 16273, 16961, 17365, 17730, 17846, 19122, 20991, 21240, 21451, 21485, 22403, 24348, 25259, 25382, 26539, 26559, 27457, 28009, 29327, 31554, 31706, 32579, 32799, 37730, 39433, 40038, 40239, 41996, 42390, 43297, 44132, 44715, 45641, 52814, 55230, 55772, 56143, 56912, 59075, 60083, 60515, 60576, 61897, 63282]
Iter#973622 New set #2 of size 61 (486811.0 its/hit = 6717.000s/hit): seed=10108181537630514584 [0, 933, 2505, 3582, 4212, 6161, 6201, 7724, 8186, 8227, 9705, 10343, 11174, 12406, 14058, 15202, 15411, 15684, 17261, 18289, 19859, 21014, 21437, 22018, 24039, 27462, 28609, 28731, 29006, 29237, 31573, 33254, 33347, 33906, 34288, 34425, 35070, 35222, 36784, 38175, 39815, 39954, 43308, 44159, 45012, 47407, 47471, 48660, 50845, 51233, 51414, 52211, 52638, 53167, 54695, 54751, 57554, 61779, 62388, 64685, 65118]
Iter#1011058 New set #3 of size 61 (337019.3 its/hit = 4650.333s/hit): seed=1917011618016073167 [0, 2719, 4083, 5838, 8695, 9569, 11250, 12282, 12515, 12983, 13321, 13613, 15053, 15354, 15907, 18447, 23262, 23338, 24399, 25506, 27375, 28152, 28392, 31995, 32099, 32916, 33147, 33705, 35360, 36456, 36560, 37129, 38412, 38566, 38743, 40174, 42565, 42696, 44959, 45962, 48369, 51093, 52093, 52473, 52671, 55163, 55653, 56229, 57176, 57925, 58166, 59147, 59355, 59736, 60914, 62387, 63487, 63716, 64856, 64864, 65104]
