[*] Computing DDT
[+] DDT Computed
DDT took 95.467844185s
Iter#1 New set #1 of size 40 (1.0 its/hit = 0.000s/hit): seed=718026423135708083 [1752, 4138, 5284, 5302, 12015, 12679, 14448, 16131, 18491, 19037, 20368, 22211, 23060, 23597, 26138, 26350, 32721, 41594, 41790, 43187, 44434, 45516, 46841, 47302, 48195, 50837, 51375, 52438, 53618, 53662, 54199, 54910, 55691, 57030, 58670, 59033, 59298, 61289, 62523, 64636]
Iter#2 New set #2 of size 40 (1.0 its/hit = 0.000s/hit): seed=13861473457353558070 [910, 964, 1862, 4400, 5373, 8756, 11649, 12289, 13251, 13700, 19614, 21073, 21977, 22261, 23092, 24205, 26482, 26832, 27167, 27696, 28911, 35343, 37511, 37904, 38142, 40739, 41085, 50324, 50369, 51201, 52179, 52580, 52976, 53308, 53621, 53979, 56553, 60862, 63716, 64489]
Iter#4 New set #1 of size 41 (4.0 its/hit = 0.000s/hit): seed=12362551737054711927 [66, 315, 336, 342, 1384, 3340, 4358, 7224, 8594, 8939, 12692, 12762, 13941, 14985, 18505, 20146, 21721, 21946, 22681, 24751, 24963, 26294, 26993, 30845, 31950, 32549, 34603, 34803, 37007, 40804, 43471, 46776, 47681, 50688, 51048, 52128, 52407, 52518, 53112, 54939, 55156]
Iter#5 New set #2 of size 41 (2.5 its/hit = 0.000s/hit): seed=14697508402111497607 [1392, 3230, 6220, 8658, 9697, 12024, 14407, 15948, 16281, 18801, 19646, 25040, 27073, 27567, 27782, 28625, 29858, 31598, 32648, 34659, 36667, 38434, 39828, 40652, 40767, 41148, 44277, 47013, 49234, 51063, 52557, 52880, 53740, 53939, 55432, 56418, 58426, 59886, 61661, 63060, 64914]
Iter#7 New set #3 of size 41 (2.3 its/hit = 0.000s/hit): seed=2685786442941554102 [1689, 4933, 5163, 5567, 6945, 11176, 12091, 15173, 15798, 17372, 17550, 18622, 28169, 28684, 31175, 31858, 33327, 34899, 36657, 37643, 39517, 41442, 42726, 43949, 46108, 47237, 47246, 49788, 52507, 52779, 54017, 55164, 56506, 58173, 60084, 60879, 62021, 62050, 63762, 64018, 64755]
Iter#11 New set #1 of size 43 (11.0 its/hit = 0.000s/hit): seed=11197203442448591005 [914, 1951, 4504, 8629, 10079, 10840, 12006, 12169, 14252, 16135, 16992, 19771, 20554, 22364, 26465, 29395, 30211, 32901, 34267, 34677, 34990, 35926, 35984, 36246, 38285, 38540, 38686, 42528, 42727, 44482, 46806, 48579, 49140, 49470, 53412, 54164, 54500, 55443, 56180, 56407, 57150, 57177, 58017]
Iter#110 New set #2 of size 43 (55.0 its/hit = 0.500s/hit): seed=16543032253224903547 [2, 3073, 3260, 4438, 7517, 8339, 12674, 14229, 15084, 16065, 18082, 20017, 22469, 23941, 24479, 24966, 25647, 26904, 27685, 27726, 28374, 30723, 31177, 34942, 35370, 37002, 38633, 41418, 41676, 41984, 47214, 50991, 52173, 53738, 53803, 54624, 55296, 56737, 60232, 62660, 63364, 64563, 64652]
Iter#117 New set #3 of size 43 (39.0 its/hit = 0.333s/hit): seed=17352045801933051942 [1152, 2260, 3070, 3362, 6102, 7283, 11437, 12274, 15209, 17865, 23416, 24978, 25385, 25666, 27587, 28181, 28539, 28690, 30327, 30490, 31473, 33473, 34597, 38193, 40460, 42727, 47074, 47306, 47512, 48110, 48537, 48958, 49315, 49803, 55799, 59307, 59428, 59664, 60487, 60542, 61169, 62534, 62715]
Iter#157 New set #4 of size 43 (39.2 its/hit = 0.250s/hit): seed=7504461002776876320 [1193, 1849, 3780, 4196, 6839, 8231, 8257, 17230, 18437, 19187, 19401, 19861, 19882, 21676, 21738, 23215, 23575, 24454, 26722, 27846, 35961, 36754, 38119, 38539, 41494, 42665, 46739, 47169, 48176, 48876, 48911, 49098, 51440, 52443, 53426, 53958, 56995, 58050, 58805, 61789, 62843, 63432, 65161]
Iter#196 New set #5 of size 43 (39.2 its/hit = 0.400s/hit): seed=8764066932165957453 [621, 6551, 8161, 8429, 9688, 10169, 12680, 12949, 16447, 18664, 20496, 20861, 22724, 22829, 23527, 24984, 25271, 26653, 27279, 28786, 28972, 30336, 31004, 32224, 32437, 34875, 36869, 37017, 37803, 40263, 40629, 40888, 46114, 46288, 46871, 49798, 51311, 51616, 53597, 54035, 59661, 62642, 62901]
Iter#206 New set #6 of size 43 (34.3 its/hit = 0.333s/hit): seed=7456951399708965359 [425, 2381, 2797, 3525, 3792, 4704, 4991, 9956, 10009, 12276, 13218, 14694, 16309, 19659, 19720, 21252, 22667, 23271, 25795, 25871, 29042, 30073, 32532, 35207, 36751, 37254, 38290, 42165, 42546, 48776, 51284, 52155, 52307, 53637, 54063, 54397, 56158, 58225, 58238, 61137, 62135, 63366, 63796]
Iter#218 New set #7 of size 43 (31.1 its/hit = 0.286s/hit): seed=2767137450218965650 [1207, 8464, 8735, 8993, 9393, 9784, 9819, 10575, 13787, 14175, 14615, 14754, 17877, 18428, 19202, 20586, 21076, 21842, 22603, 22889, 23253, 25375, 28649, 29265, 33393, 33491, 35615, 40576, 41037, 42186, 43969, 46266, 47356, 48271, 49126, 52410, 52732, 56753, 58129, 59600, 60777, 62508, 64186]
Iter#221 New set #8 of size 43 (27.6 its/hit = 0.250s/hit): seed=5399619088579635501 [470, 1511, 1526, 2979, 5656, 11534, 11816, 13789, 16774, 19271, 19560, 20889, 23239, 24122, 24794, 25004, 25070, 25422, 26696, 28738, 30022, 34253, 35270, 40299, 42819, 42863, 44589, 46275, 46928, 48245, 48551, 49251, 51251, 52276, 56638, 58465, 58479, 58609, 60517, 61238, 64078, 65009, 65143]
Iter#229 New set #9 of size 43 (25.4 its/hit = 0.222s/hit): seed=7141733488539175145 [1747, 2204, 3965, 5041, 5404, 5612, 6181, 8371, 9224, 9300, 11842, 12073, 12280, 18317, 20087, 22178, 26653, 28500, 29846, 30739, 34143, 37751, 38495, 38574, 38991, 41302, 41782, 42397, 44909, 46518, 46689, 47480, 47723, 48306, 52730, 52885, 54242, 56394, 57167, 57209, 57655, 63654, 65334]
Iter#236 New set #10 of size 43 (23.6 its/hit = 0.200s/hit): seed=2680728439762564839 [182, 3495, 4525, 5255, 5349, 6230, 6280, 10831, 10995, 13765, 16080, 17672, 18310, 19027, 19333, 20010, 20892, 21182, 27658, 28458, 32974, 33720, 34285, 35760, 35920, 37209, 38621, 41299, 44699, 44725, 48208, 48225, 49822, 50802, 52874, 53159, 56473, 58947, 60041, 60965, 62363, 62438, 62809]
Iter#340 New set #1 of size 44 (340.0 its/hit = 4.000s/hit): seed=18284047907079442843 [18, 905, 3308, 4506, 5185, 7182, 8988, 12417, 16090, 20077, 21412, 21929, 32713, 33609, 34794, 34850, 35363, 37464, 37675, 38067, 38749, 39150, 40371, 40621, 41757, 42158, 43187, 43650, 44563, 45273, 45782, 46985, 48336, 48869, 48985, 49274, 49898, 50400, 51923, 52394, 55043, 56328, 61266, 62347]
Iter#555 New set #2 of size 44 (277.5 its/hit = 3.000s/hit): seed=11562627918595099015 [740, 4053, 4416, 8016, 9364, 9715, 16123, 16241, 16250, 16267, 17441, 17609, 18128, 19834, 21701, 22971, 25520, 26457, 29638, 32256, 32838, 34185, 35374, 36466, 38387, 39248, 39428, 39640, 40596, 41179, 42482, 43729, 45545, 47233, 48228, 51355, 55871, 56573, 56915, 58007, 60439, 60974, 63390, 63735]
Iter#591 New set #3 of size 44 (197.0 its/hit = 2.000s/hit): seed=486905819563468021 [4223, 4813, 5917, 6625, 7029, 8363, 9717, 11678, 13393, 16969, 17462, 20640, 21058, 21669, 23019, 23502, 25018, 31631, 34277, 34625, 35128, 38087, 38304, 38374, 39053, 40255, 41347, 41585, 42252, 42679, 42788, 43711, 44950, 45814, 51632, 53854, 54752, 55854, 56067, 56357, 56500, 57310, 57590, 57632]
Iter#702 New set #4 of size 44 (175.5 its/hit = 2.000s/hit): seed=1769504965822827695 [2629, 7919, 8139, 10556, 12478, 13220, 13710, 14963, 17617, 20923, 21234, 22728, 23936, 25193, 25350, 27679, 28862, 29308, 29419, 30491, 30801, 31845, 32402, 32899, 33352, 35603, 37800, 39692, 45961, 46569, 46973, 47924, 48805, 48837, 50967, 54803, 55076, 56103, 57943, 61860, 62348, 62857, 64310, 65512]
Iter#941 New set #5 of size 44 (188.2 its/hit = 2.200s/hit): seed=15312177248047876330 [555, 2222, 2933, 4150, 4160, 8079, 9771, 10702, 16744, 17501, 20465, 21420, 23900, 23986, 24876, 25331, 28200, 29396, 29667, 35622, 37023, 37179, 37305, 37713, 38958, 43235, 44375, 44475, 44565, 50236, 51900, 56204, 57481, 57676, 58939, 59672, 60881, 61452, 62323, 62748, 62756, 63313, 64138, 64279]
Iter#1094 New set #6 of size 44 (182.3 its/hit = 2.000s/hit): seed=5388831867305005748 [58, 1247, 1251, 2244, 4081, 4927, 8217, 9451, 10303, 10985, 12875, 16063, 16453, 16936, 17520, 17832, 19252, 19420, 20589, 21542, 23235, 26605, 27439, 27805, 28271, 29013, 29754, 30160, 37182, 38360, 40064, 40166, 42797, 44920, 45251, 48222, 53599, 57317, 57791, 58046, 60193, 62546, 63367, 63518]
Iter#1250 New set #7 of size 44 (178.6 its/hit = 2.000s/hit): seed=17239170640960106253 [727, 1281, 2649, 2757, 2821, 3034, 3737, 4562, 4713, 5703, 8907, 9293, 10038, 11825, 17402, 17618, 18390, 19138, 20193, 20675, 23160, 23290, 27222, 28839, 30233, 36267, 36418, 37832, 38480, 39413, 40257, 40290, 41217, 42172, 42623, 45650, 47613, 47855, 48997, 49453, 50688, 51574, 51818, 54227]
Iter#1447 New set #8 of size 44 (180.9 its/hit = 2.125s/hit): seed=14204046671523964703 [1739, 3688, 4189, 5143, 8877, 10197, 10521, 12242, 12773, 13720, 14139, 15588, 16070, 17242, 17943, 23697, 24168, 24905, 25539, 25829, 26257, 31523, 35413, 35472, 36595, 37172, 37511, 38030, 38414, 40628, 40724, 40933, 44518, 45793, 47620, 49078, 55793, 57245, 57621, 58717, 58914, 59074, 60070, 63172]
Iter#2032 New set #9 of size 44 (225.8 its/hit = 2.556s/hit): seed=2857096008406766823 [177, 1479, 1685, 2410, 5247, 5481, 6319, 6514, 6635, 8230, 11346, 12655, 13909, 14036, 14139, 14885, 18676, 19706, 21760, 28423, 30912, 36142, 37195, 39452, 39732, 39968, 40241, 42195, 44946, 46598, 50743, 50953, 51276, 52558, 53283, 53856, 54476, 55032, 56624, 59009, 60369, 61671, 62201, 63582]
Iter#2364 New set #1 of size 45 (2364.0 its/hit = 27.000s/hit): seed=2627751396478947965 [965, 3592, 6087, 6320, 6836, 7180, 7730, 8021, 10321, 11179, 12135, 12866, 14575, 14881, 15257, 15269, 16883, 17227, 18836, 22199, 22213, 22787, 22792, 23374, 24913, 26980, 29234, 29800, 33335, 34093, 35373, 40838, 44368, 47279, 47555, 49313, 50810, 51497, 53843, 54637, 54975, 55169, 61304, 62771, 63043]
Iter#7640 New set #2 of size 45 (3820.0 its/hit = 45.000s/hit): seed=5101131078692594519 [1327, 2023, 3078, 4259, 4575, 4789, 6716, 8660, 9168, 9823, 10124, 14517, 19059, 20352, 21059, 22910, 23900, 24183, 24631, 25167, 25897, 26918, 27451, 28873, 33914, 35615, 36219, 37506, 38092, 38231, 42636, 44314, 46175, 48869, 49717, 52503, 56599, 57189, 57209, 59167, 60620, 61092, 61234, 62302, 63602]
Iter#8702 New set #3 of size 45 (2900.7 its/hit = 34.000s/hit): seed=13313681664417848390 [1493, 2522, 5653, 6270, 7577, 8713, 9265, 9322, 9418, 11637, 12517, 16453, 17471, 18586, 19036, 19122, 21734, 22437, 22987, 23674, 24511, 25875, 31111, 35421, 36739, 37203, 38850, 40661, 43133, 44084, 44153, 44902, 46364, 47904, 48044, 49103, 51665, 51779, 54268, 55687, 56577, 59169, 60627, 62631, 63721]
Iter#12263 New set #4 of size 45 (3065.8 its/hit = 36.000s/hit): seed=15706341840060405534 [1536, 2878, 3854, 4452, 11169, 13418, 13809, 14204, 17103, 17643, 17793, 18852, 21028, 25038, 25542, 28322, 29542, 29914, 31394, 32437, 33302, 34744, 34859, 35629, 35808, 37291, 40024, 40311, 41461, 44083, 44413, 45678, 46994, 48202, 50746, 51015, 52770, 52950, 53867, 56618, 57257, 57925, 59637, 59934, 60712]
Iter#13381 New set #5 of size 45 (2676.2 its/hit = 31.400s/hit): seed=15299657332651267006 [2498, 3913, 5236, 9092, 14468, 15260, 15811, 18473, 19024, 19143, 19186, 19747, 20387, 21068, 22384, 23030, 23668, 24571, 25380, 27194, 28583, 29568, 29906, 30248, 31658, 32599, 34063, 37812, 38429, 39450, 40088, 42006, 43695, 45170, 48304, 48973, 49906, 50005, 51168, 51538, 58567, 61639, 61796, 63678, 64138]
Iter#20553 New set #6 of size 45 (3425.5 its/hit = 40.333s/hit): seed=17552742515118290907 [2073, 2273, 4595, 4737, 4871, 5629, 5750, 8840, 10787, 13312, 14018, 14463, 15389, 15540, 17518, 17525, 17884, 18492, 18952, 19039, 21326, 22174, 22998, 31081, 33155, 34157, 34552, 35394, 39668, 39880, 41615, 43668, 45576, 46399, 49637, 49759, 49825, 51535, 56588, 59944, 60148, 60221, 62281, 64033, 65023]
Iter#21733 New set #1 of size 147 (21733.0 its/hit = 256.000s/hit): seed=12854387929017452373 [756, 1347, 2614, 3050, 3186, 3242, 3396, 3537, 3684, 3834, 4148, 4415, 5690, 5850, 6328, 6718, 6860, 7027, 7882, 7999, 8040, 8059, 8334, 8839, 8898, 9143, 9464, 9488, 9642, 9726, 9741, 10188, 10517, 10705, 10719, 10963, 11442, 11592, 11606, 12437, 12465, 12912, 12998, 13312, 14095, 14530, 14661, 14778, 15333, 15599, 16118, 16268, 17116, 17545, 19164, 19764, 20379, 21083, 21544, 21741, 22413, 22720, 23020, 24374, 24375, 24907, 25497, 25643, 26216, 26686, 27509, 28221, 28366, 28500, 28771, 29188, 29277, 29303, 30037, 30597, 30696, 30935, 31059, 31277, 31370, 32141, 32252, 33192, 33332, 33424, 33844, 33880, 34438, 35181, 35834, 36259, 36435, 36504, 37214, 37383, 37440, 38009, 38202, 38564, 40113, 41408, 42653, 42812, 42900, 43640, 44345, 44771, 44979, 45231, 45625, 46557, 47126, 47923, 48103, 48227, 49515, 50077, 51238, 51560, 52429, 53024, 53055, 53427, 53589, 53668, 55294, 56388, 57640, 57726, 57745, 58109, 59247, 60446, 60658, 60904, 60971, 61856, 63411, 63645, 63795, 64101, 64423]
