[*] Computing DDT
[+] DDT Computed
DDT took 96.70568985s
Iter#1 New set #1 of size 40 (1.0 its/hit = 0.000s/hit): seed=8324935365767719892 [1078, 1471, 1514, 1902, 3724, 4660, 5351, 5926, 8592, 10067, 13208, 15946, 17238, 17881, 18408, 19901, 21826, 24679, 27029, 29083, 30422, 37947, 39629, 41030, 43157, 44283, 45064, 46987, 47328, 48778, 49977, 51840, 51971, 52712, 52770, 54706, 54920, 58059, 62654, 64724]
Iter#3 New set #2 of size 40 (1.5 its/hit = 0.000s/hit): seed=4198165401255977574 [148, 2131, 3785, 3790, 4502, 5976, 9147, 9958, 10896, 18955, 20819, 20987, 21200, 21347, 21750, 22177, 22969, 24129, 26234, 29693, 37016, 40031, 43787, 45781, 47788, 48536, 54272, 55201, 55888, 56066, 56537, 56704, 57407, 57504, 58193, 59312, 59952, 62235, 62484, 63741]
Iter#4 New set #1 of size 42 (4.0 its/hit = 0.000s/hit): seed=5818030171706103725 [589, 3716, 8078, 11523, 12687, 13872, 16260, 18651, 20566, 21407, 22122, 24271, 25702, 27200, 27811, 29444, 31078, 31227, 33787, 38608, 38779, 39117, 40496, 41368, 43780, 44406, 48170, 50559, 50562, 50589, 51761, 52205, 53431, 54267, 54397, 54527, 55062, 56725, 57408, 58762, 61566, 62667]
Iter#19 New set #2 of size 42 (9.5 its/hit = 0.000s/hit): seed=9941807268012688699 [215, 8675, 9322, 9706, 10412, 10834, 10983, 13483, 16459, 18378, 18578, 19689, 20620, 21050, 22524, 23489, 24458, 24694, 25233, 25478, 25897, 28346, 29488, 31081, 34372, 35619, 36167, 36647, 40287, 47573, 51341, 51459, 51603, 52391, 52535, 53076, 55745, 55867, 60635, 60704, 61646, 65036]
Iter#26 New set #3 of size 42 (8.7 its/hit = 0.000s/hit): seed=9451510922744576647 [142, 4177, 4228, 5457, 5825, 7024, 7106, 12269, 14962, 15437, 15690, 16034, 16543, 19971, 20012, 20174, 21172, 23866, 25090, 27716, 27886, 29426, 31761, 33000, 34947, 35230, 36829, 41020, 42071, 43106, 48783, 49399, 51135, 54438, 57044, 57978, 59319, 60930, 61587, 61891, 63853, 64289]
Iter#33 New set #4 of size 42 (8.2 its/hit = 0.000s/hit): seed=6933944706224846313 [923, 2841, 6375, 6576, 8056, 8259, 9102, 10233, 13352, 13362, 17755, 17851, 18519, 26591, 28031, 28552, 29889, 30594, 30874, 31247, 31699, 32938, 37538, 39108, 40265, 41953, 42324, 43900, 46243, 49353, 50203, 50513, 50821, 50911, 51100, 51944, 56637, 60143, 61111, 61203, 62335, 64445]
Iter#42 New set #5 of size 42 (8.4 its/hit = 0.000s/hit): seed=6006494449995203469 [132, 1882, 2767, 7213, 9536, 10005, 10562, 13241, 16718, 17070, 18328, 19190, 21673, 24545, 25235, 27281, 29332, 31054, 31933, 33582, 35746, 36116, 38742, 38925, 41620, 43195, 44508, 45864, 45893, 45990, 46003, 49669, 52984, 54363, 55074, 55524, 55554, 55681, 55748, 60175, 61479, 64704]
Iter#45 New set #6 of size 42 (7.5 its/hit = 0.000s/hit): seed=5723919150307297027 [1157, 1229, 1249, 1563, 3441, 5446, 5694, 7233, 7271, 8856, 10875, 10952, 14751, 15039, 15199, 15272, 15302, 15354, 16482, 19300, 21378, 21442, 21961, 29598, 34826, 35485, 35953, 35971, 37077, 38256, 42898, 44817, 47281, 52848, 52867, 54278, 55685, 57313, 57606, 59813, 61373, 61650]
Iter#48 New set #7 of size 42 (6.9 its/hit = 0.000s/hit): seed=1264927422111534403 [2374, 5702, 10429, 10653, 12531, 12887, 13512, 14116, 15711, 16100, 19210, 21620, 26678, 26978, 28768, 29474, 30219, 31192, 31236, 33627, 35971, 36518, 36901, 37915, 39231, 41079, 44365, 50298, 51988, 52146, 52876, 55086, 55544, 55628, 56781, 57957, 58205, 59026, 60306, 62451, 64557, 64908]
Iter#52 New set #8 of size 42 (6.5 its/hit = 0.000s/hit): seed=16743586489822141726 [1860, 2876, 3608, 3628, 3745, 4902, 5707, 6061, 6384, 7250, 8403, 9181, 16049, 17906, 18211, 20953, 22760, 22973, 24488, 24928, 26288, 26474, 31120, 33229, 33672, 38895, 38941, 40446, 42969, 44369, 46713, 46764, 47033, 49805, 53884, 55626, 55799, 55944, 56828, 57792, 60819, 61663]
Iter#61 New set #9 of size 42 (6.8 its/hit = 0.000s/hit): seed=2847130633501440017 [334, 1199, 1854, 2854, 3197, 5250, 8002, 9753, 10501, 13744, 15024, 15104, 15580, 16074, 18316, 22584, 22859, 23045, 25497, 25636, 25675, 26054, 26440, 27694, 27733, 29567, 31656, 37123, 37348, 39598, 43522, 45434, 48521, 51440, 54714, 57023, 59022, 59637, 60431, 62708, 62945, 63570]
Iter#62 New set #10 of size 42 (6.2 its/hit = 0.000s/hit): seed=12763498314304409246 [1547, 4592, 5469, 5655, 8874, 8977, 9244, 9913, 11309, 11541, 12489, 14293, 15394, 19607, 20565, 22966, 23166, 23848, 23918, 26351, 29321, 31720, 33516, 34651, 34822, 36042, 36294, 36962, 39582, 40531, 40790, 41525, 42227, 43908, 47038, 52286, 52368, 53057, 53988, 58774, 64788, 65316]
Iter#70 New set #1 of size 43 (70.0 its/hit = 0.000s/hit): seed=13714114407023022611 [4937, 5057, 6906, 7673, 7954, 12106, 12374, 14003, 15907, 17026, 17488, 20531, 21372, 23336, 25466, 26157, 26288, 30382, 30787, 30985, 31087, 31538, 32653, 32896, 34500, 36065, 37176, 40873, 43996, 45124, 45783, 48200, 49745, 50330, 53840, 55821, 57078, 57217, 57857, 58154, 60249, 64461, 64901]
Iter#107 New set #2 of size 43 (53.5 its/hit = 0.500s/hit): seed=10416015454796458746 [1583, 5361, 7812, 8547, 14845, 15056, 16450, 17021, 17460, 17742, 19682, 22391, 22642, 23428, 24766, 25246, 25795, 27093, 28022, 31696, 38006, 38898, 39634, 39763, 39853, 39967, 41331, 43098, 45055, 46420, 48043, 51184, 51481, 52309, 52697, 52779, 55303, 55579, 55963, 58828, 61806, 62778, 64089]
Iter#121 New set #1 of size 44 (121.0 its/hit = 1.000s/hit): seed=8070095153336592185 [460, 1176, 1711, 5573, 5812, 7646, 8077, 9342, 11054, 12112, 15214, 17434, 18594, 19496, 26654, 26886, 28010, 28570, 29673, 29891, 35118, 35629, 38261, 39136, 39325, 39751, 41380, 41387, 45037, 45460, 46102, 46501, 54163, 55172, 55406, 56689, 56753, 59966, 61200, 63412, 63845, 64107, 65032, 65240]
Iter#420 New set #2 of size 44 (210.0 its/hit = 2.000s/hit): seed=13771236087637662940 [1101, 2563, 3634, 4124, 4233, 5140, 5204, 6075, 6189, 6635, 6975, 7751, 8350, 8562, 12147, 12687, 17032, 18976, 20802, 21323, 24903, 29225, 31007, 31030, 34291, 36699, 36750, 38286, 41597, 45124, 45751, 46999, 47621, 48978, 49846, 50668, 52092, 52842, 55103, 56840, 58005, 63413, 64349, 65330]
Iter#481 New set #3 of size 44 (160.3 its/hit = 1.667s/hit): seed=10557420565096048911 [2657, 3909, 4387, 4658, 8945, 9633, 9639, 11212, 16126, 17187, 17696, 18299, 21045, 21981, 22626, 24354, 25100, 29868, 30672, 33966, 34258, 34263, 35613, 35649, 36676, 37091, 38239, 38865, 43231, 45056, 46775, 47788, 48894, 49950, 49984, 54664, 54854, 55531, 55788, 56931, 59885, 60802, 63218, 65074]
Iter#604 New set #4 of size 44 (151.0 its/hit = 1.750s/hit): seed=358290913199500852 [419, 1154, 2657, 6285, 8362, 10863, 11599, 11740, 12276, 14149, 14897, 16955, 18292, 18872, 19855, 20439, 22202, 22791, 23230, 26434, 27703, 28368, 28909, 29077, 30336, 30872, 31436, 33638, 34693, 35188, 36110, 41876, 42466, 42651, 43208, 47059, 51392, 51759, 52611, 53804, 56724, 56869, 59500, 63124]
Iter#768 New set #5 of size 44 (153.6 its/hit = 1.800s/hit): seed=17815763887352465539 [585, 2258, 7966, 9003, 16937, 17268, 18533, 18587, 19924, 20913, 22113, 23431, 25213, 25828, 27629, 27652, 28171, 29031, 29131, 31252, 32818, 33114, 34154, 34680, 35831, 36292, 37987, 38885, 39141, 39359, 42407, 43291, 43738, 44612, 49841, 50275, 54672, 56260, 56304, 57956, 59987, 61493, 63107, 65208]
Iter#857 New set #6 of size 44 (142.8 its/hit = 1.667s/hit): seed=7072439501101094867 [542, 1173, 1639, 1737, 2938, 3578, 5272, 7278, 12403, 12924, 13189, 14182, 15872, 17657, 18911, 19727, 24986, 25252, 26159, 26165, 29659, 32244, 33711, 34007, 35884, 36090, 38742, 39649, 41052, 44394, 46537, 47334, 47718, 47889, 49707, 51628, 56105, 56344, 56390, 58040, 58112, 63058, 65042, 65523]
Iter#921 New set #7 of size 44 (131.6 its/hit = 1.429s/hit): seed=3259691029794160836 [779, 5435, 5441, 5748, 6929, 7387, 7889, 9735, 10415, 10733, 13333, 13718, 14317, 15385, 16035, 16994, 17108, 18373, 21207, 21650, 22134, 23006, 24771, 26182, 26344, 27894, 28164, 29295, 30002, 30996, 33466, 33749, 35992, 36521, 38793, 39298, 42176, 43325, 45392, 48886, 49001, 49595, 50767, 55192]
Iter#2036 New set #8 of size 44 (254.5 its/hit = 3.000s/hit): seed=308740365589773570 [2912, 4410, 11087, 11127, 12532, 12607, 17131, 18253, 20700, 24810, 25514, 27444, 30583, 30774, 33607, 34282, 35076, 36585, 39155, 39896, 40960, 43214, 43907, 44535, 44747, 44926, 45630, 46315, 47032, 47200, 47356, 49870, 50090, 54275, 54403, 55983, 56775, 56819, 57916, 61140, 62585, 62796, 62891, 64826]
Iter#2120 New set #9 of size 44 (235.6 its/hit = 2.778s/hit): seed=17296028828843394434 [1333, 4378, 5098, 5394, 5659, 10358, 10757, 11635, 13257, 13817, 22147, 22939, 22972, 23642, 25234, 25264, 25539, 25759, 26728, 27745, 30353, 30569, 33933, 35192, 36417, 36559, 37903, 37936, 38934, 41097, 41229, 41904, 46550, 46763, 47605, 47915, 48533, 51980, 52242, 52678, 53730, 55184, 63084, 63240]
Iter#2223 New set #1 of size 45 (2223.0 its/hit = 26.000s/hit): seed=4634383554550837998 [64, 1311, 2074, 7129, 7132, 7470, 8866, 11345, 12844, 15966, 17020, 19298, 19468, 20263, 21854, 22236, 23505, 24340, 24776, 25888, 25894, 25967, 26221, 28418, 30883, 37191, 37887, 38118, 39375, 41008, 47143, 47790, 48394, 49676, 50173, 51699, 55241, 56421, 56711, 56908, 57434, 59462, 60147, 61975, 63146]
Iter#4099 New set #2 of size 45 (2049.5 its/hit = 24.000s/hit): seed=17456402786263364159 [696, 1454, 1969, 2432, 3060, 3431, 4150, 5771, 6833, 7595, 8479, 8921, 11858, 11898, 14433, 15361, 16869, 18674, 21398, 22012, 23158, 27232, 27810, 30380, 31707, 35292, 35470, 35883, 37457, 38654, 39027, 42281, 42398, 44993, 48566, 50268, 53044, 53488, 53891, 54801, 56858, 57382, 58966, 61727, 64347]
Iter#5788 New set #1 of size 63 (5788.0 its/hit = 68.000s/hit): seed=10326387301220042557 [11, 1440, 1625, 2321, 2369, 2585, 2889, 3559, 4713, 10194, 11852, 13332, 14211, 14500, 15269, 16060, 18809, 19458, 22568, 23012, 23102, 23199, 24110, 24570, 25728, 27678, 28300, 32626, 33502, 33556, 33751, 34836, 35553, 35876, 37308, 37433, 40324, 42928, 44052, 44150, 47898, 48176, 50680, 52501, 52571, 53326, 54122, 54914, 55135, 55689, 56042, 56975, 60137, 60386, 60425, 61620, 61735, 61753, 62725, 63182, 64196, 64884, 65192]
Iter#40936 New set #1 of size 91 (40936.0 its/hit = 488.000s/hit): seed=12168031904716636247 [44, 2323, 2615, 2681, 3314, 3576, 4501, 5295, 5545, 5788, 5976, 7171, 7186, 8063, 9883, 12089, 12517, 13471, 13598, 14354, 14476, 14608, 16222, 18103, 18566, 18998, 19873, 20164, 20373, 20505, 21201, 23126, 23820, 23885, 24504, 24597, 24598, 25342, 27029, 27050, 27475, 28386, 28896, 28926, 29529, 32241, 32770, 33465, 33524, 35004, 35726, 36393, 36539, 37179, 38289, 38498, 41816, 42730, 43892, 44955, 46377, 46458, 46571, 47686, 48758, 48766, 48884, 48945, 48958, 54404, 55274, 55636, 55698, 55993, 56899, 57046, 58009, 58775, 58891, 59134, 60466, 60663, 60775, 60780, 62949, 63177, 63202, 63542, 64211, 64855, 65512]
Iter#53627 New set #1 of size 147 (53627.0 its/hit = 641.000s/hit): seed=12355834075221767380 [130, 349, 583, 821, 1161, 1646, 2018, 2418, 2539, 3055, 3083, 3240, 3416, 4479, 4881, 4971, 5340, 5911, 6551, 6596, 6818, 8491, 8566, 8905, 9133, 9300, 9506, 9616, 9629, 10084, 11088, 11461, 12177, 12292, 12836, 12842, 13004, 13196, 13884, 14240, 14736, 14862, 15134, 16164, 16986, 18359, 18626, 19105, 19400, 20159, 20187, 21017, 21280, 21350, 21961, 22006, 22166, 22704, 23344, 23725, 23871, 24017, 24688, 24747, 26816, 27142, 27747, 28617, 28746, 28929, 29017, 29344, 29543, 30367, 30498, 30503, 30718, 31016, 31425, 31579, 32386, 32450, 32559, 32938, 34096, 34240, 34297, 36281, 36528, 37056, 37320, 37487, 37753, 38308, 38947, 39048, 39631, 41073, 41382, 41698, 41959, 43557, 43964, 44592, 45550, 45779, 46495, 47054, 47092, 47933, 48387, 48461, 49294, 49857, 50057, 50831, 51647, 51997, 52198, 52241, 52536, 52624, 53301, 53335, 53866, 54091, 55474, 56523, 57239, 58471, 58715, 58790, 59899, 60154, 60360, 60656, 61235, 61333, 61914, 62107, 62248, 62571, 63272, 63328, 63527, 64719, 64828]
Iter#244930 New set #2 of size 147 (122465.0 its/hit = 1469.500s/hit): seed=12064881911075815012 [170, 607, 739, 763, 943, 955, 1241, 1497, 2220, 2312, 2335, 2756, 4879, 4984, 5389, 5878, 5882, 5904, 6126, 6843, 8431, 8760, 8869, 9162, 9192, 10362, 10790, 11069, 11258, 11357, 11413, 11478, 11745, 11954, 12508, 12628, 12953, 13322, 13962, 14374, 15157, 15225, 15274, 15867, 16619, 17364, 17449, 18210, 18223, 18744, 19123, 19880, 20790, 20819, 22064, 22255, 23015, 23070, 23193, 24252, 24273, 26328, 27048, 27822, 28249, 28329, 28575, 28973, 29344, 30317, 31351, 31473, 31689, 32097, 32348, 32443, 33146, 33382, 35145, 35895, 36688, 37015, 37213, 37512, 37576, 37875, 37900, 38108, 38706, 38807, 39411, 39955, 40143, 40234, 41109, 41359, 41366, 42273, 42853, 42903, 43493, 43591, 44083, 44492, 44801, 45574, 46099, 46385, 47308, 47775, 50671, 50797, 50857, 51292, 51329, 51966, 52064, 53629, 53748, 54127, 54213, 55255, 56822, 57804, 57851, 58878, 59318, 60189, 60229, 60603, 62058, 62507, 62659, 62998, 63063, 63231, 63435, 63517, 63660, 64364, 64510, 64650, 64723, 64827, 65043, 65187, 65392]
Iter#621439 New set #3 of size 147 (207146.3 its/hit = 2491.000s/hit): seed=715141457664726258 [40, 191, 264, 951, 2012, 2042, 2103, 2227, 2299, 2638, 3729, 3966, 4515, 4754, 4853, 4869, 5887, 5982, 6071, 6195, 6829, 6857, 6883, 7708, 8087, 8529, 9724, 10375, 10658, 11044, 11504, 11583, 11766, 12660, 12846, 12850, 13287, 13574, 13994, 15219, 16697, 16972, 17030, 17084, 17393, 18397, 18649, 18840, 19737, 19908, 19969, 20615, 21142, 21152, 21404, 21892, 22185, 23234, 25198, 25204, 25213, 25214, 25552, 25640, 29478, 30051, 30495, 31015, 31049, 32674, 32773, 33332, 33883, 34306, 34495, 34498, 35191, 35510, 35556, 35928, 36886, 36939, 37982, 38225, 39206, 39896, 40120, 40624, 40851, 41278, 41333, 42199, 42228, 42342, 42534, 42676, 43025, 43895, 44006, 44049, 44762, 44977, 45418, 45593, 46035, 46359, 46462, 46496, 46636, 46870, 49415, 50153, 50823, 50872, 53046, 53338, 53483, 53502, 55413, 55773, 56069, 56135, 56571, 56691, 56703, 56764, 56952, 58284, 58443, 58801, 59247, 59330, 59420, 59806, 60804, 61251, 61491, 61721, 61997, 62228, 62389, 62980, 63617, 63961, 64534, 65287, 65489]
Iter#655290 New set #1 of size 258 (655290.0 its/hit = 7876.000s/hit): seed=14666595218633230754 [34, 311, 649, 678, 748, 907, 1024, 1526, 1892, 2141, 2726, 2831, 2849, 3275, 3679, 3798, 4559, 4936, 5128, 5453, 5553, 5955, 6646, 6749, 6900, 6921, 6926, 7001, 7761, 8105, 8232, 8246, 8326, 8484, 8715, 8765, 9015, 9501, 9912, 10117, 10248, 10365, 10767, 10835, 10880, 11299, 11496, 11624, 11994, 12057, 12331, 12358, 12395, 13041, 13112, 13116, 13214, 13395, 13623, 14087, 14338, 14546, 14602, 14702, 14742, 14747, 15833, 15972, 16219, 16613, 16824, 17412, 17470, 17502, 18026, 18326, 18465, 19103, 19689, 19818, 20195, 20246, 20934, 21148, 21151, 22299, 22431, 22818, 22836, 22989, 23082, 23441, 23483, 23629, 24092, 25031, 25596, 25737, 25863, 25868, 26438, 26541, 26557, 26698, 26890, 26981, 27359, 27368, 27407, 27443, 27582, 27804, 27811, 27951, 28023, 28488, 28717, 28747, 29122, 29343, 29829, 30798, 30842, 30916, 30929, 30984, 30993, 31066, 31730, 31925, 32203, 32214, 32496, 32604, 33554, 35306, 35367, 35896, 36446, 36472, 36562, 36577, 36802, 37450, 37664, 37836, 38020, 38262, 38300, 38592, 38879, 39038, 39359, 40047, 40415, 40436, 40497, 41082, 41222, 41319, 41456, 41578, 41976, 42340, 42824, 42897, 43313, 44100, 44442, 44608, 44723, 44919, 45092, 45143, 45261, 45502, 45508, 45537, 45696, 45761, 45979, 46072, 46384, 46483, 46565, 46628, 47095, 47538, 47706, 47768, 48983, 49168, 49180, 49364, 49372, 49389, 49427, 49569, 49858, 50558, 50754, 50943, 51400, 51466, 52256, 52271, 52622, 52856, 53591, 53689, 54477, 54935, 55020, 55202, 55331, 55447, 55559, 55576, 55758, 55850, 55998, 56007, 56091, 56342, 57040, 57110, 57416, 57503, 58173, 58257, 58368, 59040, 59442, 59556, 59610, 60188, 60225, 60590, 60607, 60897, 60900, 61038, 61205, 61501, 61723, 62220, 62309, 62379, 62689, 63016, 63018, 63234, 63359, 63716, 64619, 65038, 65465, 65504]
Iter#1027831 New set #2 of size 258 (513915.5 its/hit = 6181.000s/hit): seed=18257843387309439713 [143, 231, 817, 1460, 1934, 2594, 2640, 3006, 3504, 3716, 3791, 4053, 4475, 4639, 5302, 5484, 5658, 6090, 6240, 6599, 7294, 8016, 8830, 9301, 9464, 9631, 9876, 10117, 10471, 10490, 10531, 10561, 10618, 10636, 10832, 10839, 10943, 11428, 11464, 11585, 11750, 11945, 12054, 12075, 12079, 12374, 12557, 12717, 12786, 13424, 13518, 13709, 13719, 13874, 14022, 14381, 14576, 14807, 15416, 15524, 15628, 17359, 17602, 17791, 17921, 18913, 19094, 19334, 19510, 19730, 19764, 20175, 20478, 20894, 20950, 21641, 21662, 22003, 22077, 22104, 22269, 22353, 22564, 23091, 23167, 23412, 23416, 23833, 23960, 24066, 24241, 24892, 24902, 26096, 26179, 26484, 26837, 27187, 27432, 27780, 28112, 28295, 28458, 28499, 29457, 29709, 29743, 29969, 30043, 30106, 30155, 30300, 30478, 30525, 30709, 31084, 31206, 31804, 31826, 32376, 32637, 32699, 32768, 32769, 32836, 32918, 32976, 33697, 33713, 34016, 34562, 34579, 34610, 34637, 35300, 35310, 35773, 35869, 36033, 36207, 37013, 37059, 37999, 38423, 39294, 39429, 39651, 39691, 41415, 41568, 41836, 42105, 42423, 42638, 43487, 43723, 44030, 44038, 44092, 44253, 44308, 44496, 44857, 45204, 45260, 45364, 45537, 45694, 45919, 45946, 46534, 46910, 47033, 47092, 47318, 47396, 47665, 48498, 48587, 48875, 49110, 49230, 49671, 49827, 50287, 50763, 50929, 51049, 51115, 51177, 51246, 51387, 51811, 52131, 52196, 52374, 52506, 52903, 53044, 53143, 53279, 53558, 53646, 53715, 53725, 53757, 54062, 54387, 54538, 54775, 55153, 55766, 56058, 56201, 56228, 56678, 56734, 56829, 57229, 57331, 57340, 57465, 57560, 57826, 57844, 58363, 58466, 59293, 59499, 59547, 59566, 59611, 59901, 60130, 60413, 60560, 60703, 60999, 61002, 61210, 61380, 62357, 62986, 62988, 63070, 63943, 64107, 64430, 64442, 64740, 64795, 64897, 65009, 65144, 65295, 65316, 65447, 65478]
Iter#1140884 New set #3 of size 258 (380294.7 its/hit = 4588.667s/hit): seed=15129840177657205834 [228, 471, 472, 524, 559, 1091, 1232, 1283, 1521, 1598, 1703, 1760, 1799, 2078, 2609, 2946, 3433, 3916, 4719, 4788, 4879, 4887, 4894, 5586, 6252, 7057, 8148, 8161, 8493, 8527, 9047, 9120, 9183, 9579, 9662, 10215, 10261, 10633, 10750, 11259, 11316, 11490, 12040, 12051, 12857, 13364, 13463, 13490, 13768, 13866, 14150, 14170, 15136, 15935, 15987, 16188, 16352, 16383, 16477, 16607, 16645, 17313, 17416, 17627, 17997, 18026, 18283, 18524, 18706, 18820, 19669, 19836, 20022, 20076, 20185, 20635, 20756, 20847, 21662, 21949, 22013, 22052, 22393, 22645, 23326, 23461, 24518, 24595, 25252, 25505, 26344, 26595, 26742, 27143, 27337, 27371, 27578, 27746, 27756, 27768, 27894, 29305, 29407, 29529, 29710, 29925, 30351, 30422, 30608, 30621, 30753, 30915, 31063, 31221, 31598, 31636, 32213, 32263, 32597, 32644, 32983, 33415, 34103, 34163, 34508, 34975, 35034, 35103, 35665, 35734, 36400, 36689, 37244, 37436, 38358, 38375, 38781, 38929, 39040, 39152, 39441, 39579, 39836, 40713, 40899, 41377, 41468, 41531, 41578, 41809, 41884, 41950, 42079, 42249, 42321, 42589, 42592, 42786, 43106, 43287, 43356, 43371, 43434, 43745, 43918, 44133, 44166, 44302, 44544, 45045, 45304, 45557, 45790, 45806, 45849, 46038, 46168, 46449, 46724, 46892, 46901, 47707, 47779, 47826, 47830, 47838, 47934, 48069, 48377, 48378, 48741, 48956, 48986, 49134, 49221, 49551, 49588, 49659, 49878, 50189, 50335, 50420, 50545, 50652, 50937, 50985, 51109, 51372, 51595, 51751, 51796, 51833, 52041, 52509, 52766, 53247, 53634, 53847, 54437, 54476, 54803, 54806, 55406, 55752, 55905, 56195, 57266, 57313, 57688, 58076, 58106, 58156, 58713, 59264, 59773, 59853, 59938, 60115, 60229, 60471, 60568, 60576, 61023, 61025, 61124, 61152, 61380, 61393, 61617, 61710, 62238, 62670, 62809, 64397, 64890, 65024, 65097, 65330]
