[*] Computing DDT
[+] DDT Computed
DDT took 97.017143422s
Iter#1 New set #1 of size 41 (1.0 its/hit = 0.000s/hit): seed=17957280093911858514 [274, 3609, 4665, 4926, 9920, 10974, 11714, 11881, 11968, 14841, 16430, 17773, 17930, 19511, 25184, 27237, 27738, 29399, 30549, 32850, 33375, 33880, 33905, 34304, 36173, 36311, 37250, 37907, 42009, 42414, 44285, 45922, 48150, 48541, 49197, 49844, 50252, 51669, 53995, 62514, 65369]
Iter#2 New set #2 of size 41 (1.0 its/hit = 0.000s/hit): seed=16570455976817427939 [3112, 3330, 7475, 10426, 13197, 13754, 15562, 16529, 18616, 19161, 21080, 22241, 22357, 22518, 23672, 24440, 26095, 26853, 27257, 32306, 35159, 35575, 35813, 41474, 44268, 45755, 48830, 49215, 49621, 50005, 51001, 51672, 51723, 55191, 55552, 59536, 59821, 59879, 64158, 64841, 64890]
Iter#3 New set #1 of size 43 (3.0 its/hit = 0.000s/hit): seed=7770940712019690318 [1544, 2721, 2779, 7377, 8224, 8457, 8847, 11835, 13290, 13922, 14510, 18194, 18375, 18424, 19417, 19802, 22393, 23036, 24552, 24814, 26657, 26807, 28778, 32975, 33874, 35096, 37918, 38864, 39993, 40152, 41973, 43207, 44258, 49577, 53615, 55524, 56155, 59079, 60092, 60389, 62803, 64711, 64732]
Iter#26 New set #1 of size 44 (26.0 its/hit = 0.000s/hit): seed=2162632301142362025 [180, 4408, 7589, 8767, 13008, 15393, 19109, 20161, 21411, 21686, 24865, 25169, 26775, 27962, 29025, 29040, 29187, 30806, 35192, 35797, 38404, 39066, 41394, 42571, 42841, 42960, 44610, 44799, 46193, 51030, 52011, 53527, 53584, 55779, 56920, 57173, 58237, 58882, 58894, 59296, 60340, 61868, 63335, 64551]
Iter#267 New set #2 of size 44 (133.5 its/hit = 2.000s/hit): seed=5168663365662811445 [4779, 5579, 6105, 7106, 7952, 8330, 11958, 13910, 16326, 16452, 17685, 19187, 20508, 20532, 21092, 24016, 24034, 25307, 25787, 26033, 27931, 29848, 30595, 34267, 35214, 35314, 35583, 37324, 37835, 42512, 43962, 43978, 44703, 45944, 46004, 47453, 49137, 52584, 55056, 56356, 58861, 60961, 61436, 61956]
Iter#847 New set #3 of size 44 (282.3 its/hit = 4.333s/hit): seed=3704921861844516898 [2953, 6073, 7405, 7809, 9105, 13776, 14191, 14611, 14731, 18091, 18592, 20276, 20585, 21043, 25558, 25879, 27178, 29709, 32791, 33272, 34554, 35643, 37336, 37715, 38963, 40226, 43164, 43522, 44123, 46303, 47999, 49221, 51373, 52359, 54177, 57368, 57825, 57844, 59579, 60599, 62230, 62397, 64459, 64931]
Iter#1031 New set #4 of size 44 (257.8 its/hit = 4.000s/hit): seed=4087074916264919559 [937, 3259, 3722, 4490, 5681, 7166, 9281, 10540, 12388, 14401, 15242, 15642, 19164, 21322, 21750, 23195, 23317, 23610, 24768, 25101, 25247, 25838, 25896, 27715, 28052, 29504, 29744, 31030, 31191, 34099, 36962, 38553, 39125, 41092, 41574, 41714, 41774, 45001, 45432, 46482, 49494, 56772, 60260, 65270]
Iter#1037 New set #5 of size 44 (207.4 its/hit = 3.200s/hit): seed=1502687578359941987 [181, 630, 3460, 3993, 6723, 7600, 8404, 10492, 11106, 11472, 16867, 17157, 17658, 20418, 24647, 26348, 26684, 27609, 28538, 29811, 31591, 34264, 34287, 34894, 35628, 38368, 39416, 40482, 40945, 43034, 44112, 45198, 51103, 51210, 52774, 52798, 53585, 54436, 54600, 55496, 57989, 58114, 59105, 64224]
Iter#1286 New set #1 of size 45 (1286.0 its/hit = 20.000s/hit): seed=2180074878767788835 [3770, 7115, 8338, 8382, 8767, 10254, 10259, 13791, 14374, 14800, 16795, 16978, 18506, 19540, 28312, 29562, 31121, 31233, 31943, 34337, 34836, 36845, 38413, 38912, 41658, 42666, 42977, 43178, 43375, 44309, 47112, 47585, 50609, 50882, 50966, 51257, 58533, 60460, 60667, 61573, 63300, 63534, 64819, 65062, 65335]
Iter#2853 New set #2 of size 45 (1426.5 its/hit = 22.500s/hit): seed=9371349790409795509 [302, 2030, 3798, 3834, 5561, 6197, 6823, 7692, 8826, 9555, 9682, 10488, 14584, 16593, 16756, 18436, 18961, 19488, 20305, 21145, 21836, 21967, 22031, 22586, 24792, 26336, 29463, 30400, 34171, 37274, 38379, 39388, 43866, 48312, 49098, 49521, 50043, 50553, 51493, 59568, 60062, 60734, 61687, 62943, 64129]
Iter#4520 New set #3 of size 45 (1506.7 its/hit = 23.667s/hit): seed=10070879192653084234 [4509, 4828, 5252, 6114, 6792, 6819, 7544, 7837, 8401, 9418, 12006, 15037, 17037, 20082, 20261, 21019, 23408, 25697, 25959, 26139, 27437, 28148, 29706, 31576, 31910, 32445, 32902, 33391, 34309, 34902, 40258, 42841, 42915, 43260, 45733, 47558, 47865, 50608, 51622, 51633, 53435, 55211, 58319, 61885, 63028]
Iter#7234 New set #4 of size 45 (1808.5 its/hit = 28.750s/hit): seed=1736147375339642107 [1803, 2178, 3773, 4786, 5510, 5694, 8149, 9819, 10050, 13597, 13615, 13729, 13825, 14474, 14983, 15343, 17940, 20064, 20219, 20314, 20763, 22452, 22616, 22769, 23124, 26526, 26830, 34861, 39005, 39853, 40151, 44430, 46404, 47120, 49843, 51533, 51567, 52667, 58179, 59186, 61502, 61968, 62907, 63437, 64891]
Iter#8555 New set #1 of size 49 (8555.0 its/hit = 136.000s/hit): seed=447810023300323993 [0, 1126, 1552, 1930, 6608, 8128, 8220, 9338, 10897, 14551, 14594, 15253, 17986, 19747, 19869, 22944, 24106, 26324, 26546, 27731, 29054, 29428, 31952, 32509, 32652, 33293, 33954, 34122, 36486, 39354, 40054, 40634, 41225, 42141, 46314, 46326, 47512, 48245, 49928, 51735, 53739, 53794, 54325, 54889, 56965, 58069, 58730, 60727, 61380]
Iter#11365 New set #2 of size 49 (5682.5 its/hit = 90.500s/hit): seed=5440439065734325756 [0, 845, 955, 3958, 4066, 4106, 5332, 8016, 8070, 9305, 9514, 9831, 12523, 15315, 18228, 18383, 18532, 18617, 20070, 21841, 22389, 22812, 23219, 24313, 25347, 25898, 27199, 37101, 37992, 41291, 42860, 43440, 45377, 45428, 47164, 47243, 49270, 49292, 49949, 50125, 50468, 51479, 55257, 55970, 56200, 56771, 57812, 59496, 61543]
Iter#12075 New set #1 of size 52 (12075.0 its/hit = 192.000s/hit): seed=15140930335618393785 [0, 1661, 2695, 2728, 5975, 8410, 9123, 10457, 10537, 11052, 11507, 11876, 12265, 14643, 16751, 21175, 21697, 22051, 22415, 23716, 26919, 27004, 28060, 28825, 30562, 31646, 31681, 32083, 34449, 35213, 36412, 36620, 37942, 42264, 42808, 44616, 45462, 46316, 49423, 52103, 52730, 55286, 55371, 55972, 58923, 59200, 59237, 60877, 61623, 62028, 62797, 64730]
Iter#14393 New set #2 of size 52 (7196.5 its/hit = 115.000s/hit): seed=10663011445246506226 [0, 49, 663, 753, 990, 4549, 4719, 4916, 5646, 7718, 9248, 10309, 11449, 11492, 12838, 18464, 19880, 20783, 21097, 21317, 21679, 22072, 24655, 25753, 28443, 28966, 29004, 29432, 33981, 37272, 39165, 41077, 42308, 45594, 46937, 49377, 50799, 51964, 53345, 54613, 54674, 55362, 55939, 57556, 58561, 58904, 60079, 62150, 62601, 62977, 64081, 64096]
Iter#17869 New set #3 of size 52 (5956.3 its/hit = 95.000s/hit): seed=8564961532638679711 [0, 1345, 5633, 8590, 8781, 9423, 10409, 12867, 13600, 14637, 14895, 15402, 16074, 18122, 18397, 19984, 21445, 21759, 22233, 23345, 24420, 25866, 25931, 28660, 34604, 36861, 37518, 39551, 39759, 41178, 44485, 44608, 44708, 45580, 47592, 49305, 50640, 51511, 51642, 52892, 53924, 56466, 56537, 57424, 57575, 57875, 58068, 58073, 58933, 59048, 61609, 63802]
Iter#19802 New set #1 of size 55 (19802.0 its/hit = 316.000s/hit): seed=9794367249601772810 [0, 210, 3062, 4057, 5546, 6396, 7948, 8297, 8783, 14120, 15405, 15491, 17344, 18486, 21048, 23315, 23852, 23922, 25872, 26196, 30669, 31467, 31610, 31948, 32381, 33171, 33662, 33896, 34978, 35110, 36553, 36958, 36976, 37753, 38442, 39202, 40873, 42601, 44725, 45050, 47981, 48732, 52842, 52920, 54415, 55304, 55316, 55620, 59554, 59623, 62407, 62498, 62643, 64845, 64863]
Iter#23402 New set #2 of size 55 (11701.0 its/hit = 187.000s/hit): seed=17034106119046953553 [0, 47, 143, 294, 513, 1505, 1629, 3721, 6082, 7455, 7966, 10485, 12444, 13406, 16042, 17710, 18727, 19513, 19638, 20261, 20622, 21236, 22227, 28112, 28835, 28949, 29071, 34390, 34663, 37029, 38126, 41014, 41639, 43032, 43236, 43326, 45576, 45857, 45891, 47314, 48065, 48110, 48552, 51235, 53111, 53539, 53696, 54040, 54965, 55033, 55367, 57558, 58921, 59942, 64100]
Iter#101300 New set #3 of size 55 (33766.7 its/hit = 469.667s/hit): seed=2812144715909760797 [0, 580, 2322, 3481, 3614, 4232, 4340, 5372, 6042, 6659, 6848, 6940, 8235, 8450, 8557, 8995, 12697, 13464, 13527, 14044, 14399, 15319, 15654, 17006, 19645, 21708, 23250, 23606, 24921, 28967, 31601, 33483, 33926, 35801, 37694, 37902, 40202, 40905, 41643, 41711, 43135, 44250, 44662, 44820, 46040, 47211, 48136, 51369, 52611, 54876, 56883, 57219, 59921, 60811, 62016]
Iter#193447 New set #1 of size 58 (193447.0 its/hit = 2889.000s/hit): seed=9729485799819763230 [0, 1502, 2125, 2841, 4149, 6039, 6162, 8194, 9075, 9491, 10171, 11419, 12507, 13526, 17414, 17910, 18756, 20147, 20851, 25458, 26100, 28469, 29925, 30114, 32781, 34880, 35472, 36065, 38423, 38917, 40917, 41042, 41130, 41505, 41647, 42356, 42507, 42700, 43446, 43767, 44263, 45522, 47159, 47814, 48981, 49086, 50114, 50438, 50962, 51959, 53095, 55079, 56596, 57521, 57940, 60261, 62932, 64388]
Iter#602650 New set #1 of size 61 (602650.0 its/hit = 9409.000s/hit): seed=12275053621657348093 [0, 2944, 3851, 4864, 6492, 6731, 7367, 8874, 10815, 12510, 12527, 13645, 14072, 15325, 16778, 17169, 17547, 17939, 18212, 18231, 19246, 20753, 21043, 21254, 22654, 23919, 24090, 26013, 26187, 26685, 29694, 29701, 31055, 33202, 35247, 37950, 40199, 41690, 41957, 41992, 42130, 42205, 42633, 45932, 47473, 49109, 49753, 50553, 51673, 51868, 52277, 53805, 54011, 55007, 55978, 57430, 59160, 59686, 62182, 62488, 63137]
Iter#983554 New set #2 of size 61 (491777.0 its/hit = 7753.500s/hit): seed=10420081496708646020 [0, 160, 820, 1005, 2085, 3527, 3789, 6929, 8407, 8526, 9024, 9915, 11443, 12858, 13932, 14497, 15542, 16718, 16889, 17241, 17343, 19008, 19354, 20338, 20915, 23135, 23523, 24512, 24601, 24629, 26434, 27394, 28146, 28530, 28800, 30148, 30544, 30842, 32398, 33617, 36032, 36204, 36852, 41413, 46622, 47181, 48926, 50846, 52259, 52637, 53356, 53520, 54013, 54095, 55919, 59097, 60746, 61558, 63351, 63447, 63656]
Iter#1836836 New set #3 of size 61 (612278.7 its/hit = 9746.000s/hit): seed=14759688949524515835 [0, 746, 1258, 2325, 3053, 3562, 5662, 7667, 10137, 11025, 11281, 12153, 18568, 18685, 19119, 19719, 20046, 20398, 20461, 21553, 22175, 23191, 24763, 26103, 29859, 31560, 32014, 32105, 32549, 33357, 35387, 36238, 36427, 36775, 38911, 39253, 39418, 40148, 40383, 45190, 45472, 45894, 48559, 49088, 49637, 49862, 50381, 52067, 52425, 52696, 54064, 54101, 54641, 55710, 55729, 58353, 58841, 60725, 62759, 62863, 63521]
Iter#2886257 New set #4 of size 61 (721564.2 its/hit = 10797.500s/hit): seed=8020231038911688389 [0, 1644, 2005, 3822, 5061, 5116, 8637, 11653, 12294, 13120, 13370, 15780, 15993, 16488, 16615, 16783, 17707, 18611, 19825, 20790, 21090, 22264, 22550, 28211, 29718, 30255, 30901, 33477, 33589, 34064, 34599, 34949, 35670, 37477, 38826, 38930, 39464, 41367, 41697, 42650, 43534, 43743, 44072, 44211, 44244, 45348, 45833, 46428, 49111, 50035, 50676, 52584, 52861, 53763, 60763, 60990, 62305, 62453, 64598, 65064, 65328]
Iter#3703288 New set #1 of size 64 (3703288.0 its/hit = 52962.000s/hit): seed=10178407142365752291 [0, 1151, 2252, 2415, 2868, 5678, 7446, 7711, 7851, 9036, 9195, 10132, 10735, 11099, 13499, 13806, 14484, 15067, 15939, 16440, 16634, 16636, 17518, 18414, 18676, 19304, 19406, 20897, 22694, 23878, 25188, 25679, 26664, 27619, 27677, 30263, 31277, 31504, 32368, 32634, 35648, 37388, 38626, 39779, 41219, 41320, 45637, 46510, 48845, 51211, 51541, 52178, 54557, 54574, 55831, 55935, 57112, 57548, 57611, 57855, 57917, 59684, 61732, 65440]
Iter#4277291 New set #1 of size 67 (4277291.0 its/hit = 59813.000s/hit): seed=11966619752775058664 [0, 56, 1008, 1275, 1706, 5621, 6741, 7176, 7243, 7423, 7604, 8513, 9302, 9768, 10453, 11610, 12165, 12370, 12394, 13277, 14146, 14640, 14890, 16296, 16604, 18009, 19192, 19569, 19872, 20601, 21290, 24134, 26099, 26115, 26215, 27214, 28334, 29095, 30566, 31478, 31699, 31743, 32519, 33401, 35261, 36268, 36669, 37077, 37750, 40251, 41513, 42215, 45773, 45980, 49172, 50026, 52832, 56087, 56162, 57895, 59315, 59447, 61896, 63318, 63516, 64743, 65084]
Iter#4639470 New set #2 of size 67 (2319735.0 its/hit = 32070.000s/hit): seed=15976728601570915979 [0, 250, 3539, 3671, 4870, 6209, 6839, 7296, 7893, 8531, 11260, 11639, 13136, 13226, 13354, 15992, 16629, 16742, 16747, 16946, 18079, 18118, 20148, 21888, 23048, 23110, 23642, 25002, 27401, 27624, 29779, 29837, 30815, 31893, 32256, 33103, 33806, 34409, 35489, 40633, 40837, 42069, 42663, 42685, 42911, 43237, 43248, 45117, 46058, 46731, 48951, 49084, 49596, 50267, 51129, 51821, 52107, 52392, 52948, 54218, 55035, 56424, 57070, 59129, 60129, 60222, 64693]
Iter#5223277 New set #3 of size 67 (1741092.4 its/hit = 23707.334s/hit): seed=12983083243637968548 [0, 406, 5021, 5376, 5389, 6018, 6808, 8266, 9559, 11035, 11288, 12400, 13642, 13911, 14577, 16180, 16261, 16335, 16996, 19515, 19696, 20380, 22092, 22217, 22567, 22838, 27928, 28780, 29908, 32120, 32264, 33129, 34051, 34681, 37069, 37453, 37851, 38671, 39186, 40679, 41473, 41590, 42714, 42877, 44201, 44416, 45400, 47671, 49834, 51035, 52183, 52625, 52981, 53496, 53557, 53869, 54635, 55669, 56381, 60480, 60870, 62170, 62463, 62606, 62655, 62816, 64896]
Iter#10060790 New set #4 of size 67 (2515197.5 its/hit = 33025.750s/hit): seed=12899363728023535183 [0, 726, 1265, 1586, 4640, 4924, 6516, 8140, 8381, 8969, 11620, 11669, 12863, 14541, 15409, 16171, 16917, 20109, 21274, 22008, 22381, 23393, 23492, 24539, 25336, 25656, 25723, 26567, 26602, 26694, 28810, 29680, 30272, 30468, 31022, 32382, 32614, 35172, 40044, 40431, 41497, 42221, 43647, 46152, 46797, 47021, 48355, 48997, 50071, 51046, 52331, 52390, 52429, 52763, 53011, 53299, 53319, 54183, 56119, 56130, 56688, 56942, 61591, 61883, 62459, 63982, 65303]
