[*] Computing DDT
[+] DDT Computed
DDT took 95.636298455s
Iter#1 New set #1 of size 40 (1.0 its/hit = 0.000s/hit): seed=13076463596296953305 [69, 2781, 4042, 4522, 6377, 6605, 7276, 9354, 12359, 12820, 16870, 18497, 19163, 23423, 24165, 24925, 25087, 25737, 25941, 31455, 36119, 36926, 37064, 38396, 41345, 43044, 43496, 44809, 45996, 46715, 47068, 47073, 47769, 47840, 53997, 55845, 57678, 58866, 61414, 62220]
Iter#3 New set #1 of size 42 (3.0 its/hit = 0.000s/hit): seed=5051342592820993771 [3790, 3876, 4922, 6796, 7669, 8885, 9078, 9219, 15053, 18561, 18650, 20020, 23205, 23491, 23715, 24030, 25579, 27152, 27893, 30241, 32817, 35114, 36674, 37069, 38203, 38350, 38460, 39693, 40446, 45144, 47172, 49223, 53071, 53092, 56145, 56334, 57088, 58012, 58347, 59558, 62297, 64093]
Iter#4 New set #2 of size 42 (2.0 its/hit = 0.000s/hit): seed=1360016928461429854 [408, 3409, 5795, 6661, 7724, 9090, 9811, 11007, 13279, 13963, 15924, 15974, 16155, 16188, 16709, 17223, 20023, 21677, 24381, 26756, 29822, 30040, 34519, 35011, 35104, 35277, 37434, 39498, 39702, 42972, 43863, 45170, 47447, 47716, 51188, 51728, 55659, 58670, 58702, 59179, 60027, 62267]
Iter#6 New set #1 of size 43 (6.0 its/hit = 0.000s/hit): seed=12806894675279705008 [277, 5779, 6114, 6212, 6272, 6282, 6923, 12737, 13161, 15000, 21633, 22170, 22898, 23173, 23478, 26899, 26960, 28737, 29830, 29837, 30900, 32166, 32314, 32375, 34647, 35435, 35698, 37631, 38902, 39505, 43334, 48034, 50476, 50851, 51078, 57373, 60056, 60297, 62428, 62596, 64430, 65194, 65362]
Iter#8 New set #1 of size 44 (8.0 its/hit = 0.000s/hit): seed=17920741065689734689 [30, 130, 2363, 4360, 5591, 6594, 7456, 8983, 9388, 11561, 13101, 13165, 15954, 20401, 20661, 21982, 24798, 27469, 27492, 27695, 30143, 33340, 33468, 33477, 33793, 35959, 36985, 38338, 42569, 45005, 46389, 47661, 48167, 48402, 48817, 50120, 52422, 52525, 53096, 55299, 59614, 60281, 62456, 64019]
Iter#43 New set #1 of size 49 (43.0 its/hit = 0.000s/hit): seed=15070701827238127257 [0, 1183, 3822, 4093, 5693, 7905, 12257, 12796, 14282, 14708, 15208, 15279, 19673, 22264, 22550, 24154, 25788, 26036, 26414, 27265, 29577, 30780, 31566, 36126, 37566, 37772, 37859, 38642, 41503, 43016, 47094, 47115, 48237, 48890, 49607, 50612, 51755, 52404, 52430, 53321, 58019, 58940, 59406, 60390, 61134, 63215, 63398, 63551, 64993]
Iter#1204 New set #1 of size 52 (1204.0 its/hit = 14.000s/hit): seed=856718723750097002 [0, 1976, 3879, 4264, 4640, 5325, 7732, 8079, 8760, 9178, 10265, 11915, 14981, 18315, 20794, 21835, 22045, 22146, 23024, 23938, 24752, 28988, 31298, 32388, 32768, 34307, 35455, 38755, 40392, 41631, 42221, 42375, 43089, 44518, 46013, 46797, 49136, 51711, 52724, 52870, 53278, 55388, 55883, 56528, 56773, 61756, 62665, 63191, 64631, 64794, 65055, 65309]
Iter#9307 New set #2 of size 52 (4653.5 its/hit = 55.500s/hit): seed=12146762722917593549 [0, 1230, 2876, 3677, 4881, 6422, 7956, 8805, 9787, 11527, 13150, 14531, 14902, 15374, 15729, 17395, 17478, 21448, 22477, 22773, 25283, 27655, 31584, 32605, 34368, 34555, 34797, 36088, 38225, 38784, 39389, 39617, 40753, 43038, 43505, 43614, 44940, 45254, 45322, 46532, 46746, 47861, 49062, 49793, 50091, 50777, 51452, 53905, 58126, 58780, 60397, 64066]
Iter#9494 New set #3 of size 52 (3164.7 its/hit = 37.667s/hit): seed=15480589131766884040 [0, 1411, 1847, 2483, 4694, 5739, 6708, 7427, 7920, 8734, 8822, 10229, 10454, 11906, 12664, 15572, 16204, 19650, 19695, 21396, 23060, 23612, 25327, 26774, 27142, 29828, 32130, 32151, 33558, 35143, 36495, 37126, 38839, 40588, 40656, 40943, 42585, 43256, 47297, 48218, 48788, 49262, 52504, 52538, 52756, 53348, 53959, 54061, 55767, 58194, 58496, 60426]
Iter#9508 New set #4 of size 52 (2377.0 its/hit = 28.250s/hit): seed=5505849557504828522 [0, 583, 3555, 3566, 5328, 7149, 7672, 8537, 9326, 9778, 12033, 12607, 15084, 15569, 15935, 17837, 18510, 20410, 20849, 21028, 21419, 24316, 28341, 30445, 31333, 31378, 31704, 32037, 33730, 34223, 36357, 38959, 38999, 41533, 46694, 47947, 48913, 49291, 49471, 49643, 50092, 51898, 53070, 54340, 59149, 59616, 61526, 61611, 61809, 62284, 62749, 62941]
Iter#13207 New set #5 of size 52 (2641.4 its/hit = 31.600s/hit): seed=12481062979233834625 [0, 522, 1891, 2259, 3522, 4581, 4670, 5025, 7824, 7849, 9233, 9253, 11690, 14666, 14977, 15062, 20053, 21227, 21896, 22596, 23920, 25134, 29263, 32653, 33295, 33987, 34199, 34690, 34877, 36015, 36517, 39357, 39384, 41835, 42414, 42521, 43069, 43646, 44200, 44413, 44804, 47280, 48293, 48521, 51671, 57180, 57377, 58749, 62700, 63246, 63299, 64377]
Iter#16816 New set #1 of size 55 (16816.0 its/hit = 202.000s/hit): seed=12294018631453800698 [0, 1729, 3479, 4601, 4974, 5763, 7113, 8728, 9433, 11215, 11634, 13383, 13648, 13671, 15455, 15784, 16693, 16925, 19328, 22823, 27458, 28176, 29781, 30938, 32693, 33223, 33261, 36402, 36884, 37391, 38415, 39832, 43329, 43933, 45140, 45383, 46464, 48535, 49714, 50509, 50542, 50732, 51425, 53709, 53928, 54253, 54594, 58158, 58736, 59384, 59508, 60818, 63317, 64199, 64543]
Iter#121939 New set #2 of size 55 (60969.5 its/hit = 731.000s/hit): seed=14279451982521491065 [0, 5702, 6203, 6509, 7415, 12111, 13275, 15346, 17796, 19866, 21192, 21462, 21781, 22302, 23154, 23785, 24074, 24621, 24675, 26938, 29408, 31611, 31892, 31904, 32000, 32919, 34238, 35563, 35870, 36002, 37925, 38609, 38893, 40067, 41630, 41755, 42628, 43165, 43663, 43925, 49801, 50857, 50968, 52453, 54933, 55927, 55933, 57342, 59479, 61768, 63449, 63774, 63849, 64913, 65342]
Iter#154235 New set #3 of size 55 (51411.7 its/hit = 616.333s/hit): seed=7975111819791256867 [0, 43, 922, 2200, 2227, 3325, 3546, 3934, 6548, 7044, 8082, 9810, 11450, 12030, 14029, 19035, 19227, 20241, 20968, 21969, 22173, 22746, 25372, 27380, 27657, 33240, 33629, 33674, 34646, 35275, 37353, 37990, 38970, 39625, 42070, 42805, 46417, 47631, 48068, 48224, 48467, 51345, 51666, 53538, 54486, 55554, 55564, 56183, 56799, 58526, 60157, 60834, 62511, 63413, 65306]
Iter#247166 New set #4 of size 55 (61791.5 its/hit = 742.250s/hit): seed=17498253421862999767 [0, 3205, 4431, 5786, 6051, 7018, 8296, 10033, 10956, 11054, 13176, 14024, 16068, 16442, 18210, 19052, 19126, 20254, 20693, 20853, 26058, 28177, 29179, 31332, 31908, 34459, 36429, 37176, 40071, 40555, 40785, 42339, 43322, 45648, 46254, 47010, 47131, 49791, 49919, 52097, 52802, 53154, 54373, 54493, 55119, 55216, 56266, 58734, 60592, 60796, 61568, 63448, 64155, 64432, 64826]
Iter#266886 New set #5 of size 55 (53377.2 its/hit = 641.400s/hit): seed=12691344767433606222 [0, 253, 2367, 2759, 3720, 4085, 4451, 8171, 9608, 10630, 11213, 14027, 15777, 17562, 18285, 21476, 24120, 24668, 24734, 25264, 26545, 26896, 27041, 27291, 29780, 30038, 30123, 33055, 33208, 34056, 34827, 34839, 35287, 37208, 37793, 40865, 41242, 44174, 44419, 44476, 45025, 46518, 47184, 47765, 48924, 50565, 52561, 52633, 53559, 57026, 57313, 58999, 62956, 63153, 65112]
Iter#274151 New set #6 of size 55 (45691.8 its/hit = 549.167s/hit): seed=1609181935138050288 [0, 417, 2468, 2938, 2984, 5087, 5794, 10840, 12498, 13135, 13361, 13381, 13562, 14642, 16281, 17372, 20483, 20944, 21075, 23121, 23543, 23572, 24876, 25711, 27793, 27846, 28572, 33454, 33504, 33601, 36222, 38675, 40230, 43088, 44743, 45727, 48028, 49747, 51880, 52546, 54195, 55422, 56744, 57071, 57839, 58383, 60475, 60832, 61939, 62125, 62138, 63145, 63472, 63872, 64137]
Iter#298177 New set #7 of size 55 (42596.7 its/hit = 512.000s/hit): seed=10900350453786183852 [0, 581, 1462, 1535, 2611, 3056, 5027, 5286, 6069, 6388, 7861, 18457, 19207, 20237, 20326, 23750, 23980, 27477, 28319, 28387, 29015, 35919, 37526, 38761, 38994, 39447, 39871, 41093, 41410, 41644, 41725, 43277, 45080, 45225, 45763, 46522, 46711, 48688, 48871, 49986, 53168, 53432, 54579, 56886, 57088, 58540, 58652, 59414, 61027, 61450, 63127, 63167, 63489, 64933, 65130]
Iter#386633 New set #8 of size 55 (48329.1 its/hit = 580.500s/hit): seed=15564611406590243055 [0, 4501, 4736, 6338, 6824, 7209, 9461, 12959, 13861, 14539, 15778, 16309, 16581, 16666, 16812, 17718, 18527, 19143, 20997, 21402, 21819, 21994, 22410, 26523, 26964, 27137, 27712, 27818, 29692, 29964, 31363, 31666, 32103, 33538, 36880, 38081, 40075, 40398, 41615, 42048, 42502, 45356, 46695, 47237, 49838, 50208, 50333, 51445, 55847, 59545, 61199, 62136, 62444, 63756, 65216]
Iter#392761 New set #9 of size 55 (43640.1 its/hit = 524.222s/hit): seed=6361118297846987468 [0, 1901, 2961, 4440, 6939, 8075, 8655, 9895, 11186, 14316, 14432, 14605, 15067, 15489, 17414, 18377, 22898, 22988, 25629, 25893, 30550, 32318, 32619, 35875, 36928, 38824, 40949, 41586, 41729, 41950, 43152, 45352, 45522, 48079, 48213, 48698, 49190, 50814, 51506, 51906, 52137, 52720, 53556, 55684, 55831, 56049, 57065, 57548, 58811, 62389, 62717, 62932, 63043, 63558, 64134]
Iter#444920 New set #10 of size 55 (44492.0 its/hit = 533.700s/hit): seed=1975618327450636777 [0, 422, 504, 1530, 2410, 2620, 2758, 4311, 6835, 8005, 8435, 9155, 9643, 10907, 11560, 11727, 12984, 14204, 16647, 19775, 20276, 22722, 24547, 25358, 27158, 29273, 29788, 30035, 32647, 34014, 35025, 36139, 36276, 37677, 40442, 41716, 42595, 45266, 45807, 45847, 49658, 50169, 50406, 50453, 50496, 50769, 52375, 55892, 58854, 58962, 59236, 59249, 62971, 63895, 65479]
Iter#799630 New set #20 of size 55 (39981.5 its/hit = 477.650s/hit): seed=6933045608784834948 [0, 2068, 3973, 5034, 5818, 7514, 7722, 8150, 8270, 8510, 8543, 8937, 9488, 11203, 11513, 12063, 13977, 14392, 14555, 15541, 15807, 16009, 16148, 20268, 20300, 20406, 20761, 21222, 23030, 23834, 25890, 27074, 27302, 29573, 29926, 30119, 32287, 33848, 34364, 38402, 41197, 42610, 42705, 45071, 45539, 45562, 47598, 48012, 48742, 50058, 51609, 54602, 58084, 62502, 62624]
Iter#817154 New set #1 of size 58 (817154.0 its/hit = 9764.000s/hit): seed=16598470373236290040 [0, 947, 7050, 7593, 8491, 8939, 12034, 12196, 14157, 16058, 17115, 17565, 17640, 17681, 20497, 21309, 22127, 25803, 26517, 26770, 27436, 29464, 33463, 33668, 34790, 34902, 36130, 36525, 36907, 38378, 41809, 42252, 42687, 42836, 42924, 44904, 47216, 47694, 48141, 49004, 50244, 50969, 52224, 53040, 53241, 53913, 55198, 55287, 56707, 57555, 58045, 59651, 60006, 60715, 61548, 63422, 64664, 65384]
Iter#826415 New set #2 of size 58 (413207.5 its/hit = 4937.500s/hit): seed=3169474876599773337 [0, 941, 3117, 5134, 5642, 5753, 6425, 6876, 7530, 10608, 11535, 11919, 12030, 16349, 16626, 17829, 18161, 19049, 19164, 19897, 20433, 24578, 24939, 25012, 25363, 25369, 27434, 28157, 29977, 30138, 31492, 31867, 32104, 32350, 33036, 33270, 35275, 36513, 36683, 38482, 41054, 41930, 42805, 45436, 46093, 46669, 47029, 47746, 49825, 51219, 52401, 52775, 57533, 58498, 59183, 63172, 63924, 64887]
Iter#978517 New set #1 of size 67 (978517.0 its/hit = 11692.000s/hit): seed=15988293193465320058 [0, 4381, 4754, 7721, 9629, 10550, 12462, 13329, 14359, 15707, 19271, 19281, 20318, 20737, 21334, 23092, 23667, 24178, 27323, 28615, 28988, 30262, 30326, 32610, 32681, 32768, 33425, 33963, 34332, 34801, 35471, 37025, 37358, 37784, 37839, 38619, 39662, 39670, 40374, 42160, 44480, 45780, 47943, 49133, 49630, 49817, 50332, 50402, 51121, 51815, 52687, 52960, 54350, 54563, 55717, 56194, 57059, 57902, 59015, 59124, 59659, 60589, 61756, 62173, 62259, 62769, 64341]
Iter#3099541 New set #1 of size 91 (3099541.0 its/hit = 37706.000s/hit): seed=11455938020754039232 [0, 37, 870, 910, 1942, 2865, 3752, 6051, 6832, 7270, 7290, 7729, 8421, 10083, 10826, 10931, 10937, 11698, 11988, 12180, 12857, 15236, 16007, 16071, 16777, 17455, 17951, 18833, 18986, 19427, 20132, 21622, 24391, 24834, 24892, 25563, 26902, 27079, 27842, 27973, 28963, 29316, 30060, 30689, 31229, 31239, 32525, 33696, 33940, 33969, 34018, 34459, 35157, 35402, 35547, 36106, 36785, 37176, 37850, 39482, 39538, 39778, 40982, 41602, 42231, 42242, 42388, 42405, 44381, 45259, 46781, 47428, 47661, 48947, 49337, 49679, 49855, 50033, 50233, 50326, 52684, 55487, 55505, 57405, 57560, 57946, 58197, 59745, 59964, 60645, 61282]
