[*] Computing DDT
[+] DDT Computed
DDT took 95.356396183s
Iter#1 New set #1 of size 38 (1.0 its/hit = 0.000s/hit): seed=4450126859696203672 [479, 872, 1441, 1557, 6423, 7820, 7881, 8044, 8095, 11077, 11468, 12844, 17914, 20975, 23968, 24435, 27352, 27924, 29343, 34279, 34424, 34680, 41607, 42672, 42677, 46610, 46683, 46958, 48958, 49663, 52128, 55032, 57222, 57981, 58872, 61598, 64244, 64518]
Iter#2 New set #1 of size 39 (2.0 its/hit = 0.000s/hit): seed=3817658629412697151 [3514, 5332, 6069, 6804, 7385, 7697, 9633, 9862, 10184, 11244, 14865, 15416, 15823, 22607, 23881, 25197, 25963, 27929, 27938, 28617, 29612, 30120, 31016, 32735, 37102, 39408, 39756, 42378, 44502, 44834, 49330, 52705, 54744, 57014, 58420, 59552, 61860, 62010, 65217]
Iter#3 New set #1 of size 40 (3.0 its/hit = 0.000s/hit): seed=13993539140455575465 [418, 3624, 5312, 5784, 6688, 7081, 7176, 7461, 9760, 12810, 13652, 14358, 18279, 22154, 22391, 23147, 26036, 33171, 33989, 35110, 37851, 44073, 44321, 46099, 46583, 48501, 48752, 48829, 50385, 51745, 51974, 53889, 54376, 54992, 57354, 58953, 59632, 61734, 62702, 63330]
Iter#4 New set #1 of size 41 (4.0 its/hit = 0.000s/hit): seed=13014197159381503456 [3324, 3687, 5193, 6723, 6816, 7682, 7957, 12012, 16048, 16093, 17724, 18119, 18644, 22002, 22285, 22405, 23314, 23937, 23987, 27993, 28919, 32130, 34027, 34585, 35053, 38329, 38970, 42610, 42976, 44827, 49739, 50049, 50701, 56831, 58097, 59156, 60915, 62372, 64028, 64856, 65273]
Iter#5 New set #2 of size 41 (2.5 its/hit = 0.000s/hit): seed=10180839619974550975 [1410, 1687, 4606, 5307, 6388, 9139, 10342, 13490, 15213, 22394, 22765, 22846, 23049, 26889, 27800, 30292, 30369, 30667, 32909, 36889, 37934, 38269, 38423, 40211, 40978, 41156, 42550, 45716, 46645, 48914, 51541, 52515, 53779, 54714, 54715, 57528, 59533, 60174, 64395, 64851, 64880]
Iter#8 New set #1 of size 43 (8.0 its/hit = 0.000s/hit): seed=13354952679716654344 [2048, 2978, 3676, 5185, 7359, 8065, 10914, 11714, 14623, 14785, 16461, 19604, 19702, 21987, 22408, 24015, 24422, 24973, 27626, 29395, 30075, 31315, 33276, 33719, 37330, 37758, 38559, 39556, 41758, 42460, 42701, 44116, 44179, 45836, 47287, 49067, 51266, 52956, 55107, 59559, 60354, 60415, 62542]
Iter#20 New set #1 of size 44 (20.0 its/hit = 0.000s/hit): seed=1443883450769433904 [1110, 5163, 5960, 5994, 7720, 8159, 10198, 10308, 10441, 10568, 14120, 15317, 18075, 18392, 18561, 21263, 22852, 23849, 24523, 29694, 31082, 31706, 34121, 36461, 40463, 40512, 40797, 42595, 49801, 52883, 54751, 56029, 57605, 57613, 58448, 58634, 58921, 59222, 59381, 60355, 61405, 61938, 64032, 64425]
Iter#150 New set #1 of size 47 (150.0 its/hit = 1.000s/hit): seed=1141726432356819207 [486, 1583, 3010, 7228, 7359, 9427, 11191, 12942, 14780, 18057, 19962, 20382, 21797, 21811, 24157, 26112, 27951, 29136, 30599, 35548, 36552, 38054, 41459, 41679, 42683, 43688, 44442, 44790, 45493, 46775, 47209, 50351, 50365, 50705, 52219, 53008, 56637, 57237, 57267, 59479, 59825, 61333, 62260, 62590, 62757, 64182, 64486]
Iter#2157 New set #1 of size 55 (2157.0 its/hit = 24.000s/hit): seed=5533272471009943407 [0, 2678, 3457, 5454, 6586, 7271, 7595, 7783, 8376, 8382, 10984, 11609, 11916, 14101, 14418, 15012, 16483, 19194, 20884, 23656, 24795, 25631, 28221, 28762, 30486, 31949, 32239, 34225, 34583, 35350, 35618, 36332, 36727, 37974, 38537, 39428, 39481, 40538, 41120, 43532, 43688, 45270, 45376, 48321, 49551, 52501, 52755, 53046, 55769, 56808, 59389, 61441, 63170, 63332, 64692]
Iter#14677 New set #2 of size 55 (7338.5 its/hit = 85.500s/hit): seed=11729880373997196458 [0, 1434, 1838, 2866, 3188, 3604, 4742, 6638, 6795, 7589, 8317, 8710, 9703, 12400, 14731, 15695, 16277, 16623, 18257, 19395, 22242, 22435, 25943, 26024, 27580, 28233, 28988, 29256, 30284, 30559, 31531, 32768, 39409, 39734, 41221, 41976, 43575, 43758, 43991, 47441, 48645, 49834, 50535, 50611, 52657, 55582, 56457, 56863, 57738, 59814, 60794, 61756, 62170, 63740, 64524]
Iter#27209 New set #3 of size 55 (9069.7 its/hit = 106.000s/hit): seed=16878814238748005265 [0, 561, 1753, 2710, 3991, 5520, 7669, 9690, 10829, 14186, 15339, 15757, 15868, 18315, 18869, 19332, 20071, 21169, 21824, 22014, 25760, 26253, 28331, 29631, 30198, 31201, 31904, 33078, 33404, 34049, 34238, 34962, 35163, 35455, 36108, 36738, 37205, 38054, 41329, 43611, 45089, 50148, 50825, 50933, 52724, 54401, 55440, 55538, 55780, 57638, 58252, 63370, 63774, 64260, 64723]
Iter#58914 New set #4 of size 55 (14728.5 its/hit = 171.750s/hit): seed=388774049704419340 [0, 173, 1174, 2650, 3380, 4033, 4095, 4963, 6562, 8695, 9903, 10400, 11318, 13546, 14930, 15147, 16141, 16683, 18097, 20336, 22012, 22386, 26001, 26420, 27209, 29765, 31971, 33097, 34076, 36358, 36456, 36523, 37516, 38053, 38056, 38298, 39324, 43514, 44094, 44194, 44598, 44959, 45574, 47196, 48989, 50303, 52118, 53870, 54453, 56042, 57568, 57778, 59601, 61005, 63261]
Iter#91557 New set #1 of size 58 (91557.0 its/hit = 1070.000s/hit): seed=11306239635721915266 [0, 510, 579, 1398, 1491, 1505, 5131, 5537, 6700, 7699, 8588, 10840, 12564, 13410, 13816, 15071, 15384, 15765, 17174, 20099, 20575, 21438, 22564, 23002, 23802, 26176, 26977, 27143, 27214, 28106, 28407, 28890, 29337, 30446, 31574, 32118, 32268, 32749, 33401, 40364, 41108, 41396, 41868, 42748, 44148, 46287, 46680, 48543, 49340, 54040, 55033, 55771, 56328, 56744, 57209, 59447, 63472, 64076]
Iter#441397 New set #2 of size 58 (220698.5 its/hit = 2599.000s/hit): seed=18392556064167815770 [0, 380, 844, 2479, 3214, 11222, 11412, 14802, 14865, 15974, 17031, 17382, 17653, 18555, 19243, 22379, 23627, 23813, 24602, 27807, 28131, 29690, 30183, 30897, 31284, 32699, 33421, 33648, 33689, 34301, 34508, 34919, 35297, 35501, 38610, 40458, 41780, 43608, 45476, 46633, 47011, 49132, 49375, 49634, 51277, 52767, 53104, 54561, 54626, 54758, 54835, 57779, 58165, 58534, 60392, 61539, 64449, 65209]
Iter#898533 New set #3 of size 58 (299511.0 its/hit = 3656.667s/hit): seed=17339983523760552973 [0, 131, 1589, 1777, 2237, 3514, 4709, 4996, 6956, 7709, 8869, 9294, 11152, 12174, 12691, 14102, 14356, 16068, 17749, 20693, 21187, 21886, 26608, 28177, 28324, 29250, 29786, 29875, 30088, 30700, 31200, 32100, 32445, 32448, 33429, 33946, 34975, 35879, 36202, 39181, 39310, 39741, 39793, 40260, 40719, 43080, 46092, 46269, 46517, 49033, 50001, 50677, 51409, 57714, 57787, 58877, 64139, 64552]
Iter#987271 New set #4 of size 58 (246817.8 its/hit = 3099.500s/hit): seed=18216520484099769247 [0, 2762, 4667, 4668, 5098, 6432, 6562, 8433, 8634, 9903, 10584, 11926, 12064, 13636, 13888, 15792, 16141, 16467, 16948, 17242, 17827, 19174, 19355, 25478, 26054, 27810, 30227, 30566, 31132, 32509, 33249, 37077, 38250, 39180, 40110, 40665, 42223, 43211, 44104, 44792, 46314, 46977, 47321, 48223, 48324, 49446, 49477, 50242, 51735, 52045, 54510, 54832, 57500, 59315, 59646, 59742, 61300, 64197]
Iter#996022 New set #5 of size 58 (199204.4 its/hit = 2507.800s/hit): seed=6744598051357036456 [0, 541, 1334, 1835, 2334, 3411, 5675, 5791, 6375, 7446, 8342, 10599, 12068, 13842, 15736, 16143, 16409, 17147, 20505, 20823, 21160, 21712, 22376, 22396, 22891, 24162, 24515, 27979, 29355, 30718, 32534, 32760, 33448, 35838, 36970, 38596, 38865, 45374, 49645, 50284, 51211, 52184, 52854, 52922, 54271, 54279, 54333, 54557, 54558, 54929, 54960, 56647, 57639, 57877, 59494, 59530, 63892, 64801]
Iter#1077857 New set #6 of size 58 (179642.8 its/hit = 2309.333s/hit): seed=6107993501983730830 [0, 225, 3553, 4599, 5255, 6558, 7190, 8473, 10812, 13167, 16224, 17467, 17862, 18058, 19219, 20277, 20446, 24038, 25902, 27331, 28003, 28034, 29279, 30377, 31862, 32641, 33798, 34977, 38907, 40504, 41265, 42419, 42996, 44632, 45583, 47554, 48157, 48173, 48319, 49232, 49954, 50056, 51145, 52616, 54094, 55413, 55811, 57689, 57915, 58699, 59828, 60815, 61167, 62184, 62248, 63600, 64824, 65352]
Iter#1315105 New set #1 of size 61 (1315105.0 its/hit = 17672.000s/hit): seed=1547413727770246354 [0, 2247, 2684, 2801, 4397, 4647, 7442, 8449, 8885, 9883, 18808, 20654, 22325, 23578, 25006, 26223, 26267, 26668, 26745, 27103, 29361, 30440, 31287, 31306, 31613, 34648, 35015, 35896, 36122, 40308, 41495, 41550, 42392, 43483, 43634, 44397, 44862, 46261, 46742, 48350, 50116, 50389, 50497, 51640, 52385, 52698, 54153, 54644, 54987, 56016, 56142, 56378, 57139, 57540, 58092, 58855, 59126, 61643, 62754, 64587, 65451]
Iter#1907909 New set #1 of size 67 (1907909.0 its/hit = 27183.000s/hit): seed=1004069339721623235 [0, 721, 4314, 4571, 5683, 6208, 6344, 6372, 6826, 8584, 8827, 9185, 9874, 10823, 12525, 13896, 14012, 14266, 14504, 15109, 17279, 18261, 20214, 21156, 23663, 24164, 24196, 24415, 26432, 27491, 28031, 30135, 30376, 30683, 31999, 32512, 32649, 34085, 34845, 35532, 37232, 39374, 40261, 40868, 40920, 41066, 42023, 43775, 44914, 47568, 48567, 48820, 49469, 50103, 50382, 52179, 52740, 53939, 54268, 54821, 58323, 59660, 59832, 61324, 64614, 65333, 65419]
Iter#3943747 New set #2 of size 67 (1971873.5 its/hit = 25772.000s/hit): seed=10862295005182627849 [0, 1307, 2491, 3288, 3464, 3903, 4659, 5711, 7802, 7895, 8336, 8592, 9214, 10457, 11946, 12068, 12438, 13142, 14296, 16232, 17615, 19092, 19135, 21608, 21749, 21907, 22746, 22859, 23771, 24082, 25951, 27082, 29182, 30402, 31562, 33240, 33594, 34449, 36415, 37567, 37921, 39948, 40243, 43849, 44616, 46284, 46765, 48115, 48547, 48918, 49428, 50361, 50762, 54848, 54960, 55554, 55641, 55655, 56003, 57416, 58707, 59855, 59953, 61374, 62148, 62910, 63892]
Iter#7115244 New set #3 of size 67 (2371748.0 its/hit = 29645.000s/hit): seed=3720172215289442351 [0, 2727, 2931, 3376, 3410, 4177, 4331, 5893, 7985, 8326, 9148, 9748, 10206, 10431, 10679, 10990, 11697, 11932, 12419, 13673, 15146, 15344, 17745, 18506, 20016, 20128, 21464, 22254, 26698, 26931, 31577, 32068, 32601, 33498, 35874, 37331, 37909, 38633, 38944, 39115, 39480, 39674, 39719, 41738, 42737, 45309, 47492, 47552, 47740, 48789, 49516, 51117, 51463, 52264, 52490, 54067, 54402, 55638, 55989, 56228, 56515, 56929, 59859, 60048, 61944, 62997, 63199]
Iter#7163322 New set #4 of size 67 (1790830.5 its/hit = 22376.500s/hit): seed=13023735843687231845 [0, 480, 622, 835, 3911, 3989, 4139, 4402, 5035, 6044, 6228, 6580, 8323, 10238, 12203, 17143, 17683, 18653, 23023, 25475, 26222, 26759, 27290, 27419, 28864, 29684, 31537, 31732, 31841, 32865, 33127, 33749, 34114, 34215, 34434, 36990, 37089, 37519, 38457, 38569, 39561, 41255, 42433, 42508, 43302, 43621, 45511, 45529, 45785, 46370, 46966, 47876, 47983, 48542, 49093, 49307, 50064, 51616, 52374, 54494, 54517, 55223, 59220, 61601, 61640, 65047, 65174]
Iter#7854289 New set #1 of size 91 (7854289.0 its/hit = 97631.000s/hit): seed=3979379132287225489 [0, 158, 1316, 1411, 2225, 3055, 3260, 3546, 5751, 6575, 7490, 8099, 8822, 10229, 11015, 11632, 11758, 12620, 13161, 13722, 14346, 14802, 15431, 15900, 16789, 17382, 17480, 18044, 18121, 18180, 18283, 19383, 19415, 19553, 20391, 20769, 21002, 21981, 22274, 22928, 23628, 24118, 24531, 25997, 27136, 27668, 27825, 28275, 30897, 31284, 31374, 31430, 31451, 32896, 33090, 33283, 33648, 35493, 37548, 37632, 38436, 38986, 40034, 40386, 40427, 40715, 41239, 41450, 41609, 42074, 43270, 44526, 44811, 45754, 46763, 47001, 50758, 51753, 53642, 54486, 55378, 55564, 57198, 58230, 58808, 59997, 61224, 61858, 62569, 64449, 65208]
