[*] Computing DDT
[+] DDT Computed
DDT took 95.554338148s
Iter#1 New set #1 of size 42 (1.0 its/hit = 0.000s/hit): seed=372666578958096698 [426, 509, 2669, 5364, 6417, 8256, 9176, 11931, 12672, 17347, 20249, 20654, 21250, 24672, 25037, 25234, 28369, 32166, 33000, 33297, 33955, 38102, 39837, 39985, 41753, 43392, 44163, 45289, 45440, 46318, 47408, 50468, 52556, 55064, 55246, 55369, 57556, 58801, 61091, 61494, 61777, 65047]
Iter#6 New set #2 of size 42 (3.0 its/hit = 0.000s/hit): seed=12842224113818683794 [797, 3908, 5098, 5186, 5517, 5929, 6337, 7047, 7564, 8301, 12679, 13406, 13744, 15492, 15684, 16518, 19181, 23203, 23669, 26666, 27476, 27680, 35367, 37628, 42864, 44240, 47269, 47270, 47281, 48075, 49249, 52537, 52616, 54848, 55961, 58146, 58638, 58758, 61442, 61820, 63102, 64552]
Iter#10 New set #1 of size 43 (10.0 its/hit = 0.000s/hit): seed=16871452896937231794 [744, 1108, 4329, 4779, 5957, 8506, 10792, 13281, 15397, 15931, 16551, 17177, 17893, 23077, 23846, 25374, 26279, 27308, 28172, 30250, 31521, 31815, 36608, 37591, 38190, 40552, 40676, 42481, 43297, 47084, 47661, 48499, 48602, 49053, 49516, 49718, 50025, 56499, 57331, 57697, 61288, 64004, 65383]
Iter#16 New set #2 of size 43 (8.0 its/hit = 0.000s/hit): seed=6986726667484329584 [479, 2087, 2873, 3581, 5480, 7075, 7883, 11695, 12701, 13300, 13734, 18559, 20992, 22473, 23913, 24190, 24666, 26832, 27513, 31736, 33984, 34003, 34496, 35692, 35999, 38655, 39284, 42959, 43362, 45979, 47103, 47541, 49644, 50527, 51076, 52671, 53598, 57040, 59499, 60974, 63823, 63996, 64688]
Iter#47 New set #3 of size 43 (15.7 its/hit = 0.000s/hit): seed=5686374407386468301 [256, 931, 1940, 2166, 2457, 3105, 6012, 6384, 10455, 12434, 12474, 22447, 24128, 24731, 25181, 27951, 31642, 33766, 34008, 34148, 35319, 36675, 37730, 38323, 39972, 40634, 41211, 43306, 43841, 46103, 49089, 49435, 49829, 49926, 54294, 54879, 56629, 57062, 57335, 57692, 59507, 60852, 61872]
Iter#65 New set #4 of size 43 (16.2 its/hit = 0.000s/hit): seed=15014316040223929522 [1934, 2209, 4798, 7176, 8508, 8678, 9619, 10720, 13843, 15695, 16005, 19512, 21861, 23809, 25940, 27458, 28037, 28123, 31352, 32643, 33232, 33525, 35651, 36704, 37175, 38194, 39613, 40499, 41431, 41676, 43678, 48138, 50717, 51071, 51474, 54391, 55518, 55868, 58165, 59556, 60738, 61603, 62401]
Iter#79 New set #1 of size 44 (79.0 its/hit = 0.000s/hit): seed=2456658350582795506 [842, 1882, 4187, 4274, 4681, 7187, 10664, 13255, 13625, 15811, 16032, 16792, 20977, 21782, 22083, 22174, 22843, 25316, 25667, 28114, 28182, 28557, 28670, 30984, 31470, 32018, 32511, 36458, 40868, 44692, 45180, 45320, 45931, 47124, 48946, 49819, 51399, 52071, 54234, 56665, 59678, 60519, 62997, 63202]
Iter#161 New set #2 of size 44 (80.5 its/hit = 0.500s/hit): seed=16925458564374260852 [1961, 5575, 6196, 6976, 7533, 7744, 8748, 9940, 9949, 10951, 11927, 14967, 16260, 16971, 18125, 18258, 20592, 21782, 22576, 25621, 28097, 28158, 30464, 31015, 32944, 34570, 36600, 38999, 39228, 39323, 39360, 40166, 41629, 43711, 43876, 48517, 51250, 51462, 55253, 56796, 57816, 60828, 62117, 63229]
Iter#203 New set #3 of size 44 (67.7 its/hit = 0.667s/hit): seed=12527779070748980587 [2745, 4348, 4827, 5690, 6278, 8267, 9043, 10124, 11138, 14920, 14965, 16843, 17647, 21775, 21937, 23030, 23518, 24793, 26479, 26631, 27397, 28331, 28926, 31294, 31553, 31917, 33525, 33623, 43847, 48363, 48524, 49058, 50357, 51491, 53053, 53862, 55802, 55960, 55997, 58680, 58940, 61371, 64369, 65315]
Iter#516 New set #4 of size 44 (129.0 its/hit = 1.500s/hit): seed=14416727278760237030 [4588, 5389, 5724, 6480, 8214, 9163, 13621, 15396, 17314, 17533, 19058, 19305, 19470, 21655, 22852, 23331, 23816, 24668, 26139, 26692, 28042, 31717, 32072, 34715, 35787, 36382, 36836, 38502, 38568, 41551, 44805, 45756, 46384, 49411, 50125, 52258, 55386, 59305, 61855, 62253, 63694, 63996, 64192, 64661]
Iter#574 New set #1 of size 45 (574.0 its/hit = 6.000s/hit): seed=10512125274347937988 [3874, 5137, 8182, 10316, 10790, 10841, 11041, 12456, 14049, 17456, 19975, 20435, 20896, 21194, 22210, 22360, 24147, 26878, 28634, 28916, 29162, 29328, 29515, 34377, 37645, 37979, 39857, 40148, 42231, 42598, 43499, 44911, 46746, 49161, 49756, 51822, 52047, 52601, 53980, 55577, 58900, 60942, 63699, 63810, 65349]
Iter#743 New set #2 of size 45 (371.5 its/hit = 4.000s/hit): seed=6706375537715036493 [1126, 2129, 2661, 2890, 3239, 3618, 5325, 6007, 6568, 10901, 11259, 11378, 11574, 12980, 13380, 16112, 16427, 19702, 20658, 23767, 25184, 28493, 30309, 32441, 35606, 36674, 39642, 40259, 40465, 41465, 41846, 42806, 47340, 47459, 49089, 54087, 55107, 57235, 57440, 58137, 58182, 58538, 58650, 59395, 62447]
Iter#1868 New set #3 of size 45 (622.7 its/hit = 7.333s/hit): seed=6869755805957911070 [2811, 4243, 5836, 5924, 6372, 7965, 10033, 12285, 12464, 14635, 17346, 17382, 18632, 21967, 22407, 26664, 28648, 29303, 29640, 31930, 32260, 34914, 36319, 37652, 38535, 38927, 40716, 42553, 42603, 44405, 46425, 46942, 47492, 49433, 52633, 53257, 53839, 54241, 54562, 55604, 58954, 60016, 61461, 62450, 64079]
Iter#2183 New set #4 of size 45 (545.8 its/hit = 6.250s/hit): seed=17735951075372046034 [2014, 2277, 2873, 6388, 7077, 7661, 14062, 14563, 15489, 17027, 18856, 19209, 20121, 20466, 21012, 23374, 24652, 25520, 29113, 29256, 30106, 30438, 31323, 33103, 34703, 37390, 37486, 39326, 39919, 41172, 41471, 42156, 44598, 44640, 45378, 46241, 48139, 49106, 49649, 53875, 53930, 54997, 58913, 62764, 63984]
Iter#5855 New set #1 of size 46 (5855.0 its/hit = 69.000s/hit): seed=13619813039208282246 [1312, 2856, 7065, 8984, 9230, 11209, 11805, 12333, 12972, 13598, 16768, 19220, 19807, 23343, 24943, 28649, 28746, 30230, 33411, 35606, 37337, 37702, 37796, 38377, 38855, 39516, 39630, 41734, 41970, 43669, 45691, 50605, 52174, 52490, 52538, 54483, 54675, 55343, 58792, 59632, 60425, 60514, 61508, 63291, 63427, 64434]
Iter#8284 New set #1 of size 48 (8284.0 its/hit = 98.000s/hit): seed=9134437108998880272 [0, 1689, 2586, 2832, 4215, 5191, 7788, 8167, 10742, 10816, 12462, 12709, 13342, 15164, 17185, 21108, 23723, 24745, 26326, 27267, 30443, 30452, 33369, 33861, 34520, 35739, 35945, 36018, 37314, 37864, 41272, 41348, 41549, 43156, 45550, 47331, 47549, 48932, 49017, 50970, 51975, 54444, 55417, 55717, 56901, 59659, 60749, 63005]
Iter#9482 New set #1 of size 49 (9482.0 its/hit = 112.000s/hit): seed=13156248909149486662 [0, 883, 1701, 3988, 6132, 7526, 9738, 11459, 13756, 15005, 15159, 15416, 15489, 18400, 21774, 23249, 23392, 24600, 29484, 31650, 31760, 33238, 36219, 36746, 41404, 43231, 43529, 46232, 46521, 46526, 49131, 50171, 50779, 51906, 53418, 53675, 54488, 55143, 57150, 61150, 61330, 61805, 62328, 62439, 63043, 64365, 64766, 65111, 65421]
Iter#14616 New set #2 of size 49 (7308.0 its/hit = 86.500s/hit): seed=8624171316161506016 [0, 78, 767, 2451, 3082, 5646, 7192, 8466, 10210, 12817, 15493, 17139, 17150, 17219, 17713, 17950, 19309, 20632, 22330, 26168, 28462, 28898, 29066, 30423, 31156, 33251, 33488, 36368, 37204, 37627, 38899, 39929, 40391, 40443, 40760, 41193, 43360, 43506, 43868, 47677, 47731, 50799, 50897, 53345, 53688, 54762, 57271, 60738, 65146]
Iter#14651 New set #1 of size 52 (14651.0 its/hit = 173.000s/hit): seed=14929224346873586991 [0, 671, 2571, 3922, 4798, 5678, 6576, 6606, 8635, 9567, 11714, 12529, 12910, 16516, 18304, 19304, 19543, 19968, 22798, 23878, 23892, 24142, 24674, 24806, 25538, 26034, 27422, 28112, 28140, 28596, 31825, 32669, 33285, 35075, 39236, 39869, 41080, 41639, 42774, 43814, 45116, 45718, 49117, 49216, 52070, 53111, 53342, 57169, 58721, 59282, 61290, 64758]
Iter#30034 New set #2 of size 52 (15017.0 its/hit = 178.000s/hit): seed=2525814080693739656 [0, 649, 3426, 3522, 3694, 4188, 4882, 5409, 6056, 6742, 9853, 10140, 10658, 11577, 13416, 14854, 17706, 18142, 20141, 24413, 24609, 25270, 26342, 27397, 29263, 29491, 31252, 32653, 34001, 34200, 35066, 38222, 40999, 41691, 41924, 42638, 44403, 45179, 47043, 48102, 53659, 55240, 55503, 56576, 59788, 60777, 61725, 61877, 62426, 63955, 64674, 65099]
Iter#37535 New set #1 of size 55 (37535.0 its/hit = 445.000s/hit): seed=15295082036460384644 [0, 1502, 3624, 3797, 4345, 7407, 8146, 9814, 10437, 11711, 12868, 15405, 16254, 18145, 18664, 18931, 22440, 22545, 27211, 28330, 31255, 31401, 31691, 34638, 35846, 36347, 37417, 37858, 38050, 38688, 38710, 39910, 40247, 40388, 40632, 41130, 42356, 42726, 45944, 46717, 46839, 49583, 52024, 52540, 54415, 55255, 57029, 57211, 57679, 59060, 59548, 59554, 63375, 63789, 63882]
Iter#107506 New set #2 of size 55 (53753.0 its/hit = 640.000s/hit): seed=16636724771564643504 [0, 342, 397, 922, 4775, 5112, 5699, 9249, 11753, 13162, 14558, 16505, 17403, 18072, 18443, 20129, 20499, 23163, 26561, 26897, 27505, 27690, 27865, 28982, 29233, 30335, 32625, 35180, 36107, 36140, 36430, 36498, 37433, 37717, 39989, 40691, 40751, 43822, 45393, 48949, 49018, 51404, 51610, 52350, 52723, 52812, 52951, 53824, 54367, 55540, 56712, 56925, 57700, 62511, 63413]
Iter#129411 New set #3 of size 55 (43137.0 its/hit = 513.667s/hit): seed=5109086666495856818 [0, 1068, 2225, 4619, 5921, 6791, 7697, 9817, 10293, 10521, 10803, 11396, 11573, 12875, 19278, 20769, 20862, 21698, 22534, 22928, 26570, 28278, 28327, 29870, 31276, 33019, 33298, 33525, 34350, 37474, 37513, 39786, 42109, 44126, 45586, 45916, 46181, 47703, 48098, 48725, 50028, 50876, 51218, 51580, 53909, 54155, 54676, 54992, 55786, 58191, 58404, 59557, 61020, 64053, 65459]
Iter#154207 New set #4 of size 55 (38551.8 its/hit = 459.500s/hit): seed=12175053601801204965 [0, 370, 1208, 1806, 2964, 2980, 5158, 5752, 11979, 12049, 14708, 14895, 15123, 15603, 16064, 16299, 17598, 17642, 19574, 21534, 23054, 23720, 24154, 24420, 25931, 26414, 29031, 33186, 33688, 34476, 34898, 38072, 39211, 40052, 40870, 42273, 43328, 45239, 46893, 48313, 49318, 49384, 53086, 56675, 57136, 57491, 57734, 57803, 57825, 58275, 59468, 59938, 60926, 60963, 62381]
Iter#163252 New set #1 of size 58 (163252.0 its/hit = 1946.000s/hit): seed=18436585539470429989 [0, 211, 4031, 4741, 6596, 7158, 11820, 12908, 15912, 17079, 17610, 18337, 18665, 19490, 21453, 22595, 23090, 23334, 23943, 24231, 24627, 24884, 25203, 25248, 25475, 26954, 27021, 27420, 27739, 30960, 31458, 32199, 33812, 34617, 37599, 38244, 44923, 45805, 46866, 46872, 46966, 48178, 48418, 50695, 51925, 53078, 54517, 55181, 55346, 56817, 57509, 59146, 59471, 60078, 62683, 62895, 63939, 64694]
Iter#402538 New set #2 of size 58 (201269.0 its/hit = 2402.000s/hit): seed=14919687874624709979 [0, 2110, 2732, 2994, 3156, 3720, 4451, 5545, 7575, 8060, 8171, 11520, 13222, 14254, 17163, 18968, 19770, 21527, 22270, 24251, 24634, 25243, 25939, 25976, 26270, 26945, 29205, 29299, 33030, 36578, 37236, 39367, 41430, 42834, 44806, 45787, 47882, 48627, 49677, 50633, 50889, 51351, 51487, 52603, 54283, 54605, 56173, 57346, 58277, 58405, 58654, 59115, 59890, 60502, 62503, 63118, 64657, 64703]
Iter#885951 New set #3 of size 58 (295317.0 its/hit = 3524.667s/hit): seed=6915953694564847211 [0, 243, 1619, 1898, 2285, 3297, 3711, 4498, 5028, 5084, 9341, 10601, 10671, 11232, 11978, 12407, 16992, 17128, 19937, 21808, 22053, 22720, 23375, 25736, 26119, 26141, 27682, 29472, 29526, 30234, 30682, 32567, 33964, 35408, 39144, 40834, 41465, 41757, 42352, 44696, 45186, 45241, 46299, 46697, 46764, 48906, 50666, 51467, 53935, 54274, 54917, 56031, 56460, 57420, 63834, 63913, 64586, 64941]
Iter#1026290 New set #4 of size 58 (256572.5 its/hit = 3062.000s/hit): seed=9032028284793223471 [0, 725, 923, 1089, 3753, 3843, 5289, 9303, 9724, 9857, 10280, 11983, 12078, 14288, 14512, 14547, 14782, 15211, 18279, 19555, 19721, 20737, 20946, 22309, 22756, 23423, 23465, 23893, 25891, 26053, 28565, 29594, 30092, 32341, 34865, 36584, 37784, 38131, 40544, 41017, 43102, 49046, 49764, 49817, 50145, 50258, 50283, 50916, 53442, 55559, 55891, 56786, 58931, 59850, 61904, 61931, 63858, 64819]
Iter#1460767 New set #5 of size 58 (292153.4 its/hit = 3484.200s/hit): seed=17030116951172661219 [0, 799, 1058, 1732, 2185, 4604, 8137, 8465, 9230, 9477, 15201, 15688, 15781, 16294, 16994, 21585, 22867, 24194, 24947, 27130, 27732, 29716, 29851, 31224, 31786, 32196, 33359, 33717, 33907, 34042, 34668, 36778, 36780, 38452, 40329, 40528, 41271, 42195, 42261, 42475, 42745, 42883, 43536, 46983, 47244, 48893, 50067, 51335, 51382, 52250, 54227, 54814, 54842, 55236, 57089, 62410, 64305, 65232]
Iter#1728277 New set #6 of size 58 (288046.2 its/hit = 3435.667s/hit): seed=187288328813866696 [0, 98, 233, 642, 1430, 1759, 2891, 2978, 3251, 4154, 6961, 7384, 11149, 11480, 14612, 17504, 18908, 25494, 25860, 25929, 26540, 27040, 27316, 27423, 28186, 29943, 30941, 31014, 33612, 33724, 33810, 34448, 36074, 42484, 42855, 44405, 45353, 45647, 48630, 49526, 50031, 50384, 51066, 51832, 52308, 55879, 56221, 56226, 59354, 61532, 62316, 62607, 62701, 62922, 63023, 63307, 63456, 64401]
Iter#1735158 New set #7 of size 58 (247879.7 its/hit = 2956.572s/hit): seed=4552408690824033434 [0, 1454, 1972, 4823, 7595, 11378, 11651, 12950, 14678, 15509, 15528, 17864, 18986, 19196, 23066, 23252, 26764, 29146, 29475, 30913, 31714, 32261, 33243, 33593, 33933, 34979, 35618, 38537, 38692, 39781, 39905, 39990, 40170, 40964, 40982, 42428, 42825, 43877, 44457, 44467, 46134, 48641, 49005, 49166, 50592, 54452, 55999, 56792, 56833, 56976, 58276, 58581, 59348, 59964, 60982, 63799, 64165, 64737]
Iter#1937604 New set #8 of size 58 (242200.5 its/hit = 2889.000s/hit): seed=13259072516363075256 [0, 26, 1927, 2235, 2828, 3002, 4106, 4245, 6576, 6598, 8401, 8432, 8521, 10024, 10070, 11989, 12389, 14479, 15330, 16523, 18156, 21670, 22308, 23343, 24957, 26346, 28241, 28816, 31644, 31884, 33144, 33925, 34769, 38010, 39986, 40778, 40968, 41291, 41801, 42152, 43814, 43954, 44973, 45377, 45718, 47020, 47315, 50014, 51034, 51348, 52000, 52233, 58872, 60193, 62178, 62200, 63590, 65087]
Iter#2044971 New set #9 of size 58 (227219.0 its/hit = 2709.000s/hit): seed=7046302674616836714 [0, 4268, 6234, 6680, 7085, 8671, 8770, 9600, 11214, 11929, 15188, 15266, 18104, 18857, 19557, 20434, 20453, 20765, 21111, 21425, 25310, 25340, 25643, 25754, 28533, 29608, 29830, 32178, 32200, 32672, 35757, 36322, 36565, 36919, 37527, 38328, 38509, 38869, 43317, 44285, 44560, 46525, 46537, 46816, 48209, 48464, 49692, 51323, 52042, 55754, 55984, 57438, 59933, 60427, 61130, 61335, 61528, 63768]
Iter#2652643 New set #1 of size 64 (2652643.0 its/hit = 31599.000s/hit): seed=14134860390633314414 [0, 7, 1318, 1964, 1988, 3010, 3755, 3882, 5474, 5549, 7032, 8620, 8854, 9851, 10338, 10522, 10545, 10855, 11292, 12238, 12415, 15619, 16310, 17921, 17926, 22413, 24360, 26355, 27097, 28792, 29073, 32570, 33187, 34511, 36083, 36848, 41199, 42525, 43278, 43972, 44173, 44511, 44769, 45126, 47948, 49605, 50219, 51155, 51897, 53151, 53469, 53778, 54439, 55365, 55783, 56565, 57965, 58269, 58457, 59007, 59069, 61791, 63980, 65155]
Iter#2845462 New set #1 of size 65 (2845462.0 its/hit = 33882.000s/hit): seed=17275858389051638420 [0, 1753, 2399, 4233, 4911, 7225, 7415, 7532, 8913, 10316, 11038, 13554, 14533, 19442, 19884, 20470, 21381, 22721, 22927, 23769, 25021, 26139, 26545, 26619, 29652, 29779, 30275, 31112, 31273, 31393, 34602, 35163, 35529, 36318, 36687, 36738, 36968, 38531, 38821, 41013, 42138, 43082, 43179, 43545, 45343, 45702, 46058, 46162, 46322, 46448, 46478, 46624, 47953, 48126, 49081, 50327, 51129, 52669, 52680, 52912, 55012, 55526, 56836, 57323, 62456]
Iter#3998769 New set #1 of size 67 (3998769.0 its/hit = 47505.000s/hit): seed=1213752467147206151 [0, 51, 359, 1505, 1992, 2362, 3208, 3722, 4475, 6702, 6892, 8840, 9347, 9351, 12416, 12782, 12972, 13259, 13576, 13862, 15194, 15402, 15435, 16043, 18002, 18648, 20428, 21943, 28976, 30233, 30890, 31428, 31645, 31939, 32547, 34213, 37518, 37746, 41307, 41654, 41947, 41960, 42451, 42473, 42797, 42951, 44606, 44708, 44857, 46248, 49734, 50142, 52864, 54040, 55033, 56410, 56643, 56644, 56728, 58351, 59077, 60441, 61409, 62927, 63221, 63620, 65024]
Iter#6837907 New set #2 of size 67 (3418953.5 its/hit = 40856.000s/hit): seed=5449402966397885480 [0, 918, 1352, 2162, 4215, 4721, 4920, 5451, 7186, 8313, 8600, 8718, 12146, 13200, 14487, 15039, 15081, 15440, 16214, 17735, 19150, 19461, 20152, 20699, 23227, 25448, 26923, 28554, 29166, 33711, 34180, 34311, 35338, 37071, 38545, 38918, 41601, 43156, 45725, 45766, 46748, 46824, 47331, 47743, 48787, 50231, 50290, 51072, 52570, 53162, 53960, 54535, 54773, 55114, 57851, 57885, 58735, 59634, 60301, 61125, 61422, 61706, 62346, 62427, 63073, 65043, 65160]
Iter#11989859 New set #3 of size 67 (3996619.8 its/hit = 48384.000s/hit): seed=11755319001264299668 [0, 235, 482, 2205, 2556, 3148, 4335, 5348, 5487, 5902, 8083, 8548, 10814, 12144, 12274, 12829, 16397, 16879, 18189, 19265, 20155, 21017, 21234, 22229, 22379, 24557, 25590, 26417, 28593, 28844, 29146, 32606, 32694, 33421, 33932, 33949, 34860, 35688, 38728, 39475, 40155, 40507, 40844, 42325, 43877, 43902, 44009, 44507, 45069, 45387, 45855, 46958, 47284, 47683, 49974, 50835, 51231, 51416, 51750, 53103, 54318, 54758, 55999, 56055, 60566, 63616, 64403]
Iter#15306040 New set #4 of size 67 (3826510.0 its/hit = 49227.750s/hit): seed=10633026117080487850 [0, 283, 1408, 3137, 3336, 3632, 5120, 5296, 5374, 6068, 6213, 6844, 8061, 10145, 12807, 12861, 13224, 13254, 15244, 15996, 16000, 17351, 17496, 17721, 19421, 19804, 19959, 21342, 22445, 22849, 23108, 23628, 24760, 26026, 27369, 27389, 27655, 27745, 28014, 30747, 30973, 31120, 31270, 33188, 33317, 34204, 34516, 34767, 43049, 43614, 44526, 44537, 48656, 50147, 50777, 50813, 53893, 54748, 55045, 55123, 55263, 60252, 60854, 60869, 61858, 63926, 64375]
Iter#17379836 New set #5 of size 67 (3475967.2 its/hit = 46295.398s/hit): seed=15869915778262834388 [0, 1686, 2119, 7419, 8152, 8513, 9395, 13028, 15500, 18652, 19129, 20237, 20881, 21554, 21984, 22842, 23341, 23966, 24134, 25461, 26306, 26458, 29077, 29328, 29724, 32519, 32646, 35919, 36344, 36408, 36658, 37817, 38125, 39285, 39292, 39308, 40563, 40931, 41437, 42322, 43299, 44371, 45150, 45707, 46014, 46552, 46896, 47786, 47833, 48605, 48632, 48803, 49015, 49334, 49986, 51273, 52296, 52380, 53582, 55818, 57845, 59188, 60066, 62490, 62756, 62843, 64240]
Iter#17642288 New set #6 of size 67 (2940381.2 its/hit = 39308.832s/hit): seed=9033713879662723733 [0, 430, 884, 1520, 3393, 4794, 7082, 7182, 7206, 7908, 9570, 9771, 10443, 10831, 12515, 14961, 15453, 16235, 17181, 18268, 19205, 21435, 22060, 23418, 24121, 24914, 25682, 26909, 30425, 31843, 31865, 32192, 32551, 33040, 34934, 35073, 36052, 36800, 38566, 41511, 41865, 42190, 42565, 42569, 42682, 45649, 46123, 47009, 47499, 47688, 47796, 47871, 49668, 50543, 50862, 55479, 57477, 58690, 58708, 59008, 59101, 59409, 59735, 60353, 61716, 62395, 63411]
Iter#19272060 New set #7 of size 67 (2753151.5 its/hit = 37605.570s/hit): seed=12001813386293854376 [0, 1275, 1719, 1828, 1993, 2844, 2849, 8696, 8711, 8917, 9205, 9713, 12911, 14942, 16441, 17905, 18847, 21409, 21432, 22519, 23420, 25126, 26089, 26116, 26178, 26912, 31884, 33706, 33851, 34528, 36696, 37573, 37642, 38113, 39173, 39396, 39660, 39994, 40229, 41002, 41261, 41990, 42568, 43009, 43348, 44439, 44629, 44704, 44726, 46606, 47020, 48402, 51466, 51612, 52000, 53266, 55194, 58431, 58566, 60315, 61399, 61704, 63194, 63211, 63516, 64743, 65351]
Iter#22256529 New set #8 of size 67 (2782066.0 its/hit = 39045.875s/hit): seed=6603324143943419212 [0, 1270, 1356, 1485, 3202, 7061, 7959, 8024, 10251, 11548, 12169, 12221, 12668, 13135, 13224, 15513, 16214, 18192, 18683, 20152, 21775, 22555, 22783, 22849, 23555, 23803, 23832, 23987, 24816, 24961, 26354, 27369, 28872, 29166, 30089, 30610, 30739, 33120, 34198, 34263, 36166, 37198, 37499, 38504, 38987, 40326, 40396, 40514, 41952, 47078, 47282, 47958, 48582, 49581, 49775, 50450, 51202, 52961, 53693, 55061, 57071, 57077, 59040, 59221, 60832, 65437, 65442]
