[*] Computing DDT
[+] DDT Computed
DDT took 97.091524311s
Iter#1 New set #1 of size 43 (1.0 its/hit = 0.000s/hit): seed=8274830286790032014 [2098, 3859, 4797, 9053, 12436, 13371, 15364, 15469, 20987, 21941, 22430, 24973, 25665, 27392, 27635, 27771, 28490, 30958, 31648, 33345, 33643, 35499, 35769, 35973, 37902, 38183, 38689, 39914, 40943, 41324, 43338, 43382, 44268, 44733, 45881, 49849, 53557, 55472, 56082, 56096, 59271, 62127, 65236]
Iter#2 New set #2 of size 43 (1.0 its/hit = 0.000s/hit): seed=1439740258115222666 [4735, 6255, 6428, 7411, 10415, 15683, 16054, 16818, 16870, 17899, 20925, 21557, 23545, 28119, 28270, 30735, 31448, 32026, 32592, 33817, 34784, 36184, 43771, 44247, 46458, 46935, 47791, 48266, 49330, 50687, 50782, 51418, 52129, 52444, 53471, 54789, 55198, 57458, 59546, 61142, 63457, 64329, 65274]
Iter#4 New set #1 of size 44 (4.0 its/hit = 0.000s/hit): seed=9393976662442555825 [284, 1189, 4820, 4985, 5416, 6876, 8084, 10622, 10982, 11145, 13116, 16244, 19985, 22649, 22885, 24103, 24797, 25495, 26418, 27130, 28866, 28954, 29368, 30398, 33715, 33849, 35168, 35375, 35872, 36156, 36213, 38925, 41379, 47781, 47995, 50970, 53310, 54361, 54597, 54799, 56731, 58083, 60750, 61464]
Iter#5 New set #2 of size 44 (2.5 its/hit = 0.000s/hit): seed=201672209997752917 [718, 1844, 1993, 3047, 5405, 5495, 7354, 7489, 7626, 8204, 9879, 13076, 13691, 15138, 18133, 22147, 23016, 27008, 29758, 32578, 35161, 36521, 38167, 38588, 40194, 42054, 43826, 45917, 47193, 47473, 49290, 52072, 52180, 52211, 54048, 54781, 55601, 55611, 57478, 57846, 59564, 60848, 62961, 65256]
Iter#10 New set #1 of size 47 (10.0 its/hit = 0.000s/hit): seed=15486482827229199280 [231, 1686, 2700, 3755, 6311, 8171, 9803, 9951, 12264, 13076, 13905, 14006, 14548, 16314, 18115, 19978, 20070, 20092, 22870, 24659, 28591, 28865, 36185, 36377, 37031, 37641, 38884, 39744, 40748, 40760, 43798, 46675, 46759, 49067, 51077, 51750, 54023, 54802, 55636, 56895, 57048, 57057, 59093, 59502, 59529, 59548, 59727]
Iter#136 New set #2 of size 47 (68.0 its/hit = 0.500s/hit): seed=10040503827909326991 [808, 3943, 4593, 6373, 10547, 11512, 12206, 13341, 13971, 14530, 18979, 19361, 19406, 19973, 20817, 22080, 23620, 25004, 28757, 30984, 32658, 32949, 33859, 37188, 37302, 39824, 40217, 43035, 43398, 45019, 46317, 46365, 47223, 49521, 51130, 51832, 52656, 55455, 57183, 59415, 60226, 62375, 62979, 64672, 64768, 64896, 65007]
Iter#142 New set #1 of size 48 (142.0 its/hit = 1.000s/hit): seed=11139040201727752585 [776, 1369, 1745, 3094, 4983, 6116, 6548, 9021, 11933, 13711, 14217, 21026, 21760, 23258, 24719, 24947, 26148, 26193, 28081, 30954, 31103, 31676, 31686, 31710, 32919, 33695, 39271, 39679, 40343, 41304, 42902, 44912, 45040, 48907, 49779, 50456, 50949, 51282, 51810, 52200, 53247, 54459, 56292, 60229, 61277, 63172, 63262, 64112]
Iter#227 New set #2 of size 48 (113.5 its/hit = 1.000s/hit): seed=1379237393288151672 [1217, 2123, 4864, 6412, 6808, 7183, 7794, 11511, 11561, 12482, 15297, 15515, 18431, 18689, 19214, 20994, 21334, 22060, 23387, 23558, 23758, 25106, 25672, 27998, 31272, 32463, 35151, 35293, 36044, 36391, 40575, 41463, 42875, 43052, 43259, 44301, 44490, 44526, 44563, 46306, 55051, 57840, 59104, 61835, 62667, 64679, 65096, 65516]
Iter#768 New set #3 of size 48 (256.0 its/hit = 3.333s/hit): seed=3001625428214642777 [2249, 3484, 4842, 6223, 6853, 8184, 8455, 10083, 10624, 11076, 11290, 12516, 12924, 13125, 15059, 16503, 19038, 19247, 19563, 20970, 21675, 24810, 25263, 25299, 30826, 34699, 36468, 40610, 40691, 42404, 45621, 45755, 47693, 48656, 49518, 50239, 50447, 52148, 55231, 55682, 55884, 56100, 58077, 60048, 63140, 63222, 65320, 65382]
Iter#836 New set #4 of size 48 (209.0 its/hit = 2.500s/hit): seed=12645901795941800326 [3635, 3987, 4871, 5135, 6198, 6916, 13220, 14184, 14721, 15175, 15565, 17924, 18382, 18469, 18907, 18964, 19071, 19226, 20292, 20973, 24587, 26700, 27949, 30764, 31811, 35546, 35651, 41035, 41905, 44075, 45438, 46291, 47140, 47728, 48171, 48985, 49182, 50183, 50279, 53352, 57050, 57663, 59686, 61377, 62319, 62329, 63317, 64160]
Iter#979 New set #5 of size 48 (195.8 its/hit = 2.400s/hit): seed=13392655857005981541 [2480, 5162, 5728, 6850, 7628, 10122, 10315, 10950, 11416, 12628, 13473, 14011, 18133, 21364, 21685, 26637, 28867, 30010, 30090, 30091, 31551, 32136, 32203, 33864, 36760, 36951, 37349, 37460, 38849, 40604, 41728, 42986, 44035, 46305, 48844, 50341, 50744, 51205, 52324, 52543, 54534, 55100, 55448, 59105, 61060, 63747, 65399, 65490]
Iter#1238 New set #6 of size 48 (206.3 its/hit = 2.667s/hit): seed=6327929170981388469 [181, 498, 1218, 4024, 6232, 6656, 7715, 7955, 8452, 11621, 12499, 16389, 20713, 20837, 22176, 23234, 24285, 26398, 27130, 27891, 28024, 28255, 29334, 29984, 30294, 30989, 32512, 33685, 35686, 36140, 37033, 37694, 37855, 40069, 40221, 41029, 43301, 44909, 46005, 48141, 48370, 54293, 58064, 58910, 59487, 60332, 60776, 65094]
Iter#1360 New set #7 of size 48 (194.3 its/hit = 2.429s/hit): seed=13273012855374377947 [389, 1594, 1708, 3561, 3699, 5092, 6462, 7834, 8608, 12507, 13071, 13942, 14341, 14951, 15030, 15497, 15912, 16277, 19229, 23081, 23442, 25806, 28981, 30932, 31686, 35494, 35765, 37156, 38844, 39032, 46880, 47982, 48255, 48970, 49320, 51408, 51708, 53193, 54235, 55747, 56128, 56744, 58390, 58797, 60382, 60558, 61555, 64121]
Iter#1416 New set #8 of size 48 (177.0 its/hit = 2.250s/hit): seed=7757165634319863011 [2008, 2964, 11194, 12099, 13455, 13628, 16155, 17600, 18137, 19789, 19962, 20135, 21741, 21939, 22249, 22727, 22982, 25947, 29270, 30646, 31170, 31643, 32343, 32429, 34334, 36656, 36990, 37404, 38636, 39242, 42590, 42784, 43235, 43573, 43615, 45470, 48884, 49307, 51824, 52396, 53266, 54415, 56114, 56507, 58041, 59783, 63385, 63760]
Iter#2015 New set #9 of size 48 (223.9 its/hit = 2.889s/hit): seed=15140956271984015237 [2819, 2908, 6101, 9557, 9987, 11646, 12128, 13951, 15821, 19695, 19723, 20621, 22079, 26047, 30401, 30509, 31790, 33276, 34023, 35496, 36879, 38034, 38081, 40089, 40910, 41442, 42694, 44209, 44438, 46771, 48560, 49566, 51869, 52005, 52201, 52460, 52812, 53498, 55047, 57611, 61387, 63339, 63570, 63658, 64075, 64187, 64457, 64701]
Iter#2339 New set #10 of size 48 (233.9 its/hit = 3.000s/hit): seed=1363122826988858192 [593, 1911, 4436, 6628, 7898, 7948, 8176, 10413, 11095, 11296, 11843, 13670, 13954, 14348, 15085, 15896, 18412, 22065, 23591, 27161, 29693, 30829, 32357, 32751, 33376, 33939, 35904, 37293, 38369, 38618, 40216, 40311, 40924, 40984, 41568, 42035, 45176, 45319, 46508, 47866, 48525, 53231, 56604, 56936, 61066, 63342, 64678, 64741]
Iter#3423 New set #1 of size 50 (3423.0 its/hit = 45.000s/hit): seed=4676293261814686445 [59, 802, 3587, 3693, 3764, 5421, 5707, 7313, 7646, 7893, 11430, 17528, 19557, 21275, 22252, 23832, 24252, 24879, 26181, 27749, 28784, 29454, 30168, 31596, 32759, 33024, 33831, 34886, 36611, 40548, 40689, 41329, 42006, 43241, 43412, 44430, 44997, 46756, 49997, 51886, 52207, 53787, 54441, 54720, 55837, 55903, 56197, 56344, 58760, 59797]
Iter#7083 New set #1 of size 55 (7083.0 its/hit = 94.000s/hit): seed=8855698079098470896 [0, 566, 1818, 3461, 4019, 4476, 4759, 7830, 7912, 8708, 8961, 9120, 12847, 13461, 15596, 19445, 20397, 20652, 23302, 23369, 23522, 25770, 29095, 30910, 31544, 32889, 33297, 34267, 36689, 37987, 39018, 41393, 41911, 43333, 43589, 45773, 49149, 50026, 50383, 51870, 52782, 52956, 53322, 55305, 55724, 56073, 56219, 58322, 58548, 60411, 62019, 62126, 63564, 64173, 65366]
Iter#24184 New set #2 of size 55 (12092.0 its/hit = 162.500s/hit): seed=15342032018484664427 [0, 368, 1737, 1825, 2739, 4806, 5232, 5238, 6638, 10889, 10911, 12606, 13815, 14046, 14282, 14924, 15251, 15454, 15725, 16728, 16912, 17625, 20038, 21333, 22057, 23549, 25495, 25566, 26585, 26822, 27939, 29615, 32006, 36114, 36718, 36891, 39266, 40360, 41253, 43541, 46078, 47192, 47400, 47437, 49008, 49455, 50535, 51586, 51755, 52457, 56457, 58976, 60336, 61750, 64993]
Iter#35795 New set #3 of size 55 (11931.7 its/hit = 161.333s/hit): seed=1586979762156219518 [0, 1286, 1703, 1907, 2237, 2797, 2856, 3194, 3529, 9510, 10983, 11674, 11872, 18983, 20652, 20735, 20912, 21479, 21686, 22735, 24413, 25380, 25987, 27803, 28508, 33946, 35397, 35879, 37709, 37987, 38922, 39613, 40825, 42021, 42638, 43067, 45582, 50191, 50383, 51002, 51047, 51778, 52962, 54076, 55030, 55658, 56981, 57854, 60471, 60893, 62416, 63271, 63955, 64349, 65190]
Iter#49004 New set #4 of size 55 (12251.0 its/hit = 166.250s/hit): seed=13287890599354761952 [0, 1023, 2781, 4407, 5027, 5327, 6117, 7789, 8064, 9508, 10629, 11330, 12271, 12399, 15676, 15709, 17723, 18007, 18116, 19850, 20266, 20503, 20807, 20874, 20998, 22368, 23038, 23151, 25680, 27863, 27947, 28795, 30421, 30762, 30951, 33776, 34316, 36687, 37440, 37540, 38719, 39033, 43627, 45501, 48379, 49079, 51607, 55104, 55467, 58652, 60071, 60849, 61657, 63167, 64258]
Iter#106074 New set #5 of size 55 (21214.8 its/hit = 289.800s/hit): seed=7768437577939964510 [0, 263, 724, 1523, 1989, 3170, 4782, 6689, 7281, 7592, 11222, 13327, 14991, 16479, 17106, 17553, 18209, 18578, 20311, 20486, 22079, 23463, 23652, 25113, 25594, 26075, 28217, 28879, 32338, 37525, 37532, 38260, 38816, 39875, 40701, 40954, 41126, 41892, 43027, 43518, 44309, 49964, 53033, 53104, 53353, 53553, 54536, 58363, 58534, 58686, 59094, 61580, 62041, 64167, 65048]
Iter#107290 New set #6 of size 55 (17881.7 its/hit = 244.333s/hit): seed=1334279750732870706 [0, 87, 90, 2933, 7920, 8544, 10435, 12096, 13278, 15718, 16754, 18661, 20092, 20674, 22996, 23728, 23770, 24261, 24766, 25552, 27013, 29811, 30831, 35143, 36348, 37430, 38032, 38839, 38925, 39039, 39133, 43510, 46423, 47311, 47611, 47749, 48556, 48635, 50311, 50397, 51344, 53563, 54104, 54312, 54945, 55679, 55851, 55886, 57360, 57478, 58773, 58890, 58975, 59344, 62088]
Iter#186484 New set #7 of size 55 (26640.6 its/hit = 364.286s/hit): seed=4737975399595825288 [0, 1040, 2590, 2812, 12046, 14155, 15248, 15412, 15583, 15701, 15733, 17871, 18125, 21360, 21654, 24045, 24535, 24699, 26369, 27489, 28894, 29411, 30746, 33260, 33461, 35594, 36657, 37143, 40373, 40463, 40716, 42310, 42533, 43525, 43741, 44130, 44565, 44986, 45361, 47028, 48291, 48435, 48930, 49647, 51708, 51865, 54046, 55247, 57451, 58804, 59158, 60498, 61226, 62730, 63852]
Iter#236295 New set #8 of size 55 (29536.9 its/hit = 405.125s/hit): seed=14390736794183817952 [0, 3951, 5215, 8307, 8844, 8859, 9175, 11641, 12837, 13499, 14035, 15257, 16478, 17727, 20273, 22310, 22454, 22596, 22694, 24105, 26283, 27042, 27677, 27695, 29616, 30472, 32008, 34659, 35224, 35484, 37454, 38207, 38381, 39653, 40908, 42164, 42778, 43499, 44200, 44240, 45148, 45193, 45455, 48471, 50823, 51869, 52564, 52675, 59364, 62201, 62693, 62700, 62902, 63788, 64591]
Iter#244222 New set #9 of size 55 (27135.8 its/hit = 372.222s/hit): seed=3301427338256749787 [0, 247, 709, 2141, 2380, 2591, 3021, 3120, 3958, 8467, 8929, 10202, 10364, 12664, 14572, 16771, 17874, 17954, 18383, 18617, 18988, 19065, 19163, 19695, 19855, 28020, 28254, 31087, 31262, 31437, 32151, 34246, 34522, 35698, 36119, 37278, 39320, 39809, 40363, 44699, 48706, 49176, 56641, 58105, 58594, 58886, 59317, 61970, 62508, 62778, 63209, 64594, 64630, 65058, 65291]
Iter#245144 New set #1 of size 58 (245144.0 its/hit = 3363.000s/hit): seed=13496327178791228198 [0, 4488, 5801, 9517, 11394, 11679, 12898, 13791, 13976, 14368, 15616, 15710, 17211, 17424, 17740, 19364, 19954, 22338, 22577, 23674, 24673, 24855, 24875, 25773, 30195, 30654, 33989, 34569, 35824, 36097, 38038, 38325, 38539, 39192, 39332, 40385, 40478, 41347, 42234, 43969, 44541, 45457, 51536, 52353, 52857, 53915, 53948, 54027, 54151, 54209, 55076, 55213, 57630, 58694, 59442, 60939, 62622, 63065]
Iter#248318 New set #2 of size 58 (124159.0 its/hit = 1703.500s/hit): seed=14404132332040921973 [0, 3314, 4169, 6599, 7016, 7661, 10270, 10703, 13260, 15934, 16294, 16994, 17481, 18261, 18273, 18962, 19069, 19325, 19499, 19979, 20731, 22416, 23067, 23995, 25156, 25477, 28211, 28869, 29197, 29869, 31028, 32196, 36227, 36716, 36988, 37232, 37477, 37956, 38052, 39633, 40540, 40924, 42789, 45775, 48760, 50193, 50247, 54821, 55439, 55918, 58220, 60393, 61209, 61555, 61569, 61930, 64598, 64792]
Iter#261016 New set #3 of size 58 (87005.3 its/hit = 1194.333s/hit): seed=17806858513238398722 [0, 701, 1284, 1522, 2057, 3341, 4394, 5963, 8474, 9538, 11483, 11969, 12293, 12789, 13905, 17799, 20326, 21395, 21422, 21853, 22863, 22903, 23008, 26645, 28044, 30978, 35609, 36077, 36294, 36616, 36856, 36980, 38313, 42227, 43418, 45763, 48303, 48579, 49066, 51378, 53593, 54927, 55434, 55893, 57697, 58270, 59109, 60394, 60445, 60587, 60912, 60952, 61692, 62017, 62132, 63325, 64933, 65432]
Iter#284777 New set #4 of size 58 (71194.2 its/hit = 978.000s/hit): seed=8989297988018576003 [0, 4514, 5529, 6189, 8684, 8778, 10286, 11207, 11638, 12223, 13354, 14263, 15563, 18402, 19260, 21131, 21888, 22150, 23017, 24229, 25002, 25299, 26056, 27247, 34287, 34463, 38263, 41494, 41762, 42197, 43573, 43713, 43847, 44584, 45930, 46286, 46491, 50119, 50922, 50979, 52162, 52298, 53312, 54147, 57332, 57928, 58420, 58468, 58493, 59809, 59989, 60707, 61868, 63396, 63491, 63678, 64511, 65292]
Iter#476585 New set #5 of size 58 (95317.0 its/hit = 1306.000s/hit): seed=11893854939881049763 [0, 1739, 2507, 2694, 4497, 7081, 7522, 8523, 8714, 9732, 11452, 11630, 14283, 15090, 15103, 16509, 16654, 19066, 20779, 21411, 22424, 23403, 23531, 24886, 25588, 26336, 26369, 26831, 27323, 27744, 27876, 31524, 32111, 32289, 33461, 34943, 35636, 36385, 37284, 37358, 37610, 39254, 40582, 45280, 45510, 51383, 54793, 56706, 57282, 58804, 61550, 61849, 62024, 62032, 62050, 63070, 64232, 64341]
Iter#608683 New set #6 of size 58 (101447.2 its/hit = 1389.167s/hit): seed=5352535055739289183 [0, 1780, 3836, 3859, 4413, 4575, 8609, 12010, 13274, 14863, 15266, 16630, 19034, 21492, 22649, 24317, 24622, 26650, 27093, 27406, 28154, 28900, 30902, 31015, 31060, 32150, 33663, 33945, 34981, 35480, 37527, 40370, 40569, 40718, 43070, 43317, 45896, 48576, 48815, 49346, 49857, 50285, 50550, 52285, 54872, 55514, 55745, 55965, 56070, 56975, 57380, 57814, 61449, 62785, 63275, 64082, 64973, 65122]
Iter#639822 New set #7 of size 58 (91403.1 its/hit = 1251.714s/hit): seed=14628843809927351423 [0, 434, 1015, 1126, 1407, 7925, 8197, 8220, 8597, 8914, 9202, 9338, 9653, 11279, 13886, 15352, 15669, 16674, 17292, 20929, 22090, 23196, 23410, 23514, 25584, 27837, 28082, 29865, 31463, 32083, 32954, 33385, 34831, 38650, 38926, 39128, 39453, 39605, 42264, 42792, 42972, 44030, 44171, 44913, 45099, 46081, 46115, 47634, 48032, 50124, 51481, 55371, 59506, 60401, 61119, 62483, 64279, 65128]
Iter#647805 New set #8 of size 58 (80975.6 its/hit = 1108.875s/hit): seed=16199664552704460881 [0, 298, 569, 1264, 4115, 4934, 5114, 7801, 7986, 8136, 10410, 11597, 11633, 12051, 12148, 12211, 12740, 12746, 13384, 15300, 15340, 15824, 17416, 19635, 21377, 22336, 24785, 26846, 27565, 28044, 28509, 31192, 31229, 31877, 32175, 32537, 33061, 35390, 36077, 37072, 37493, 38215, 41231, 41905, 42691, 44116, 46800, 47428, 49337, 50717, 51016, 54450, 54634, 56702, 57697, 59662, 61102, 63502]
Iter#668725 New set #9 of size 58 (74302.8 its/hit = 1017.444s/hit): seed=11853077539231017156 [0, 329, 715, 2815, 4980, 7127, 9045, 9408, 9609, 10170, 10875, 13518, 14264, 16082, 16338, 16561, 18579, 18760, 18996, 19230, 20094, 20534, 23241, 23584, 23681, 24761, 30618, 30766, 31461, 32685, 35119, 36371, 36634, 37235, 37300, 38635, 39306, 39991, 43791, 43948, 44646, 44721, 45606, 46065, 46222, 49508, 50428, 53906, 54327, 54543, 55081, 57752, 58268, 59718, 59923, 60928, 61892, 62276]
Iter#788813 New set #1 of size 61 (788813.0 its/hit = 10806.000s/hit): seed=17609812961878428619 [0, 267, 619, 2266, 4244, 4253, 6555, 7463, 7734, 9836, 9842, 10010, 10045, 12108, 12907, 13145, 13884, 14603, 17531, 17559, 17969, 18679, 19021, 19270, 20424, 21562, 22188, 22588, 25299, 26487, 28589, 34430, 35899, 36146, 36697, 37116, 38263, 40111, 41877, 43015, 43709, 46411, 46736, 47630, 48323, 48372, 49932, 49945, 51638, 51961, 53618, 58371, 59641, 60540, 62081, 62768, 63232, 63396, 63587, 63904, 64956]
Iter#1847856 New set #2 of size 61 (923928.0 its/hit = 12652.500s/hit): seed=2886099671112171295 [0, 572, 1546, 2965, 3020, 4211, 4438, 4968, 5050, 5373, 7142, 8669, 9127, 10646, 10769, 11495, 12489, 13045, 14283, 15156, 15756, 16271, 18347, 18586, 20779, 20931, 22269, 22413, 22478, 24844, 25881, 26336, 26901, 27202, 27304, 27750, 30167, 32796, 36064, 37026, 38941, 38971, 43278, 43292, 43971, 46494, 49225, 49505, 50100, 50192, 51109, 55728, 57988, 57997, 59319, 59657, 60200, 60706, 61751, 64802, 65155]
Iter#1876962 New set #3 of size 61 (625654.0 its/hit = 8569.000s/hit): seed=3491115389111682487 [0, 1498, 2790, 4060, 4160, 4993, 5080, 5634, 6685, 7484, 10156, 11205, 12911, 13357, 14342, 15408, 15549, 16251, 18910, 19109, 19465, 19483, 20952, 22036, 22462, 22549, 23644, 23896, 24416, 24684, 25300, 25455, 27736, 29028, 30051, 32788, 34749, 35161, 36388, 36808, 37819, 39994, 40777, 41833, 41867, 42634, 43086, 44224, 44629, 45477, 47118, 49083, 49158, 49727, 52881, 54129, 54841, 56404, 60463, 63377, 64414]
Iter#2658345 New set #1 of size 76 (2658345.0 its/hit = 36528.000s/hit): seed=4993749847801651172 [0, 113, 1460, 1724, 1899, 2613, 3703, 3751, 4115, 6215, 8518, 8798, 9829, 10548, 12449, 13036, 13129, 13305, 13346, 13773, 14168, 14593, 14991, 15080, 15280, 15628, 15758, 16239, 16376, 17188, 18459, 18896, 19494, 20053, 22873, 23286, 23402, 25096, 26937, 29880, 31180, 31891, 34690, 35534, 37317, 37532, 38219, 39155, 41400, 41459, 42026, 42691, 42939, 43027, 43661, 45247, 46800, 49578, 51651, 51671, 52255, 52334, 52866, 53088, 53668, 53792, 55861, 57843, 58964, 59811, 60751, 60885, 62413, 63595, 63842, 63855]
