[*] Computing DDT
[+] DDT Computed
DDT took 93.564205377s
Iter#1 New set #1 of size 41 (1.0 its/hit = 0.000s/hit): seed=9170523301577174292 [2139, 3643, 6194, 7978, 8550, 10259, 10712, 11159, 12363, 14772, 17351, 20623, 22577, 26016, 26155, 26710, 27717, 29392, 30334, 30801, 34240, 36895, 39051, 39254, 40370, 40502, 46900, 47039, 47297, 53515, 54710, 55245, 55901, 59716, 59837, 60053, 60882, 60930, 61517, 61797, 62151]
Iter#2 New set #1 of size 44 (2.0 its/hit = 0.000s/hit): seed=16430947872536470213 [1116, 2790, 3425, 4950, 6062, 6869, 7497, 10599, 11199, 14879, 16323, 17890, 19494, 20233, 21461, 24129, 24943, 28344, 31786, 32334, 32352, 32400, 33470, 37495, 37514, 37769, 39649, 42834, 44108, 45460, 46607, 46700, 47393, 47881, 48508, 50232, 53062, 55362, 57038, 58311, 59288, 60307, 60863, 61500]
Iter#4 New set #1 of size 52 (4.0 its/hit = 0.000s/hit): seed=9448055789030525556 [78, 610, 1182, 1274, 1868, 1921, 2065, 3199, 4667, 8607, 8849, 9898, 10488, 12176, 12821, 13672, 15254, 16306, 16714, 16963, 17354, 17420, 17507, 17581, 19561, 22135, 23375, 28201, 30126, 30352, 32182, 32404, 34828, 38665, 39752, 41196, 41302, 42739, 43835, 43836, 44562, 45975, 47315, 47412, 52404, 58026, 58432, 59135, 59835, 61236, 62276, 63531]
Iter#18 New set #1 of size 58 (18.0 its/hit = 0.000s/hit): seed=13065346804663206926 [2147, 3187, 4652, 5032, 5208, 5596, 6133, 7322, 7474, 7795, 11356, 11687, 12221, 15586, 16201, 18394, 19579, 20870, 21028, 21462, 24991, 28096, 30418, 30808, 31321, 32761, 32798, 35740, 36285, 36591, 37122, 37872, 40476, 44063, 44854, 45404, 45622, 49304, 49636, 49891, 51254, 52186, 52368, 52604, 54690, 55134, 55784, 58290, 59006, 59034, 60925, 61697, 61790, 62599, 62890, 63876, 63977, 64561]
Iter#1883 New set #2 of size 58 (941.5 its/hit = 7.000s/hit): seed=2950339291664785888 [2059, 2238, 3978, 5030, 5176, 5320, 5747, 8129, 8433, 10245, 10585, 11606, 11747, 13555, 14316, 14559, 14837, 16223, 19967, 20176, 21594, 23376, 25079, 25900, 27158, 28185, 33262, 34205, 36114, 36148, 38334, 39006, 39155, 40352, 42589, 42670, 44008, 44699, 46250, 47232, 48737, 48943, 49828, 49892, 50536, 51497, 51859, 51896, 53289, 54855, 55473, 56199, 57429, 57464, 58907, 59664, 60156, 60914]
Iter#2028 New set #3 of size 58 (676.0 its/hit = 5.000s/hit): seed=4443780876072411626 [3720, 4320, 5012, 5871, 6111, 6200, 6471, 7208, 7412, 10275, 12491, 13402, 15678, 15726, 15736, 17446, 18225, 19901, 20573, 21473, 22797, 24172, 26329, 27364, 28090, 29347, 30199, 30404, 32278, 32421, 34108, 34283, 36151, 36608, 37119, 37193, 37288, 38495, 41636, 47112, 47664, 48097, 48362, 49271, 51932, 52651, 53857, 55498, 56502, 59230, 60066, 60171, 60604, 62120, 62657, 63722, 65118, 65179]
Iter#2459 New set #4 of size 58 (614.8 its/hit = 4.500s/hit): seed=1747251623940669110 [59, 651, 1620, 2331, 3112, 3151, 4687, 7634, 7862, 8915, 8974, 9667, 9829, 10096, 11760, 12298, 14644, 17693, 21475, 21541, 25696, 26426, 30564, 31504, 32160, 32472, 33325, 34134, 34687, 34760, 34996, 36468, 36602, 36903, 37839, 39159, 40612, 40950, 41227, 42382, 46589, 48054, 48939, 49512, 52241, 57469, 57928, 58620, 59532, 60267, 60415, 61247, 61275, 62096, 62784, 63179, 65128, 65306]
Iter#2824 New set #5 of size 58 (564.8 its/hit = 4.200s/hit): seed=5548673387141368601 [4459, 4751, 5150, 5469, 6500, 6718, 7549, 8379, 9000, 9830, 10829, 10919, 10974, 14165, 15357, 18255, 18492, 18801, 18810, 20059, 21675, 22906, 24805, 26272, 27584, 28154, 28729, 29026, 29495, 29900, 30142, 30282, 32913, 33801, 34054, 34625, 34862, 43421, 43730, 45089, 45209, 45710, 46944, 47460, 48409, 48492, 48582, 49192, 49913, 54070, 57680, 58287, 58374, 58651, 61025, 61117, 63396, 65394]
Iter#3369 New set #6 of size 58 (561.5 its/hit = 4.167s/hit): seed=2300269680041009998 [392, 3059, 8507, 11158, 11846, 12103, 13321, 13932, 13948, 15158, 15962, 16488, 16824, 16856, 17203, 17498, 17962, 19002, 19282, 19556, 20605, 22182, 22460, 24315, 24423, 27057, 30867, 31067, 31330, 32452, 33158, 35478, 35752, 36346, 38604, 40368, 41288, 42444, 43650, 44334, 45324, 49492, 50031, 50311, 54688, 54716, 54725, 55219, 55576, 55916, 56154, 59149, 59633, 60287, 62294, 63680, 64154, 64940]
Iter#4167 New set #7 of size 58 (595.3 its/hit = 4.571s/hit): seed=17779574080028012553 [2039, 4095, 5250, 8749, 8762, 10084, 10706, 10757, 12180, 13940, 15663, 17290, 18076, 19198, 21804, 22368, 22662, 24119, 24546, 27887, 28911, 29008, 29818, 30703, 31049, 31235, 33819, 35797, 36952, 39561, 39733, 40406, 41698, 42409, 44183, 44331, 46631, 47837, 48187, 49586, 50448, 53157, 53565, 54598, 55031, 55379, 57684, 58350, 60292, 61641, 62699, 62800, 63480, 63501, 64380, 64944, 65280, 65534]
Iter#6786 New set #8 of size 58 (848.2 its/hit = 6.500s/hit): seed=3982390625768750318 [714, 1115, 2903, 3268, 3466, 3936, 5583, 6715, 7587, 8492, 8636, 9279, 11679, 12262, 13485, 17122, 18865, 19751, 24355, 24471, 27084, 27591, 29143, 29283, 29670, 30505, 33121, 33602, 33614, 34219, 35350, 37404, 37656, 38138, 38960, 41266, 46776, 47890, 48159, 49268, 49554, 49873, 51405, 51808, 52438, 52604, 53184, 54047, 54917, 55537, 58004, 59485, 61459, 62063, 62698, 63528, 64447, 65214]
Iter#6961 New set #9 of size 58 (773.4 its/hit = 5.889s/hit): seed=6582342315207212575 [28, 1147, 1606, 1816, 3510, 7748, 9145, 11484, 11627, 12493, 13412, 13818, 14126, 14338, 15012, 18051, 19004, 20754, 22102, 23257, 24274, 26481, 26994, 27261, 27636, 28157, 29155, 31001, 32123, 32532, 34159, 35012, 35187, 35237, 37324, 38188, 39371, 40032, 48824, 49502, 49811, 50354, 51796, 53800, 54141, 55791, 56278, 57141, 57222, 58180, 58947, 61049, 62940, 63069, 63579, 63631, 64518, 65371]
Iter#8492 New set #10 of size 58 (849.2 its/hit = 6.500s/hit): seed=10805330624660842969 [198, 579, 3004, 4336, 4350, 4430, 5431, 6166, 7643, 13628, 14633, 15200, 15303, 15886, 20675, 21614, 22121, 23207, 23252, 24056, 24819, 25804, 26162, 26489, 26951, 27356, 30136, 31845, 32875, 35350, 35505, 35961, 36949, 39221, 40338, 40472, 40710, 42809, 43860, 45563, 45570, 47895, 48896, 49034, 50104, 50614, 50854, 51032, 52207, 54130, 56616, 56743, 57499, 57983, 60915, 61378, 63278, 65291]
Iter#13922 New set #1 of size 61 (13922.0 its/hit = 108.000s/hit): seed=4212086938336984388 [1774, 1916, 2147, 3690, 3974, 4826, 5521, 5624, 7787, 8934, 9480, 13621, 16980, 17195, 17302, 19239, 19316, 19395, 19558, 20979, 21109, 21366, 24038, 25319, 27613, 28456, 29069, 29548, 30815, 31421, 33157, 35637, 36200, 37123, 40825, 40925, 41786, 44042, 45112, 45951, 46154, 47581, 49373, 49916, 50692, 50721, 50814, 52988, 55179, 56034, 56473, 58995, 59029, 60191, 60416, 60807, 60903, 62842, 64430, 64750, 64981]
Iter#20458 New set #1 of size 64 (20458.0 its/hit = 158.000s/hit): seed=11111236384945923892 [514, 966, 1335, 3906, 4601, 5021, 7134, 7822, 8690, 10833, 12220, 12336, 14839, 15551, 16181, 16995, 17176, 18360, 18633, 19249, 19381, 21825, 22259, 22449, 23622, 23748, 25007, 25635, 26874, 26883, 27009, 27470, 30610, 31354, 34027, 34312, 40456, 40978, 41693, 43473, 44199, 44435, 45029, 45482, 46744, 47160, 47492, 47930, 48844, 51725, 53811, 53855, 54302, 55183, 56206, 56398, 56460, 59655, 60058, 60402, 60469, 64522, 64964, 65278]
Iter#36098 New set #1 of size 67 (36098.0 its/hit = 281.000s/hit): seed=17687423454394350367 [1331, 2774, 3073, 4155, 5846, 8313, 8382, 9089, 12895, 14317, 14674, 16072, 19515, 19705, 20668, 21587, 21775, 22231, 22580, 22946, 22950, 24520, 25052, 25677, 28940, 29015, 29324, 30696, 32384, 32476, 33153, 33947, 34843, 35096, 37205, 37541, 38439, 39331, 39760, 39860, 41458, 41657, 41957, 43661, 45666, 46847, 47716, 47787, 48346, 49893, 50954, 52320, 52381, 52654, 52944, 53159, 54216, 54247, 56255, 57064, 57175, 57176, 60179, 60285, 60679, 60952, 62098]
