[*] Computing DDT
[+] DDT Computed
DDT took 96.565943521s
Iter#1 New set #1 of size 40 (1.0 its/hit = 0.000s/hit): seed=14237177479981458295 [243, 2326, 3750, 4969, 7572, 8093, 9190, 10278, 10651, 11102, 12849, 18727, 19560, 23574, 26689, 28718, 29093, 33971, 38633, 39356, 40334, 40627, 41188, 41308, 45016, 46142, 47252, 49289, 49735, 49917, 50386, 53015, 53323, 53734, 54646, 57206, 57239, 58189, 60278, 60538]
Iter#3 New set #1 of size 43 (3.0 its/hit = 0.000s/hit): seed=7185332245664075755 [234, 2896, 3207, 3644, 9097, 9571, 9956, 10759, 11609, 11748, 12910, 13378, 13455, 14342, 14816, 15145, 15387, 16885, 16912, 17527, 20026, 23903, 24858, 25200, 25253, 25416, 26305, 26802, 37475, 38012, 42729, 44032, 48652, 49059, 50414, 51348, 52220, 55607, 56235, 58332, 60055, 61752, 64460]
Iter#5 New set #2 of size 43 (2.5 its/hit = 0.000s/hit): seed=14352009122220919984 [174, 2754, 2996, 3033, 4331, 4921, 7077, 8133, 10336, 11762, 12499, 12858, 14692, 15170, 15304, 16814, 16959, 18176, 18695, 19795, 21172, 21822, 22162, 26057, 26919, 27904, 29679, 30671, 36125, 40552, 45751, 47113, 52775, 56194, 56739, 57064, 59445, 60209, 61287, 62119, 62879, 62925, 63532]
Iter#9 New set #3 of size 43 (3.0 its/hit = 0.000s/hit): seed=92434439025555972 [1528, 1842, 2754, 4279, 5744, 11025, 11342, 11454, 12373, 14908, 15060, 18770, 20498, 20811, 25756, 28125, 29514, 32821, 34854, 35309, 35653, 36388, 36463, 36635, 37157, 37701, 38780, 43557, 44777, 44962, 45200, 46507, 47789, 48160, 48474, 49589, 54944, 55646, 61125, 62396, 62628, 65090, 65507]
Iter#39 New set #4 of size 43 (9.8 its/hit = 0.000s/hit): seed=9042222091224394635 [2305, 2577, 5571, 7031, 7149, 7273, 7965, 12146, 15923, 16708, 20372, 21629, 24920, 30643, 33712, 34311, 35384, 36604, 38024, 38100, 39208, 39785, 40648, 43118, 45079, 45311, 46905, 47264, 47272, 47947, 48680, 50105, 50154, 54201, 55813, 56971, 57089, 57871, 58226, 63321, 64372, 65225, 65242]
Iter#67 New set #5 of size 43 (13.4 its/hit = 0.000s/hit): seed=5441181374090573794 [1660, 2420, 8145, 11586, 13885, 13916, 14283, 14610, 15753, 17511, 18182, 19438, 20004, 28144, 29482, 30053, 31376, 32583, 34640, 35166, 35599, 38296, 39892, 41876, 42537, 42966, 44405, 47761, 47841, 48605, 49249, 49443, 50825, 52609, 55144, 58725, 60104, 61628, 61854, 62547, 63683, 64726, 65034]
Iter#82 New set #6 of size 43 (13.7 its/hit = 0.000s/hit): seed=12932618905857934106 [0, 1600, 3435, 3870, 4268, 4924, 5615, 9948, 11452, 12733, 13769, 14594, 14631, 15130, 18256, 19213, 20190, 20916, 25630, 26546, 27212, 29320, 30956, 31432, 31532, 32248, 32377, 35880, 36191, 40565, 41019, 41666, 43176, 46316, 47040, 51953, 54111, 55753, 57231, 57337, 57721, 57923, 58365]
Iter#122 New set #7 of size 43 (17.4 its/hit = 0.143s/hit): seed=12030720176056730590 [2762, 6414, 7578, 8199, 10181, 10997, 12165, 14859, 16684, 17511, 20766, 23340, 24147, 24929, 26103, 27036, 28390, 28542, 34770, 37243, 38849, 43888, 44261, 45287, 45618, 46383, 47897, 49426, 51095, 52043, 52433, 53083, 53724, 56512, 56597, 57010, 57401, 57775, 58659, 59066, 62229, 63731, 64720]
Iter#134 New set #8 of size 43 (16.8 its/hit = 0.125s/hit): seed=5846955199357297449 [2432, 5507, 7981, 9155, 12101, 14396, 16560, 16587, 16710, 17509, 20224, 23285, 23315, 23420, 24533, 24659, 29828, 30786, 32605, 33792, 33807, 33827, 33923, 34271, 35255, 41578, 42607, 43183, 43827, 47208, 48432, 50906, 51335, 51428, 51705, 52409, 52961, 56605, 58970, 59091, 62313, 63831, 65102]
Iter#173 New set #9 of size 43 (19.2 its/hit = 0.222s/hit): seed=4450480221428186459 [741, 1613, 3025, 6586, 8200, 10906, 14308, 16159, 17575, 22507, 23763, 24165, 27410, 28065, 29041, 31414, 36243, 36602, 37218, 39316, 40083, 43290, 43325, 43506, 43814, 44050, 44362, 45450, 48001, 48271, 49714, 53373, 54669, 55504, 58033, 58097, 59684, 60428, 60694, 61252, 61952, 63903, 64053]
Iter#184 New set #1 of size 44 (184.0 its/hit = 2.000s/hit): seed=228667355904248283 [1906, 5035, 6681, 7216, 11015, 11207, 11530, 13143, 14501, 15294, 16859, 19064, 20004, 21034, 24810, 25619, 27501, 28132, 29834, 32153, 33121, 34929, 37183, 37855, 38306, 39596, 40398, 44566, 45172, 45416, 45815, 46912, 47242, 49225, 51858, 51970, 53046, 53338, 55196, 55332, 56998, 60625, 64635, 64704]
Iter#448 New set #2 of size 44 (224.0 its/hit = 2.500s/hit): seed=7277855413539773791 [277, 1759, 2179, 2992, 3899, 5535, 6732, 7330, 9196, 10850, 11309, 11316, 13401, 13533, 14878, 17502, 18072, 18419, 24332, 25741, 27647, 29580, 32989, 32991, 35899, 37920, 38903, 41539, 42965, 43353, 44820, 46110, 46158, 46459, 47337, 47646, 48004, 49460, 50408, 50801, 55934, 59873, 60436, 61470]
Iter#550 New set #3 of size 44 (183.3 its/hit = 2.000s/hit): seed=8218695962762153628 [3265, 3539, 7510, 7843, 9965, 10531, 10604, 13867, 14569, 18480, 21272, 26537, 27914, 27990, 28503, 29227, 30189, 34308, 36020, 36949, 37267, 38339, 40566, 40751, 41322, 41743, 42659, 43498, 45022, 45027, 46572, 49279, 49921, 50492, 50882, 55665, 56660, 57265, 60124, 60287, 60787, 61026, 61060, 63673]
Iter#880 New set #4 of size 44 (220.0 its/hit = 2.500s/hit): seed=18124073304536429566 [5193, 6295, 7663, 8450, 10778, 11200, 11289, 11453, 13704, 14104, 15115, 15966, 18513, 19622, 25931, 26269, 28630, 29202, 30014, 32048, 32999, 33308, 40903, 40905, 42066, 42196, 44732, 45717, 49262, 49338, 51460, 51858, 52241, 52500, 52905, 54269, 55229, 57729, 57987, 58413, 58552, 60874, 63772, 64304]
Iter#1301 New set #5 of size 44 (260.2 its/hit = 3.000s/hit): seed=17169430091571890787 [2103, 2575, 3869, 5469, 7091, 7170, 12290, 14036, 15399, 16749, 17387, 17478, 19312, 22961, 23385, 24078, 27177, 27234, 27522, 28090, 28227, 28632, 29800, 30543, 30649, 33816, 38019, 39174, 40115, 41412, 41417, 47520, 48841, 48894, 49449, 49942, 51072, 56211, 56551, 56713, 56818, 58088, 60749, 64549]
Iter#1465 New set #6 of size 44 (244.2 its/hit = 2.833s/hit): seed=1844502133777112510 [2005, 3013, 5808, 5947, 6945, 7978, 8138, 9632, 10770, 11426, 11800, 12703, 14695, 15111, 19712, 22308, 29009, 29337, 30212, 34008, 34712, 35590, 37552, 41314, 42513, 43047, 45258, 47361, 48074, 52780, 56177, 56211, 57670, 58040, 59493, 59517, 60336, 60419, 61884, 62235, 62679, 63798, 63805, 65040]
Iter#1508 New set #7 of size 44 (215.4 its/hit = 2.429s/hit): seed=504775442000788880 [1792, 4019, 5642, 5667, 7565, 7997, 8838, 10619, 11209, 12544, 12782, 14386, 15220, 18536, 19648, 23336, 23423, 26360, 26382, 26640, 27235, 28434, 29442, 30051, 30368, 30665, 31150, 31239, 34737, 37357, 37810, 38678, 41450, 42399, 45739, 47423, 47603, 50432, 53622, 56412, 57563, 58434, 61862, 61951]
Iter#1656 New set #8 of size 44 (207.0 its/hit = 2.375s/hit): seed=3897615360937612028 [264, 2336, 4540, 5246, 5926, 9382, 9825, 10153, 12490, 15463, 15588, 18027, 18522, 22768, 26450, 27697, 29601, 30160, 31523, 32146, 32881, 33516, 35907, 39208, 39942, 41038, 41173, 41939, 42317, 43254, 43610, 44472, 45338, 48711, 49170, 50856, 54392, 54630, 55200, 55601, 57493, 59605, 60853, 62029]
Iter#1922 New set #1 of size 45 (1922.0 its/hit = 22.000s/hit): seed=12362324448954205784 [260, 1815, 4391, 4482, 4922, 5325, 6511, 7324, 12920, 14378, 17078, 17622, 17817, 17918, 18422, 18971, 19415, 19945, 20608, 20669, 21685, 22045, 22055, 22794, 23445, 29079, 32114, 34780, 35364, 35892, 36888, 38128, 42467, 43516, 45602, 46533, 46590, 49208, 51824, 55620, 57740, 58772, 64364, 64727, 65103]
Iter#1951 New set #2 of size 45 (975.5 its/hit = 11.000s/hit): seed=3540486087580348175 [947, 1088, 1122, 1172, 3406, 3438, 7269, 7535, 9211, 9802, 11705, 12182, 12762, 13646, 14857, 15550, 19799, 20295, 21897, 22159, 22453, 24663, 25534, 26120, 26295, 27895, 28441, 31690, 35860, 39208, 40632, 42097, 44275, 44367, 45287, 46759, 47622, 49061, 51691, 51806, 53736, 54439, 55923, 58961, 62853]
Iter#8076 New set #3 of size 45 (2692.0 its/hit = 31.667s/hit): seed=7147769590389646471 [595, 965, 1343, 1533, 5523, 5689, 7450, 11241, 11465, 11882, 12223, 15288, 15528, 16680, 17083, 17094, 19297, 19850, 25138, 26046, 28512, 30340, 30690, 33578, 34791, 40802, 41210, 41421, 42811, 43435, 43722, 43762, 44060, 44898, 46995, 48457, 48640, 53645, 53983, 55930, 56744, 59777, 61563, 62134, 62384]
Iter#9198 New set #4 of size 45 (2299.5 its/hit = 27.000s/hit): seed=14982434004376317800 [675, 1200, 4850, 5935, 9422, 9438, 9884, 9922, 11328, 13017, 13632, 15366, 15752, 16354, 17096, 18906, 19652, 20973, 23141, 25735, 27339, 33533, 35019, 35706, 36198, 38554, 38918, 42169, 43219, 44221, 45213, 45632, 51652, 54214, 54525, 54638, 57580, 59306, 59650, 60902, 61172, 62026, 62176, 64456, 65143]
Iter#10822 New set #5 of size 45 (2164.4 its/hit = 25.600s/hit): seed=14480986015227230874 [404, 802, 1355, 1391, 1501, 8613, 10989, 12765, 15697, 16692, 19387, 20218, 20539, 22471, 22484, 22928, 25870, 26517, 26873, 27825, 27911, 28942, 30415, 30768, 33409, 33739, 35045, 39736, 43354, 43752, 45183, 45872, 45915, 46100, 46312, 47272, 50926, 53267, 55725, 57774, 58293, 62101, 62475, 62863, 63589]
Iter#14185 New set #6 of size 45 (2364.2 its/hit = 28.000s/hit): seed=2794399003218488129 [599, 701, 3852, 6543, 7352, 9631, 11116, 11372, 11971, 14667, 18267, 19579, 20634, 20995, 25106, 25270, 25583, 29244, 29855, 30742, 32993, 34539, 36754, 36961, 38316, 39820, 40016, 41224, 44094, 46289, 46892, 48076, 49379, 49578, 51918, 55307, 55480, 56369, 57581, 58113, 58939, 59714, 61184, 61726, 63682]
Iter#14228 New set #7 of size 45 (2032.6 its/hit = 24.000s/hit): seed=7450459127541522758 [2447, 2730, 3173, 5238, 7358, 7912, 9061, 9936, 13565, 15618, 15942, 17372, 19264, 20242, 22850, 24348, 24583, 25288, 25896, 28864, 29986, 30869, 31505, 32353, 34492, 34610, 34913, 35372, 36058, 36771, 39525, 40010, 40525, 42652, 44465, 44536, 47705, 47762, 48259, 49440, 53116, 54566, 55737, 60617, 61997]
Iter#17051 New set #8 of size 45 (2131.4 its/hit = 25.250s/hit): seed=13507877471066434859 [836, 5779, 6039, 7077, 7177, 9164, 10675, 11866, 12510, 13655, 15513, 16176, 16289, 19593, 20743, 21305, 22613, 23345, 26359, 26686, 27990, 29299, 30178, 30624, 31542, 33487, 35195, 35381, 35913, 38897, 40646, 43273, 50472, 53975, 54248, 55159, 55431, 56556, 58387, 58402, 59002, 62045, 63744, 63822, 64155]
Iter#21124 New set #9 of size 45 (2347.1 its/hit = 27.778s/hit): seed=5499676182763489352 [1827, 6113, 6361, 7310, 7427, 9002, 10980, 11751, 13011, 14360, 14942, 15302, 15628, 19724, 21411, 22343, 23015, 23163, 26346, 28391, 28851, 29687, 31721, 31857, 32332, 33072, 33256, 34099, 34600, 36009, 36460, 42079, 43170, 46394, 51161, 51403, 53284, 55026, 56791, 57779, 59740, 61484, 64122, 64771, 64958]
Iter#26610 New set #10 of size 45 (2661.0 its/hit = 31.600s/hit): seed=15342661145038169139 [101, 1323, 1829, 2457, 2554, 4018, 4726, 6762, 7207, 11711, 16000, 18176, 18550, 20138, 22133, 22176, 22900, 23181, 23460, 24468, 29200, 29511, 30001, 30443, 33373, 35192, 37006, 38651, 40195, 40582, 41023, 41044, 42238, 42841, 42986, 43134, 46719, 48012, 49374, 50334, 52280, 52450, 53778, 62407, 65104]
Iter#27684 New set #1 of size 46 (27684.0 its/hit = 328.000s/hit): seed=17477498859207663116 [1238, 2103, 2819, 4426, 4450, 4705, 4832, 5005, 5281, 5642, 7932, 7983, 9685, 11636, 15022, 15859, 20216, 24884, 25858, 32918, 35261, 35796, 35850, 37474, 39144, 40561, 41230, 41794, 43660, 47644, 47817, 48833, 48908, 50259, 50274, 52723, 53860, 56627, 57281, 57838, 58836, 59088, 59938, 61144, 64666, 65489]
Iter#31521 New set #2 of size 46 (15760.5 its/hit = 187.000s/hit): seed=3080262827674881458 [2658, 2944, 6103, 6877, 8369, 10171, 11200, 11355, 11517, 12266, 14707, 17287, 19643, 19765, 19928, 22346, 22412, 28619, 28967, 30800, 32684, 34222, 36267, 38588, 39126, 39804, 40400, 43044, 44065, 44543, 44554, 46084, 48157, 49640, 51813, 53333, 57882, 58694, 58783, 58982, 59266, 59549, 60993, 61002, 64879, 65111]
Iter#48791 New set #1 of size 258 (48791.0 its/hit = 580.000s/hit): seed=12557346562147415776 [819, 1137, 1535, 1575, 1783, 1820, 2066, 2143, 2376, 2529, 3057, 3099, 3599, 3844, 3862, 4096, 4361, 4465, 4476, 4517, 4571, 4622, 5409, 5781, 5838, 5986, 6453, 6695, 6812, 6890, 7109, 7186, 7189, 7386, 7751, 7898, 8008, 8236, 8518, 8604, 9439, 9895, 10027, 10227, 10404, 10764, 10805, 10878, 11247, 11597, 11663, 11768, 11796, 11910, 12123, 12156, 12708, 12976, 13496, 13978, 14064, 14160, 14475, 14887, 14892, 15081, 15178, 15846, 16006, 16032, 16157, 16191, 16222, 16346, 16404, 16977, 17298, 17432, 17659, 18291, 18295, 18507, 18660, 18879, 19438, 20029, 20433, 20462, 20518, 20698, 20730, 21274, 21468, 21684, 22092, 22550, 22551, 22654, 22854, 22866, 23280, 23444, 23518, 23643, 23821, 23962, 24366, 24470, 25076, 25808, 25856, 25905, 26764, 26792, 26856, 27351, 27718, 28002, 28553, 29047, 29419, 29547, 29742, 29892, 29979, 30042, 30120, 30400, 30514, 31067, 31464, 31792, 32218, 32230, 32602, 32715, 33056, 33329, 33804, 34938, 35058, 35374, 35565, 35595, 35874, 36366, 36585, 37510, 37560, 37563, 38329, 38430, 38680, 38896, 38988, 39010, 39033, 39036, 39566, 39707, 39939, 40195, 40550, 41180, 41225, 41281, 41307, 41471, 42314, 42975, 43215, 43277, 43579, 43924, 44035, 45630, 46188, 46293, 46354, 46373, 46485, 46487, 46831, 46864, 47247, 47578, 47691, 47712, 47722, 48097, 48272, 48627, 48664, 48860, 49266, 49375, 49913, 49994, 50437, 50787, 50912, 51116, 51486, 51524, 51568, 51644, 51802, 51936, 52074, 52669, 52736, 53085, 53111, 53454, 53625, 53688, 54008, 54186, 54223, 54457, 54543, 54698, 55357, 56652, 56721, 56891, 56989, 57051, 57395, 57513, 57834, 57970, 58284, 58454, 58535, 58980, 59237, 59285, 59369, 59640, 59861, 60070, 60072, 60669, 60781, 61773, 61777, 63095, 63129, 63530, 63802, 63860, 64023, 64129, 64200, 64237, 64466, 64949]
Iter#190493 New set #2 of size 258 (95246.5 its/hit = 1135.000s/hit): seed=5750064004553135853 [401, 571, 620, 626, 1572, 1635, 2760, 2832, 3028, 3375, 3383, 3625, 3648, 3673, 4000, 4095, 4112, 4359, 5422, 5558, 5779, 5967, 6225, 6372, 6374, 6519, 8022, 8042, 8565, 8747, 8992, 9256, 9514, 9985, 10393, 10602, 10894, 10942, 11297, 11635, 11752, 11777, 11778, 12144, 12707, 12955, 13161, 13579, 13719, 13857, 14298, 14477, 14706, 14838, 14996, 15041, 15576, 17197, 18009, 18136, 18288, 18415, 18468, 18786, 18859, 19415, 19514, 19689, 19855, 20357, 20411, 20610, 20745, 20761, 21221, 21339, 21360, 21463, 21515, 22012, 22274, 22336, 23045, 23789, 23847, 24109, 24247, 25029, 25413, 25510, 25860, 26128, 26273, 26284, 26712, 26846, 27133, 27412, 27545, 27709, 27803, 27953, 27993, 28298, 28705, 28812, 29712, 30063, 30334, 30338, 30447, 30549, 30634, 30917, 31275, 31395, 32088, 32232, 32742, 32754, 33169, 33176, 33986, 34304, 34439, 34441, 34633, 35046, 35233, 35303, 35367, 35645, 35723, 35816, 36076, 36083, 36228, 36379, 36423, 36497, 36626, 36759, 36810, 37263, 37514, 38509, 38537, 38713, 38865, 38901, 39183, 39367, 39432, 39658, 39979, 40273, 40513, 40556, 40602, 40605, 41016, 41034, 41143, 41533, 41547, 41781, 42896, 43272, 44039, 44964, 45171, 45534, 45685, 46017, 46034, 46468, 46615, 46669, 46703, 46937, 47813, 48490, 48891, 48914, 49052, 49078, 49122, 49192, 49499, 49580, 50091, 50532, 50601, 50630, 51071, 51320, 51493, 51829, 51920, 51947, 52058, 52091, 52238, 52302, 52309, 52364, 52378, 52382, 52455, 52591, 52904, 53363, 53661, 54610, 55646, 56477, 56639, 56734, 56936, 57165, 57267, 57654, 57852, 57976, 58004, 58050, 58285, 58981, 59377, 59386, 59868, 59930, 60156, 60386, 60587, 60789, 61082, 61237, 61397, 61561, 61705, 61912, 61985, 62293, 62344, 62678, 63030, 63660, 63719, 63815, 63934, 64070, 64188, 64347, 64500, 65147, 65421, 65471]
Iter#219650 New set #3 of size 258 (73216.7 its/hit = 872.333s/hit): seed=14940169077049518780 [121, 178, 222, 241, 246, 417, 511, 632, 836, 1695, 1916, 2544, 2793, 2841, 3106, 3575, 3597, 3750, 3833, 4354, 4954, 5164, 5321, 5598, 6079, 6349, 7138, 7874, 8181, 8352, 8781, 9059, 10127, 10214, 10253, 10606, 10713, 10841, 11001, 11260, 11608, 11885, 12288, 12378, 12426, 13190, 13223, 13883, 13897, 14235, 14465, 14721, 15464, 15916, 15980, 16085, 16601, 16750, 16861, 16960, 17147, 17337, 17364, 17831, 18086, 18467, 19406, 19433, 19465, 19882, 20212, 20403, 20739, 20760, 20960, 21035, 21087, 21248, 21349, 21379, 21459, 21680, 21811, 21867, 21884, 21966, 22063, 22087, 22341, 22774, 22777, 22789, 22850, 22864, 23084, 23277, 23305, 23381, 23812, 23863, 23968, 24757, 24873, 25503, 25668, 25672, 26030, 26315, 26975, 27193, 27396, 28028, 28172, 28174, 28182, 28384, 28975, 28978, 29228, 29237, 29497, 29675, 29961, 30009, 30092, 30365, 30470, 30651, 30694, 30797, 31175, 31188, 31326, 31377, 33143, 33185, 33645, 33908, 34591, 34676, 34707, 34756, 35046, 35127, 35613, 35685, 36468, 36627, 37199, 37361, 37464, 37571, 37899, 38004, 38101, 38191, 38250, 38501, 39097, 39215, 39447, 39783, 39816, 40005, 40423, 40886, 40965, 41027, 41869, 42778, 43229, 43241, 43316, 43455, 43934, 44481, 44549, 44696, 45243, 45319, 45534, 46036, 46667, 46797, 47596, 47610, 47778, 48018, 48124, 48564, 48682, 49134, 49403, 49408, 49636, 49751, 49830, 49951, 49956, 50851, 51163, 51664, 52306, 52858, 53151, 53914, 54385, 54804, 55065, 55747, 55891, 56526, 56702, 56804, 56814, 56969, 56997, 57019, 57504, 57621, 58076, 58592, 58639, 59004, 59197, 59214, 59254, 59263, 59605, 59728, 60048, 60312, 60334, 60524, 60898, 60908, 60963, 61377, 61894, 62119, 62256, 62313, 62461, 62759, 63126, 63134, 63282, 63315, 63366, 63906, 64009, 64035, 64450, 64612, 64739, 65114, 65288, 65476]
Iter#749534 New set #4 of size 258 (187383.5 its/hit = 2233.500s/hit): seed=1623947378443226266 [841, 1098, 1359, 1652, 1835, 2230, 2292, 2676, 3357, 3814, 3827, 4061, 4325, 4333, 4479, 4536, 5080, 5482, 5504, 5548, 5716, 5794, 5820, 6025, 6521, 6772, 6942, 6957, 7521, 7646, 8019, 8115, 8831, 8958, 9120, 9236, 9566, 9899, 9916, 10005, 10394, 10653, 10723, 11228, 11283, 11503, 11797, 11927, 11967, 12537, 12725, 12837, 12862, 12960, 13495, 13610, 13842, 13884, 14085, 14520, 14610, 14752, 14915, 15118, 15150, 15510, 15831, 16374, 16452, 17229, 17330, 17387, 17708, 18544, 18781, 19344, 19431, 20056, 20150, 20266, 20336, 20408, 21157, 21235, 21364, 21681, 21860, 21963, 22171, 22660, 22859, 23177, 23278, 23333, 23478, 23783, 23822, 25675, 26152, 26836, 27683, 27916, 28116, 28644, 28915, 29576, 29794, 29824, 30627, 30912, 31177, 31218, 31323, 31478, 31504, 31581, 31691, 31888, 32792, 32998, 33026, 33071, 33074, 33777, 33958, 34200, 35427, 35790, 35875, 36408, 36791, 36796, 37006, 37291, 37587, 38025, 38243, 38489, 38642, 38664, 38824, 39884, 40021, 40067, 40390, 40660, 40714, 40720, 40783, 40832, 40873, 41119, 41261, 41430, 41563, 41598, 41788, 42054, 42622, 43305, 43657, 44631, 44714, 45014, 45169, 45878, 45881, 45934, 46015, 46144, 46425, 46489, 46701, 46889, 47793, 47795, 47842, 47886, 48159, 48940, 48964, 49050, 49064, 49126, 49164, 49554, 49740, 49955, 49957, 49987, 49991, 50193, 50493, 50666, 51017, 51112, 51291, 51452, 52293, 52390, 52518, 52792, 52850, 53153, 53194, 53373, 53549, 54025, 54298, 54650, 54751, 54947, 55092, 55104, 55167, 55352, 55353, 55468, 55979, 56362, 56541, 57183, 58020, 58370, 58385, 58436, 58572, 58673, 59352, 59469, 59759, 59798, 59875, 59912, 60093, 60107, 60887, 61202, 61577, 61855, 61976, 62161, 62224, 62382, 62421, 62477, 62735, 62944, 63551, 63925, 64109, 64209, 64319, 64463, 64498, 65024, 65121, 65524]
Iter#925961 New set #5 of size 258 (185192.2 its/hit = 2206.800s/hit): seed=4902122416832321070 [227, 382, 496, 653, 719, 812, 1178, 1396, 1927, 2720, 3066, 3250, 3438, 3948, 4097, 4222, 4299, 4952, 5158, 5182, 5208, 5919, 6250, 6321, 6595, 6886, 7336, 7501, 7622, 8139, 8403, 8698, 8747, 8821, 9691, 9964, 10002, 10075, 10080, 10233, 10727, 10826, 10927, 10983, 11666, 12432, 12485, 12530, 12695, 13369, 13411, 13507, 13947, 14380, 14807, 15394, 15634, 15735, 15812, 16328, 16378, 16556, 16768, 16989, 17223, 17259, 17278, 17354, 17566, 17888, 17987, 18943, 19048, 19252, 19333, 19725, 19776, 19876, 20296, 20298, 20330, 20535, 21077, 21669, 22158, 22233, 22464, 22640, 22718, 22766, 22840, 22974, 23303, 23467, 23819, 24108, 24286, 24344, 24369, 24411, 24483, 24548, 24761, 24764, 24964, 25195, 25244, 25308, 25420, 25751, 25821, 26449, 26564, 26613, 26668, 26956, 27417, 27597, 28336, 28545, 28997, 29006, 29013, 29091, 29763, 29894, 30481, 30602, 30959, 31274, 31465, 31531, 31579, 31598, 31719, 31749, 32769, 33065, 33226, 33335, 33425, 33576, 33608, 33671, 33974, 34007, 34179, 35409, 35620, 36152, 36306, 36370, 36639, 36985, 37028, 37122, 37317, 37490, 37786, 38013, 38945, 39493, 39698, 39720, 39764, 40043, 40741, 40810, 41547, 41653, 42095, 42782, 43007, 43017, 43080, 43281, 43403, 43773, 44280, 44383, 44428, 44479, 44532, 45172, 45197, 45374, 45492, 45864, 45943, 46168, 46326, 46418, 46546, 46713, 47145, 47527, 47572, 47702, 48389, 48486, 48811, 49308, 50506, 50669, 50825, 50978, 51027, 51178, 51392, 51437, 51579, 52054, 52064, 52564, 54184, 54508, 55417, 55582, 55792, 56529, 57427, 57434, 57635, 57831, 58276, 58302, 58594, 58818, 59070, 59088, 59210, 59665, 59707, 59846, 59925, 59969, 60452, 60457, 60794, 60860, 62070, 62364, 62482, 62715, 63004, 63010, 63388, 63659, 63674, 63847, 64250, 64289, 64548, 64558, 64636, 64816, 65043, 65240]
Iter#1566625 New set #6 of size 258 (261104.2 its/hit = 3108.833s/hit): seed=646296622556352576 [419, 753, 1180, 1556, 1821, 1993, 2635, 2756, 3104, 3541, 3578, 4075, 4136, 4160, 4546, 4559, 4628, 4871, 5193, 5462, 6341, 6392, 6498, 6523, 6648, 6736, 7583, 7590, 7906, 8115, 8626, 8864, 9126, 9406, 9706, 9988, 10099, 10365, 10431, 10749, 10839, 11057, 11475, 12071, 12217, 12364, 12829, 12909, 13264, 13794, 13943, 14218, 14941, 14946, 14963, 15350, 15386, 15514, 16119, 16877, 16970, 17455, 17654, 18004, 18750, 19481, 19540, 19781, 20097, 20102, 20273, 20671, 21025, 21057, 21136, 21545, 21710, 22167, 22195, 22312, 22316, 22449, 22867, 23257, 23435, 23618, 24069, 24112, 24169, 24597, 24717, 25295, 25352, 25595, 25753, 26240, 26929, 27036, 27050, 27118, 27480, 27933, 28365, 28577, 28964, 29243, 29336, 29512, 29599, 29668, 29755, 29784, 30001, 30077, 30107, 30317, 30330, 30351, 30615, 32162, 32216, 32392, 33050, 33058, 33095, 33552, 33812, 34092, 34343, 34393, 35624, 35658, 35809, 35990, 36311, 36779, 37329, 37389, 37668, 37850, 37905, 38056, 38574, 39079, 39405, 39444, 39997, 40662, 40899, 41125, 41236, 41266, 41365, 41473, 41931, 42016, 42324, 42606, 42625, 43104, 43323, 43504, 43677, 43679, 44343, 44864, 45495, 45612, 45712, 45776, 45795, 45889, 46436, 46719, 46895, 46911, 47062, 47149, 47302, 47434, 47810, 47875, 48318, 48619, 48743, 48840, 48875, 49550, 49611, 49696, 49816, 50090, 50193, 50969, 51343, 52092, 52215, 52474, 52567, 52615, 52647, 52652, 53268, 53561, 54334, 54452, 54495, 55445, 55596, 56240, 56290, 56638, 56666, 56704, 57245, 57312, 57438, 57552, 57676, 57848, 58127, 58305, 58311, 58313, 58414, 58553, 58616, 58767, 58779, 58791, 59190, 59591, 59916, 60116, 60175, 60176, 60221, 60264, 60340, 60479, 61105, 61320, 61799, 62077, 62448, 62551, 62815, 62899, 63027, 63110, 63169, 63437, 63445, 63653, 63827, 64213, 64275, 64284]
Iter#1937419 New set #7 of size 258 (276774.2 its/hit = 3300.715s/hit): seed=11143383208493272892 [175, 1026, 1509, 1778, 1960, 2535, 2590, 2730, 2793, 3042, 3197, 3295, 3321, 3329, 3469, 3697, 3762, 3899, 3947, 4925, 5335, 5378, 5603, 5616, 5906, 6027, 6618, 6789, 7061, 7372, 7561, 7660, 7752, 7916, 8128, 8360, 8511, 8986, 9159, 9520, 9751, 9774, 9861, 9896, 9989, 10117, 10119, 10202, 10533, 10636, 10762, 11622, 11921, 12402, 12473, 12784, 13036, 13283, 13861, 13891, 13908, 14371, 14391, 14488, 14683, 14930, 14940, 15030, 15943, 16086, 16337, 16399, 16477, 17074, 17294, 17352, 17494, 17817, 17846, 17879, 18527, 18706, 19054, 19700, 19726, 19875, 20115, 20207, 20607, 21084, 21380, 21463, 21533, 22018, 22175, 22362, 23106, 23635, 23780, 24000, 24139, 24222, 24575, 25192, 25558, 25585, 26078, 26269, 26347, 26470, 26947, 27168, 27908, 28145, 28235, 28775, 28905, 29017, 29023, 29345, 29774, 30099, 30110, 31453, 31931, 31978, 32111, 32721, 32885, 32901, 32953, 33514, 33537, 33538, 33571, 33685, 33727, 34039, 34193, 34209, 34391, 34441, 34894, 35545, 35930, 36048, 36208, 36477, 37188, 37500, 37726, 37981, 38136, 38405, 38651, 38776, 38795, 38933, 39144, 39282, 39374, 39533, 39621, 39880, 40145, 40367, 40655, 40886, 41079, 41814, 41866, 41934, 41990, 42000, 42231, 42291, 43958, 44520, 44848, 45143, 45362, 45541, 45557, 45950, 45971, 46349, 46738, 46999, 47006, 47221, 47254, 47315, 47844, 47864, 48043, 48173, 48415, 48669, 48756, 48852, 48899, 49468, 49526, 49604, 50269, 50508, 50872, 50972, 51054, 51234, 51652, 53651, 53851, 53890, 53966, 54088, 54125, 54246, 55058, 55072, 55162, 56166, 56338, 56543, 57142, 57187, 57447, 57861, 57957, 57966, 57968, 58255, 58547, 58676, 58710, 58718, 58816, 59412, 59511, 59896, 60760, 60836, 60895, 61198, 61303, 61863, 61887, 62183, 62247, 63080, 63186, 63286, 63800, 63823, 64151, 64846, 65296, 65342]
