[*] Computing DDT
[+] DDT Computed
DDT took 6.245464ms
Iter#1 New set #1 of size 22 (1.0 its/hit = 0.000s/hit): seed=4580505639000552897 [3, 12, 22, 47, 82, 126, 136, 167, 271, 292, 336, 341, 371, 378, 382, 431, 436, 439, 446, 477, 482, 498]
Iter#12 New set #2 of size 22 (6.0 its/hit = 0.000s/hit): seed=12659767363447000363 [17, 29, 35, 36, 117, 165, 166, 199, 233, 248, 268, 282, 285, 297, 341, 354, 393, 430, 469, 485, 500, 509]
Iter#18 New set #1 of size 23 (18.0 its/hit = 0.000s/hit): seed=9094404613739319979 [8, 21, 28, 29, 33, 38, 46, 51, 59, 61, 109, 176, 221, 232, 248, 279, 328, 340, 361, 373, 376, 501, 511]
Iter#19 New set #2 of size 23 (9.5 its/hit = 0.000s/hit): seed=504918410463091055 [6, 40, 48, 72, 73, 97, 136, 142, 151, 223, 280, 286, 307, 326, 400, 405, 406, 413, 437, 467, 468, 483, 508]
Iter#58 New set #1 of size 24 (58.0 its/hit = 0.000s/hit): seed=4891262465969252532 [9, 34, 40, 43, 78, 113, 159, 162, 163, 186, 203, 262, 313, 319, 334, 389, 401, 410, 456, 466, 475, 496, 500, 505]
Iter#72 New set #2 of size 24 (36.0 its/hit = 0.000s/hit): seed=15910661581347244324 [31, 38, 59, 84, 132, 135, 155, 211, 253, 270, 273, 282, 288, 301, 303, 316, 321, 379, 394, 405, 422, 424, 489, 508]
Iter#78 New set #3 of size 24 (26.0 its/hit = 0.000s/hit): seed=4541692070040053563 [48, 78, 98, 126, 154, 170, 176, 181, 189, 212, 223, 225, 228, 232, 258, 268, 292, 366, 421, 425, 432, 433, 460, 467]
Iter#80 New set #1 of size 28 (80.0 its/hit = 0.000s/hit): seed=8288594307695867747 [7, 27, 31, 75, 84, 88, 98, 101, 131, 133, 136, 152, 154, 206, 208, 209, 287, 327, 367, 372, 385, 390, 407, 463, 483, 484, 492, 503]
Iter#232 New set #2 of size 28 (116.0 its/hit = 0.000s/hit): seed=2455115219571814682 [63, 96, 99, 125, 152, 161, 185, 194, 209, 217, 229, 238, 284, 286, 291, 294, 311, 343, 347, 381, 398, 446, 447, 451, 461, 476, 494, 498]
Iter#329 New set #3 of size 28 (109.7 its/hit = 0.000s/hit): seed=7658370277267179655 [25, 54, 64, 98, 103, 126, 148, 155, 173, 184, 246, 248, 268, 269, 275, 276, 314, 316, 339, 350, 362, 371, 407, 417, 424, 427, 458, 491]
Iter#426 New set #4 of size 28 (106.5 its/hit = 0.000s/hit): seed=9372223484657175421 [19, 33, 52, 67, 75, 109, 119, 126, 128, 153, 184, 203, 279, 310, 313, 370, 384, 398, 428, 431, 436, 441, 447, 449, 451, 466, 498, 503]
Iter#506 New set #5 of size 28 (101.2 its/hit = 0.000s/hit): seed=16383510661580249066 [2, 5, 48, 50, 51, 58, 69, 71, 91, 95, 97, 108, 117, 119, 128, 139, 142, 179, 223, 236, 282, 288, 312, 317, 321, 379, 435, 438]
Iter#513 New set #6 of size 28 (85.5 its/hit = 0.000s/hit): seed=12273314507066912018 [1, 15, 19, 27, 28, 82, 88, 89, 133, 138, 150, 153, 175, 176, 180, 226, 287, 331, 333, 336, 384, 385, 431, 472, 473, 484, 509, 511]
Iter#566 New set #7 of size 28 (80.9 its/hit = 0.000s/hit): seed=4457927988199232532 [32, 48, 65, 72, 78, 97, 98, 126, 142, 154, 170, 189, 198, 212, 223, 228, 268, 269, 325, 366, 387, 404, 433, 436, 459, 467, 469, 501]
Iter#597 New set #8 of size 28 (74.6 its/hit = 0.000s/hit): seed=5882093042415538812 [10, 46, 64, 67, 101, 110, 155, 161, 171, 188, 216, 217, 290, 305, 307, 313, 340, 353, 386, 397, 402, 408, 428, 441, 450, 488, 492, 506]
Iter#611 New set #9 of size 28 (67.9 its/hit = 0.000s/hit): seed=6297465394159977331 [8, 19, 51, 61, 75, 117, 118, 125, 221, 232, 238, 251, 256, 281, 298, 317, 331, 360, 374, 379, 384, 403, 423, 431, 452, 466, 474, 503]
Iter#653 New set #10 of size 28 (65.3 its/hit = 0.000s/hit): seed=12171639404329859234 [15, 86, 101, 125, 144, 147, 152, 156, 180, 206, 209, 237, 277, 282, 290, 295, 299, 322, 351, 381, 390, 393, 403, 434, 435, 463, 485, 502]
Iter#1027 New set #20 of size 28 (51.3 its/hit = 0.000s/hit): seed=14805732743007625625 [10, 18, 20, 49, 110, 124, 162, 182, 194, 200, 210, 227, 265, 285, 304, 314, 349, 364, 399, 418, 427, 432, 446, 447, 460, 478, 498, 504]
Iter#1717 New set #30 of size 28 (57.2 its/hit = 0.000s/hit): seed=3980411530871134847 [22, 42, 104, 111, 142, 152, 183, 190, 197, 209, 223, 239, 286, 289, 308, 319, 334, 343, 355, 373, 392, 415, 475, 480, 493, 496, 497, 507]
Iter#2099 New set #40 of size 28 (52.5 its/hit = 0.000s/hit): seed=14134515670245784872 [20, 41, 90, 98, 101, 113, 154, 171, 192, 200, 201, 225, 269, 271, 290, 292, 365, 376, 388, 400, 420, 440, 453, 454, 481, 482, 492, 501]
Iter#2824 New set #50 of size 28 (56.5 its/hit = 0.000s/hit): seed=2525545071363692210 [6, 26, 28, 29, 68, 78, 146, 191, 214, 227, 241, 254, 257, 258, 263, 265, 283, 285, 301, 304, 332, 333, 411, 445, 462, 467, 479, 499]
Iter#3173 New set #60 of size 28 (52.9 its/hit = 0.000s/hit): seed=14875757764608199788 [3, 31, 39, 44, 51, 62, 69, 70, 151, 169, 222, 249, 282, 301, 302, 317, 328, 360, 363, 374, 452, 453, 474, 479, 481, 483, 489, 502]
Iter#3979 New set #70 of size 28 (56.8 its/hit = 0.000s/hit): seed=17501986353541544889 [9, 24, 73, 95, 145, 152, 165, 169, 228, 236, 246, 252, 288, 303, 335, 343, 359, 361, 366, 368, 389, 390, 427, 435, 460, 473, 502, 511]
Iter#4165 New set #80 of size 28 (52.1 its/hit = 0.000s/hit): seed=7753324877128001782 [44, 46, 60, 67, 71, 95, 115, 123, 157, 211, 222, 253, 257, 270, 279, 288, 312, 315, 317, 326, 328, 356, 378, 379, 421, 477, 486, 499]
Iter#4610 New set #90 of size 28 (51.2 its/hit = 0.000s/hit): seed=16126219095963032146 [23, 31, 38, 64, 71, 95, 128, 151, 155, 176, 189, 247, 297, 307, 310, 321, 359, 360, 361, 372, 374, 383, 387, 452, 474, 488, 508, 511]
Iter#5089 New set #100 of size 28 (50.9 its/hit = 0.000s/hit): seed=9895474339622002580 [9, 24, 38, 65, 71, 103, 145, 150, 152, 209, 228, 252, 282, 286, 312, 335, 343, 349, 351, 359, 366, 377, 396, 427, 435, 459, 502, 511]
Iter#10631 New set #200 of size 28 (53.2 its/hit = 0.000s/hit): seed=16647101489506903776 [6, 16, 32, 43, 78, 90, 101, 122, 206, 222, 242, 244, 290, 292, 325, 341, 393, 395, 401, 411, 425, 442, 464, 467, 470, 479, 499, 500]
Iter#15878 New set #300 of size 28 (52.9 its/hit = 0.000s/hit): seed=7859209587203035089 [1, 20, 28, 73, 114, 115, 160, 192, 197, 209, 220, 233, 260, 286, 287, 324, 326, 333, 336, 346, 364, 365, 385, 390, 405, 410, 420, 493]
Iter#21715 New set #400 of size 28 (54.3 its/hit = 0.000s/hit): seed=8468214366594634680 [31, 43, 46, 49, 87, 109, 113, 124, 151, 157, 230, 240, 266, 275, 277, 279, 292, 293, 315, 316, 320, 340, 363, 382, 398, 434, 451, 483]
Iter#26804 New set #500 of size 28 (53.6 its/hit = 0.000s/hit): seed=2640159547376581324 [45, 48, 76, 79, 97, 101, 130, 138, 143, 175, 190, 191, 206, 227, 239, 241, 261, 285, 327, 338, 352, 375, 399, 419, 456, 490, 492, 504]
Iter#31598 New set #600 of size 28 (52.7 its/hit = 0.000s/hit): seed=5742660096948432833 [12, 74, 77, 124, 150, 154, 156, 176, 181, 204, 214, 248, 258, 276, 280, 291, 295, 335, 347, 361, 386, 398, 407, 439, 447, 491, 501, 506]
Iter#36956 New set #700 of size 28 (52.8 its/hit = 0.000s/hit): seed=12131513860627870070 [23, 41, 44, 62, 63, 92, 134, 155, 170, 199, 204, 214, 219, 229, 233, 242, 257, 258, 280, 302, 318, 324, 387, 388, 424, 471, 479, 488]
Iter#42585 New set #800 of size 28 (53.2 its/hit = 0.000s/hit): seed=3787754899634114352 [9, 18, 60, 114, 142, 183, 190, 223, 227, 239, 252, 253, 274, 278, 283, 346, 354, 356, 358, 368, 389, 397, 408, 415, 421, 428, 441, 490]
Iter#47360 New set #900 of size 28 (52.6 its/hit = 0.000s/hit): seed=9162575862023098106 [22, 40, 43, 53, 60, 61, 90, 111, 213, 221, 225, 253, 268, 292, 335, 341, 345, 356, 361, 370, 392, 400, 421, 436, 458, 473, 497, 511]
Iter#52932 New set #1000 of size 28 (52.9 its/hit = 0.000s/hit): seed=4857530235759414744 [14, 27, 35, 65, 101, 126, 133, 135, 165, 166, 171, 198, 262, 268, 273, 287, 303, 327, 385, 393, 426, 430, 436, 437, 442, 448, 459, 464]
Iter#101612 New set #2000 of size 28 (50.8 its/hit = 0.001s/hit): seed=2263659374631195479 [4, 41, 86, 89, 112, 119, 135, 149, 164, 174, 222, 226, 233, 237, 242, 247, 273, 274, 306, 310, 324, 358, 388, 438, 475, 479, 480, 499]
Iter#149938 New set #3000 of size 28 (50.0 its/hit = 0.000s/hit): seed=12403090598630630250 [22, 50, 55, 72, 78, 91, 94, 121, 130, 141, 181, 204, 205, 214, 251, 255, 258, 261, 276, 280, 298, 330, 348, 350, 392, 467, 469, 487]
Iter#199155 New set #4000 of size 28 (49.8 its/hit = 0.001s/hit): seed=16595703616550225705 [6, 22, 26, 72, 91, 94, 105, 108, 111, 118, 141, 214, 258, 261, 276, 330, 348, 350, 391, 392, 413, 417, 423, 456, 462, 467, 491, 497]
Iter#250272 New set #5000 of size 28 (50.1 its/hit = 0.000s/hit): seed=1737098237737192976 [1, 13, 26, 27, 28, 77, 102, 103, 124, 125, 129, 147, 158, 204, 234, 246, 256, 260, 280, 333, 336, 349, 385, 451, 460, 462, 494, 498]
Iter#302589 New set #6000 of size 28 (50.4 its/hit = 0.000s/hit): seed=2383289034531206191 [14, 19, 28, 29, 40, 75, 92, 99, 168, 199, 201, 212, 218, 229, 244, 249, 262, 272, 302, 325, 332, 333, 345, 357, 416, 440, 444, 484]
Iter#353550 New set #7000 of size 28 (50.5 its/hit = 0.000s/hit): seed=15010267142520989219 [8, 10, 53, 100, 131, 132, 182, 208, 215, 216, 221, 224, 263, 267, 289, 297, 318, 323, 329, 355, 387, 392, 404, 414, 445, 487, 497, 505]
Iter#402826 New set #8000 of size 28 (50.4 its/hit = 0.001s/hit): seed=7519968571040125858 [38, 87, 103, 126, 145, 171, 176, 198, 204, 206, 214, 240, 258, 277, 280, 284, 314, 335, 370, 380, 393, 434, 446, 458, 460, 473, 478, 492]
Iter#453386 New set #9000 of size 28 (50.4 its/hit = 0.000s/hit): seed=15814415269003833265 [24, 41, 43, 49, 66, 77, 90, 95, 102, 104, 107, 115, 129, 140, 211, 233, 267, 271, 288, 289, 326, 359, 365, 382, 398, 429, 486, 498]
Iter#502446 New set #10000 of size 28 (50.2 its/hit = 0.000s/hit): seed=1510157164772541501 [56, 58, 68, 85, 123, 126, 177, 179, 198, 202, 230, 254, 259, 263, 268, 315, 338, 375, 412, 422, 436, 445, 453, 454, 472, 481, 482, 509]
Iter#1005899 New set #20000 of size 28 (50.3 its/hit = 0.000s/hit): seed=8620733713504245333 [12, 22, 23, 121, 135, 144, 160, 164, 170, 172, 178, 211, 273, 295, 305, 306, 318, 353, 360, 374, 387, 402, 405, 414, 443, 450, 486, 497]
Iter#1505782 New set #30000 of size 28 (50.2 its/hit = 0.001s/hit): seed=3932233647194003772 [10, 57, 76, 100, 143, 148, 162, 166, 168, 182, 194, 216, 261, 262, 264, 305, 330, 352, 353, 362, 391, 402, 419, 446, 450, 455, 456, 478]
Iter#2003004 New set #40000 of size 28 (50.1 its/hit = 0.001s/hit): seed=3256712843866506937 [17, 34, 41, 87, 93, 126, 154, 167, 184, 233, 248, 250, 268, 277, 285, 304, 311, 365, 395, 399, 407, 418, 429, 458, 476, 485, 500, 501]
Iter#2484594 New set #50000 of size 28 (49.7 its/hit = 0.001s/hit): seed=14033853315948213203 [21, 52, 64, 87, 129, 140, 167, 181, 219, 231, 234, 255, 263, 276, 286, 307, 322, 323, 343, 350, 390, 408, 424, 434, 441, 445, 463, 505]
Iter#2979297 New set #60000 of size 28 (49.7 its/hit = 0.001s/hit): seed=8904573864625849821 [4, 19, 23, 26, 88, 112, 166, 167, 168, 189, 214, 240, 258, 262, 264, 273, 274, 277, 306, 318, 322, 358, 404, 406, 431, 437, 462, 484]
Iter#3487725 New set #70000 of size 28 (49.8 its/hit = 0.001s/hit): seed=3707325648415989894 [4, 10, 36, 39, 46, 67, 100, 112, 188, 204, 210, 214, 258, 266, 274, 275, 279, 280, 293, 310, 316, 321, 358, 378, 438, 449, 453, 454]
Iter#3997975 New set #80000 of size 28 (50.0 its/hit = 0.001s/hit): seed=6583728675920027500 [49, 63, 74, 77, 99, 123, 133, 138, 158, 175, 181, 185, 212, 229, 230, 244, 260, 276, 287, 315, 338, 375, 398, 401, 422, 433, 491, 498]
Iter#4500893 New set #90000 of size 28 (50.0 its/hit = 0.001s/hit): seed=16355526821910567613 [19, 22, 36, 39, 67, 74, 75, 80, 109, 111, 163, 181, 277, 305, 322, 340, 350, 378, 392, 417, 431, 434, 450, 481, 482, 485, 497, 503]
Iter#5000090 New set #100000 of size 28 (50.0 its/hit = 0.001s/hit): seed=8641314836438614935 [11, 24, 33, 52, 57, 71, 76, 87, 148, 195, 196, 240, 269, 277, 300, 308, 312, 339, 359, 367, 407, 419, 428, 434, 441, 501, 507, 510]
Iter#10006988 New set #200000 of size 28 (50.0 its/hit = 0.001s/hit): seed=12128411187358571510 [21, 52, 64, 87, 129, 140, 167, 181, 219, 231, 234, 255, 263, 276, 286, 307, 322, 323, 343, 350, 390, 408, 424, 434, 441, 445, 463, 505]
Iter#15017631 New set #300000 of size 28 (50.1 its/hit = 0.001s/hit): seed=88759646037496640 [3, 36, 45, 59, 64, 123, 149, 150, 155, 157, 176, 191, 304, 307, 320, 344, 356, 373, 409, 418, 421, 422, 453, 473, 475, 482, 488, 511]
Iter#20038493 New set #400000 of size 28 (50.1 its/hit = 0.001s/hit): seed=1616609590735306693 [7, 8, 53, 81, 84, 97, 132, 213, 215, 223, 232, 239, 295, 299, 300, 352, 360, 374, 398, 419, 439, 443, 447, 451, 452, 474, 495, 498]
Iter#25042369 New set #500000 of size 28 (50.1 its/hit = 0.001s/hit): seed=806623120288674096 [16, 47, 54, 85, 102, 107, 122, 123, 157, 172, 178, 200, 202, 220, 231, 234, 259, 266, 275, 320, 360, 364, 374, 376, 412, 422, 426, 448]
Iter#30044011 New set #600000 of size 28 (50.1 its/hit = 0.001s/hit): seed=5798198053431116169 [12, 75, 88, 114, 118, 126, 141, 144, 157, 197, 198, 230, 298, 299, 300, 346, 352, 370, 419, 422, 431, 439, 444, 458, 465, 477, 493, 495]
Iter#35045107 New set #700000 of size 28 (50.1 its/hit = 0.001s/hit): seed=12994108442098499461 [7, 12, 20, 37, 83, 118, 132, 138, 141, 144, 208, 220, 270, 299, 314, 317, 328, 348, 349, 375, 376, 379, 423, 427, 432, 439, 460, 472]
Iter#40071569 New set #800000 of size 28 (50.1 its/hit = 0.001s/hit): seed=8373773167627818858 [15, 32, 68, 75, 86, 88, 144, 155, 156, 159, 186, 187, 202, 212, 219, 226, 263, 295, 299, 307, 357, 371, 401, 412, 431, 444, 457, 505]
Iter#45067113 New set #900000 of size 28 (50.1 its/hit = 0.001s/hit): seed=8966114055547845065 [5, 9, 10, 55, 62, 81, 91, 97, 100, 105, 152, 157, 182, 209, 216, 223, 230, 239, 249, 252, 272, 377, 390, 396, 422, 463, 471, 477]
Iter#50067858 New set #1000000 of size 28 (50.1 its/hit = 0.001s/hit): seed=853854216318434553 [23, 34, 43, 48, 60, 74, 93, 97, 113, 118, 141, 142, 189, 223, 253, 255, 276, 292, 297, 344, 348, 382, 387, 409, 417, 423, 425, 470]
Iter#100131426 New set #2000000 of size 28 (50.1 its/hit = 0.001s/hit): seed=1501465132286237500 [18, 69, 70, 87, 114, 117, 133, 158, 183, 236, 240, 241, 260, 265, 269, 282, 287, 322, 328, 346, 367, 379, 407, 415, 435, 485, 490, 501]
Iter#150193451 New set #3000000 of size 28 (50.1 its/hit = 0.001s/hit): seed=6698423997792951474 [3, 12, 19, 21, 31, 39, 43, 52, 56, 58, 75, 113, 136, 137, 139, 156, 292, 295, 363, 382, 397, 428, 431, 439, 454, 482, 503, 508]
Iter#200395117 New set #4000000 of size 28 (50.1 its/hit = 0.001s/hit): seed=10051934452308695630 [41, 49, 50, 55, 68, 77, 91, 94, 106, 118, 119, 122, 141, 186, 192, 247, 263, 310, 348, 365, 388, 398, 423, 438, 448, 464, 498, 505]
Iter#250516618 New set #5000000 of size 28 (50.1 its/hit = 0.001s/hit): seed=995521050068050464 [6, 23, 72, 98, 142, 184, 189, 190, 198, 223, 239, 248, 268, 269, 297, 303, 325, 357, 366, 370, 387, 394, 401, 407, 413, 433, 459, 467]
Iter#300687119 New set #6000000 of size 28 (50.1 its/hit = 0.001s/hit): seed=14482325468434603357 [42, 71, 95, 104, 129, 140, 160, 192, 211, 231, 233, 234, 271, 289, 292, 341, 355, 359, 382, 383, 388, 398, 405, 429, 447, 451, 486, 498]
