[*] Computing DDT
[+] DDT Computed
DDT took 6.387898ms
Iter#1 New set #1 of size 22 (1.0 its/hit = 0.000s/hit): seed=1699388987549668887 [16, 24, 26, 37, 41, 49, 66, 90, 107, 115, 167, 183, 274, 275, 360, 362, 363, 366, 431, 444, 448, 498]
Iter#18 New set #1 of size 28 (18.0 its/hit = 0.000s/hit): seed=792954452511927163 [1, 28, 32, 62, 63, 92, 134, 166, 168, 229, 244, 249, 272, 325, 332, 337, 345, 369, 400, 401, 416, 430, 431, 440, 444, 471, 484, 503]
Iter#20 New set #2 of size 28 (10.0 its/hit = 0.000s/hit): seed=17273236217180527179 [9, 20, 85, 98, 159, 169, 193, 200, 236, 248, 252, 253, 269, 282, 342, 344, 351, 356, 368, 376, 389, 392, 407, 412, 414, 420, 487, 497]
Iter#46 New set #3 of size 28 (15.3 its/hit = 0.000s/hit): seed=15753075676210367556 [2, 7, 56, 82, 83, 85, 102, 107, 129, 131, 139, 140, 153, 161, 177, 202, 215, 217, 222, 242, 257, 259, 301, 331, 384, 386, 412, 506]
Iter#84 New set #4 of size 28 (21.0 its/hit = 0.000s/hit): seed=9954912750782942082 [32, 35, 42, 66, 82, 114, 135, 153, 186, 197, 212, 254, 263, 267, 273, 296, 305, 323, 325, 331, 353, 355, 384, 402, 415, 433, 437, 450]
Iter#109 New set #5 of size 28 (21.8 its/hit = 0.000s/hit): seed=9777233034108986212 [36, 39, 41, 98, 171, 200, 201, 206, 220, 225, 233, 248, 269, 271, 292, 341, 345, 365, 369, 382, 393, 407, 420, 429, 432, 453, 454, 492]
Iter#116 New set #6 of size 28 (19.3 its/hit = 0.000s/hit): seed=6745665799265927430 [6, 19, 34, 40, 46, 75, 78, 79, 93, 109, 130, 201, 260, 279, 287, 330, 340, 345, 385, 391, 410, 413, 425, 431, 440, 469, 470, 503]
Iter#148 New set #7 of size 28 (21.1 its/hit = 0.000s/hit): seed=1114247769006354526 [4, 9, 98, 112, 115, 119, 128, 137, 139, 143, 177, 179, 195, 211, 248, 252, 274, 310, 326, 358, 367, 368, 389, 419, 449, 486, 495, 501]
Iter#149 New set #8 of size 28 (18.6 its/hit = 0.000s/hit): seed=15468536338000019929 [38, 44, 92, 99, 134, 149, 160, 174, 176, 185, 211, 242, 301, 309, 326, 334, 339, 361, 362, 373, 411, 413, 455, 467, 469, 499, 510, 511]
Iter#225 New set #9 of size 28 (25.0 its/hit = 0.000s/hit): seed=14339483218674285196 [22, 34, 40, 49, 70, 77, 93, 111, 117, 119, 225, 247, 276, 310, 328, 345, 350, 379, 400, 414, 417, 425, 438, 447, 451, 470, 487, 491]
Iter#266 New set #10 of size 28 (26.6 its/hit = 0.000s/hit): seed=18219471408869027590 [10, 36, 39, 46, 47, 54, 67, 100, 128, 182, 216, 247, 258, 274, 278, 280, 293, 310, 313, 316, 321, 340, 354, 358, 462, 468, 481, 482]
Iter#996 New set #20 of size 28 (49.8 its/hit = 0.000s/hit): seed=10192766642444863464 [6, 44, 57, 63, 78, 92, 148, 149, 174, 185, 218, 242, 257, 309, 326, 335, 361, 362, 405, 411, 455, 467, 473, 475, 479, 480, 486, 511]
Iter#1294 New set #30 of size 28 (43.1 its/hit = 0.000s/hit): seed=17946558599569959892 [3, 7, 16, 36, 72, 78, 79, 84, 87, 106, 131, 167, 192, 205, 208, 233, 261, 277, 388, 391, 426, 429, 453, 464, 467, 469, 482, 485]
Iter#1651 New set #40 of size 28 (41.3 its/hit = 0.000s/hit): seed=8289353098638685839 [2, 20, 34, 56, 57, 59, 93, 101, 137, 149, 167, 171, 173, 179, 200, 240, 327, 334, 339, 364, 393, 395, 432, 434, 455, 480, 485, 500]
Iter#1927 New set #50 of size 28 (38.5 its/hit = 0.000s/hit): seed=9276014021417430355 [6, 26, 50, 55, 78, 105, 108, 111, 118, 121, 130, 181, 204, 205, 251, 255, 280, 298, 391, 413, 417, 423, 456, 462, 469, 487, 491, 497]
Iter#2415 New set #60 of size 28 (40.2 its/hit = 0.000s/hit): seed=17240004874321744354 [7, 11, 51, 83, 117, 126, 132, 143, 184, 195, 196, 208, 227, 235, 241, 250, 265, 268, 270, 283, 319, 328, 419, 458, 461, 476, 495, 496]
Iter#2998 New set #70 of size 28 (42.8 its/hit = 0.000s/hit): seed=11599828966163819783 [73, 85, 93, 127, 130, 136, 151, 152, 193, 202, 205, 253, 259, 261, 286, 305, 330, 344, 353, 356, 395, 402, 412, 425, 450, 463, 483, 508]
Iter#3689 New set #80 of size 28 (46.1 its/hit = 0.000s/hit): seed=5130240214505181696 [22, 81, 97, 111, 142, 149, 152, 174, 190, 196, 207, 209, 267, 289, 296, 329, 334, 346, 355, 373, 390, 414, 415, 463, 487, 493, 496, 507]
Iter#4598 New set #90 of size 28 (51.1 its/hit = 0.000s/hit): seed=16579764346640146327 [1, 6, 18, 26, 28, 44, 45, 78, 191, 204, 222, 241, 257, 258, 263, 283, 285, 323, 332, 337, 399, 413, 445, 468, 469, 499, 504, 505]
Iter#5267 New set #100 of size 28 (52.7 its/hit = 0.000s/hit): seed=4608249631417933352 [1, 15, 19, 28, 37, 38, 88, 89, 133, 138, 150, 153, 158, 187, 203, 237, 332, 337, 361, 375, 384, 385, 410, 444, 466, 472, 473, 503]
Iter#10204 New set #200 of size 28 (51.0 its/hit = 0.000s/hit): seed=17871336524128360941 [5, 6, 9, 17, 35, 50, 75, 78, 88, 94, 96, 105, 162, 164, 250, 252, 306, 311, 377, 380, 396, 413, 431, 437, 444, 446, 469, 476]
Iter#15455 New set #300 of size 28 (51.5 its/hit = 0.000s/hit): seed=3503543183344767701 [11, 21, 30, 33, 35, 103, 135, 145, 166, 168, 178, 207, 273, 284, 319, 349, 374, 380, 397, 416, 427, 430, 437, 441, 446, 474, 478, 507]
Iter#20323 New set #400 of size 28 (50.8 its/hit = 0.000s/hit): seed=747332126801919056 [9, 16, 44, 76, 80, 86, 89, 122, 143, 161, 163, 217, 226, 237, 242, 245, 301, 352, 353, 368, 386, 396, 402, 419, 426, 448, 499, 506]
Iter#26073 New set #500 of size 28 (52.1 its/hit = 0.000s/hit): seed=10051748238877290439 [15, 23, 25, 54, 57, 72, 78, 89, 170, 173, 180, 226, 266, 285, 293, 297, 304, 324, 339, 365, 388, 399, 404, 411, 413, 418, 429, 455]
Iter#31570 New set #600 of size 28 (52.6 its/hit = 0.000s/hit): seed=3667168036514131752 [3, 16, 17, 22, 36, 45, 53, 61, 121, 122, 145, 146, 224, 232, 235, 246, 294, 304, 399, 414, 427, 442, 454, 460, 464, 476, 481, 497]
Iter#36550 New set #700 of size 28 (52.2 its/hit = 0.000s/hit): seed=17766169131197549854 [2, 13, 58, 102, 129, 131, 132, 137, 177, 208, 215, 234, 257, 259, 281, 291, 301, 331, 342, 347, 384, 386, 412, 457, 466, 479, 499, 506]
Iter#40859 New set #800 of size 28 (51.1 its/hit = 0.000s/hit): seed=1101256587381511311 [67, 69, 109, 115, 130, 138, 160, 175, 199, 205, 236, 249, 261, 279, 282, 313, 326, 330, 338, 375, 405, 426, 435, 442, 448, 464, 471, 489]
Iter#46244 New set #900 of size 28 (51.4 its/hit = 0.000s/hit): seed=4110838872364014100 [20, 56, 58, 93, 101, 127, 148, 149, 167, 173, 174, 177, 179, 200, 206, 240, 277, 322, 327, 339, 362, 376, 420, 470, 475, 480, 492, 500]
Iter#51468 New set #1000 of size 28 (51.5 its/hit = 0.000s/hit): seed=17487226955427598194 [15, 87, 89, 125, 144, 147, 156, 169, 187, 236, 237, 240, 256, 277, 282, 286, 290, 327, 343, 351, 390, 393, 434, 439, 443, 463, 492, 494]
Iter#101219 New set #2000 of size 28 (50.6 its/hit = 0.001s/hit): seed=3972650889077294849 [18, 24, 95, 111, 119, 121, 133, 134, 158, 185, 192, 218, 229, 233, 241, 247, 283, 312, 321, 324, 365, 383, 385, 392, 410, 414, 449, 504]
Iter#150053 New set #3000 of size 28 (50.0 its/hit = 0.000s/hit): seed=16166800994221985352 [7, 25, 30, 54, 60, 69, 83, 115, 128, 132, 178, 193, 208, 211, 236, 247, 266, 293, 310, 321, 326, 344, 351, 374, 421, 474, 486, 502]
Iter#201673 New set #4000 of size 28 (50.4 its/hit = 0.001s/hit): seed=2295560124824332080 [16, 17, 35, 38, 69, 102, 107, 122, 135, 150, 193, 231, 234, 236, 250, 253, 273, 311, 335, 351, 409, 421, 437, 442, 464, 476, 502, 511]
Iter#248851 New set #5000 of size 28 (49.8 its/hit = 0.001s/hit): seed=10640393470551945997 [21, 27, 33, 44, 57, 69, 100, 110, 133, 144, 156, 169, 173, 182, 188, 242, 257, 260, 282, 362, 408, 410, 428, 439, 443, 479, 502, 510]
Iter#297505 New set #6000 of size 28 (49.6 its/hit = 0.001s/hit): seed=1423643249013813473 [13, 33, 52, 64, 68, 73, 74, 107, 129, 155, 167, 181, 186, 209, 231, 240, 263, 286, 307, 350, 390, 417, 428, 434, 441, 485, 488, 505]
Iter#347086 New set #7000 of size 28 (49.6 its/hit = 0.001s/hit): seed=4170558687138108560 [41, 49, 50, 55, 68, 77, 91, 94, 106, 118, 119, 122, 141, 186, 192, 247, 263, 310, 348, 365, 388, 398, 423, 438, 448, 464, 498, 505]
Iter#397439 New set #8000 of size 28 (49.7 its/hit = 0.001s/hit): seed=2635199730316794490 [32, 66, 80, 82, 104, 114, 135, 163, 164, 197, 203, 244, 263, 273, 281, 305, 306, 323, 325, 329, 346, 355, 384, 401, 445, 450, 493, 505]
Iter#448673 New set #9000 of size 28 (49.9 its/hit = 0.001s/hit): seed=6875550780507436034 [8, 10, 27, 53, 70, 110, 115, 117, 158, 160, 171, 180, 187, 188, 206, 213, 216, 226, 232, 237, 260, 270, 309, 317, 385, 393, 486, 492]
Iter#497501 New set #10000 of size 28 (49.8 its/hit = 0.001s/hit): seed=6855766388330833495 [3, 30, 39, 69, 70, 117, 178, 199, 222, 236, 242, 249, 257, 270, 272, 282, 301, 302, 317, 360, 363, 372, 435, 452, 454, 482, 483, 508]
Iter#1001814 New set #20000 of size 28 (50.1 its/hit = 0.001s/hit): seed=15586932730735414727 [4, 5, 50, 90, 94, 105, 113, 116, 130, 135, 145, 163, 164, 205, 243, 246, 271, 278, 292, 358, 391, 402, 406, 427, 437, 450, 456, 460]
Iter#1497811 New set #30000 of size 28 (49.9 its/hit = 0.001s/hit): seed=14706821366792202035 [67, 109, 112, 116, 148, 157, 165, 173, 192, 228, 230, 233, 267, 279, 289, 313, 329, 354, 355, 358, 388, 394, 422, 429, 455, 459, 477, 510]
Iter#2005609 New set #40000 of size 28 (50.1 its/hit = 0.001s/hit): seed=4951181741275403963 [3, 8, 17, 36, 53, 103, 106, 111, 121, 122, 145, 146, 191, 213, 232, 235, 311, 349, 392, 399, 414, 418, 426, 427, 442, 453, 461, 482]
Iter#2502014 New set #50000 of size 28 (50.0 its/hit = 0.001s/hit): seed=3647089435985403057 [24, 51, 56, 58, 70, 81, 91, 94, 95, 97, 105, 108, 128, 169, 177, 179, 223, 236, 239, 247, 270, 282, 288, 310, 321, 351, 359, 379]
Iter#2999861 New set #60000 of size 28 (50.0 its/hit = 0.001s/hit): seed=11295752820810462047 [15, 19, 64, 68, 75, 86, 144, 156, 159, 180, 202, 212, 219, 237, 244, 254, 259, 307, 323, 325, 342, 357, 424, 431, 439, 443, 503, 505]
Iter#3499442 New set #70000 of size 28 (50.0 its/hit = 0.001s/hit): seed=10802662399100878317 [30, 31, 44, 51, 62, 117, 151, 169, 178, 199, 236, 242, 257, 270, 272, 328, 372, 374, 435, 453, 454, 474, 479, 481, 482, 489, 502, 508]
Iter#4008345 New set #80000 of size 28 (50.1 its/hit = 0.001s/hit): seed=16603254928423458621 [5, 14, 50, 60, 91, 108, 120, 125, 138, 147, 157, 161, 166, 175, 230, 253, 256, 264, 347, 356, 386, 416, 421, 422, 472, 477, 494, 509]
Iter#4520454 New set #90000 of size 28 (50.2 its/hit = 0.001s/hit): seed=6454669207456884207 [6, 13, 49, 60, 62, 72, 75, 77, 88, 102, 138, 140, 175, 193, 199, 231, 272, 344, 411, 421, 447, 451, 469, 472, 484, 489, 503, 509]
Iter#5023606 New set #100000 of size 28 (50.2 its/hit = 0.001s/hit): seed=1032140584268946135 [4, 40, 85, 114, 116, 118, 149, 159, 174, 183, 225, 251, 259, 263, 278, 296, 323, 334, 348, 358, 369, 373, 440, 445, 457, 465, 493, 505]
Iter#10055723 New set #200000 of size 28 (50.3 its/hit = 0.001s/hit): seed=1844550565364902054 [1, 29, 96, 123, 128, 136, 151, 157, 162, 163, 243, 247, 305, 310, 320, 321, 333, 337, 353, 380, 422, 446, 453, 454, 481, 482, 483, 508]
Iter#15062325 New set #300000 of size 28 (50.2 its/hit = 0.001s/hit): seed=9291493337879176073 [6, 26, 50, 55, 78, 105, 108, 111, 118, 121, 130, 181, 204, 205, 251, 255, 280, 298, 391, 413, 417, 423, 456, 462, 469, 487, 491, 497]
