[*] Computing DDT
[+] DDT Computed
DDT took 6.311605ms
Iter#1 New set #1 of size 20 (1.0 its/hit = 0.000s/hit): seed=8987521210990829816 [6, 67, 90, 109, 126, 161, 168, 223, 261, 314, 331, 346, 379, 420, 449, 465, 466, 474, 493, 503]
Iter#2 New set #1 of size 21 (2.0 its/hit = 0.000s/hit): seed=9850097322791772959 [39, 52, 90, 99, 102, 136, 153, 172, 190, 211, 215, 224, 266, 301, 365, 403, 412, 413, 436, 448, 495]
Iter#4 New set #2 of size 21 (2.0 its/hit = 0.000s/hit): seed=18380548614312705109 [16, 40, 105, 110, 126, 156, 174, 225, 252, 259, 268, 295, 310, 311, 320, 329, 345, 362, 400, 408, 457]
Iter#5 New set #3 of size 21 (1.7 its/hit = 0.000s/hit): seed=7928524866061897304 [4, 26, 53, 138, 149, 150, 191, 192, 207, 249, 262, 304, 307, 321, 363, 396, 441, 470, 489, 492, 494]
Iter#6 New set #1 of size 22 (6.0 its/hit = 0.000s/hit): seed=12715255808936798217 [2, 11, 14, 20, 21, 30, 162, 172, 181, 196, 285, 308, 314, 406, 408, 416, 427, 429, 437, 446, 471, 507]
Iter#14 New set #2 of size 22 (7.0 its/hit = 0.000s/hit): seed=4717046220144751196 [17, 25, 35, 95, 107, 108, 115, 117, 133, 139, 150, 166, 172, 201, 223, 236, 268, 275, 303, 370, 393, 426]
Iter#16 New set #3 of size 22 (5.3 its/hit = 0.000s/hit): seed=4885971356508329443 [68, 83, 110, 121, 126, 159, 196, 201, 239, 241, 256, 274, 329, 345, 348, 366, 403, 412, 415, 422, 490, 497]
Iter#36 New set #4 of size 22 (9.0 its/hit = 0.000s/hit): seed=1010069950999358205 [8, 12, 16, 101, 112, 126, 143, 186, 202, 207, 208, 286, 297, 298, 318, 346, 400, 444, 459, 464, 480, 497]
Iter#37 New set #1 of size 28 (37.0 its/hit = 0.000s/hit): seed=1060311061805872862 [10, 16, 40, 42, 66, 106, 110, 126, 144, 156, 182, 184, 210, 225, 235, 250, 268, 289, 294, 295, 299, 311, 329, 345, 400, 442, 448, 458]
Iter#91 New set #2 of size 28 (45.5 its/hit = 0.000s/hit): seed=4744695371576112287 [1, 4, 22, 25, 29, 47, 57, 116, 120, 121, 173, 217, 274, 275, 293, 333, 337, 347, 354, 362, 363, 372, 392, 483, 487, 506, 508, 510]
Iter#195 New set #3 of size 28 (65.0 its/hit = 0.000s/hit): seed=3012363142645116683 [44, 98, 102, 107, 129, 140, 147, 148, 173, 238, 242, 248, 257, 263, 305, 323, 339, 353, 362, 367, 402, 403, 445, 450, 479, 494, 501, 505]
Iter#229 New set #4 of size 28 (57.2 its/hit = 0.000s/hit): seed=16946881732720902192 [19, 57, 88, 100, 110, 119, 128, 148, 210, 216, 235, 250, 271, 292, 294, 310, 311, 315, 320, 339, 341, 382, 422, 431, 449, 477, 484, 510]
Iter#249 New set #5 of size 28 (49.8 its/hit = 0.000s/hit): seed=12291354433953414612 [11, 82, 90, 113, 149, 174, 186, 203, 207, 245, 252, 254, 263, 281, 319, 323, 334, 341, 373, 382, 384, 389, 395, 396, 425, 470, 500, 507]
Iter#262 New set #6 of size 28 (43.7 its/hit = 0.000s/hit): seed=428775410941514670 [2, 21, 23, 52, 58, 115, 137, 160, 162, 177, 181, 183, 189, 194, 197, 255, 284, 296, 297, 326, 346, 380, 387, 405, 408, 417, 441, 491]
Iter#286 New set #7 of size 28 (40.9 its/hit = 0.000s/hit): seed=11676935958724969975 [12, 37, 51, 70, 83, 84, 103, 118, 145, 156, 175, 200, 208, 215, 220, 251, 270, 298, 299, 349, 364, 375, 376, 379, 423, 427, 443, 509]
Iter#316 New set #8 of size 28 (39.5 its/hit = 0.000s/hit): seed=11287884212738694145 [7, 63, 83, 99, 131, 134, 213, 215, 218, 221, 224, 232, 261, 281, 296, 314, 330, 331, 346, 349, 384, 391, 415, 427, 456, 460, 466, 493]
Iter#379 New set #9 of size 28 (42.1 its/hit = 0.000s/hit): seed=7012024745983575989 [3, 7, 16, 36, 72, 78, 79, 84, 87, 106, 131, 167, 192, 205, 208, 233, 261, 277, 388, 391, 426, 429, 453, 464, 467, 469, 482, 485]
Iter#389 New set #10 of size 28 (38.9 its/hit = 0.000s/hit): seed=8245762186098852830 [28, 29, 41, 66, 70, 101, 104, 111, 117, 121, 171, 233, 267, 270, 289, 290, 317, 324, 332, 333, 344, 356, 388, 409, 421, 487, 492, 497]
Iter#759 New set #20 of size 28 (38.0 its/hit = 0.000s/hit): seed=10510055860004374258 [10, 51, 53, 61, 70, 86, 89, 100, 101, 115, 133, 158, 171, 182, 211, 216, 224, 226, 232, 237, 260, 270, 287, 290, 326, 379, 486, 492]
Iter#1026 New set #30 of size 28 (34.2 its/hit = 0.000s/hit): seed=13408048225609028694 [47, 54, 74, 76, 135, 137, 139, 164, 177, 179, 195, 255, 293, 316, 335, 350, 352, 360, 361, 374, 406, 437, 452, 473, 474, 491, 495, 511]
Iter#1472 New set #40 of size 28 (36.8 its/hit = 0.000s/hit): seed=15180168275007482323 [18, 69, 70, 87, 114, 117, 133, 158, 183, 236, 240, 241, 260, 265, 269, 282, 287, 322, 328, 346, 367, 379, 407, 415, 435, 485, 490, 501]
Iter#2117 New set #50 of size 28 (42.3 its/hit = 0.000s/hit): seed=15571895459859498368 [67, 69, 109, 115, 130, 138, 160, 175, 199, 205, 236, 249, 261, 279, 282, 313, 326, 330, 338, 375, 405, 426, 435, 442, 448, 464, 471, 489]
Iter#2476 New set #60 of size 28 (41.3 its/hit = 0.000s/hit): seed=5493694600422779901 [12, 30, 82, 91, 94, 105, 108, 114, 144, 172, 197, 203, 271, 279, 292, 295, 296, 313, 331, 340, 341, 374, 378, 382, 415, 443, 452, 466]
Iter#2854 New set #70 of size 28 (40.8 its/hit = 0.000s/hit): seed=13809654709177460357 [22, 25, 32, 37, 54, 73, 80, 121, 138, 209, 243, 244, 275, 310, 316, 321, 325, 343, 353, 375, 392, 401, 438, 449, 450, 463, 472, 487]
Iter#3324 New set #80 of size 28 (41.5 its/hit = 0.000s/hit): seed=15949689021590333913 [40, 59, 112, 116, 149, 159, 183, 186, 197, 202, 225, 254, 296, 298, 334, 345, 346, 348, 354, 358, 400, 412, 423, 445, 457, 465, 480, 505]
Iter#3697 New set #90 of size 28 (41.1 its/hit = 0.000s/hit): seed=9171879874970164845 [12, 22, 23, 121, 135, 144, 160, 164, 170, 172, 178, 211, 273, 295, 305, 306, 318, 353, 360, 374, 387, 402, 405, 414, 443, 450, 486, 497]
Iter#4302 New set #100 of size 28 (43.0 its/hit = 0.000s/hit): seed=6940225755748386717 [9, 35, 42, 63, 66, 98, 99, 125, 135, 147, 150, 154, 176, 185, 229, 245, 256, 267, 269, 306, 335, 355, 361, 368, 396, 406, 494, 501]
Iter#10726 New set #200 of size 28 (53.6 its/hit = 0.000s/hit): seed=12497238518418778017 [5, 28, 29, 43, 49, 55, 94, 108, 111, 113, 121, 124, 271, 297, 300, 318, 336, 337, 341, 352, 387, 392, 404, 414, 419, 447, 495, 498]
Iter#15857 New set #300 of size 28 (52.9 its/hit = 0.000s/hit): seed=9314063696660795180 [8, 11, 18, 61, 73, 112, 116, 123, 147, 152, 207, 221, 227, 230, 232, 238, 256, 265, 274, 278, 286, 308, 320, 381, 463, 477, 496, 504]
Iter#21704 New set #400 of size 28 (54.3 its/hit = 0.000s/hit): seed=15033885074831708833 [40, 64, 69, 76, 133, 143, 158, 196, 201, 207, 219, 236, 260, 287, 300, 308, 319, 351, 369, 371, 400, 426, 442, 448, 464, 488, 495, 502]
Iter#26290 New set #500 of size 28 (52.6 its/hit = 0.000s/hit): seed=3124425896488469260 [9, 20, 85, 98, 159, 169, 193, 200, 236, 248, 252, 253, 269, 282, 342, 344, 351, 356, 368, 376, 389, 392, 407, 412, 414, 420, 487, 497]
Iter#30895 New set #600 of size 28 (51.5 its/hit = 0.000s/hit): seed=10900191911529267880 [6, 9, 31, 72, 145, 151, 170, 181, 189, 245, 246, 255, 274, 276, 278, 350, 354, 358, 363, 377, 387, 389, 404, 413, 427, 460, 467, 483]
Iter#36419 New set #700 of size 28 (52.0 its/hit = 0.000s/hit): seed=9968240838243486276 [24, 41, 43, 49, 66, 77, 90, 95, 102, 104, 107, 115, 129, 140, 211, 233, 267, 271, 288, 289, 326, 359, 365, 382, 398, 429, 486, 498]
Iter#40614 New set #800 of size 28 (50.8 its/hit = 0.000s/hit): seed=11366862643577223445 [2, 21, 23, 33, 56, 74, 114, 115, 139, 160, 162, 170, 177, 181, 183, 194, 276, 297, 309, 346, 404, 408, 415, 428, 446, 478, 486, 491]
Iter#45521 New set #900 of size 28 (50.6 its/hit = 0.000s/hit): seed=3879266586951486762 [7, 19, 31, 73, 75, 84, 98, 101, 132, 133, 151, 154, 158, 206, 209, 215, 269, 286, 290, 363, 385, 390, 393, 410, 444, 483, 484, 501]
Iter#51189 New set #1000 of size 28 (51.2 its/hit = 0.000s/hit): seed=17762575100085661373 [6, 19, 72, 75, 77, 124, 129, 138, 140, 175, 193, 199, 231, 234, 249, 253, 272, 302, 338, 344, 356, 375, 398, 413, 431, 447, 467, 503]
Iter#100940 New set #2000 of size 28 (50.5 its/hit = 0.001s/hit): seed=13423780047091668818 [31, 60, 79, 80, 93, 127, 130, 151, 159, 163, 202, 253, 261, 286, 343, 344, 353, 363, 390, 402, 409, 412, 456, 457, 463, 470, 483, 500]
Iter#150494 New set #3000 of size 28 (50.2 its/hit = 0.000s/hit): seed=1183492008421963049 [79, 102, 107, 119, 128, 157, 166, 168, 205, 230, 231, 234, 270, 272, 302, 317, 321, 328, 330, 379, 416, 422, 430, 438, 456, 471, 477, 489]
Iter#199016 New set #4000 of size 28 (49.8 its/hit = 0.001s/hit): seed=5267991832783681299 [7, 15, 48, 81, 82, 83, 86, 98, 132, 154, 157, 180, 190, 203, 204, 208, 214, 223, 230, 237, 258, 269, 280, 331, 422, 466, 477, 501]
Iter#249611 New set #5000 of size 28 (49.9 its/hit = 0.000s/hit): seed=6722638286246433870 [22, 32, 37, 47, 54, 111, 128, 152, 175, 209, 244, 247, 266, 275, 286, 305, 310, 321, 343, 353, 357, 375, 402, 414, 433, 450, 487, 509]
Iter#299793 New set #6000 of size 28 (50.0 its/hit = 0.000s/hit): seed=585666995535730189 [10, 12, 27, 110, 148, 156, 158, 173, 182, 210, 222, 242, 257, 260, 282, 295, 301, 339, 351, 362, 385, 397, 408, 428, 435, 439, 441, 502]
Iter#349916 New set #7000 of size 28 (50.0 its/hit = 0.000s/hit): seed=14147082135744566576 [27, 45, 62, 120, 158, 160, 161, 186, 191, 199, 211, 254, 260, 285, 291, 297, 302, 309, 318, 326, 385, 387, 399, 404, 445, 471, 505, 506]
Iter#400367 New set #8000 of size 28 (50.0 its/hit = 0.001s/hit): seed=10179745674034843497 [8, 12, 46, 53, 57, 62, 101, 109, 148, 156, 206, 221, 224, 227, 241, 249, 265, 279, 283, 290, 295, 302, 340, 362, 393, 439, 455, 489]
Iter#451725 New set #9000 of size 28 (50.2 its/hit = 0.000s/hit): seed=13120747583514037802 [14, 17, 30, 64, 72, 78, 166, 178, 183, 197, 219, 250, 264, 274, 278, 294, 296, 346, 354, 358, 360, 371, 416, 452, 461, 467, 469, 488]
Iter#501311 New set #10000 of size 28 (50.1 its/hit = 0.000s/hit): seed=15047821410103781545 [5, 38, 50, 74, 81, 83, 84, 91, 97, 108, 131, 132, 165, 176, 181, 201, 223, 225, 228, 239, 276, 335, 394, 400, 440, 459, 473, 491]
Iter#1000977 New set #20000 of size 28 (50.0 its/hit = 0.001s/hit): seed=16163779256281459532 [11, 48, 59, 66, 73, 81, 104, 111, 114, 121, 149, 183, 190, 196, 209, 223, 267, 289, 319, 334, 343, 346, 392, 414, 415, 463, 480, 496]
Iter#1506044 New set #30000 of size 28 (50.2 its/hit = 0.001s/hit): seed=15220749148556823108 [10, 48, 97, 102, 107, 110, 129, 140, 188, 190, 216, 239, 256, 274, 278, 284, 338, 354, 358, 375, 380, 381, 403, 446, 472, 478, 494, 509]
Iter#2006767 New set #40000 of size 28 (50.2 its/hit = 0.001s/hit): seed=7268852615314162824 [13, 51, 62, 70, 79, 107, 129, 166, 168, 199, 205, 231, 261, 262, 264, 270, 272, 310, 315, 320, 321, 379, 391, 422, 438, 449, 477, 489]
Iter#2507785 New set #50000 of size 28 (50.2 its/hit = 0.001s/hit): seed=16916777923232618420 [15, 21, 43, 52, 59, 79, 86, 90, 130, 174, 187, 201, 212, 225, 226, 244, 271, 325, 330, 334, 345, 357, 369, 382, 391, 397, 428, 475]
Iter#3006653 New set #60000 of size 28 (50.1 its/hit = 0.001s/hit): seed=11071466149847825225 [2, 25, 35, 47, 58, 76, 139, 143, 150, 164, 172, 176, 178, 179, 181, 255, 273, 275, 293, 335, 352, 361, 406, 417, 419, 452, 474, 491]
Iter#3518713 New set #70000 of size 28 (50.3 its/hit = 0.001s/hit): seed=9885663266022497851 [19, 57, 88, 100, 110, 119, 128, 148, 210, 216, 235, 250, 271, 292, 294, 310, 311, 315, 320, 339, 341, 382, 422, 431, 449, 477, 484, 510]
Iter#4022700 New set #80000 of size 28 (50.3 its/hit = 0.001s/hit): seed=13375265757921197227 [22, 24, 41, 63, 95, 99, 111, 119, 128, 133, 134, 158, 218, 227, 233, 241, 260, 265, 283, 287, 288, 310, 324, 359, 388, 414, 449, 487]
Iter#4528864 New set #90000 of size 28 (50.3 its/hit = 0.001s/hit): seed=15806501641450256994 [53, 61, 65, 69, 136, 151, 165, 169, 170, 189, 224, 232, 282, 298, 303, 305, 348, 353, 363, 372, 387, 402, 404, 423, 450, 459, 465, 502]
Iter#5034859 New set #100000 of size 28 (50.3 its/hit = 0.001s/hit): seed=8629893735581130280 [10, 21, 52, 67, 80, 100, 109, 120, 155, 161, 163, 171, 182, 206, 216, 219, 279, 290, 291, 307, 313, 327, 353, 371, 402, 408, 441, 506]
Iter#10085031 New set #200000 of size 28 (50.4 its/hit = 0.001s/hit): seed=6005147586079571730 [37, 45, 76, 79, 81, 97, 130, 142, 146, 171, 175, 190, 195, 206, 227, 241, 265, 283, 285, 300, 330, 338, 391, 393, 418, 419, 472, 492]
Iter#15123619 New set #300000 of size 28 (50.4 its/hit = 0.001s/hit): seed=15624633673522901093 [18, 46, 62, 67, 171, 199, 206, 213, 221, 224, 227, 232, 265, 272, 295, 299, 313, 339, 340, 362, 393, 439, 443, 455, 489, 492, 504, 510]
Iter#20129559 New set #400000 of size 28 (50.3 its/hit = 0.001s/hit): seed=15462664583990214444 [10, 36, 39, 46, 47, 54, 67, 100, 128, 182, 216, 247, 258, 274, 278, 280, 293, 310, 313, 316, 321, 340, 354, 358, 462, 468, 481, 482]
Iter#25143111 New set #500000 of size 28 (50.3 its/hit = 0.001s/hit): seed=12686643218118223747 [11, 22, 48, 59, 66, 73, 97, 104, 114, 121, 142, 152, 174, 183, 207, 223, 296, 319, 329, 343, 355, 373, 390, 392, 480, 487, 493, 507]
Iter#30146735 New set #600000 of size 28 (50.2 its/hit = 0.001s/hit): seed=14044793523913725030 [22, 31, 47, 54, 57, 111, 112, 116, 151, 161, 173, 217, 291, 293, 316, 332, 333, 336, 337, 339, 347, 354, 358, 372, 392, 455, 497, 508]
Iter#35168476 New set #700000 of size 28 (50.2 its/hit = 0.001s/hit): seed=17958393386446638662 [20, 43, 45, 65, 87, 90, 106, 122, 146, 200, 228, 240, 258, 280, 292, 303, 304, 322, 341, 376, 394, 399, 420, 448, 462, 464, 468, 485]
Iter#40206998 New set #800000 of size 28 (50.3 its/hit = 0.001s/hit): seed=12546799420485025149 [10, 15, 63, 86, 92, 110, 180, 182, 185, 210, 218, 237, 273, 288, 303, 306, 312, 344, 356, 359, 366, 383, 394, 406, 409, 421, 437, 459]
Iter#45178909 New set #900000 of size 28 (50.2 its/hit = 0.001s/hit): seed=10428315311948703611 [13, 19, 49, 60, 62, 88, 102, 124, 129, 234, 249, 253, 302, 338, 356, 375, 398, 411, 413, 421, 431, 451, 467, 469, 472, 484, 489, 509]
Iter#50212687 New set #1000000 of size 28 (50.2 its/hit = 0.001s/hit): seed=3619475746765012986 [11, 14, 38, 45, 62, 85, 146, 150, 168, 196, 199, 202, 259, 264, 266, 275, 285, 293, 302, 308, 316, 361, 412, 418, 430, 471, 473, 507]
Iter#100280047 New set #2000000 of size 28 (50.1 its/hit = 0.001s/hit): seed=1135306945950655473 [19, 30, 51, 70, 82, 88, 141, 147, 178, 203, 213, 221, 224, 232, 238, 251, 270, 281, 298, 348, 360, 379, 384, 403, 444, 452, 494, 503]
Iter#150399332 New set #3000000 of size 28 (50.1 its/hit = 0.001s/hit): seed=16499381547189795650 [4, 26, 32, 73, 83, 84, 116, 126, 152, 169, 184, 204, 208, 212, 215, 236, 268, 278, 280, 282, 286, 325, 351, 358, 433, 458, 462, 463]
Iter#200547235 New set #4000000 of size 28 (50.1 its/hit = 0.001s/hit): seed=2440934404578480819 [8, 10, 13, 61, 102, 110, 114, 120, 129, 146, 152, 183, 188, 191, 209, 213, 216, 217, 224, 234, 286, 291, 343, 346, 386, 399, 415, 418]
Iter#250654116 New set #5000000 of size 28 (50.1 its/hit = 0.001s/hit): seed=6658153321040300747 [24, 32, 34, 80, 95, 127, 131, 132, 163, 200, 208, 212, 215, 220, 245, 252, 288, 325, 353, 359, 368, 377, 402, 420, 425, 432, 433, 500]
Iter#300813319 New set #6000000 of size 28 (50.1 its/hit = 0.001s/hit): seed=7819745009704802628 [20, 30, 70, 79, 81, 97, 117, 120, 142, 172, 184, 190, 198, 200, 205, 217, 268, 270, 291, 317, 330, 364, 370, 374, 386, 432, 452, 456]
Iter#350905139 New set #7000000 of size 28 (50.1 its/hit = 0.001s/hit): seed=10731159518652184704 [16, 18, 66, 74, 90, 104, 113, 122, 128, 181, 241, 247, 267, 271, 283, 289, 292, 310, 321, 332, 333, 336, 337, 350, 417, 442, 464, 504]
Iter#400945895 New set #8000000 of size 28 (50.1 its/hit = 0.001s/hit): seed=13099459136853416789 [6, 25, 41, 45, 47, 72, 146, 148, 170, 173, 180, 187, 189, 192, 226, 237, 275, 293, 297, 304, 318, 365, 388, 399, 413, 455, 467, 510]
Iter#451067407 New set #9000000 of size 28 (50.1 its/hit = 0.001s/hit): seed=10101459071496267645 [40, 72, 78, 85, 163, 180, 187, 202, 225, 226, 237, 243, 259, 281, 305, 308, 319, 331, 353, 369, 384, 412, 440, 466, 467, 469, 496, 507]
Iter#501195277 New set #10000000 of size 28 (50.1 its/hit = 0.001s/hit): seed=16838346643365063949 [40, 64, 69, 76, 133, 143, 158, 196, 201, 207, 219, 236, 260, 287, 300, 308, 319, 351, 369, 371, 400, 426, 442, 448, 464, 488, 495, 502]
