[*] Computing DDT
[+] DDT Computed
DDT took 6.017638ms
Iter#1 New set #1 of size 21 (1.0 its/hit = 0.000s/hit): seed=14429473339662093723 [40, 41, 83, 84, 116, 123, 136, 157, 201, 204, 236, 279, 281, 297, 301, 381, 406, 436, 469, 480, 510]
Iter#3 New set #1 of size 22 (3.0 its/hit = 0.000s/hit): seed=4239209965521105695 [7, 12, 74, 81, 84, 97, 124, 144, 150, 154, 176, 181, 204, 276, 280, 295, 347, 386, 398, 407, 443, 491]
Iter#10 New set #2 of size 22 (5.0 its/hit = 0.000s/hit): seed=14140066248765070475 [6, 22, 28, 44, 48, 114, 116, 167, 170, 174, 249, 257, 281, 283, 294, 302, 339, 424, 430, 433, 474, 476]
Iter#45 New set #1 of size 24 (45.0 its/hit = 0.000s/hit): seed=1581409541553165848 [24, 47, 63, 85, 87, 104, 114, 116, 134, 151, 159, 160, 178, 200, 211, 247, 310, 355, 432, 455, 468, 485, 503, 507]
Iter#49 New set #1 of size 28 (49.0 its/hit = 0.000s/hit): seed=8972923467747857144 [25, 36, 39, 54, 142, 153, 184, 190, 198, 203, 223, 239, 256, 257, 266, 281, 293, 301, 331, 381, 403, 436, 453, 454, 458, 479, 494, 499]
Iter#290 New set #2 of size 28 (145.0 its/hit = 0.000s/hit): seed=8993215148316942238 [31, 32, 69, 82, 98, 125, 151, 169, 182, 188, 203, 210, 212, 216, 238, 248, 256, 269, 325, 331, 351, 363, 403, 407, 433, 435, 466, 483]
Iter#673 New set #3 of size 28 (224.3 its/hit = 0.000s/hit): seed=9482230380151772547 [6, 37, 62, 75, 77, 78, 88, 102, 107, 124, 129, 138, 140, 193, 199, 253, 302, 338, 409, 411, 421, 431, 444, 451, 467, 471, 498, 509]
Iter#679 New set #4 of size 28 (169.8 its/hit = 0.000s/hit): seed=13293027766385184876 [4, 40, 85, 114, 116, 118, 149, 159, 174, 183, 225, 251, 259, 263, 278, 296, 323, 334, 348, 358, 369, 373, 440, 445, 457, 465, 493, 505]
Iter#712 New set #5 of size 28 (142.4 its/hit = 0.000s/hit): seed=5674060063669320696 [5, 43, 55, 80, 91, 103, 105, 112, 113, 116, 130, 135, 164, 205, 243, 246, 261, 271, 273, 306, 314, 330, 341, 353, 354, 358, 427, 450]
Iter#848 New set #6 of size 28 (141.3 its/hit = 0.000s/hit): seed=3831448401905718361 [36, 39, 41, 98, 171, 200, 201, 206, 220, 225, 233, 248, 269, 271, 292, 341, 345, 365, 369, 382, 393, 407, 420, 429, 432, 453, 454, 492]
Iter#961 New set #7 of size 28 (137.3 its/hit = 0.000s/hit): seed=12424957646735489478 [59, 60, 74, 126, 153, 165, 174, 181, 198, 203, 228, 253, 272, 276, 302, 303, 334, 356, 366, 370, 384, 421, 458, 466, 471, 475, 489, 491]
Iter#1019 New set #8 of size 28 (127.4 its/hit = 0.000s/hit): seed=7846931633200848570 [14, 50, 55, 60, 105, 108, 138, 147, 157, 161, 168, 175, 193, 217, 230, 238, 264, 315, 320, 338, 356, 375, 386, 403, 409, 430, 494, 506]
Iter#1046 New set #9 of size 28 (116.2 its/hit = 0.000s/hit): seed=7104351238483750672 [4, 19, 23, 26, 35, 75, 87, 116, 135, 167, 189, 204, 258, 262, 264, 273, 274, 277, 297, 354, 387, 416, 430, 431, 437, 468, 485, 503]
Iter#1115 New set #10 of size 28 (111.5 its/hit = 0.000s/hit): seed=3467123080115174905 [12, 26, 38, 74, 98, 120, 150, 154, 156, 214, 217, 255, 269, 276, 280, 291, 299, 361, 386, 398, 417, 443, 447, 451, 468, 473, 498, 501]
Iter#1487 New set #20 of size 28 (74.3 its/hit = 0.000s/hit): seed=9116820173811961515 [22, 32, 46, 67, 85, 111, 129, 136, 140, 151, 162, 194, 202, 212, 231, 234, 313, 325, 340, 342, 363, 372, 414, 433, 446, 457, 478, 487]
Iter#2232 New set #30 of size 28 (74.4 its/hit = 0.000s/hit): seed=14094069171963094916 [34, 40, 51, 74, 77, 93, 111, 117, 121, 124, 181, 201, 276, 310, 317, 321, 345, 379, 392, 395, 414, 438, 440, 449, 451, 491, 498, 500]
Iter#2940 New set #40 of size 28 (73.5 its/hit = 0.000s/hit): seed=16452900180701679988 [13, 24, 41, 42, 49, 66, 90, 95, 107, 113, 115, 124, 140, 192, 211, 234, 289, 309, 312, 324, 329, 341, 382, 383, 405, 429, 447, 498]
Iter#3244 New set #50 of size 28 (64.9 its/hit = 0.000s/hit): seed=3790182622853279288 [11, 20, 30, 45, 134, 146, 178, 185, 196, 200, 218, 229, 274, 278, 285, 319, 354, 358, 374, 376, 418, 420, 431, 444, 474, 484, 496, 503]
Iter#3578 New set #60 of size 28 (59.6 its/hit = 0.000s/hit): seed=15272504121979712063 [11, 59, 68, 82, 93, 127, 153, 174, 196, 245, 252, 254, 263, 271, 292, 308, 331, 341, 368, 373, 377, 382, 384, 395, 425, 445, 480, 507]
Iter#4028 New set #70 of size 28 (57.5 its/hit = 0.000s/hit): seed=12187247201292718186 [21, 33, 41, 59, 76, 101, 143, 174, 206, 233, 245, 252, 259, 290, 342, 352, 365, 373, 389, 393, 396, 408, 412, 419, 428, 429, 457, 480]
Iter#4743 New set #80 of size 28 (59.3 its/hit = 0.000s/hit): seed=9299114249000219113 [1, 9, 29, 32, 70, 79, 85, 117, 130, 159, 244, 245, 259, 261, 266, 270, 275, 293, 316, 317, 325, 332, 336, 368, 396, 401, 456, 457]
Iter#5093 New set #90 of size 28 (56.6 its/hit = 0.000s/hit): seed=13453706959541263061 [4, 15, 35, 41, 44, 59, 89, 112, 128, 135, 174, 187, 222, 233, 237, 247, 278, 301, 306, 310, 321, 334, 354, 365, 406, 429, 475, 479]
Iter#5434 New set #100 of size 28 (54.3 its/hit = 0.000s/hit): seed=5599799131709374471 [10, 15, 67, 73, 89, 98, 100, 109, 137, 139, 177, 179, 187, 188, 209, 210, 222, 237, 242, 248, 269, 286, 340, 378, 390, 407, 479, 499]
Iter#10282 New set #200 of size 28 (51.4 its/hit = 0.000s/hit): seed=9205910570811011400 [2, 36, 37, 39, 58, 68, 85, 126, 139, 157, 159, 175, 179, 184, 186, 230, 263, 338, 342, 370, 412, 422, 436, 472, 477, 481, 482, 505]
Iter#14918 New set #300 of size 28 (49.7 its/hit = 0.000s/hit): seed=8949191829701660594 [12, 30, 111, 121, 156, 160, 163, 170, 172, 189, 211, 243, 273, 297, 299, 306, 309, 318, 326, 360, 392, 402, 406, 414, 437, 443, 450, 474]
Iter#19130 New set #400 of size 28 (47.8 its/hit = 0.000s/hit): seed=17258239947099357143 [33, 52, 56, 58, 74, 114, 137, 139, 170, 189, 197, 255, 276, 284, 296, 309, 326, 380, 387, 404, 405, 415, 417, 428, 441, 446, 478, 486]
Iter#24309 New set #500 of size 28 (48.6 its/hit = 0.000s/hit): seed=14433216064552664368 [21, 22, 34, 38, 52, 93, 121, 123, 157, 165, 176, 228, 272, 302, 315, 361, 394, 395, 397, 414, 428, 459, 471, 477, 489, 497, 500, 511]
Iter#29674 New set #600 of size 28 (49.5 its/hit = 0.000s/hit): seed=4792941017791512393 [8, 27, 51, 61, 86, 89, 100, 101, 110, 117, 133, 160, 180, 182, 187, 188, 206, 211, 213, 224, 287, 290, 309, 317, 326, 379, 385, 393]
Iter#34129 New set #700 of size 28 (48.8 its/hit = 0.000s/hit): seed=179752149995910940 [1, 7, 28, 34, 37, 79, 83, 93, 130, 131, 138, 215, 269, 330, 333, 336, 360, 367, 374, 375, 391, 395, 407, 452, 472, 474, 500, 501]
Iter#39006 New set #800 of size 28 (48.8 its/hit = 0.000s/hit): seed=1157468081433624139 [35, 59, 69, 123, 135, 149, 157, 169, 182, 188, 210, 216, 267, 282, 289, 306, 320, 329, 334, 355, 406, 411, 413, 422, 467, 469, 480, 502]
Iter#44914 New set #900 of size 28 (49.9 its/hit = 0.000s/hit): seed=11112480493292358428 [30, 31, 63, 92, 136, 167, 172, 183, 185, 197, 218, 240, 296, 324, 338, 346, 360, 365, 372, 375, 388, 429, 434, 472, 474, 483, 485, 509]
Iter#50413 New set #1000 of size 28 (50.4 its/hit = 0.000s/hit): seed=16166331996484500731 [25, 43, 54, 67, 77, 87, 90, 109, 123, 124, 157, 240, 271, 275, 279, 313, 316, 320, 322, 363, 372, 382, 398, 422, 447, 483, 485, 508]
Iter#100857 New set #2000 of size 28 (50.4 its/hit = 0.001s/hit): seed=15332437371979551401 [4, 14, 19, 23, 75, 112, 135, 164, 166, 170, 204, 214, 258, 262, 273, 277, 278, 280, 297, 306, 322, 354, 404, 430, 434, 444, 484, 485]
Iter#150017 New set #3000 of size 28 (50.0 its/hit = 0.001s/hit): seed=10160326259057620963 [6, 26, 35, 72, 136, 142, 151, 164, 190, 204, 223, 239, 273, 280, 286, 343, 345, 363, 369, 372, 390, 400, 406, 411, 440, 462, 463, 469]
Iter#197303 New set #4000 of size 28 (49.3 its/hit = 0.001s/hit): seed=9827087767927144632 [13, 53, 61, 107, 129, 182, 188, 210, 213, 216, 221, 231, 285, 286, 291, 296, 304, 343, 346, 347, 386, 390, 399, 415, 418, 463, 493, 506]
Iter#249766 New set #5000 of size 28 (50.0 its/hit = 0.001s/hit): seed=335142838897110939 [9, 20, 32, 71, 80, 83, 84, 93, 95, 127, 131, 132, 163, 212, 220, 252, 288, 305, 312, 357, 364, 368, 389, 401, 420, 450, 470, 500]
Iter#302915 New set #6000 of size 28 (50.5 its/hit = 0.001s/hit): seed=12870295093061625520 [9, 49, 57, 79, 118, 124, 135, 164, 173, 205, 251, 252, 261, 291, 298, 347, 362, 377, 386, 391, 396, 398, 406, 423, 437, 451, 506, 510]
Iter#351379 New set #7000 of size 28 (50.2 its/hit = 0.001s/hit): seed=14243911621065321036 [1, 2, 29, 56, 77, 80, 124, 126, 139, 150, 155, 163, 176, 177, 198, 219, 305, 307, 333, 335, 337, 361, 370, 371, 450, 451, 458, 498]
Iter#402896 New set #8000 of size 28 (50.4 its/hit = 0.001s/hit): seed=4746322180118492793 [15, 34, 86, 93, 114, 125, 147, 150, 176, 180, 197, 237, 256, 314, 346, 349, 364, 376, 420, 425, 427, 432, 460, 470, 473, 493, 494, 511]
Iter#453187 New set #9000 of size 28 (50.4 its/hit = 0.001s/hit): seed=6316575801542636480 [21, 25, 26, 33, 47, 56, 58, 101, 171, 177, 179, 214, 266, 269, 280, 290, 294, 311, 316, 367, 397, 407, 441, 461, 468, 476, 492, 501]
Iter#501661 New set #10000 of size 28 (50.2 its/hit = 0.001s/hit): seed=8674408575442967042 [7, 20, 32, 34, 71, 83, 95, 127, 131, 163, 215, 220, 243, 244, 245, 252, 325, 359, 376, 383, 389, 395, 396, 401, 402, 432, 450, 470]
Iter#995856 New set #20000 of size 28 (49.8 its/hit = 0.001s/hit): seed=8082475278228817259 [16, 20, 44, 46, 67, 83, 84, 122, 131, 132, 136, 151, 166, 168, 220, 242, 301, 313, 340, 376, 416, 430, 432, 442, 464, 483, 499, 508]
Iter#1491738 New set #30000 of size 28 (49.7 its/hit = 0.001s/hit): seed=11970336560628110823 [11, 16, 27, 64, 69, 106, 143, 158, 169, 195, 207, 219, 287, 307, 308, 345, 351, 369, 400, 410, 419, 424, 426, 435, 440, 464, 495, 496]
Iter#1998656 New set #40000 of size 28 (50.0 its/hit = 0.001s/hit): seed=134927055964950795 [4, 6, 14, 30, 64, 78, 114, 116, 168, 172, 197, 219, 264, 278, 294, 296, 307, 311, 358, 360, 411, 415, 424, 430, 461, 467, 474, 476]
Iter#2503087 New set #50000 of size 28 (50.1 its/hit = 0.001s/hit): seed=15657382075116737098 [4, 6, 24, 38, 62, 66, 78, 86, 89, 95, 104, 112, 176, 180, 187, 249, 272, 278, 288, 329, 335, 354, 355, 359, 411, 467, 471, 473]
Iter#3004885 New set #60000 of size 28 (50.1 its/hit = 0.001s/hit): seed=16060034930986573369 [34, 38, 86, 89, 103, 127, 145, 147, 150, 180, 183, 187, 197, 200, 220, 238, 296, 314, 335, 346, 364, 376, 403, 425, 460, 494, 500, 511]
Iter#3504506 New set #70000 of size 28 (50.1 its/hit = 0.001s/hit): seed=6493214358423091959 [60, 62, 65, 126, 153, 165, 181, 184, 193, 203, 249, 255, 272, 281, 331, 334, 344, 366, 370, 373, 394, 417, 421, 436, 471, 475, 480, 491]
Iter#4009659 New set #80000 of size 28 (50.1 its/hit = 0.001s/hit): seed=6705994759895719137 [12, 17, 77, 101, 112, 116, 123, 124, 144, 171, 230, 235, 281, 299, 311, 315, 327, 331, 354, 358, 384, 393, 422, 439, 451, 461, 466, 498]
Iter#4507885 New set #90000 of size 28 (50.1 its/hit = 0.001s/hit): seed=18020484745856398044 [3, 7, 16, 36, 72, 78, 79, 84, 87, 106, 131, 167, 192, 205, 208, 233, 261, 277, 388, 391, 426, 429, 453, 464, 467, 469, 482, 485]
Iter#4995063 New set #100000 of size 28 (50.0 its/hit = 0.001s/hit): seed=13029322619503314348 [25, 54, 57, 74, 103, 126, 145, 155, 173, 198, 219, 255, 266, 268, 269, 276, 293, 307, 314, 362, 367, 371, 407, 417, 436, 460, 501, 510]
Iter#10013572 New set #200000 of size 28 (50.1 its/hit = 0.001s/hit): seed=2644378483896309495 [8, 22, 38, 40, 43, 61, 113, 121, 176, 184, 193, 198, 201, 213, 224, 253, 268, 292, 335, 344, 345, 356, 370, 382, 414, 440, 473, 497]
Iter#15032550 New set #300000 of size 28 (50.1 its/hit = 0.001s/hit): seed=17269774340529077983 [10, 16, 17, 110, 122, 126, 188, 198, 201, 216, 225, 235, 267, 289, 295, 299, 311, 329, 345, 355, 369, 370, 426, 439, 443, 448, 458, 461]
