[*] Computing DDT
[+] DDT Computed
DDT took 5.091099ms
Iter#1 New set #1 of size 20 (1.0 its/hit = 0.000s/hit): seed=1645218504076581225 [15, 24, 32, 39, 63, 77, 85, 99, 106, 114, 134, 177, 179, 180, 218, 305, 355, 432, 466, 495]
Iter#4 New set #2 of size 20 (2.0 its/hit = 0.000s/hit): seed=8614250879641655375 [49, 58, 89, 99, 142, 205, 252, 262, 303, 320, 324, 329, 347, 362, 366, 380, 406, 407, 423, 503]
Iter#5 New set #1 of size 23 (5.0 its/hit = 0.000s/hit): seed=2748399806412657534 [37, 43, 46, 87, 99, 109, 114, 138, 151, 167, 178, 183, 192, 229, 233, 277, 338, 346, 374, 415, 485, 508, 509]
Iter#17 New set #1 of size 24 (17.0 its/hit = 0.000s/hit): seed=15344564679597209199 [2, 31, 51, 55, 56, 76, 83, 95, 108, 128, 131, 137, 179, 190, 198, 223, 236, 268, 293, 328, 383, 449, 474, 502]
Iter#21 New set #2 of size 24 (10.5 its/hit = 0.000s/hit): seed=6164766683846329332 [48, 68, 81, 101, 138, 142, 143, 191, 225, 239, 261, 263, 265, 283, 301, 327, 330, 352, 375, 391, 399, 456, 490, 504]
Iter#47 New set #3 of size 24 (15.7 its/hit = 0.000s/hit): seed=5494494310164870014 [26, 50, 55, 78, 96, 105, 108, 118, 121, 130, 162, 181, 204, 205, 251, 255, 280, 298, 423, 461, 462, 469, 476, 487]
Iter#67 New set #4 of size 24 (16.8 its/hit = 0.000s/hit): seed=2377778176303626653 [6, 23, 31, 32, 65, 78, 97, 116, 136, 170, 184, 190, 228, 236, 297, 303, 394, 401, 404, 407, 413, 436, 469, 501]
Iter#71 New set #1 of size 25 (71.0 its/hit = 0.000s/hit): seed=11852627238512917543 [35, 47, 54, 69, 115, 119, 131, 132, 164, 172, 178, 193, 236, 247, 282, 309, 310, 335, 404, 409, 435, 438, 452, 474, 511]
Iter#108 New set #1 of size 28 (108.0 its/hit = 0.000s/hit): seed=531406772085380987 [8, 10, 53, 102, 107, 110, 114, 120, 146, 152, 182, 183, 191, 209, 210, 217, 221, 224, 231, 234, 285, 296, 304, 347, 390, 463, 493, 506]
Iter#131 New set #2 of size 28 (65.5 its/hit = 0.000s/hit): seed=3692623673725079163 [19, 30, 51, 70, 82, 88, 141, 147, 178, 203, 213, 221, 224, 232, 238, 251, 270, 281, 298, 348, 360, 379, 384, 403, 444, 452, 494, 503]
Iter#172 New set #3 of size 28 (57.3 its/hit = 0.000s/hit): seed=10190257804856390627 [5, 14, 50, 60, 91, 108, 120, 125, 138, 147, 157, 161, 166, 175, 230, 253, 256, 264, 347, 356, 386, 416, 421, 422, 472, 477, 494, 509]
Iter#224 New set #4 of size 28 (56.0 its/hit = 0.000s/hit): seed=6521701139302259485 [27, 37, 49, 74, 77, 123, 134, 157, 158, 175, 185, 212, 218, 229, 244, 255, 287, 320, 325, 338, 350, 357, 410, 422, 447, 451, 472, 491]
Iter#244 New set #5 of size 28 (48.8 its/hit = 0.000s/hit): seed=15724267070714569912 [8, 23, 31, 53, 65, 118, 136, 163, 169, 189, 213, 228, 232, 236, 243, 251, 282, 297, 298, 303, 351, 363, 387, 394, 402, 423, 450, 508]
Iter#259 New set #6 of size 28 (43.2 its/hit = 0.000s/hit): seed=18229237072986582234 [9, 69, 71, 95, 145, 150, 152, 169, 176, 209, 245, 246, 282, 303, 314, 349, 359, 366, 368, 383, 390, 394, 396, 459, 463, 473, 502, 511]
Iter#297 New set #7 of size 28 (42.4 its/hit = 0.000s/hit): seed=17488066552767201069 [4, 18, 53, 61, 73, 116, 196, 207, 209, 213, 221, 241, 256, 265, 274, 308, 315, 319, 320, 343, 354, 381, 403, 422, 463, 477, 490, 494]
Iter#313 New set #8 of size 28 (39.1 its/hit = 0.000s/hit): seed=8981843300798845909 [15, 87, 89, 125, 144, 147, 156, 169, 187, 236, 237, 240, 256, 277, 282, 286, 290, 327, 343, 351, 390, 393, 434, 439, 443, 463, 492, 494]
Iter#348 New set #9 of size 28 (38.7 its/hit = 0.000s/hit): seed=16371857135678170678 [49, 63, 74, 77, 99, 123, 133, 138, 158, 175, 181, 185, 212, 229, 230, 244, 260, 276, 287, 315, 338, 375, 398, 401, 422, 433, 491, 498]
Iter#367 New set #10 of size 28 (36.7 its/hit = 0.000s/hit): seed=16778971693205893167 [12, 50, 55, 67, 82, 90, 91, 94, 109, 113, 144, 203, 271, 281, 292, 296, 299, 340, 346, 360, 374, 378, 384, 415, 439, 452, 474, 493]
Iter#866 New set #20 of size 28 (43.3 its/hit = 0.000s/hit): seed=14580874431554480344 [34, 37, 70, 93, 117, 120, 138, 161, 204, 212, 214, 244, 258, 270, 280, 291, 300, 317, 325, 352, 357, 375, 419, 425, 470, 472, 495, 506]
Iter#1421 New set #30 of size 28 (47.4 its/hit = 0.000s/hit): seed=11625606926430537569 [4, 5, 11, 21, 33, 34, 42, 55, 85, 94, 104, 108, 116, 127, 202, 207, 259, 278, 289, 308, 355, 358, 408, 412, 425, 428, 496, 500]
Iter#1971 New set #40 of size 28 (49.3 its/hit = 0.000s/hit): seed=1291174286593423425 [2, 9, 24, 26, 56, 57, 71, 126, 139, 148, 172, 177, 178, 184, 204, 245, 280, 288, 360, 362, 368, 370, 374, 383, 396, 436, 455, 462]
Iter#2423 New set #50 of size 28 (48.5 its/hit = 0.000s/hit): seed=8495896225337275359 [21, 52, 70, 80, 96, 117, 146, 191, 194, 199, 243, 249, 295, 299, 328, 353, 379, 380, 399, 408, 418, 439, 441, 443, 450, 471, 478, 489]
Iter#2986 New set #60 of size 28 (49.8 its/hit = 0.000s/hit): seed=9170352276567438530 [1, 28, 38, 56, 58, 64, 155, 163, 176, 177, 179, 243, 268, 332, 337, 361, 370, 371, 398, 402, 424, 436, 447, 450, 451, 458, 498, 511]
Iter#3316 New set #70 of size 28 (47.4 its/hit = 0.000s/hit): seed=13181220056043628225 [23, 43, 48, 60, 74, 90, 93, 97, 118, 127, 141, 181, 189, 190, 193, 239, 276, 292, 298, 318, 341, 356, 395, 404, 409, 425, 465, 491]
Iter#3823 New set #80 of size 28 (47.8 its/hit = 0.000s/hit): seed=11576013918049077254 [68, 85, 112, 116, 141, 149, 174, 186, 201, 202, 225, 251, 274, 278, 296, 298, 323, 342, 346, 348, 400, 415, 440, 445, 457, 475, 480, 493]
Iter#4281 New set #90 of size 28 (47.6 its/hit = 0.000s/hit): seed=10404958983413110502 [1, 8, 21, 29, 38, 46, 51, 52, 53, 59, 109, 117, 149, 176, 221, 224, 313, 317, 332, 334, 335, 336, 378, 379, 397, 428, 473, 480]
Iter#4661 New set #100 of size 28 (46.6 its/hit = 0.000s/hit): seed=5005288911087696266 [10, 34, 38, 41, 70, 100, 117, 127, 144, 150, 156, 182, 216, 227, 233, 241, 265, 270, 283, 295, 299, 317, 335, 365, 395, 429, 470, 511]
Iter#10261 New set #200 of size 28 (51.3 its/hit = 0.000s/hit): seed=11514266294160781190 [27, 51, 70, 114, 154, 158, 169, 183, 227, 236, 241, 248, 260, 265, 270, 277, 283, 296, 322, 379, 385, 407, 434, 435, 485, 493, 501, 502]
Iter#14827 New set #300 of size 28 (49.4 its/hit = 0.000s/hit): seed=4215632658044123114 [31, 36, 39, 44, 51, 117, 136, 172, 178, 199, 222, 249, 257, 282, 317, 351, 372, 379, 435, 452, 453, 454, 471, 474, 483, 489, 499, 502]
Iter#19783 New set #400 of size 28 (49.5 its/hit = 0.000s/hit): seed=13140441515771112425 [2, 17, 21, 47, 52, 54, 58, 101, 139, 154, 179, 204, 206, 214, 248, 250, 258, 266, 269, 275, 280, 290, 311, 367, 393, 408, 441, 476]
Iter#23835 New set #500 of size 28 (47.7 its/hit = 0.000s/hit): seed=14890703910682233157 [13, 19, 48, 75, 81, 92, 99, 107, 120, 123, 140, 142, 145, 157, 161, 218, 229, 234, 239, 246, 291, 320, 422, 427, 431, 460, 503, 506]
Iter#28902 New set #600 of size 28 (48.2 its/hit = 0.000s/hit): seed=3196623543689089840 [23, 45, 62, 68, 133, 146, 158, 160, 189, 211, 249, 254, 260, 263, 272, 285, 287, 291, 297, 347, 386, 387, 405, 418, 445, 471, 486, 506]
Iter#34706 New set #700 of size 28 (49.6 its/hit = 0.000s/hit): seed=9123965974113168063 [13, 24, 69, 71, 74, 102, 140, 166, 168, 171, 201, 206, 225, 231, 236, 255, 290, 312, 327, 350, 351, 359, 400, 416, 430, 440, 491, 502]
Iter#39697 New set #800 of size 28 (49.6 its/hit = 0.000s/hit): seed=5842703471926173567 [8, 21, 28, 29, 33, 38, 46, 51, 59, 61, 67, 117, 149, 150, 213, 224, 270, 313, 328, 332, 333, 340, 361, 373, 408, 428, 473, 475]
Iter#45942 New set #900 of size 28 (51.0 its/hit = 0.000s/hit): seed=5082856982660288465 [5, 37, 55, 94, 108, 120, 123, 125, 138, 217, 230, 238, 262, 264, 291, 320, 344, 356, 375, 381, 386, 409, 416, 421, 430, 472, 477, 494]
Iter#50859 New set #1000 of size 28 (50.9 its/hit = 0.000s/hit): seed=18101341335836666335 [22, 23, 42, 53, 61, 66, 68, 83, 84, 100, 110, 121, 131, 132, 170, 182, 188, 224, 232, 254, 263, 267, 318, 355, 387, 392, 445, 487]
Iter#100915 New set #2000 of size 28 (50.5 its/hit = 0.001s/hit): seed=3794149141714689461 [8, 10, 27, 53, 70, 110, 115, 117, 158, 160, 171, 180, 187, 188, 206, 213, 216, 226, 232, 237, 260, 270, 309, 317, 385, 393, 486, 492]
Iter#150869 New set #3000 of size 28 (50.3 its/hit = 0.000s/hit): seed=16068746437228600357 [20, 42, 63, 85, 87, 99, 104, 119, 134, 159, 160, 200, 211, 218, 240, 247, 289, 309, 310, 322, 326, 342, 355, 364, 412, 432, 438, 485]
Iter#199999 New set #4000 of size 28 (50.0 its/hit = 0.000s/hit): seed=10348110562146068761 [14, 24, 95, 101, 102, 107, 168, 181, 206, 231, 234, 255, 262, 276, 282, 312, 327, 345, 350, 351, 369, 383, 400, 416, 435, 440, 492, 502]
Iter#248447 New set #5000 of size 28 (49.7 its/hit = 0.000s/hit): seed=12235498145840138395 [7, 8, 53, 81, 84, 97, 132, 213, 215, 223, 232, 239, 295, 299, 300, 352, 360, 374, 398, 419, 439, 443, 447, 451, 452, 474, 495, 498]
Iter#301245 New set #6000 of size 28 (50.2 its/hit = 0.001s/hit): seed=7899574119908377894 [16, 50, 55, 68, 77, 105, 108, 118, 122, 124, 128, 141, 186, 192, 233, 247, 298, 323, 388, 426, 429, 438, 445, 448, 449, 451, 465, 498]
Iter#350045 New set #7000 of size 28 (50.0 its/hit = 0.000s/hit): seed=15758659129430800737 [11, 53, 61, 73, 112, 116, 123, 125, 147, 152, 157, 196, 224, 227, 232, 241, 265, 283, 308, 320, 343, 354, 358, 381, 390, 403, 422, 507]
Iter#400955 New set #8000 of size 28 (50.1 its/hit = 0.000s/hit): seed=2555881213507228121 [18, 23, 66, 85, 104, 118, 141, 153, 159, 189, 203, 241, 265, 267, 281, 286, 289, 318, 331, 342, 343, 348, 390, 404, 412, 423, 463, 490]
Iter#452774 New set #9000 of size 28 (50.3 its/hit = 0.000s/hit): seed=8153326603942733286 [34, 60, 73, 93, 136, 151, 159, 163, 193, 202, 209, 243, 259, 261, 330, 342, 343, 344, 363, 372, 391, 395, 402, 421, 450, 456, 463, 500]
Iter#502794 New set #10000 of size 28 (50.3 its/hit = 0.001s/hit): seed=5447221016021733334 [17, 40, 76, 101, 171, 172, 178, 186, 195, 201, 235, 254, 263, 290, 294, 303, 323, 352, 366, 369, 394, 400, 452, 459, 474, 476, 492, 495]
Iter#1001598 New set #20000 of size 28 (50.1 its/hit = 0.001s/hit): seed=4991842079993229769 [5, 12, 43, 46, 50, 67, 82, 94, 105, 113, 153, 156, 172, 178, 183, 197, 279, 281, 292, 296, 299, 346, 360, 374, 378, 382, 443, 466]
Iter#1503250 New set #30000 of size 28 (50.1 its/hit = 0.001s/hit): seed=17707798328122955493 [1, 28, 37, 57, 80, 81, 85, 97, 138, 173, 202, 204, 214, 223, 239, 243, 258, 259, 280, 305, 333, 336, 338, 339, 402, 412, 455, 509]
Iter#2005438 New set #40000 of size 28 (50.1 its/hit = 0.001s/hit): seed=4233643578875782678 [6, 11, 40, 78, 80, 82, 86, 89, 153, 159, 163, 201, 202, 207, 226, 237, 281, 305, 319, 369, 400, 411, 412, 450, 457, 466, 467, 507]
Iter#2507491 New set #50000 of size 28 (50.1 its/hit = 0.001s/hit): seed=3992429596253382982 [8, 30, 48, 53, 76, 77, 83, 84, 97, 124, 142, 144, 156, 172, 195, 208, 215, 221, 223, 224, 352, 360, 398, 439, 443, 447, 474, 495]
Iter#3005855 New set #60000 of size 28 (50.1 its/hit = 0.001s/hit): seed=9713357816235908593 [1, 12, 13, 28, 63, 74, 86, 89, 92, 102, 140, 144, 180, 181, 184, 185, 187, 198, 218, 231, 268, 276, 299, 333, 336, 370, 439, 491]
Iter#3509227 New set #70000 of size 28 (50.1 its/hit = 0.001s/hit): seed=5510548916415384331 [19, 20, 24, 25, 37, 54, 75, 95, 175, 183, 197, 220, 267, 275, 289, 296, 312, 316, 329, 346, 355, 364, 375, 383, 420, 444, 484, 509]
Iter#4011591 New set #80000 of size 28 (50.1 its/hit = 0.001s/hit): seed=477423859881387928 [26, 31, 42, 59, 104, 119, 136, 146, 149, 191, 204, 247, 258, 267, 285, 304, 321, 329, 339, 362, 363, 373, 449, 455, 468, 475, 508, 510]
Iter#4515426 New set #90000 of size 28 (50.2 its/hit = 0.001s/hit): seed=14918204795087662479 [42, 66, 76, 77, 103, 124, 130, 143, 186, 205, 246, 254, 257, 261, 263, 289, 301, 323, 329, 330, 349, 352, 398, 419, 447, 460, 479, 499]
Iter#5019567 New set #100000 of size 28 (50.2 its/hit = 0.001s/hit): seed=17860662877617545050 [15, 63, 86, 91, 94, 99, 105, 108, 145, 149, 154, 174, 185, 187, 199, 226, 229, 246, 248, 249, 272, 302, 334, 373, 407, 427, 460, 501]
Iter#10029777 New set #200000 of size 28 (50.1 its/hit = 0.001s/hit): seed=3481834448899647019 [3, 36, 73, 74, 85, 90, 96, 113, 152, 159, 194, 255, 260, 284, 286, 287, 341, 342, 350, 382, 385, 410, 412, 446, 454, 463, 481, 491]
Iter#15049560 New set #300000 of size 28 (50.2 its/hit = 0.001s/hit): seed=3164303080535097918 [14, 57, 79, 96, 100, 110, 143, 163, 166, 173, 182, 188, 194, 195, 205, 243, 261, 264, 284, 305, 339, 353, 391, 416, 419, 446, 455, 495]
Iter#20062487 New set #400000 of size 28 (50.2 its/hit = 0.001s/hit): seed=8643869940894001989 [5, 15, 55, 59, 62, 89, 92, 94, 98, 99, 103, 108, 149, 154, 187, 218, 229, 237, 246, 249, 269, 272, 314, 334, 427, 471, 480, 501]
