[*] Computing DDT
[+] DDT Computed
DDT took 2.414315ms
Iter#1 New set #1 of size 23 (1.0 its/hit = 0.000s/hit): seed=10786439489856600491 [6, 7, 27, 28, 30, 52, 54, 71, 78, 92, 94, 107, 132, 134, 135, 166, 167, 172, 174, 185, 196, 198, 220]
Iter#4 New set #1 of size 24 (4.0 its/hit = 0.000s/hit): seed=16161420350366533334 [17, 19, 24, 25, 27, 45, 49, 51, 57, 59, 81, 83, 89, 91, 108, 113, 115, 121, 123, 168, 182, 204, 241, 248]
Iter#5 New set #1 of size 25 (5.0 its/hit = 0.000s/hit): seed=11526722043195524372 [46, 63, 106, 123, 138, 144, 146, 170, 174, 175, 178, 187, 190, 191, 200, 208, 219, 232, 234, 235, 238, 240, 250, 251, 255]
Iter#9 New set #2 of size 25 (4.5 its/hit = 0.000s/hit): seed=15574299763703749002 [10, 25, 29, 40, 44, 46, 80, 114, 137, 140, 141, 146, 149, 153, 157, 168, 172, 184, 188, 210, 217, 221, 232, 236, 253]
Iter#10 New set #1 of size 27 (10.0 its/hit = 0.000s/hit): seed=17904653234770709223 [0, 1, 17, 32, 33, 34, 56, 58, 84, 96, 98, 114, 120, 122, 132, 133, 160, 162, 164, 165, 184, 186, 200, 224, 226, 248, 250]
Iter#17 New set #2 of size 27 (8.5 its/hit = 0.000s/hit): seed=485471952662511569 [0, 12, 14, 16, 30, 44, 46, 49, 69, 76, 78, 86, 100, 108, 110, 148, 150, 180, 181, 182, 193, 212, 214, 224, 241, 244, 246]
Iter#38 New set #3 of size 27 (12.7 its/hit = 0.000s/hit): seed=17581105353747748631 [7, 22, 23, 34, 35, 37, 50, 54, 85, 86, 87, 117, 119, 127, 143, 146, 147, 157, 173, 210, 211, 221, 223, 230, 231, 253, 255]
Iter#44 New set #1 of size 28 (44.0 its/hit = 0.000s/hit): seed=7872259484076093714 [0, 5, 13, 15, 25, 39, 47, 48, 69, 77, 97, 103, 111, 133, 141, 167, 175, 196, 197, 201, 205, 216, 220, 223, 224, 231, 239, 249]
Iter#74 New set #1 of size 29 (74.0 its/hit = 0.000s/hit): seed=12307062226608516729 [32, 34, 42, 47, 56, 58, 59, 62, 96, 98, 107, 110, 120, 122, 127, 143, 158, 159, 160, 162, 184, 186, 203, 210, 218, 224, 226, 248, 250]
Iter#234 New set #2 of size 29 (117.0 its/hit = 0.000s/hit): seed=9038363380911002948 [12, 14, 20, 44, 46, 53, 65, 76, 78, 80, 96, 108, 110, 113, 144, 148, 150, 156, 161, 177, 180, 182, 197, 212, 214, 228, 244, 245, 246]
Iter#321 New set #3 of size 29 (107.0 its/hit = 0.000s/hit): seed=12362991025185968851 [2, 3, 36, 38, 60, 62, 82, 83, 100, 102, 103, 124, 126, 150, 151, 162, 163, 164, 166, 178, 188, 190, 198, 199, 228, 230, 238, 252, 254]
Iter#460 New set #4 of size 29 (115.0 its/hit = 0.000s/hit): seed=11236182394366569186 [8, 12, 32, 34, 56, 57, 58, 61, 88, 92, 96, 98, 105, 109, 120, 122, 160, 162, 184, 186, 201, 205, 224, 226, 236, 240, 248, 250, 252]
Iter#724 New set #5 of size 29 (144.8 its/hit = 0.000s/hit): seed=7041733734059587962 [5, 13, 16, 39, 47, 49, 64, 69, 77, 97, 100, 103, 111, 133, 141, 148, 167, 175, 181, 193, 196, 197, 205, 209, 221, 224, 229, 231, 239]
Iter#736 New set #6 of size 29 (122.7 its/hit = 0.000s/hit): seed=3852967296286982016 [16, 36, 38, 49, 60, 62, 64, 69, 97, 100, 102, 124, 126, 148, 164, 166, 181, 188, 190, 193, 196, 224, 228, 229, 230, 236, 240, 252, 254]
Iter#783 New set #7 of size 29 (111.9 its/hit = 0.000s/hit): seed=10471438490233410661 [1, 6, 7, 9, 22, 35, 43, 50, 51, 65, 73, 98, 99, 107, 129, 137, 163, 166, 167, 171, 193, 194, 195, 201, 219, 227, 235, 246, 247]
Iter#949 New set #8 of size 29 (118.6 its/hit = 0.000s/hit): seed=4504111020205090489 [25, 29, 31, 40, 44, 61, 63, 93, 95, 105, 125, 127, 137, 141, 149, 151, 181, 183, 184, 188, 213, 215, 217, 221, 229, 232, 236, 245, 247]
Iter#957 New set #9 of size 29 (106.3 its/hit = 0.000s/hit): seed=6031050707563319934 [1, 2, 3, 9, 35, 43, 65, 73, 82, 83, 99, 102, 103, 107, 119, 129, 137, 150, 151, 162, 163, 171, 187, 193, 198, 199, 201, 227, 235]
Iter#959 New set #10 of size 29 (95.9 its/hit = 0.000s/hit): seed=4092945431035790045 [5, 6, 7, 13, 39, 47, 50, 51, 69, 77, 98, 99, 103, 111, 133, 141, 159, 166, 167, 175, 194, 195, 197, 205, 210, 231, 239, 246, 247]
Iter#1957 New set #20 of size 29 (97.8 its/hit = 0.000s/hit): seed=3259976041977081125 [5, 17, 19, 25, 27, 36, 48, 49, 51, 57, 59, 81, 83, 85, 89, 91, 105, 113, 115, 116, 121, 123, 129, 149, 160, 180, 209, 229, 240]
Iter#3268 New set #30 of size 29 (108.9 its/hit = 0.000s/hit): seed=3167384620231729742 [12, 14, 25, 29, 40, 44, 46, 76, 78, 88, 108, 110, 137, 141, 148, 150, 180, 182, 184, 188, 196, 212, 214, 217, 221, 232, 236, 244, 246]
Iter#4342 New set #40 of size 29 (108.6 its/hit = 0.000s/hit): seed=7853799515120961104 [2, 12, 14, 38, 39, 44, 46, 76, 78, 94, 108, 110, 114, 115, 118, 119, 148, 150, 178, 179, 180, 182, 183, 212, 214, 226, 227, 244, 246]
Iter#5904 New set #50 of size 29 (118.1 its/hit = 0.000s/hit): seed=2844370955741393752 [5, 6, 7, 13, 39, 47, 50, 51, 69, 77, 98, 99, 103, 111, 133, 141, 159, 166, 167, 175, 194, 195, 197, 205, 210, 231, 239, 246, 247]
Iter#7644 New set #60 of size 29 (127.4 its/hit = 0.000s/hit): seed=204859269705450274 [1, 9, 13, 35, 43, 56, 60, 65, 73, 89, 93, 99, 104, 107, 108, 129, 137, 140, 152, 156, 163, 169, 171, 173, 177, 193, 201, 227, 235]
Iter#9234 New set #70 of size 29 (131.9 its/hit = 0.000s/hit): seed=12162697966281149471 [17, 19, 25, 27, 49, 51, 57, 59, 72, 73, 76, 77, 81, 83, 89, 91, 113, 115, 120, 121, 123, 124, 125, 136, 140, 156, 161, 185, 189]
Iter#10710 New set #80 of size 29 (133.9 its/hit = 0.000s/hit): seed=2651149175683022918 [2, 3, 36, 38, 60, 62, 82, 83, 100, 102, 103, 124, 126, 150, 151, 162, 163, 164, 166, 178, 188, 190, 198, 199, 228, 230, 238, 252, 254]
Iter#12040 New set #90 of size 29 (133.8 its/hit = 0.000s/hit): seed=3588205200166605099 [5, 8, 10, 16, 17, 18, 36, 40, 42, 48, 50, 72, 74, 80, 82, 85, 88, 104, 106, 112, 114, 116, 129, 149, 160, 180, 196, 209, 240]
Iter#13597 New set #100 of size 29 (136.0 its/hit = 0.000s/hit): seed=9919194541976269991 [1, 8, 9, 12, 35, 43, 57, 61, 65, 73, 88, 92, 99, 105, 107, 109, 129, 137, 163, 171, 193, 201, 205, 209, 221, 227, 235, 248, 252]
Iter#26967 New set #200 of size 29 (134.8 its/hit = 0.000s/hit): seed=16333487246190660178 [25, 29, 31, 40, 44, 61, 63, 93, 95, 105, 125, 127, 137, 141, 149, 151, 181, 183, 184, 188, 213, 215, 217, 221, 229, 232, 236, 245, 247]
Iter#40422 New set #300 of size 29 (134.7 its/hit = 0.000s/hit): seed=8833705843277119799 [2, 12, 14, 38, 39, 44, 46, 76, 78, 94, 108, 110, 114, 115, 118, 119, 148, 150, 178, 179, 180, 182, 183, 212, 214, 226, 227, 244, 246]
Iter#54205 New set #400 of size 29 (135.5 its/hit = 0.000s/hit): seed=10286232236371409898 [1, 4, 5, 13, 32, 37, 39, 47, 69, 77, 81, 103, 111, 112, 128, 133, 141, 144, 161, 164, 167, 175, 189, 197, 205, 213, 231, 239, 244]
Iter#66812 New set #500 of size 29 (133.6 its/hit = 0.000s/hit): seed=16038599772929164426 [29, 31, 37, 61, 63, 72, 73, 76, 77, 93, 95, 120, 121, 124, 125, 127, 136, 140, 149, 151, 152, 181, 183, 185, 189, 213, 215, 245, 247]
Iter#80893 New set #600 of size 29 (134.8 its/hit = 0.000s/hit): seed=4632605885935702104 [8, 12, 32, 34, 56, 57, 58, 61, 88, 92, 96, 98, 105, 109, 120, 122, 160, 162, 184, 186, 201, 205, 224, 226, 236, 240, 248, 250, 252]
Iter#96655 New set #700 of size 29 (138.1 its/hit = 0.000s/hit): seed=9525373337289157326 [29, 31, 37, 61, 63, 72, 73, 76, 77, 93, 95, 120, 121, 124, 125, 127, 136, 140, 149, 151, 152, 181, 183, 185, 189, 213, 215, 245, 247]
Iter#112495 New set #800 of size 29 (140.6 its/hit = 0.000s/hit): seed=12089697920603196748 [2, 12, 14, 38, 39, 44, 46, 76, 78, 94, 108, 110, 114, 115, 118, 119, 148, 150, 178, 179, 180, 182, 183, 212, 214, 226, 227, 244, 246]
Iter#126196 New set #900 of size 29 (140.2 its/hit = 0.001s/hit): seed=14132353694650476725 [6, 10, 12, 14, 27, 43, 44, 46, 58, 76, 78, 95, 108, 110, 111, 126, 142, 148, 150, 159, 180, 182, 202, 203, 212, 214, 219, 244, 246]
Iter#142972 New set #1000 of size 29 (143.0 its/hit = 0.001s/hit): seed=16660594309212891048 [5, 9, 13, 39, 47, 53, 56, 60, 69, 77, 89, 93, 103, 104, 108, 111, 133, 136, 141, 152, 156, 167, 169, 173, 175, 197, 205, 231, 239]
Iter#282787 New set #2000 of size 29 (141.4 its/hit = 0.001s/hit): seed=13915258988354664188 [17, 19, 25, 27, 49, 51, 57, 59, 72, 73, 76, 77, 81, 83, 89, 91, 113, 115, 120, 121, 123, 124, 125, 136, 140, 156, 161, 185, 189]
Iter#430678 New set #3000 of size 29 (143.6 its/hit = 0.001s/hit): seed=12345329143708857201 [5, 6, 7, 13, 39, 47, 50, 51, 69, 77, 98, 99, 103, 111, 133, 141, 159, 166, 167, 175, 194, 195, 197, 205, 210, 231, 239, 246, 247]
Iter#573960 New set #4000 of size 29 (143.5 its/hit = 0.001s/hit): seed=12403650076678687441 [8, 10, 16, 18, 20, 37, 40, 42, 48, 50, 53, 65, 72, 74, 80, 82, 96, 104, 106, 112, 113, 114, 144, 152, 177, 197, 212, 228, 245]
Iter#705699 New set #5000 of size 29 (141.1 its/hit = 0.001s/hit): seed=8259634222523793024 [1, 9, 16, 35, 43, 49, 64, 65, 69, 73, 85, 97, 99, 100, 107, 129, 137, 148, 163, 171, 181, 193, 196, 201, 217, 224, 227, 229, 235]
Iter#841797 New set #6000 of size 29 (140.3 its/hit = 0.001s/hit): seed=13775291441500053587 [5, 6, 7, 13, 39, 47, 50, 51, 69, 77, 98, 99, 103, 111, 133, 141, 159, 166, 167, 175, 194, 195, 197, 205, 210, 231, 239, 246, 247]
Iter#972808 New set #7000 of size 29 (139.0 its/hit = 0.001s/hit): seed=13687917211450659672 [5, 17, 29, 31, 36, 48, 61, 63, 85, 93, 95, 97, 109, 116, 125, 127, 129, 149, 151, 160, 180, 181, 183, 209, 213, 215, 240, 245, 247]
Iter#1113196 New set #8000 of size 29 (139.1 its/hit = 0.001s/hit): seed=12250704034375725753 [1, 2, 3, 9, 35, 43, 65, 73, 82, 83, 99, 102, 103, 107, 119, 129, 137, 150, 151, 162, 163, 171, 187, 193, 198, 199, 201, 227, 235]
Iter#1255081 New set #9000 of size 29 (139.5 its/hit = 0.001s/hit): seed=8243667008562713521 [1, 4, 32, 34, 37, 53, 56, 58, 81, 96, 98, 112, 120, 122, 128, 133, 136, 160, 161, 162, 164, 184, 186, 213, 224, 226, 244, 248, 250]
Iter#1391312 New set #10000 of size 29 (139.1 its/hit = 0.001s/hit): seed=7066972420587014758 [7, 10, 27, 29, 31, 43, 58, 61, 63, 78, 93, 95, 111, 125, 126, 127, 142, 149, 151, 159, 181, 183, 202, 213, 215, 218, 219, 245, 247]
Iter#2804735 New set #20000 of size 29 (140.2 its/hit = 0.001s/hit): seed=7435072616159024707 [6, 7, 23, 32, 34, 50, 51, 56, 58, 96, 98, 99, 120, 122, 160, 162, 166, 167, 184, 186, 194, 195, 202, 224, 226, 246, 247, 248, 250]
Iter#4221251 New set #30000 of size 29 (140.7 its/hit = 0.001s/hit): seed=11157382026509185655 [5, 12, 14, 17, 36, 44, 46, 48, 64, 76, 78, 85, 92, 108, 110, 116, 129, 148, 149, 150, 160, 180, 182, 209, 212, 214, 240, 244, 246]
Iter#5638132 New set #40000 of size 29 (141.0 its/hit = 0.001s/hit): seed=3438289590518514295 [3, 29, 31, 38, 39, 61, 63, 79, 93, 95, 114, 115, 118, 119, 125, 127, 149, 151, 178, 179, 181, 182, 183, 213, 215, 226, 227, 245, 247]
Iter#7011839 New set #50000 of size 29 (140.2 its/hit = 0.001s/hit): seed=17974590655163533464 [5, 8, 12, 13, 39, 47, 57, 61, 69, 77, 85, 88, 92, 103, 105, 109, 111, 133, 141, 167, 175, 197, 201, 205, 217, 231, 239, 248, 252]
Iter#8422809 New set #60000 of size 29 (140.4 its/hit = 0.001s/hit): seed=15940338462513504112 [20, 29, 31, 53, 61, 63, 65, 80, 93, 95, 96, 113, 125, 127, 128, 144, 149, 151, 173, 177, 181, 183, 197, 212, 213, 215, 228, 245, 247]
Iter#9784175 New set #70000 of size 29 (139.8 its/hit = 0.001s/hit): seed=3062818068209211869 [7, 8, 10, 16, 18, 19, 22, 23, 34, 35, 40, 42, 48, 50, 72, 74, 80, 82, 104, 106, 112, 114, 210, 211, 214, 215, 218, 230, 231]
Iter#11201268 New set #80000 of size 29 (140.0 its/hit = 0.001s/hit): seed=15099706760015376269 [5, 8, 10, 16, 17, 18, 36, 40, 42, 48, 50, 72, 74, 80, 82, 85, 88, 104, 106, 112, 114, 116, 129, 149, 160, 180, 196, 209, 240]
Iter#12593370 New set #90000 of size 29 (139.9 its/hit = 0.001s/hit): seed=14171703422662642672 [1, 9, 35, 42, 43, 47, 59, 62, 65, 73, 99, 107, 110, 122, 127, 129, 137, 142, 143, 158, 163, 171, 193, 201, 203, 211, 218, 227, 235]
Iter#13987290 New set #100000 of size 29 (139.9 its/hit = 0.001s/hit): seed=15574607179420358671 [2, 8, 10, 16, 18, 40, 42, 46, 48, 50, 63, 72, 74, 80, 82, 94, 104, 106, 112, 114, 123, 170, 175, 187, 190, 235, 238, 250, 255]
Iter#27922816 New set #200000 of size 29 (139.6 its/hit = 0.001s/hit): seed=13004666491661327772 [8, 10, 16, 18, 27, 40, 42, 43, 48, 50, 58, 72, 74, 78, 80, 82, 95, 104, 106, 111, 112, 114, 126, 142, 143, 159, 194, 202, 219]
