[*] Computing DDT
[+] DDT Computed
DDT took 3.055477ms
Iter#1 New set #1 of size 18 (1.0 its/hit = 0.000s/hit): seed=4720505826192273391 [15, 22, 41, 56, 69, 72, 81, 94, 106, 115, 135, 152, 158, 183, 192, 209, 217, 236]
Iter#2 New set #1 of size 29 (2.0 its/hit = 0.000s/hit): seed=303180567998634042 [8, 10, 17, 25, 27, 40, 43, 51, 58, 76, 87, 92, 110, 111, 117, 130, 132, 153, 160, 167, 187, 192, 196, 209, 223, 227, 230, 242, 253]
Iter#23 New set #2 of size 29 (11.5 its/hit = 0.000s/hit): seed=13740559100380724196 [1, 13, 26, 35, 46, 56, 72, 77, 86, 89, 107, 111, 116, 122, 137, 146, 171, 176, 196, 197, 199, 213, 214, 215, 222, 231, 246, 251, 252]
Iter#28 New set #3 of size 29 (9.3 its/hit = 0.000s/hit): seed=15036000070984109951 [5, 14, 20, 23, 32, 36, 49, 61, 65, 70, 81, 87, 88, 99, 107, 114, 134, 139, 154, 159, 174, 191, 200, 201, 208, 217, 237, 242, 252]
Iter#41 New set #1 of size 31 (41.0 its/hit = 0.000s/hit): seed=8993004643958531412 [0, 17, 27, 34, 36, 53, 57, 66, 70, 83, 93, 100, 102, 119, 127, 136, 143, 147, 158, 170, 171, 177, 186, 205, 206, 213, 220, 233, 236, 247, 248]
Iter#97 New set #2 of size 31 (48.5 its/hit = 0.000s/hit): seed=1580596415962881233 [0, 10, 17, 36, 40, 51, 53, 66, 76, 83, 87, 102, 110, 117, 119, 130, 143, 153, 158, 160, 171, 186, 187, 196, 205, 220, 223, 230, 233, 248, 253]
Iter#102 New set #3 of size 31 (34.0 its/hit = 0.000s/hit): seed=528561639280059624 [1, 6, 23, 26, 34, 35, 51, 56, 68, 77, 85, 86, 96, 111, 113, 116, 137, 146, 152, 171, 173, 176, 188, 197, 203, 218, 222, 231, 239, 252, 254]
Iter#106 New set #4 of size 31 (26.5 its/hit = 0.000s/hit): seed=9597868516214829756 [0, 1, 17, 26, 35, 36, 53, 56, 66, 77, 83, 86, 102, 111, 116, 119, 137, 143, 146, 158, 171, 176, 186, 197, 205, 220, 222, 231, 233, 248, 252]
Iter#158 New set #5 of size 31 (31.6 its/hit = 0.000s/hit): seed=10045577618345291814 [0, 6, 23, 27, 34, 51, 57, 68, 70, 85, 93, 96, 100, 113, 127, 136, 137, 147, 152, 170, 173, 177, 188, 203, 206, 213, 218, 236, 239, 247, 254]
Iter#200 New set #6 of size 31 (33.3 its/hit = 0.000s/hit): seed=15906547900697815364 [0, 17, 27, 34, 36, 53, 57, 66, 70, 83, 93, 100, 102, 119, 127, 136, 143, 147, 158, 170, 171, 177, 186, 205, 206, 213, 220, 233, 236, 247, 248]
Iter#312 New set #7 of size 31 (44.6 its/hit = 0.000s/hit): seed=16720217324344844354 [0, 2, 19, 27, 34, 39, 54, 57, 65, 70, 80, 93, 100, 117, 127, 136, 140, 147, 157, 169, 170, 177, 184, 206, 207, 213, 222, 234, 236, 247, 251]
Iter#334 New set #8 of size 31 (41.8 its/hit = 0.000s/hit): seed=6256652121317750812 [6, 11, 16, 23, 34, 41, 50, 51, 68, 71, 85, 92, 96, 101, 113, 126, 131, 137, 152, 161, 173, 186, 188, 203, 207, 212, 218, 237, 239, 246, 254]
Iter#338 New set #9 of size 31 (37.6 its/hit = 0.000s/hit): seed=11762249107134571323 [6, 11, 16, 23, 34, 41, 50, 51, 68, 71, 85, 92, 96, 101, 113, 126, 131, 137, 152, 161, 173, 186, 188, 203, 207, 212, 218, 237, 239, 246, 254]
Iter#382 New set #10 of size 31 (38.2 its/hit = 0.000s/hit): seed=13309819379531609825 [0, 2, 19, 27, 34, 39, 54, 57, 65, 70, 80, 93, 100, 117, 127, 136, 140, 147, 157, 169, 170, 177, 184, 206, 207, 213, 222, 234, 236, 247, 251]
Iter#977 New set #20 of size 31 (48.8 its/hit = 0.000s/hit): seed=10080592908891122351 [0, 1, 17, 26, 35, 36, 53, 56, 66, 77, 83, 86, 102, 111, 116, 119, 137, 143, 146, 158, 171, 176, 186, 197, 205, 220, 222, 231, 233, 248, 252]
Iter#1422 New set #30 of size 31 (47.4 its/hit = 0.000s/hit): seed=15498219789176134500 [0, 10, 17, 36, 40, 51, 53, 66, 76, 83, 87, 102, 110, 117, 119, 130, 143, 153, 158, 160, 171, 186, 187, 196, 205, 220, 223, 230, 233, 248, 253]
Iter#1679 New set #40 of size 31 (42.0 its/hit = 0.000s/hit): seed=2160410394604373972 [0, 10, 17, 36, 40, 51, 53, 66, 76, 83, 87, 102, 110, 117, 119, 130, 143, 153, 158, 160, 171, 186, 187, 196, 205, 220, 223, 230, 233, 248, 253]
Iter#2404 New set #50 of size 31 (48.1 its/hit = 0.000s/hit): seed=17770217345917176682 [0, 10, 17, 36, 40, 51, 53, 66, 76, 83, 87, 102, 110, 117, 119, 130, 143, 153, 158, 160, 171, 186, 187, 196, 205, 220, 223, 230, 233, 248, 253]
Iter#3129 New set #60 of size 31 (52.2 its/hit = 0.000s/hit): seed=2982745838775789984 [2, 10, 17, 19, 39, 40, 51, 54, 65, 76, 80, 87, 100, 110, 117, 130, 140, 153, 157, 160, 169, 184, 187, 196, 207, 222, 223, 230, 234, 251, 253]
Iter#3719 New set #70 of size 31 (53.1 its/hit = 0.000s/hit): seed=11017153723866755663 [0, 1, 17, 26, 35, 36, 53, 56, 66, 77, 83, 86, 102, 111, 116, 119, 137, 143, 146, 158, 171, 176, 186, 197, 205, 220, 222, 231, 233, 248, 252]
Iter#4738 New set #80 of size 31 (59.2 its/hit = 0.000s/hit): seed=12349443044258588570 [1, 2, 19, 26, 35, 39, 54, 56, 65, 77, 80, 86, 100, 111, 116, 117, 137, 140, 146, 157, 169, 171, 176, 184, 197, 207, 222, 231, 234, 251, 252]
Iter#5327 New set #90 of size 31 (59.2 its/hit = 0.000s/hit): seed=2749227644949937954 [1, 2, 19, 26, 35, 39, 54, 56, 65, 77, 80, 86, 100, 111, 116, 117, 137, 140, 146, 157, 169, 171, 176, 184, 197, 207, 222, 231, 234, 251, 252]
Iter#6379 New set #100 of size 31 (63.8 its/hit = 0.000s/hit): seed=13463133636334184747 [0, 11, 16, 17, 36, 41, 50, 53, 66, 71, 83, 92, 101, 102, 119, 126, 131, 143, 152, 158, 161, 171, 186, 205, 207, 212, 220, 233, 237, 246, 248]
Iter#12985 New set #200 of size 31 (64.9 its/hit = 0.000s/hit): seed=11024704800063634058 [0, 1, 17, 26, 35, 36, 53, 56, 66, 77, 83, 86, 102, 111, 116, 119, 137, 143, 146, 158, 171, 176, 186, 197, 205, 220, 222, 231, 233, 248, 252]
Iter#18250 New set #300 of size 31 (60.8 its/hit = 0.000s/hit): seed=2132412991884791755 [0, 10, 17, 36, 40, 51, 53, 66, 76, 83, 87, 102, 110, 117, 119, 130, 143, 153, 158, 160, 171, 186, 187, 196, 205, 220, 223, 230, 233, 248, 253]
Iter#24487 New set #400 of size 31 (61.2 its/hit = 0.000s/hit): seed=1208209436372950857 [0, 2, 19, 27, 34, 39, 54, 57, 65, 70, 80, 93, 100, 117, 127, 136, 140, 147, 157, 169, 170, 177, 184, 206, 207, 213, 222, 234, 236, 247, 251]
Iter#30387 New set #500 of size 31 (60.8 its/hit = 0.000s/hit): seed=17063664230503702643 [0, 1, 17, 26, 35, 36, 53, 56, 66, 77, 83, 86, 102, 111, 116, 119, 137, 143, 146, 158, 171, 176, 186, 197, 205, 220, 222, 231, 233, 248, 252]
Iter#36118 New set #600 of size 31 (60.2 its/hit = 0.000s/hit): seed=7502809342314534024 [0, 10, 17, 36, 40, 51, 53, 66, 76, 83, 87, 102, 110, 117, 119, 130, 143, 153, 158, 160, 171, 186, 187, 196, 205, 220, 223, 230, 233, 248, 253]
Iter#42613 New set #700 of size 31 (60.9 its/hit = 0.000s/hit): seed=1261469428836973800 [0, 2, 19, 27, 34, 39, 54, 57, 65, 70, 80, 93, 100, 117, 127, 136, 140, 147, 157, 169, 170, 177, 184, 206, 207, 213, 222, 234, 236, 247, 251]
Iter#48885 New set #800 of size 31 (61.1 its/hit = 0.000s/hit): seed=9137429503893992974 [0, 1, 17, 26, 35, 36, 53, 56, 66, 77, 83, 86, 102, 111, 116, 119, 137, 143, 146, 158, 171, 176, 186, 197, 205, 220, 222, 231, 233, 248, 252]
Iter#54400 New set #900 of size 31 (60.4 its/hit = 0.000s/hit): seed=8306444120598262903 [0, 10, 17, 36, 40, 51, 53, 66, 76, 83, 87, 102, 110, 117, 119, 130, 143, 153, 158, 160, 171, 186, 187, 196, 205, 220, 223, 230, 233, 248, 253]
Iter#59828 New set #1000 of size 31 (59.8 its/hit = 0.000s/hit): seed=18256864790672555576 [0, 2, 19, 27, 34, 39, 54, 57, 65, 70, 80, 93, 100, 117, 127, 136, 140, 147, 157, 169, 170, 177, 184, 206, 207, 213, 222, 234, 236, 247, 251]
Iter#121399 New set #2000 of size 31 (60.7 its/hit = 0.000s/hit): seed=9465933759588925221 [0, 5, 20, 27, 32, 34, 49, 57, 70, 87, 93, 99, 100, 114, 127, 136, 139, 147, 154, 170, 174, 177, 191, 200, 206, 213, 217, 236, 237, 247, 252]
Iter#183380 New set #3000 of size 31 (61.1 its/hit = 0.000s/hit): seed=5989076418888635648 [0, 10, 17, 36, 40, 51, 53, 66, 76, 83, 87, 102, 110, 117, 119, 130, 143, 153, 158, 160, 171, 186, 187, 196, 205, 220, 223, 230, 233, 248, 253]
Iter#241291 New set #4000 of size 31 (60.3 its/hit = 0.000s/hit): seed=13676971627634270797 [0, 1, 17, 26, 35, 36, 53, 56, 66, 77, 83, 86, 102, 111, 116, 119, 137, 143, 146, 158, 171, 176, 186, 197, 205, 220, 222, 231, 233, 248, 252]
Iter#302310 New set #5000 of size 31 (60.5 its/hit = 0.000s/hit): seed=17370309303094419615 [0, 1, 17, 26, 35, 36, 53, 56, 66, 77, 83, 86, 102, 111, 116, 119, 137, 143, 146, 158, 171, 176, 186, 197, 205, 220, 222, 231, 233, 248, 252]
Iter#365903 New set #6000 of size 31 (61.0 its/hit = 0.001s/hit): seed=9148130708848858118 [0, 5, 20, 27, 32, 34, 49, 57, 70, 87, 93, 99, 100, 114, 127, 136, 139, 147, 154, 170, 174, 177, 191, 200, 206, 213, 217, 236, 237, 247, 252]
Iter#429414 New set #7000 of size 31 (61.3 its/hit = 0.000s/hit): seed=12238638957937229194 [0, 11, 16, 17, 36, 41, 50, 53, 66, 71, 83, 92, 101, 102, 119, 126, 131, 143, 152, 158, 161, 171, 186, 205, 207, 212, 220, 233, 237, 246, 248]
Iter#490841 New set #8000 of size 31 (61.4 its/hit = 0.000s/hit): seed=10526173536381534280 [2, 10, 17, 19, 39, 40, 51, 54, 65, 76, 80, 87, 100, 110, 117, 130, 140, 153, 157, 160, 169, 184, 187, 196, 207, 222, 223, 230, 234, 251, 253]
Iter#552971 New set #9000 of size 31 (61.4 its/hit = 0.000s/hit): seed=11280557389236035430 [0, 10, 17, 36, 40, 51, 53, 66, 76, 83, 87, 102, 110, 117, 119, 130, 143, 153, 158, 160, 171, 186, 187, 196, 205, 220, 223, 230, 233, 248, 253]
Iter#616704 New set #10000 of size 31 (61.7 its/hit = 0.000s/hit): seed=16640485772847248779 [0, 5, 20, 27, 32, 34, 49, 57, 70, 87, 93, 99, 100, 114, 127, 136, 139, 147, 154, 170, 174, 177, 191, 200, 206, 213, 217, 236, 237, 247, 252]
Iter#1229842 New set #20000 of size 31 (61.5 its/hit = 0.000s/hit): seed=12650271978951477300 [1, 2, 19, 26, 35, 39, 54, 56, 65, 77, 80, 86, 100, 111, 116, 117, 137, 140, 146, 157, 169, 171, 176, 184, 197, 207, 222, 231, 234, 251, 252]
Iter#1851307 New set #30000 of size 31 (61.7 its/hit = 0.001s/hit): seed=15968389699794750911 [0, 1, 17, 26, 35, 36, 53, 56, 66, 77, 83, 86, 102, 111, 116, 119, 137, 143, 146, 158, 171, 176, 186, 197, 205, 220, 222, 231, 233, 248, 252]
Iter#2477980 New set #40000 of size 31 (61.9 its/hit = 0.001s/hit): seed=11970069883910493990 [0, 2, 19, 27, 34, 39, 54, 57, 65, 70, 80, 93, 100, 117, 127, 136, 140, 147, 157, 169, 170, 177, 184, 206, 207, 213, 222, 234, 236, 247, 251]
Iter#3107404 New set #50000 of size 31 (62.1 its/hit = 0.001s/hit): seed=8021244675362973704 [0, 10, 17, 36, 40, 51, 53, 66, 76, 83, 87, 102, 110, 117, 119, 130, 143, 153, 158, 160, 171, 186, 187, 196, 205, 220, 223, 230, 233, 248, 253]
Iter#3733828 New set #60000 of size 31 (62.2 its/hit = 0.001s/hit): seed=2973752576848310043 [0, 11, 16, 17, 36, 41, 50, 53, 66, 71, 83, 92, 101, 102, 119, 126, 131, 143, 152, 158, 161, 171, 186, 205, 207, 212, 220, 233, 237, 246, 248]
Iter#4360234 New set #70000 of size 31 (62.3 its/hit = 0.001s/hit): seed=13650839324990459208 [0, 2, 19, 27, 34, 39, 54, 57, 65, 70, 80, 93, 100, 117, 127, 136, 140, 147, 157, 169, 170, 177, 184, 206, 207, 213, 222, 234, 236, 247, 251]
Iter#4989662 New set #80000 of size 31 (62.4 its/hit = 0.001s/hit): seed=16849618431577830426 [0, 1, 17, 26, 35, 36, 53, 56, 66, 77, 83, 86, 102, 111, 116, 119, 137, 143, 146, 158, 171, 176, 186, 197, 205, 220, 222, 231, 233, 248, 252]
Iter#5608066 New set #90000 of size 31 (62.3 its/hit = 0.001s/hit): seed=251214064688007676 [0, 10, 17, 36, 40, 51, 53, 66, 76, 83, 87, 102, 110, 117, 119, 130, 143, 153, 158, 160, 171, 186, 187, 196, 205, 220, 223, 230, 233, 248, 253]
Iter#6229848 New set #100000 of size 31 (62.3 its/hit = 0.001s/hit): seed=16362273818864402296 [0, 5, 20, 27, 32, 34, 49, 57, 70, 87, 93, 99, 100, 114, 127, 136, 139, 147, 154, 170, 174, 177, 191, 200, 206, 213, 217, 236, 237, 247, 252]
Iter#12423497 New set #200000 of size 31 (62.1 its/hit = 0.001s/hit): seed=12526281632108602225 [1, 2, 19, 26, 35, 39, 54, 56, 65, 77, 80, 86, 100, 111, 116, 117, 137, 140, 146, 157, 169, 171, 176, 184, 197, 207, 222, 231, 234, 251, 252]
Iter#18641260 New set #300000 of size 31 (62.1 its/hit = 0.001s/hit): seed=2299647144144233865 [0, 2, 19, 27, 34, 39, 54, 57, 65, 70, 80, 93, 100, 117, 127, 136, 140, 147, 157, 169, 170, 177, 184, 206, 207, 213, 222, 234, 236, 247, 251]
Iter#24856308 New set #400000 of size 31 (62.1 its/hit = 0.001s/hit): seed=1951551632270015936 [0, 6, 23, 27, 34, 51, 57, 68, 70, 85, 93, 96, 100, 113, 127, 136, 137, 147, 152, 170, 173, 177, 188, 203, 206, 213, 218, 236, 239, 247, 254]
Iter#31084906 New set #500000 of size 31 (62.2 its/hit = 0.001s/hit): seed=8557612406423957986 [0, 6, 23, 27, 34, 51, 57, 68, 70, 85, 93, 96, 100, 113, 127, 136, 137, 147, 152, 170, 173, 177, 188, 203, 206, 213, 218, 236, 239, 247, 254]
