[*] Computing DDT
[+] DDT Computed
DDT took 2.108146ms
Iter#1 New set #1 of size 23 (1.0 its/hit = 0.000s/hit): seed=17837286980036451375 [34, 36, 48, 59, 62, 98, 112, 115, 118, 121, 126, 164, 176, 177, 182, 184, 187, 194, 209, 214, 216, 217, 219]
Iter#4 New set #2 of size 23 (2.0 its/hit = 0.000s/hit): seed=10810945688189066582 [35, 37, 39, 51, 59, 61, 99, 101, 105, 121, 123, 124, 125, 144, 148, 152, 163, 167, 169, 185, 187, 188, 248]
Iter#5 New set #3 of size 23 (1.7 its/hit = 0.000s/hit): seed=9197230963728409556 [33, 38, 42, 43, 59, 99, 105, 107, 113, 119, 193, 195, 198, 203, 207, 213, 215, 225, 233, 234, 235, 241, 245]
Iter#6 New set #4 of size 23 (1.5 its/hit = 0.000s/hit): seed=9441180973191684370 [33, 37, 39, 57, 63, 82, 97, 103, 113, 115, 121, 123, 127, 141, 143, 149, 165, 171, 177, 179, 185, 187, 191]
Iter#11 New set #1 of size 24 (11.0 its/hit = 0.000s/hit): seed=14412769945411605645 [36, 43, 44, 47, 60, 62, 103, 106, 107, 108, 120, 124, 135, 140, 143, 152, 158, 167, 170, 171, 172, 175, 190, 227]
Iter#17 New set #2 of size 24 (8.5 its/hit = 0.000s/hit): seed=5795321884932358904 [3, 4, 7, 9, 12, 25, 29, 67, 71, 73, 76, 89, 93, 101, 104, 109, 132, 135, 137, 143, 147, 193, 203, 223]
Iter#18 New set #3 of size 24 (6.0 its/hit = 0.000s/hit): seed=17924822417974800981 [34, 39, 42, 43, 44, 62, 66, 68, 71, 76, 78, 79, 99, 164, 175, 184, 188, 228, 231, 234, 235, 236, 239, 248]
Iter#19 New set #4 of size 24 (4.8 its/hit = 0.000s/hit): seed=5665456240285302464 [33, 35, 39, 41, 57, 63, 96, 97, 103, 104, 107, 121, 125, 127, 131, 136, 137, 139, 227, 232, 233, 249, 253, 255]
Iter#21 New set #5 of size 24 (4.2 its/hit = 0.000s/hit): seed=8761449883002049325 [68, 71, 76, 77, 79, 89, 129, 132, 133, 141, 143, 155, 159, 160, 164, 175, 185, 187, 224, 228, 229, 231, 236, 239]
Iter#23 New set #6 of size 24 (3.8 its/hit = 0.000s/hit): seed=4339735341263650537 [11, 35, 37, 39, 59, 61, 66, 69, 70, 86, 89, 98, 99, 101, 118, 121, 123, 125, 226, 229, 231, 246, 249, 253]
Iter#27 New set #1 of size 25 (27.0 its/hit = 0.000s/hit): seed=1155421606881552406 [1, 3, 11, 14, 15, 21, 23, 129, 131, 134, 137, 143, 149, 151, 161, 169, 170, 171, 177, 183, 227, 230, 233, 234, 241]
Iter#30 New set #1 of size 26 (30.0 its/hit = 0.000s/hit): seed=12714798569999486179 [10, 13, 14, 19, 21, 34, 37, 39, 42, 43, 45, 51, 66, 71, 77, 78, 79, 81, 85, 130, 133, 138, 141, 142, 143, 147]
Iter#40 New set #1 of size 27 (40.0 its/hit = 0.000s/hit): seed=13137272409472673279 [33, 45, 49, 51, 56, 57, 59, 60, 141, 144, 147, 149, 152, 153, 171, 173, 179, 184, 188, 235, 239, 240, 241, 243, 249, 251, 252]
Iter#45 New set #2 of size 27 (22.5 its/hit = 0.000s/hit): seed=581076433457814797 [4, 6, 8, 9, 18, 20, 22, 64, 68, 70, 78, 84, 86, 101, 102, 104, 105, 110, 128, 129, 132, 137, 142, 146, 148, 152, 247]
Iter#121 New set #3 of size 27 (40.3 its/hit = 0.000s/hit): seed=17648506173228528845 [8, 10, 13, 20, 24, 30, 34, 37, 42, 44, 45, 56, 58, 130, 132, 133, 136, 138, 141, 152, 228, 229, 233, 234, 236, 250, 254]
Iter#123 New set #4 of size 27 (30.8 its/hit = 0.000s/hit): seed=11696522740443223900 [68, 71, 76, 77, 79, 81, 87, 105, 108, 111, 113, 115, 125, 132, 133, 136, 141, 143, 147, 151, 228, 229, 231, 233, 236, 239, 241]
Iter#147 New set #5 of size 27 (29.4 its/hit = 0.000s/hit): seed=1793990301636131287 [4, 6, 8, 9, 18, 20, 22, 64, 68, 70, 78, 84, 86, 101, 102, 104, 105, 110, 128, 129, 132, 137, 142, 146, 148, 152, 247]
Iter#178 New set #6 of size 27 (29.7 its/hit = 0.000s/hit): seed=15133313950635000154 [2, 6, 16, 22, 24, 25, 30, 130, 132, 134, 148, 150, 153, 162, 177, 182, 184, 185, 189, 196, 198, 208, 209, 212, 214, 216, 222]
Iter#196 New set #7 of size 27 (28.0 its/hit = 0.000s/hit): seed=18083542425560136874 [42, 49, 54, 56, 57, 60, 64, 76, 80, 81, 85, 86, 88, 94, 138, 142, 144, 149, 150, 152, 153, 158, 204, 206, 209, 213, 222]
Iter#223 New set #8 of size 27 (27.9 its/hit = 0.000s/hit): seed=2469239190708536638 [34, 37, 39, 42, 45, 57, 61, 130, 133, 134, 138, 141, 143, 153, 162, 163, 165, 185, 187, 189, 227, 229, 231, 234, 239, 251, 253]
Iter#324 New set #9 of size 27 (36.0 its/hit = 0.000s/hit): seed=10942201652244256566 [10, 14, 16, 21, 22, 24, 25, 30, 76, 78, 81, 85, 94, 170, 177, 182, 184, 185, 188, 192, 204, 208, 209, 213, 214, 216, 222]
Iter#338 New set #1 of size 28 (338.0 its/hit = 0.000s/hit): seed=1614292173360442414 [33, 37, 39, 54, 57, 63, 97, 103, 113, 115, 121, 123, 126, 127, 165, 171, 177, 179, 182, 185, 187, 191, 199, 209, 210, 214, 219, 222]
Iter#525 New set #2 of size 28 (262.5 its/hit = 0.000s/hit): seed=3044478557389191805 [0, 2, 16, 18, 19, 22, 24, 30, 64, 66, 68, 80, 82, 91, 162, 179, 182, 184, 187, 191, 196, 206, 208, 210, 214, 216, 219, 222]
Iter#633 New set #3 of size 28 (211.0 its/hit = 0.000s/hit): seed=7758541834448204794 [37, 43, 49, 51, 54, 57, 59, 63, 71, 81, 82, 86, 91, 94, 161, 165, 167, 182, 185, 191, 225, 231, 241, 243, 249, 251, 254, 255]
Iter#776 New set #4 of size 28 (194.0 its/hit = 0.000s/hit): seed=2448159078916365618 [34, 51, 54, 56, 59, 63, 68, 78, 80, 82, 86, 88, 91, 94, 128, 130, 144, 146, 147, 150, 152, 158, 192, 194, 196, 208, 210, 219]
Iter#1263 New set #5 of size 28 (252.6 its/hit = 0.000s/hit): seed=15322428237757277511 [5, 18, 19, 22, 25, 30, 33, 37, 39, 54, 57, 63, 97, 103, 113, 115, 121, 123, 126, 127, 165, 171, 177, 179, 182, 185, 187, 191]
Iter#1480 New set #6 of size 28 (246.7 its/hit = 0.000s/hit): seed=11594967372270693120 [33, 37, 39, 54, 57, 63, 97, 103, 113, 115, 121, 123, 126, 127, 165, 171, 177, 179, 182, 185, 187, 191, 199, 209, 210, 214, 219, 222]
Iter#1934 New set #7 of size 28 (276.3 its/hit = 0.000s/hit): seed=568936711590543675 [5, 18, 19, 22, 25, 30, 33, 37, 39, 54, 57, 63, 97, 103, 113, 115, 121, 123, 126, 127, 165, 171, 177, 179, 182, 185, 187, 191]
Iter#2601 New set #8 of size 28 (325.1 its/hit = 0.000s/hit): seed=13783328192272333922 [0, 2, 16, 18, 19, 22, 24, 30, 64, 66, 68, 80, 82, 91, 100, 112, 115, 123, 126, 127, 196, 206, 208, 210, 214, 216, 219, 222]
Iter#2814 New set #9 of size 28 (312.7 its/hit = 0.000s/hit): seed=5424426351504259477 [0, 2, 16, 18, 19, 22, 24, 30, 64, 66, 68, 80, 82, 91, 162, 179, 182, 184, 187, 191, 196, 206, 208, 210, 214, 216, 219, 222]
Iter#2877 New set #10 of size 28 (287.7 its/hit = 0.000s/hit): seed=14463098966307372625 [34, 51, 54, 56, 59, 63, 68, 78, 80, 82, 86, 88, 91, 94, 128, 130, 144, 146, 147, 150, 152, 158, 192, 194, 196, 208, 210, 219]
Iter#4441 New set #20 of size 28 (222.1 its/hit = 0.000s/hit): seed=5469947533116717246 [5, 18, 19, 22, 25, 30, 33, 37, 39, 54, 57, 63, 97, 103, 113, 115, 121, 123, 126, 127, 165, 171, 177, 179, 182, 185, 187, 191]
Iter#6629 New set #30 of size 28 (221.0 its/hit = 0.000s/hit): seed=9330541871933962359 [33, 37, 39, 54, 57, 63, 97, 103, 113, 115, 121, 123, 126, 127, 165, 171, 177, 179, 182, 185, 187, 191, 199, 209, 210, 214, 219, 222]
Iter#8784 New set #40 of size 28 (219.6 its/hit = 0.000s/hit): seed=7127074414218582854 [0, 2, 16, 18, 19, 22, 24, 30, 64, 66, 68, 80, 82, 91, 100, 112, 115, 123, 126, 127, 196, 206, 208, 210, 214, 216, 219, 222]
Iter#10439 New set #50 of size 28 (208.8 its/hit = 0.000s/hit): seed=3460156508562376742 [37, 43, 49, 51, 54, 57, 59, 63, 133, 146, 147, 150, 153, 158, 161, 165, 167, 182, 185, 191, 225, 231, 241, 243, 249, 251, 254, 255]
Iter#12142 New set #60 of size 28 (202.4 its/hit = 0.000s/hit): seed=16903432928751955897 [5, 18, 19, 22, 25, 30, 33, 37, 39, 54, 57, 63, 97, 103, 113, 115, 121, 123, 126, 127, 165, 171, 177, 179, 182, 185, 187, 191]
Iter#13297 New set #70 of size 28 (190.0 its/hit = 0.000s/hit): seed=1076909522985344559 [33, 37, 39, 54, 57, 63, 97, 103, 113, 115, 121, 123, 126, 127, 165, 171, 177, 179, 182, 185, 187, 191, 199, 209, 210, 214, 219, 222]
Iter#15102 New set #80 of size 28 (188.8 its/hit = 0.000s/hit): seed=5420703344368311578 [5, 18, 19, 22, 25, 30, 33, 37, 39, 54, 57, 63, 97, 103, 113, 115, 121, 123, 126, 127, 165, 171, 177, 179, 182, 185, 187, 191]
Iter#17451 New set #90 of size 28 (193.9 its/hit = 0.000s/hit): seed=15518513853121967817 [37, 43, 49, 51, 54, 57, 59, 63, 71, 81, 82, 86, 91, 94, 161, 165, 167, 182, 185, 191, 225, 231, 241, 243, 249, 251, 254, 255]
Iter#19043 New set #100 of size 28 (190.4 its/hit = 0.000s/hit): seed=17936864399774914511 [0, 2, 16, 18, 19, 22, 24, 30, 64, 66, 68, 80, 82, 91, 100, 112, 115, 123, 126, 127, 196, 206, 208, 210, 214, 216, 219, 222]
Iter#39200 New set #200 of size 28 (196.0 its/hit = 0.000s/hit): seed=8769675838896887531 [34, 51, 54, 56, 59, 63, 68, 78, 80, 82, 86, 88, 91, 94, 128, 130, 144, 146, 147, 150, 152, 158, 192, 194, 196, 208, 210, 219]
Iter#56407 New set #300 of size 28 (188.0 its/hit = 0.000s/hit): seed=6395425493541904211 [37, 43, 49, 51, 54, 57, 59, 63, 71, 81, 82, 86, 91, 94, 161, 165, 167, 182, 185, 191, 225, 231, 241, 243, 249, 251, 254, 255]
Iter#76285 New set #400 of size 28 (190.7 its/hit = 0.000s/hit): seed=13950542724453542710 [37, 43, 49, 51, 54, 57, 59, 63, 133, 146, 147, 150, 153, 158, 161, 165, 167, 182, 185, 191, 225, 231, 241, 243, 249, 251, 254, 255]
Iter#98689 New set #500 of size 28 (197.4 its/hit = 0.000s/hit): seed=13806160906757691366 [68, 78, 80, 82, 86, 88, 91, 94, 128, 130, 144, 146, 147, 150, 152, 158, 192, 194, 196, 208, 210, 219, 228, 240, 243, 251, 254, 255]
Iter#119530 New set #600 of size 28 (199.2 its/hit = 0.002s/hit): seed=6013019196445483380 [34, 51, 54, 56, 59, 63, 68, 78, 80, 82, 86, 88, 91, 94, 128, 130, 144, 146, 147, 150, 152, 158, 192, 194, 196, 208, 210, 219]
Iter#138893 New set #700 of size 28 (198.4 its/hit = 0.001s/hit): seed=13054212243346889051 [0, 2, 16, 18, 19, 22, 24, 30, 64, 66, 68, 80, 82, 91, 162, 179, 182, 184, 187, 191, 196, 206, 208, 210, 214, 216, 219, 222]
Iter#156908 New set #800 of size 28 (196.1 its/hit = 0.001s/hit): seed=15023630876253326961 [0, 2, 16, 18, 19, 22, 24, 30, 64, 66, 68, 80, 82, 91, 162, 179, 182, 184, 187, 191, 196, 206, 208, 210, 214, 216, 219, 222]
Iter#175679 New set #900 of size 28 (195.2 its/hit = 0.001s/hit): seed=11725731005022343026 [37, 43, 49, 51, 54, 57, 59, 63, 133, 146, 147, 150, 153, 158, 161, 165, 167, 182, 185, 191, 225, 231, 241, 243, 249, 251, 254, 255]
Iter#193692 New set #1000 of size 28 (193.7 its/hit = 0.001s/hit): seed=4524275026159273607 [34, 51, 54, 56, 59, 63, 68, 78, 80, 82, 86, 88, 91, 94, 128, 130, 144, 146, 147, 150, 152, 158, 192, 194, 196, 208, 210, 219]
Iter#384393 New set #2000 of size 28 (192.2 its/hit = 0.002s/hit): seed=13694000520890504467 [37, 43, 49, 51, 54, 57, 59, 63, 133, 146, 147, 150, 153, 158, 161, 165, 167, 182, 185, 191, 225, 231, 241, 243, 249, 251, 254, 255]
Iter#579903 New set #3000 of size 28 (193.3 its/hit = 0.002s/hit): seed=18402746928158485194 [33, 37, 39, 54, 57, 63, 97, 103, 113, 115, 121, 123, 126, 127, 165, 171, 177, 179, 182, 185, 187, 191, 199, 209, 210, 214, 219, 222]
Iter#765868 New set #4000 of size 28 (191.5 its/hit = 0.002s/hit): seed=7091263694963287176 [0, 2, 16, 18, 19, 22, 24, 30, 64, 66, 68, 80, 82, 91, 162, 179, 182, 184, 187, 191, 196, 206, 208, 210, 214, 216, 219, 222]
Iter#970576 New set #5000 of size 28 (194.1 its/hit = 0.002s/hit): seed=13487726860335837966 [33, 37, 39, 54, 57, 63, 97, 103, 113, 115, 121, 123, 126, 127, 165, 171, 177, 179, 182, 185, 187, 191, 199, 209, 210, 214, 219, 222]
Iter#1156587 New set #6000 of size 28 (192.8 its/hit = 0.002s/hit): seed=9277914295542580440 [33, 37, 39, 54, 57, 63, 97, 103, 113, 115, 121, 123, 126, 127, 165, 171, 177, 179, 182, 185, 187, 191, 199, 209, 210, 214, 219, 222]
Iter#1341716 New set #7000 of size 28 (191.7 its/hit = 0.002s/hit): seed=15388798414230725104 [33, 37, 39, 54, 57, 63, 97, 103, 113, 115, 121, 123, 126, 127, 165, 171, 177, 179, 182, 185, 187, 191, 199, 209, 210, 214, 219, 222]
Iter#1526350 New set #8000 of size 28 (190.8 its/hit = 0.002s/hit): seed=10129088659630585894 [0, 2, 16, 18, 19, 22, 24, 30, 64, 66, 68, 80, 82, 91, 100, 112, 115, 123, 126, 127, 196, 206, 208, 210, 214, 216, 219, 222]
Iter#1717439 New set #9000 of size 28 (190.8 its/hit = 0.002s/hit): seed=10271691137763015543 [37, 43, 49, 51, 54, 57, 59, 63, 71, 81, 82, 86, 91, 94, 161, 165, 167, 182, 185, 191, 225, 231, 241, 243, 249, 251, 254, 255]
Iter#1907790 New set #10000 of size 28 (190.8 its/hit = 0.002s/hit): seed=16738417428899051075 [34, 51, 54, 56, 59, 63, 68, 78, 80, 82, 86, 88, 91, 94, 128, 130, 144, 146, 147, 150, 152, 158, 192, 194, 196, 208, 210, 219]
Iter#3792585 New set #20000 of size 28 (189.6 its/hit = 0.002s/hit): seed=10175393213962933747 [0, 2, 16, 18, 19, 22, 24, 30, 64, 66, 68, 80, 82, 91, 162, 179, 182, 184, 187, 191, 196, 206, 208, 210, 214, 216, 219, 222]
Iter#5714761 New set #30000 of size 28 (190.5 its/hit = 0.002s/hit): seed=3590763641599722713 [33, 37, 39, 54, 57, 63, 97, 103, 113, 115, 121, 123, 126, 127, 165, 171, 177, 179, 182, 185, 187, 191, 199, 209, 210, 214, 219, 222]
Iter#7591604 New set #40000 of size 28 (189.8 its/hit = 0.002s/hit): seed=8390993784315601856 [33, 37, 39, 54, 57, 63, 97, 103, 113, 115, 121, 123, 126, 127, 165, 171, 177, 179, 182, 185, 187, 191, 199, 209, 210, 214, 219, 222]
Iter#9469019 New set #50000 of size 28 (189.4 its/hit = 0.002s/hit): seed=17854177503046917471 [68, 78, 80, 82, 86, 88, 91, 94, 128, 130, 144, 146, 147, 150, 152, 158, 192, 194, 196, 208, 210, 219, 228, 240, 243, 251, 254, 255]
Iter#11387361 New set #60000 of size 28 (189.8 its/hit = 0.002s/hit): seed=3636658874355136694 [0, 2, 16, 18, 19, 22, 24, 30, 64, 66, 68, 80, 82, 91, 162, 179, 182, 184, 187, 191, 196, 206, 208, 210, 214, 216, 219, 222]
Iter#13273645 New set #70000 of size 28 (189.6 its/hit = 0.002s/hit): seed=8462364186187060954 [37, 43, 49, 51, 54, 57, 59, 63, 71, 81, 82, 86, 91, 94, 161, 165, 167, 182, 185, 191, 225, 231, 241, 243, 249, 251, 254, 255]
Iter#15179219 New set #80000 of size 28 (189.7 its/hit = 0.002s/hit): seed=12116273545764302656 [68, 78, 80, 82, 86, 88, 91, 94, 128, 130, 144, 146, 147, 150, 152, 158, 192, 194, 196, 208, 210, 219, 228, 240, 243, 251, 254, 255]
Iter#17064950 New set #90000 of size 28 (189.6 its/hit = 0.002s/hit): seed=7916134752530644278 [0, 2, 16, 18, 19, 22, 24, 30, 64, 66, 68, 80, 82, 91, 162, 179, 182, 184, 187, 191, 196, 206, 208, 210, 214, 216, 219, 222]
Iter#18985864 New set #100000 of size 28 (189.9 its/hit = 0.002s/hit): seed=2880726753211061628 [68, 78, 80, 82, 86, 88, 91, 94, 128, 130, 144, 146, 147, 150, 152, 158, 192, 194, 196, 208, 210, 219, 228, 240, 243, 251, 254, 255]
