[*] Computing DDT
[+] DDT Computed
DDT took 2.879911ms
Iter#1 New set #1 of size 24 (1.0 its/hit = 0.000s/hit): seed=301623065609458283 [2, 11, 49, 57, 67, 70, 103, 117, 142, 154, 158, 161, 169, 173, 189, 193, 202, 215, 218, 222, 233, 235, 237, 249]
Iter#2 New set #1 of size 25 (2.0 its/hit = 0.000s/hit): seed=14281882807250240556 [12, 17, 21, 32, 37, 54, 64, 65, 80, 87, 89, 96, 98, 112, 144, 159, 163, 166, 175, 188, 202, 219, 248, 250, 253]
Iter#8 New set #2 of size 25 (4.0 its/hit = 0.000s/hit): seed=16828201205303637149 [2, 23, 49, 65, 70, 73, 110, 117, 125, 142, 154, 158, 169, 172, 173, 189, 200, 202, 216, 218, 222, 229, 233, 237, 249]
Iter#31 New set #1 of size 26 (31.0 its/hit = 0.000s/hit): seed=7227101685829015452 [3, 26, 31, 55, 60, 75, 81, 86, 88, 104, 107, 115, 122, 131, 136, 150, 153, 157, 161, 169, 195, 200, 214, 221, 227, 241]
Iter#49 New set #2 of size 26 (24.5 its/hit = 0.000s/hit): seed=13150736860035143151 [4, 42, 55, 60, 65, 79, 80, 99, 101, 120, 123, 127, 128, 131, 136, 141, 146, 150, 157, 195, 200, 214, 221, 230, 238, 247]
Iter#95 New set #3 of size 26 (31.7 its/hit = 0.000s/hit): seed=5866789978479147445 [4, 42, 55, 60, 65, 79, 80, 99, 101, 120, 123, 127, 128, 131, 136, 141, 146, 150, 157, 195, 200, 214, 221, 230, 238, 247]
Iter#166 New set #1 of size 27 (166.0 its/hit = 0.000s/hit): seed=5728854338909031930 [0, 28, 32, 41, 48, 68, 71, 79, 91, 101, 108, 119, 133, 147, 148, 160, 169, 181, 187, 194, 223, 229, 236, 238, 242, 245, 253]
Iter#687 New set #2 of size 27 (343.5 its/hit = 0.000s/hit): seed=1398318245879904656 [4, 13, 16, 17, 24, 31, 43, 50, 51, 84, 85, 86, 99, 118, 119, 134, 156, 167, 178, 181, 190, 201, 216, 220, 231, 237, 250]
Iter#1201 New set #3 of size 27 (400.3 its/hit = 0.000s/hit): seed=2907049192162096457 [6, 17, 51, 52, 85, 90, 119, 124, 131, 136, 137, 140, 142, 150, 156, 157, 158, 174, 190, 195, 200, 203, 214, 216, 221, 234, 250]
Iter#2272 New set #4 of size 27 (568.0 its/hit = 0.000s/hit): seed=4007397782247874269 [4, 13, 16, 17, 24, 31, 43, 50, 51, 84, 85, 86, 99, 118, 119, 134, 156, 167, 178, 181, 190, 201, 216, 220, 231, 237, 250]
Iter#2331 New set #5 of size 27 (466.2 its/hit = 0.000s/hit): seed=16141037752454080602 [2, 12, 19, 27, 63, 95, 100, 108, 109, 116, 120, 123, 126, 128, 129, 131, 139, 176, 177, 212, 218, 222, 228, 231, 243, 244, 252]
Iter#2383 New set #6 of size 27 (397.2 its/hit = 0.000s/hit): seed=13260468182077272325 [0, 28, 32, 41, 48, 68, 71, 79, 91, 101, 108, 119, 133, 147, 148, 160, 169, 181, 187, 194, 223, 229, 236, 238, 242, 245, 253]
Iter#2649 New set #7 of size 27 (378.4 its/hit = 0.000s/hit): seed=10278920736699416328 [2, 12, 19, 27, 63, 95, 100, 108, 109, 116, 120, 123, 126, 128, 129, 131, 139, 176, 177, 212, 218, 222, 228, 231, 243, 244, 252]
Iter#2731 New set #8 of size 27 (341.4 its/hit = 0.000s/hit): seed=16015171900744794540 [0, 28, 32, 41, 48, 68, 71, 79, 91, 101, 108, 119, 133, 147, 148, 160, 169, 181, 187, 194, 223, 229, 236, 238, 242, 245, 253]
Iter#2851 New set #9 of size 27 (316.8 its/hit = 0.000s/hit): seed=3022837719104380928 [0, 4, 8, 13, 15, 18, 28, 44, 45, 47, 64, 71, 74, 91, 94, 120, 135, 146, 169, 170, 181, 184, 217, 229, 238, 242, 255]
Iter#4345 New set #10 of size 27 (434.5 its/hit = 0.000s/hit): seed=1845839727734493784 [11, 17, 45, 51, 54, 66, 83, 85, 87, 94, 112, 119, 140, 156, 170, 174, 188, 190, 200, 210, 216, 217, 225, 233, 234, 249, 250]
Iter#7798 New set #20 of size 27 (389.9 its/hit = 0.000s/hit): seed=961831328067753734 [6, 19, 21, 27, 32, 34, 38, 41, 45, 57, 81, 100, 101, 108, 119, 131, 139, 160, 165, 169, 187, 207, 229, 236, 240, 244, 252]
Iter#10854 New set #30 of size 27 (361.8 its/hit = 0.000s/hit): seed=8471962739057844235 [0, 28, 32, 41, 48, 68, 71, 79, 91, 101, 108, 119, 133, 147, 148, 160, 169, 181, 187, 194, 223, 229, 236, 238, 242, 245, 253]
Iter#13820 New set #40 of size 27 (345.5 its/hit = 0.000s/hit): seed=8240042692502668405 [0, 28, 32, 41, 48, 68, 71, 79, 91, 101, 108, 119, 133, 147, 148, 160, 169, 181, 187, 194, 223, 229, 236, 238, 242, 245, 253]
Iter#17469 New set #50 of size 27 (349.4 its/hit = 0.000s/hit): seed=776743529503874399 [0, 4, 8, 13, 15, 18, 28, 44, 45, 47, 64, 71, 74, 91, 94, 120, 135, 146, 169, 170, 181, 184, 217, 229, 238, 242, 255]
Iter#21631 New set #60 of size 27 (360.5 its/hit = 0.000s/hit): seed=6009450066856756276 [11, 17, 45, 51, 54, 66, 83, 85, 87, 94, 112, 119, 140, 156, 170, 174, 188, 190, 200, 210, 216, 217, 225, 233, 234, 249, 250]
Iter#30677 New set #70 of size 27 (438.2 its/hit = 0.000s/hit): seed=13920392218207895518 [0, 28, 32, 41, 48, 68, 71, 79, 91, 101, 108, 119, 133, 147, 148, 160, 169, 181, 187, 194, 223, 229, 236, 238, 242, 245, 253]
Iter#35610 New set #80 of size 27 (445.1 its/hit = 0.000s/hit): seed=14363324825792010269 [0, 28, 32, 41, 48, 68, 71, 79, 91, 101, 108, 119, 133, 147, 148, 160, 169, 181, 187, 194, 223, 229, 236, 238, 242, 245, 253]
Iter#40152 New set #90 of size 27 (446.1 its/hit = 0.000s/hit): seed=2057413611583595531 [6, 17, 51, 52, 85, 90, 119, 124, 131, 136, 137, 140, 142, 150, 156, 157, 158, 174, 190, 195, 200, 203, 214, 216, 221, 234, 250]
Iter#42746 New set #100 of size 27 (427.5 its/hit = 0.000s/hit): seed=18141745642564491216 [0, 4, 8, 13, 15, 18, 28, 44, 45, 47, 64, 71, 74, 91, 94, 120, 135, 146, 169, 170, 181, 184, 217, 229, 238, 242, 255]
Iter#81147 New set #200 of size 27 (405.7 its/hit = 0.000s/hit): seed=9104291080978422232 [6, 19, 21, 27, 32, 34, 38, 41, 45, 57, 81, 100, 101, 108, 119, 131, 139, 160, 165, 169, 187, 207, 229, 236, 240, 244, 252]
Iter#119780 New set #300 of size 27 (399.3 its/hit = 0.000s/hit): seed=12007650823212396139 [11, 17, 45, 51, 54, 66, 83, 85, 87, 94, 112, 119, 140, 156, 170, 174, 188, 190, 200, 210, 216, 217, 225, 233, 234, 249, 250]
Iter#152357 New set #400 of size 27 (380.9 its/hit = 0.002s/hit): seed=9502904456021323662 [0, 4, 8, 13, 15, 18, 28, 44, 45, 47, 64, 71, 74, 91, 94, 120, 135, 146, 169, 170, 181, 184, 217, 229, 238, 242, 255]
Iter#191551 New set #500 of size 27 (383.1 its/hit = 0.002s/hit): seed=2406207786294224533 [0, 28, 32, 41, 48, 68, 71, 79, 91, 101, 108, 119, 133, 147, 148, 160, 169, 181, 187, 194, 223, 229, 236, 238, 242, 245, 253]
Iter#226420 New set #600 of size 27 (377.4 its/hit = 0.002s/hit): seed=1029070865012760352 [11, 17, 45, 51, 54, 66, 83, 85, 87, 94, 112, 119, 140, 156, 170, 174, 188, 190, 200, 210, 216, 217, 225, 233, 234, 249, 250]
Iter#263677 New set #700 of size 27 (376.7 its/hit = 0.003s/hit): seed=10727213555765713633 [6, 19, 21, 27, 32, 34, 38, 41, 45, 57, 81, 100, 101, 108, 119, 131, 139, 160, 165, 169, 187, 207, 229, 236, 240, 244, 252]
Iter#295697 New set #800 of size 27 (369.6 its/hit = 0.002s/hit): seed=16612478138583523535 [6, 17, 51, 52, 85, 90, 119, 124, 131, 136, 137, 140, 142, 150, 156, 157, 158, 174, 190, 195, 200, 203, 214, 216, 221, 234, 250]
Iter#332630 New set #900 of size 27 (369.6 its/hit = 0.002s/hit): seed=2647692617456480759 [4, 13, 16, 17, 24, 31, 43, 50, 51, 84, 85, 86, 99, 118, 119, 134, 156, 167, 178, 181, 190, 201, 216, 220, 231, 237, 250]
Iter#370860 New set #1000 of size 27 (370.9 its/hit = 0.003s/hit): seed=17490582674527641927 [6, 19, 21, 27, 32, 34, 38, 41, 45, 57, 81, 100, 101, 108, 119, 131, 139, 160, 165, 169, 187, 207, 229, 236, 240, 244, 252]
Iter#748425 New set #2000 of size 27 (374.2 its/hit = 0.003s/hit): seed=5248868337918555178 [2, 12, 19, 27, 63, 95, 100, 108, 109, 116, 120, 123, 126, 128, 129, 131, 139, 176, 177, 212, 218, 222, 228, 231, 243, 244, 252]
Iter#1135286 New set #3000 of size 27 (378.4 its/hit = 0.003s/hit): seed=676626735588671802 [2, 12, 19, 27, 63, 95, 100, 108, 109, 116, 120, 123, 126, 128, 129, 131, 139, 176, 177, 212, 218, 222, 228, 231, 243, 244, 252]
Iter#1499137 New set #4000 of size 27 (374.8 its/hit = 0.003s/hit): seed=6358272831790522751 [11, 17, 45, 51, 54, 66, 83, 85, 87, 94, 112, 119, 140, 156, 170, 174, 188, 190, 200, 210, 216, 217, 225, 233, 234, 249, 250]
Iter#1887459 New set #5000 of size 27 (377.5 its/hit = 0.003s/hit): seed=17820212366070756873 [4, 13, 16, 17, 24, 31, 43, 50, 51, 84, 85, 86, 99, 118, 119, 134, 156, 167, 178, 181, 190, 201, 216, 220, 231, 237, 250]
Iter#2249019 New set #6000 of size 27 (374.8 its/hit = 0.003s/hit): seed=5303595556095512262 [2, 12, 19, 27, 63, 95, 100, 108, 109, 116, 120, 123, 126, 128, 129, 131, 139, 176, 177, 212, 218, 222, 228, 231, 243, 244, 252]
Iter#2641744 New set #7000 of size 27 (377.4 its/hit = 0.003s/hit): seed=17555938039483102416 [6, 19, 21, 27, 32, 34, 38, 41, 45, 57, 81, 100, 101, 108, 119, 131, 139, 160, 165, 169, 187, 207, 229, 236, 240, 244, 252]
Iter#3018149 New set #8000 of size 27 (377.3 its/hit = 0.003s/hit): seed=16990725467089388042 [2, 12, 19, 27, 63, 95, 100, 108, 109, 116, 120, 123, 126, 128, 129, 131, 139, 176, 177, 212, 218, 222, 228, 231, 243, 244, 252]
Iter#3407779 New set #9000 of size 27 (378.6 its/hit = 0.003s/hit): seed=6993577099045621392 [4, 13, 16, 17, 24, 31, 43, 50, 51, 84, 85, 86, 99, 118, 119, 134, 156, 167, 178, 181, 190, 201, 216, 220, 231, 237, 250]
Iter#3784113 New set #10000 of size 27 (378.4 its/hit = 0.003s/hit): seed=6158357708333310633 [0, 28, 32, 41, 48, 68, 71, 79, 91, 101, 108, 119, 133, 147, 148, 160, 169, 181, 187, 194, 223, 229, 236, 238, 242, 245, 253]
Iter#7540818 New set #20000 of size 27 (377.0 its/hit = 0.003s/hit): seed=7455115152517587568 [4, 13, 16, 17, 24, 31, 43, 50, 51, 84, 85, 86, 99, 118, 119, 134, 156, 167, 178, 181, 190, 201, 216, 220, 231, 237, 250]
Iter#11315437 New set #30000 of size 27 (377.2 its/hit = 0.003s/hit): seed=10448595936463437931 [6, 19, 21, 27, 32, 34, 38, 41, 45, 57, 81, 100, 101, 108, 119, 131, 139, 160, 165, 169, 187, 207, 229, 236, 240, 244, 252]
Iter#15099262 New set #40000 of size 27 (377.5 its/hit = 0.003s/hit): seed=12789478730433087833 [0, 4, 8, 13, 15, 18, 28, 44, 45, 47, 64, 71, 74, 91, 94, 120, 135, 146, 169, 170, 181, 184, 217, 229, 238, 242, 255]
Iter#18898839 New set #50000 of size 27 (378.0 its/hit = 0.003s/hit): seed=218492354199817042 [0, 28, 32, 41, 48, 68, 71, 79, 91, 101, 108, 119, 133, 147, 148, 160, 169, 181, 187, 194, 223, 229, 236, 238, 242, 245, 253]
Iter#22603472 New set #60000 of size 27 (376.7 its/hit = 0.003s/hit): seed=4331302827374286426 [4, 13, 16, 17, 24, 31, 43, 50, 51, 84, 85, 86, 99, 118, 119, 134, 156, 167, 178, 181, 190, 201, 216, 220, 231, 237, 250]
Iter#26392089 New set #70000 of size 27 (377.0 its/hit = 0.003s/hit): seed=9785480226590145336 [6, 19, 21, 27, 32, 34, 38, 41, 45, 57, 81, 100, 101, 108, 119, 131, 139, 160, 165, 169, 187, 207, 229, 236, 240, 244, 252]
Iter#30255055 New set #80000 of size 27 (378.2 its/hit = 0.003s/hit): seed=3637896102143943518 [0, 28, 32, 41, 48, 68, 71, 79, 91, 101, 108, 119, 133, 147, 148, 160, 169, 181, 187, 194, 223, 229, 236, 238, 242, 245, 253]
Iter#33999565 New set #90000 of size 27 (377.8 its/hit = 0.003s/hit): seed=18069210589629077302 [6, 17, 51, 52, 85, 90, 119, 124, 131, 136, 137, 140, 142, 150, 156, 157, 158, 174, 190, 195, 200, 203, 214, 216, 221, 234, 250]
