[*] Computing DDT
[+] DDT Computed
DDT took 2.921581ms
Iter#1 New set #1 of size 24 (1.0 its/hit = 0.000s/hit): seed=4722260843878918595 [36, 40, 41, 45, 50, 51, 53, 55, 63, 69, 75, 78, 108, 109, 118, 119, 124, 126, 193, 194, 199, 228, 229, 233]
Iter#3 New set #1 of size 26 (3.0 its/hit = 0.000s/hit): seed=12445600347855758750 [0, 1, 10, 15, 38, 39, 41, 44, 66, 76, 79, 85, 109, 132, 133, 139, 141, 142, 145, 151, 162, 163, 165, 168, 173, 211]
Iter#4 New set #2 of size 26 (2.0 its/hit = 0.000s/hit): seed=14098763421732232254 [16, 18, 23, 31, 68, 77, 86, 87, 94, 115, 116, 118, 123, 133, 140, 145, 148, 150, 153, 159, 193, 240, 242, 243, 245, 253]
Iter#49 New set #1 of size 27 (49.0 its/hit = 0.000s/hit): seed=6544774662779484091 [33, 37, 42, 49, 51, 58, 62, 81, 89, 91, 92, 96, 100, 101, 107, 112, 120, 122, 123, 127, 183, 189, 191, 210, 211, 213, 215]
Iter#75 New set #2 of size 27 (37.5 its/hit = 0.000s/hit): seed=705260944524014503 [20, 21, 22, 112, 120, 122, 125, 144, 146, 147, 152, 162, 163, 166, 175, 179, 183, 189, 190, 191, 230, 235, 239, 247, 250, 252, 254]
Iter#99 New set #3 of size 27 (33.0 its/hit = 0.000s/hit): seed=12180414963039919206 [33, 37, 39, 41, 58, 60, 62, 66, 71, 74, 76, 96, 100, 101, 102, 110, 122, 123, 125, 127, 192, 203, 206, 207, 226, 233, 236]
Iter#111 New set #4 of size 27 (27.8 its/hit = 0.000s/hit): seed=13728411491429768153 [64, 65, 70, 76, 78, 98, 100, 106, 161, 166, 169, 170, 175, 183, 187, 190, 194, 202, 205, 227, 230, 238, 239, 242, 243, 247, 254]
Iter#149 New set #5 of size 27 (29.8 its/hit = 0.000s/hit): seed=4786722698199940678 [1, 3, 11, 12, 35, 42, 43, 64, 69, 70, 72, 73, 82, 92, 94, 95, 132, 135, 137, 143, 147, 157, 158, 167, 169, 174, 175]
Iter#157 New set #6 of size 27 (26.2 its/hit = 0.000s/hit): seed=11276717887608280109 [0, 4, 13, 14, 32, 42, 43, 65, 67, 68, 72, 73, 83, 91, 94, 95, 128, 133, 136, 138, 146, 154, 159, 164, 172, 174, 175]
Iter#224 New set #7 of size 27 (32.0 its/hit = 0.000s/hit): seed=4744412335844135292 [65, 67, 70, 71, 75, 97, 99, 107, 161, 165, 166, 172, 174, 176, 180, 191, 199, 202, 205, 231, 232, 236, 237, 246, 248, 249, 253]
Iter#296 New set #8 of size 27 (37.0 its/hit = 0.000s/hit): seed=2082671428047347104 [1, 4, 12, 14, 20, 25, 28, 32, 40, 42, 43, 128, 132, 137, 138, 164, 174, 175, 196, 197, 200, 205, 207, 208, 209, 213, 221]
Iter#366 New set #9 of size 27 (40.7 its/hit = 0.000s/hit): seed=13955560523358263318 [1, 4, 12, 14, 20, 25, 28, 32, 40, 42, 43, 128, 132, 137, 138, 164, 174, 175, 196, 197, 200, 205, 207, 208, 209, 213, 221]
Iter#370 New set #10 of size 27 (37.0 its/hit = 0.000s/hit): seed=10681701717582050999 [19, 20, 21, 29, 37, 38, 39, 42, 48, 49, 54, 60, 62, 100, 102, 107, 112, 121, 125, 127, 146, 147, 149, 247, 249, 250, 255]
Iter#590 New set #20 of size 27 (29.5 its/hit = 0.000s/hit): seed=6506010300631187821 [1, 4, 12, 20, 25, 28, 30, 112, 113, 114, 147, 152, 154, 158, 197, 200, 201, 205, 208, 213, 220, 221, 223, 244, 246, 247, 252]
Iter#861 New set #30 of size 27 (28.7 its/hit = 0.000s/hit): seed=13347853144488955665 [26, 27, 28, 30, 112, 114, 120, 144, 152, 154, 157, 160, 161, 165, 174, 176, 180, 181, 183, 191, 231, 232, 236, 244, 246, 249, 253]
Iter#1024 New set #40 of size 27 (25.6 its/hit = 0.000s/hit): seed=7957930012986768506 [49, 57, 59, 60, 81, 82, 83, 162, 166, 175, 179, 181, 183, 190, 215, 220, 221, 223, 230, 234, 235, 239, 244, 246, 247, 250, 254]
Iter#1242 New set #50 of size 27 (24.8 its/hit = 0.000s/hit): seed=12005724874079554021 [49, 51, 57, 89, 91, 92, 93, 161, 165, 174, 176, 180, 189, 191, 210, 213, 215, 223, 231, 232, 233, 236, 246, 249, 252, 253, 254]
Iter#1555 New set #60 of size 27 (25.9 its/hit = 0.000s/hit): seed=5780377302548784002 [64, 71, 76, 77, 101, 110, 111, 162, 166, 168, 170, 179, 183, 187, 192, 193, 195, 203, 226, 227, 233, 235, 239, 242, 250, 254, 255]
Iter#1780 New set #70 of size 27 (25.4 its/hit = 0.000s/hit): seed=14352251588589629007 [48, 56, 61, 62, 82, 83, 84, 161, 163, 174, 176, 178, 182, 191, 212, 218, 220, 221, 231, 232, 234, 235, 241, 246, 247, 249, 251]
Iter#2220 New set #80 of size 27 (27.8 its/hit = 0.000s/hit): seed=1428793748635491299 [33, 34, 37, 40, 42, 49, 58, 62, 65, 70, 75, 96, 97, 100, 107, 112, 123, 126, 127, 199, 202, 203, 205, 207, 231, 237, 239]
Iter#2500 New set #90 of size 27 (27.8 its/hit = 0.000s/hit): seed=715475465920293793 [34, 38, 43, 48, 57, 59, 61, 81, 82, 83, 89, 99, 102, 103, 106, 112, 113, 114, 120, 124, 178, 181, 183, 191, 220, 221, 223]
Iter#2736 New set #100 of size 27 (27.4 its/hit = 0.000s/hit): seed=9436889541747637506 [48, 49, 54, 69, 70, 72, 82, 90, 92, 95, 132, 133, 135, 137, 146, 147, 149, 157, 158, 182, 184, 190, 191, 208, 210, 212, 221]
Iter#5700 New set #200 of size 27 (28.5 its/hit = 0.000s/hit): seed=6341103752802804750 [17, 20, 24, 25, 66, 69, 72, 80, 82, 88, 95, 117, 124, 125, 131, 132, 136, 137, 147, 151, 153, 158, 159, 243, 245, 250, 251]
Iter#8925 New set #300 of size 27 (29.8 its/hit = 0.000s/hit): seed=7843482220030910732 [19, 20, 21, 29, 37, 38, 39, 42, 48, 49, 54, 60, 62, 100, 102, 107, 112, 121, 125, 127, 146, 147, 149, 247, 249, 250, 255]
Iter#11340 New set #400 of size 27 (28.4 its/hit = 0.000s/hit): seed=10237466114682161569 [1, 4, 6, 12, 13, 20, 24, 25, 28, 65, 69, 72, 75, 97, 106, 107, 197, 199, 200, 205, 208, 213, 221, 229, 230, 231, 237]
Iter#13873 New set #500 of size 27 (27.7 its/hit = 0.000s/hit): seed=2475217276954111051 [17, 27, 28, 29, 113, 119, 127, 149, 154, 155, 157, 166, 170, 171, 175, 176, 182, 183, 187, 190, 227, 230, 239, 241, 242, 247, 254]
Iter#15934 New set #600 of size 27 (26.6 its/hit = 0.000s/hit): seed=7026071155055138097 [64, 72, 73, 78, 100, 103, 106, 108, 161, 163, 167, 174, 175, 176, 178, 179, 191, 196, 197, 204, 224, 231, 232, 234, 246, 249, 251]
Iter#18363 New set #700 of size 27 (26.2 its/hit = 0.000s/hit): seed=4908479828189760316 [21, 24, 28, 30, 65, 68, 69, 73, 81, 82, 83, 91, 94, 112, 113, 114, 122, 128, 133, 136, 146, 152, 154, 159, 244, 246, 247]
Iter#20814 New set #800 of size 27 (26.0 its/hit = 0.000s/hit): seed=15726964880861882529 [20, 21, 22, 30, 34, 38, 39, 43, 48, 49, 51, 57, 61, 99, 103, 106, 113, 120, 122, 124, 144, 146, 147, 246, 251, 252, 254]
Iter#23405 New set #900 of size 27 (26.0 its/hit = 0.000s/hit): seed=7353651345969103734 [36, 38, 43, 46, 48, 53, 61, 68, 69, 71, 79, 102, 103, 106, 109, 111, 112, 113, 116, 124, 195, 200, 201, 225, 231, 234, 235]
Iter#25719 New set #1000 of size 27 (25.7 its/hit = 0.000s/hit): seed=894526533581272620 [5, 12, 13, 37, 39, 42, 45, 49, 60, 62, 98, 100, 102, 106, 107, 112, 124, 125, 127, 129, 136, 137, 143, 161, 162, 169, 175]
Iter#53439 New set #2000 of size 27 (26.7 its/hit = 0.000s/hit): seed=17317029654291227366 [17, 24, 25, 113, 117, 124, 125, 145, 151, 158, 159, 163, 165, 174, 178, 180, 188, 191, 230, 231, 234, 236, 243, 246, 250, 251, 253]
Iter#81296 New set #3000 of size 27 (27.1 its/hit = 0.000s/hit): seed=14398456184912267748 [5, 12, 13, 37, 39, 42, 45, 49, 60, 62, 98, 100, 102, 106, 107, 112, 124, 125, 127, 129, 136, 137, 143, 161, 162, 169, 175]
Iter#108402 New set #4000 of size 27 (27.1 its/hit = 0.000s/hit): seed=590917150297223192 [0, 3, 7, 10, 24, 27, 31, 66, 71, 77, 96, 97, 101, 111, 193, 201, 202, 203, 206, 209, 210, 214, 215, 225, 227, 233, 236]
Iter#135439 New set #5000 of size 27 (27.1 its/hit = 0.000s/hit): seed=13985871548667413032 [0, 3, 6, 7, 24, 26, 27, 31, 53, 55, 58, 85, 87, 88, 177, 180, 181, 185, 187, 201, 202, 206, 209, 210, 214, 217, 219]
Iter#160815 New set #6000 of size 27 (26.8 its/hit = 0.000s/hit): seed=15537678451884929198 [2, 6, 7, 9, 33, 36, 47, 131, 134, 139, 141, 160, 161, 163, 165, 171, 176, 178, 180, 181, 228, 232, 234, 236, 249, 251, 253]
Iter#186467 New set #7000 of size 27 (26.6 its/hit = 0.000s/hit): seed=4320147748405262732 [64, 72, 73, 78, 100, 103, 106, 108, 161, 163, 167, 174, 175, 176, 178, 179, 191, 196, 197, 204, 224, 231, 232, 234, 246, 249, 251]
Iter#212769 New set #8000 of size 27 (26.6 its/hit = 0.000s/hit): seed=5872343943502081684 [65, 68, 73, 75, 83, 91, 94, 97, 105, 106, 107, 128, 130, 133, 136, 137, 146, 154, 158, 159, 196, 199, 201, 205, 230, 231, 237]
Iter#238972 New set #9000 of size 27 (26.6 its/hit = 0.000s/hit): seed=4308207160434569329 [3, 4, 14, 32, 33, 37, 42, 49, 58, 62, 63, 96, 99, 100, 105, 107, 112, 123, 127, 128, 130, 134, 135, 138, 164, 166, 174]
Iter#266579 New set #10000 of size 27 (26.7 its/hit = 0.000s/hit): seed=6234342731742266968 [33, 37, 39, 41, 58, 60, 62, 66, 71, 74, 76, 96, 100, 101, 102, 110, 122, 123, 125, 127, 192, 203, 206, 207, 226, 233, 236]
Iter#532929 New set #20000 of size 27 (26.6 its/hit = 0.000s/hit): seed=6957364813913823633 [0, 4, 13, 14, 32, 42, 43, 65, 67, 68, 72, 73, 83, 91, 94, 95, 128, 133, 136, 138, 146, 154, 159, 164, 172, 174, 175]
Iter#797587 New set #30000 of size 27 (26.6 its/hit = 0.000s/hit): seed=12780805307248219794 [0, 3, 13, 21, 24, 27, 29, 112, 113, 119, 146, 155, 157, 159, 196, 200, 201, 202, 209, 210, 218, 220, 221, 241, 246, 247, 255]
Iter#1062753 New set #40000 of size 27 (26.6 its/hit = 0.000s/hit): seed=10702968941861827628 [16, 23, 31, 64, 65, 68, 77, 86, 87, 91, 94, 115, 116, 123, 128, 133, 140, 145, 150, 153, 154, 159, 242, 243, 245, 253, 255]
Iter#1329013 New set #50000 of size 27 (26.6 its/hit = 0.000s/hit): seed=14667429297205397320 [19, 27, 28, 29, 34, 43, 46, 47, 48, 53, 56, 57, 62, 99, 106, 111, 113, 116, 119, 120, 151, 154, 155, 157, 241, 247, 249]
Iter#1596823 New set #60000 of size 27 (26.6 its/hit = 0.000s/hit): seed=4715445561326505019 [48, 56, 61, 62, 82, 83, 84, 161, 163, 174, 176, 178, 182, 191, 212, 218, 220, 221, 231, 232, 234, 235, 241, 246, 247, 249, 251]
Iter#1860440 New set #70000 of size 27 (26.6 its/hit = 0.000s/hit): seed=13346867368986932212 [37, 39, 42, 49, 56, 60, 62, 82, 83, 84, 90, 100, 102, 103, 107, 112, 113, 119, 125, 127, 176, 179, 182, 190, 218, 220, 221]
Iter#2126406 New set #80000 of size 27 (26.6 its/hit = 0.000s/hit): seed=6084410064126447028 [1, 4, 12, 20, 25, 28, 30, 112, 113, 114, 147, 152, 154, 158, 197, 200, 201, 205, 208, 213, 220, 221, 223, 244, 246, 247, 252]
Iter#2387879 New set #90000 of size 27 (26.5 its/hit = 0.000s/hit): seed=2710380462989593033 [49, 57, 59, 60, 81, 82, 83, 162, 166, 175, 179, 181, 183, 190, 215, 220, 221, 223, 230, 234, 235, 239, 244, 246, 247, 250, 254]
Iter#2648795 New set #100000 of size 27 (26.5 its/hit = 0.000s/hit): seed=9787773381512303654 [6, 12, 13, 34, 38, 40, 43, 48, 57, 61, 97, 99, 103, 106, 107, 113, 120, 124, 125, 130, 136, 137, 138, 163, 166, 172, 174]
Iter#5300859 New set #200000 of size 27 (26.5 its/hit = 0.000s/hit): seed=6185306587879805642 [21, 24, 28, 30, 65, 68, 69, 73, 81, 82, 83, 91, 94, 112, 113, 114, 122, 128, 133, 136, 146, 152, 154, 159, 244, 246, 247]
Iter#7954928 New set #300000 of size 27 (26.5 its/hit = 0.000s/hit): seed=1731495040116974184 [65, 68, 73, 75, 83, 91, 94, 97, 105, 106, 107, 128, 130, 133, 136, 137, 146, 154, 158, 159, 196, 199, 201, 205, 230, 231, 237]
Iter#10595915 New set #400000 of size 27 (26.5 its/hit = 0.000s/hit): seed=10385616810733288083 [1, 4, 6, 12, 13, 20, 24, 25, 28, 65, 69, 72, 75, 97, 106, 107, 197, 199, 200, 205, 208, 213, 221, 229, 230, 231, 237]
Iter#13256481 New set #500000 of size 27 (26.5 its/hit = 0.000s/hit): seed=17872358898437884648 [19, 27, 28, 29, 34, 43, 46, 47, 48, 53, 56, 57, 62, 99, 106, 111, 113, 116, 119, 120, 151, 154, 155, 157, 241, 247, 249]
Iter#15914753 New set #600000 of size 27 (26.5 its/hit = 0.000s/hit): seed=12237549076852173283 [34, 37, 43, 45, 46, 48, 53, 57, 65, 70, 78, 98, 99, 106, 111, 113, 116, 117, 120, 192, 194, 202, 204, 205, 230, 232, 238]
Iter#18579850 New set #700000 of size 27 (26.5 its/hit = 0.000s/hit): seed=7409407201834082352 [0, 1, 12, 15, 38, 39, 41, 66, 69, 72, 76, 82, 88, 95, 131, 132, 133, 137, 139, 146, 147, 153, 158, 162, 163, 171, 173]
Iter#21235708 New set #800000 of size 27 (26.5 its/hit = 0.000s/hit): seed=14685443956153823742 [48, 56, 61, 62, 82, 83, 84, 161, 163, 174, 176, 178, 182, 191, 212, 218, 220, 221, 231, 232, 234, 235, 241, 246, 247, 249, 251]
Iter#23901095 New set #900000 of size 27 (26.6 its/hit = 0.000s/hit): seed=14217000594207957367 [1, 4, 6, 12, 13, 20, 24, 25, 28, 65, 69, 72, 75, 97, 106, 107, 197, 199, 200, 205, 208, 213, 221, 229, 230, 231, 237]
Iter#26568148 New set #1000000 of size 27 (26.6 its/hit = 0.000s/hit): seed=3435179157864595193 [0, 3, 13, 21, 24, 27, 29, 112, 113, 119, 146, 155, 157, 159, 196, 200, 201, 202, 209, 210, 218, 220, 221, 241, 246, 247, 255]
