[*] Computing DDT
[+] DDT Computed
DDT took 2.992605ms
Iter#1 New set #1 of size 22 (1.0 its/hit = 0.000s/hit): seed=14103429466729638806 [3, 15, 30, 37, 54, 57, 66, 67, 118, 119, 131, 143, 158, 165, 182, 185, 194, 195, 202, 225, 246, 247]
Iter#2 New set #1 of size 24 (2.0 its/hit = 0.000s/hit): seed=4311698752211283927 [23, 27, 37, 40, 49, 69, 80, 87, 95, 101, 104, 107, 113, 151, 155, 165, 168, 174, 177, 215, 229, 232, 235, 241]
Iter#5 New set #2 of size 24 (2.5 its/hit = 0.000s/hit): seed=5198719962657655517 [5, 11, 26, 69, 76, 79, 90, 92, 93, 98, 111, 123, 133, 139, 154, 197, 204, 207, 218, 220, 221, 226, 239, 251]
Iter#11 New set #1 of size 30 (11.0 its/hit = 0.000s/hit): seed=2135154290228956201 [2, 3, 14, 27, 52, 54, 55, 63, 67, 84, 91, 99, 101, 118, 124, 130, 131, 142, 155, 180, 182, 183, 191, 195, 212, 219, 227, 229, 246, 252]
Iter#959 New set #2 of size 30 (479.5 its/hit = 0.000s/hit): seed=14078008149107001821 [2, 3, 14, 27, 52, 54, 55, 63, 67, 84, 91, 99, 101, 118, 124, 130, 131, 142, 155, 180, 182, 183, 191, 195, 212, 219, 227, 229, 246, 252]
Iter#1185 New set #3 of size 30 (395.0 its/hit = 0.000s/hit): seed=12463456828407060598 [2, 3, 14, 27, 52, 54, 55, 63, 67, 84, 91, 99, 101, 118, 124, 130, 131, 142, 155, 180, 182, 183, 191, 195, 212, 219, 227, 229, 246, 252]
Iter#1416 New set #4 of size 30 (354.0 its/hit = 0.000s/hit): seed=6529303040021553547 [2, 3, 14, 27, 52, 54, 55, 63, 67, 84, 91, 99, 101, 118, 124, 130, 131, 142, 155, 180, 182, 183, 191, 195, 212, 219, 227, 229, 246, 252]
Iter#1823 New set #5 of size 30 (364.6 its/hit = 0.000s/hit): seed=11423642782918066399 [2, 3, 14, 27, 52, 54, 55, 63, 67, 84, 91, 99, 101, 118, 124, 130, 131, 142, 155, 180, 182, 183, 191, 195, 212, 219, 227, 229, 246, 252]
Iter#2643 New set #6 of size 30 (440.5 its/hit = 0.000s/hit): seed=4622791293374115082 [2, 3, 14, 27, 52, 54, 55, 63, 67, 84, 91, 99, 101, 118, 124, 130, 131, 142, 155, 180, 182, 183, 191, 195, 212, 219, 227, 229, 246, 252]
Iter#3021 New set #7 of size 30 (431.6 its/hit = 0.000s/hit): seed=18342951926644973757 [2, 3, 14, 27, 52, 54, 55, 63, 67, 84, 91, 99, 101, 118, 124, 130, 131, 142, 155, 180, 182, 183, 191, 195, 212, 219, 227, 229, 246, 252]
Iter#3353 New set #8 of size 30 (419.1 its/hit = 0.000s/hit): seed=6940814907097597526 [2, 3, 14, 27, 52, 54, 55, 63, 67, 84, 91, 99, 101, 118, 124, 130, 131, 142, 155, 180, 182, 183, 191, 195, 212, 219, 227, 229, 246, 252]
Iter#3489 New set #9 of size 30 (387.7 its/hit = 0.000s/hit): seed=13296609186197914542 [2, 3, 14, 27, 52, 54, 55, 63, 67, 84, 91, 99, 101, 118, 124, 130, 131, 142, 155, 180, 182, 183, 191, 195, 212, 219, 227, 229, 246, 252]
Iter#4286 New set #10 of size 30 (428.6 its/hit = 0.000s/hit): seed=10452102731658346603 [2, 3, 14, 27, 52, 54, 55, 63, 67, 84, 91, 99, 101, 118, 124, 130, 131, 142, 155, 180, 182, 183, 191, 195, 212, 219, 227, 229, 246, 252]
Iter#7437 New set #20 of size 30 (371.9 its/hit = 0.000s/hit): seed=13669352656822488847 [2, 3, 14, 27, 52, 54, 55, 63, 67, 84, 91, 99, 101, 118, 124, 130, 131, 142, 155, 180, 182, 183, 191, 195, 212, 219, 227, 229, 246, 252]
Iter#11740 New set #30 of size 30 (391.3 its/hit = 0.000s/hit): seed=3900393464042392345 [2, 3, 14, 27, 52, 54, 55, 63, 67, 84, 91, 99, 101, 118, 124, 130, 131, 142, 155, 180, 182, 183, 191, 195, 212, 219, 227, 229, 246, 252]
Iter#14754 New set #40 of size 30 (368.9 its/hit = 0.000s/hit): seed=13715836788376052270 [2, 3, 14, 27, 52, 54, 55, 63, 67, 84, 91, 99, 101, 118, 124, 130, 131, 142, 155, 180, 182, 183, 191, 195, 212, 219, 227, 229, 246, 252]
Iter#18345 New set #50 of size 30 (366.9 its/hit = 0.000s/hit): seed=5838511726758621864 [2, 3, 14, 27, 52, 54, 55, 63, 67, 84, 91, 99, 101, 118, 124, 130, 131, 142, 155, 180, 182, 183, 191, 195, 212, 219, 227, 229, 246, 252]
Iter#20967 New set #60 of size 30 (349.5 its/hit = 0.000s/hit): seed=2587360061041016587 [2, 3, 14, 27, 52, 54, 55, 63, 67, 84, 91, 99, 101, 118, 124, 130, 131, 142, 155, 180, 182, 183, 191, 195, 212, 219, 227, 229, 246, 252]
Iter#25211 New set #70 of size 30 (360.2 its/hit = 0.000s/hit): seed=4745730531036125153 [2, 3, 14, 27, 52, 54, 55, 63, 67, 84, 91, 99, 101, 118, 124, 130, 131, 142, 155, 180, 182, 183, 191, 195, 212, 219, 227, 229, 246, 252]
Iter#27849 New set #80 of size 30 (348.1 its/hit = 0.000s/hit): seed=9598292809167339951 [2, 3, 14, 27, 52, 54, 55, 63, 67, 84, 91, 99, 101, 118, 124, 130, 131, 142, 155, 180, 182, 183, 191, 195, 212, 219, 227, 229, 246, 252]
Iter#31325 New set #90 of size 30 (348.1 its/hit = 0.000s/hit): seed=15996980881831958906 [2, 3, 14, 27, 52, 54, 55, 63, 67, 84, 91, 99, 101, 118, 124, 130, 131, 142, 155, 180, 182, 183, 191, 195, 212, 219, 227, 229, 246, 252]
Iter#36218 New set #100 of size 30 (362.2 its/hit = 0.000s/hit): seed=11843443944984822019 [2, 3, 14, 27, 52, 54, 55, 63, 67, 84, 91, 99, 101, 118, 124, 130, 131, 142, 155, 180, 182, 183, 191, 195, 212, 219, 227, 229, 246, 252]
Iter#84511 New set #200 of size 30 (422.6 its/hit = 0.000s/hit): seed=3033912963007174274 [2, 3, 14, 27, 52, 54, 55, 63, 67, 84, 91, 99, 101, 118, 124, 130, 131, 142, 155, 180, 182, 183, 191, 195, 212, 219, 227, 229, 246, 252]
Iter#129742 New set #300 of size 30 (432.5 its/hit = 0.003s/hit): seed=7651657893024745999 [2, 3, 14, 27, 52, 54, 55, 63, 67, 84, 91, 99, 101, 118, 124, 130, 131, 142, 155, 180, 182, 183, 191, 195, 212, 219, 227, 229, 246, 252]
Iter#172140 New set #400 of size 30 (430.4 its/hit = 0.002s/hit): seed=18143767516697711983 [2, 3, 14, 27, 52, 54, 55, 63, 67, 84, 91, 99, 101, 118, 124, 130, 131, 142, 155, 180, 182, 183, 191, 195, 212, 219, 227, 229, 246, 252]
Iter#213571 New set #500 of size 30 (427.1 its/hit = 0.002s/hit): seed=971058061871065443 [2, 3, 14, 27, 52, 54, 55, 63, 67, 84, 91, 99, 101, 118, 124, 130, 131, 142, 155, 180, 182, 183, 191, 195, 212, 219, 227, 229, 246, 252]
Iter#257354 New set #600 of size 30 (428.9 its/hit = 0.003s/hit): seed=12421465662439690358 [2, 3, 14, 27, 52, 54, 55, 63, 67, 84, 91, 99, 101, 118, 124, 130, 131, 142, 155, 180, 182, 183, 191, 195, 212, 219, 227, 229, 246, 252]
Iter#301560 New set #700 of size 30 (430.8 its/hit = 0.003s/hit): seed=3953292078550449839 [2, 3, 14, 27, 52, 54, 55, 63, 67, 84, 91, 99, 101, 118, 124, 130, 131, 142, 155, 180, 182, 183, 191, 195, 212, 219, 227, 229, 246, 252]
Iter#341977 New set #800 of size 30 (427.5 its/hit = 0.002s/hit): seed=17341414173902186763 [2, 3, 14, 27, 52, 54, 55, 63, 67, 84, 91, 99, 101, 118, 124, 130, 131, 142, 155, 180, 182, 183, 191, 195, 212, 219, 227, 229, 246, 252]
Iter#381201 New set #900 of size 30 (423.6 its/hit = 0.003s/hit): seed=6594064315224582498 [2, 3, 14, 27, 52, 54, 55, 63, 67, 84, 91, 99, 101, 118, 124, 130, 131, 142, 155, 180, 182, 183, 191, 195, 212, 219, 227, 229, 246, 252]
Iter#422129 New set #1000 of size 30 (422.1 its/hit = 0.003s/hit): seed=11401307372319526031 [2, 3, 14, 27, 52, 54, 55, 63, 67, 84, 91, 99, 101, 118, 124, 130, 131, 142, 155, 180, 182, 183, 191, 195, 212, 219, 227, 229, 246, 252]
Iter#839669 New set #2000 of size 30 (419.8 its/hit = 0.003s/hit): seed=12117348867465261662 [2, 3, 14, 27, 52, 54, 55, 63, 67, 84, 91, 99, 101, 118, 124, 130, 131, 142, 155, 180, 182, 183, 191, 195, 212, 219, 227, 229, 246, 252]
Iter#1278676 New set #3000 of size 30 (426.2 its/hit = 0.003s/hit): seed=4584717547418282599 [2, 3, 14, 27, 52, 54, 55, 63, 67, 84, 91, 99, 101, 118, 124, 130, 131, 142, 155, 180, 182, 183, 191, 195, 212, 219, 227, 229, 246, 252]
Iter#1665709 New set #4000 of size 30 (416.4 its/hit = 0.003s/hit): seed=6960302611766382093 [2, 3, 14, 27, 52, 54, 55, 63, 67, 84, 91, 99, 101, 118, 124, 130, 131, 142, 155, 180, 182, 183, 191, 195, 212, 219, 227, 229, 246, 252]
Iter#2062095 New set #5000 of size 30 (412.4 its/hit = 0.003s/hit): seed=6700580483713497471 [2, 3, 14, 27, 52, 54, 55, 63, 67, 84, 91, 99, 101, 118, 124, 130, 131, 142, 155, 180, 182, 183, 191, 195, 212, 219, 227, 229, 246, 252]
Iter#2478486 New set #6000 of size 30 (413.1 its/hit = 0.003s/hit): seed=12270000067193581722 [2, 3, 14, 27, 52, 54, 55, 63, 67, 84, 91, 99, 101, 118, 124, 130, 131, 142, 155, 180, 182, 183, 191, 195, 212, 219, 227, 229, 246, 252]
Iter#2898386 New set #7000 of size 30 (414.1 its/hit = 0.003s/hit): seed=15673114762309510070 [2, 3, 14, 27, 52, 54, 55, 63, 67, 84, 91, 99, 101, 118, 124, 130, 131, 142, 155, 180, 182, 183, 191, 195, 212, 219, 227, 229, 246, 252]
Iter#3312916 New set #8000 of size 30 (414.1 its/hit = 0.003s/hit): seed=11048683751849405126 [2, 3, 14, 27, 52, 54, 55, 63, 67, 84, 91, 99, 101, 118, 124, 130, 131, 142, 155, 180, 182, 183, 191, 195, 212, 219, 227, 229, 246, 252]
Iter#3740380 New set #9000 of size 30 (415.6 its/hit = 0.003s/hit): seed=7550339569199865816 [2, 3, 14, 27, 52, 54, 55, 63, 67, 84, 91, 99, 101, 118, 124, 130, 131, 142, 155, 180, 182, 183, 191, 195, 212, 219, 227, 229, 246, 252]
Iter#4147435 New set #10000 of size 30 (414.7 its/hit = 0.003s/hit): seed=3799844249314283986 [2, 3, 14, 27, 52, 54, 55, 63, 67, 84, 91, 99, 101, 118, 124, 130, 131, 142, 155, 180, 182, 183, 191, 195, 212, 219, 227, 229, 246, 252]
Iter#8410854 New set #20000 of size 30 (420.5 its/hit = 0.003s/hit): seed=1667086740552933779 [2, 3, 14, 27, 52, 54, 55, 63, 67, 84, 91, 99, 101, 118, 124, 130, 131, 142, 155, 180, 182, 183, 191, 195, 212, 219, 227, 229, 246, 252]
Iter#12649734 New set #30000 of size 30 (421.7 its/hit = 0.003s/hit): seed=5999612904522025425 [2, 3, 14, 27, 52, 54, 55, 63, 67, 84, 91, 99, 101, 118, 124, 130, 131, 142, 155, 180, 182, 183, 191, 195, 212, 219, 227, 229, 246, 252]
Iter#16888415 New set #40000 of size 30 (422.2 its/hit = 0.003s/hit): seed=15217744021429659550 [2, 3, 14, 27, 52, 54, 55, 63, 67, 84, 91, 99, 101, 118, 124, 130, 131, 142, 155, 180, 182, 183, 191, 195, 212, 219, 227, 229, 246, 252]
Iter#21121588 New set #50000 of size 30 (422.4 its/hit = 0.003s/hit): seed=7025862082632776051 [2, 3, 14, 27, 52, 54, 55, 63, 67, 84, 91, 99, 101, 118, 124, 130, 131, 142, 155, 180, 182, 183, 191, 195, 212, 219, 227, 229, 246, 252]
Iter#25421301 New set #60000 of size 30 (423.7 its/hit = 0.003s/hit): seed=18390585853642477711 [2, 3, 14, 27, 52, 54, 55, 63, 67, 84, 91, 99, 101, 118, 124, 130, 131, 142, 155, 180, 182, 183, 191, 195, 212, 219, 227, 229, 246, 252]
Iter#29652723 New set #70000 of size 30 (423.6 its/hit = 0.003s/hit): seed=16197030052956004718 [2, 3, 14, 27, 52, 54, 55, 63, 67, 84, 91, 99, 101, 118, 124, 130, 131, 142, 155, 180, 182, 183, 191, 195, 212, 219, 227, 229, 246, 252]
Iter#33892258 New set #80000 of size 30 (423.7 its/hit = 0.003s/hit): seed=9181886056913967778 [2, 3, 14, 27, 52, 54, 55, 63, 67, 84, 91, 99, 101, 118, 124, 130, 131, 142, 155, 180, 182, 183, 191, 195, 212, 219, 227, 229, 246, 252]
