2 3 10 41 51 66 68 70 74 83 84 86 102 103 111 115 116
Iter#70954619 New set #900000 of size 17 (78.8 its/hit = 0.000s/hit): seed=1283748439910525339 [2, 3, 10, 41, 51, 66, 68, 70, 74, 83, 84, 86, 102, 103, 111, 115, 116]
logs_sage/n7_WAGE.txt.bz2.greedyext.20260220_154050.txt

0 4 12 16 24 26 36 44 45 69 72 76 77 85 94 119 126
Iter#7903804 New set #100000 of size 17 (79.0 its/hit = 0.000s/hit): seed=2458624164545673343 [0, 4, 12, 16, 24, 26, 36, 44, 45, 69, 72, 76, 77, 85, 94, 119, 126]
logs_sage/n7_WAGE.txt.bz2.greedyext.20260220_154050.txt

0 4 12 26 36 44 45 49 60 69 72 76 77 94 107 119 126
Iter#31563221 New set #400000 of size 17 (78.9 its/hit = 0.000s/hit): seed=11772686289004072638 [0, 4, 12, 26, 36, 44, 45, 49, 60, 69, 72, 76, 77, 94, 107, 119, 126]
logs_sage/n7_WAGE.txt.bz2.greedyext.20260220_154050.txt

1 2 30 32 45 46 51 75 82 85 90 96 101 109 113 118 119
Iter#635 New set #7 of size 17 (90.7 its/hit = 0.000s/hit): seed=11270433283474260318 [1, 2, 30, 32, 45, 46, 51, 75, 82, 85, 90, 96, 101, 109, 113, 118, 119]
logs_sage/n7_WAGE.txt.bz2.greedyext.20260220_154050.txt

1 2 10 23 36 45 46 51 52 66 74 86 89 103 105 111 115
Iter#15796668 New set #200000 of size 17 (79.0 its/hit = 0.000s/hit): seed=5102423975261840569 [1, 2, 10, 23, 36, 45, 46, 51, 52, 66, 74, 86, 89, 103, 105, 111, 115]
logs_sage/n7_WAGE.txt.bz2.greedyext.20260220_154050.txt

4 12 16 22 24 26 29 36 44 45 53 54 72 85 94 119 126
Iter#467663 New set #6000 of size 17 (77.9 its/hit = 0.000s/hit): seed=5525632372402424306 [4, 12, 16, 22, 24, 26, 29, 36, 44, 45, 53, 54, 72, 85, 94, 119, 126]
logs_sage/n7_WAGE.txt.bz2.greedyext.20260220_154050.txt

5 14 16 23 24 34 41 50 60 61 63 64 71 87 104 115 124
Iter#6336202 New set #80000 of size 17 (79.2 its/hit = 0.000s/hit): seed=2261639551366743890 [5, 14, 16, 23, 24, 34, 41, 50, 60, 61, 63, 64, 71, 87, 104, 115, 124]
logs_sage/n7_WAGE.txt.bz2.greedyext.20260220_154050.txt

2 3 10 23 41 46 51 53 68 70 84 86 102 103 111 113 116
Iter#23642747 New set #300000 of size 17 (78.8 its/hit = 0.000s/hit): seed=10053442037925816823 [2, 3, 10, 23, 41, 46, 51, 53, 68, 70, 84, 86, 102, 103, 111, 113, 116]
logs_sage/n7_WAGE.txt.bz2.greedyext.20260220_154050.txt

0 4 11 12 16 24 30 49 60 69 72 76 77 85 95 110 123
Iter#39467608 New set #500000 of size 17 (78.9 its/hit = 0.000s/hit): seed=5341918670888740297 [0, 4, 11, 12, 16, 24, 30, 49, 60, 69, 72, 76, 77, 85, 95, 110, 123]
logs_sage/n7_WAGE.txt.bz2.greedyext.20260220_154050.txt

2 3 10 21 41 51 66 68 74 86 98 102 103 111 115 116 127
Iter#63065361 New set #800000 of size 17 (78.8 its/hit = 0.000s/hit): seed=9197485099259017735 [2, 3, 10, 21, 41, 51, 66, 68, 74, 86, 98, 102, 103, 111, 115, 116, 127]
logs_sage/n7_WAGE.txt.bz2.greedyext.20260220_154050.txt

