0 20 63 89 119 122 143 149 160 169 177 185 191 196 227 253 254 255
Iter#2282363 New set #3 of size 18 (760787.7 its/hit = 4.000s/hit): seed=3926565703075128789 [0, 20, 63, 89, 119, 122, 143, 149, 160, 169, 177, 185, 191, 196, 227, 253, 254, 255]
logs_sage/n8_AES.txt.bz2.greedyext.20260220_154050.txt

0 2 16 58 77 94 106 108 114 125 128 148 159 189 197 198 203 204
Iter#27690644 New set #40 of size 18 (692266.1 its/hit = 3.800s/hit): seed=13025246629886185991 [0, 2, 16, 58, 77, 94, 106, 108, 114, 125, 128, 148, 159, 189, 197, 198, 203, 204]
logs_sage/n8_AES.txt.bz2.greedyext.20260220_154050.txt

0 1 8 29 47 53 54 57 64 74 99 102 171 179 194 211 232 239
Iter#2543864 New set #5 of size 18 (508772.8 its/hit = 2.600s/hit): seed=7022212339870334591 [0, 1, 8, 29, 47, 53, 54, 57, 64, 74, 99, 102, 171, 179, 194, 211, 232, 239]
logs_sage/n8_AES.txt.bz2.greedyext.20260220_154050.txt

0 25 26 28 60 62 65 87 138 142 153 164 200 208 218 224 235 251
Iter#3954241 New set #8 of size 18 (494280.1 its/hit = 2.625s/hit): seed=3754960655349331563 [0, 25, 26, 28, 60, 62, 65, 87, 138, 142, 153, 164, 200, 208, 218, 224, 235, 251]
logs_sage/n8_AES.txt.bz2.greedyext.20260220_154050.txt

0 12 21 45 55 85 96 103 111 115 140 156 158 162 163 168 181 223
Iter#33734268 New set #50 of size 18 (674685.4 its/hit = 3.700s/hit): seed=663016863876599957 [0, 12, 21, 45, 55, 85, 96, 103, 111, 115, 140, 156, 158, 162, 163, 168, 181, 223]
logs_sage/n8_AES.txt.bz2.greedyext.20260220_154050.txt

0 4 27 32 37 51 97 116 131 141 145 151 154 188 212 216 228 250
Iter#49419721 New set #70 of size 18 (705996.0 its/hit = 3.871s/hit): seed=5931700165977623257 [0, 4, 27, 32, 37, 51, 97, 116, 131, 141, 145, 151, 154, 188, 212, 216, 228, 250]
logs_sage/n8_AES.txt.bz2.greedyext.20260220_154050.txt

0 6 48 70 78 79 81 84 135 150 155 167 180 186 190 215 220 226
Iter#12369644 New set #20 of size 18 (618482.2 its/hit = 3.350s/hit): seed=4740208605926010201 [0, 6, 48, 70, 78, 79, 81, 84, 135, 150, 155, 167, 180, 186, 190, 215, 220, 226]
logs_sage/n8_AES.txt.bz2.greedyext.20260220_154050.txt

0 10 61 80 98 127 146 161 182 199 202 209 210 213 217 242 243 252
Iter#3997164 New set #9 of size 18 (444129.3 its/hit = 2.333s/hit): seed=16000307510147564221 [0, 10, 61, 80, 98, 127, 146, 161, 182, 199, 202, 209, 210, 213, 217, 242, 243, 252]
logs_sage/n8_AES.txt.bz2.greedyext.20260220_154050.txt

0 11 18 19 23 33 34 88 144 152 172 183 184 201 207 236 241 246
Iter#3924316 New set #7 of size 18 (560616.6 its/hit = 3.000s/hit): seed=15511072686956736278 [0, 11, 18, 19, 23, 33, 34, 88, 144, 152, 172, 183, 184, 201, 207, 236, 241, 246]
logs_sage/n8_AES.txt.bz2.greedyext.20260220_154050.txt

