0 20 63 89 119 122 143 149 160 169 177 185 191 196 227 253 254 255
Iter#49461092 New set #80 of size 18 (618263.6 its/hit = 3.400s/hit): seed=12128743705688341781 [0, 20, 63, 89, 119, 122, 143, 149, 160, 169, 177, 185, 191, 196, 227, 253, 254, 255]
logs_sage/n8_ARIA_s2.txt.bz2.greedyext.20260220_154050.txt

0 3 24 35 39 42 75 90 93 95 110 113 165 170 192 206 222 230
Iter#31731622 New set #50 of size 18 (634632.4 its/hit = 3.500s/hit): seed=11658546598553625289 [0, 3, 24, 35, 39, 42, 75, 90, 93, 95, 110, 113, 165, 170, 192, 206, 222, 230]
logs_sage/n8_ARIA_s2.txt.bz2.greedyext.20260220_154050.txt

0 13 14 30 31 69 71 82 100 104 109 112 129 166 173 193 240 248
Iter#20150383 New set #30 of size 18 (671679.4 its/hit = 3.700s/hit): seed=6986049422038445138 [0, 13, 14, 30, 31, 69, 71, 82, 100, 104, 109, 112, 129, 166, 173, 193, 240, 248]
logs_sage/n8_ARIA_s2.txt.bz2.greedyext.20260220_154050.txt

0 22 36 38 43 46 59 66 67 68 107 117 133 137 176 195 247 249
Iter#2451568 New set #4 of size 18 (612892.0 its/hit = 3.250s/hit): seed=13101923465989135899 [0, 22, 36, 38, 43, 46, 59, 66, 67, 68, 107, 117, 133, 137, 176, 195, 247, 249]
logs_sage/n8_ARIA_s2.txt.bz2.greedyext.20260220_154050.txt

0 1 8 29 47 53 54 57 64 74 99 102 171 179 194 211 232 239
Iter#3718557 New set #7 of size 18 (531222.4 its/hit = 2.857s/hit): seed=2095196094025365824 [0, 1, 8, 29, 47, 53, 54, 57, 64, 74, 99, 102, 171, 179, 194, 211, 232, 239]
logs_sage/n8_ARIA_s2.txt.bz2.greedyext.20260220_154050.txt

0 25 26 28 60 62 65 87 138 142 153 164 200 208 218 224 235 251
Iter#38663650 New set #60 of size 18 (644394.1 its/hit = 3.550s/hit): seed=11717751950312472508 [0, 25, 26, 28, 60, 62, 65, 87, 138, 142, 153, 164, 200, 208, 218, 224, 235, 251]
logs_sage/n8_ARIA_s2.txt.bz2.greedyext.20260220_154050.txt

0 5 40 49 73 91 101 105 121 126 147 178 221 225 229 231 238 244
Iter#11932285 New set #20 of size 18 (596614.2 its/hit = 3.250s/hit): seed=11645721238788618738 [0, 5, 40, 49, 73, 91, 101, 105, 121, 126, 147, 178, 221, 225, 229, 231, 238, 244]
logs_sage/n8_ARIA_s2.txt.bz2.greedyext.20260220_154050.txt

0 12 21 45 55 85 96 103 111 115 140 156 158 162 163 168 181 223
Iter#46173582 New set #70 of size 18 (659622.6 its/hit = 3.629s/hit): seed=14994226097547751227 [0, 12, 21, 45, 55, 85, 96, 103, 111, 115, 140, 156, 158, 162, 163, 168, 181, 223]
logs_sage/n8_ARIA_s2.txt.bz2.greedyext.20260220_154050.txt

0 4 27 32 37 51 97 116 131 141 145 151 154 188 212 216 228 250
Iter#7237443 New set #10 of size 18 (723744.3 its/hit = 3.900s/hit): seed=5473776867262662919 [0, 4, 27, 32, 37, 51, 97, 116, 131, 141, 145, 151, 154, 188, 212, 216, 228, 250]
logs_sage/n8_ARIA_s2.txt.bz2.greedyext.20260220_154050.txt

0 11 18 19 23 33 34 88 144 152 172 183 184 201 207 236 241 246
Iter#3281285 New set #6 of size 18 (546880.8 its/hit = 3.000s/hit): seed=14181371614860721360 [0, 11, 18, 19, 23, 33, 34, 88, 144, 152, 172, 183, 184, 201, 207, 236, 241, 246]
logs_sage/n8_ARIA_s2.txt.bz2.greedyext.20260220_154050.txt

