34 40 86 89 90 99 104 112 172 174 185 188 207 211 219 224 251 255
Iter#45879377 New set #70 of size 18 (655419.7 its/hit = 3.614s/hit): seed=15207311162917418095 [34, 40, 86, 89, 90, 99, 104, 112, 172, 174, 185, 188, 207, 211, 219, 224, 251, 255]
logs_sage/n8_CLEFIA_S1.txt.bz2.greedyext.20260220_154050.txt

5 12 64 71 87 90 101 102 119 121 153 159 179 182 230 231 242 254
Iter#2042596 New set #7 of size 18 (291799.4 its/hit = 1.571s/hit): seed=10267668761935193351 [5, 12, 64, 71, 87, 90, 101, 102, 119, 121, 153, 159, 179, 182, 230, 231, 242, 254]
logs_sage/n8_CLEFIA_S1.txt.bz2.greedyext.20260220_154050.txt

1 18 30 35 38 84 90 91 109 123 140 143 148 164 166 192 228 250
Iter#30879829 New set #50 of size 18 (617596.6 its/hit = 3.400s/hit): seed=6565057877946818841 [1, 18, 30, 35, 38, 84, 90, 91, 109, 123, 140, 143, 148, 164, 166, 192, 228, 250]
logs_sage/n8_CLEFIA_S1.txt.bz2.greedyext.20260220_154050.txt

10 23 55 58 67 75 83 90 92 93 116 127 138 144 177 180 235 239
Iter#1999302 New set #6 of size 18 (333217.0 its/hit = 1.833s/hit): seed=16723835247725389957 [10, 23, 55, 58, 67, 75, 83, 90, 92, 93, 116, 127, 138, 144, 177, 180, 235, 239]
logs_sage/n8_CLEFIA_S1.txt.bz2.greedyext.20260220_154050.txt

6 16 20 85 90 110 114 126 134 141 147 181 191 212 220 225 226 246
Iter#39066360 New set #60 of size 18 (651106.0 its/hit = 3.583s/hit): seed=214762552688256997 [6, 16, 20, 85, 90, 110, 114, 126, 134, 141, 147, 181, 191, 212, 220, 225, 226, 246]
logs_sage/n8_CLEFIA_S1.txt.bz2.greedyext.20260220_154050.txt

15 22 24 90 107 117 132 133 149 161 163 196 203 205 216 223 229 243
Iter#51238931 New set #80 of size 18 (640486.6 its/hit = 3.537s/hit): seed=3419362872394050244 [15, 22, 24, 90, 107, 117, 132, 133, 149, 161, 163, 196, 203, 205, 216, 223, 229, 243]
logs_sage/n8_CLEFIA_S1.txt.bz2.greedyext.20260220_154050.txt

3 13 25 43 46 81 82 90 94 97 139 150 151 162 175 183 189 249
Iter#8169586 New set #20 of size 18 (408479.3 its/hit = 2.250s/hit): seed=552152135133823908 [3, 13, 25, 43, 46, 81, 82, 90, 94, 97, 139, 150, 151, 162, 175, 183, 189, 249]
logs_sage/n8_CLEFIA_S1.txt.bz2.greedyext.20260220_154050.txt

14 31 49 51 90 120 130 155 165 168 178 184 187 190 197 218 221 232
Iter#23766014 New set #40 of size 18 (594150.4 its/hit = 3.275s/hit): seed=8549941291789998195 [14, 31, 49, 51, 90, 120, 130, 155, 165, 168, 178, 184, 187, 190, 197, 218, 221, 232]
logs_sage/n8_CLEFIA_S1.txt.bz2.greedyext.20260220_154050.txt

17 37 47 66 69 90 95 106 115 122 131 160 173 193 206 234 236 253
Iter#2907071 New set #8 of size 18 (363383.9 its/hit = 2.000s/hit): seed=17082238352271751929 [17, 37, 47, 66, 69, 90, 95, 106, 115, 122, 131, 160, 173, 193, 206, 234, 236, 253]
logs_sage/n8_CLEFIA_S1.txt.bz2.greedyext.20260220_154050.txt

2 26 28 39 41 44 45 65 73 88 90 96 135 142 152 208 215 247
Iter#2964159 New set #9 of size 18 (329351.0 its/hit = 1.778s/hit): seed=6782853710905557283 [2, 26, 28, 39, 41, 44, 45, 65, 73, 88, 90, 96, 135, 142, 152, 208, 215, 247]
logs_sage/n8_CLEFIA_S1.txt.bz2.greedyext.20260220_154050.txt

