3 45 54 77 78 91 95 126 140 149 155 156 182 197 202 217 226 253
Iter#38018821 New set #80 of size 18 (475235.2 its/hit = 2.612s/hit): seed=15208420930022484359 [3, 45, 54, 77, 78, 91, 95, 126, 140, 149, 155, 156, 182, 197, 202, 217, 226, 253]
logs_sage/n8_Camellia.txt.bz2.greedyext.20260220_154050.txt

0 26 72 86 101 122 138 143 169 175 196 197 205 206 236 244 248 250
Iter#2258330 New set #4 of size 18 (564582.5 its/hit = 3.000s/hit): seed=16618065943680485919 [0, 26, 72, 86, 101, 122, 138, 143, 169, 175, 196, 197, 205, 206, 236, 244, 248, 250]
logs_sage/n8_Camellia.txt.bz2.greedyext.20260220_154050.txt

8 9 28 53 76 87 132 146 151 181 195 197 221 223 243 247 251 252
Iter#3447918 New set #7 of size 18 (492559.7 its/hit = 2.714s/hit): seed=685856434226511083 [8, 9, 28, 53, 76, 87, 132, 146, 151, 181, 195, 197, 221, 223, 243, 247, 251, 252]
logs_sage/n8_Camellia.txt.bz2.greedyext.20260220_154050.txt

7 15 18 49 69 84 93 105 128 139 141 142 148 164 165 178 197 228
Iter#53646356 New set #100 of size 18 (536463.6 its/hit = 2.960s/hit): seed=5373300470254009714 [7, 15, 18, 49, 69, 84, 93, 105, 128, 139, 141, 142, 148, 164, 165, 178, 197, 228]
logs_sage/n8_Camellia.txt.bz2.greedyext.20260220_154050.txt

5 12 13 14 19 30 46 81 116 120 131 171 172 197 208 225 235 239
Iter#1429982 New set #1 of size 18 (1429982.0 its/hit = 7.000s/hit): seed=7528374587285525443 [5, 12, 13, 14, 19, 30, 46, 81, 116, 120, 131, 171, 172, 197, 208, 225, 235, 239]
logs_sage/n8_Camellia.txt.bz2.greedyext.20260220_154050.txt

37 51 60 73 79 110 114 121 158 160 161 192 197 209 227 233 241 249
Iter#46435697 New set #90 of size 18 (515952.2 its/hit = 2.844s/hit): seed=8801947216078521856 [37, 51, 60, 73, 79, 110, 114, 121, 158, 160, 161, 192, 197, 209, 227, 233, 241, 249]
logs_sage/n8_Camellia.txt.bz2.greedyext.20260220_154050.txt

11 16 17 22 34 39 42 74 90 94 103 117 135 197 211 230 237 245
Iter#32167388 New set #70 of size 18 (459534.1 its/hit = 2.529s/hit): seed=13001330548725666063 [11, 16, 17, 22, 34, 39, 42, 74, 90, 94, 103, 117, 135, 197, 211, 230, 237, 245]
logs_sage/n8_Camellia.txt.bz2.greedyext.20260220_154050.txt

4 6 55 59 62 98 136 145 154 173 179 188 189 193 194 197 214 222
Iter#27441715 New set #60 of size 18 (457361.9 its/hit = 2.517s/hit): seed=17897526157991794499 [4, 6, 55, 59, 62, 98, 136, 145, 154, 173, 179, 188, 189, 193, 194, 197, 214, 222]
logs_sage/n8_Camellia.txt.bz2.greedyext.20260220_154050.txt

24 33 35 38 50 52 56 68 92 96 133 159 177 197 200 216 234 238
Iter#15630574 New set #30 of size 18 (521019.1 its/hit = 2.867s/hit): seed=7350699571806178964 [24, 33, 35, 38, 50, 52, 56, 68, 92, 96, 133, 159, 177, 197, 200, 216, 234, 238]
logs_sage/n8_Camellia.txt.bz2.greedyext.20260220_154050.txt

36 61 67 71 80 100 112 127 147 150 163 190 197 198 203 204 218 224
Iter#2363061 New set #5 of size 18 (472612.2 its/hit = 2.600s/hit): seed=18182179815554676508 [36, 61, 67, 71, 80, 100, 112, 127, 147, 150, 163, 190, 197, 198, 203, 204, 218, 224]
logs_sage/n8_Camellia.txt.bz2.greedyext.20260220_154050.txt

10 23 29 32 40 57 82 99 104 125 153 180 184 185 197 213 215 254
Iter#11987624 New set #20 of size 18 (599381.2 its/hit = 3.300s/hit): seed=14217401598837576727 [10, 23, 29, 32, 40, 57, 82, 99, 104, 125, 153, 180, 184, 185, 197, 213, 215, 254]
logs_sage/n8_Camellia.txt.bz2.greedyext.20260220_154050.txt

27 47 48 58 63 75 97 108 129 130 167 174 186 197 199 201 219 231
Iter#20903379 New set #40 of size 18 (522584.5 its/hit = 2.875s/hit): seed=12060490184762749058 [27, 47, 48, 58, 63, 75, 97, 108, 129, 130, 167, 174, 186, 197, 199, 201, 219, 231]
logs_sage/n8_Camellia.txt.bz2.greedyext.20260220_154050.txt

