7 32 49 53 58 68 69 100 106 107 126 129 132 177 186 187 215 220 229 250 251
Iter#43362990 New set #40000 of size 21 (1084.1 its/hit = 0.007s/hit): seed=3727145391120103875 [7, 32, 49, 53, 58, 68, 69, 100, 106, 107, 126, 129, 132, 177, 186, 187, 215, 220, 229, 250, 251]
logs_sage/n8_CSA.txt.bz2.greedyext.20260220_154050.txt

10 11 17 38 40 55 65 71 84 93 102 113 115 162 164 217 223 225 227 241 254
Iter#3271013 New set #3000 of size 21 (1090.3 its/hit = 0.007s/hit): seed=10458661292925753492 [10, 11, 17, 38, 40, 55, 65, 71, 84, 93, 102, 113, 115, 162, 164, 217, 223, 225, 227, 241, 254]
logs_sage/n8_CSA.txt.bz2.greedyext.20260220_154050.txt

32 44 49 53 58 68 69 100 103 106 107 126 129 132 177 186 187 229 243 250 251
Iter#10844329 New set #10000 of size 21 (1084.4 its/hit = 0.007s/hit): seed=18249439800562138377 [32, 44, 49, 53, 58, 68, 69, 100, 103, 106, 107, 126, 129, 132, 177, 186, 187, 229, 243, 250, 251]
logs_sage/n8_CSA.txt.bz2.greedyext.20260220_154050.txt

32 49 53 58 68 69 100 106 107 126 129 132 166 177 186 187 229 237 247 250 251
Iter#32485473 New set #30000 of size 21 (1082.8 its/hit = 0.007s/hit): seed=450943409431489279 [32, 49, 53, 58, 68, 69, 100, 106, 107, 126, 129, 132, 166, 177, 186, 187, 229, 237, 247, 250, 251]
logs_sage/n8_CSA.txt.bz2.greedyext.20260220_154050.txt

