4 38 48 50 61 108 133 143 166 180 184 192 198 199 218 223 224 245
Iter#765308 New set #1 of size 18 (765308.0 its/hit = 4.000s/hit): seed=18395514896076484993 [4, 38, 48, 50, 61, 108, 133, 143, 166, 180, 184, 192, 198, 199, 218, 223, 224, 245]
logs_sage/n8_Chiasmus.txt.bz2.greedyext.20260220_154550.txt

6 14 57 71 96 105 110 123 131 137 143 165 187 201 209 234 240 243
Iter#6283160 New set #10 of size 18 (628316.0 its/hit = 3.400s/hit): seed=7024266649856274816 [6, 14, 57, 71, 96, 105, 110, 123, 131, 137, 143, 165, 187, 201, 209, 234, 240, 243]
logs_sage/n8_Chiasmus.txt.bz2.greedyext.20260220_154550.txt

16 23 26 32 33 49 52 89 97 124 132 143 152 156 177 195 203 235
Iter#35748573 New set #70 of size 18 (510693.9 its/hit = 2.800s/hit): seed=608284469302261115 [16, 23, 26, 32, 33, 49, 52, 89, 97, 124, 132, 143, 152, 156, 177, 195, 203, 235]
logs_sage/n8_Chiasmus.txt.bz2.greedyext.20260220_154550.txt

1 2 18 47 65 67 70 99 129 143 196 214 217 221 229 236 242 250
Iter#5535164 New set #8 of size 18 (691895.5 its/hit = 3.750s/hit): seed=9850429442958021565 [1, 2, 18, 47, 65, 67, 70, 99, 129, 143, 196, 214, 217, 221, 229, 236, 242, 250]
logs_sage/n8_Chiasmus.txt.bz2.greedyext.20260220_154550.txt

3 27 29 35 45 95 117 126 130 142 143 147 155 194 208 213 228 247
Iter#12012231 New set #20 of size 18 (600611.6 its/hit = 3.300s/hit): seed=11074833892296769781 [3, 27, 29, 35, 45, 95, 117, 126, 130, 142, 143, 147, 155, 194, 208, 213, 228, 247]
logs_sage/n8_Chiasmus.txt.bz2.greedyext.20260220_154550.txt

22 44 72 75 98 104 121 127 143 145 150 157 168 173 205 215 222 225
Iter#40966773 New set #80 of size 18 (512084.7 its/hit = 2.812s/hit): seed=18175259248877432127 [22, 44, 72, 75, 98, 104, 121, 127, 143, 145, 150, 157, 168, 173, 205, 215, 222, 225]
logs_sage/n8_Chiasmus.txt.bz2.greedyext.20260220_154550.txt

20 60 73 76 77 87 128 141 143 144 153 160 178 188 202 219 237 238
Iter#52991479 New set #100 of size 18 (529914.8 its/hit = 2.920s/hit): seed=8410027273972311306 [20, 60, 73, 76, 77, 87, 128, 141, 143, 144, 153, 160, 178, 188, 202, 219, 237, 238]
logs_sage/n8_Chiasmus.txt.bz2.greedyext.20260220_154550.txt

24 41 43 54 83 100 139 143 159 162 164 167 170 171 200 226 244 254
Iter#1320563 New set #2 of size 18 (660281.5 its/hit = 3.500s/hit): seed=10748763654546425942 [24, 41, 43, 54, 83, 100, 139, 143, 159, 162, 164, 167, 170, 171, 200, 226, 244, 254]
logs_sage/n8_Chiasmus.txt.bz2.greedyext.20260220_154550.txt

10 17 37 58 69 74 84 103 107 109 111 125 136 143 172 181 206 252
Iter#29477850 New set #60 of size 18 (491297.5 its/hit = 2.700s/hit): seed=11131036923298929854 [10, 17, 37, 58, 69, 74, 84, 103, 107, 109, 111, 125, 136, 143, 172, 181, 206, 252]
logs_sage/n8_Chiasmus.txt.bz2.greedyext.20260220_154550.txt

11 25 81 93 102 122 143 148 149 176 182 189 197 232 239 241 251 255
Iter#2921821 New set #6 of size 18 (486970.2 its/hit = 2.667s/hit): seed=3648868901258079774 [11, 25, 81, 93, 102, 122, 143, 148, 149, 176, 182, 189, 197, 232, 239, 241, 251, 255]
logs_sage/n8_Chiasmus.txt.bz2.greedyext.20260220_154550.txt

9 15 51 82 91 116 118 120 138 143 146 175 185 186 190 204 211 220
Iter#25633918 New set #50 of size 18 (512678.4 its/hit = 2.820s/hit): seed=12634859659141499746 [9, 15, 51, 82, 91, 116, 118, 120, 138, 143, 146, 175, 185, 186, 190, 204, 211, 220]
logs_sage/n8_Chiasmus.txt.bz2.greedyext.20260220_154550.txt

