19 29 35 37 46 48 53 60 64 85 92 93 96 119 125 140 142 146 167 188 213 222 227 231 253
Iter#18774852 New set #10000 of size 25 (1877.5 its/hit = 0.014s/hit): seed=4023622878332187435 [19, 29, 35, 37, 46, 48, 53, 60, 64, 85, 92, 93, 96, 119, 125, 140, 142, 146, 167, 188, 213, 222, 227, 231, 253]
logs_sage/n8_Crypton_0_5.txt.bz2.greedyext.20260220_154550.txt

6 10 12 14 18 42 43 52 69 86 87 92 108 119 133 140 158 167 172 178 186 210 229 245 250
Iter#37773431 New set #20000 of size 25 (1888.7 its/hit = 0.014s/hit): seed=5557335923367856507 [6, 10, 12, 14, 18, 42, 43, 52, 69, 86, 87, 92, 108, 119, 133, 140, 158, 167, 172, 178, 186, 210, 229, 245, 250]
logs_sage/n8_Crypton_0_5.txt.bz2.greedyext.20260220_154550.txt

12 18 21 22 26 30 37 58 62 69 70 71 76 78 98 114 172 178 199 203 204 215 229 234 246
Iter#16925051 New set #9000 of size 25 (1880.6 its/hit = 0.014s/hit): seed=1891866227635498104 [12, 18, 21, 22, 26, 30, 37, 58, 62, 69, 70, 71, 76, 78, 98, 114, 172, 178, 199, 203, 204, 215, 229, 234, 246]
logs_sage/n8_Crypton_0_5.txt.bz2.greedyext.20260220_154550.txt

