3 7 8 10 12 14 23 24 26 39 40 42 64 66 67 68 70 71 72 74 75 76 78 79 80 82 87 88 90 95 96 98 103 104 106 111 135 136 138 147 151 152 154 156 158 163 167 168 170 172 174 192 194 199 200 202 207 208 210 211 212 214 215 216 218 219 220 222 223 224 226 227 228 230 231 232 234 235 236 238 239
Iter#1000 New set #1000 of size 81 (1.0 its/hit = 0.000s/hit): seed=14571191720433808210 [3, 7, 8, 10, 12, 14, 23, 24, 26, 39, 40, 42, 64, 66, 67, 68, 70, 71, 72, 74, 75, 76, 78, 79, 80, 82, 87, 88, 90, 95, 96, 98, 103, 104, 106, 111, 135, 136, 138, 147, 151, 152, 154, 156, 158, 163, 167, 168, 170, 172, 174, 192, 194, 199, 200, 202, 207, 208, 210, 211, 212, 214, 215, 216, 218, 219, 220, 222, 223, 224, 226, 227, 228, 230, 231, 232, 234, 235, 236, 238, 239]
logs_sage/n8_CSS.txt.bz2.greedyext.20260220_154050.txt

0 2 4 6 11 15 16 18 31 32 34 47 64 66 67 68 70 71 72 74 75 76 78 79 80 82 87 88 90 95 96 98 103 104 106 111 128 130 143 144 146 148 150 155 159 160 162 164 166 171 175 192 194 199 200 202 207 208 210 211 212 214 215 216 218 219 220 222 223 224 226 227 228 230 231 232 234 235 236 238 239
Iter#4000 New set #4000 of size 81 (1.0 its/hit = 0.000s/hit): seed=10681488840144231489 [0, 2, 4, 6, 11, 15, 16, 18, 31, 32, 34, 47, 64, 66, 67, 68, 70, 71, 72, 74, 75, 76, 78, 79, 80, 82, 87, 88, 90, 95, 96, 98, 103, 104, 106, 111, 128, 130, 143, 144, 146, 148, 150, 155, 159, 160, 162, 164, 166, 171, 175, 192, 194, 199, 200, 202, 207, 208, 210, 211, 212, 214, 215, 216, 218, 219, 220, 222, 223, 224, 226, 227, 228, 230, 231, 232, 234, 235, 236, 238, 239]
logs_sage/n8_CSS.txt.bz2.greedyext.20260220_154050.txt

4 6 11 32 34 36 38 43 47 48 50 51 52 54 55 56 58 59 60 62 63 67 68 70 75 76 78 96 98 99 100 102 103 104 106 107 108 110 111 112 114 116 118 123 127 128 130 132 134 139 143 164 166 171 179 180 182 187 188 190 192 194 195 196 198 199 200 202 203 204 206 207 227 228 230 235 236 238 244 246 251
Iter#20 New set #20 of size 81 (1.0 its/hit = 0.000s/hit): seed=13859361854299920794 [4, 6, 11, 32, 34, 36, 38, 43, 47, 48, 50, 51, 52, 54, 55, 56, 58, 59, 60, 62, 63, 67, 68, 70, 75, 76, 78, 96, 98, 99, 100, 102, 103, 104, 106, 107, 108, 110, 111, 112, 114, 116, 118, 123, 127, 128, 130, 132, 134, 139, 143, 164, 166, 171, 179, 180, 182, 187, 188, 190, 192, 194, 195, 196, 198, 199, 200, 202, 203, 204, 206, 207, 227, 228, 230, 235, 236, 238, 244, 246, 251]
logs_sage/n8_CSS.txt.bz2.greedyext.20260220_154050.txt

0 1 2 8 9 10 16 17 18 20 21 22 24 25 26 28 29 30 32 33 34 36 37 38 40 41 42 44 45 46 72 73 74 88 89 90 92 93 94 104 105 106 108 109 110 128 129 130 132 133 134 136 137 138 140 141 142 144 145 146 152 153 154 160 161 162 168 169 170 200 201 202 204 205 206 216 217 218 232 233 234
Iter#200 New set #200 of size 81 (1.0 its/hit = 0.000s/hit): seed=18010097036226769771 [0, 1, 2, 8, 9, 10, 16, 17, 18, 20, 21, 22, 24, 25, 26, 28, 29, 30, 32, 33, 34, 36, 37, 38, 40, 41, 42, 44, 45, 46, 72, 73, 74, 88, 89, 90, 92, 93, 94, 104, 105, 106, 108, 109, 110, 128, 129, 130, 132, 133, 134, 136, 137, 138, 140, 141, 142, 144, 145, 146, 152, 153, 154, 160, 161, 162, 168, 169, 170, 200, 201, 202, 204, 205, 206, 216, 217, 218, 232, 233, 234]
logs_sage/n8_CSS.txt.bz2.greedyext.20260220_154050.txt

0 1 3 4 5 7 8 9 11 12 13 15 32 33 39 40 41 47 55 56 57 67 71 72 73 76 77 103 104 105 112 113 119 120 121 127 128 129 135 136 137 143 160 161 163 164 165 167 168 169 171 172 173 175 179 183 184 185 188 189 199 200 201 227 231 232 233 236 237 240 241 243 244 245 247 248 249 251 252 253 255
Iter#9 New set #9 of size 81 (1.0 its/hit = 0.000s/hit): seed=16379664617848923966 [0, 1, 3, 4, 5, 7, 8, 9, 11, 12, 13, 15, 32, 33, 39, 40, 41, 47, 55, 56, 57, 67, 71, 72, 73, 76, 77, 103, 104, 105, 112, 113, 119, 120, 121, 127, 128, 129, 135, 136, 137, 143, 160, 161, 163, 164, 165, 167, 168, 169, 171, 172, 173, 175, 179, 183, 184, 185, 188, 189, 199, 200, 201, 227, 231, 232, 233, 236, 237, 240, 241, 243, 244, 245, 247, 248, 249, 251, 252, 253, 255]
logs_sage/n8_CSS.txt.bz2.greedyext.20260220_154050.txt

3 4 6 11 12 14 16 18 19 20 22 23 24 26 27 28 30 31 32 34 35 36 38 39 40 42 43 44 46 47 68 70 75 80 82 84 86 91 95 96 98 100 102 107 111 128 130 131 132 134 135 136 138 139 140 142 143 147 148 150 155 156 158 163 164 166 171 172 174 192 194 196 198 203 207 212 214 219 228 230 235
Iter#800 New set #800 of size 81 (1.0 its/hit = 0.000s/hit): seed=740511203263707353 [3, 4, 6, 11, 12, 14, 16, 18, 19, 20, 22, 23, 24, 26, 27, 28, 30, 31, 32, 34, 35, 36, 38, 39, 40, 42, 43, 44, 46, 47, 68, 70, 75, 80, 82, 84, 86, 91, 95, 96, 98, 100, 102, 107, 111, 128, 130, 131, 132, 134, 135, 136, 138, 139, 140, 142, 143, 147, 148, 150, 155, 156, 158, 163, 164, 166, 171, 172, 174, 192, 194, 196, 198, 203, 207, 212, 214, 219, 228, 230, 235]
logs_sage/n8_CSS.txt.bz2.greedyext.20260220_154050.txt

12 13 14 40 41 42 44 45 46 48 49 50 52 53 54 56 57 58 60 61 62 68 69 70 76 77 78 96 97 98 100 101 102 104 105 106 108 109 110 120 121 122 124 125 126 136 137 138 140 141 142 172 173 174 180 181 182 188 189 190 192 193 194 196 197 198 200 201 202 204 205 206 228 229 230 236 237 238 252 253 254
Iter#1 New set #1 of size 81 (1.0 its/hit = 0.000s/hit): seed=11941372368693266587 [12, 13, 14, 40, 41, 42, 44, 45, 46, 48, 49, 50, 52, 53, 54, 56, 57, 58, 60, 61, 62, 68, 69, 70, 76, 77, 78, 96, 97, 98, 100, 101, 102, 104, 105, 106, 108, 109, 110, 120, 121, 122, 124, 125, 126, 136, 137, 138, 140, 141, 142, 172, 173, 174, 180, 181, 182, 188, 189, 190, 192, 193, 194, 196, 197, 198, 200, 201, 202, 204, 205, 206, 228, 229, 230, 236, 237, 238, 252, 253, 254]
logs_sage/n8_CSS.txt.bz2.greedyext.20260220_154050.txt

3 7 8 9 12 13 35 44 45 51 52 53 59 60 61 64 65 67 68 69 71 72 73 75 76 77 79 99 100 101 107 108 109 115 124 125 131 140 141 163 167 168 169 172 173 176 177 179 180 181 183 184 185 187 188 189 191 195 196 197 203 204 205 224 225 227 228 229 231 232 233 235 236 237 239 243 247 248 249 252 253
Iter#2 New set #2 of size 81 (1.0 its/hit = 0.000s/hit): seed=10147538223774445035 [3, 7, 8, 9, 12, 13, 35, 44, 45, 51, 52, 53, 59, 60, 61, 64, 65, 67, 68, 69, 71, 72, 73, 75, 76, 77, 79, 99, 100, 101, 107, 108, 109, 115, 124, 125, 131, 140, 141, 163, 167, 168, 169, 172, 173, 176, 177, 179, 180, 181, 183, 184, 185, 187, 188, 189, 191, 195, 196, 197, 203, 204, 205, 224, 225, 227, 228, 229, 231, 232, 233, 235, 236, 237, 239, 243, 247, 248, 249, 252, 253]
logs_sage/n8_CSS.txt.bz2.greedyext.20260220_154050.txt

0 1 2 4 5 6 8 9 10 12 13 14 32 33 34 40 41 42 48 49 50 64 65 66 68 69 70 96 97 98 112 113 114 120 121 122 128 129 130 136 137 138 160 161 162 164 165 166 168 169 170 172 173 174 176 177 178 180 181 182 192 193 194 224 225 226 228 229 230 240 241 242 244 245 246 248 249 250 252 253 254
Iter#50 New set #50 of size 81 (1.0 its/hit = 0.000s/hit): seed=14646054089511358992 [0, 1, 2, 4, 5, 6, 8, 9, 10, 12, 13, 14, 32, 33, 34, 40, 41, 42, 48, 49, 50, 64, 65, 66, 68, 69, 70, 96, 97, 98, 112, 113, 114, 120, 121, 122, 128, 129, 130, 136, 137, 138, 160, 161, 162, 164, 165, 166, 168, 169, 170, 172, 173, 174, 176, 177, 178, 180, 181, 182, 192, 193, 194, 224, 225, 226, 228, 229, 230, 240, 241, 242, 244, 245, 246, 248, 249, 250, 252, 253, 254]
logs_sage/n8_CSS.txt.bz2.greedyext.20260220_154050.txt

3 7 9 10 13 14 35 45 46 51 53 54 59 61 62 65 66 67 69 70 71 73 74 75 77 78 79 99 101 102 107 109 110 115 125 126 131 141 142 163 167 169 170 173 174 177 178 179 181 182 183 185 186 187 189 190 191 195 197 198 203 205 206 225 226 227 229 230 231 233 234 235 237 238 239 243 247 249 250 253 254
Iter#700000 New set #700000 of size 81 (1.0 its/hit = 0.000s/hit): seed=11157663182992191941 [3, 7, 9, 10, 13, 14, 35, 45, 46, 51, 53, 54, 59, 61, 62, 65, 66, 67, 69, 70, 71, 73, 74, 75, 77, 78, 79, 99, 101, 102, 107, 109, 110, 115, 125, 126, 131, 141, 142, 163, 167, 169, 170, 173, 174, 177, 178, 179, 181, 182, 183, 185, 186, 187, 189, 190, 191, 195, 197, 198, 203, 205, 206, 225, 226, 227, 229, 230, 231, 233, 234, 235, 237, 238, 239, 243, 247, 249, 250, 253, 254]
logs_sage/n8_CSS.txt.bz2.greedyext.20260220_154050.txt

0 1 3 4 5 7 8 9 11 12 13 15 16 17 23 24 25 31 48 49 63 64 65 68 69 75 79 80 81 95 112 113 119 120 121 127 128 129 135 136 137 143 144 145 147 148 149 151 152 153 155 156 157 159 176 177 180 181 187 191 192 193 207 208 209 212 213 219 223 240 241 243 244 245 247 248 249 251 252 253 255
Iter#700 New set #700 of size 81 (1.0 its/hit = 0.000s/hit): seed=7926509456854382152 [0, 1, 3, 4, 5, 7, 8, 9, 11, 12, 13, 15, 16, 17, 23, 24, 25, 31, 48, 49, 63, 64, 65, 68, 69, 75, 79, 80, 81, 95, 112, 113, 119, 120, 121, 127, 128, 129, 135, 136, 137, 143, 144, 145, 147, 148, 149, 151, 152, 153, 155, 156, 157, 159, 176, 177, 180, 181, 187, 191, 192, 193, 207, 208, 209, 212, 213, 219, 223, 240, 241, 243, 244, 245, 247, 248, 249, 251, 252, 253, 255]
logs_sage/n8_CSS.txt.bz2.greedyext.20260220_154050.txt

1 2 5 6 11 15 37 38 43 51 53 54 59 61 62 65 66 67 69 70 71 73 74 75 77 78 79 99 101 102 107 109 110 117 118 123 133 134 139 161 162 165 166 171 175 177 178 179 181 182 183 185 186 187 189 190 191 195 197 198 203 205 206 225 226 227 229 230 231 233 234 235 237 238 239 241 242 245 246 251 255
Iter#70 New set #70 of size 81 (1.0 its/hit = 0.000s/hit): seed=5346908565579962900 [1, 2, 5, 6, 11, 15, 37, 38, 43, 51, 53, 54, 59, 61, 62, 65, 66, 67, 69, 70, 71, 73, 74, 75, 77, 78, 79, 99, 101, 102, 107, 109, 110, 117, 118, 123, 133, 134, 139, 161, 162, 165, 166, 171, 175, 177, 178, 179, 181, 182, 183, 185, 186, 187, 189, 190, 191, 195, 197, 198, 203, 205, 206, 225, 226, 227, 229, 230, 231, 233, 234, 235, 237, 238, 239, 241, 242, 245, 246, 251, 255]
logs_sage/n8_CSS.txt.bz2.greedyext.20260220_154050.txt

3 7 8 9 12 13 39 40 41 48 49 55 56 57 63 64 65 67 68 69 71 72 73 75 76 77 79 96 97 103 104 105 111 119 120 121 135 136 137 163 167 168 169 172 173 176 177 179 180 181 183 184 185 187 188 189 191 192 193 199 200 201 207 224 225 227 228 229 231 232 233 235 236 237 239 243 247 248 249 252 253
Iter#7000000 New set #7000000 of size 81 (1.0 its/hit = 0.000s/hit): seed=13685923239991940013 [3, 7, 8, 9, 12, 13, 39, 40, 41, 48, 49, 55, 56, 57, 63, 64, 65, 67, 68, 69, 71, 72, 73, 75, 76, 77, 79, 96, 97, 103, 104, 105, 111, 119, 120, 121, 135, 136, 137, 163, 167, 168, 169, 172, 173, 176, 177, 179, 180, 181, 183, 184, 185, 187, 188, 189, 191, 192, 193, 199, 200, 201, 207, 224, 225, 227, 228, 229, 231, 232, 233, 235, 236, 237, 239, 243, 247, 248, 249, 252, 253]
logs_sage/n8_CSS.txt.bz2.greedyext.20260220_154050.txt

4 5 11 32 33 36 37 43 47 48 49 51 52 53 55 56 57 59 60 61 63 67 68 69 75 76 77 96 97 99 100 101 103 104 105 107 108 109 111 112 113 116 117 123 127 128 129 132 133 139 143 164 165 171 179 180 181 187 188 189 192 193 195 196 197 199 200 201 203 204 205 207 227 228 229 235 236 237 244 245 251
Iter#90 New set #90 of size 81 (1.0 its/hit = 0.000s/hit): seed=16165029356945644801 [4, 5, 11, 32, 33, 36, 37, 43, 47, 48, 49, 51, 52, 53, 55, 56, 57, 59, 60, 61, 63, 67, 68, 69, 75, 76, 77, 96, 97, 99, 100, 101, 103, 104, 105, 107, 108, 109, 111, 112, 113, 116, 117, 123, 127, 128, 129, 132, 133, 139, 143, 164, 165, 171, 179, 180, 181, 187, 188, 189, 192, 193, 195, 196, 197, 199, 200, 201, 203, 204, 205, 207, 227, 228, 229, 235, 236, 237, 244, 245, 251]
logs_sage/n8_CSS.txt.bz2.greedyext.20260220_154050.txt

8 9 10 12 13 14 44 45 46 52 53 54 60 61 62 64 65 66 68 69 70 72 73 74 76 77 78 100 101 102 108 109 110 124 125 126 140 141 142 168 169 170 172 173 174 176 177 178 180 181 182 184 185 186 188 189 190 196 197 198 204 205 206 224 225 226 228 229 230 232 233 234 236 237 238 248 249 250 252 253 254
Iter#300000 New set #300000 of size 81 (1.0 its/hit = 0.000s/hit): seed=7956002185323552541 [8, 9, 10, 12, 13, 14, 44, 45, 46, 52, 53, 54, 60, 61, 62, 64, 65, 66, 68, 69, 70, 72, 73, 74, 76, 77, 78, 100, 101, 102, 108, 109, 110, 124, 125, 126, 140, 141, 142, 168, 169, 170, 172, 173, 174, 176, 177, 178, 180, 181, 182, 184, 185, 186, 188, 189, 190, 196, 197, 198, 204, 205, 206, 224, 225, 226, 228, 229, 230, 232, 233, 234, 236, 237, 238, 248, 249, 250, 252, 253, 254]
logs_sage/n8_CSS.txt.bz2.greedyext.20260220_154050.txt

0 1 7 8 9 15 16 17 19 20 21 23 24 25 27 28 29 31 51 55 56 57 60 61 71 72 73 83 87 88 89 92 93 112 113 115 116 117 119 120 121 123 124 125 127 128 129 131 132 133 135 136 137 139 140 141 143 144 145 151 152 153 159 183 184 185 195 199 200 201 204 205 215 216 217 240 241 247 248 249 255
Iter#5 New set #5 of size 81 (1.0 its/hit = 0.000s/hit): seed=6154785616644559221 [0, 1, 7, 8, 9, 15, 16, 17, 19, 20, 21, 23, 24, 25, 27, 28, 29, 31, 51, 55, 56, 57, 60, 61, 71, 72, 73, 83, 87, 88, 89, 92, 93, 112, 113, 115, 116, 117, 119, 120, 121, 123, 124, 125, 127, 128, 129, 131, 132, 133, 135, 136, 137, 139, 140, 141, 143, 144, 145, 151, 152, 153, 159, 183, 184, 185, 195, 199, 200, 201, 204, 205, 215, 216, 217, 240, 241, 247, 248, 249, 255]
logs_sage/n8_CSS.txt.bz2.greedyext.20260220_154050.txt

3 13 14 19 23 25 26 29 30 49 50 51 53 54 55 57 58 59 61 62 63 67 69 70 75 77 78 81 82 83 85 86 87 89 90 91 93 94 95 115 119 121 122 125 126 131 135 137 138 141 142 147 157 158 179 181 182 187 189 190 193 194 195 197 198 199 201 202 203 205 206 207 211 213 214 219 221 222 243 253 254
Iter#60000 New set #60000 of size 81 (1.0 its/hit = 0.000s/hit): seed=10782159917875532944 [3, 13, 14, 19, 23, 25, 26, 29, 30, 49, 50, 51, 53, 54, 55, 57, 58, 59, 61, 62, 63, 67, 69, 70, 75, 77, 78, 81, 82, 83, 85, 86, 87, 89, 90, 91, 93, 94, 95, 115, 119, 121, 122, 125, 126, 131, 135, 137, 138, 141, 142, 147, 157, 158, 179, 181, 182, 187, 189, 190, 193, 194, 195, 197, 198, 199, 201, 202, 203, 205, 206, 207, 211, 213, 214, 219, 221, 222, 243, 253, 254]
logs_sage/n8_CSS.txt.bz2.greedyext.20260220_154050.txt

0 1 2 4 5 6 8 9 10 12 13 14 36 37 38 44 45 46 52 53 54 64 65 66 68 69 70 100 101 102 116 117 118 124 125 126 132 133 134 140 141 142 160 161 162 164 165 166 168 169 170 172 173 174 176 177 178 180 181 182 196 197 198 224 225 226 228 229 230 240 241 242 244 245 246 248 249 250 252 253 254
Iter#600 New set #600 of size 81 (1.0 its/hit = 0.000s/hit): seed=10438625329137119539 [0, 1, 2, 4, 5, 6, 8, 9, 10, 12, 13, 14, 36, 37, 38, 44, 45, 46, 52, 53, 54, 64, 65, 66, 68, 69, 70, 100, 101, 102, 116, 117, 118, 124, 125, 126, 132, 133, 134, 140, 141, 142, 160, 161, 162, 164, 165, 166, 168, 169, 170, 172, 173, 174, 176, 177, 178, 180, 181, 182, 196, 197, 198, 224, 225, 226, 228, 229, 230, 240, 241, 242, 244, 245, 246, 248, 249, 250, 252, 253, 254]
logs_sage/n8_CSS.txt.bz2.greedyext.20260220_154050.txt

20 21 22 28 29 30 36 37 38 44 45 46 60 61 62 92 93 94 108 109 110 116 117 118 124 125 126 144 145 146 148 149 150 152 153 154 156 157 158 160 161 162 164 165 166 168 169 170 172 173 174 184 185 186 188 189 190 216 217 218 220 221 222 232 233 234 236 237 238 240 241 242 244 245 246 248 249 250 252 253 254
Iter#300 New set #300 of size 81 (1.0 its/hit = 0.000s/hit): seed=12726342459169576300 [20, 21, 22, 28, 29, 30, 36, 37, 38, 44, 45, 46, 60, 61, 62, 92, 93, 94, 108, 109, 110, 116, 117, 118, 124, 125, 126, 144, 145, 146, 148, 149, 150, 152, 153, 154, 156, 157, 158, 160, 161, 162, 164, 165, 166, 168, 169, 170, 172, 173, 174, 184, 185, 186, 188, 189, 190, 216, 217, 218, 220, 221, 222, 232, 233, 234, 236, 237, 238, 240, 241, 242, 244, 245, 246, 248, 249, 250, 252, 253, 254]
logs_sage/n8_CSS.txt.bz2.greedyext.20260220_154050.txt

3 7 8 9 12 13 19 28 29 35 44 45 64 65 67 68 69 71 72 73 75 76 77 79 83 84 85 91 92 93 99 100 101 107 108 109 131 140 141 147 151 152 153 156 157 163 167 168 169 172 173 195 196 197 203 204 205 208 209 211 212 213 215 216 217 219 220 221 223 224 225 227 228 229 231 232 233 235 236 237 239
Iter#30000 New set #30000 of size 81 (1.0 its/hit = 0.000s/hit): seed=12029644220931969378 [3, 7, 8, 9, 12, 13, 19, 28, 29, 35, 44, 45, 64, 65, 67, 68, 69, 71, 72, 73, 75, 76, 77, 79, 83, 84, 85, 91, 92, 93, 99, 100, 101, 107, 108, 109, 131, 140, 141, 147, 151, 152, 153, 156, 157, 163, 167, 168, 169, 172, 173, 195, 196, 197, 203, 204, 205, 208, 209, 211, 212, 213, 215, 216, 217, 219, 220, 221, 223, 224, 225, 227, 228, 229, 231, 232, 233, 235, 236, 237, 239]
logs_sage/n8_CSS.txt.bz2.greedyext.20260220_154050.txt

3 4 5 11 12 13 16 17 19 20 21 23 24 25 27 28 29 31 32 33 35 36 37 39 40 41 43 44 45 47 67 76 77 83 87 88 89 92 93 99 103 104 105 108 109 128 129 131 132 133 135 136 137 139 140 141 143 147 148 149 155 156 157 163 164 165 171 172 173 195 199 200 201 204 205 211 220 221 227 236 237
Iter#200000 New set #200000 of size 81 (1.0 its/hit = 0.000s/hit): seed=8570519313959812554 [3, 4, 5, 11, 12, 13, 16, 17, 19, 20, 21, 23, 24, 25, 27, 28, 29, 31, 32, 33, 35, 36, 37, 39, 40, 41, 43, 44, 45, 47, 67, 76, 77, 83, 87, 88, 89, 92, 93, 99, 103, 104, 105, 108, 109, 128, 129, 131, 132, 133, 135, 136, 137, 139, 140, 141, 143, 147, 148, 149, 155, 156, 157, 163, 164, 165, 171, 172, 173, 195, 199, 200, 201, 204, 205, 211, 220, 221, 227, 236, 237]
logs_sage/n8_CSS.txt.bz2.greedyext.20260220_154050.txt

17 18 19 21 22 23 25 26 27 29 30 31 33 34 35 37 38 39 41 42 43 45 46 47 49 50 53 54 59 63 81 82 85 86 91 95 97 98 101 102 107 111 113 114 115 117 118 119 121 122 123 125 126 127 145 146 151 153 154 159 161 162 167 169 170 175 177 178 191 209 210 223 225 226 239 241 242 247 249 250 255
Iter#50000 New set #50000 of size 81 (1.0 its/hit = 0.000s/hit): seed=6250396797718746939 [17, 18, 19, 21, 22, 23, 25, 26, 27, 29, 30, 31, 33, 34, 35, 37, 38, 39, 41, 42, 43, 45, 46, 47, 49, 50, 53, 54, 59, 63, 81, 82, 85, 86, 91, 95, 97, 98, 101, 102, 107, 111, 113, 114, 115, 117, 118, 119, 121, 122, 123, 125, 126, 127, 145, 146, 151, 153, 154, 159, 161, 162, 167, 169, 170, 175, 177, 178, 191, 209, 210, 223, 225, 226, 239, 241, 242, 247, 249, 250, 255]
logs_sage/n8_CSS.txt.bz2.greedyext.20260220_154050.txt

19 29 30 35 45 46 51 53 54 59 61 62 83 85 86 91 93 94 99 101 102 107 109 110 115 125 126 147 151 153 154 157 158 163 167 169 170 173 174 177 178 179 181 182 183 185 186 187 189 190 191 209 210 211 213 214 215 217 218 219 221 222 223 225 226 227 229 230 231 233 234 235 237 238 239 243 247 249 250 253 254
Iter#9000 New set #9000 of size 81 (1.0 its/hit = 0.000s/hit): seed=12606079090298436216 [19, 29, 30, 35, 45, 46, 51, 53, 54, 59, 61, 62, 83, 85, 86, 91, 93, 94, 99, 101, 102, 107, 109, 110, 115, 125, 126, 147, 151, 153, 154, 157, 158, 163, 167, 169, 170, 173, 174, 177, 178, 179, 181, 182, 183, 185, 186, 187, 189, 190, 191, 209, 210, 211, 213, 214, 215, 217, 218, 219, 221, 222, 223, 225, 226, 227, 229, 230, 231, 233, 234, 235, 237, 238, 239, 243, 247, 249, 250, 253, 254]
logs_sage/n8_CSS.txt.bz2.greedyext.20260220_154050.txt

20 21 22 28 29 30 36 37 38 44 45 46 52 53 54 84 85 86 100 101 102 116 117 118 124 125 126 144 145 146 148 149 150 152 153 154 156 157 158 160 161 162 164 165 166 168 169 170 172 173 174 176 177 178 180 181 182 208 209 210 212 213 214 224 225 226 228 229 230 240 241 242 244 245 246 248 249 250 252 253 254
Iter#8 New set #8 of size 81 (1.0 its/hit = 0.000s/hit): seed=13798545370924608501 [20, 21, 22, 28, 29, 30, 36, 37, 38, 44, 45, 46, 52, 53, 54, 84, 85, 86, 100, 101, 102, 116, 117, 118, 124, 125, 126, 144, 145, 146, 148, 149, 150, 152, 153, 154, 156, 157, 158, 160, 161, 162, 164, 165, 166, 168, 169, 170, 172, 173, 174, 176, 177, 178, 180, 181, 182, 208, 209, 210, 212, 213, 214, 224, 225, 226, 228, 229, 230, 240, 241, 242, 244, 245, 246, 248, 249, 250, 252, 253, 254]
logs_sage/n8_CSS.txt.bz2.greedyext.20260220_154050.txt

16 17 20 21 27 31 32 33 36 37 43 47 48 49 51 52 53 55 56 57 59 60 61 63 80 81 83 84 85 87 88 89 91 92 93 95 96 97 99 100 101 103 104 105 107 108 109 111 112 113 116 117 123 127 144 145 159 160 161 175 176 177 183 184 185 191 208 209 215 216 217 223 224 225 231 232 233 239 240 241 255
Iter#400000 New set #400000 of size 81 (1.0 its/hit = 0.000s/hit): seed=8790285184824129307 [16, 17, 20, 21, 27, 31, 32, 33, 36, 37, 43, 47, 48, 49, 51, 52, 53, 55, 56, 57, 59, 60, 61, 63, 80, 81, 83, 84, 85, 87, 88, 89, 91, 92, 93, 95, 96, 97, 99, 100, 101, 103, 104, 105, 107, 108, 109, 111, 112, 113, 116, 117, 123, 127, 144, 145, 159, 160, 161, 175, 176, 177, 183, 184, 185, 191, 208, 209, 215, 216, 217, 223, 224, 225, 231, 232, 233, 239, 240, 241, 255]
logs_sage/n8_CSS.txt.bz2.greedyext.20260220_154050.txt

3 5 6 11 13 14 17 18 19 21 22 23 25 26 27 29 30 31 51 55 57 58 61 62 67 77 78 83 87 89 90 93 94 113 114 115 117 118 119 121 122 123 125 126 127 129 130 131 133 134 135 137 138 139 141 142 143 147 149 150 155 157 158 179 189 190 195 199 201 202 205 206 211 221 222 243 245 246 251 253 254
Iter#9000000 New set #9000000 of size 81 (1.0 its/hit = 0.000s/hit): seed=8013847409006739380 [3, 5, 6, 11, 13, 14, 17, 18, 19, 21, 22, 23, 25, 26, 27, 29, 30, 31, 51, 55, 57, 58, 61, 62, 67, 77, 78, 83, 87, 89, 90, 93, 94, 113, 114, 115, 117, 118, 119, 121, 122, 123, 125, 126, 127, 129, 130, 131, 133, 134, 135, 137, 138, 139, 141, 142, 143, 147, 149, 150, 155, 157, 158, 179, 189, 190, 195, 199, 201, 202, 205, 206, 211, 221, 222, 243, 245, 246, 251, 253, 254]
logs_sage/n8_CSS.txt.bz2.greedyext.20260220_154050.txt

0 1 4 5 11 15 32 33 47 48 49 55 56 57 63 64 65 67 68 69 71 72 73 75 76 77 79 96 97 103 104 105 111 112 113 127 128 129 143 160 161 164 165 171 175 176 177 179 180 181 183 184 185 187 188 189 191 192 193 199 200 201 207 224 225 227 228 229 231 232 233 235 236 237 239 240 241 244 245 251 255
Iter#800000 New set #800000 of size 81 (1.0 its/hit = 0.000s/hit): seed=3168844625196973549 [0, 1, 4, 5, 11, 15, 32, 33, 47, 48, 49, 55, 56, 57, 63, 64, 65, 67, 68, 69, 71, 72, 73, 75, 76, 77, 79, 96, 97, 103, 104, 105, 111, 112, 113, 127, 128, 129, 143, 160, 161, 164, 165, 171, 175, 176, 177, 179, 180, 181, 183, 184, 185, 187, 188, 189, 191, 192, 193, 199, 200, 201, 207, 224, 225, 227, 228, 229, 231, 232, 233, 235, 236, 237, 239, 240, 241, 244, 245, 251, 255]
logs_sage/n8_CSS.txt.bz2.greedyext.20260220_154050.txt

0 1 2 8 9 10 16 17 18 20 21 22 24 25 26 28 29 30 48 49 50 52 53 54 64 65 66 80 81 82 84 85 86 112 113 114 116 117 118 120 121 122 124 125 126 128 129 130 132 133 134 136 137 138 140 141 142 144 145 146 152 153 154 176 177 178 192 193 194 196 197 198 208 209 210 240 241 242 248 249 250
Iter#100000 New set #100000 of size 81 (1.0 its/hit = 0.000s/hit): seed=8135243733230943952 [0, 1, 2, 8, 9, 10, 16, 17, 18, 20, 21, 22, 24, 25, 26, 28, 29, 30, 48, 49, 50, 52, 53, 54, 64, 65, 66, 80, 81, 82, 84, 85, 86, 112, 113, 114, 116, 117, 118, 120, 121, 122, 124, 125, 126, 128, 129, 130, 132, 133, 134, 136, 137, 138, 140, 141, 142, 144, 145, 146, 152, 153, 154, 176, 177, 178, 192, 193, 194, 196, 197, 198, 208, 209, 210, 240, 241, 242, 248, 249, 250]
logs_sage/n8_CSS.txt.bz2.greedyext.20260220_154050.txt

3 4 5 11 12 13 16 17 19 20 21 23 24 25 27 28 29 31 48 49 52 53 59 63 68 69 75 80 81 84 85 91 95 112 113 115 116 117 119 120 121 123 124 125 127 128 129 131 132 133 135 136 137 139 140 141 143 147 148 149 155 156 157 180 181 187 192 193 196 197 203 207 212 213 219 243 244 245 251 252 253
Iter#10000 New set #10000 of size 81 (1.0 its/hit = 0.000s/hit): seed=5850637918110234855 [3, 4, 5, 11, 12, 13, 16, 17, 19, 20, 21, 23, 24, 25, 27, 28, 29, 31, 48, 49, 52, 53, 59, 63, 68, 69, 75, 80, 81, 84, 85, 91, 95, 112, 113, 115, 116, 117, 119, 120, 121, 123, 124, 125, 127, 128, 129, 131, 132, 133, 135, 136, 137, 139, 140, 141, 143, 147, 148, 149, 155, 156, 157, 180, 181, 187, 192, 193, 196, 197, 203, 207, 212, 213, 219, 243, 244, 245, 251, 252, 253]
logs_sage/n8_CSS.txt.bz2.greedyext.20260220_154050.txt

19 28 29 35 44 45 51 52 53 59 60 61 83 84 85 91 92 93 99 100 101 107 108 109 115 124 125 147 151 152 153 156 157 163 167 168 169 172 173 176 177 179 180 181 183 184 185 187 188 189 191 208 209 211 212 213 215 216 217 219 220 221 223 224 225 227 228 229 231 232 233 235 236 237 239 243 247 248 249 252 253
Iter#80000 New set #80000 of size 81 (1.0 its/hit = 0.000s/hit): seed=13169908700000247805 [19, 28, 29, 35, 44, 45, 51, 52, 53, 59, 60, 61, 83, 84, 85, 91, 92, 93, 99, 100, 101, 107, 108, 109, 115, 124, 125, 147, 151, 152, 153, 156, 157, 163, 167, 168, 169, 172, 173, 176, 177, 179, 180, 181, 183, 184, 185, 187, 188, 189, 191, 208, 209, 211, 212, 213, 215, 216, 217, 219, 220, 221, 223, 224, 225, 227, 228, 229, 231, 232, 233, 235, 236, 237, 239, 243, 247, 248, 249, 252, 253]
logs_sage/n8_CSS.txt.bz2.greedyext.20260220_154050.txt

24 25 26 28 29 30 40 41 42 44 45 46 48 49 50 52 53 54 56 57 58 60 61 62 80 81 82 84 85 86 88 89 90 92 93 94 96 97 98 100 101 102 104 105 106 108 109 110 120 121 122 124 125 126 152 153 154 168 169 170 176 177 178 184 185 186 208 209 210 216 217 218 224 225 226 232 233 234 248 249 250
Iter#4 New set #4 of size 81 (1.0 its/hit = 0.000s/hit): seed=4252153123552309493 [24, 25, 26, 28, 29, 30, 40, 41, 42, 44, 45, 46, 48, 49, 50, 52, 53, 54, 56, 57, 58, 60, 61, 62, 80, 81, 82, 84, 85, 86, 88, 89, 90, 92, 93, 94, 96, 97, 98, 100, 101, 102, 104, 105, 106, 108, 109, 110, 120, 121, 122, 124, 125, 126, 152, 153, 154, 168, 169, 170, 176, 177, 178, 184, 185, 186, 208, 209, 210, 216, 217, 218, 224, 225, 226, 232, 233, 234, 248, 249, 250]
logs_sage/n8_CSS.txt.bz2.greedyext.20260220_154050.txt

16 17 19 20 21 23 24 25 27 28 29 31 32 33 35 36 37 39 40 41 43 44 45 47 51 55 56 57 60 61 83 87 88 89 92 93 99 103 104 105 108 109 112 113 115 116 117 119 120 121 123 124 125 127 147 148 149 155 156 157 163 164 165 171 172 173 179 188 189 211 220 221 227 236 237 243 244 245 251 252 253
Iter#900000 New set #900000 of size 81 (1.0 its/hit = 0.000s/hit): seed=4628999402444356827 [16, 17, 19, 20, 21, 23, 24, 25, 27, 28, 29, 31, 32, 33, 35, 36, 37, 39, 40, 41, 43, 44, 45, 47, 51, 55, 56, 57, 60, 61, 83, 87, 88, 89, 92, 93, 99, 103, 104, 105, 108, 109, 112, 113, 115, 116, 117, 119, 120, 121, 123, 124, 125, 127, 147, 148, 149, 155, 156, 157, 163, 164, 165, 171, 172, 173, 179, 188, 189, 211, 220, 221, 227, 236, 237, 243, 244, 245, 251, 252, 253]
logs_sage/n8_CSS.txt.bz2.greedyext.20260220_154050.txt

0 2 3 4 6 7 8 10 11 12 14 15 35 36 38 43 44 46 51 60 62 67 71 72 74 76 78 99 108 110 115 116 118 123 124 126 131 132 134 139 140 142 160 162 163 164 166 167 168 170 171 172 174 175 179 183 184 186 188 190 195 204 206 227 231 232 234 236 238 240 242 243 244 246 247 248 250 251 252 254 255
Iter#7000 New set #7000 of size 81 (1.0 its/hit = 0.000s/hit): seed=7103327691693005423 [0, 2, 3, 4, 6, 7, 8, 10, 11, 12, 14, 15, 35, 36, 38, 43, 44, 46, 51, 60, 62, 67, 71, 72, 74, 76, 78, 99, 108, 110, 115, 116, 118, 123, 124, 126, 131, 132, 134, 139, 140, 142, 160, 162, 163, 164, 166, 167, 168, 170, 171, 172, 174, 175, 179, 183, 184, 186, 188, 190, 195, 204, 206, 227, 231, 232, 234, 236, 238, 240, 242, 243, 244, 246, 247, 248, 250, 251, 252, 254, 255]
logs_sage/n8_CSS.txt.bz2.greedyext.20260220_154050.txt

0 2 3 4 6 7 8 10 11 12 14 15 35 36 38 43 44 46 52 54 59 64 66 68 70 75 79 100 102 107 115 116 118 123 124 126 131 132 134 139 140 142 160 162 163 164 166 167 168 170 171 172 174 175 176 178 180 182 187 191 196 198 203 224 226 228 230 235 239 240 242 243 244 246 247 248 250 251 252 254 255
Iter#7 New set #7 of size 81 (1.0 its/hit = 0.000s/hit): seed=14617152599775266645 [0, 2, 3, 4, 6, 7, 8, 10, 11, 12, 14, 15, 35, 36, 38, 43, 44, 46, 52, 54, 59, 64, 66, 68, 70, 75, 79, 100, 102, 107, 115, 116, 118, 123, 124, 126, 131, 132, 134, 139, 140, 142, 160, 162, 163, 164, 166, 167, 168, 170, 171, 172, 174, 175, 176, 178, 180, 182, 187, 191, 196, 198, 203, 224, 226, 228, 230, 235, 239, 240, 242, 243, 244, 246, 247, 248, 250, 251, 252, 254, 255]
logs_sage/n8_CSS.txt.bz2.greedyext.20260220_154050.txt

3 4 6 11 12 14 16 18 19 20 22 23 24 26 27 28 30 31 48 50 52 54 59 63 68 70 75 80 82 84 86 91 95 112 114 115 116 118 119 120 122 123 124 126 127 128 130 131 132 134 135 136 138 139 140 142 143 147 148 150 155 156 158 180 182 187 192 194 196 198 203 207 212 214 219 243 244 246 251 252 254
Iter#8000 New set #8000 of size 81 (1.0 its/hit = 0.000s/hit): seed=1929508520049395227 [3, 4, 6, 11, 12, 14, 16, 18, 19, 20, 22, 23, 24, 26, 27, 28, 30, 31, 48, 50, 52, 54, 59, 63, 68, 70, 75, 80, 82, 84, 86, 91, 95, 112, 114, 115, 116, 118, 119, 120, 122, 123, 124, 126, 127, 128, 130, 131, 132, 134, 135, 136, 138, 139, 140, 142, 143, 147, 148, 150, 155, 156, 158, 180, 182, 187, 192, 194, 196, 198, 203, 207, 212, 214, 219, 243, 244, 246, 251, 252, 254]
logs_sage/n8_CSS.txt.bz2.greedyext.20260220_154050.txt

5 6 11 17 18 21 22 27 31 49 50 51 53 54 55 57 58 59 61 62 63 67 69 70 75 77 78 81 82 83 85 86 87 89 90 91 93 94 95 113 114 117 118 123 127 129 130 133 134 139 143 149 150 155 179 181 182 187 189 190 193 194 195 197 198 199 201 202 203 205 206 207 211 213 214 219 221 222 245 246 251
Iter#10 New set #10 of size 81 (1.0 its/hit = 0.000s/hit): seed=12497429996974221285 [5, 6, 11, 17, 18, 21, 22, 27, 31, 49, 50, 51, 53, 54, 55, 57, 58, 59, 61, 62, 63, 67, 69, 70, 75, 77, 78, 81, 82, 83, 85, 86, 87, 89, 90, 91, 93, 94, 95, 113, 114, 117, 118, 123, 127, 129, 130, 133, 134, 139, 143, 149, 150, 155, 179, 181, 182, 187, 189, 190, 193, 194, 195, 197, 198, 199, 201, 202, 203, 205, 206, 207, 211, 213, 214, 219, 221, 222, 245, 246, 251]
logs_sage/n8_CSS.txt.bz2.greedyext.20260220_154050.txt

4 5 6 12 13 14 16 17 18 20 21 22 24 25 26 28 29 30 32 33 34 36 37 38 40 41 42 44 45 46 76 77 78 88 89 90 92 93 94 104 105 106 108 109 110 128 129 130 132 133 134 136 137 138 140 141 142 148 149 150 156 157 158 164 165 166 172 173 174 200 201 202 204 205 206 220 221 222 236 237 238
Iter#500 New set #500 of size 81 (1.0 its/hit = 0.000s/hit): seed=12579402461396816864 [4, 5, 6, 12, 13, 14, 16, 17, 18, 20, 21, 22, 24, 25, 26, 28, 29, 30, 32, 33, 34, 36, 37, 38, 40, 41, 42, 44, 45, 46, 76, 77, 78, 88, 89, 90, 92, 93, 94, 104, 105, 106, 108, 109, 110, 128, 129, 130, 132, 133, 134, 136, 137, 138, 140, 141, 142, 148, 149, 150, 156, 157, 158, 164, 165, 166, 172, 173, 174, 200, 201, 202, 204, 205, 206, 220, 221, 222, 236, 237, 238]
logs_sage/n8_CSS.txt.bz2.greedyext.20260220_154050.txt

1 2 7 9 10 15 17 18 19 21 22 23 25 26 27 29 30 31 51 55 57 58 61 62 71 73 74 83 87 89 90 93 94 113 114 115 117 118 119 121 122 123 125 126 127 129 130 131 133 134 135 137 138 139 141 142 143 145 146 151 153 154 159 183 185 186 195 199 201 202 205 206 215 217 218 241 242 247 249 250 255
Iter#90000 New set #90000 of size 81 (1.0 its/hit = 0.000s/hit): seed=2421984228326422042 [1, 2, 7, 9, 10, 15, 17, 18, 19, 21, 22, 23, 25, 26, 27, 29, 30, 31, 51, 55, 57, 58, 61, 62, 71, 73, 74, 83, 87, 89, 90, 93, 94, 113, 114, 115, 117, 118, 119, 121, 122, 123, 125, 126, 127, 129, 130, 131, 133, 134, 135, 137, 138, 139, 141, 142, 143, 145, 146, 151, 153, 154, 159, 183, 185, 186, 195, 199, 201, 202, 205, 206, 215, 217, 218, 241, 242, 247, 249, 250, 255]
logs_sage/n8_CSS.txt.bz2.greedyext.20260220_154050.txt

3 12 13 19 23 24 25 28 29 48 49 51 52 53 55 56 57 59 60 61 63 67 68 69 75 76 77 80 81 83 84 85 87 88 89 91 92 93 95 115 119 120 121 124 125 131 135 136 137 140 141 147 156 157 179 180 181 187 188 189 192 193 195 196 197 199 200 201 203 204 205 207 211 212 213 219 220 221 243 252 253
Iter#500000 New set #500000 of size 81 (1.0 its/hit = 0.000s/hit): seed=6181681192379562567 [3, 12, 13, 19, 23, 24, 25, 28, 29, 48, 49, 51, 52, 53, 55, 56, 57, 59, 60, 61, 63, 67, 68, 69, 75, 76, 77, 80, 81, 83, 84, 85, 87, 88, 89, 91, 92, 93, 95, 115, 119, 120, 121, 124, 125, 131, 135, 136, 137, 140, 141, 147, 156, 157, 179, 180, 181, 187, 188, 189, 192, 193, 195, 196, 197, 199, 200, 201, 203, 204, 205, 207, 211, 212, 213, 219, 220, 221, 243, 252, 253]
logs_sage/n8_CSS.txt.bz2.greedyext.20260220_154050.txt

1 2 15 17 18 21 22 27 31 33 34 37 38 43 47 65 66 71 73 74 79 81 82 83 85 86 87 89 90 91 93 94 95 97 98 99 101 102 103 105 106 107 109 110 111 129 130 133 134 139 143 145 146 159 161 162 175 193 194 195 197 198 199 201 202 203 205 206 207 209 210 215 217 218 223 225 226 231 233 234 239
Iter#8000000 New set #8000000 of size 81 (1.0 its/hit = 0.000s/hit): seed=13703299890903157114 [1, 2, 15, 17, 18, 21, 22, 27, 31, 33, 34, 37, 38, 43, 47, 65, 66, 71, 73, 74, 79, 81, 82, 83, 85, 86, 87, 89, 90, 91, 93, 94, 95, 97, 98, 99, 101, 102, 103, 105, 106, 107, 109, 110, 111, 129, 130, 133, 134, 139, 143, 145, 146, 159, 161, 162, 175, 193, 194, 195, 197, 198, 199, 201, 202, 203, 205, 206, 207, 209, 210, 215, 217, 218, 223, 225, 226, 231, 233, 234, 239]
logs_sage/n8_CSS.txt.bz2.greedyext.20260220_154050.txt

16 17 19 20 21 23 24 25 27 28 29 31 32 33 35 36 37 39 40 41 43 44 45 47 48 49 52 53 59 63 80 81 84 85 91 95 96 97 100 101 107 111 112 113 115 116 117 119 120 121 123 124 125 127 144 145 151 152 153 159 160 161 167 168 169 175 176 177 191 208 209 223 224 225 239 240 241 247 248 249 255
Iter#2000000 New set #2000000 of size 81 (1.0 its/hit = 0.000s/hit): seed=14945363075838883425 [16, 17, 19, 20, 21, 23, 24, 25, 27, 28, 29, 31, 32, 33, 35, 36, 37, 39, 40, 41, 43, 44, 45, 47, 48, 49, 52, 53, 59, 63, 80, 81, 84, 85, 91, 95, 96, 97, 100, 101, 107, 111, 112, 113, 115, 116, 117, 119, 120, 121, 123, 124, 125, 127, 144, 145, 151, 152, 153, 159, 160, 161, 167, 168, 169, 175, 176, 177, 191, 208, 209, 223, 224, 225, 239, 240, 241, 247, 248, 249, 255]
logs_sage/n8_CSS.txt.bz2.greedyext.20260220_154050.txt

0 1 7 8 9 15 32 33 35 36 37 39 40 41 43 44 45 47 48 49 52 53 59 63 64 65 79 96 97 100 101 107 111 112 113 115 116 117 119 120 121 123 124 125 127 128 129 131 132 133 135 136 137 139 140 141 143 160 161 167 168 169 175 176 177 191 192 193 196 197 203 207 224 225 239 240 241 247 248 249 255
Iter#3000 New set #3000 of size 81 (1.0 its/hit = 0.000s/hit): seed=17023867279231904794 [0, 1, 7, 8, 9, 15, 32, 33, 35, 36, 37, 39, 40, 41, 43, 44, 45, 47, 48, 49, 52, 53, 59, 63, 64, 65, 79, 96, 97, 100, 101, 107, 111, 112, 113, 115, 116, 117, 119, 120, 121, 123, 124, 125, 127, 128, 129, 131, 132, 133, 135, 136, 137, 139, 140, 141, 143, 160, 161, 167, 168, 169, 175, 176, 177, 191, 192, 193, 196, 197, 203, 207, 224, 225, 239, 240, 241, 247, 248, 249, 255]
logs_sage/n8_CSS.txt.bz2.greedyext.20260220_154050.txt

1 2 7 9 10 15 17 18 19 21 22 23 25 26 27 29 30 31 33 34 35 37 38 39 41 42 43 45 46 47 65 66 79 81 82 85 86 91 95 97 98 101 102 107 111 129 130 131 133 134 135 137 138 139 141 142 143 145 146 151 153 154 159 161 162 167 169 170 175 193 194 197 198 203 207 209 210 223 225 226 239
Iter#6000 New set #6000 of size 81 (1.0 its/hit = 0.000s/hit): seed=11573117533366010859 [1, 2, 7, 9, 10, 15, 17, 18, 19, 21, 22, 23, 25, 26, 27, 29, 30, 31, 33, 34, 35, 37, 38, 39, 41, 42, 43, 45, 46, 47, 65, 66, 79, 81, 82, 85, 86, 91, 95, 97, 98, 101, 102, 107, 111, 129, 130, 131, 133, 134, 135, 137, 138, 139, 141, 142, 143, 145, 146, 151, 153, 154, 159, 161, 162, 167, 169, 170, 175, 193, 194, 197, 198, 203, 207, 209, 210, 223, 225, 226, 239]
logs_sage/n8_CSS.txt.bz2.greedyext.20260220_154050.txt

0 2 3 4 6 7 8 10 11 12 14 15 16 18 23 24 26 31 55 56 58 67 71 72 74 76 78 87 88 90 112 114 119 120 122 127 128 130 135 136 138 143 144 146 147 148 150 151 152 154 155 156 158 159 179 183 184 186 188 190 199 200 202 211 215 216 218 220 222 240 242 243 244 246 247 248 250 251 252 254 255
Iter#600000 New set #600000 of size 81 (1.0 its/hit = 0.000s/hit): seed=7754204759518404668 [0, 2, 3, 4, 6, 7, 8, 10, 11, 12, 14, 15, 16, 18, 23, 24, 26, 31, 55, 56, 58, 67, 71, 72, 74, 76, 78, 87, 88, 90, 112, 114, 119, 120, 122, 127, 128, 130, 135, 136, 138, 143, 144, 146, 147, 148, 150, 151, 152, 154, 155, 156, 158, 159, 179, 183, 184, 186, 188, 190, 199, 200, 202, 211, 215, 216, 218, 220, 222, 240, 242, 243, 244, 246, 247, 248, 250, 251, 252, 254, 255]
logs_sage/n8_CSS.txt.bz2.greedyext.20260220_154050.txt

0 2 3 4 6 7 8 10 11 12 14 15 16 18 23 24 26 31 32 34 39 40 42 47 67 71 72 74 76 78 87 88 90 103 104 106 128 130 135 136 138 143 144 146 147 148 150 151 152 154 155 156 158 159 160 162 163 164 166 167 168 170 171 172 174 175 199 200 202 211 215 216 218 220 222 227 231 232 234 236 238
Iter#5000000 New set #5000000 of size 81 (1.0 its/hit = 0.000s/hit): seed=6006049844031857009 [0, 2, 3, 4, 6, 7, 8, 10, 11, 12, 14, 15, 16, 18, 23, 24, 26, 31, 32, 34, 39, 40, 42, 47, 67, 71, 72, 74, 76, 78, 87, 88, 90, 103, 104, 106, 128, 130, 135, 136, 138, 143, 144, 146, 147, 148, 150, 151, 152, 154, 155, 156, 158, 159, 160, 162, 163, 164, 166, 167, 168, 170, 171, 172, 174, 175, 199, 200, 202, 211, 215, 216, 218, 220, 222, 227, 231, 232, 234, 236, 238]
logs_sage/n8_CSS.txt.bz2.greedyext.20260220_154050.txt

0 1 2 4 5 6 32 33 34 48 49 50 56 57 58 64 65 66 68 69 70 72 73 74 76 77 78 96 97 98 104 105 106 112 113 114 128 129 130 160 161 162 164 165 166 176 177 178 180 181 182 184 185 186 188 189 190 192 193 194 200 201 202 224 225 226 228 229 230 232 233 234 236 237 238 240 241 242 244 245 246
Iter#1000000 New set #1000000 of size 81 (1.0 its/hit = 0.000s/hit): seed=13434306098707088459 [0, 1, 2, 4, 5, 6, 32, 33, 34, 48, 49, 50, 56, 57, 58, 64, 65, 66, 68, 69, 70, 72, 73, 74, 76, 77, 78, 96, 97, 98, 104, 105, 106, 112, 113, 114, 128, 129, 130, 160, 161, 162, 164, 165, 166, 176, 177, 178, 180, 181, 182, 184, 185, 186, 188, 189, 190, 192, 193, 194, 200, 201, 202, 224, 225, 226, 228, 229, 230, 232, 233, 234, 236, 237, 238, 240, 241, 242, 244, 245, 246]
logs_sage/n8_CSS.txt.bz2.greedyext.20260220_154050.txt

0 1 4 5 11 15 16 17 31 48 49 55 56 57 63 64 65 67 68 69 71 72 73 75 76 77 79 80 81 87 88 89 95 112 113 127 128 129 143 144 145 148 149 155 159 176 177 179 180 181 183 184 185 187 188 189 191 192 193 199 200 201 207 208 209 211 212 213 215 216 217 219 220 221 223 240 241 244 245 251 255
Iter#30 New set #30 of size 81 (1.0 its/hit = 0.000s/hit): seed=17021955201285359892 [0, 1, 4, 5, 11, 15, 16, 17, 31, 48, 49, 55, 56, 57, 63, 64, 65, 67, 68, 69, 71, 72, 73, 75, 76, 77, 79, 80, 81, 87, 88, 89, 95, 112, 113, 127, 128, 129, 143, 144, 145, 148, 149, 155, 159, 176, 177, 179, 180, 181, 183, 184, 185, 187, 188, 189, 191, 192, 193, 199, 200, 201, 207, 208, 209, 211, 212, 213, 215, 216, 217, 219, 220, 221, 223, 240, 241, 244, 245, 251, 255]
logs_sage/n8_CSS.txt.bz2.greedyext.20260220_154050.txt

0 2 15 32 34 36 38 43 47 48 50 51 52 54 55 56 58 59 60 62 63 64 66 71 72 74 79 96 98 99 100 102 103 104 106 107 108 110 111 112 114 116 118 123 127 128 130 132 134 139 143 160 162 175 176 178 183 184 186 191 192 194 195 196 198 199 200 202 203 204 206 207 224 226 231 232 234 239 240 242 255
Iter#80 New set #80 of size 81 (1.0 its/hit = 0.000s/hit): seed=10018911546881675046 [0, 2, 15, 32, 34, 36, 38, 43, 47, 48, 50, 51, 52, 54, 55, 56, 58, 59, 60, 62, 63, 64, 66, 71, 72, 74, 79, 96, 98, 99, 100, 102, 103, 104, 106, 107, 108, 110, 111, 112, 114, 116, 118, 123, 127, 128, 130, 132, 134, 139, 143, 160, 162, 175, 176, 178, 183, 184, 186, 191, 192, 194, 195, 196, 198, 199, 200, 202, 203, 204, 206, 207, 224, 226, 231, 232, 234, 239, 240, 242, 255]
logs_sage/n8_CSS.txt.bz2.greedyext.20260220_154050.txt

19 23 24 25 28 29 35 39 40 41 44 45 48 49 51 52 53 55 56 57 59 60 61 63 80 81 83 84 85 87 88 89 91 92 93 95 96 97 99 100 101 103 104 105 107 108 109 111 115 119 120 121 124 125 151 152 153 167 168 169 176 177 183 184 185 191 208 209 215 216 217 223 224 225 231 232 233 239 247 248 249
Iter#10000000 New set #10000000 of size 81 (1.0 its/hit = 0.000s/hit): seed=12324492127363250971 [19, 23, 24, 25, 28, 29, 35, 39, 40, 41, 44, 45, 48, 49, 51, 52, 53, 55, 56, 57, 59, 60, 61, 63, 80, 81, 83, 84, 85, 87, 88, 89, 91, 92, 93, 95, 96, 97, 99, 100, 101, 103, 104, 105, 107, 108, 109, 111, 115, 119, 120, 121, 124, 125, 151, 152, 153, 167, 168, 169, 176, 177, 183, 184, 185, 191, 208, 209, 215, 216, 217, 223, 224, 225, 231, 232, 233, 239, 247, 248, 249]
logs_sage/n8_CSS.txt.bz2.greedyext.20260220_154050.txt

1 2 7 9 10 15 17 18 19 21 22 23 25 26 27 29 30 31 49 50 53 54 59 63 65 66 79 81 82 85 86 91 95 113 114 115 117 118 119 121 122 123 125 126 127 129 130 131 133 134 135 137 138 139 141 142 143 145 146 151 153 154 159 177 178 191 193 194 197 198 203 207 209 210 223 241 242 247 249 250 255
Iter#40000 New set #40000 of size 81 (1.0 its/hit = 0.000s/hit): seed=1060681613226981822 [1, 2, 7, 9, 10, 15, 17, 18, 19, 21, 22, 23, 25, 26, 27, 29, 30, 31, 49, 50, 53, 54, 59, 63, 65, 66, 79, 81, 82, 85, 86, 91, 95, 113, 114, 115, 117, 118, 119, 121, 122, 123, 125, 126, 127, 129, 130, 131, 133, 134, 135, 137, 138, 139, 141, 142, 143, 145, 146, 151, 153, 154, 159, 177, 178, 191, 193, 194, 197, 198, 203, 207, 209, 210, 223, 241, 242, 247, 249, 250, 255]
logs_sage/n8_CSS.txt.bz2.greedyext.20260220_154050.txt

1 2 5 6 11 15 21 22 27 37 38 43 65 66 67 69 70 71 73 74 75 77 78 79 83 85 86 91 93 94 99 101 102 107 109 110 133 134 139 145 146 149 150 155 159 161 162 165 166 171 175 195 197 198 203 205 206 209 210 211 213 214 215 217 218 219 221 222 223 225 226 227 229 230 231 233 234 235 237 238 239
Iter#6 New set #6 of size 81 (1.0 its/hit = 0.000s/hit): seed=495962840774176127 [1, 2, 5, 6, 11, 15, 21, 22, 27, 37, 38, 43, 65, 66, 67, 69, 70, 71, 73, 74, 75, 77, 78, 79, 83, 85, 86, 91, 93, 94, 99, 101, 102, 107, 109, 110, 133, 134, 139, 145, 146, 149, 150, 155, 159, 161, 162, 165, 166, 171, 175, 195, 197, 198, 203, 205, 206, 209, 210, 211, 213, 214, 215, 217, 218, 219, 221, 222, 223, 225, 226, 227, 229, 230, 231, 233, 234, 235, 237, 238, 239]
logs_sage/n8_CSS.txt.bz2.greedyext.20260220_154050.txt

1 2 15 33 34 37 38 43 47 49 50 51 53 54 55 57 58 59 61 62 63 65 66 71 73 74 79 97 98 99 101 102 103 105 106 107 109 110 111 113 114 117 118 123 127 129 130 133 134 139 143 161 162 175 177 178 183 185 186 191 193 194 195 197 198 199 201 202 203 205 206 207 225 226 231 233 234 239 241 242 255
Iter#4000000 New set #4000000 of size 81 (1.0 its/hit = 0.000s/hit): seed=13303446593311541713 [1, 2, 15, 33, 34, 37, 38, 43, 47, 49, 50, 51, 53, 54, 55, 57, 58, 59, 61, 62, 63, 65, 66, 71, 73, 74, 79, 97, 98, 99, 101, 102, 103, 105, 106, 107, 109, 110, 111, 113, 114, 117, 118, 123, 127, 129, 130, 133, 134, 139, 143, 161, 162, 175, 177, 178, 183, 185, 186, 191, 193, 194, 195, 197, 198, 199, 201, 202, 203, 205, 206, 207, 225, 226, 231, 233, 234, 239, 241, 242, 255]
logs_sage/n8_CSS.txt.bz2.greedyext.20260220_154050.txt

0 1 4 5 11 15 20 21 27 36 37 43 64 65 67 68 69 71 72 73 75 76 77 79 83 84 85 91 92 93 99 100 101 107 108 109 132 133 139 144 145 148 149 155 159 160 161 164 165 171 175 195 196 197 203 204 205 208 209 211 212 213 215 216 217 219 220 221 223 224 225 227 228 229 231 232 233 235 236 237 239
Iter#900 New set #900 of size 81 (1.0 its/hit = 0.000s/hit): seed=1549009230638306611 [0, 1, 4, 5, 11, 15, 20, 21, 27, 36, 37, 43, 64, 65, 67, 68, 69, 71, 72, 73, 75, 76, 77, 79, 83, 84, 85, 91, 92, 93, 99, 100, 101, 107, 108, 109, 132, 133, 139, 144, 145, 148, 149, 155, 159, 160, 161, 164, 165, 171, 175, 195, 196, 197, 203, 204, 205, 208, 209, 211, 212, 213, 215, 216, 217, 219, 220, 221, 223, 224, 225, 227, 228, 229, 231, 232, 233, 235, 236, 237, 239]
logs_sage/n8_CSS.txt.bz2.greedyext.20260220_154050.txt

1 2 3 5 6 7 9 10 11 13 14 15 19 21 22 27 29 30 53 54 59 65 66 69 70 75 79 85 86 91 115 117 118 123 125 126 131 133 134 139 141 142 145 146 147 149 150 151 153 154 155 157 158 159 177 178 181 182 187 191 197 198 203 209 210 213 214 219 223 241 242 243 245 246 247 249 250 251 253 254 255
Iter#6000000 New set #6000000 of size 81 (1.0 its/hit = 0.000s/hit): seed=9405378781331700760 [1, 2, 3, 5, 6, 7, 9, 10, 11, 13, 14, 15, 19, 21, 22, 27, 29, 30, 53, 54, 59, 65, 66, 69, 70, 75, 79, 85, 86, 91, 115, 117, 118, 123, 125, 126, 131, 133, 134, 139, 141, 142, 145, 146, 147, 149, 150, 151, 153, 154, 155, 157, 158, 159, 177, 178, 181, 182, 187, 191, 197, 198, 203, 209, 210, 213, 214, 219, 223, 241, 242, 243, 245, 246, 247, 249, 250, 251, 253, 254, 255]
logs_sage/n8_CSS.txt.bz2.greedyext.20260220_154050.txt

0 1 7 8 9 15 16 17 19 20 21 23 24 25 27 28 29 31 32 33 35 36 37 39 40 41 43 44 45 47 64 65 79 80 81 84 85 91 95 96 97 100 101 107 111 128 129 131 132 133 135 136 137 139 140 141 143 144 145 151 152 153 159 160 161 167 168 169 175 192 193 196 197 203 207 208 209 223 224 225 239
Iter#3000000 New set #3000000 of size 81 (1.0 its/hit = 0.000s/hit): seed=17092970028206885788 [0, 1, 7, 8, 9, 15, 16, 17, 19, 20, 21, 23, 24, 25, 27, 28, 29, 31, 32, 33, 35, 36, 37, 39, 40, 41, 43, 44, 45, 47, 64, 65, 79, 80, 81, 84, 85, 91, 95, 96, 97, 100, 101, 107, 111, 128, 129, 131, 132, 133, 135, 136, 137, 139, 140, 141, 143, 144, 145, 151, 152, 153, 159, 160, 161, 167, 168, 169, 175, 192, 193, 196, 197, 203, 207, 208, 209, 223, 224, 225, 239]
logs_sage/n8_CSS.txt.bz2.greedyext.20260220_154050.txt

16 17 23 24 25 31 32 33 39 40 41 47 48 49 63 80 81 95 96 97 111 112 113 119 120 121 127 144 145 147 148 149 151 152 153 155 156 157 159 160 161 163 164 165 167 168 169 171 172 173 175 176 177 180 181 187 191 208 209 212 213 219 223 224 225 228 229 235 239 240 241 243 244 245 247 248 249 251 252 253 255
Iter#2000 New set #2000 of size 81 (1.0 its/hit = 0.000s/hit): seed=2281894998433167975 [16, 17, 23, 24, 25, 31, 32, 33, 39, 40, 41, 47, 48, 49, 63, 80, 81, 95, 96, 97, 111, 112, 113, 119, 120, 121, 127, 144, 145, 147, 148, 149, 151, 152, 153, 155, 156, 157, 159, 160, 161, 163, 164, 165, 167, 168, 169, 171, 172, 173, 175, 176, 177, 180, 181, 187, 191, 208, 209, 212, 213, 219, 223, 224, 225, 228, 229, 235, 239, 240, 241, 243, 244, 245, 247, 248, 249, 251, 252, 253, 255]
logs_sage/n8_CSS.txt.bz2.greedyext.20260220_154050.txt

4 5 6 12 13 14 16 17 18 20 21 22 24 25 26 28 29 30 56 57 58 60 61 62 76 77 78 88 89 90 92 93 94 112 113 114 116 117 118 120 121 122 124 125 126 128 129 130 132 133 134 136 137 138 140 141 142 148 149 150 156 157 158 188 189 190 200 201 202 204 205 206 220 221 222 244 245 246 252 253 254
Iter#3 New set #3 of size 81 (1.0 its/hit = 0.000s/hit): seed=5423948560802258997 [4, 5, 6, 12, 13, 14, 16, 17, 18, 20, 21, 22, 24, 25, 26, 28, 29, 30, 56, 57, 58, 60, 61, 62, 76, 77, 78, 88, 89, 90, 92, 93, 94, 112, 113, 114, 116, 117, 118, 120, 121, 122, 124, 125, 126, 128, 129, 130, 132, 133, 134, 136, 137, 138, 140, 141, 142, 148, 149, 150, 156, 157, 158, 188, 189, 190, 200, 201, 202, 204, 205, 206, 220, 221, 222, 244, 245, 246, 252, 253, 254]
logs_sage/n8_CSS.txt.bz2.greedyext.20260220_154050.txt

