10 25 33 40 42 63 69 90 98 100 103 126 132 142 174 179 195 203 217 230
Iter#177230 New set #400 of size 20 (443.1 its/hit = 0.002s/hit): seed=11552206291708340045 [10, 25, 33, 40, 42, 63, 69, 90, 98, 100, 103, 126, 132, 142, 174, 179, 195, 203, 217, 230]
logs_sage/n8_E2.txt.bz2.greedyext.20260220_154550.txt

12 46 67 71 87 93 104 126 182 190 193 198 200 216 225 233 238 250 253 255
Iter#3087789 New set #7000 of size 20 (441.1 its/hit = 0.003s/hit): seed=6927915104027884331 [12, 46, 67, 71, 87, 93, 104, 126, 182, 190, 193, 198, 200, 216, 225, 233, 238, 250, 253, 255]
logs_sage/n8_E2.txt.bz2.greedyext.20260220_154550.txt

10 18 53 67 71 87 93 104 126 132 193 198 200 216 225 233 238 250 253 255
Iter#35260401 New set #80000 of size 20 (440.8 its/hit = 0.003s/hit): seed=4854739668512598728 [10, 18, 53, 67, 71, 87, 93, 104, 126, 132, 193, 198, 200, 216, 225, 233, 238, 250, 253, 255]
logs_sage/n8_E2.txt.bz2.greedyext.20260220_154550.txt

20 47 56 77 84 90 100 107 112 114 147 159 169 170 178 215 222 234 235 251
Iter#14829 New set #40 of size 20 (370.7 its/hit = 0.000s/hit): seed=8697700129543792711 [20, 47, 56, 77, 84, 90, 100, 107, 112, 114, 147, 159, 169, 170, 178, 215, 222, 234, 235, 251]
logs_sage/n8_E2.txt.bz2.greedyext.20260220_154550.txt

24 33 34 51 52 53 96 115 128 152 154 158 211 214 227 229 237 244 248 252
Iter#30855074 New set #70000 of size 20 (440.8 its/hit = 0.003s/hit): seed=11355381647393968908 [24, 33, 34, 51, 52, 53, 96, 115, 128, 152, 154, 158, 211, 214, 227, 229, 237, 244, 248, 252]
logs_sage/n8_E2.txt.bz2.greedyext.20260220_154550.txt

4 50 76 85 96 109 114 154 158 170 190 192 194 213 216 235 239 242 248 252
Iter#44012790 New set #100000 of size 20 (440.1 its/hit = 0.003s/hit): seed=28245673153371921 [4, 50, 76, 85, 96, 109, 114, 154, 158, 170, 190, 192, 194, 213, 216, 235, 239, 242, 248, 252]
logs_sage/n8_E2.txt.bz2.greedyext.20260220_154550.txt

2 20 34 51 53 59 76 78 112 116 127 142 143 146 163 171 198 205 208 218
Iter#273166 New set #600 of size 20 (455.3 its/hit = 0.002s/hit): seed=2563640968208073492 [2, 20, 34, 51, 53, 59, 76, 78, 112, 116, 127, 142, 143, 146, 163, 171, 198, 205, 208, 218]
logs_sage/n8_E2.txt.bz2.greedyext.20260220_154550.txt

4 6 30 56 64 66 73 75 77 109 113 114 119 148 151 179 186 204 210 251
Iter#39666070 New set #90000 of size 20 (440.7 its/hit = 0.003s/hit): seed=5694949086264710933 [4, 6, 30, 56, 64, 66, 73, 75, 77, 109, 113, 114, 119, 148, 151, 179, 186, 204, 210, 251]
logs_sage/n8_E2.txt.bz2.greedyext.20260220_154550.txt

