11 17 45 51 54 66 83 85 87 94 112 119 140 156 170 174 188 190 200 210 216 217 225 233 234 249 250
Iter#1499137 New set #4000 of size 27 (374.8 its/hit = 0.003s/hit): seed=6358272831790522751 [11, 17, 45, 51, 54, 66, 83, 85, 87, 94, 112, 119, 140, 156, 170, 174, 188, 190, 200, 210, 216, 217, 225, 233, 234, 249, 250]
logs_sage/n8_Fox.txt.bz2.greedyext.20260220_154550.txt

2 12 19 27 63 95 100 108 109 116 120 123 126 128 129 131 139 176 177 212 218 222 228 231 243 244 252
Iter#3018149 New set #8000 of size 27 (377.3 its/hit = 0.003s/hit): seed=16990725467089388042 [2, 12, 19, 27, 63, 95, 100, 108, 109, 116, 120, 123, 126, 128, 129, 131, 139, 176, 177, 212, 218, 222, 228, 231, 243, 244, 252]
logs_sage/n8_Fox.txt.bz2.greedyext.20260220_154550.txt

0 4 8 13 15 18 28 44 45 47 64 71 74 91 94 120 135 146 169 170 181 184 217 229 238 242 255
Iter#15099262 New set #40000 of size 27 (377.5 its/hit = 0.003s/hit): seed=12789478730433087833 [0, 4, 8, 13, 15, 18, 28, 44, 45, 47, 64, 71, 74, 91, 94, 120, 135, 146, 169, 170, 181, 184, 217, 229, 238, 242, 255]
logs_sage/n8_Fox.txt.bz2.greedyext.20260220_154550.txt

0 28 32 41 48 68 71 79 91 101 108 119 133 147 148 160 169 181 187 194 223 229 236 238 242 245 253
Iter#30255055 New set #80000 of size 27 (378.2 its/hit = 0.003s/hit): seed=3637896102143943518 [0, 28, 32, 41, 48, 68, 71, 79, 91, 101, 108, 119, 133, 147, 148, 160, 169, 181, 187, 194, 223, 229, 236, 238, 242, 245, 253]
logs_sage/n8_Fox.txt.bz2.greedyext.20260220_154550.txt

6 17 51 52 85 90 119 124 131 136 137 140 142 150 156 157 158 174 190 195 200 203 214 216 221 234 250
Iter#33999565 New set #90000 of size 27 (377.8 its/hit = 0.003s/hit): seed=18069210589629077302 [6, 17, 51, 52, 85, 90, 119, 124, 131, 136, 137, 140, 142, 150, 156, 157, 158, 174, 190, 195, 200, 203, 214, 216, 221, 234, 250]
logs_sage/n8_Fox.txt.bz2.greedyext.20260220_154550.txt

6 19 21 27 32 34 38 41 45 57 81 100 101 108 119 131 139 160 165 169 187 207 229 236 240 244 252
Iter#26392089 New set #70000 of size 27 (377.0 its/hit = 0.003s/hit): seed=9785480226590145336 [6, 19, 21, 27, 32, 34, 38, 41, 45, 57, 81, 100, 101, 108, 119, 131, 139, 160, 165, 169, 187, 207, 229, 236, 240, 244, 252]
logs_sage/n8_Fox.txt.bz2.greedyext.20260220_154550.txt

4 13 16 17 24 31 43 50 51 84 85 86 99 118 119 134 156 167 178 181 190 201 216 220 231 237 250
Iter#22603472 New set #60000 of size 27 (376.7 its/hit = 0.003s/hit): seed=4331302827374286426 [4, 13, 16, 17, 24, 31, 43, 50, 51, 84, 85, 86, 99, 118, 119, 134, 156, 167, 178, 181, 190, 201, 216, 220, 231, 237, 250]
logs_sage/n8_Fox.txt.bz2.greedyext.20260220_154550.txt

