0 3 24 35 39 42 75 90 93 95 110 113 165 170 192 206 222 230
Iter#9758685 New set #9 of size 18 (1084298.4 its/hit = 5.889s/hit): seed=6415970157579672551 [0, 3, 24, 35, 39, 42, 75, 90, 93, 95, 110, 113, 165, 170, 192, 206, 222, 230]
logs_sage/n8_FlexAEAD.txt.bz2.greedyext.20260220_154550.txt

0 13 14 30 31 69 71 82 100 104 109 112 129 166 173 193 240 248
Iter#6347311 New set #7 of size 18 (906758.7 its/hit = 4.857s/hit): seed=10807523863416630227 [0, 13, 14, 30, 31, 69, 71, 82, 100, 104, 109, 112, 129, 166, 173, 193, 240, 248]
logs_sage/n8_FlexAEAD.txt.bz2.greedyext.20260220_154550.txt

0 2 16 58 77 94 106 108 114 125 128 148 159 189 197 198 203 204
Iter#52836169 New set #70 of size 18 (754802.4 its/hit = 4.157s/hit): seed=6785047560124459090 [0, 2, 16, 58, 77, 94, 106, 108, 114, 125, 128, 148, 159, 189, 197, 198, 203, 204]
logs_sage/n8_FlexAEAD.txt.bz2.greedyext.20260220_154550.txt

0 1 8 29 47 53 54 57 64 74 99 102 171 179 194 211 232 239
Iter#2606203 New set #3 of size 18 (868734.3 its/hit = 4.667s/hit): seed=11498476720193783661 [0, 1, 8, 29, 47, 53, 54, 57, 64, 74, 99, 102, 171, 179, 194, 211, 232, 239]
logs_sage/n8_FlexAEAD.txt.bz2.greedyext.20260220_154550.txt

0 9 17 44 72 76 86 92 118 123 132 134 136 157 214 233 234 245
Iter#19100132 New set #30 of size 18 (636671.1 its/hit = 3.500s/hit): seed=16350647253577488547 [0, 9, 17, 44, 72, 76, 86, 92, 118, 123, 132, 134, 136, 157, 214, 233, 234, 245]
logs_sage/n8_FlexAEAD.txt.bz2.greedyext.20260220_154550.txt

0 25 26 28 60 62 65 87 138 142 153 164 200 208 218 224 235 251
Iter#10451390 New set #10 of size 18 (1045139.0 its/hit = 5.700s/hit): seed=11337049177418973732 [0, 25, 26, 28, 60, 62, 65, 87, 138, 142, 153, 164, 200, 208, 218, 224, 235, 251]
logs_sage/n8_FlexAEAD.txt.bz2.greedyext.20260220_154550.txt

0 5 40 49 73 91 101 105 121 126 147 178 221 225 229 231 238 244
Iter#2644457 New set #4 of size 18 (661114.2 its/hit = 3.500s/hit): seed=9037792660073523625 [0, 5, 40, 49, 73, 91, 101, 105, 121, 126, 147, 178, 221, 225, 229, 231, 238, 244]
logs_sage/n8_FlexAEAD.txt.bz2.greedyext.20260220_154550.txt

0 12 21 45 55 85 96 103 111 115 140 156 158 162 163 168 181 223
Iter#31353622 New set #50 of size 18 (627072.4 its/hit = 3.440s/hit): seed=7544981362968866581 [0, 12, 21, 45, 55, 85, 96, 103, 111, 115, 140, 156, 158, 162, 163, 168, 181, 223]
logs_sage/n8_FlexAEAD.txt.bz2.greedyext.20260220_154550.txt

0 6 48 70 78 79 81 84 135 150 155 167 180 186 190 215 220 226
Iter#25463674 New set #40 of size 18 (636591.9 its/hit = 3.500s/hit): seed=9858494983033627172 [0, 6, 48, 70, 78, 79, 81, 84, 135, 150, 155, 167, 180, 186, 190, 215, 220, 226]
logs_sage/n8_FlexAEAD.txt.bz2.greedyext.20260220_154550.txt

0 10 61 80 98 127 146 161 182 199 202 209 210 213 217 242 243 252
Iter#46153123 New set #60 of size 18 (769218.8 its/hit = 4.233s/hit): seed=17555053964612693467 [0, 10, 61, 80, 98, 127, 146, 161, 182, 199, 202, 209, 210, 213, 217, 242, 243, 252]
logs_sage/n8_FlexAEAD.txt.bz2.greedyext.20260220_154550.txt

