37 43 49 51 54 57 59 63 133 146 147 150 153 158 161 165 167 182 185 191 225 231 241 243 249 251 254 255
Iter#384393 New set #2000 of size 28 (192.2 its/hit = 0.002s/hit): seed=13694000520890504467 [37, 43, 49, 51, 54, 57, 59, 63, 133, 146, 147, 150, 153, 158, 161, 165, 167, 182, 185, 191, 225, 231, 241, 243, 249, 251, 254, 255]
logs_sage/n8_Fantomas.txt.bz2.greedyext.20260220_154550.txt

0 2 16 18 19 22 24 30 64 66 68 80 82 91 100 112 115 123 126 127 196 206 208 210 214 216 219 222
Iter#1526350 New set #8000 of size 28 (190.8 its/hit = 0.002s/hit): seed=10129088659630585894 [0, 2, 16, 18, 19, 22, 24, 30, 64, 66, 68, 80, 82, 91, 100, 112, 115, 123, 126, 127, 196, 206, 208, 210, 214, 216, 219, 222]
logs_sage/n8_Fantomas.txt.bz2.greedyext.20260220_154550.txt

5 18 19 22 25 30 33 37 39 54 57 63 97 103 113 115 121 123 126 127 165 171 177 179 182 185 187 191
Iter#15102 New set #80 of size 28 (188.8 its/hit = 0.000s/hit): seed=5420703344368311578 [5, 18, 19, 22, 25, 30, 33, 37, 39, 54, 57, 63, 97, 103, 113, 115, 121, 123, 126, 127, 165, 171, 177, 179, 182, 185, 187, 191]
logs_sage/n8_Fantomas.txt.bz2.greedyext.20260220_154550.txt

33 37 39 54 57 63 97 103 113 115 121 123 126 127 165 171 177 179 182 185 187 191 199 209 210 214 219 222
Iter#7591604 New set #40000 of size 28 (189.8 its/hit = 0.002s/hit): seed=8390993784315601856 [33, 37, 39, 54, 57, 63, 97, 103, 113, 115, 121, 123, 126, 127, 165, 171, 177, 179, 182, 185, 187, 191, 199, 209, 210, 214, 219, 222]
logs_sage/n8_Fantomas.txt.bz2.greedyext.20260220_154550.txt

68 78 80 82 86 88 91 94 128 130 144 146 147 150 152 158 192 194 196 208 210 219 228 240 243 251 254 255
Iter#18985864 New set #100000 of size 28 (189.9 its/hit = 0.002s/hit): seed=2880726753211061628 [68, 78, 80, 82, 86, 88, 91, 94, 128, 130, 144, 146, 147, 150, 152, 158, 192, 194, 196, 208, 210, 219, 228, 240, 243, 251, 254, 255]
logs_sage/n8_Fantomas.txt.bz2.greedyext.20260220_154550.txt

0 2 16 18 19 22 24 30 64 66 68 80 82 91 162 179 182 184 187 191 196 206 208 210 214 216 219 222
Iter#17064950 New set #90000 of size 28 (189.6 its/hit = 0.002s/hit): seed=7916134752530644278 [0, 2, 16, 18, 19, 22, 24, 30, 64, 66, 68, 80, 82, 91, 162, 179, 182, 184, 187, 191, 196, 206, 208, 210, 214, 216, 219, 222]
logs_sage/n8_Fantomas.txt.bz2.greedyext.20260220_154550.txt

37 43 49 51 54 57 59 63 71 81 82 86 91 94 161 165 167 182 185 191 225 231 241 243 249 251 254 255
Iter#13273645 New set #70000 of size 28 (189.6 its/hit = 0.002s/hit): seed=8462364186187060954 [37, 43, 49, 51, 54, 57, 59, 63, 71, 81, 82, 86, 91, 94, 161, 165, 167, 182, 185, 191, 225, 231, 241, 243, 249, 251, 254, 255]
logs_sage/n8_Fantomas.txt.bz2.greedyext.20260220_154550.txt

34 51 54 56 59 63 68 78 80 82 86 88 91 94 128 130 144 146 147 150 152 158 192 194 196 208 210 219
Iter#1907790 New set #10000 of size 28 (190.8 its/hit = 0.002s/hit): seed=16738417428899051075 [34, 51, 54, 56, 59, 63, 68, 78, 80, 82, 86, 88, 91, 94, 128, 130, 144, 146, 147, 150, 152, 158, 192, 194, 196, 208, 210, 219]
logs_sage/n8_Fantomas.txt.bz2.greedyext.20260220_154550.txt

