6 11 16 23 34 41 50 51 68 71 85 92 96 101 113 126 131 137 152 161 173 186 188 203 207 212 218 237 239 246 254
Iter#338 New set #9 of size 31 (37.6 its/hit = 0.000s/hit): seed=11762249107134571323 [6, 11, 16, 23, 34, 41, 50, 51, 68, 71, 85, 92, 96, 101, 113, 126, 131, 137, 152, 161, 173, 186, 188, 203, 207, 212, 218, 237, 239, 246, 254]
logs_sage/n8_FLY.txt.bz2.greedyext.20260220_154550.txt

1 6 23 26 34 35 51 56 68 77 85 86 96 111 113 116 137 146 152 171 173 176 188 197 203 218 222 231 239 252 254
Iter#102 New set #3 of size 31 (34.0 its/hit = 0.000s/hit): seed=528561639280059624 [1, 6, 23, 26, 34, 35, 51, 56, 68, 77, 85, 86, 96, 111, 113, 116, 137, 146, 152, 171, 173, 176, 188, 197, 203, 218, 222, 231, 239, 252, 254]
logs_sage/n8_FLY.txt.bz2.greedyext.20260220_154550.txt

0 1 17 26 35 36 53 56 66 77 83 86 102 111 116 119 137 143 146 158 171 176 186 197 205 220 222 231 233 248 252
Iter#4989662 New set #80000 of size 31 (62.4 its/hit = 0.001s/hit): seed=16849618431577830426 [0, 1, 17, 26, 35, 36, 53, 56, 66, 77, 83, 86, 102, 111, 116, 119, 137, 143, 146, 158, 171, 176, 186, 197, 205, 220, 222, 231, 233, 248, 252]
logs_sage/n8_FLY.txt.bz2.greedyext.20260220_154550.txt

0 5 20 27 32 34 49 57 70 87 93 99 100 114 127 136 139 147 154 170 174 177 191 200 206 213 217 236 237 247 252
Iter#6229848 New set #100000 of size 31 (62.3 its/hit = 0.001s/hit): seed=16362273818864402296 [0, 5, 20, 27, 32, 34, 49, 57, 70, 87, 93, 99, 100, 114, 127, 136, 139, 147, 154, 170, 174, 177, 191, 200, 206, 213, 217, 236, 237, 247, 252]
logs_sage/n8_FLY.txt.bz2.greedyext.20260220_154550.txt

0 6 23 27 34 51 57 68 70 85 93 96 100 113 127 136 137 147 152 170 173 177 188 203 206 213 218 236 239 247 254
Iter#31084906 New set #500000 of size 31 (62.2 its/hit = 0.001s/hit): seed=8557612406423957986 [0, 6, 23, 27, 34, 51, 57, 68, 70, 85, 93, 96, 100, 113, 127, 136, 137, 147, 152, 170, 173, 177, 188, 203, 206, 213, 218, 236, 239, 247, 254]
logs_sage/n8_FLY.txt.bz2.greedyext.20260220_154550.txt

0 11 16 17 36 41 50 53 66 71 83 92 101 102 119 126 131 143 152 158 161 171 186 205 207 212 220 233 237 246 248
Iter#3733828 New set #60000 of size 31 (62.2 its/hit = 0.001s/hit): seed=2973752576848310043 [0, 11, 16, 17, 36, 41, 50, 53, 66, 71, 83, 92, 101, 102, 119, 126, 131, 143, 152, 158, 161, 171, 186, 205, 207, 212, 220, 233, 237, 246, 248]
logs_sage/n8_FLY.txt.bz2.greedyext.20260220_154550.txt

0 10 17 36 40 51 53 66 76 83 87 102 110 117 119 130 143 153 158 160 171 186 187 196 205 220 223 230 233 248 253
Iter#5608066 New set #90000 of size 31 (62.3 its/hit = 0.001s/hit): seed=251214064688007676 [0, 10, 17, 36, 40, 51, 53, 66, 76, 83, 87, 102, 110, 117, 119, 130, 143, 153, 158, 160, 171, 186, 187, 196, 205, 220, 223, 230, 233, 248, 253]
logs_sage/n8_FLY.txt.bz2.greedyext.20260220_154550.txt

1 2 19 26 35 39 54 56 65 77 80 86 100 111 116 117 137 140 146 157 169 171 176 184 197 207 222 231 234 251 252
Iter#12423497 New set #200000 of size 31 (62.1 its/hit = 0.001s/hit): seed=12526281632108602225 [1, 2, 19, 26, 35, 39, 54, 56, 65, 77, 80, 86, 100, 111, 116, 117, 137, 140, 146, 157, 169, 171, 176, 184, 197, 207, 222, 231, 234, 251, 252]
logs_sage/n8_FLY.txt.bz2.greedyext.20260220_154550.txt

0 17 27 34 36 53 57 66 70 83 93 100 102 119 127 136 143 147 158 170 171 177 186 205 206 213 220 233 236 247 248
Iter#200 New set #6 of size 31 (33.3 its/hit = 0.000s/hit): seed=15906547900697815364 [0, 17, 27, 34, 36, 53, 57, 66, 70, 83, 93, 100, 102, 119, 127, 136, 143, 147, 158, 170, 171, 177, 186, 205, 206, 213, 220, 233, 236, 247, 248]
logs_sage/n8_FLY.txt.bz2.greedyext.20260220_154550.txt

0 2 19 27 34 39 54 57 65 70 80 93 100 117 127 136 140 147 157 169 170 177 184 206 207 213 222 234 236 247 251
Iter#18641260 New set #300000 of size 31 (62.1 its/hit = 0.001s/hit): seed=2299647144144233865 [0, 2, 19, 27, 34, 39, 54, 57, 65, 70, 80, 93, 100, 117, 127, 136, 140, 147, 157, 169, 170, 177, 184, 206, 207, 213, 222, 234, 236, 247, 251]
logs_sage/n8_FLY.txt.bz2.greedyext.20260220_154550.txt

2 10 17 19 39 40 51 54 65 76 80 87 100 110 117 130 140 153 157 160 169 184 187 196 207 222 223 230 234 251 253
Iter#490841 New set #8000 of size 31 (61.4 its/hit = 0.000s/hit): seed=10526173536381534280 [2, 10, 17, 19, 39, 40, 51, 54, 65, 76, 80, 87, 100, 110, 117, 130, 140, 153, 157, 160, 169, 184, 187, 196, 207, 222, 223, 230, 234, 251, 253]
logs_sage/n8_FLY.txt.bz2.greedyext.20260220_154550.txt

