2 21 38 48 53 76 82 89 90 96 107 111 112 141 153 174 191 207 216 220 241
Iter#36610559 New set #70000 of size 21 (523.0 its/hit = 0.004s/hit): seed=2335706610851097825 [2, 21, 38, 48, 53, 76, 82, 89, 90, 96, 107, 111, 112, 141, 153, 174, 191, 207, 216, 220, 241]
logs_sage/n8_Iceberg.txt.bz2.greedyext.20260220_154550.txt

6 7 16 21 23 29 35 54 62 67 79 87 94 120 124 137 155 189 228 235 240
Iter#41856502 New set #80000 of size 21 (523.2 its/hit = 0.004s/hit): seed=5266388037818615705 [6, 7, 16, 21, 23, 29, 35, 54, 62, 67, 79, 87, 94, 120, 124, 137, 155, 189, 228, 235, 240]
logs_sage/n8_Iceberg.txt.bz2.greedyext.20260220_154550.txt

6 24 50 55 61 69 70 78 81 90 102 156 165 166 171 174 176 197 203 215 231
Iter#20913954 New set #40000 of size 21 (522.8 its/hit = 0.004s/hit): seed=7100147629575142589 [6, 24, 50, 55, 61, 69, 70, 78, 81, 90, 102, 156, 165, 166, 171, 174, 176, 197, 203, 215, 231]
logs_sage/n8_Iceberg.txt.bz2.greedyext.20260220_154550.txt

10 34 50 51 68 82 90 91 93 99 105 126 147 154 172 205 208 224 225 227 243
Iter#31383696 New set #60000 of size 21 (523.1 its/hit = 0.004s/hit): seed=15001515717398308093 [10, 34, 50, 51, 68, 82, 90, 91, 93, 99, 105, 126, 147, 154, 172, 205, 208, 224, 225, 227, 243]
logs_sage/n8_Iceberg.txt.bz2.greedyext.20260220_154550.txt

