4 22 23 35 50 81 82 92 95 107 144 145 163 175 176 183 186 195 216 217 226 250
Iter#7232497 New set #10000 of size 22 (723.2 its/hit = 0.005s/hit): seed=2329658624901212642 [4, 22, 23, 35, 50, 81, 82, 92, 95, 107, 144, 145, 163, 175, 176, 183, 186, 195, 216, 217, 226, 250]
logs_sage/n8_Iraqi.txt.bz2.greedyext.20260220_154550.txt

8 30 41 53 56 57 66 83 90 114 117 130 136 147 193 199 205 228 232 241 242 243
Iter#36413608 New set #50000 of size 22 (728.3 its/hit = 0.005s/hit): seed=5464851667804622691 [8, 30, 41, 53, 56, 57, 66, 83, 90, 114, 117, 130, 136, 147, 193, 199, 205, 228, 232, 241, 242, 243]
logs_sage/n8_Iraqi.txt.bz2.greedyext.20260220_154550.txt

4 19 50 53 56 58 76 81 90 92 94 107 110 115 150 156 172 183 186 216 217 226
Iter#29092075 New set #40000 of size 22 (727.3 its/hit = 0.005s/hit): seed=2578156938867179280 [4, 19, 50, 53, 56, 58, 76, 81, 90, 92, 94, 107, 110, 115, 150, 156, 172, 183, 186, 216, 217, 226]
logs_sage/n8_Iraqi.txt.bz2.greedyext.20260220_154550.txt

6 16 19 33 38 39 50 56 76 121 150 156 173 175 179 183 203 204 207 226 250 255
Iter#2311 New set #4 of size 22 (577.8 its/hit = 0.000s/hit): seed=1545545728282295722 [6, 16, 19, 33, 38, 39, 50, 56, 76, 121, 150, 156, 173, 175, 179, 183, 203, 204, 207, 226, 250, 255]
logs_sage/n8_Iraqi.txt.bz2.greedyext.20260220_154550.txt

