31 61 91 95 110 113 154 163 175 190 193 197 213 215 216 222 236 246 249
Iter#3396314 New set #9000 of size 19 (377.4 its/hit = 0.002s/hit): seed=8466149711055509470 [31, 61, 91, 95, 110, 113, 154, 163, 175, 190, 193, 197, 213, 215, 216, 222, 236, 246, 249]
logs_sage/n8_Kalyna_pi3.txt.bz2.greedyext.20260220_155050.txt

34 77 100 104 113 135 136 137 143 153 155 175 184 194 210 214 219 224 254
Iter#26636297 New set #70000 of size 19 (380.5 its/hit = 0.002s/hit): seed=8063781310884095928 [34, 77, 100, 104, 113, 135, 136, 137, 143, 153, 155, 175, 184, 194, 210, 214, 219, 224, 254]
logs_sage/n8_Kalyna_pi3.txt.bz2.greedyext.20260220_155050.txt

16 61 63 74 86 91 95 108 149 157 163 177 181 186 193 197 224 238 249
Iter#173 New set #2 of size 19 (86.5 its/hit = 0.000s/hit): seed=2032542397651260361 [16, 61, 63, 74, 86, 91, 95, 108, 149, 157, 163, 177, 181, 186, 193, 197, 224, 238, 249]
logs_sage/n8_Kalyna_pi3.txt.bz2.greedyext.20260220_155050.txt

17 31 52 71 74 80 90 110 113 136 149 159 175 178 193 198 222 223 236
Iter#20412 New set #50 of size 19 (408.2 its/hit = 0.000s/hit): seed=408857567624532812 [17, 31, 52, 71, 74, 80, 90, 110, 113, 136, 149, 159, 175, 178, 193, 198, 222, 223, 236]
logs_sage/n8_Kalyna_pi3.txt.bz2.greedyext.20260220_155050.txt

17 31 52 71 80 90 91 110 113 136 149 154 159 175 178 193 222 225 236
Iter#30465499 New set #80000 of size 19 (380.8 its/hit = 0.002s/hit): seed=17249370791237198136 [17, 31, 52, 71, 80, 90, 91, 110, 113, 136, 149, 154, 159, 175, 178, 193, 222, 225, 236]
logs_sage/n8_Kalyna_pi3.txt.bz2.greedyext.20260220_155050.txt

6 7 15 36 38 43 49 53 68 80 86 133 155 157 184 187 193 208 254
Iter#260680 New set #700 of size 19 (372.4 its/hit = 0.001s/hit): seed=14217009024224942509 [6, 7, 15, 36, 38, 43, 49, 53, 68, 80, 86, 133, 155, 157, 184, 187, 193, 208, 254]
logs_sage/n8_Kalyna_pi3.txt.bz2.greedyext.20260220_155050.txt

2 17 48 61 71 75 80 136 139 143 144 159 165 166 180 200 215 222 243
Iter#38044705 New set #100000 of size 19 (380.4 its/hit = 0.002s/hit): seed=11544834767440670276 [2, 17, 48, 61, 71, 75, 80, 136, 139, 143, 144, 159, 165, 166, 180, 200, 215, 222, 243]
logs_sage/n8_Kalyna_pi3.txt.bz2.greedyext.20260220_155050.txt

18 42 46 54 62 73 79 89 94 105 108 135 144 149 155 172 225 228 250
Iter#2254089 New set #6000 of size 19 (375.7 its/hit = 0.002s/hit): seed=6422857637930154674 [18, 42, 46, 54, 62, 73, 79, 89, 94, 105, 108, 135, 144, 149, 155, 172, 225, 228, 250]
logs_sage/n8_Kalyna_pi3.txt.bz2.greedyext.20260220_155050.txt

8 17 31 34 52 71 90 110 113 136 149 175 178 193 217 219 222 241 244
Iter#2747 New set #8 of size 19 (343.4 its/hit = 0.000s/hit): seed=325449656223238516 [8, 17, 31, 34, 52, 71, 90, 110, 113, 136, 149, 175, 178, 193, 217, 219, 222, 241, 244]
logs_sage/n8_Kalyna_pi3.txt.bz2.greedyext.20260220_155050.txt

20 37 47 70 126 134 159 162 173 178 188 195 207 211 216 218 222 234 241
Iter#22873669 New set #60000 of size 19 (381.2 its/hit = 0.002s/hit): seed=723218234126893048 [20, 37, 47, 70, 126, 134, 159, 162, 173, 178, 188, 195, 207, 211, 216, 218, 222, 234, 241]
logs_sage/n8_Kalyna_pi3.txt.bz2.greedyext.20260220_155050.txt

23 47 52 71 80 88 90 129 136 148 149 159 175 178 182 191 193 236 244
Iter#19065668 New set #50000 of size 19 (381.3 its/hit = 0.002s/hit): seed=12315507592266380840 [23, 47, 52, 71, 80, 88, 90, 129, 136, 148, 149, 159, 175, 178, 182, 191, 193, 236, 244]
logs_sage/n8_Kalyna_pi3.txt.bz2.greedyext.20260220_155050.txt

49 52 71 74 80 90 99 131 136 149 159 161 175 178 193 198 205 236 247
Iter#15231377 New set #40000 of size 19 (380.8 its/hit = 0.002s/hit): seed=13450943280453495239 [49, 52, 71, 74, 80, 90, 99, 131, 136, 149, 159, 161, 175, 178, 193, 198, 205, 236, 247]
logs_sage/n8_Kalyna_pi3.txt.bz2.greedyext.20260220_155050.txt

17 31 52 71 74 90 103 110 113 136 149 175 178 186 193 200 222 223 238
Iter#3862 New set #10 of size 19 (386.2 its/hit = 0.000s/hit): seed=15326052411307245201 [17, 31, 52, 71, 74, 90, 103, 110, 113, 136, 149, 175, 178, 186, 193, 200, 222, 223, 238]
logs_sage/n8_Kalyna_pi3.txt.bz2.greedyext.20260220_155050.txt

2 34 51 52 71 73 80 90 105 123 136 138 149 159 175 178 193 236 248
Iter#35763 New set #100 of size 19 (357.6 its/hit = 0.000s/hit): seed=4050192989864657638 [2, 34, 51, 52, 71, 73, 80, 90, 105, 123, 136, 138, 149, 159, 175, 178, 193, 236, 248]
logs_sage/n8_Kalyna_pi3.txt.bz2.greedyext.20260220_155050.txt

17 31 34 52 71 80 90 110 113 136 149 159 175 178 193 217 219 222 236
Iter#34274548 New set #90000 of size 19 (380.8 its/hit = 0.002s/hit): seed=14293728941421250256 [17, 31, 34, 52, 71, 80, 90, 110, 113, 136, 149, 159, 175, 178, 193, 217, 219, 222, 236]
logs_sage/n8_Kalyna_pi3.txt.bz2.greedyext.20260220_155050.txt

12 31 32 49 92 99 101 104 129 155 159 170 189 205 208 213 224 235 249
Iter#70313 New set #200 of size 19 (351.6 its/hit = 0.000s/hit): seed=14995040360391065476 [12, 31, 32, 49, 92, 99, 101, 104, 129, 155, 159, 170, 189, 205, 208, 213, 224, 235, 249]
logs_sage/n8_Kalyna_pi3.txt.bz2.greedyext.20260220_155050.txt

