4 6 49 88 98 105 107 123 132 140 145 182 184 193 196 203 211 226 234 236
Iter#15120753 New set #9000 of size 20 (1680.1 its/hit = 0.011s/hit): seed=3546932812000858909 [4, 6, 49, 88, 98, 105, 107, 123, 132, 140, 145, 182, 184, 193, 196, 203, 211, 226, 234, 236]
logs_sage/n8_Kuznechik.txt.bz2.greedyext.20260220_155050.txt

5 6 24 51 61 68 88 101 113 142 146 153 165 183 200 209 223 241 245 248
Iter#4661 New set #3 of size 20 (1553.7 its/hit = 0.000s/hit): seed=6372776648449397745 [5, 6, 24, 51, 61, 68, 88, 101, 113, 142, 146, 153, 165, 183, 200, 209, 223, 241, 245, 248]
logs_sage/n8_Kuznechik.txt.bz2.greedyext.20260220_155050.txt

0 10 11 12 28 36 60 62 76 88 90 107 126 138 139 166 172 182 199 212
Iter#34004570 New set #20000 of size 20 (1700.2 its/hit = 0.011s/hit): seed=15703270917428181330 [0, 10, 11, 12, 28, 36, 60, 62, 76, 88, 90, 107, 126, 138, 139, 166, 172, 182, 199, 212]
logs_sage/n8_Kuznechik.txt.bz2.greedyext.20260220_155050.txt

