9 27 48 52 57 95 109 117 142 144 156 169 171 177 208 233 238 246 252
Iter#455685 New set #1000 of size 19 (455.7 its/hit = 0.002s/hit): seed=17411393815322140759 [9, 27, 48, 52, 57, 95, 109, 117, 142, 144, 156, 169, 171, 177, 208, 233, 238, 246, 252]
logs_sage/n8_Kalyna_pi2.txt.bz2.greedyext.20260220_155050.txt

29 48 70 79 82 97 107 113 139 151 172 186 189 191 201 216 224 229 237
Iter#39974151 New set #90000 of size 19 (444.2 its/hit = 0.003s/hit): seed=12223766547496701034 [29, 48, 70, 79, 82, 97, 107, 113, 139, 151, 172, 186, 189, 191, 201, 216, 224, 229, 237]
logs_sage/n8_Kalyna_pi2.txt.bz2.greedyext.20260220_155050.txt

4 24 37 41 46 72 86 120 128 136 142 153 158 160 170 176 191 244 249
Iter#3980660 New set #9000 of size 19 (442.3 its/hit = 0.003s/hit): seed=3808020803228346589 [4, 24, 37, 41, 46, 72, 86, 120, 128, 136, 142, 153, 158, 160, 170, 176, 191, 244, 249]
logs_sage/n8_Kalyna_pi2.txt.bz2.greedyext.20260220_155050.txt

2 12 17 43 46 74 76 86 87 98 151 174 175 176 187 209 217 249 254
Iter#22240471 New set #50000 of size 19 (444.8 its/hit = 0.003s/hit): seed=8263821191165294479 [2, 12, 17, 43, 46, 74, 76, 86, 87, 98, 151, 174, 175, 176, 187, 209, 217, 249, 254]
logs_sage/n8_Kalyna_pi2.txt.bz2.greedyext.20260220_155050.txt

8 10 17 46 48 61 62 87 119 140 151 153 169 171 174 195 207 209 222
Iter#2291 New set #9 of size 19 (254.6 its/hit = 0.000s/hit): seed=11325686512994263401 [8, 10, 17, 46, 48, 61, 62, 87, 119, 140, 151, 153, 169, 171, 174, 195, 207, 209, 222]
logs_sage/n8_Kalyna_pi2.txt.bz2.greedyext.20260220_155050.txt

6 20 24 31 36 38 41 127 128 142 151 152 155 169 191 193 200 204 223
Iter#17782818 New set #40000 of size 19 (444.6 its/hit = 0.003s/hit): seed=13519310859958469141 [6, 20, 24, 31, 36, 38, 41, 127, 128, 142, 151, 152, 155, 169, 191, 193, 200, 204, 223]
logs_sage/n8_Kalyna_pi2.txt.bz2.greedyext.20260220_155050.txt

9 48 49 60 119 121 144 148 153 163 169 181 186 208 214 222 233 236 246
Iter#3548997 New set #8000 of size 19 (443.6 its/hit = 0.003s/hit): seed=8445631087920982972 [9, 48, 49, 60, 119, 121, 144, 148, 153, 163, 169, 181, 186, 208, 214, 222, 233, 236, 246]
logs_sage/n8_Kalyna_pi2.txt.bz2.greedyext.20260220_155050.txt

9 11 14 26 48 57 71 80 140 144 155 169 176 188 193 235 236 239 247
Iter#17396 New set #50 of size 19 (347.9 its/hit = 0.000s/hit): seed=11777961526008414557 [9, 11, 14, 26, 48, 57, 71, 80, 140, 144, 155, 169, 176, 188, 193, 235, 236, 239, 247]
logs_sage/n8_Kalyna_pi2.txt.bz2.greedyext.20260220_155050.txt

9 33 41 43 48 49 60 119 121 144 148 153 163 169 208 214 222 233 236
Iter#276679 New set #600 of size 19 (461.1 its/hit = 0.002s/hit): seed=254748788302706114 [9, 33, 41, 43, 48, 49, 60, 119, 121, 144, 148, 153, 163, 169, 208, 214, 222, 233, 236]
logs_sage/n8_Kalyna_pi2.txt.bz2.greedyext.20260220_155050.txt

9 22 24 43 47 74 97 98 110 113 114 120 132 153 175 176 195 209 249
Iter#4440462 New set #10000 of size 19 (444.0 its/hit = 0.003s/hit): seed=16768283109122001050 [9, 22, 24, 43, 47, 74, 97, 98, 110, 113, 114, 120, 132, 153, 175, 176, 195, 209, 249]
logs_sage/n8_Kalyna_pi2.txt.bz2.greedyext.20260220_155050.txt

11 33 42 49 69 74 101 103 104 108 110 156 158 192 193 197 222 242 254
Iter#44504417 New set #100000 of size 19 (445.0 its/hit = 0.003s/hit): seed=2981026984492474060 [11, 33, 42, 49, 69, 74, 101, 103, 104, 108, 110, 156, 158, 192, 193, 197, 222, 242, 254]
logs_sage/n8_Kalyna_pi2.txt.bz2.greedyext.20260220_155050.txt

3 4 51 71 93 94 117 131 145 151 154 173 210 211 217 225 245 250 253
Iter#35594688 New set #80000 of size 19 (444.9 its/hit = 0.003s/hit): seed=7074868776327351476 [3, 4, 51, 71, 93, 94, 117, 131, 145, 151, 154, 173, 210, 211, 217, 225, 245, 250, 253]
logs_sage/n8_Kalyna_pi2.txt.bz2.greedyext.20260220_155050.txt

20 57 62 63 95 117 144 154 156 169 181 208 212 223 224 231 233 246 248
Iter#31163828 New set #70000 of size 19 (445.2 its/hit = 0.003s/hit): seed=11219294171546470271 [20, 57, 62, 63, 95, 117, 144, 154, 156, 169, 181, 208, 212, 223, 224, 231, 233, 246, 248]
logs_sage/n8_Kalyna_pi2.txt.bz2.greedyext.20260220_155050.txt

