1 10 23 34 40 43 75 77 87 112 136 140 154 185 191 193 206 213 246 254
Iter#3910 New set #5 of size 20 (782.0 its/hit = 0.000s/hit): seed=13618474291346737536 [1, 10, 23, 34, 40, 43, 75, 77, 87, 112, 136, 140, 154, 185, 191, 193, 206, 213, 246, 254]
logs_sage/n8_Kuznyechik.txt.bz2.greedyext.20260220_155050.txt

4 6 49 88 98 105 107 123 132 140 145 182 184 193 196 203 211 226 234 236
Iter#34279772 New set #20000 of size 20 (1714.0 its/hit = 0.011s/hit): seed=2712926294180624295 [4, 6, 49, 88, 98, 105, 107, 123, 132, 140, 145, 182, 184, 193, 196, 203, 211, 226, 234, 236]
logs_sage/n8_Kuznyechik.txt.bz2.greedyext.20260220_155050.txt

5 6 24 51 61 68 88 101 113 142 146 153 165 183 200 209 223 241 245 248
Iter#17043285 New set #10000 of size 20 (1704.3 its/hit = 0.011s/hit): seed=17545462309402588758 [5, 6, 24, 51, 61, 68, 88, 101, 113, 142, 146, 153, 165, 183, 200, 209, 223, 241, 245, 248]
logs_sage/n8_Kuznyechik.txt.bz2.greedyext.20260220_155050.txt

0 10 11 12 28 36 60 62 76 88 90 107 126 138 139 166 172 182 199 212
Iter#13600688 New set #8000 of size 20 (1700.1 its/hit = 0.011s/hit): seed=17637076250997215901 [0, 10, 11, 12, 28, 36, 60, 62, 76, 88, 90, 107, 126, 138, 139, 166, 172, 182, 199, 212]
logs_sage/n8_Kuznyechik.txt.bz2.greedyext.20260220_155050.txt

