5 6 15 20 37 52 57 113 128 132 134 165 166 168 176 180 184 192 196 197 216 223 232
Iter#25022415 New set #40000 of size 23 (625.6 its/hit = 0.005s/hit): seed=17247267360726161519 [5, 6, 15, 20, 37, 52, 57, 113, 128, 132, 134, 165, 166, 168, 176, 180, 184, 192, 196, 197, 216, 223, 232]
logs_sage/n8_Lilliput_AE.txt.bz2.greedyext.20260220_155050.txt

19 38 44 77 85 94 109 115 138 140 158 172 182 186 189 198 222 228 237 238 246 250 254
Iter#3771172 New set #6000 of size 23 (628.5 its/hit = 0.004s/hit): seed=10242011356246044306 [19, 38, 44, 77, 85, 94, 109, 115, 138, 140, 158, 172, 182, 186, 189, 198, 222, 228, 237, 238, 246, 250, 254]
logs_sage/n8_Lilliput_AE.txt.bz2.greedyext.20260220_155050.txt

12 15 28 44 47 52 73 89 94 108 126 128 132 140 174 175 192 196 214 240 244 247 254
Iter#12664249 New set #20000 of size 23 (633.2 its/hit = 0.005s/hit): seed=3320903116994793297 [12, 15, 28, 44, 47, 52, 73, 89, 94, 108, 126, 128, 132, 140, 174, 175, 192, 196, 214, 240, 244, 247, 254]
logs_sage/n8_Lilliput_AE.txt.bz2.greedyext.20260220_155050.txt

5 15 47 86 94 109 119 126 141 143 161 168 181 184 197 205 209 222 223 225 237 245 253
Iter#18775952 New set #30000 of size 23 (625.9 its/hit = 0.005s/hit): seed=11305736024505073453 [5, 15, 47, 86, 94, 109, 119, 126, 141, 143, 161, 168, 181, 184, 197, 205, 209, 222, 223, 225, 237, 245, 253]
logs_sage/n8_Lilliput_AE.txt.bz2.greedyext.20260220_155050.txt

6 7 23 37 38 92 133 134 135 138 162 165 167 172 178 186 187 194 198 202 227 242 246
Iter#560448 New set #900 of size 23 (622.7 its/hit = 0.004s/hit): seed=6351940789391871341 [6, 7, 23, 37, 38, 92, 133, 134, 135, 138, 162, 165, 167, 172, 178, 186, 187, 194, 198, 202, 227, 242, 246]
logs_sage/n8_Lilliput_AE.txt.bz2.greedyext.20260220_155050.txt

6 7 14 25 37 38 41 77 87 105 133 134 135 141 160 165 167 176 181 189 197 253 255
Iter#37462305 New set #60000 of size 23 (624.4 its/hit = 0.005s/hit): seed=15828651327345846797 [6, 7, 14, 25, 37, 38, 41, 77, 87, 105, 133, 134, 135, 141, 160, 165, 167, 176, 181, 189, 197, 253, 255]
logs_sage/n8_Lilliput_AE.txt.bz2.greedyext.20260220_155050.txt

15 47 52 59 94 99 109 126 130 143 158 159 170 174 178 186 194 196 202 205 222 237 250
Iter#5055227 New set #8000 of size 23 (631.9 its/hit = 0.005s/hit): seed=3608730355122138476 [15, 47, 52, 59, 94, 99, 109, 126, 130, 143, 158, 159, 170, 174, 178, 186, 194, 196, 202, 205, 222, 237, 250]
logs_sage/n8_Lilliput_AE.txt.bz2.greedyext.20260220_155050.txt

12 23 47 77 87 92 100 103 109 135 140 143 155 159 162 172 175 194 205 213 219 235 239
Iter#19854 New set #30 of size 23 (661.8 its/hit = 0.000s/hit): seed=2684207744250888305 [12, 23, 47, 77, 87, 92, 100, 103, 109, 135, 140, 143, 155, 159, 162, 172, 175, 194, 205, 213, 219, 235, 239]
logs_sage/n8_Lilliput_AE.txt.bz2.greedyext.20260220_155050.txt

12 38 41 47 72 77 89 105 108 109 129 140 143 145 172 175 189 205 208 209 225 246 253
Iter#31235167 New set #50000 of size 23 (624.7 its/hit = 0.005s/hit): seed=13399850322862401125 [12, 38, 41, 47, 72, 77, 89, 105, 108, 109, 129, 140, 143, 145, 172, 175, 189, 205, 208, 209, 225, 246, 253]
logs_sage/n8_Lilliput_AE.txt.bz2.greedyext.20260220_155050.txt

5 6 20 29 37 52 124 126 130 134 158 165 166 171 174 178 180 182 198 203 238 242 245
Iter#133656 New set #200 of size 23 (668.3 its/hit = 0.000s/hit): seed=17290695017053434311 [5, 6, 20, 29, 37, 52, 124, 126, 130, 134, 158, 165, 166, 171, 174, 178, 180, 182, 198, 203, 238, 242, 245]
logs_sage/n8_Lilliput_AE.txt.bz2.greedyext.20260220_155050.txt

3 6 19 20 38 39 67 77 82 87 103 115 135 148 166 167 171 180 182 189 218 219 235
Iter#2532080 New set #4000 of size 23 (633.0 its/hit = 0.005s/hit): seed=5513843182648899999 [3, 6, 19, 20, 38, 39, 67, 77, 82, 87, 103, 115, 135, 148, 166, 167, 171, 180, 182, 189, 218, 219, 235]
logs_sage/n8_Lilliput_AE.txt.bz2.greedyext.20260220_155050.txt

5 7 20 25 37 39 41 52 73 80 89 126 133 145 148 161 167 174 181 200 225 244 245
Iter#4417976 New set #7000 of size 23 (631.1 its/hit = 0.005s/hit): seed=3316510081847071312 [5, 7, 20, 25, 37, 39, 41, 52, 73, 80, 89, 126, 133, 145, 148, 161, 167, 174, 181, 200, 225, 244, 245]
logs_sage/n8_Lilliput_AE.txt.bz2.greedyext.20260220_155050.txt

6 20 28 38 39 92 108 127 129 132 135 142 145 148 152 166 167 172 180 216 232 244 246
Iter#68150 New set #100 of size 23 (681.5 its/hit = 0.000s/hit): seed=11261179169165193481 [6, 20, 28, 38, 39, 92, 108, 127, 129, 132, 135, 142, 145, 148, 152, 166, 167, 172, 180, 216, 232, 244, 246]
logs_sage/n8_Lilliput_AE.txt.bz2.greedyext.20260220_155050.txt

3 5 12 15 44 47 51 90 94 115 126 140 155 171 175 203 210 219 223 238 239 245 254
Iter#3173343 New set #5000 of size 23 (634.7 its/hit = 0.005s/hit): seed=10649821535967843111 [3, 5, 12, 15, 44, 47, 51, 90, 94, 115, 126, 140, 155, 171, 175, 203, 210, 219, 223, 238, 239, 245, 254]
logs_sage/n8_Lilliput_AE.txt.bz2.greedyext.20260220_155050.txt

