7 22 31 34 37 42 54 94 104 120 124 125 128 150 161 174 196 235 237 243 246
Iter#16994711 New set #9000 of size 21 (1888.3 its/hit = 0.013s/hit): seed=11759535243603933692 [7, 22, 31, 34, 37, 42, 54, 94, 104, 120, 124, 125, 128, 150, 161, 174, 196, 235, 237, 243, 246]
logs_sage/n8_Skipjack.txt.bz2.greedyext.20260220_155550.txt

11 15 31 33 43 54 70 73 110 115 117 126 153 155 156 166 188 190 208 229 254
Iter#37550123 New set #20000 of size 21 (1877.5 its/hit = 0.013s/hit): seed=1802964813145524220 [11, 15, 31, 33, 43, 54, 70, 73, 110, 115, 117, 126, 153, 155, 156, 166, 188, 190, 208, 229, 254]
logs_sage/n8_Skipjack.txt.bz2.greedyext.20260220_155550.txt

0 8 12 30 52 77 82 85 105 110 145 156 166 167 172 184 188 211 219 228 247
Iter#9481526 New set #5000 of size 21 (1896.3 its/hit = 0.013s/hit): seed=4110417317061887544 [0, 8, 12, 30, 52, 77, 82, 85, 105, 110, 145, 156, 166, 167, 172, 184, 188, 211, 219, 228, 247]
logs_sage/n8_Skipjack.txt.bz2.greedyext.20260220_155550.txt

