11 17 22 26 42 46 54 56 65 75 78 81 91 106 122 136 150 154 155 174 226 246
Iter#31780366 New set #300000 of size 22 (105.9 its/hit = 0.001s/hit): seed=16127941518779754184 [11, 17, 22, 26, 42, 46, 54, 56, 65, 75, 78, 81, 91, 106, 122, 136, 150, 154, 155, 174, 226, 246]
logs_sage/n8_Scream.txt.bz2.greedyext.20260220_155550.txt

2 19 22 63 69 84 99 116 133 136 144 153 170 179 180 183 204 207 210 218 230 236
Iter#798 New set #6 of size 22 (133.0 its/hit = 0.000s/hit): seed=4781785844292518335 [2, 19, 22, 63, 69, 84, 99, 116, 133, 136, 144, 153, 170, 179, 180, 183, 204, 207, 210, 218, 230, 236]
logs_sage/n8_Scream.txt.bz2.greedyext.20260220_155550.txt

1 4 9 17 32 35 36 42 49 58 65 92 96 112 122 144 164 188 196 211 220 240
Iter#972 New set #8 of size 22 (121.5 its/hit = 0.000s/hit): seed=3518480990191031097 [1, 4, 9, 17, 32, 35, 36, 42, 49, 58, 65, 92, 96, 112, 122, 144, 164, 188, 196, 211, 220, 240]
logs_sage/n8_Scream.txt.bz2.greedyext.20260220_155550.txt

4 17 20 25 36 37 46 49 55 62 76 84 101 110 117 135 149 153 177 209 245 249
Iter#8508629 New set #80000 of size 22 (106.4 its/hit = 0.001s/hit): seed=7275436966267770008 [4, 17, 20, 25, 36, 37, 46, 49, 55, 62, 76, 84, 101, 110, 117, 135, 149, 153, 177, 209, 245, 249]
logs_sage/n8_Scream.txt.bz2.greedyext.20260220_155550.txt

2 19 36 55 64 65 93 95 97 99 105 107 137 150 169 173 179 203 206 210 212 229
Iter#108462 New set #1000 of size 22 (108.5 its/hit = 0.000s/hit): seed=5512961712709191111 [2, 19, 36, 55, 64, 65, 93, 95, 97, 99, 105, 107, 137, 150, 169, 173, 179, 203, 206, 210, 212, 229]
logs_sage/n8_Scream.txt.bz2.greedyext.20260220_155550.txt

7 9 16 35 44 101 119 133 142 146 154 180 193 204 205 214 224 248 249 251 254 255
Iter#3180247 New set #30000 of size 22 (106.0 its/hit = 0.001s/hit): seed=14337321640313317096 [7, 9, 16, 35, 44, 101, 119, 133, 142, 146, 154, 180, 193, 204, 205, 214, 224, 248, 249, 251, 254, 255]
logs_sage/n8_Scream.txt.bz2.greedyext.20260220_155550.txt

38 54 55 61 67 84 91 102 109 123 125 135 155 163 164 183 195 199 207 215 246 251
Iter#389 New set #2 of size 22 (194.5 its/hit = 0.000s/hit): seed=18416668096649990440 [38, 54, 55, 61, 67, 84, 91, 102, 109, 123, 125, 135, 155, 163, 164, 183, 195, 199, 207, 215, 246, 251]
logs_sage/n8_Scream.txt.bz2.greedyext.20260220_155550.txt

18 60 65 83 105 119 120 123 128 139 142 143 149 152 161 164 166 214 221 226 234 255
Iter#641119 New set #6000 of size 22 (106.9 its/hit = 0.001s/hit): seed=6488907659546501806 [18, 60, 65, 83, 105, 119, 120, 123, 128, 139, 142, 143, 149, 152, 161, 164, 166, 214, 221, 226, 234, 255]
logs_sage/n8_Scream.txt.bz2.greedyext.20260220_155550.txt

5 8 12 16 46 49 52 55 66 74 98 106 124 130 150 165 191 193 211 213 228 248
Iter#98467 New set #900 of size 22 (109.4 its/hit = 0.000s/hit): seed=5785010871968787844 [5, 8, 12, 16, 46, 49, 52, 55, 66, 74, 98, 106, 124, 130, 150, 165, 191, 193, 211, 213, 228, 248]
logs_sage/n8_Scream.txt.bz2.greedyext.20260220_155550.txt

7 8 9 13 16 27 44 45 47 84 94 114 122 142 143 167 180 205 224 236 249 255
Iter#414 New set #3 of size 22 (138.0 its/hit = 0.000s/hit): seed=16536969616677768932 [7, 8, 9, 13, 16, 27, 44, 45, 47, 84, 94, 114, 122, 142, 143, 167, 180, 205, 224, 236, 249, 255]
logs_sage/n8_Scream.txt.bz2.greedyext.20260220_155550.txt

7 26 60 83 96 105 119 128 137 139 142 149 152 161 163 164 214 221 226 234 254 255
Iter#21200261 New set #200000 of size 22 (106.0 its/hit = 0.001s/hit): seed=11406180869465965192 [7, 26, 60, 83, 96, 105, 119, 128, 137, 139, 142, 149, 152, 161, 163, 164, 214, 221, 226, 234, 254, 255]
logs_sage/n8_Scream.txt.bz2.greedyext.20260220_155550.txt

5 12 18 30 39 52 62 70 79 102 121 123 124 136 139 144 153 163 165 213 226 228
Iter#4245018 New set #40000 of size 22 (106.1 its/hit = 0.001s/hit): seed=487579101019691586 [5, 12, 18, 30, 39, 52, 62, 70, 79, 102, 121, 123, 124, 136, 139, 144, 153, 163, 165, 213, 226, 228]
logs_sage/n8_Scream.txt.bz2.greedyext.20260220_155550.txt

4 25 34 49 50 61 65 76 93 98 146 147 153 177 195 196 201 209 211 217 221 249
Iter#86948 New set #800 of size 22 (108.7 its/hit = 0.000s/hit): seed=13635258484907718037 [4, 25, 34, 49, 50, 61, 65, 76, 93, 98, 146, 147, 153, 177, 195, 196, 201, 209, 211, 217, 221, 249]
logs_sage/n8_Scream.txt.bz2.greedyext.20260220_155550.txt

12 18 26 39 62 79 102 121 123 124 136 139 144 157 163 165 177 199 213 222 226 228
Iter#3076 New set #20 of size 22 (153.8 its/hit = 0.000s/hit): seed=1209178810533173027 [12, 18, 26, 39, 62, 79, 102, 121, 123, 124, 136, 139, 144, 157, 163, 165, 177, 199, 213, 222, 226, 228]
logs_sage/n8_Scream.txt.bz2.greedyext.20260220_155550.txt

15 21 31 40 46 49 53 62 79 81 93 101 109 117 126 177 189 191 221 224 232 245
Iter#64710 New set #600 of size 22 (107.8 its/hit = 0.000s/hit): seed=9194055698847806206 [15, 21, 31, 40, 46, 49, 53, 62, 79, 81, 93, 101, 109, 117, 126, 177, 189, 191, 221, 224, 232, 245]
logs_sage/n8_Scream.txt.bz2.greedyext.20260220_155550.txt

18 22 26 38 58 87 101 102 114 118 135 140 149 150 151 154 156 190 199 220 242 250
Iter#954676 New set #9000 of size 22 (106.1 its/hit = 0.001s/hit): seed=8735367290235369983 [18, 22, 26, 38, 58, 87, 101, 102, 114, 118, 135, 140, 149, 150, 151, 154, 156, 190, 199, 220, 242, 250]
logs_sage/n8_Scream.txt.bz2.greedyext.20260220_155550.txt

5 18 26 52 62 79 83 104 111 121 134 136 148 157 163 177 199 213 228 231 234 237
Iter#746717 New set #7000 of size 22 (106.7 its/hit = 0.001s/hit): seed=13751350443797540333 [5, 18, 26, 52, 62, 79, 83, 104, 111, 121, 134, 136, 148, 157, 163, 177, 199, 213, 228, 231, 234, 237]
logs_sage/n8_Scream.txt.bz2.greedyext.20260220_155550.txt

8 9 35 44 45 49 84 119 133 142 143 146 154 166 180 193 205 214 224 248 251 255
Iter#7453418 New set #70000 of size 22 (106.5 its/hit = 0.001s/hit): seed=3118379784268713780 [8, 9, 35, 44, 45, 49, 84, 119, 133, 142, 143, 146, 154, 166, 180, 193, 205, 214, 224, 248, 251, 255]
logs_sage/n8_Scream.txt.bz2.greedyext.20260220_155550.txt

6 18 64 94 96 97 105 119 123 128 137 139 149 161 163 166 167 214 220 221 226 254
Iter#10606431 New set #100000 of size 22 (106.1 its/hit = 0.001s/hit): seed=7352439444584027694 [6, 18, 64, 94, 96, 97, 105, 119, 123, 128, 137, 139, 149, 161, 163, 166, 167, 214, 220, 221, 226, 254]
logs_sage/n8_Scream.txt.bz2.greedyext.20260220_155550.txt

6 26 47 61 65 83 88 94 105 117 120 123 142 152 161 163 166 169 220 234 254 255
Iter#76218 New set #700 of size 22 (108.9 its/hit = 0.000s/hit): seed=2042612146373549339 [6, 26, 47, 61, 65, 83, 88, 94, 105, 117, 120, 123, 142, 152, 161, 163, 166, 169, 220, 234, 254, 255]
logs_sage/n8_Scream.txt.bz2.greedyext.20260220_155550.txt

8 9 17 20 36 38 54 92 102 104 135 136 150 156 164 188 196 199 204 209 215 220
Iter#5306683 New set #50000 of size 22 (106.1 its/hit = 0.001s/hit): seed=8227846457206574613 [8, 9, 17, 20, 36, 38, 54, 92, 102, 104, 135, 136, 150, 156, 164, 188, 196, 199, 204, 209, 215, 220]
logs_sage/n8_Scream.txt.bz2.greedyext.20260220_155550.txt

2 21 36 64 65 93 95 97 99 128 137 150 161 162 169 173 179 187 203 206 210 212
Iter#1151 New set #9 of size 22 (127.9 its/hit = 0.000s/hit): seed=16754792552365721453 [2, 21, 36, 64, 65, 93, 95, 97, 99, 128, 137, 150, 161, 162, 169, 173, 179, 187, 203, 206, 210, 212]
logs_sage/n8_Scream.txt.bz2.greedyext.20260220_155550.txt

8 16 20 21 31 37 38 48 53 68 79 84 95 101 104 144 150 164 173 196 232 240
Iter#1062581 New set #10000 of size 22 (106.3 its/hit = 0.001s/hit): seed=11869754065866301637 [8, 16, 20, 21, 31, 37, 38, 48, 53, 68, 79, 84, 95, 101, 104, 144, 150, 164, 173, 196, 232, 240]
logs_sage/n8_Scream.txt.bz2.greedyext.20260220_155550.txt

5 9 11 16 43 49 51 52 55 95 98 148 150 157 206 211 213 224 228 237 243 249
Iter#6371876 New set #60000 of size 22 (106.2 its/hit = 0.001s/hit): seed=2311153288857993409 [5, 9, 11, 16, 43, 49, 51, 52, 55, 95, 98, 148, 150, 157, 206, 211, 213, 224, 228, 237, 243, 249]
logs_sage/n8_Scream.txt.bz2.greedyext.20260220_155550.txt

6 7 18 26 47 60 61 64 65 83 97 119 120 128 143 152 161 163 164 167 214 234
Iter#7744 New set #60 of size 22 (129.1 its/hit = 0.000s/hit): seed=18140897053081923390 [6, 7, 18, 26, 47, 60, 61, 64, 65, 83, 97, 119, 120, 128, 143, 152, 161, 163, 164, 167, 214, 234]
logs_sage/n8_Scream.txt.bz2.greedyext.20260220_155550.txt

8 21 25 40 56 93 106 117 120 121 125 131 137 147 153 154 189 195 201 221 224 245
Iter#9612 New set #80 of size 22 (120.2 its/hit = 0.000s/hit): seed=10600710012825728840 [8, 21, 25, 40, 56, 93, 106, 117, 120, 121, 125, 131, 137, 147, 153, 154, 189, 195, 201, 221, 224, 245]
logs_sage/n8_Scream.txt.bz2.greedyext.20260220_155550.txt

