0 13 27 30 36 40 42 66 93 96 97 112 128 174 185 205 226 248
Iter#6538993 New set #10 of size 18 (653899.3 its/hit = 3.500s/hit): seed=7532228813363423236 [0, 13, 27, 30, 36, 40, 42, 66, 93, 96, 97, 112, 128, 174, 185, 205, 226, 248]
logs_sage/n8_SEED_S0.txt.bz2.greedyext.20260220_155050.txt

0 35 37 46 51 65 67 68 90 104 138 165 173 214 216 239 240 252
Iter#45743645 New set #70 of size 18 (653480.6 its/hit = 3.571s/hit): seed=12467087571676688302 [0, 35, 37, 46, 51, 65, 67, 68, 90, 104, 138, 165, 173, 214, 216, 239, 240, 252]
logs_sage/n8_SEED_S0.txt.bz2.greedyext.20260220_155050.txt

0 6 7 8 105 118 135 139 142 151 156 166 179 190 193 203 213 235
Iter#5481615 New set #8 of size 18 (685201.9 its/hit = 3.750s/hit): seed=8356192103444137431 [0, 6, 7, 8, 105, 118, 135, 139, 142, 151, 156, 166, 179, 190, 193, 203, 213, 235]
logs_sage/n8_SEED_S0.txt.bz2.greedyext.20260220_155050.txt

0 29 38 43 44 55 81 100 149 150 169 171 175 177 223 246 247 255
Iter#49597177 New set #80 of size 18 (619964.7 its/hit = 3.400s/hit): seed=4357538151224106795 [0, 29, 38, 43, 44, 55, 81, 100, 149, 150, 169, 171, 175, 177, 223, 246, 247, 255]
logs_sage/n8_SEED_S0.txt.bz2.greedyext.20260220_155050.txt

0 9 10 24 28 32 62 94 137 154 161 182 187 199 218 234 241 254
Iter#32121029 New set #50 of size 18 (642420.6 its/hit = 3.520s/hit): seed=17878701867829187279 [0, 9, 10, 24, 28, 32, 62, 94, 137, 154, 161, 182, 187, 199, 218, 234, 241, 254]
logs_sage/n8_SEED_S0.txt.bz2.greedyext.20260220_155050.txt

0 1 49 53 58 61 73 76 79 86 88 110 141 143 157 162 200 221
Iter#4159114 New set #7 of size 18 (594159.1 its/hit = 3.143s/hit): seed=2917491070145170091 [0, 1, 49, 53, 58, 61, 73, 76, 79, 86, 88, 110, 141, 143, 157, 162, 200, 221]
logs_sage/n8_SEED_S0.txt.bz2.greedyext.20260220_155050.txt

0 41 57 70 74 92 102 119 130 131 134 136 155 180 189 207 208 211
Iter#6287001 New set #9 of size 18 (698555.7 its/hit = 3.778s/hit): seed=7378137168899894051 [0, 41, 57, 70, 74, 92, 102, 119, 130, 131, 134, 136, 155, 180, 189, 207, 208, 211]
logs_sage/n8_SEED_S0.txt.bz2.greedyext.20260220_155050.txt

0 15 18 20 21 33 48 56 64 87 113 124 129 159 183 188 215 237
Iter#21133591 New set #30 of size 18 (704453.1 its/hit = 3.833s/hit): seed=1289870256213489260 [0, 15, 18, 20, 21, 33, 48, 56, 64, 87, 113, 124, 129, 159, 183, 188, 215, 237]
logs_sage/n8_SEED_S0.txt.bz2.greedyext.20260220_155050.txt

0 17 26 54 60 63 72 80 84 99 132 147 167 186 192 194 224 249
Iter#390907 New set #3 of size 18 (130302.3 its/hit = 0.667s/hit): seed=14878836707216540294 [0, 17, 26, 54, 60, 63, 72, 80, 84, 99, 132, 147, 167, 186, 192, 194, 224, 249]
logs_sage/n8_SEED_S0.txt.bz2.greedyext.20260220_155050.txt

0 2 39 89 98 106 116 121 122 125 146 152 158 172 176 217 220 243
Iter#223118 New set #1 of size 18 (223118.0 its/hit = 1.000s/hit): seed=17353493319459062303 [0, 2, 39, 89, 98, 106, 116, 121, 122, 125, 146, 152, 158, 172, 176, 217, 220, 243]
logs_sage/n8_SEED_S0.txt.bz2.greedyext.20260220_155050.txt

0 5 12 14 16 31 47 77 91 109 117 127 181 201 210 225 236 245
Iter#14678095 New set #20 of size 18 (733904.8 its/hit = 4.000s/hit): seed=4928131600979900054 [0, 5, 12, 14, 16, 31, 47, 77, 91, 109, 117, 127, 181, 201, 210, 225, 236, 245]
logs_sage/n8_SEED_S0.txt.bz2.greedyext.20260220_155050.txt

