4 6 49 88 98 105 107 123 132 140 145 182 184 193 196 203 211 226 234 236
Iter#34102403 New set #20000 of size 20 (1705.1 its/hit = 0.011s/hit): seed=8945908380567688510 [4, 6, 49, 88, 98, 105, 107, 123, 132, 140, 145, 182, 184, 193, 196, 203, 211, 226, 234, 236]
logs_sage/n8_Streebog.txt.bz2.greedyext.20260220_155550.txt

5 6 24 51 61 68 88 101 113 142 146 153 165 183 200 209 223 241 245 248
Iter#1768817 New set #1000 of size 20 (1768.8 its/hit = 0.011s/hit): seed=3325145728431060687 [5, 6, 24, 51, 61, 68, 88, 101, 113, 142, 146, 153, 165, 183, 200, 209, 223, 241, 245, 248]
logs_sage/n8_Streebog.txt.bz2.greedyext.20260220_155550.txt

0 10 11 12 28 36 60 62 76 88 90 107 126 138 139 166 172 182 199 212
Iter#16774177 New set #10000 of size 20 (1677.4 its/hit = 0.011s/hit): seed=8781445595204129672 [0, 10, 11, 12, 28, 36, 60, 62, 76, 88, 90, 107, 126, 138, 139, 166, 172, 182, 199, 212]
logs_sage/n8_Streebog.txt.bz2.greedyext.20260220_155550.txt

