0 13 27 30 36 40 42 66 93 96 97 112 128 174 185 205 226 248
Iter#2382244 New set #5 of size 18 (476448.8 its/hit = 2.600s/hit): seed=6897899100256665144 [0, 13, 27, 30, 36, 40, 42, 66, 93, 96, 97, 112, 128, 174, 185, 205, 226, 248]
logs_sage/n8_SEED_S1.txt.bz2.greedyext.20260220_155050.txt

0 6 7 8 105 118 135 139 142 151 156 166 179 190 193 203 213 235
Iter#22438668 New set #40 of size 18 (560966.7 its/hit = 3.075s/hit): seed=8192864843134036478 [0, 6, 7, 8, 105, 118, 135, 139, 142, 151, 156, 166, 179, 190, 193, 203, 213, 235]
logs_sage/n8_SEED_S1.txt.bz2.greedyext.20260220_155050.txt

0 29 38 43 44 55 81 100 149 150 169 171 175 177 223 246 247 255
Iter#30310563 New set #50 of size 18 (606211.2 its/hit = 3.320s/hit): seed=17075472584503966453 [0, 29, 38, 43, 44, 55, 81, 100, 149, 150, 169, 171, 175, 177, 223, 246, 247, 255]
logs_sage/n8_SEED_S1.txt.bz2.greedyext.20260220_155050.txt

0 9 10 24 28 32 62 94 137 154 161 182 187 199 218 234 241 254
Iter#238494 New set #1 of size 18 (238494.0 its/hit = 1.000s/hit): seed=15522245369783398369 [0, 9, 10, 24, 28, 32, 62, 94, 137, 154, 161, 182, 187, 199, 218, 234, 241, 254]
logs_sage/n8_SEED_S1.txt.bz2.greedyext.20260220_155050.txt

0 15 18 20 21 33 48 56 64 87 113 124 129 159 183 188 215 237
Iter#37319194 New set #60 of size 18 (621986.6 its/hit = 3.417s/hit): seed=10090219479903192742 [0, 15, 18, 20, 21, 33, 48, 56, 64, 87, 113, 124, 129, 159, 183, 188, 215, 237]
logs_sage/n8_SEED_S1.txt.bz2.greedyext.20260220_155050.txt

0 17 26 54 60 63 72 80 84 99 132 147 167 186 192 194 224 249
Iter#52093241 New set #80 of size 18 (651165.5 its/hit = 3.575s/hit): seed=3712583970286709967 [0, 17, 26, 54, 60, 63, 72, 80, 84, 99, 132, 147, 167, 186, 192, 194, 224, 249]
logs_sage/n8_SEED_S1.txt.bz2.greedyext.20260220_155050.txt

0 2 39 89 98 106 116 121 122 125 146 152 158 172 176 217 220 243
Iter#860008 New set #3 of size 18 (286669.3 its/hit = 1.333s/hit): seed=3948834420098236637 [0, 2, 39, 89, 98, 106, 116, 121, 122, 125, 146, 152, 158, 172, 176, 217, 220, 243]
logs_sage/n8_SEED_S1.txt.bz2.greedyext.20260220_155050.txt

0 19 22 50 75 123 153 164 170 191 202 206 222 228 229 230 233 251
Iter#42502743 New set #70 of size 18 (607182.1 its/hit = 3.329s/hit): seed=13019916213155316126 [0, 19, 22, 50, 75, 123, 153, 164, 170, 191, 202, 206, 222, 228, 229, 230, 233, 251]
logs_sage/n8_SEED_S1.txt.bz2.greedyext.20260220_155050.txt

0 23 34 45 52 69 107 108 120 126 144 145 160 163 168 198 227 231
Iter#16063860 New set #30 of size 18 (535462.0 its/hit = 2.933s/hit): seed=1294589674020933869 [0, 23, 34, 45, 52, 69, 107, 108, 120, 126, 144, 145, 160, 163, 168, 198, 227, 231]
logs_sage/n8_SEED_S1.txt.bz2.greedyext.20260220_155050.txt

0 5 12 14 16 31 47 77 91 109 117 127 181 201 210 225 236 245
Iter#12330397 New set #20 of size 18 (616519.9 its/hit = 3.350s/hit): seed=5367863284256590504 [0, 5, 12, 14, 16, 31, 47, 77, 91, 109, 117, 127, 181, 201, 210, 225, 236, 245]
logs_sage/n8_SEED_S1.txt.bz2.greedyext.20260220_155050.txt

