1 10 23 34 40 43 75 77 87 112 136 140 154 185 191 193 206 213 246 254
Iter#37508 New set #20 of size 20 (1875.4 its/hit = 0.000s/hit): seed=10819183488305679561 [1, 10, 23, 34, 40, 43, 75, 77, 87, 112, 136, 140, 154, 185, 191, 193, 206, 213, 246, 254]
logs_sage/n8_Stribog.txt.bz2.greedyext.20260220_155550.txt

4 6 49 88 98 105 107 123 132 140 145 182 184 193 196 203 211 226 234 236
Iter#16812568 New set #10000 of size 20 (1681.3 its/hit = 0.011s/hit): seed=13613052066386646142 [4, 6, 49, 88, 98, 105, 107, 123, 132, 140, 145, 182, 184, 193, 196, 203, 211, 226, 234, 236]
logs_sage/n8_Stribog.txt.bz2.greedyext.20260220_155550.txt

0 10 11 12 28 36 60 62 76 88 90 107 126 138 139 166 172 182 199 212
Iter#33865212 New set #20000 of size 20 (1693.3 its/hit = 0.011s/hit): seed=14944398124826771280 [0, 10, 11, 12, 28, 36, 60, 62, 76, 88, 90, 107, 126, 138, 139, 166, 172, 182, 199, 212]
logs_sage/n8_Stribog.txt.bz2.greedyext.20260220_155550.txt

