3 4 6 7 23 39 56 89 117 127 135 157 174 179 181 226 247 250
Iter#13752093 New set #30 of size 18 (458403.1 its/hit = 2.500s/hit): seed=17791247780575409402 [3, 4, 6, 7, 23, 39, 56, 89, 117, 127, 135, 157, 174, 179, 181, 226, 247, 250]
logs_sage/n8_SMS4.txt.bz2.greedyext.20260220_155050.txt

5 9 13 20 33 57 84 102 111 115 116 117 139 148 207 209 219 248
Iter#784813 New set #2 of size 18 (392406.5 its/hit = 2.000s/hit): seed=7079546169883216244 [5, 9, 13, 20, 33, 57, 84, 102, 111, 115, 116, 117, 139, 148, 207, 209, 219, 248]
logs_sage/n8_SMS4.txt.bz2.greedyext.20260220_155050.txt

15 25 35 82 88 103 107 108 117 124 143 155 167 169 170 228 249 251
Iter#30107996 New set #60 of size 18 (501799.9 its/hit = 2.767s/hit): seed=3591494341173501371 [15, 25, 35, 82, 88, 103, 107, 108, 117, 124, 143, 155, 167, 169, 170, 228, 249, 251]
logs_sage/n8_SMS4.txt.bz2.greedyext.20260220_155050.txt

14 36 40 42 65 93 97 106 110 117 133 136 141 149 176 183 221 235
Iter#17927272 New set #40 of size 18 (448181.8 its/hit = 2.450s/hit): seed=1571190659636829438 [14, 36, 40, 42, 65, 93, 97, 106, 110, 117, 133, 136, 141, 149, 176, 183, 221, 235]
logs_sage/n8_SMS4.txt.bz2.greedyext.20260220_155050.txt

19 24 26 32 46 48 53 63 66 105 117 125 161 172 200 218 234 243
Iter#38893308 New set #70 of size 18 (555618.7 its/hit = 3.057s/hit): seed=6544233633754117965 [19, 24, 26, 32, 46, 48, 53, 63, 66, 105, 117, 125, 161, 172, 200, 218, 234, 243]
logs_sage/n8_SMS4.txt.bz2.greedyext.20260220_155050.txt

2 27 28 51 67 72 77 87 94 95 117 122 154 156 166 189 210 230
Iter#5990883 New set #9 of size 18 (665653.7 its/hit = 3.667s/hit): seed=14526991476366147775 [2, 27, 28, 51, 67, 72, 77, 87, 94, 95, 117, 122, 154, 156, 166, 189, 210, 230]
logs_sage/n8_SMS4.txt.bz2.greedyext.20260220_155050.txt

45 55 60 90 112 117 140 144 147 159 164 165 177 196 202 204 239 244
Iter#11027436 New set #20 of size 18 (551371.8 its/hit = 3.000s/hit): seed=1485266278481594560 [45, 55, 60, 90, 112, 117, 140, 144, 147, 159, 164, 165, 177, 196, 202, 204, 239, 244]
logs_sage/n8_SMS4.txt.bz2.greedyext.20260220_155050.txt

16 70 74 83 101 117 119 120 129 130 168 175 185 195 198 225 246 255
Iter#43687596 New set #80 of size 18 (546094.9 its/hit = 3.013s/hit): seed=11983143271486056670 [16, 70, 74, 83, 101, 117, 119, 120, 129, 130, 168, 175, 185, 195, 198, 225, 246, 255]
logs_sage/n8_SMS4.txt.bz2.greedyext.20260220_155050.txt

11 49 58 59 71 73 81 104 114 117 128 132 145 151 208 220 240 245
Iter#50258497 New set #90 of size 18 (558427.8 its/hit = 3.078s/hit): seed=17204632228357538754 [11, 49, 58, 59, 71, 73, 81, 104, 114, 117, 128, 132, 145, 151, 208, 220, 240, 245]
logs_sage/n8_SMS4.txt.bz2.greedyext.20260220_155050.txt

0 21 22 30 37 64 117 121 131 138 142 146 163 173 180 201 203 217
Iter#1942233 New set #4 of size 18 (485558.2 its/hit = 2.500s/hit): seed=1972737340329750646 [0, 21, 22, 30, 37, 64, 117, 121, 131, 138, 142, 146, 163, 173, 180, 201, 203, 217]
logs_sage/n8_SMS4.txt.bz2.greedyext.20260220_155050.txt

