2 12 16 23 34 59 61 66 82 97 120 124 128 151 154 159 216 219 224 247 251
Iter#69315 New set #50 of size 21 (1386.3 its/hit = 0.000s/hit): seed=10305415998444644767 [2, 12, 16, 23, 34, 59, 61, 66, 82, 97, 120, 124, 128, 151, 154, 159, 216, 219, 224, 247, 251]
logs_sage/n8_Turing.txt.bz2.greedyext.20260220_155550.txt

15 20 57 90 103 111 112 118 132 134 146 150 153 187 191 193 213 229 230 239 247
Iter#32567057 New set #20000 of size 21 (1628.4 its/hit = 0.011s/hit): seed=13710546117733896860 [15, 20, 57, 90, 103, 111, 112, 118, 132, 134, 146, 150, 153, 187, 191, 193, 213, 229, 230, 239, 247]
logs_sage/n8_Turing.txt.bz2.greedyext.20260220_155550.txt

14 27 38 42 44 55 64 71 73 84 88 97 101 127 134 153 182 185 186 211 218
Iter#14711006 New set #9000 of size 21 (1634.6 its/hit = 0.011s/hit): seed=766496384776323888 [14, 27, 38, 42, 44, 55, 64, 71, 73, 84, 88, 97, 101, 127, 134, 153, 182, 185, 186, 211, 218]
logs_sage/n8_Turing.txt.bz2.greedyext.20260220_155550.txt

3 11 20 25 71 74 79 83 92 123 141 165 181 194 205 210 220 222 223 240 248
Iter#13087096 New set #8000 of size 21 (1635.9 its/hit = 0.011s/hit): seed=11268497865079576273 [3, 11, 20, 25, 71, 74, 79, 83, 92, 123, 141, 165, 181, 194, 205, 210, 220, 222, 223, 240, 248]
logs_sage/n8_Turing.txt.bz2.greedyext.20260220_155550.txt

