0 15 26 60 72 81 83 85 92 103 124 136 143 160 179 184 202 210 214 235 238 246
Iter#89477 New set #80 of size 22 (1118.5 its/hit = 0.000s/hit): seed=18057524228709340169 [0, 15, 26, 60, 72, 81, 83, 85, 92, 103, 124, 136, 143, 160, 179, 184, 202, 210, 214, 235, 238, 246]
logs_sage/n8_Twofish_p0.txt.bz2.greedyext.20260220_155550.txt

1 14 33 72 83 94 103 107 124 127 143 160 169 174 181 183 198 199 203 219 241 245
Iter#10992550 New set #9000 of size 22 (1221.4 its/hit = 0.008s/hit): seed=1367349139763932285 [1, 14, 33, 72, 83, 94, 103, 107, 124, 127, 143, 160, 169, 174, 181, 183, 198, 199, 203, 219, 241, 245]
logs_sage/n8_Twofish_p0.txt.bz2.greedyext.20260220_155550.txt

1 14 33 72 83 84 94 103 107 124 127 143 160 170 174 181 183 198 199 203 239 241
Iter#36748142 New set #30000 of size 22 (1224.9 its/hit = 0.009s/hit): seed=267242629810253571 [1, 14, 33, 72, 83, 84, 94, 103, 107, 124, 127, 143, 160, 170, 174, 181, 183, 198, 199, 203, 239, 241]
logs_sage/n8_Twofish_p0.txt.bz2.greedyext.20260220_155550.txt

