0 2 13 14 30 35 42 43 64 75 90 122 170 191 209 214 233 237
Iter#8262020 New set #20 of size 18 (413101.0 its/hit = 2.250s/hit): seed=1371312249828993198 [0, 2, 13, 14, 30, 35, 42, 43, 64, 75, 90, 122, 170, 191, 209, 214, 233, 237]
logs_sage/n8_ZUC_S1.txt.bz2.greedyext.20260220_155550.txt

0 10 25 54 57 79 91 102 130 131 135 152 159 175 185 203 222 236
Iter#27376684 New set #50 of size 18 (547533.7 its/hit = 3.000s/hit): seed=5827369908481562258 [0, 10, 25, 54, 57, 79, 91, 102, 130, 131, 135, 152, 159, 175, 185, 203, 222, 236]
logs_sage/n8_ZUC_S1.txt.bz2.greedyext.20260220_155550.txt

0 5 27 51 65 76 111 118 132 134 138 146 153 160 201 217 226 232
Iter#3373953 New set #8 of size 18 (421744.1 its/hit = 2.250s/hit): seed=16052095353854449591 [0, 5, 27, 51, 65, 76, 111, 118, 132, 134, 138, 146, 153, 160, 201, 217, 226, 232]
logs_sage/n8_ZUC_S1.txt.bz2.greedyext.20260220_155550.txt

0 16 77 104 106 112 147 156 157 164 194 197 198 207 211 219 239 240
Iter#32803254 New set #60 of size 18 (546720.9 its/hit = 3.000s/hit): seed=9364266578641952542 [0, 16, 77, 104, 106, 112, 147, 156, 157, 164, 194, 197, 198, 207, 211, 219, 239, 240]
logs_sage/n8_ZUC_S1.txt.bz2.greedyext.20260220_155550.txt

0 20 29 50 55 83 108 114 133 141 143 158 181 182 187 204 213 249
Iter#54044774 New set #100 of size 18 (540447.8 its/hit = 2.970s/hit): seed=6444208228109761299 [0, 20, 29, 50, 55, 83, 108, 114, 133, 141, 143, 158, 181, 182, 187, 204, 213, 249]
logs_sage/n8_ZUC_S1.txt.bz2.greedyext.20260220_155550.txt

0 6 18 23 34 74 101 117 125 126 142 176 188 192 221 238 241 248
Iter#2418971 New set #5 of size 18 (483794.2 its/hit = 2.600s/hit): seed=773077096357737366 [0, 6, 18, 23, 34, 74, 101, 117, 125, 126, 142, 176, 188, 192, 221, 238, 241, 248]
logs_sage/n8_ZUC_S1.txt.bz2.greedyext.20260220_155550.txt

0 44 47 48 62 103 144 155 184 186 190 193 196 205 215 218 230 254
Iter#2977934 New set #6 of size 18 (496322.3 its/hit = 2.667s/hit): seed=14712364600676730946 [0, 44, 47, 48, 62, 103, 144, 155, 184, 186, 190, 193, 196, 205, 215, 218, 230, 254]
logs_sage/n8_ZUC_S1.txt.bz2.greedyext.20260220_155550.txt

0 1 7 15 21 32 45 61 85 107 154 173 177 179 195 208 212 224
Iter#44999873 New set #80 of size 18 (562498.4 its/hit = 3.087s/hit): seed=2379002368892361956 [0, 1, 7, 15, 21, 32, 45, 61, 85, 107, 154, 173, 177, 179, 195, 208, 212, 224]
logs_sage/n8_ZUC_S1.txt.bz2.greedyext.20260220_155550.txt

0 22 24 31 72 92 93 95 98 109 115 127 136 163 165 174 210 246
Iter#2186192 New set #4 of size 18 (546548.0 its/hit = 3.000s/hit): seed=13261654502495450051 [0, 22, 24, 31, 72, 92, 93, 95, 98, 109, 115, 127, 136, 163, 165, 174, 210, 246]
logs_sage/n8_ZUC_S1.txt.bz2.greedyext.20260220_155550.txt

0 11 12 36 46 49 68 87 105 123 148 151 202 234 235 243 250 252
Iter#51433735 New set #90 of size 18 (571485.9 its/hit = 3.133s/hit): seed=14817652785310395493 [0, 11, 12, 36, 46, 49, 68, 87, 105, 123, 148, 151, 202, 234, 235, 243, 250, 252]
logs_sage/n8_ZUC_S1.txt.bz2.greedyext.20260220_155550.txt

0 38 59 66 67 69 73 80 113 116 137 161 169 199 200 220 229 242
Iter#11920448 New set #30 of size 18 (397348.3 its/hit = 2.167s/hit): seed=10122246418887553852 [0, 38, 59, 66, 67, 69, 73, 80, 113, 116, 137, 161, 169, 199, 200, 220, 229, 242]
logs_sage/n8_ZUC_S1.txt.bz2.greedyext.20260220_155550.txt

0 19 33 40 58 100 110 121 129 145 149 166 183 216 225 228 231 253
Iter#3024107 New set #7 of size 18 (432015.3 its/hit = 2.286s/hit): seed=8974443207908723539 [0, 19, 33, 40, 58, 100, 110, 121, 129, 145, 149, 166, 183, 216, 225, 228, 231, 253]
logs_sage/n8_ZUC_S1.txt.bz2.greedyext.20260220_155550.txt

