16 20 23 31 55 63 72 96 115 117 131 132 135 158 167 180 190 208 222 225 243
Iter#17520148 New set #100000 of size 21 (175.2 its/hit = 0.001s/hit): seed=12329680155533290690 [16, 20, 23, 31, 55, 63, 72, 96, 115, 117, 131, 132, 135, 158, 167, 180, 190, 208, 222, 225, 243]
logs_sage/n8_Zorro.txt.bz2.greedyext.20260220_155550.txt

31 35 52 57 63 72 73 102 110 112 132 135 167 168 169 178 187 202 208 212 243
Iter#1735723 New set #10000 of size 21 (173.6 its/hit = 0.001s/hit): seed=7513612465741614621 [31, 35, 52, 57, 63, 72, 73, 102, 110, 112, 132, 135, 167, 168, 169, 178, 187, 202, 208, 212, 243]
logs_sage/n8_Zorro.txt.bz2.greedyext.20260220_155550.txt

0 18 28 39 40 59 63 64 84 101 107 108 122 125 133 165 182 196 232 234 240
Iter#1942 New set #9 of size 21 (215.8 its/hit = 0.000s/hit): seed=14298491218798995347 [0, 18, 28, 39, 40, 59, 63, 64, 84, 101, 107, 108, 122, 125, 133, 165, 182, 196, 232, 234, 240]
logs_sage/n8_Zorro.txt.bz2.greedyext.20260220_155550.txt

27 48 59 69 70 77 94 102 103 123 128 140 149 159 161 198 203 204 226 230 250
Iter#1468 New set #8 of size 21 (183.5 its/hit = 0.000s/hit): seed=11962007211068478923 [27, 48, 59, 69, 70, 77, 94, 102, 103, 123, 128, 140, 149, 159, 161, 198, 203, 204, 226, 230, 250]
logs_sage/n8_Zorro.txt.bz2.greedyext.20260220_155550.txt

11 18 23 36 58 67 71 84 89 128 129 132 144 167 182 201 204 238 240 248 255
Iter#157859 New set #900 of size 21 (175.4 its/hit = 0.001s/hit): seed=1670256892075911694 [11, 18, 23, 36, 58, 67, 71, 84, 89, 128, 129, 132, 144, 167, 182, 201, 204, 238, 240, 248, 255]
logs_sage/n8_Zorro.txt.bz2.greedyext.20260220_155550.txt

20 31 35 52 55 57 72 73 96 102 110 112 135 168 169 178 187 202 208 212 243
Iter#527875 New set #3000 of size 21 (176.0 its/hit = 0.001s/hit): seed=15161265738694565585 [20, 31, 35, 52, 55, 57, 72, 73, 96, 102, 110, 112, 135, 168, 169, 178, 187, 202, 208, 212, 243]
logs_sage/n8_Zorro.txt.bz2.greedyext.20260220_155550.txt

20 23 31 55 58 63 72 96 115 119 132 135 153 167 174 180 208 226 243 244 255
Iter#88342 New set #500 of size 21 (176.7 its/hit = 0.000s/hit): seed=5995333035658292911 [20, 23, 31, 55, 58, 63, 72, 96, 115, 119, 132, 135, 153, 167, 174, 180, 208, 226, 243, 244, 255]
logs_sage/n8_Zorro.txt.bz2.greedyext.20260220_155550.txt

28 40 50 51 57 63 76 85 99 117 125 164 165 166 184 196 207 210 233 240 247
Iter#10503194 New set #60000 of size 21 (175.1 its/hit = 0.001s/hit): seed=7601110572487645084 [28, 40, 50, 51, 57, 63, 76, 85, 99, 117, 125, 164, 165, 166, 184, 196, 207, 210, 233, 240, 247]
logs_sage/n8_Zorro.txt.bz2.greedyext.20260220_155550.txt

16 24 47 51 56 59 105 130 140 154 156 161 164 166 183 186 197 200 202 203 230
Iter#1384743 New set #8000 of size 21 (173.1 its/hit = 0.001s/hit): seed=7163128256845205239 [16, 24, 47, 51, 56, 59, 105, 130, 140, 154, 156, 161, 164, 166, 183, 186, 197, 200, 202, 203, 230]
logs_sage/n8_Zorro.txt.bz2.greedyext.20260220_155550.txt

20 23 31 55 63 72 96 116 123 132 135 158 167 168 190 208 214 225 242 243 247
Iter#15780753 New set #90000 of size 21 (175.3 its/hit = 0.001s/hit): seed=11389533719298924957 [20, 23, 31, 55, 63, 72, 96, 116, 123, 132, 135, 158, 167, 168, 190, 208, 214, 225, 242, 243, 247]
logs_sage/n8_Zorro.txt.bz2.greedyext.20260220_155550.txt

16 24 50 51 56 59 102 105 130 140 154 156 161 164 165 183 186 197 200 203 230
Iter#697 New set #3 of size 21 (232.3 its/hit = 0.000s/hit): seed=17257869651089441215 [16, 24, 50, 51, 56, 59, 102, 105, 130, 140, 154, 156, 161, 164, 165, 183, 186, 197, 200, 203, 230]
logs_sage/n8_Zorro.txt.bz2.greedyext.20260220_155550.txt

24 31 35 52 57 72 73 102 110 112 135 168 169 176 178 187 202 208 212 238 243
Iter#12256101 New set #70000 of size 21 (175.1 its/hit = 0.001s/hit): seed=2357380202210957402 [24, 31, 35, 52, 57, 72, 73, 102, 110, 112, 135, 168, 169, 176, 178, 187, 202, 208, 212, 238, 243]
logs_sage/n8_Zorro.txt.bz2.greedyext.20260220_155550.txt

16 20 23 31 55 63 72 95 96 106 117 131 132 135 158 162 167 190 208 225 243
Iter#35041247 New set #200000 of size 21 (175.2 its/hit = 0.001s/hit): seed=6386604655328986523 [16, 20, 23, 31, 55, 63, 72, 95, 96, 106, 117, 131, 132, 135, 158, 162, 167, 190, 208, 225, 243]
logs_sage/n8_Zorro.txt.bz2.greedyext.20260220_155550.txt

33 36 44 50 53 62 77 81 85 91 107 112 125 127 144 166 198 199 206 213 233
Iter#6989688 New set #40000 of size 21 (174.7 its/hit = 0.001s/hit): seed=14326193146514393101 [33, 36, 44, 50, 53, 62, 77, 81, 85, 91, 107, 112, 125, 127, 144, 166, 198, 199, 206, 213, 233]
logs_sage/n8_Zorro.txt.bz2.greedyext.20260220_155550.txt

20 23 24 31 34 35 53 55 63 72 96 132 135 158 167 187 190 208 225 243 250
Iter#34386 New set #200 of size 21 (171.9 its/hit = 0.000s/hit): seed=8836330738161224081 [20, 23, 24, 31, 34, 35, 53, 55, 63, 72, 96, 132, 135, 158, 167, 187, 190, 208, 225, 243, 250]
logs_sage/n8_Zorro.txt.bz2.greedyext.20260220_155550.txt

31 32 46 53 54 72 73 95 102 111 113 135 162 168 169 176 208 215 228 241 250
Iter#1217148 New set #7000 of size 21 (173.9 its/hit = 0.001s/hit): seed=11118807395770693841 [31, 32, 46, 53, 54, 72, 73, 95, 102, 111, 113, 135, 162, 168, 169, 176, 208, 215, 228, 241, 250]
logs_sage/n8_Zorro.txt.bz2.greedyext.20260220_155550.txt

23 31 35 41 42 55 57 63 72 85 96 98 110 135 158 167 187 190 202 208 225
Iter#14004073 New set #80000 of size 21 (175.1 its/hit = 0.001s/hit): seed=14827309864405390786 [23, 31, 35, 41, 42, 55, 57, 63, 72, 85, 96, 98, 110, 135, 158, 167, 187, 190, 202, 208, 225]
logs_sage/n8_Zorro.txt.bz2.greedyext.20260220_155550.txt

