12 27 28 51 69 94 101 108 115 123 130 131 133 142 143 163 172 174 181 187 223 229 253
Iter#14557 New set #70 of size 23 (208.0 its/hit = 0.000s/hit): seed=5928086848861599877 [12, 27, 28, 51, 69, 94, 101, 108, 115, 123, 130, 131, 133, 142, 143, 163, 172, 174, 181, 187, 223, 229, 253]
logs_sage/n8_ZUC_S0.txt.bz2.greedyext.20260220_155550.txt

26 28 36 51 60 65 68 74 97 122 128 131 132 145 147 154 162 172 186 208 221 236 243
Iter#7402 New set #30 of size 23 (246.7 its/hit = 0.000s/hit): seed=17254554570674785491 [26, 28, 36, 51, 60, 65, 68, 74, 97, 122, 128, 131, 132, 145, 147, 154, 162, 172, 186, 208, 221, 236, 243]
logs_sage/n8_ZUC_S0.txt.bz2.greedyext.20260220_155550.txt

27 29 36 45 51 70 77 83 85 91 132 138 139 147 148 150 171 182 183 205 228 231 237
Iter#11554822 New set #60000 of size 23 (192.6 its/hit = 0.001s/hit): seed=7518435341090816863 [27, 29, 36, 45, 51, 70, 77, 83, 85, 91, 132, 138, 139, 147, 148, 150, 171, 182, 183, 205, 228, 231, 237]
logs_sage/n8_ZUC_S0.txt.bz2.greedyext.20260220_155550.txt

0 26 32 39 41 57 70 74 78 89 91 102 123 128 142 153 168 171 182 208 224 238 246
Iter#17314178 New set #90000 of size 23 (192.4 its/hit = 0.001s/hit): seed=14096177098864071709 [0, 26, 32, 39, 41, 57, 70, 74, 78, 89, 91, 102, 123, 128, 142, 153, 168, 171, 182, 208, 224, 238, 246]
logs_sage/n8_ZUC_S0.txt.bz2.greedyext.20260220_155550.txt

15 45 46 47 61 66 68 77 98 99 100 122 126 132 141 146 180 186 210 218 220 228 255
Iter#20668 New set #100 of size 23 (206.7 its/hit = 0.000s/hit): seed=481385917375872823 [15, 45, 46, 47, 61, 66, 68, 77, 98, 99, 100, 122, 126, 132, 141, 146, 180, 186, 210, 218, 220, 228, 255]
logs_sage/n8_ZUC_S0.txt.bz2.greedyext.20260220_155550.txt

24 47 55 65 79 97 104 106 119 120 129 139 154 166 177 186 199 216 219 225 231 233 239
Iter#572460 New set #3000 of size 23 (190.8 its/hit = 0.001s/hit): seed=9284670881619989253 [24, 47, 55, 65, 79, 97, 104, 106, 119, 120, 129, 139, 154, 166, 177, 186, 199, 216, 219, 225, 231, 233, 239]
logs_sage/n8_ZUC_S0.txt.bz2.greedyext.20260220_155550.txt

32 46 64 69 72 78 101 104 119 126 134 142 149 152 174 180 183 199 201 215 216 224 228
Iter#7692109 New set #40000 of size 23 (192.3 its/hit = 0.001s/hit): seed=11630965991268014782 [32, 46, 64, 69, 72, 78, 101, 104, 119, 126, 134, 142, 149, 152, 174, 180, 183, 199, 201, 215, 216, 224, 228]
logs_sage/n8_ZUC_S0.txt.bz2.greedyext.20260220_155550.txt

12 18 24 27 36 41 66 72 100 114 117 146 148 170 171 172 178 180 187 204 217 219 249
Iter#1519687 New set #8000 of size 23 (190.0 its/hit = 0.001s/hit): seed=10439026261789453868 [12, 18, 24, 27, 36, 41, 66, 72, 100, 114, 117, 146, 148, 170, 171, 172, 178, 180, 187, 204, 217, 219, 249]
logs_sage/n8_ZUC_S0.txt.bz2.greedyext.20260220_155550.txt

7 9 15 33 41 47 54 65 68 70 86 100 129 136 143 148 153 181 217 223 229 239 246
Iter#9595878 New set #50000 of size 23 (191.9 its/hit = 0.001s/hit): seed=1716839360405552935 [7, 9, 15, 33, 41, 47, 54, 65, 68, 70, 86, 100, 129, 136, 143, 148, 153, 181, 217, 223, 229, 239, 246]
logs_sage/n8_ZUC_S0.txt.bz2.greedyext.20260220_155550.txt

12 23 37 54 55 60 74 75 84 102 106 108 114 133 149 154 178 199 204 210 218 229 236
Iter#91668 New set #500 of size 23 (183.3 its/hit = 0.000s/hit): seed=2795094859419228709 [12, 23, 37, 54, 55, 60, 74, 75, 84, 102, 106, 108, 114, 133, 149, 154, 178, 199, 204, 210, 218, 229, 236]
logs_sage/n8_ZUC_S0.txt.bz2.greedyext.20260220_155550.txt

9 15 23 57 64 79 81 89 98 119 128 146 163 178 190 215 217 223 224 240 243 249 255
Iter#13472806 New set #70000 of size 23 (192.5 its/hit = 0.001s/hit): seed=1739879592496053113 [9, 15, 23, 57, 64, 79, 81, 89, 98, 119, 128, 146, 163, 178, 190, 215, 217, 223, 224, 240, 243, 249, 255]
logs_sage/n8_ZUC_S0.txt.bz2.greedyext.20260220_155550.txt

18 24 31 33 48 66 72 83 86 94 115 120 126 129 131 145 150 152 174 184 225 238 246
Iter#38318969 New set #200000 of size 23 (191.6 its/hit = 0.001s/hit): seed=10707791403142657649 [18, 24, 31, 33, 48, 66, 72, 83, 86, 94, 115, 120, 126, 129, 131, 145, 150, 152, 174, 184, 225, 238, 246]
logs_sage/n8_ZUC_S0.txt.bz2.greedyext.20260220_155550.txt

0 18 29 32 37 61 67 69 91 98 114 123 133 139 141 177 187 205 210 219 225 240 252
Iter#18008 New set #90 of size 23 (200.1 its/hit = 0.000s/hit): seed=15825640241560489526 [0, 18, 29, 32, 37, 61, 67, 69, 91, 98, 114, 123, 133, 139, 141, 177, 187, 205, 210, 219, 225, 240, 252]
logs_sage/n8_ZUC_S0.txt.bz2.greedyext.20260220_155550.txt

16 23 28 29 33 46 55 57 63 77 78 94 97 145 153 177 183 204 215 231 236 238 249
Iter#15395467 New set #80000 of size 23 (192.4 its/hit = 0.001s/hit): seed=14087622195316477065 [16, 23, 28, 29, 33, 46, 55, 57, 63, 77, 78, 94, 97, 145, 153, 177, 183, 204, 215, 231, 236, 238, 249]
logs_sage/n8_ZUC_S0.txt.bz2.greedyext.20260220_155550.txt

9 26 37 45 83 89 101 104 106 107 115 116 122 141 147 149 152 163 181 184 218 237 243
Iter#953174 New set #5000 of size 23 (190.6 its/hit = 0.001s/hit): seed=8796931037041129166 [9, 26, 37, 45, 83, 89, 101, 104, 106, 107, 115, 116, 122, 141, 147, 149, 152, 163, 181, 184, 218, 237, 243]
logs_sage/n8_ZUC_S0.txt.bz2.greedyext.20260220_155550.txt

0 54 60 61 64 79 86 102 108 113 120 143 150 158 182 184 205 208 216 237 239 240 255
Iter#19217715 New set #100000 of size 23 (192.2 its/hit = 0.001s/hit): seed=11249981349730775326 [0, 54, 60, 61, 64, 79, 86, 102, 108, 113, 120, 143, 150, 158, 182, 184, 205, 208, 216, 237, 239, 240, 255]
logs_sage/n8_ZUC_S0.txt.bz2.greedyext.20260220_155550.txt

