2 3 5 6 7 18 19 21 22 23 26 27 29 34 35 37 38 39 58 59 61 66 67 69 70 71 82 83 85 86 87 90 91 93 258 260 262 274 276 278 282 284 290 292 294 314 316 322 324 326 338 340 342 346 348 418 419 420 422 423 442 443 444 450 451 452 454 455 466 467 468 470 471 474 475 476
Iter#101 New set #80 of size 76 (1.3 its/hit = 0.000s/hit): seed=8263562633719453141 [2, 3, 5, 6, 7, 18, 19, 21, 22, 23, 26, 27, 29, 34, 35, 37, 38, 39, 58, 59, 61, 66, 67, 69, 70, 71, 82, 83, 85, 86, 87, 90, 91, 93, 258, 260, 262, 274, 276, 278, 282, 284, 290, 292, 294, 314, 316, 322, 324, 326, 338, 340, 342, 346, 348, 418, 419, 420, 422, 423, 442, 443, 444, 450, 451, 452, 454, 455, 466, 467, 468, 470, 471, 474, 475, 476]
logs_sage/n9_DryGASCON256fixed.txt.bz2.greedyext.20260310_171527.txt

128 129 131 132 133 139 140 141 144 145 147 148 149 192 193 195 196 197 203 204 205 208 209 211 212 213 235 236 237 240 241 243 244 245 256 257 258 260 261 266 268 269 272 273 274 276 277 362 364 365 368 369 370 372 373 384 386 388 394 396 400 402 404 448 450 452 458 460 464 466 468 490 492 496 498 500
Iter#47361 New set #40000 of size 76 (1.2 its/hit = 0.000s/hit): seed=1527101933588671904 [128, 129, 131, 132, 133, 139, 140, 141, 144, 145, 147, 148, 149, 192, 193, 195, 196, 197, 203, 204, 205, 208, 209, 211, 212, 213, 235, 236, 237, 240, 241, 243, 244, 245, 256, 257, 258, 260, 261, 266, 268, 269, 272, 273, 274, 276, 277, 362, 364, 365, 368, 369, 370, 372, 373, 384, 386, 388, 394, 396, 400, 402, 404, 448, 450, 452, 458, 460, 464, 466, 468, 490, 492, 496, 498, 500]
logs_sage/n9_DryGASCON256fixed.txt.bz2.greedyext.20260310_171527.txt

32 34 38 48 50 54 56 62 64 66 70 88 94 96 98 102 112 114 118 120 126 160 162 163 166 167 176 178 179 182 183 184 190 191 192 194 195 198 199 216 222 223 289 290 291 294 295 305 306 307 310 311 313 318 319 321 322 323 326 327 345 350 351 353 354 355 358 359 369 370 371 374 375 377 382 383
Iter#1172 New set #1000 of size 76 (1.2 its/hit = 0.000s/hit): seed=489918507017024217 [32, 34, 38, 48, 50, 54, 56, 62, 64, 66, 70, 88, 94, 96, 98, 102, 112, 114, 118, 120, 126, 160, 162, 163, 166, 167, 176, 178, 179, 182, 183, 184, 190, 191, 192, 194, 195, 198, 199, 216, 222, 223, 289, 290, 291, 294, 295, 305, 306, 307, 310, 311, 313, 318, 319, 321, 322, 323, 326, 327, 345, 350, 351, 353, 354, 355, 358, 359, 369, 370, 371, 374, 375, 377, 382, 383]
logs_sage/n9_DryGASCON256fixed.txt.bz2.greedyext.20260310_171527.txt

2 3 4 26 27 28 30 31 98 99 100 106 107 108 110 111 122 123 124 126 127 130 132 154 156 158 162 164 170 172 174 186 188 190 226 228 234 236 238 250 252 254 386 387 389 410 411 413 414 415 418 419 421 426 427 429 430 431 442 443 445 446 447 482 483 485 490 491 493 494 495 506 507 509 510 511
Iter#239 New set #200 of size 76 (1.2 its/hit = 0.000s/hit): seed=7456432742901457176 [2, 3, 4, 26, 27, 28, 30, 31, 98, 99, 100, 106, 107, 108, 110, 111, 122, 123, 124, 126, 127, 130, 132, 154, 156, 158, 162, 164, 170, 172, 174, 186, 188, 190, 226, 228, 234, 236, 238, 250, 252, 254, 386, 387, 389, 410, 411, 413, 414, 415, 418, 419, 421, 426, 427, 429, 430, 431, 442, 443, 445, 446, 447, 482, 483, 485, 490, 491, 493, 494, 495, 506, 507, 509, 510, 511]
logs_sage/n9_DryGASCON256fixed.txt.bz2.greedyext.20260310_171527.txt

128 130 131 134 135 144 146 147 150 151 152 158 159 160 162 163 166 167 184 190 191 192 194 195 198 199 208 210 211 214 215 216 222 223 289 290 291 294 295 313 318 319 321 322 323 326 327 337 338 339 342 343 345 350 351 385 387 391 401 403 407 409 415 417 419 423 441 447 449 451 455 465 467 471 473 479
Iter#4723 New set #4000 of size 76 (1.2 its/hit = 0.000s/hit): seed=2627488421013407679 [128, 130, 131, 134, 135, 144, 146, 147, 150, 151, 152, 158, 159, 160, 162, 163, 166, 167, 184, 190, 191, 192, 194, 195, 198, 199, 208, 210, 211, 214, 215, 216, 222, 223, 289, 290, 291, 294, 295, 313, 318, 319, 321, 322, 323, 326, 327, 337, 338, 339, 342, 343, 345, 350, 351, 385, 387, 391, 401, 403, 407, 409, 415, 417, 419, 423, 441, 447, 449, 451, 455, 465, 467, 471, 473, 479]
logs_sage/n9_DryGASCON256fixed.txt.bz2.greedyext.20260310_171527.txt

9 13 15 17 23 25 29 31 41 45 47 49 55 73 77 79 81 87 89 93 95 168 169 172 173 175 176 177 183 200 201 204 205 207 208 209 215 216 217 220 221 223 264 265 268 269 270 272 273 278 280 281 284 285 286 296 297 300 301 302 304 305 310 328 329 332 333 334 336 337 342 344 345 348 349 350
Iter#113 New set #90 of size 76 (1.3 its/hit = 0.000s/hit): seed=1492744002861406160 [9, 13, 15, 17, 23, 25, 29, 31, 41, 45, 47, 49, 55, 73, 77, 79, 81, 87, 89, 93, 95, 168, 169, 172, 173, 175, 176, 177, 183, 200, 201, 204, 205, 207, 208, 209, 215, 216, 217, 220, 221, 223, 264, 265, 268, 269, 270, 272, 273, 278, 280, 281, 284, 285, 286, 296, 297, 300, 301, 302, 304, 305, 310, 328, 329, 332, 333, 334, 336, 337, 342, 344, 345, 348, 349, 350]
logs_sage/n9_DryGASCON256fixed.txt.bz2.greedyext.20260310_171527.txt

128 129 132 133 135 144 145 148 149 151 152 153 159 160 161 164 165 167 184 185 191 192 193 196 197 199 208 209 212 213 215 216 217 223 288 289 292 293 294 312 313 318 320 321 324 325 326 336 337 340 341 342 344 345 350 384 388 390 400 404 406 408 414 416 420 422 440 446 448 452 454 464 468 470 472 478
Iter#78 New set #60 of size 76 (1.3 its/hit = 0.000s/hit): seed=16897407536777133500 [128, 129, 132, 133, 135, 144, 145, 148, 149, 151, 152, 153, 159, 160, 161, 164, 165, 167, 184, 185, 191, 192, 193, 196, 197, 199, 208, 209, 212, 213, 215, 216, 217, 223, 288, 289, 292, 293, 294, 312, 313, 318, 320, 321, 324, 325, 326, 336, 337, 340, 341, 342, 344, 345, 350, 384, 388, 390, 400, 404, 406, 408, 414, 416, 420, 422, 440, 446, 448, 452, 454, 464, 468, 470, 472, 478]
logs_sage/n9_DryGASCON256fixed.txt.bz2.greedyext.20260310_171527.txt

40 41 43 44 45 51 52 53 56 57 59 60 61 72 73 75 76 77 83 84 85 104 105 107 108 109 115 116 117 120 121 123 124 125 296 298 300 306 308 312 314 316 328 330 332 338 340 360 362 364 370 372 376 378 380 424 425 426 428 429 434 436 437 440 441 442 444 445 456 457 458 460 461 466 468 469
Iter#1055 New set #900 of size 76 (1.2 its/hit = 0.000s/hit): seed=10733747740725461035 [40, 41, 43, 44, 45, 51, 52, 53, 56, 57, 59, 60, 61, 72, 73, 75, 76, 77, 83, 84, 85, 104, 105, 107, 108, 109, 115, 116, 117, 120, 121, 123, 124, 125, 296, 298, 300, 306, 308, 312, 314, 316, 328, 330, 332, 338, 340, 360, 362, 364, 370, 372, 376, 378, 380, 424, 425, 426, 428, 429, 434, 436, 437, 440, 441, 442, 444, 445, 456, 457, 458, 460, 461, 466, 468, 469]
logs_sage/n9_DryGASCON256fixed.txt.bz2.greedyext.20260310_171527.txt

8 12 14 16 22 24 28 30 72 76 78 80 86 88 92 94 104 108 110 112 118 136 137 140 141 142 144 145 150 152 153 156 157 158 232 233 236 237 238 240 241 246 264 265 268 269 271 272 273 279 280 281 284 285 287 328 329 332 333 335 336 337 343 344 345 348 349 351 360 361 364 365 367 368 369 375
Iter#118582 New set #100000 of size 76 (1.2 its/hit = 0.000s/hit): seed=6513859761367345077 [8, 12, 14, 16, 22, 24, 28, 30, 72, 76, 78, 80, 86, 88, 92, 94, 104, 108, 110, 112, 118, 136, 137, 140, 141, 142, 144, 145, 150, 152, 153, 156, 157, 158, 232, 233, 236, 237, 238, 240, 241, 246, 264, 265, 268, 269, 271, 272, 273, 279, 280, 281, 284, 285, 287, 328, 329, 332, 333, 335, 336, 337, 343, 344, 345, 348, 349, 351, 360, 361, 364, 365, 367, 368, 369, 375]
logs_sage/n9_DryGASCON256fixed.txt.bz2.greedyext.20260310_171527.txt

130 131 133 134 135 146 147 149 150 151 154 155 157 194 195 197 198 199 210 211 213 214 215 218 219 221 226 227 229 230 231 250 251 253 258 259 260 262 263 274 275 276 278 279 282 283 284 354 355 356 358 359 378 379 380 386 388 390 402 404 406 410 412 450 452 454 466 468 470 474 476 482 484 486 506 508
Iter#820 New set #700 of size 76 (1.2 its/hit = 0.000s/hit): seed=2723654696945281657 [130, 131, 133, 134, 135, 146, 147, 149, 150, 151, 154, 155, 157, 194, 195, 197, 198, 199, 210, 211, 213, 214, 215, 218, 219, 221, 226, 227, 229, 230, 231, 250, 251, 253, 258, 259, 260, 262, 263, 274, 275, 276, 278, 279, 282, 283, 284, 354, 355, 356, 358, 359, 378, 379, 380, 386, 388, 390, 402, 404, 406, 410, 412, 450, 452, 454, 466, 468, 470, 474, 476, 482, 484, 486, 506, 508]
logs_sage/n9_DryGASCON256fixed.txt.bz2.greedyext.20260310_171527.txt

8 12 14 16 22 40 44 46 48 54 56 60 62 104 108 110 112 118 120 124 126 136 137 140 141 142 144 145 150 232 233 236 237 238 240 241 246 248 249 252 253 254 264 265 268 269 271 272 273 279 296 297 300 301 303 304 305 311 312 313 316 317 319 360 361 364 365 367 368 369 375 376 377 380 381 383
Iter#94934 New set #80000 of size 76 (1.2 its/hit = 0.000s/hit): seed=10639080037529562885 [8, 12, 14, 16, 22, 40, 44, 46, 48, 54, 56, 60, 62, 104, 108, 110, 112, 118, 120, 124, 126, 136, 137, 140, 141, 142, 144, 145, 150, 232, 233, 236, 237, 238, 240, 241, 246, 248, 249, 252, 253, 254, 264, 265, 268, 269, 271, 272, 273, 279, 296, 297, 300, 301, 303, 304, 305, 311, 312, 313, 316, 317, 319, 360, 361, 364, 365, 367, 368, 369, 375, 376, 377, 380, 381, 383]
logs_sage/n9_DryGASCON256fixed.txt.bz2.greedyext.20260310_171527.txt

34 35 37 38 39 42 43 45 50 51 53 54 55 74 75 77 82 83 85 86 87 163 165 167 171 173 179 181 183 203 205 211 213 215 227 229 231 235 237 243 245 247 418 419 420 422 423 426 427 428 434 435 436 438 439 458 459 460 466 467 468 470 471 482 483 484 486 487 490 491 492 498 499 500 502 503
Iter#5910 New set #5000 of size 76 (1.2 its/hit = 0.000s/hit): seed=17514151194594553879 [34, 35, 37, 38, 39, 42, 43, 45, 50, 51, 53, 54, 55, 74, 75, 77, 82, 83, 85, 86, 87, 163, 165, 167, 171, 173, 179, 181, 183, 203, 205, 211, 213, 215, 227, 229, 231, 235, 237, 243, 245, 247, 418, 419, 420, 422, 423, 426, 427, 428, 434, 435, 436, 438, 439, 458, 459, 460, 466, 467, 468, 470, 471, 482, 483, 484, 486, 487, 490, 491, 492, 498, 499, 500, 502, 503]
logs_sage/n9_DryGASCON256fixed.txt.bz2.greedyext.20260310_171527.txt

40 41 44 45 46 48 49 54 56 57 60 61 62 72 73 76 77 78 80 81 86 104 105 108 109 110 112 113 118 120 121 124 125 126 297 301 303 305 311 313 317 319 329 333 335 337 343 361 365 367 369 375 377 381 383 424 425 428 429 431 432 433 439 440 441 444 445 447 456 457 460 461 463 464 465 471
Iter#23644 New set #20000 of size 76 (1.2 its/hit = 0.000s/hit): seed=9802642032330912146 [40, 41, 44, 45, 46, 48, 49, 54, 56, 57, 60, 61, 62, 72, 73, 76, 77, 78, 80, 81, 86, 104, 105, 108, 109, 110, 112, 113, 118, 120, 121, 124, 125, 126, 297, 301, 303, 305, 311, 313, 317, 319, 329, 333, 335, 337, 343, 361, 365, 367, 369, 375, 377, 381, 383, 424, 425, 428, 429, 431, 432, 433, 439, 440, 441, 444, 445, 447, 456, 457, 460, 461, 463, 464, 465, 471]
logs_sage/n9_DryGASCON256fixed.txt.bz2.greedyext.20260310_171527.txt

2 3 5 6 7 26 27 29 34 35 37 38 39 50 51 53 54 55 58 59 61 98 99 101 102 103 114 115 117 118 119 122 123 125 258 260 262 282 284 290 292 294 306 308 310 314 316 354 356 358 370 372 374 378 380 386 387 388 390 391 410 411 412 482 483 484 486 487 498 499 500 502 503 506 507 508
Iter#1 New set #1 of size 76 (1.0 its/hit = 0.000s/hit): seed=3874317593340296936 [2, 3, 5, 6, 7, 26, 27, 29, 34, 35, 37, 38, 39, 50, 51, 53, 54, 55, 58, 59, 61, 98, 99, 101, 102, 103, 114, 115, 117, 118, 119, 122, 123, 125, 258, 260, 262, 282, 284, 290, 292, 294, 306, 308, 310, 314, 316, 354, 356, 358, 370, 372, 374, 378, 380, 386, 387, 388, 390, 391, 410, 411, 412, 482, 483, 484, 486, 487, 498, 499, 500, 502, 503, 506, 507, 508]
logs_sage/n9_DryGASCON256fixed.txt.bz2.greedyext.20260310_171527.txt

136 137 140 141 143 144 145 151 152 153 156 157 159 168 169 172 173 175 176 177 183 200 201 204 205 207 208 209 215 216 217 220 221 223 296 297 300 301 302 304 305 310 328 329 332 333 334 336 337 342 344 345 348 349 350 392 396 398 400 406 408 412 414 424 428 430 432 438 456 460 462 464 470 472 476 478
Iter#59304 New set #50000 of size 76 (1.2 its/hit = 0.000s/hit): seed=1966200381387947204 [136, 137, 140, 141, 143, 144, 145, 151, 152, 153, 156, 157, 159, 168, 169, 172, 173, 175, 176, 177, 183, 200, 201, 204, 205, 207, 208, 209, 215, 216, 217, 220, 221, 223, 296, 297, 300, 301, 302, 304, 305, 310, 328, 329, 332, 333, 334, 336, 337, 342, 344, 345, 348, 349, 350, 392, 396, 398, 400, 406, 408, 412, 414, 424, 428, 430, 432, 438, 456, 460, 462, 464, 470, 472, 476, 478]
logs_sage/n9_DryGASCON256fixed.txt.bz2.greedyext.20260310_171527.txt

41 46 47 49 50 51 54 55 65 66 67 70 71 73 78 79 81 82 83 86 87 129 131 135 137 143 145 147 151 169 175 177 179 183 193 195 199 201 207 209 211 215 384 386 387 390 391 392 398 399 400 402 403 406 407 424 430 431 432 434 435 438 439 448 450 451 454 455 456 462 463 464 466 467 470 471
Iter#464 New set #400 of size 76 (1.2 its/hit = 0.000s/hit): seed=9041839397089637729 [41, 46, 47, 49, 50, 51, 54, 55, 65, 66, 67, 70, 71, 73, 78, 79, 81, 82, 83, 86, 87, 129, 131, 135, 137, 143, 145, 147, 151, 169, 175, 177, 179, 183, 193, 195, 199, 201, 207, 209, 211, 215, 384, 386, 387, 390, 391, 392, 398, 399, 400, 402, 403, 406, 407, 424, 430, 431, 432, 434, 435, 438, 439, 448, 450, 451, 454, 455, 456, 462, 463, 464, 466, 467, 470, 471]
logs_sage/n9_DryGASCON256fixed.txt.bz2.greedyext.20260310_171527.txt

34 36 38 42 44 50 52 54 74 76 82 84 86 98 100 102 106 108 114 116 118 162 163 164 166 167 170 171 172 178 179 180 182 183 202 203 204 210 211 212 214 215 290 291 293 294 295 298 299 301 306 307 309 310 311 330 331 333 338 339 341 342 343 354 355 357 358 359 362 363 365 370 371 373 374 375
Iter#56 New set #40 of size 76 (1.4 its/hit = 0.000s/hit): seed=13009615980119092132 [34, 36, 38, 42, 44, 50, 52, 54, 74, 76, 82, 84, 86, 98, 100, 102, 106, 108, 114, 116, 118, 162, 163, 164, 166, 167, 170, 171, 172, 178, 179, 180, 182, 183, 202, 203, 204, 210, 211, 212, 214, 215, 290, 291, 293, 294, 295, 298, 299, 301, 306, 307, 309, 310, 311, 330, 331, 333, 338, 339, 341, 342, 343, 354, 355, 357, 358, 359, 362, 363, 365, 370, 371, 373, 374, 375]
logs_sage/n9_DryGASCON256fixed.txt.bz2.greedyext.20260310_171527.txt

0 1 2 4 5 16 17 18 20 21 26 28 29 96 97 98 100 101 122 124 125 128 130 132 144 146 148 154 156 192 194 196 208 210 212 218 220 224 226 228 250 252 384 385 387 388 389 400 401 403 404 405 411 412 413 448 449 451 452 453 464 465 467 468 469 475 476 477 480 481 483 484 485 507 508 509
Iter#6 New set #4 of size 76 (1.5 its/hit = 0.000s/hit): seed=13809420082803778866 [0, 1, 2, 4, 5, 16, 17, 18, 20, 21, 26, 28, 29, 96, 97, 98, 100, 101, 122, 124, 125, 128, 130, 132, 144, 146, 148, 154, 156, 192, 194, 196, 208, 210, 212, 218, 220, 224, 226, 228, 250, 252, 384, 385, 387, 388, 389, 400, 401, 403, 404, 405, 411, 412, 413, 448, 449, 451, 452, 453, 464, 465, 467, 468, 469, 475, 476, 477, 480, 481, 483, 484, 485, 507, 508, 509]
logs_sage/n9_DryGASCON256fixed.txt.bz2.greedyext.20260310_171527.txt

0 1 4 5 6 8 9 14 16 17 20 21 22 64 65 68 69 70 72 73 78 80 81 84 85 86 104 105 110 112 113 116 117 118 257 261 263 265 271 273 277 279 321 325 327 329 335 337 341 343 361 367 369 373 375 384 385 388 389 391 392 393 399 400 401 404 405 407 488 489 495 496 497 500 501 503
Iter#5 New set #3 of size 76 (1.7 its/hit = 0.000s/hit): seed=5470123002843054726 [0, 1, 4, 5, 6, 8, 9, 14, 16, 17, 20, 21, 22, 64, 65, 68, 69, 70, 72, 73, 78, 80, 81, 84, 85, 86, 104, 105, 110, 112, 113, 116, 117, 118, 257, 261, 263, 265, 271, 273, 277, 279, 321, 325, 327, 329, 335, 337, 341, 343, 361, 367, 369, 373, 375, 384, 385, 388, 389, 391, 392, 393, 399, 400, 401, 404, 405, 407, 488, 489, 495, 496, 497, 500, 501, 503]
logs_sage/n9_DryGASCON256fixed.txt.bz2.greedyext.20260310_171527.txt

34 36 37 40 41 42 44 45 56 57 58 60 61 66 68 69 88 89 90 92 93 98 100 101 104 105 106 108 109 120 121 122 124 125 291 293 297 299 301 313 315 317 323 325 345 347 349 355 357 361 363 365 377 379 381 419 420 421 424 425 427 428 429 440 441 443 444 445 451 452 453 472 473 475 476 477
Iter#933 New set #800 of size 76 (1.2 its/hit = 0.000s/hit): seed=17696029354181358968 [34, 36, 37, 40, 41, 42, 44, 45, 56, 57, 58, 60, 61, 66, 68, 69, 88, 89, 90, 92, 93, 98, 100, 101, 104, 105, 106, 108, 109, 120, 121, 122, 124, 125, 291, 293, 297, 299, 301, 313, 315, 317, 323, 325, 345, 347, 349, 355, 357, 361, 363, 365, 377, 379, 381, 419, 420, 421, 424, 425, 427, 428, 429, 440, 441, 443, 444, 445, 451, 452, 453, 472, 473, 475, 476, 477]
logs_sage/n9_DryGASCON256fixed.txt.bz2.greedyext.20260310_171527.txt

41 43 47 49 55 57 59 63 73 75 79 81 87 105 107 111 113 119 121 123 127 169 170 171 174 175 177 182 183 185 186 187 190 191 201 202 203 206 207 209 214 215 296 298 299 302 303 304 310 311 312 314 315 318 319 328 330 331 334 335 336 342 343 360 362 363 366 367 368 374 375 376 378 379 382 383
Iter#698 New set #600 of size 76 (1.2 its/hit = 0.000s/hit): seed=513805891319799352 [41, 43, 47, 49, 55, 57, 59, 63, 73, 75, 79, 81, 87, 105, 107, 111, 113, 119, 121, 123, 127, 169, 170, 171, 174, 175, 177, 182, 183, 185, 186, 187, 190, 191, 201, 202, 203, 206, 207, 209, 214, 215, 296, 298, 299, 302, 303, 304, 310, 311, 312, 314, 315, 318, 319, 328, 330, 331, 334, 335, 336, 342, 343, 360, 362, 363, 366, 367, 368, 374, 375, 376, 378, 379, 382, 383]
logs_sage/n9_DryGASCON256fixed.txt.bz2.greedyext.20260310_171527.txt

2 4 5 8 9 10 12 13 24 25 26 28 29 34 36 37 56 57 58 60 61 66 68 69 72 73 74 76 77 88 89 90 92 93 259 261 265 267 269 281 283 285 291 293 313 315 317 323 325 329 331 333 345 347 349 419 420 421 440 441 443 444 445 451 452 453 456 457 459 460 461 472 473 475 476 477
Iter#7 New set #5 of size 76 (1.4 its/hit = 0.000s/hit): seed=2842425902857149822 [2, 4, 5, 8, 9, 10, 12, 13, 24, 25, 26, 28, 29, 34, 36, 37, 56, 57, 58, 60, 61, 66, 68, 69, 72, 73, 74, 76, 77, 88, 89, 90, 92, 93, 259, 261, 265, 267, 269, 281, 283, 285, 291, 293, 313, 315, 317, 323, 325, 329, 331, 333, 345, 347, 349, 419, 420, 421, 440, 441, 443, 444, 445, 451, 452, 453, 456, 457, 459, 460, 461, 472, 473, 475, 476, 477]
logs_sage/n9_DryGASCON256fixed.txt.bz2.greedyext.20260310_171527.txt

8 9 12 13 14 16 17 22 24 25 28 29 30 104 105 108 109 110 112 113 118 136 140 142 144 150 152 156 158 200 204 206 208 214 216 220 222 232 236 238 240 246 392 393 396 397 399 400 401 407 408 409 412 413 415 456 457 460 461 463 464 465 471 472 473 476 477 479 488 489 492 493 495 496 497 503
Iter#71173 New set #60000 of size 76 (1.2 its/hit = 0.000s/hit): seed=14174597560690479097 [8, 9, 12, 13, 14, 16, 17, 22, 24, 25, 28, 29, 30, 104, 105, 108, 109, 110, 112, 113, 118, 136, 140, 142, 144, 150, 152, 156, 158, 200, 204, 206, 208, 214, 216, 220, 222, 232, 236, 238, 240, 246, 392, 393, 396, 397, 399, 400, 401, 407, 408, 409, 412, 413, 415, 456, 457, 460, 461, 463, 464, 465, 471, 472, 473, 476, 477, 479, 488, 489, 492, 493, 495, 496, 497, 503]
logs_sage/n9_DryGASCON256fixed.txt.bz2.greedyext.20260310_171527.txt

40 42 46 48 54 56 58 62 72 74 78 80 86 104 106 110 112 118 120 122 126 168 170 171 174 175 176 182 183 184 186 187 190 191 200 202 203 206 207 208 214 215 297 298 299 302 303 305 310 311 313 314 315 318 319 329 330 331 334 335 337 342 343 361 362 363 366 367 369 374 375 377 378 379 382 383
Iter#10 New set #8 of size 76 (1.2 its/hit = 0.000s/hit): seed=8298031192956313692 [40, 42, 46, 48, 54, 56, 58, 62, 72, 74, 78, 80, 86, 104, 106, 110, 112, 118, 120, 122, 126, 168, 170, 171, 174, 175, 176, 182, 183, 184, 186, 187, 190, 191, 200, 202, 203, 206, 207, 208, 214, 215, 297, 298, 299, 302, 303, 305, 310, 311, 313, 314, 315, 318, 319, 329, 330, 331, 334, 335, 337, 342, 343, 361, 362, 363, 366, 367, 369, 374, 375, 377, 378, 379, 382, 383]
logs_sage/n9_DryGASCON256fixed.txt.bz2.greedyext.20260310_171527.txt

32 33 36 37 39 48 49 52 53 55 56 57 63 64 65 68 69 71 88 89 95 161 165 167 177 181 183 185 191 193 197 199 217 223 225 229 231 241 245 247 249 255 416 417 420 421 422 432 433 436 437 438 440 441 446 448 449 452 453 454 472 473 478 480 481 484 485 486 496 497 500 501 502 504 505 510
Iter#8305 New set #7000 of size 76 (1.2 its/hit = 0.000s/hit): seed=13294413484880883710 [32, 33, 36, 37, 39, 48, 49, 52, 53, 55, 56, 57, 63, 64, 65, 68, 69, 71, 88, 89, 95, 161, 165, 167, 177, 181, 183, 185, 191, 193, 197, 199, 217, 223, 225, 229, 231, 241, 245, 247, 249, 255, 416, 417, 420, 421, 422, 432, 433, 436, 437, 438, 440, 441, 446, 448, 449, 452, 453, 454, 472, 473, 478, 480, 481, 484, 485, 486, 496, 497, 500, 501, 502, 504, 505, 510]
logs_sage/n9_DryGASCON256fixed.txt.bz2.greedyext.20260310_171527.txt

0 1 3 4 5 11 12 13 16 17 19 20 21 64 65 67 68 69 75 76 77 80 81 83 84 85 107 108 109 112 113 115 116 117 256 258 260 266 268 272 274 276 320 322 324 330 332 336 338 340 362 364 368 370 372 384 385 386 388 389 394 396 397 400 401 402 404 405 490 492 493 496 497 498 500 501
Iter#83060 New set #70000 of size 76 (1.2 its/hit = 0.000s/hit): seed=2756017247293142567 [0, 1, 3, 4, 5, 11, 12, 13, 16, 17, 19, 20, 21, 64, 65, 67, 68, 69, 75, 76, 77, 80, 81, 83, 84, 85, 107, 108, 109, 112, 113, 115, 116, 117, 256, 258, 260, 266, 268, 272, 274, 276, 320, 322, 324, 330, 332, 336, 338, 340, 362, 364, 368, 370, 372, 384, 385, 386, 388, 389, 394, 396, 397, 400, 401, 402, 404, 405, 490, 492, 493, 496, 497, 498, 500, 501]
logs_sage/n9_DryGASCON256fixed.txt.bz2.greedyext.20260310_171527.txt

10 12 14 18 20 26 28 30 74 76 78 82 84 90 92 94 106 108 110 114 116 138 139 140 142 143 146 147 148 154 155 156 158 159 234 235 236 238 239 242 243 244 266 267 269 270 271 274 275 277 282 283 285 286 287 330 331 333 334 335 338 339 341 346 347 349 350 351 362 363 365 366 367 370 371 373
Iter#28 New set #20 of size 76 (1.4 its/hit = 0.000s/hit): seed=14063670795127133787 [10, 12, 14, 18, 20, 26, 28, 30, 74, 76, 78, 82, 84, 90, 92, 94, 106, 108, 110, 114, 116, 138, 139, 140, 142, 143, 146, 147, 148, 154, 155, 156, 158, 159, 234, 235, 236, 238, 239, 242, 243, 244, 266, 267, 269, 270, 271, 274, 275, 277, 282, 283, 285, 286, 287, 330, 331, 333, 334, 335, 338, 339, 341, 346, 347, 349, 350, 351, 362, 363, 365, 366, 367, 370, 371, 373]
logs_sage/n9_DryGASCON256fixed.txt.bz2.greedyext.20260310_171527.txt

136 137 138 140 141 146 148 149 152 153 154 156 157 200 201 202 204 205 210 212 213 216 217 218 220 221 232 233 234 236 237 242 244 245 264 265 267 268 269 275 276 277 280 281 283 284 285 360 361 363 364 365 371 372 373 393 395 397 403 405 409 411 413 457 459 461 467 469 473 475 477 489 491 493 499 501
Iter#41 New set #30 of size 76 (1.4 its/hit = 0.000s/hit): seed=11207868140676578149 [136, 137, 138, 140, 141, 146, 148, 149, 152, 153, 154, 156, 157, 200, 201, 202, 204, 205, 210, 212, 213, 216, 217, 218, 220, 221, 232, 233, 234, 236, 237, 242, 244, 245, 264, 265, 267, 268, 269, 275, 276, 277, 280, 281, 283, 284, 285, 360, 361, 363, 364, 365, 371, 372, 373, 393, 395, 397, 403, 405, 409, 411, 413, 457, 459, 461, 467, 469, 473, 475, 477, 489, 491, 493, 499, 501]
logs_sage/n9_DryGASCON256fixed.txt.bz2.greedyext.20260310_171527.txt

40 41 42 44 45 50 52 53 56 57 58 60 61 72 73 74 76 77 82 84 85 104 105 106 108 109 114 116 117 120 121 122 124 125 297 299 301 307 309 313 315 317 329 331 333 339 341 361 363 365 371 373 377 379 381 424 425 427 428 429 435 436 437 440 441 443 444 445 456 457 459 460 461 467 468 469
Iter#2356 New set #2000 of size 76 (1.2 its/hit = 0.000s/hit): seed=4848555213317514107 [40, 41, 42, 44, 45, 50, 52, 53, 56, 57, 58, 60, 61, 72, 73, 74, 76, 77, 82, 84, 85, 104, 105, 106, 108, 109, 114, 116, 117, 120, 121, 122, 124, 125, 297, 299, 301, 307, 309, 313, 315, 317, 329, 331, 333, 339, 341, 361, 363, 365, 371, 373, 377, 379, 381, 424, 425, 427, 428, 429, 435, 436, 437, 440, 441, 443, 444, 445, 456, 457, 459, 460, 461, 467, 468, 469]
logs_sage/n9_DryGASCON256fixed.txt.bz2.greedyext.20260310_171527.txt

9 11 13 19 21 25 27 29 41 43 45 51 53 73 75 77 83 85 89 91 93 168 169 171 172 173 179 180 181 200 201 203 204 205 211 212 213 216 217 219 220 221 264 265 266 268 269 274 276 277 280 281 282 284 285 296 297 298 300 301 306 308 309 328 329 330 332 333 338 340 341 344 345 346 348 349
Iter#35507 New set #30000 of size 76 (1.2 its/hit = 0.000s/hit): seed=14915425890697421151 [9, 11, 13, 19, 21, 25, 27, 29, 41, 43, 45, 51, 53, 73, 75, 77, 83, 85, 89, 91, 93, 168, 169, 171, 172, 173, 179, 180, 181, 200, 201, 203, 204, 205, 211, 212, 213, 216, 217, 219, 220, 221, 264, 265, 266, 268, 269, 274, 276, 277, 280, 281, 282, 284, 285, 296, 297, 298, 300, 301, 306, 308, 309, 328, 329, 330, 332, 333, 338, 340, 341, 344, 345, 346, 348, 349]
logs_sage/n9_DryGASCON256fixed.txt.bz2.greedyext.20260310_171527.txt

0 2 6 8 14 16 18 22 40 46 48 50 54 64 66 70 72 78 80 82 86 168 174 175 176 178 179 182 183 192 194 195 198 199 200 206 207 208 210 211 214 215 257 258 259 262 263 265 270 271 273 274 275 278 279 297 302 303 305 306 307 310 311 321 322 323 326 327 329 334 335 337 338 339 342 343
Iter#237123 New set #200000 of size 76 (1.2 its/hit = 0.000s/hit): seed=9988588798752476032 [0, 2, 6, 8, 14, 16, 18, 22, 40, 46, 48, 50, 54, 64, 66, 70, 72, 78, 80, 82, 86, 168, 174, 175, 176, 178, 179, 182, 183, 192, 194, 195, 198, 199, 200, 206, 207, 208, 210, 211, 214, 215, 257, 258, 259, 262, 263, 265, 270, 271, 273, 274, 275, 278, 279, 297, 302, 303, 305, 306, 307, 310, 311, 321, 322, 323, 326, 327, 329, 334, 335, 337, 338, 339, 342, 343]
logs_sage/n9_DryGASCON256fixed.txt.bz2.greedyext.20260310_171527.txt

3 5 7 19 21 23 27 29 67 69 71 83 85 87 91 93 99 101 103 123 125 130 131 133 134 135 146 147 149 150 151 154 155 157 226 227 229 230 231 250 251 253 258 259 260 262 263 274 275 276 278 279 282 283 284 322 323 324 326 327 338 339 340 342 343 346 347 348 354 355 356 358 359 378 379 380
Iter#3534 New set #3000 of size 76 (1.2 its/hit = 0.000s/hit): seed=12955615476979393664 [3, 5, 7, 19, 21, 23, 27, 29, 67, 69, 71, 83, 85, 87, 91, 93, 99, 101, 103, 123, 125, 130, 131, 133, 134, 135, 146, 147, 149, 150, 151, 154, 155, 157, 226, 227, 229, 230, 231, 250, 251, 253, 258, 259, 260, 262, 263, 274, 275, 276, 278, 279, 282, 283, 284, 322, 323, 324, 326, 327, 338, 339, 340, 342, 343, 346, 347, 348, 354, 355, 356, 358, 359, 378, 379, 380]
logs_sage/n9_DryGASCON256fixed.txt.bz2.greedyext.20260310_171527.txt

9 10 11 14 15 17 22 23 25 26 27 30 31 73 74 75 78 79 81 86 87 89 90 91 94 95 105 106 107 110 111 113 118 119 264 266 270 272 278 280 282 286 328 330 334 336 342 344 346 350 360 362 366 368 374 392 394 395 398 399 400 406 407 408 410 411 414 415 488 490 491 494 495 496 502 503
Iter#8 New set #6 of size 76 (1.3 its/hit = 0.000s/hit): seed=7429623418912493078 [9, 10, 11, 14, 15, 17, 22, 23, 25, 26, 27, 30, 31, 73, 74, 75, 78, 79, 81, 86, 87, 89, 90, 91, 94, 95, 105, 106, 107, 110, 111, 113, 118, 119, 264, 266, 270, 272, 278, 280, 282, 286, 328, 330, 334, 336, 342, 344, 346, 350, 360, 362, 366, 368, 374, 392, 394, 395, 398, 399, 400, 406, 407, 408, 410, 411, 414, 415, 488, 490, 491, 494, 495, 496, 502, 503]
logs_sage/n9_DryGASCON256fixed.txt.bz2.greedyext.20260310_171527.txt

130 131 132 134 135 146 147 148 150 151 154 155 156 194 195 196 198 199 210 211 212 214 215 218 219 220 226 227 228 230 231 250 251 252 258 259 261 262 263 274 275 277 278 279 282 283 285 354 355 357 358 359 378 379 381 387 389 391 403 405 407 411 413 451 453 455 467 469 471 475 477 483 485 487 507 509
Iter#12 New set #10 of size 76 (1.2 its/hit = 0.000s/hit): seed=12542829667335416633 [130, 131, 132, 134, 135, 146, 147, 148, 150, 151, 154, 155, 156, 194, 195, 196, 198, 199, 210, 211, 212, 214, 215, 218, 219, 220, 226, 227, 228, 230, 231, 250, 251, 252, 258, 259, 261, 262, 263, 274, 275, 277, 278, 279, 282, 283, 285, 354, 355, 357, 358, 359, 378, 379, 381, 387, 389, 391, 403, 405, 407, 411, 413, 451, 453, 455, 467, 469, 471, 475, 477, 483, 485, 487, 507, 509]
logs_sage/n9_DryGASCON256fixed.txt.bz2.greedyext.20260310_171527.txt

0 1 6 8 9 12 13 14 24 25 28 29 30 64 65 70 72 73 76 77 78 88 89 92 93 94 96 97 102 120 121 124 125 126 257 263 265 269 271 281 285 287 321 327 329 333 335 345 349 351 353 359 377 381 383 384 385 391 392 393 396 397 399 408 409 412 413 415 480 481 487 504 505 508 509 511
Iter#581 New set #500 of size 76 (1.2 its/hit = 0.000s/hit): seed=7775477359549638189 [0, 1, 6, 8, 9, 12, 13, 14, 24, 25, 28, 29, 30, 64, 65, 70, 72, 73, 76, 77, 78, 88, 89, 92, 93, 94, 96, 97, 102, 120, 121, 124, 125, 126, 257, 263, 265, 269, 271, 281, 285, 287, 321, 327, 329, 333, 335, 345, 349, 351, 353, 359, 377, 381, 383, 384, 385, 391, 392, 393, 396, 397, 399, 408, 409, 412, 413, 415, 480, 481, 487, 504, 505, 508, 509, 511]
logs_sage/n9_DryGASCON256fixed.txt.bz2.greedyext.20260310_171527.txt

8 9 14 16 17 20 21 22 32 33 36 37 38 40 41 46 48 49 52 53 54 96 97 100 101 102 104 105 110 112 113 116 117 118 265 271 273 277 279 289 293 295 297 303 305 309 311 353 357 359 361 367 369 373 375 392 393 399 400 401 404 405 407 480 481 484 485 487 488 489 495 496 497 500 501 503
Iter#67 New set #50 of size 76 (1.3 its/hit = 0.000s/hit): seed=13696837680822793401 [8, 9, 14, 16, 17, 20, 21, 22, 32, 33, 36, 37, 38, 40, 41, 46, 48, 49, 52, 53, 54, 96, 97, 100, 101, 102, 104, 105, 110, 112, 113, 116, 117, 118, 265, 271, 273, 277, 279, 289, 293, 295, 297, 303, 305, 309, 311, 353, 357, 359, 361, 367, 369, 373, 375, 392, 393, 399, 400, 401, 404, 405, 407, 480, 481, 484, 485, 487, 488, 489, 495, 496, 497, 500, 501, 503]
logs_sage/n9_DryGASCON256fixed.txt.bz2.greedyext.20260310_171527.txt

1 5 7 9 15 17 21 23 41 47 49 53 55 65 69 71 73 79 81 85 87 168 169 175 176 177 180 181 183 192 193 196 197 199 200 201 207 208 209 212 213 215 256 257 260 261 262 264 265 270 272 273 276 277 278 296 297 302 304 305 308 309 310 320 321 324 325 326 328 329 334 336 337 340 341 342
Iter#10670 New set #9000 of size 76 (1.2 its/hit = 0.000s/hit): seed=9359647658129692823 [1, 5, 7, 9, 15, 17, 21, 23, 41, 47, 49, 53, 55, 65, 69, 71, 73, 79, 81, 85, 87, 168, 169, 175, 176, 177, 180, 181, 183, 192, 193, 196, 197, 199, 200, 201, 207, 208, 209, 212, 213, 215, 256, 257, 260, 261, 262, 264, 265, 270, 272, 273, 276, 277, 278, 296, 297, 302, 304, 305, 308, 309, 310, 320, 321, 324, 325, 326, 328, 329, 334, 336, 337, 340, 341, 342]
logs_sage/n9_DryGASCON256fixed.txt.bz2.greedyext.20260310_171527.txt

33 35 39 41 47 49 51 55 73 79 81 83 87 97 99 103 105 111 113 115 119 161 162 163 166 167 169 174 175 177 178 179 182 183 201 206 207 209 210 211 214 215 288 290 291 294 295 296 302 303 304 306 307 310 311 328 334 335 336 338 339 342 343 352 354 355 358 359 360 366 367 368 370 371 374 375
Iter#11832 New set #10000 of size 76 (1.2 its/hit = 0.000s/hit): seed=16109958887667660961 [33, 35, 39, 41, 47, 49, 51, 55, 73, 79, 81, 83, 87, 97, 99, 103, 105, 111, 113, 115, 119, 161, 162, 163, 166, 167, 169, 174, 175, 177, 178, 179, 182, 183, 201, 206, 207, 209, 210, 211, 214, 215, 288, 290, 291, 294, 295, 296, 302, 303, 304, 306, 307, 310, 311, 328, 334, 335, 336, 338, 339, 342, 343, 352, 354, 355, 358, 359, 360, 366, 367, 368, 370, 371, 374, 375]
logs_sage/n9_DryGASCON256fixed.txt.bz2.greedyext.20260310_171527.txt

128 129 134 136 137 140 141 142 152 153 156 157 158 192 193 198 200 201 204 205 206 216 217 220 221 222 224 225 230 248 249 252 253 254 256 257 263 264 265 268 269 271 280 281 284 285 287 352 353 359 376 377 380 381 383 385 391 393 397 399 409 413 415 449 455 457 461 463 473 477 479 481 487 505 509 511
Iter#2 New set #2 of size 76 (1.0 its/hit = 0.000s/hit): seed=3809551278466508714 [128, 129, 134, 136, 137, 140, 141, 142, 152, 153, 156, 157, 158, 192, 193, 198, 200, 201, 204, 205, 206, 216, 217, 220, 221, 222, 224, 225, 230, 248, 249, 252, 253, 254, 256, 257, 263, 264, 265, 268, 269, 271, 280, 281, 284, 285, 287, 352, 353, 359, 376, 377, 380, 381, 383, 385, 391, 393, 397, 399, 409, 413, 415, 449, 455, 457, 461, 463, 473, 477, 479, 481, 487, 505, 509, 511]
logs_sage/n9_DryGASCON256fixed.txt.bz2.greedyext.20260310_171527.txt

42 43 45 46 47 50 51 53 58 59 61 62 63 74 75 77 78 79 82 83 85 106 107 109 110 111 114 115 117 122 123 125 126 127 298 300 302 306 308 314 316 318 330 332 334 338 340 362 364 366 370 372 378 380 382 426 427 428 430 431 434 435 436 442 443 444 446 447 458 459 460 462 463 466 467 468
Iter#9482 New set #8000 of size 76 (1.2 its/hit = 0.000s/hit): seed=6450514493083788762 [42, 43, 45, 46, 47, 50, 51, 53, 58, 59, 61, 62, 63, 74, 75, 77, 78, 79, 82, 83, 85, 106, 107, 109, 110, 111, 114, 115, 117, 122, 123, 125, 126, 127, 298, 300, 302, 306, 308, 314, 316, 318, 330, 332, 334, 338, 340, 362, 364, 366, 370, 372, 378, 380, 382, 426, 427, 428, 430, 431, 434, 435, 436, 442, 443, 444, 446, 447, 458, 459, 460, 462, 463, 466, 467, 468]
logs_sage/n9_DryGASCON256fixed.txt.bz2.greedyext.20260310_171527.txt

10 11 13 14 15 18 19 21 26 27 29 30 31 106 107 109 110 111 114 115 117 139 141 143 147 149 155 157 159 203 205 207 211 213 219 221 223 235 237 239 243 245 394 395 396 398 399 402 403 404 410 411 412 414 415 458 459 460 462 463 466 467 468 474 475 476 478 479 490 491 492 494 495 498 499 500
Iter#9 New set #7 of size 76 (1.3 its/hit = 0.000s/hit): seed=15066143969678597021 [10, 11, 13, 14, 15, 18, 19, 21, 26, 27, 29, 30, 31, 106, 107, 109, 110, 111, 114, 115, 117, 139, 141, 143, 147, 149, 155, 157, 159, 203, 205, 207, 211, 213, 219, 221, 223, 235, 237, 239, 243, 245, 394, 395, 396, 398, 399, 402, 403, 404, 410, 411, 412, 414, 415, 458, 459, 460, 462, 463, 466, 467, 468, 474, 475, 476, 478, 479, 490, 491, 492, 494, 495, 498, 499, 500]
logs_sage/n9_DryGASCON256fixed.txt.bz2.greedyext.20260310_171527.txt

32 33 35 36 37 48 49 51 52 53 59 60 61 64 65 67 68 69 91 92 93 161 163 165 177 179 181 187 189 193 195 197 219 221 225 227 229 241 243 245 251 253 416 417 418 420 421 432 433 434 436 437 442 444 445 448 449 450 452 453 474 476 477 480 481 482 484 485 496 497 498 500 501 506 508 509
Iter#90 New set #70 of size 76 (1.3 its/hit = 0.000s/hit): seed=5755150504649673093 [32, 33, 35, 36, 37, 48, 49, 51, 52, 53, 59, 60, 61, 64, 65, 67, 68, 69, 91, 92, 93, 161, 163, 165, 177, 179, 181, 187, 189, 193, 195, 197, 219, 221, 225, 227, 229, 241, 243, 245, 251, 253, 416, 417, 418, 420, 421, 432, 433, 434, 436, 437, 442, 444, 445, 448, 449, 450, 452, 453, 474, 476, 477, 480, 481, 482, 484, 485, 496, 497, 498, 500, 501, 506, 508, 509]
logs_sage/n9_DryGASCON256fixed.txt.bz2.greedyext.20260310_171527.txt

0 2 3 6 7 16 18 19 22 23 24 30 31 32 34 35 38 39 56 62 63 64 66 67 70 71 80 82 83 86 87 88 94 95 257 259 263 273 275 279 281 287 289 291 295 313 319 321 323 327 337 339 343 345 351 417 418 419 422 423 441 446 447 449 450 451 454 455 465 466 467 470 471 473 478 479
Iter#350 New set #300 of size 76 (1.2 its/hit = 0.000s/hit): seed=9914225085913752920 [0, 2, 3, 6, 7, 16, 18, 19, 22, 23, 24, 30, 31, 32, 34, 35, 38, 39, 56, 62, 63, 64, 66, 67, 70, 71, 80, 82, 83, 86, 87, 88, 94, 95, 257, 259, 263, 273, 275, 279, 281, 287, 289, 291, 295, 313, 319, 321, 323, 327, 337, 339, 343, 345, 351, 417, 418, 419, 422, 423, 441, 446, 447, 449, 450, 451, 454, 455, 465, 466, 467, 470, 471, 473, 478, 479]
logs_sage/n9_DryGASCON256fixed.txt.bz2.greedyext.20260310_171527.txt

43 44 45 48 49 51 52 53 64 65 67 68 69 75 76 77 80 81 83 84 85 129 131 133 139 141 145 147 149 171 173 177 179 181 193 195 197 203 205 209 211 213 384 385 386 388 389 394 396 397 400 401 402 404 405 426 428 429 432 433 434 436 437 448 449 450 452 453 458 460 461 464 465 466 468 469
Iter#106739 New set #90000 of size 76 (1.2 its/hit = 0.000s/hit): seed=11583956660055548255 [43, 44, 45, 48, 49, 51, 52, 53, 64, 65, 67, 68, 69, 75, 76, 77, 80, 81, 83, 84, 85, 129, 131, 133, 139, 141, 145, 147, 149, 171, 173, 177, 179, 181, 193, 195, 197, 203, 205, 209, 211, 213, 384, 385, 386, 388, 389, 394, 396, 397, 400, 401, 402, 404, 405, 426, 428, 429, 432, 433, 434, 436, 437, 448, 449, 450, 452, 453, 458, 460, 461, 464, 465, 466, 468, 469]
logs_sage/n9_DryGASCON256fixed.txt.bz2.greedyext.20260310_171527.txt

34 36 37 40 41 42 44 45 56 57 58 60 61 66 68 69 88 89 90 92 93 162 164 168 170 172 184 186 188 194 196 216 218 220 226 228 232 234 236 248 250 252 419 420 421 424 425 427 428 429 440 441 443 444 445 451 452 453 472 473 475 476 477 483 484 485 488 489 491 492 493 504 505 507 508 509
Iter#7101 New set #6000 of size 76 (1.2 its/hit = 0.000s/hit): seed=18210038424195743180 [34, 36, 37, 40, 41, 42, 44, 45, 56, 57, 58, 60, 61, 66, 68, 69, 88, 89, 90, 92, 93, 162, 164, 168, 170, 172, 184, 186, 188, 194, 196, 216, 218, 220, 226, 228, 232, 234, 236, 248, 250, 252, 419, 420, 421, 424, 425, 427, 428, 429, 440, 441, 443, 444, 445, 451, 452, 453, 472, 473, 475, 476, 477, 483, 484, 485, 488, 489, 491, 492, 493, 504, 505, 507, 508, 509]
logs_sage/n9_DryGASCON256fixed.txt.bz2.greedyext.20260310_171527.txt

2 4 26 28 30 34 36 42 44 46 58 60 62 98 100 106 108 110 122 124 126 130 131 132 154 155 156 158 159 226 227 228 234 235 236 238 239 250 251 252 254 255 258 259 261 282 283 285 286 287 290 291 293 298 299 301 302 303 314 315 317 318 319 354 355 357 362 363 365 366 367 378 379 381 382 383
Iter#126 New set #100 of size 76 (1.3 its/hit = 0.000s/hit): seed=12166408026981549020 [2, 4, 26, 28, 30, 34, 36, 42, 44, 46, 58, 60, 62, 98, 100, 106, 108, 110, 122, 124, 126, 130, 131, 132, 154, 155, 156, 158, 159, 226, 227, 228, 234, 235, 236, 238, 239, 250, 251, 252, 254, 255, 258, 259, 261, 282, 283, 285, 286, 287, 290, 291, 293, 298, 299, 301, 302, 303, 314, 315, 317, 318, 319, 354, 355, 357, 362, 363, 365, 366, 367, 378, 379, 381, 382, 383]
logs_sage/n9_DryGASCON256fixed.txt.bz2.greedyext.20260310_171527.txt

