5 36 87 88 95 119 142 153 160 188 224 236 237 249 255
Iter#268 New set #7 of size 15 (38.3 its/hit = 0.000s/hit): seed=6268338093385270836 [5, 36, 87, 88, 95, 119, 142, 153, 160, 188, 224, 236, 237, 249, 255]
logs_custom/n8_S15.txt.bz2.txt

27 57 79 80 82 125 134 157 198 208 229 230 232 236 252
Iter#1967 New set #70 of size 15 (28.1 its/hit = 0.000s/hit): seed=15834415509305288152 [27, 57, 79, 80, 82, 125, 134, 157, 198, 208, 229, 230, 232, 236, 252]
logs_custom/n8_S15.txt.bz2.greedyext.20260220_142550.txt

37 43 57 60 75 104 124 132 136 153 163 184 215 222 241
Iter#1 New set #1 of size 15 (1.0 its/hit = 0.000s/hit): seed=11881445590656062640 [37, 43, 57, 60, 75, 104, 124, 132, 136, 153, 163, 184, 215, 222, 241]
logs_custom/n8_S15.txt.bz2.txt

5 23 40 49 56 65 77 85 105 130 132 138 143 161 180
Iter#105 New set #6 of size 15 (17.5 its/hit = 0.000s/hit): seed=15296985825151175504 [5, 23, 40, 49, 56, 65, 77, 85, 105, 130, 132, 138, 143, 161, 180]
logs_custom/n8_S15.txt.bz2.greedyext.20260220_142550.txt

9 45 65 66 76 92 98 100 110 123 175 203 207 217 244
Iter#45358 New set #2000 of size 15 (22.7 its/hit = 0.000s/hit): seed=1049180685872831480 [9, 45, 65, 66, 76, 92, 98, 100, 110, 123, 175, 203, 207, 217, 244]
logs_custom/n8_S15.txt.bz2.greedyext.20260220_142550.txt

1 10 22 24 40 95 126 136 140 141 142 205 213 220 240
Iter#179 New set #8 of size 15 (22.4 its/hit = 0.000s/hit): seed=4441269371694171479 [1, 10, 22, 24, 40, 95, 126, 136, 140, 141, 142, 205, 213, 220, 240]
logs_custom/n8_S15.txt.bz2.greedyext.20260220_142550.txt

3 21 55 69 92 99 131 143 145 164 185 191 195 242 248
Iter#68670 New set #3000 of size 15 (22.9 its/hit = 0.000s/hit): seed=8730669591643216083 [3, 21, 55, 69, 92, 99, 131, 143, 145, 164, 185, 191, 195, 242, 248]
logs_custom/n8_S15.txt.bz2.greedyext.20260220_142550.txt

2 5 7 15 25 59 61 84 100 119 121 187 204 233 251
Iter#2067666 New set #90000 of size 15 (23.0 its/hit = 0.000s/hit): seed=7243106025650514679 [2, 5, 7, 15, 25, 59, 61, 84, 100, 119, 121, 187, 204, 233, 251]
logs_custom/n8_S15.txt.bz2.greedyext.20260220_142550.txt

25 52 62 79 83 84 139 155 162 189 201 203 223 243 254
Iter#18202 New set #800 of size 15 (22.8 its/hit = 0.000s/hit): seed=14445659129883984637 [25, 52, 62, 79, 83, 84, 139, 155, 162, 189, 201, 203, 223, 243, 254]
logs_custom/n8_S15.txt.bz2.txt

22 52 67 85 104 123 130 135 143 152 176 187 201 203 207
Iter#9805 New set #400 of size 15 (24.5 its/hit = 0.000s/hit): seed=16159926354605983034 [22, 52, 67, 85, 104, 123, 130, 135, 143, 152, 176, 187, 201, 203, 207]
logs_custom/n8_S15.txt.bz2.greedyext.20260220_142550.txt

0 14 28 40 47 50 54 112 135 136 163 170 178 220 231
Iter#20533 New set #900 of size 15 (22.8 its/hit = 0.000s/hit): seed=9421725901471902372 [0, 14, 28, 40, 47, 50, 54, 112, 135, 136, 163, 170, 178, 220, 231]
logs_custom/n8_S15.txt.bz2.greedyext.20260220_142550.txt

1 4 19 28 45 67 73 75 99 121 176 188 197 206 209
Iter#18341986 New set #800000 of size 15 (22.9 its/hit = 0.000s/hit): seed=2994716186195955457 [1, 4, 19, 28, 45, 67, 73, 75, 99, 121, 176, 188, 197, 206, 209]
logs_custom/n8_S15.txt.bz2.greedyext.20260220_142550.txt

44 52 66 100 112 145 153 159 165 169 172 179 212 222 253
Iter#460887 New set #20000 of size 15 (23.0 its/hit = 0.000s/hit): seed=14014968349420721041 [44, 52, 66, 100, 112, 145, 153, 159, 165, 169, 172, 179, 212, 222, 253]
logs_custom/n8_S15.txt.bz2.greedyext.20260220_142550.txt

6 25 47 49 55 89 99 107 108 130 155 168 185 189 251
Iter#918119 New set #40000 of size 15 (23.0 its/hit = 0.000s/hit): seed=14525115470672212922 [6, 25, 47, 49, 55, 89, 99, 107, 108, 130, 155, 168, 185, 189, 251]
logs_custom/n8_S15.txt.bz2.greedyext.20260220_142550.txt

3 11 57 58 127 155 160 179 180 198 205 215 225 227 250
Iter#230906 New set #10000 of size 15 (23.1 its/hit = 0.000s/hit): seed=17416465585641584728 [3, 11, 57, 58, 127, 155, 160, 179, 180, 198, 205, 215, 225, 227, 250]
logs_custom/n8_S15.txt.bz2.greedyext.20260220_142550.txt

4 44 58 69 79 122 136 138 140 144 159 168 186 213 216
Iter#20626489 New set #900000 of size 15 (22.9 its/hit = 0.000s/hit): seed=5524265268530457529 [4, 44, 58, 69, 79, 122, 136, 138, 140, 144, 159, 168, 186, 213, 216]
logs_custom/n8_S15.txt.bz2.greedyext.20260220_142550.txt

26 43 49 51 53 82 96 101 159 177 195 211 220 240 251
Iter#92210 New set #4000 of size 15 (23.1 its/hit = 0.000s/hit): seed=2480243760214508821 [26, 43, 49, 51, 53, 82, 96, 101, 159, 177, 195, 211, 220, 240, 251]
logs_custom/n8_S15.txt.bz2.greedyext.20260220_142550.txt

20 31 39 77 95 163 195 199 202 207 217 223 226 243 253
Iter#2060346 New set #90000 of size 15 (22.9 its/hit = 0.000s/hit): seed=8592810036183759514 [20, 31, 39, 77, 95, 163, 195, 199, 202, 207, 217, 223, 226, 243, 253]
logs_custom/n8_S15.txt.bz2.txt

18 25 26 49 66 121 140 160 162 177 182 188 199 208 245
Iter#1701 New set #60 of size 15 (28.4 its/hit = 0.000s/hit): seed=8142452145516009962 [18, 25, 26, 49, 66, 121, 140, 160, 162, 177, 182, 188, 199, 208, 245]
logs_custom/n8_S15.txt.bz2.greedyext.20260220_142550.txt

75 86 91 92 111 116 144 146 156 162 188 201 220 221 224
Iter#6891224 New set #300000 of size 15 (23.0 its/hit = 0.000s/hit): seed=15277313138687343440 [75, 86, 91, 92, 111, 116, 144, 146, 156, 162, 188, 201, 220, 221, 224]
logs_custom/n8_S15.txt.bz2.txt

7 12 54 55 83 89 119 134 170 172 181 184 202 239 247
Iter#255 New set #6 of size 15 (42.5 its/hit = 0.000s/hit): seed=2946135252624465296 [7, 12, 54, 55, 83, 89, 119, 134, 170, 172, 181, 184, 202, 239, 247]
logs_custom/n8_S15.txt.bz2.txt

41 67 86 92 105 140 144 145 196 198 200 220 232 248 255
Iter#545 New set #20 of size 15 (27.2 its/hit = 0.000s/hit): seed=15687308971386690631 [41, 67, 86, 92, 105, 140, 144, 145, 196, 198, 200, 220, 232, 248, 255]
logs_custom/n8_S15.txt.bz2.txt

7 18 41 111 112 118 123 127 135 144 161 164 215 228 252
Iter#116361 New set #5000 of size 15 (23.3 its/hit = 0.000s/hit): seed=630337671137159110 [7, 18, 41, 111, 112, 118, 123, 127, 135, 144, 161, 164, 215, 228, 252]
logs_custom/n8_S15.txt.bz2.txt

10 65 72 84 91 92 119 156 184 186 187 201 207 217 224
Iter#161733 New set #7000 of size 15 (23.1 its/hit = 0.000s/hit): seed=17125741597295152462 [10, 65, 72, 84, 91, 92, 119, 156, 184, 186, 187, 201, 207, 217, 224]
logs_custom/n8_S15.txt.bz2.greedyext.20260220_142550.txt

29 39 42 47 73 80 81 112 150 199 208 212 229 243 250
Iter#139877 New set #6000 of size 15 (23.3 its/hit = 0.000s/hit): seed=11062476162717809700 [29, 39, 42, 47, 73, 80, 81, 112, 150, 199, 208, 212, 229, 243, 250]
logs_custom/n8_S15.txt.bz2.txt

23 32 57 65 82 103 125 128 165 190 230 233 241 244 247
Iter#1148338 New set #50000 of size 15 (23.0 its/hit = 0.000s/hit): seed=15738978710453693571 [23, 32, 57, 65, 82, 103, 125, 128, 165, 190, 230, 233, 241, 244, 247]
logs_custom/n8_S15.txt.bz2.txt

26 42 43 48 67 70 95 116 124 167 168 170 181 205 225
Iter#1611256 New set #70000 of size 15 (23.0 its/hit = 0.000s/hit): seed=3595963195358839291 [26, 42, 43, 48, 67, 70, 95, 116, 124, 167, 168, 170, 181, 205, 225]
logs_custom/n8_S15.txt.bz2.txt

21 35 46 72 81 85 94 113 127 136 151 157 209 216 228
Iter#1148898 New set #50000 of size 15 (23.0 its/hit = 0.000s/hit): seed=4073714112732398742 [21, 35, 46, 72, 81, 85, 94, 113, 127, 136, 151, 157, 209, 216, 228]
logs_custom/n8_S15.txt.bz2.greedyext.20260220_142550.txt

28 66 71 98 133 145 162 181 188 190 193 197 205 227 243
Iter#13755485 New set #600000 of size 15 (22.9 its/hit = 0.000s/hit): seed=18378968562042537779 [28, 66, 71, 98, 133, 145, 162, 181, 188, 190, 193, 197, 205, 227, 243]
logs_custom/n8_S15.txt.bz2.greedyext.20260220_142550.txt

41 43 79 81 87 97 107 116 144 148 191 198 206 230 241
Iter#2032 New set #80 of size 15 (25.4 its/hit = 0.000s/hit): seed=13116082904099948015 [41, 43, 79, 81, 87, 97, 107, 116, 144, 148, 191, 198, 206, 230, 241]
logs_custom/n8_S15.txt.bz2.txt

10 14 16 60 105 110 124 141 155 185 202 214 215 231 246
Iter#18439 New set #800 of size 15 (23.0 its/hit = 0.000s/hit): seed=12531935990808327828 [10, 14, 16, 60, 105, 110, 124, 141, 155, 185, 202, 214, 215, 231, 246]
logs_custom/n8_S15.txt.bz2.greedyext.20260220_142550.txt

25 42 43 53 64 72 79 90 102 113 158 168 177 208 248
Iter#142 New set #3 of size 15 (47.3 its/hit = 0.000s/hit): seed=4336647991135062238 [25, 42, 43, 53, 64, 72, 79, 90, 102, 113, 158, 168, 177, 208, 248]
logs_custom/n8_S15.txt.bz2.txt

36 50 66 92 107 116 134 141 148 160 179 225 231 238 251
Iter#16044839 New set #700000 of size 15 (22.9 its/hit = 0.000s/hit): seed=6703635921400033360 [36, 50, 66, 92, 107, 116, 134, 141, 148, 160, 179, 225, 231, 238, 251]
logs_custom/n8_S15.txt.bz2.greedyext.20260220_142550.txt

2 5 39 49 52 55 69 80 81 89 127 129 141 150 219
Iter#23005 New set #1000 of size 15 (23.0 its/hit = 0.000s/hit): seed=11269605666608878340 [2, 5, 39, 49, 52, 55, 69, 80, 81, 89, 127, 129, 141, 150, 219]
logs_custom/n8_S15.txt.bz2.greedyext.20260220_142550.txt

5 43 45 66 97 121 123 126 143 148 189 208 225 242 252
Iter#22582 New set #1000 of size 15 (22.6 its/hit = 0.000s/hit): seed=3366190958760486011 [5, 43, 45, 66, 97, 121, 123, 126, 143, 148, 189, 208, 225, 242, 252]
logs_custom/n8_S15.txt.bz2.txt

16 28 42 48 81 88 139 141 164 208 211 226 231 239 251
Iter#4580919 New set #200000 of size 15 (22.9 its/hit = 0.000s/hit): seed=6028667000077240503 [16, 28, 42, 48, 81, 88, 139, 141, 164, 208, 211, 226, 231, 239, 251]
logs_custom/n8_S15.txt.bz2.greedyext.20260220_142550.txt

2 15 33 57 72 78 103 118 137 156 175 182 184 185 196
Iter#13824 New set #600 of size 15 (23.0 its/hit = 0.000s/hit): seed=17102914236370144841 [2, 15, 33, 57, 72, 78, 103, 118, 137, 156, 175, 182, 184, 185, 196]
logs_custom/n8_S15.txt.bz2.txt

11 14 46 77 96 103 106 120 146 158 173 176 194 210 234
Iter#125 New set #2 of size 15 (62.5 its/hit = 0.000s/hit): seed=8118489201534777374 [11, 14, 46, 77, 96, 103, 106, 120, 146, 158, 173, 176, 194, 210, 234]
logs_custom/n8_S15.txt.bz2.txt

38 57 63 65 83 89 109 139 142 154 187 194 203 213 222
Iter#691630 New set #30000 of size 15 (23.1 its/hit = 0.000s/hit): seed=3741380454923437977 [38, 57, 63, 65, 83, 89, 109, 139, 142, 154, 187, 194, 203, 213, 222]
logs_custom/n8_S15.txt.bz2.txt

21 43 83 90 96 101 106 110 149 164 189 203 215 240 247
Iter#2537 New set #90 of size 15 (28.2 its/hit = 0.000s/hit): seed=10211490622550571789 [21, 43, 83, 90, 96, 101, 106, 110, 149, 164, 189, 203, 215, 240, 247]
logs_custom/n8_S15.txt.bz2.greedyext.20260220_142550.txt

36 49 64 81 98 103 108 126 144 156 186 232 239 251 255
Iter#115651 New set #5000 of size 15 (23.1 its/hit = 0.000s/hit): seed=7190305865306614108 [36, 49, 64, 81, 98, 103, 108, 126, 144, 156, 186, 232, 239, 251, 255]
logs_custom/n8_S15.txt.bz2.greedyext.20260220_142550.txt

3 38 66 87 90 95 115 119 124 150 154 174 197 217 246
Iter#186005 New set #8000 of size 15 (23.3 its/hit = 0.000s/hit): seed=1334592242849001678 [3, 38, 66, 87, 90, 95, 115, 119, 124, 150, 154, 174, 197, 217, 246]
logs_custom/n8_S15.txt.bz2.txt

6 17 26 40 44 46 47 130 162 185 199 224 236 246 255
Iter#6874862 New set #300000 of size 15 (22.9 its/hit = 0.000s/hit): seed=3903504207225939769 [6, 17, 26, 40, 44, 46, 47, 130, 162, 185, 199, 224, 236, 246, 255]
logs_custom/n8_S15.txt.bz2.greedyext.20260220_142550.txt

13 81 106 108 117 120 121 134 142 152 190 199 204 248 253
Iter#1381822 New set #60000 of size 15 (23.0 its/hit = 0.000s/hit): seed=8322088099171504907 [13, 81, 106, 108, 117, 120, 121, 134, 142, 152, 190, 199, 204, 248, 253]
logs_custom/n8_S15.txt.bz2.txt

3 4 18 40 48 50 69 130 161 165 172 203 223 226 254
Iter#689091 New set #30000 of size 15 (23.0 its/hit = 0.000s/hit): seed=10672292265815498900 [3, 4, 18, 40, 48, 50, 69, 130, 161, 165, 172, 203, 223, 226, 254]
logs_custom/n8_S15.txt.bz2.greedyext.20260220_142550.txt

11 25 29 63 87 133 134 135 170 172 191 193 243 244 254
Iter#7136 New set #300 of size 15 (23.8 its/hit = 0.000s/hit): seed=9499583990760230081 [11, 25, 29, 63, 87, 133, 134, 135, 170, 172, 191, 193, 243, 244, 254]
logs_custom/n8_S15.txt.bz2.txt

27 57 58 67 80 90 146 150 155 162 170 182 184 189 197
Iter#16270 New set #700 of size 15 (23.2 its/hit = 0.000s/hit): seed=2731028305969630922 [27, 57, 58, 67, 80, 90, 146, 150, 155, 162, 170, 182, 184, 189, 197]
logs_custom/n8_S15.txt.bz2.greedyext.20260220_142550.txt

0 1 29 38 51 56 72 77 114 145 159 190 229 232 252
Iter#45697 New set #2000 of size 15 (22.8 its/hit = 0.000s/hit): seed=17090257798007682467 [0, 1, 29, 38, 51, 56, 72, 77, 114, 145, 159, 190, 229, 232, 252]
logs_custom/n8_S15.txt.bz2.txt

3 7 29 40 49 58 59 81 84 113 124 190 216 227 252
Iter#157 New set #7 of size 15 (22.4 its/hit = 0.000s/hit): seed=14375644705561626531 [3, 7, 29, 40, 49, 58, 59, 81, 84, 113, 124, 190, 216, 227, 252]
logs_custom/n8_S15.txt.bz2.greedyext.20260220_142550.txt

6 17 42 73 91 100 116 146 150 166 172 198 199 218 255
Iter#9 New set #2 of size 15 (4.5 its/hit = 0.000s/hit): seed=742188581278449167 [6, 17, 42, 73, 91, 100, 116, 146, 150, 166, 172, 198, 199, 218, 255]
logs_custom/n8_S15.txt.bz2.greedyext.20260220_142550.txt

30 62 89 93 111 112 126 129 142 149 175 177 215 221 227
Iter#431 New set #20 of size 15 (21.5 its/hit = 0.000s/hit): seed=4340751039515068101 [30, 62, 89, 93, 111, 112, 126, 129, 142, 149, 175, 177, 215, 221, 227]
logs_custom/n8_S15.txt.bz2.greedyext.20260220_142550.txt

0 24 34 39 57 69 80 108 125 161 183 184 201 230 236
Iter#5007 New set #200 of size 15 (25.0 its/hit = 0.000s/hit): seed=1668875363044310168 [0, 24, 34, 39, 57, 69, 80, 108, 125, 161, 183, 184, 201, 230, 236]
logs_custom/n8_S15.txt.bz2.greedyext.20260220_142550.txt

8 72 90 127 136 142 170 177 180 182 188 196 202 215 231
Iter#1836677 New set #80000 of size 15 (23.0 its/hit = 0.000s/hit): seed=9371029963443331736 [8, 72, 90, 127, 136, 142, 170, 177, 180, 182, 188, 196, 202, 215, 231]
logs_custom/n8_S15.txt.bz2.txt

12 32 42 92 111 127 157 161 169 181 192 193 197 222 247
Iter#2567 New set #100 of size 15 (25.7 its/hit = 0.000s/hit): seed=15365752629157647329 [12, 32, 42, 92, 111, 127, 157, 161, 169, 181, 192, 193, 197, 222, 247]
logs_custom/n8_S15.txt.bz2.txt

2 9 11 14 40 46 48 62 74 75 86 101 166 246 252
Iter#11593 New set #500 of size 15 (23.2 its/hit = 0.000s/hit): seed=9544528299906641537 [2, 9, 11, 14, 40, 46, 48, 62, 74, 75, 86, 101, 166, 246, 252]
logs_custom/n8_S15.txt.bz2.txt

3 8 19 20 60 63 70 100 118 139 159 182 244 246 249
Iter#918672 New set #40000 of size 15 (23.0 its/hit = 0.000s/hit): seed=982892642494344245 [3, 8, 19, 20, 60, 63, 70, 100, 118, 139, 159, 182, 244, 246, 249]
logs_custom/n8_S15.txt.bz2.txt

30 48 99 122 124 128 139 143 147 157 158 164 168 234 240
Iter#784 New set #30 of size 15 (26.1 its/hit = 0.000s/hit): seed=12654838152493639101 [30, 48, 99, 122, 124, 128, 139, 143, 147, 157, 158, 164, 168, 234, 240]
logs_custom/n8_S15.txt.bz2.greedyext.20260220_142550.txt

7 8 15 21 22 39 92 117 123 138 149 160 171 207 236
Iter#206837 New set #9000 of size 15 (23.0 its/hit = 0.000s/hit): seed=174305075162685084 [7, 8, 15, 21, 22, 39, 92, 117, 123, 138, 149, 160, 171, 207, 236]
logs_custom/n8_S15.txt.bz2.greedyext.20260220_142550.txt

19 22 61 90 109 148 164 184 199 206 208 212 214 215 242
Iter#1608135 New set #70000 of size 15 (23.0 its/hit = 0.000s/hit): seed=14388367689858353629 [19, 22, 61, 90, 109, 148, 164, 184, 199, 206, 208, 212, 214, 215, 242]
logs_custom/n8_S15.txt.bz2.greedyext.20260220_142550.txt

3 11 14 22 35 39 40 87 114 141 145 162 194 206 250
Iter#2246 New set #90 of size 15 (25.0 its/hit = 0.000s/hit): seed=673254616144391202 [3, 11, 14, 22, 35, 39, 40, 87, 114, 141, 145, 162, 194, 206, 250]
logs_custom/n8_S15.txt.bz2.txt

34 49 78 79 100 105 110 116 124 147 157 162 232 246 249
Iter#14070 New set #600 of size 15 (23.5 its/hit = 0.000s/hit): seed=17871386589091220374 [34, 49, 78, 79, 100, 105, 110, 116, 124, 147, 157, 162, 232, 246, 249]
logs_custom/n8_S15.txt.bz2.greedyext.20260220_142550.txt

10 51 74 103 119 128 146 153 155 172 187 202 225 242 254
Iter#1839303 New set #80000 of size 15 (23.0 its/hit = 0.000s/hit): seed=5311784132001511574 [10, 51, 74, 103, 119, 128, 146, 153, 155, 172, 187, 202, 225, 242, 254]
logs_custom/n8_S15.txt.bz2.greedyext.20260220_142550.txt

40 53 75 127 144 145 149 178 200 206 212 221 228 232 240
Iter#7133 New set #300 of size 15 (23.8 its/hit = 0.000s/hit): seed=16326529626894351512 [40, 53, 75, 127, 144, 145, 149, 178, 200, 206, 212, 221, 228, 232, 240]
logs_custom/n8_S15.txt.bz2.greedyext.20260220_142550.txt

20 51 54 61 70 91 115 117 127 136 148 183 184 191 201
Iter#184656 New set #8000 of size 15 (23.1 its/hit = 0.000s/hit): seed=12272426240565762789 [20, 51, 54, 61, 70, 91, 115, 117, 127, 136, 148, 183, 184, 191, 201]
logs_custom/n8_S15.txt.bz2.greedyext.20260220_142550.txt

28 67 80 91 94 114 117 146 155 162 175 184 210 216 218
Iter#190 New set #10 of size 15 (19.0 its/hit = 0.000s/hit): seed=16047993617899843765 [28, 67, 80, 91, 94, 114, 117, 146, 155, 162, 175, 184, 210, 216, 218]
logs_custom/n8_S15.txt.bz2.greedyext.20260220_142550.txt

31 47 54 94 104 114 123 142 161 193 199 217 220 248 251
Iter#231203 New set #10000 of size 15 (23.1 its/hit = 0.000s/hit): seed=10660734340871041954 [31, 47, 54, 94, 104, 114, 123, 142, 161, 193, 199, 217, 220, 248, 251]
logs_custom/n8_S15.txt.bz2.txt

20 63 88 139 143 145 148 165 166 172 174 205 223 251 253
Iter#281 New set #9 of size 15 (31.2 its/hit = 0.000s/hit): seed=2707191867252340431 [20, 63, 88, 139, 143, 145, 148, 165, 166, 172, 174, 205, 223, 251, 253]
logs_custom/n8_S15.txt.bz2.txt

25 83 90 107 124 126 131 135 156 175 185 194 195 208 233
Iter#908 New set #40 of size 15 (22.7 its/hit = 0.000s/hit): seed=1152695366384392014 [25, 83, 90, 107, 124, 126, 131, 135, 156, 175, 185, 194, 195, 208, 233]
logs_custom/n8_S15.txt.bz2.txt

15 56 59 86 110 113 130 133 140 153 155 170 185 193 241
Iter#102 New set #5 of size 15 (20.4 its/hit = 0.000s/hit): seed=5164986403114854446 [15, 56, 59, 86, 110, 113, 130, 133, 140, 153, 155, 170, 185, 193, 241]
logs_custom/n8_S15.txt.bz2.greedyext.20260220_142550.txt

2 12 15 20 31 41 94 112 118 124 130 158 175 177 218
Iter#309 New set #10 of size 15 (30.9 its/hit = 0.000s/hit): seed=2761474874251708470 [2, 12, 15, 20, 31, 41, 94, 112, 118, 124, 130, 158, 175, 177, 218]
logs_custom/n8_S15.txt.bz2.txt

14 16 19 29 33 51 67 87 95 123 125 178 181 185 200
Iter#68939 New set #3000 of size 15 (23.0 its/hit = 0.000s/hit): seed=6373896078401236568 [14, 16, 19, 29, 33, 51, 67, 87, 95, 123, 125, 178, 181, 185, 200]
logs_custom/n8_S15.txt.bz2.txt

1 12 36 50 66 86 116 151 189 216 220 233 236 247 252
Iter#4594839 New set #200000 of size 15 (23.0 its/hit = 0.000s/hit): seed=15985180911662533543 [1, 12, 36, 50, 66, 86, 116, 151, 189, 216, 220, 233, 236, 247, 252]
logs_custom/n8_S15.txt.bz2.txt

45 49 54 64 65 95 128 142 150 170 186 209 210 217 239
Iter#22923548 New set #1000000 of size 15 (22.9 its/hit = 0.000s/hit): seed=3253553963476988471 [45, 49, 54, 64, 65, 95, 128, 142, 150, 170, 186, 209, 210, 217, 239]
logs_custom/n8_S15.txt.bz2.greedyext.20260220_142550.txt

13 21 34 52 54 59 65 66 72 143 152 157 168 189 244
Iter#9163604 New set #400000 of size 15 (22.9 its/hit = 0.000s/hit): seed=9582692259782434296 [13, 21, 34, 52, 54, 59, 65, 66, 72, 143, 152, 157, 168, 189, 244]
logs_custom/n8_S15.txt.bz2.greedyext.20260220_142550.txt

9 13 34 50 53 103 111 117 163 192 202 207 209 220 236
Iter#183 New set #9 of size 15 (20.3 its/hit = 0.000s/hit): seed=13328605819016329838 [9, 13, 34, 50, 53, 103, 111, 117, 163, 192, 202, 207, 209, 220, 236]
logs_custom/n8_S15.txt.bz2.greedyext.20260220_142550.txt

14 25 44 49 78 81 109 131 137 139 157 206 210 239 245
Iter#209 New set #5 of size 15 (41.8 its/hit = 0.000s/hit): seed=2576157066575349117 [14, 25, 44, 49, 78, 81, 109, 131, 137, 139, 157, 206, 210, 239, 245]
logs_custom/n8_S15.txt.bz2.txt

2 37 38 41 60 67 106 145 152 178 192 209 211 226 252
Iter#2292514 New set #100000 of size 15 (22.9 its/hit = 0.000s/hit): seed=16437344784246806503 [2, 37, 38, 41, 60, 67, 106, 145, 152, 178, 192, 209, 211, 226, 252]
logs_custom/n8_S15.txt.bz2.txt

5 32 65 87 91 95 116 168 173 197 199 213 229 239 248
Iter#13774600 New set #600000 of size 15 (23.0 its/hit = 0.000s/hit): seed=11519271594175244337 [5, 32, 65, 87, 91, 95, 116, 168, 173, 197, 199, 213, 229, 239, 248]
logs_custom/n8_S15.txt.bz2.txt

8 16 19 24 25 59 72 92 112 118 182 185 195 205 247
Iter#1 New set #1 of size 15 (1.0 its/hit = 0.000s/hit): seed=12905554574148227238 [8, 16, 19, 24, 25, 59, 72, 92, 112, 118, 182, 185, 195, 205, 247]
logs_custom/n8_S15.txt.bz2.greedyext.20260220_142550.txt

1 45 52 67 71 106 112 160 161 198 218 225 238 249 250
Iter#1582 New set #60 of size 15 (26.4 its/hit = 0.000s/hit): seed=16964507958508511615 [1, 45, 52, 67, 71, 106, 112, 160, 161, 198, 218, 225, 238, 249, 250]
logs_custom/n8_S15.txt.bz2.txt

37 57 68 78 81 101 118 177 190 211 219 221 222 232 243
Iter#9402 New set #400 of size 15 (23.5 its/hit = 0.000s/hit): seed=9902039785885322241 [37, 57, 68, 78, 81, 101, 118, 177, 190, 211, 219, 221, 222, 232, 243]
logs_custom/n8_S15.txt.bz2.txt

2 9 10 31 74 83 84 90 99 108 171 185 201 209 226
Iter#163445 New set #7000 of size 15 (23.3 its/hit = 0.000s/hit): seed=14949896129509946740 [2, 9, 10, 31, 74, 83, 84, 90, 99, 108, 171, 185, 201, 209, 226]
logs_custom/n8_S15.txt.bz2.txt

2 10 17 19 34 46 48 62 96 111 117 120 158 171 231
Iter#146 New set #4 of size 15 (36.5 its/hit = 0.000s/hit): seed=15877911527651733246 [2, 10, 17, 19, 34, 46, 48, 62, 96, 111, 117, 120, 158, 171, 231]
logs_custom/n8_S15.txt.bz2.txt

21 40 46 58 91 111 128 135 163 181 190 231 233 252 254
Iter#45858373 New set #2000000 of size 15 (22.9 its/hit = 0.000s/hit): seed=15239921155092043960 [21, 40, 46, 58, 91, 111, 128, 135, 163, 181, 190, 231, 233, 252, 254]
logs_custom/n8_S15.txt.bz2.greedyext.20260220_142550.txt

5 38 41 74 79 133 156 158 183 203 216 220 223 225 239
Iter#1469 New set #50 of size 15 (29.4 its/hit = 0.000s/hit): seed=15926013707659029991 [5, 38, 41, 74, 79, 133, 156, 158, 183, 203, 216, 220, 223, 225, 239]
logs_custom/n8_S15.txt.bz2.greedyext.20260220_142550.txt

2 4 15 29 54 56 60 68 81 100 117 174 196 208 255
Iter#1379479 New set #60000 of size 15 (23.0 its/hit = 0.000s/hit): seed=6126467156360428632 [2, 4, 15, 29, 54, 56, 60, 68, 81, 100, 117, 174, 196, 208, 255]
logs_custom/n8_S15.txt.bz2.greedyext.20260220_142550.txt

6 7 9 35 58 72 79 96 136 152 169 186 204 229 248
Iter#12186 New set #500 of size 15 (24.4 its/hit = 0.000s/hit): seed=13617530995837401918 [6, 7, 9, 35, 58, 72, 79, 96, 136, 152, 169, 186, 204, 229, 248]
logs_custom/n8_S15.txt.bz2.greedyext.20260220_142550.txt

0 11 34 36 39 48 87 89 116 169 179 197 235 242 243
Iter#91417 New set #4000 of size 15 (22.9 its/hit = 0.000s/hit): seed=13199106051410134052 [0, 11, 34, 36, 39, 48, 87, 89, 116, 169, 179, 197, 235, 242, 243]
logs_custom/n8_S15.txt.bz2.txt

16 27 28 36 89 131 134 158 169 176 191 192 223 228 229
Iter#15961 New set #700 of size 15 (22.8 its/hit = 0.000s/hit): seed=5354442810621056600 [16, 27, 28, 36, 89, 131, 134, 158, 169, 176, 191, 192, 223, 228, 229]
logs_custom/n8_S15.txt.bz2.txt

38 53 74 86 106 108 119 126 134 136 177 192 218 241 245
Iter#11481023 New set #500000 of size 15 (23.0 its/hit = 0.000s/hit): seed=15396489439641730511 [38, 53, 74, 86, 106, 108, 119, 126, 134, 136, 177, 192, 218, 241, 245]
logs_custom/n8_S15.txt.bz2.txt

2 12 26 99 145 165 183 186 199 205 217 221 231 239 250
Iter#11459720 New set #500000 of size 15 (22.9 its/hit = 0.000s/hit): seed=13744743084835017809 [2, 12, 26, 99, 145, 165, 183, 186, 199, 205, 217, 221, 231, 239, 250]
logs_custom/n8_S15.txt.bz2.greedyext.20260220_142550.txt

35 46 51 53 54 95 115 122 134 145 178 203 213 241 243
Iter#1145 New set #50 of size 15 (22.9 its/hit = 0.000s/hit): seed=3384503691378405326 [35, 46, 51, 53, 54, 95, 115, 122, 134, 145, 178, 203, 213, 241, 243]
logs_custom/n8_S15.txt.bz2.txt

40 41 47 54 61 63 147 151 160 189 200 208 246 249 252
Iter#1741 New set #70 of size 15 (24.9 its/hit = 0.000s/hit): seed=10453274848889865816 [40, 41, 47, 54, 61, 63, 147, 151, 160, 189, 200, 208, 246, 249, 252]
logs_custom/n8_S15.txt.bz2.txt

38 55 69 101 102 113 118 149 180 188 195 216 225 239 243
Iter#2237 New set #80 of size 15 (28.0 its/hit = 0.000s/hit): seed=12182735249970356547 [38, 55, 69, 101, 102, 113, 118, 149, 180, 188, 195, 216, 225, 239, 243]
logs_custom/n8_S15.txt.bz2.greedyext.20260220_142550.txt

1 12 45 74 75 79 100 117 130 151 157 160 176 190 195
Iter#138439 New set #6000 of size 15 (23.1 its/hit = 0.000s/hit): seed=4625834442781756955 [1, 12, 45, 74, 75, 79, 100, 117, 130, 151, 157, 160, 176, 190, 195]
logs_custom/n8_S15.txt.bz2.greedyext.20260220_142550.txt

2 25 34 43 98 108 112 113 117 122 137 157 179 213 246
Iter#461834 New set #20000 of size 15 (23.1 its/hit = 0.000s/hit): seed=8768006937315934838 [2, 25, 34, 43, 98, 108, 112, 113, 117, 122, 137, 157, 179, 213, 246]
logs_custom/n8_S15.txt.bz2.txt

4 7 28 40 59 71 74 86 99 103 195 224 230 232 233
Iter#2299721 New set #100000 of size 15 (23.0 its/hit = 0.000s/hit): seed=17491354753425244035 [4, 7, 28, 40, 59, 71, 74, 86, 99, 103, 195, 224, 230, 232, 233]
logs_custom/n8_S15.txt.bz2.greedyext.20260220_142550.txt

6 13 14 30 47 65 71 78 90 131 142 143 153 180 242
Iter#208598 New set #9000 of size 15 (23.2 its/hit = 0.000s/hit): seed=1006821605504745197 [6, 13, 14, 30, 47, 65, 71, 78, 90, 131, 142, 143, 153, 180, 242]
logs_custom/n8_S15.txt.bz2.txt

2 8 19 26 70 83 92 116 132 133 134 154 175 188 199
Iter#4812 New set #200 of size 15 (24.1 its/hit = 0.000s/hit): seed=7896751059926532792 [2, 8, 19, 26, 70, 83, 92, 116, 132, 133, 134, 154, 175, 188, 199]
logs_custom/n8_S15.txt.bz2.txt

15 16 17 57 73 83 88 125 128 212 214 231 232 235 239
Iter#2839 New set #100 of size 15 (28.4 its/hit = 0.000s/hit): seed=7510642814046321946 [15, 16, 17, 57, 73, 83, 88, 125, 128, 212, 214, 231, 232, 235, 239]
logs_custom/n8_S15.txt.bz2.greedyext.20260220_142550.txt

5 21 31 32 76 84 88 128 166 194 212 213 219 220 226
Iter#750 New set #30 of size 15 (25.0 its/hit = 0.000s/hit): seed=6324897509498849360 [5, 21, 31, 32, 76, 84, 88, 128, 166, 194, 212, 213, 219, 220, 226]
logs_custom/n8_S15.txt.bz2.txt

14 46 47 51 54 64 78 119 133 159 170 177 205 224 247
Iter#39 New set #3 of size 15 (13.0 its/hit = 0.000s/hit): seed=16532354984366998025 [14, 46, 47, 51, 54, 64, 78, 119, 133, 159, 170, 177, 205, 224, 247]
logs_custom/n8_S15.txt.bz2.greedyext.20260220_142550.txt

6 24 25 34 38 41 104 117 160 167 179 182 187 217 235
Iter#20306 New set #900 of size 15 (22.6 its/hit = 0.000s/hit): seed=9793594135925827226 [6, 24, 25, 34, 38, 41, 104, 117, 160, 167, 179, 182, 187, 217, 235]
logs_custom/n8_S15.txt.bz2.txt

6 22 48 66 77 79 91 98 113 117 187 188 214 221 237
Iter#269 New set #8 of size 15 (33.6 its/hit = 0.000s/hit): seed=721051541157076236 [6, 22, 48, 66, 77, 79, 91, 98, 113, 117, 187, 188, 214, 221, 237]
logs_custom/n8_S15.txt.bz2.txt

0 4 21 34 37 71 96 114 125 186 205 206 213 230 245
Iter#9186806 New set #400000 of size 15 (23.0 its/hit = 0.000s/hit): seed=9617205759797823719 [0, 4, 21, 34, 37, 71, 96, 114, 125, 186, 205, 206, 213, 230, 245]
logs_custom/n8_S15.txt.bz2.txt

15 60 69 79 132 136 143 144 145 159 170 222 238 242 255
Iter#58 New set #4 of size 15 (14.5 its/hit = 0.000s/hit): seed=5132088642904660886 [15, 60, 69, 79, 132, 136, 143, 144, 145, 159, 170, 222, 238, 242, 255]
logs_custom/n8_S15.txt.bz2.greedyext.20260220_142550.txt

18 34 36 87 92 105 157 185 195 219 222 225 226 240 248
Iter#1099 New set #40 of size 15 (27.5 its/hit = 0.000s/hit): seed=12637862761147841669 [18, 34, 36, 87, 92, 105, 157, 185, 195, 219, 222, 225, 226, 240, 248]
logs_custom/n8_S15.txt.bz2.greedyext.20260220_142550.txt

