[*] Computing DDT
[+] DDT Computed
DDT took 99.063979997s
Iter#1 New set #1 of size 51 (1.0 its/hit = 0.000s/hit): seed=8289042941586461467 [4144, 4339, 4484, 4603, 5172, 5364, 5369, 5431, 7209, 8002, 14133, 17617, 20513, 20535, 20539, 20881, 21081, 21541, 21635, 21811, 21899, 23793, 24115, 28663, 36484, 37755, 40921, 41009, 41108, 41345, 41367, 41371, 42023, 42037, 49423, 50981, 53379, 53555, 53561, 53744, 54305, 54327, 54403, 54585, 54673, 54772, 57352, 58370, 61495, 61687, 61940]
Iter#6 New set #1 of size 52 (6.0 its/hit = 0.000s/hit): seed=10144442260861783421 [842, 892, 2749, 9085, 9123, 9587, 10867, 10925, 11372, 12222, 13177, 13231, 13485, 14958, 14975, 15017, 15481, 16253, 16291, 19233, 19341, 24632, 24735, 24973, 25019, 27596, 28906, 33891, 33981, 34159, 34174, 34233, 35053, 35945, 36031, 37560, 38243, 38333, 40045, 40115, 40809, 41489, 41718, 44114, 44596, 52527, 58381, 58633, 59913, 60617, 61389, 62695]
Iter#17 New set #1 of size 54 (17.0 its/hit = 0.000s/hit): seed=5155204566768817832 [1978, 2156, 2170, 2998, 4007, 5627, 8294, 8314, 9889, 9944, 10151, 10171, 10343, 10917, 10921, 10931, 12198, 15830, 16198, 18019, 18107, 18337, 18549, 19369, 20805, 24738, 24760, 25247, 28514, 28641, 28838, 30395, 30567, 31333, 37203, 37325, 46763, 46775, 46967, 47013, 47205, 47217, 47715, 48033, 48035, 48057, 54266, 54949, 55223, 55403, 55475, 55931, 55971, 60823]
Iter#19 New set #1 of size 64 (19.0 its/hit = 0.000s/hit): seed=7622879582557768876 [4113, 4131, 4196, 4270, 4273, 5732, 5806, 6214, 6364, 12093, 12332, 12353, 13718, 13889, 14911, 15658, 20522, 20553, 20670, 22058, 22132, 22177, 22570, 22601, 22741, 23873, 24019, 24611, 24646, 24676, 24753, 26286, 26659, 26694, 26724, 26844, 28889, 30906, 32038, 32067, 32209, 40914, 41002, 41076, 41150, 42612, 42657, 42686, 42709, 43081, 43221, 45089, 45235, 46762, 47180, 47318, 48458, 48606, 49363, 50870, 50899, 51369, 52596, 59303]
Iter#49 New set #1 of size 78 (49.0 its/hit = 0.000s/hit): seed=13416725284625374790 [4934, 5545, 6170, 6215, 6721, 6875, 6967, 6993, 7195, 7342, 7478, 7515, 8966, 9015, 9034, 9041, 9498, 9543, 10321, 10762, 10811, 11483, 11547, 11607, 11734, 13626, 13638, 13742, 14359, 14907, 14934, 15022, 15319, 15382, 15435, 16800, 18454, 18522, 18651, 18955, 18970, 19002, 19015, 19210, 19227, 19479, 19511, 19537, 19665, 19738, 45091, 45850, 45910, 46039, 46342, 46359, 47278, 47319, 47690, 48391, 48406, 48438, 48459, 49472, 54550, 54734, 55306, 55355, 55366, 55831, 55899, 56026, 56086, 56139, 56331, 56535, 56598, 56651]
Iter#196 New set #1 of size 87 (196.0 its/hit = 1.000s/hit): seed=5991630603937674938 [648, 754, 1144, 1145, 2938, 2949, 3077, 3209, 3676, 4858, 5192, 5208, 6921, 7186, 7257, 7305, 7448, 7449, 7498, 7506, 7539, 7770, 7810, 7811, 7946, 8067, 8722, 9218, 9221, 9283, 9289, 9466, 10428, 11084, 11257, 11381, 11385, 11587, 11634, 11893, 12275, 16965, 17011, 17036, 17500, 17539, 19210, 19320, 19337, 19849, 19987, 19989, 20089, 20307, 20312, 21074, 21075, 21587, 21618, 23618, 23881, 24060, 24069, 24389, 45685, 46211, 46217, 47877, 47890, 48197, 48266, 48405, 48729, 48760, 48885, 48978, 49020, 54345, 54524, 56088, 56348, 56666, 56707, 57091, 57160, 57161, 57330]
Iter#348 New set #1 of size 94 (348.0 its/hit = 3.000s/hit): seed=13098360458576555418 [12578, 13115, 13965, 13990, 14112, 14116, 14647, 15046, 15306, 16016, 20781, 20864, 20884, 21300, 22055, 22106, 22146, 22432, 22868, 22941, 22951, 23083, 23126, 23200, 23387, 24114, 24202, 24214, 41360, 41808, 41869, 42551, 42688, 42692, 42843, 42898, 43300, 43312, 43405, 43435, 43579, 43610, 43834, 43835, 44578, 47551, 49458, 49613, 49963, 50006, 50011, 50845, 50996, 51115, 51495, 51515, 51546, 51586, 51744, 51764, 51914, 52020, 52125, 52781, 52864, 54052, 54064, 54219, 54827, 54839, 54874, 54914, 55079, 55130, 55170, 55723, 55846, 55866, 55938, 56107, 56150, 57642, 57687, 57730, 58317, 59028, 59074, 59821, 59949, 61898, 63126, 63387, 64290, 65220]
Iter#1910 New set #1 of size 95 (1910.0 its/hit = 17.000s/hit): seed=17591529603584845611 [369, 397, 752, 848, 1650, 1780, 2171, 2301, 2417, 2445, 3453, 3666, 4356, 4416, 4932, 5109, 5643, 5748, 5773, 6146, 6160, 6260, 6276, 6395, 6464, 6491, 7488, 7506, 7515, 7547, 7809, 25163, 25168, 25173, 26114, 26128, 26228, 26253, 26354, 26626, 26708, 26749, 26875, 28034, 29250, 29467, 30333, 30980, 31099, 31106, 32004, 32013, 32064, 32139, 32244, 33105, 33602, 34317, 34443, 34820, 34946, 35188, 35323, 36112, 36228, 41243, 41456, 41474, 41597, 41723, 42576, 43093, 44293, 45810, 45963, 46609, 47121, 47170, 47425, 48660, 52200, 62285, 63069, 63108, 63581, 63858, 63867, 63874, 63985, 63997, 64781, 64882, 65012, 65040, 65105]
Iter#3754 New set #1 of size 103 (3754.0 its/hit = 34.000s/hit): seed=8363504809923496329 [834, 1323, 1432, 1682, 1858, 1938, 1945, 2888, 3122, 3282, 25321, 29481, 29491, 29517, 29650, 30009, 30018, 30281, 30340, 30388, 30507, 30676, 31442, 31539, 31563, 31641, 31787, 31812, 31892, 31931, 33755, 34180, 34226, 34370, 34452, 34489, 34516, 34595, 34740, 34779, 35371, 35475, 35773, 35915, 35993, 50051, 50493, 50611, 50818, 50835, 50868, 51010, 51076, 51779, 51865, 51924, 52002, 52099, 52104, 52121, 52148, 52260, 52291, 52436, 54584, 54675, 55197, 55939, 56141, 56242, 56468, 56530, 58184, 58291, 58696, 58779, 58813, 59091, 59211, 59289, 59945, 60292, 60347, 60451, 60562, 62395, 62420, 62856, 62937, 62939, 63033, 63123, 63309, 63384, 63410, 63453, 64073, 64075, 64546, 64562, 64563, 64664, 64733]
Iter#9858 New set #2 of size 103 (4929.0 its/hit = 45.500s/hit): seed=10812171262839476116 [867, 871, 883, 952, 1383, 1455, 1464, 2562, 2720, 3199, 3331, 3427, 3448, 3463, 3599, 3763, 3970, 3971, 31343, 31352, 31367, 31920, 32008, 32098, 32247, 32368, 32503, 32623, 32688, 33696, 33720, 34153, 34239, 34290, 34291, 36003, 36007, 36016, 36096, 36216, 36231, 36531, 36592, 36728, 50050, 50104, 50537, 50543, 50608, 50680, 51903, 52392, 52743, 52839, 52867, 52991, 53107, 53111, 53175, 53247, 54025, 54137, 54535, 54627, 54631, 55927, 55977, 56480, 56752, 56818, 56847, 56946, 57015, 57225, 57248, 58279, 58808, 58864, 60072, 60079, 60095, 60531, 60559, 61032, 61104, 61314, 61375, 61431, 62311, 62320, 62370, 62456, 64179, 64514, 64515, 64631, 64776, 64911, 65015, 65032, 65193, 65384, 65385]
Iter#10000 New set #3 of size 103 (3333.3 its/hit = 30.667s/hit): seed=18067249534007469802 [12552, 12649, 12658, 13058, 13198, 13235, 13414, 13490, 13555, 13665, 13689, 13746, 14969, 15366, 15528, 15602, 20494, 20654, 20657, 20984, 21619, 21762, 21881, 21891, 21939, 23282, 23555, 23686, 32937, 33155, 33265, 33537, 33672, 33678, 33726, 33913, 33928, 33970, 33971, 34051, 34150, 34174, 34289, 35342, 35462, 35960, 41206, 41342, 41352, 41395, 41838, 41910, 42083, 42094, 42113, 42145, 42238, 42353, 42489, 43521, 43529, 43662, 43704, 43710, 44158, 44273, 45185, 45326, 45486, 45566, 46177, 46342, 46465, 46472, 46579, 47729, 47734, 47736, 47865, 48137, 48232, 48233, 48262, 48291, 48310, 49257, 49522, 50017, 50038, 50050, 50169, 50291, 50354, 50361, 50430, 50441, 50446, 50546, 50566, 50614, 51833, 52233, 52408]
Iter#19911 New set #1 of size 107 (19911.0 its/hit = 184.000s/hit): seed=5368255468603069933 [419, 490, 1706, 3159, 3307, 3322, 3500, 3531, 3575, 3670, 3831, 4011, 4053, 4055, 4091, 4595, 4599, 6613, 6620, 7413, 7414, 7420, 7516, 7622, 7638, 7651, 7914, 8138, 8155, 8156, 16725, 16837, 18006, 18083, 18124, 18743, 19654, 19771, 19932, 19942, 20186, 20442, 20474, 20791, 22099, 22181, 22182, 22234, 22235, 23004, 23643, 23719, 23771, 23779, 23797, 23803, 23975, 24021, 24059, 24151, 24235, 24263, 24380, 24492, 24522, 24551, 25029, 25043, 26167, 26198, 26315, 26323, 26358, 26967, 26972, 27043, 27820, 27991, 28411, 28507, 28661, 37205, 37212, 37323, 38563, 38634, 39371, 39404, 40140, 40245, 40763, 40931, 47946, 57692, 59075, 59093, 59131, 59738, 59814, 59877, 60634, 60838, 60876, 60890, 61237, 61419, 61427]
Iter#30406 New set #1 of size 111 (30406.0 its/hit = 281.000s/hit): seed=10968639482096948731 [8197, 8257, 8523, 8525, 9328, 9732, 9745, 10512, 10525, 11794, 11836, 11917, 16514, 16642, 16644, 16891, 17648, 17691, 17749, 18036, 18061, 18173, 18689, 18813, 18816, 18930, 24603, 24817, 24965, 25602, 25620, 25713, 25851, 25877, 25970, 25979, 26096, 26226, 26352, 26897, 26945, 28235, 28237, 28240, 28672, 28740, 28741, 28749, 28996, 29700, 29787, 29813, 29953, 30065, 30196, 30341, 32273, 32340, 32368, 40961, 40976, 41077, 41092, 41204, 41298, 41332, 41357, 41467, 42267, 42269, 42306, 42379, 42498, 42512, 42573, 42612, 42747, 43394, 44573, 44661, 45121, 45179, 46192, 46464, 46469, 46592, 46676, 46721, 46833, 47373, 47441, 47483, 47604, 48763, 48770, 48884, 53249, 53341, 53505, 53588, 53629, 53757, 54301, 54395, 54404, 54593, 54603, 55553, 55621, 55796, 56955]
Iter#50638 New set #2 of size 111 (25319.0 its/hit = 234.500s/hit): seed=6810931743354441180 [4161, 4163, 4262, 4318, 4430, 4470, 5155, 5298, 5409, 5410, 5502, 6470, 6563, 6577, 6590, 6617, 24742, 24930, 25000, 25014, 25043, 25698, 25763, 26034, 26227, 26328, 26946, 26977, 26995, 27058, 28265, 28370, 36961, 36968, 37026, 37054, 37281, 37294, 37329, 38065, 38110, 38210, 38246, 38334, 39206, 39246, 39378, 40482, 49225, 49265, 49443, 49446, 49534, 50290, 50302, 50355, 50360, 50606, 50761, 50902, 51558, 51673, 52777, 52854, 52920, 53430, 53576, 53673, 54344, 54462, 54486, 54689, 54894, 54898, 55598, 55673, 55731, 55774, 56867, 56936, 57049, 57379, 57454, 57521, 57666, 57715, 57814, 58472, 58737, 58787, 58792, 58921, 59070, 59746, 59817, 61138, 61142, 61617, 61730, 61810, 61862, 62754, 62936, 63777, 63784, 63848, 65070, 65138, 65201, 65208, 65241]
Iter#51775 New set #1 of size 114 (51775.0 its/hit = 479.000s/hit): seed=9848058503591635017 [8968, 9154, 9525, 10809, 10821, 10840, 10920, 11330, 11331, 11429, 11523, 11570, 12042, 12201, 12226, 17683, 17740, 18956, 19033, 19113, 19114, 19512, 19546, 19621, 19763, 19784, 19874, 20028, 20232, 20418, 25349, 25365, 25413, 27161, 27219, 27330, 27651, 27811, 27930, 28069, 28169, 28330, 28418, 28444, 28489, 29498, 29523, 29603, 30025, 30026, 30146, 31283, 31404, 31801, 31813, 31906, 32005, 32060, 32163, 32197, 32281, 32322, 32456, 32515, 32530, 32578, 41736, 41778, 42245, 42258, 42264, 42328, 42441, 43688, 44117, 44309, 44458, 44554, 44610, 44745, 44746, 44850, 44873, 45916, 45987, 46394, 46403, 47682, 47688, 47817, 48147, 48216, 48451, 48652, 48665, 48716, 48722, 48985, 49066, 54021, 54092, 54104, 54613, 54697, 55980, 56409, 56490, 56602, 56629, 56658, 56741, 56837, 56853, 56917]
Iter#125630 New set #1 of size 117 (125630.0 its/hit = 1171.000s/hit): seed=16176813919336383278 [3232, 9074, 9212, 9215, 9602, 9613, 9634, 9852, 9855, 9918, 10763, 10861, 10927, 11182, 11262, 11276, 11279, 13220, 13246, 13666, 13828, 14082, 14223, 14260, 14331, 15106, 15275, 15467, 17325, 17804, 17915, 17931, 18100, 18287, 18348, 18349, 18350, 19071, 19131, 19135, 19309, 19326, 19388, 19458, 19468, 19566, 19581, 19628, 33666, 33678, 33725, 34172, 34223, 34226, 34303, 34427, 34703, 34749, 34812, 35340, 35342, 35499, 35595, 35598, 35700, 35716, 35755, 35950, 37644, 37757, 37758, 38331, 38525, 38653, 38654, 38908, 39934, 40077, 40078, 40180, 45995, 46607, 46716, 46782, 46971, 47036, 47627, 47725, 47780, 47791, 47983, 48012, 48050, 48060, 48252, 48299, 51099, 53564, 54267, 54780, 54893, 54958, 55028, 55151, 55164, 55213, 55218, 55820, 55919, 55938, 55998, 56068, 56190, 56207, 56252, 56318, 56444]
Iter#301523 New set #1 of size 118 (301523.0 its/hit = 2830.000s/hit): seed=14709299944308926025 [1846, 1897, 3159, 3195, 3249, 3434, 3438, 3505, 3691, 3751, 3766, 3782, 3929, 3943, 4010, 4218, 5969, 6007, 6058, 6075, 6247, 6329, 7249, 7290, 7334, 7526, 7543, 7625, 7627, 7783, 7851, 8030, 8102, 8122, 16471, 16505, 16555, 18235, 18281, 18489, 18603, 18609, 19546, 19574, 19815, 19878, 19897, 20023, 20074, 20090, 20282, 20330, 20401, 20430, 20542, 20571, 22329, 22650, 22705, 23723, 23755, 23857, 23894, 23905, 23979, 23993, 24123, 24145, 24230, 24267, 24374, 24407, 24489, 24503, 24526, 28726, 28731, 28734, 28794, 30631, 30846, 30922, 31834, 31913, 32055, 32097, 32358, 32439, 32695, 32870, 35003, 35018, 35929, 36001, 36009, 36218, 36286, 36299, 36438, 36518, 36535, 36553, 36726, 36785, 36809, 61530, 61558, 63321, 63338, 63415, 63434, 63590, 63607, 64619, 64625, 64697, 64714, 65370]
Iter#434627 New set #1 of size 119 (434627.0 its/hit = 4084.000s/hit): seed=17999347399661602866 [280, 290, 301, 1556, 1716, 1747, 2381, 2515, 3108, 3257, 3261, 3506, 3549, 3613, 3652, 3673, 26290, 27651, 27721, 27741, 27913, 27915, 27949, 27970, 28179, 28379, 28452, 28484, 28601, 29017, 30210, 30429, 30985, 30995, 31012, 31043, 31067, 31753, 31811, 32075, 32180, 32219, 32445, 32596, 32603, 32729, 33032, 33059, 33091, 34344, 34349, 35075, 35091, 35099, 35161, 35284, 35849, 36024, 36056, 36114, 36123, 36307, 36387, 36420, 36436, 36541, 36573, 36612, 36632, 36793, 41224, 41289, 41300, 41437, 42499, 42580, 43288, 43304, 43443, 44114, 44377, 44468, 44635, 44729, 44868, 44889, 45021, 46660, 46674, 47389, 47451, 48173, 48196, 48205, 48392, 48425, 48642, 48664, 48680, 48712, 48723, 48731, 48931, 48979, 61875, 61883, 61908, 62994, 63044, 63051, 63789, 63810, 63933, 64771, 64978, 65033, 65049, 65368, 65459]
Iter#1216071 New set #2 of size 119 (608035.5 its/hit = 5698.500s/hit): seed=7002862096439329449 [8573, 8652, 9731, 9741, 9870, 10618, 10638, 10717, 11402, 11404, 11487, 11715, 11756, 11781, 11907, 12047, 12237, 12270, 12549, 12558, 12780, 12783, 13964, 14597, 14718, 14813, 14847, 15581, 15615, 15621, 15731, 15758, 15861, 16261, 16371, 16380, 16643, 16757, 16783, 16837, 16845, 16858, 18140, 18142, 18159, 18700, 19587, 19660, 19685, 19717, 19838, 19854, 19965, 20163, 20478, 33245, 33251, 33278, 34421, 34508, 35187, 35197, 36077, 36111, 36319, 36357, 36364, 36613, 36746, 36831, 36846, 37247, 37342, 37347, 38533, 38629, 39374, 39404, 40141, 40403, 40429, 40565, 40666, 40842, 40909, 40959, 43332, 45322, 45519, 45549, 46719, 47370, 48133, 48243, 48348, 48586, 48605, 48654, 48773, 48845, 48883, 49132, 49134, 49139, 53619, 54910, 54915, 54991, 55756, 56333, 56515, 56590, 56703, 56815, 56973, 57029, 57295, 57310, 57317]
