[*] Computing DDT
[+] DDT Computed
DDT took 99.233473709s
Iter#1 New set #1 of size 45 (1.0 its/hit = 0.000s/hit): seed=15908213335033071478 [1672, 3120, 5846, 6969, 7164, 7719, 8578, 8635, 9228, 9759, 10405, 13199, 13948, 14295, 15372, 15914, 17827, 19004, 21073, 21402, 21770, 22764, 25339, 25364, 27803, 31992, 33297, 34081, 34442, 36090, 38138, 39150, 42466, 49506, 51155, 51634, 53814, 54949, 56409, 57791, 58220, 59418, 61790, 63563, 65097]
Iter#3 New set #1 of size 46 (3.0 its/hit = 0.000s/hit): seed=3934668620934620251 [364, 1024, 1065, 1205, 6222, 6756, 8988, 12341, 15441, 16681, 16821, 17516, 18642, 19960, 21577, 21717, 21759, 22032, 22341, 23970, 24610, 25555, 26405, 26553, 28761, 29769, 35345, 36610, 38278, 39068, 40602, 40882, 41421, 43309, 45394, 45623, 46435, 49065, 49304, 50834, 57633, 59540, 63204, 64504, 64879, 64883]
Iter#6 New set #1 of size 63 (6.0 its/hit = 0.000s/hit): seed=12614159836933668549 [4919, 5168, 5211, 5798, 6715, 6858, 9335, 10148, 17240, 17312, 17352, 17488, 17971, 18015, 18374, 18998, 19114, 19139, 19254, 19360, 19366, 25398, 25651, 25798, 26192, 26448, 27199, 27296, 34597, 35628, 36900, 37105, 37690, 37719, 38051, 38056, 38486, 38711, 38819, 39590, 39738, 39763, 39855, 45923, 46182, 46694, 47720, 47723, 54195, 54975, 58163, 58304, 58431, 58538, 58563, 58967, 59050, 59079, 59223, 59296, 60071, 60240, 60367]
Iter#12 New set #1 of size 71 (12.0 its/hit = 0.000s/hit): seed=6575707766493790272 [4134, 5410, 5492, 5537, 5574, 6463, 7458, 7532, 7540, 7585, 7611, 7622, 7870, 7880, 20521, 20606, 20687, 21961, 22834, 22868, 23982, 24099, 24164, 24188, 24235, 24241, 24269, 24876, 24947, 25005, 25035, 25944, 26164, 26194, 33229, 33837, 33915, 33964, 33987, 35117, 35195, 35244, 35267, 38189, 38241, 38267, 38316, 38324, 38339, 38447, 38574, 38601, 40237, 40315, 40364, 40387, 40655, 45113, 45150, 46114, 46196, 46241, 46278, 47394, 47476, 47521, 47558, 58939, 58973, 60767, 61011]
Iter#20 New set #2 of size 71 (10.0 its/hit = 0.000s/hit): seed=4735655909549035472 [25425, 25461, 26973, 27007, 27701, 27815, 27937, 27957, 27974, 28029, 28205, 28461, 28479, 28501, 28615, 29472, 29492, 31017, 31801, 31912, 32076, 32080, 32116, 32168, 32292, 32601, 32712, 33677, 35221, 35973, 35985, 36229, 36495, 36509, 36765, 41821, 41855, 43345, 43381, 44117, 44231, 44333, 44351, 44487, 44614, 44669, 44833, 44853, 44870, 44967, 45865, 47392, 47412, 48217, 48328, 48420, 48473, 48716, 48756, 48953, 48976, 48983, 49012, 49064, 55645, 55679, 56609, 56629, 56945, 57287, 65462]
Iter#48 New set #1 of size 78 (48.0 its/hit = 0.000s/hit): seed=6552830244406667220 [248, 449, 465, 473, 1266, 1289, 1502, 1657, 1769, 1785, 3721, 3779, 4550, 5886, 6625, 6633, 7881, 7889, 8563, 8694, 9341, 9934, 10499, 11889, 11992, 12025, 16754, 16769, 16866, 17601, 18888, 18921, 18929, 20102, 20173, 20739, 20878, 20968, 21761, 21974, 22241, 22265, 22269, 25042, 25721, 25730, 26894, 27014, 27112, 27128, 28360, 43470, 44790, 45059, 45190, 46089, 46306, 46847, 47475, 47603, 47606, 48754, 48846, 53378, 53473, 53617, 53704, 54280, 54398, 54722, 54782, 54790, 54918, 54985, 54993, 55666, 55681, 55794]
Iter#55 New set #2 of size 78 (27.5 its/hit = 0.000s/hit): seed=10154404484982513508 [310, 475, 1611, 1755, 3030, 3654, 3798, 4408, 4504, 5706, 5930, 6074, 6695, 6696, 7895, 8487, 8527, 8631, 8656, 9936, 10127, 10538, 10569, 10682, 10903, 11056, 11824, 17959, 17984, 19018, 19242, 19359, 20154, 20185, 22054, 22427, 24251, 26264, 27215, 27359, 27546, 27583, 38474, 38585, 38618, 38698, 39251, 39727, 39856, 40480, 40506, 40519, 40663, 46655, 47543, 47832, 48007, 49179, 54970, 55616, 55962, 56248, 56272, 57015, 57055, 57641, 57655, 57656, 57674, 59706, 59824, 59863, 60127, 60207, 60351, 60376, 61000, 61143]
Iter#173 New set #1 of size 93 (173.0 its/hit = 1.000s/hit): seed=10537967329231395293 [309, 423, 452, 455, 869, 1624, 1736, 2135, 2159, 2161, 2168, 2424, 3636, 3664, 3688, 4440, 4513, 4543, 4693, 4724, 4961, 4980, 4991, 6309, 6516, 6519, 7793, 9300, 12593, 12663, 12712, 12992, 13887, 13909, 13944, 14023, 14453, 14455, 14676, 15984, 16696, 16740, 16753, 16949, 16959, 16981, 17316, 18024, 18036, 18081, 18097, 18527, 18535, 18629, 18864, 20056, 20064, 20820, 20943, 21173, 21329, 21448, 22127, 22719, 22945, 22952, 24149, 24231, 24263, 41312, 41397, 41412, 42584, 42677, 42679, 42688, 42703, 44641, 44648, 49585, 50007, 50081, 50095, 50117, 50119, 50785, 51552, 51568, 51621, 51653, 52896, 52927, 52928]
Iter#656 New set #1 of size 109 (656.0 its/hit = 5.000s/hit): seed=2163382136714662846 [8760, 8784, 8871, 8872, 9055, 10248, 10552, 10561, 10565, 10663, 10703, 11080, 11200, 11541, 11695, 12855, 13071, 13333, 13473, 13505, 14543, 14547, 14596, 14600, 14661, 14785, 15160, 15184, 15265, 15639, 15703, 15813, 21015, 21060, 21080, 21185, 21253, 21255, 21268, 21519, 21679, 22584, 22689, 22815, 23384, 23503, 23839, 33361, 33480, 33624, 33711, 33792, 33845, 33959, 34864, 34865, 34896, 34984, 35015, 35591, 36104, 36160, 36261, 36264, 37424, 37632, 37792, 37983, 38927, 38929, 39247, 39256, 39703, 39765, 40223, 40247, 40256, 40257, 40359, 41560, 41888, 42001, 42015, 42053, 43012, 43029, 43031, 43327, 43463, 44293, 44336, 44353, 44368, 44488, 49680, 49727, 49863, 50180, 50232, 50344, 51253, 51284, 51285, 51663, 51989, 52136, 52484, 52548, 52645]
Iter#3553 New set #1 of size 116 (3553.0 its/hit = 32.000s/hit): seed=2700544979224702145 [94, 163, 204, 1628, 1711, 1733, 2140, 2655, 2725, 2764, 3021, 3039, 3053, 4010, 4083, 4159, 4298, 4333, 4334, 5852, 5855, 5859, 5886, 6058, 6110, 6131, 6238, 6316, 6749, 6876, 6890, 8029, 8181, 16581, 16605, 18125, 18159, 18229, 18389, 18490, 18637, 18670, 19181, 19197, 19260, 19295, 19438, 19443, 20399, 20430, 20451, 20477, 20685, 20700, 22101, 22223, 22253, 22261, 22479, 22691, 22730, 22764, 23103, 23279, 23514, 24493, 24531, 24570, 28734, 28845, 28895, 30302, 30463, 30517, 30700, 30773, 30812, 30815, 31715, 31717, 32606, 32677, 32714, 32830, 32831, 32981, 33022, 34469, 34531, 34652, 34794, 34813, 34911, 35055, 35070, 35500, 35551, 35756, 35757, 36703, 61676, 63198, 63326, 63548, 63658, 63711, 63740, 63741, 64051, 64090, 64250, 65343, 65370, 65445, 65484, 65487]
Iter#67343 New set #2 of size 116 (33671.5 its/hit = 311.000s/hit): seed=9330046378076160856 [4145, 4153, 4335, 4812, 4815, 4825, 4838, 5286, 5293, 5342, 5548, 5583, 5606, 5629, 5630, 7118, 7148, 7161, 7617, 7657, 24797, 24815, 25260, 25295, 25801, 25822, 25836, 25839, 25913, 26028, 26086, 26097, 27446, 27478, 27996, 27999, 36945, 37087, 37293, 37326, 37334, 37465, 37629, 37631, 37977, 38126, 38204, 38351, 38358, 39901, 40253, 40255, 40285, 49212, 49462, 49581, 49628, 49750, 50262, 50649, 50678, 52173, 52652, 52689, 53553, 53593, 53705, 53821, 53985, 54334, 54621, 54694, 54697, 54726, 54764, 56257, 56287, 56301, 56316, 56812, 56813, 57567, 57580, 57590, 57773, 57830, 57905, 57950, 58049, 58061, 58111, 58606, 58713, 58798, 58838, 60253, 60393, 60412, 60833, 61654, 61745, 61951, 62001, 62045, 62150, 62158, 62182, 62668, 62710, 62886, 62895, 62972, 64425, 64494, 64822, 64942]
Iter#75155 New set #3 of size 116 (25051.7 its/hit = 231.333s/hit): seed=3692145204169588483 [12305, 12489, 12499, 12562, 12798, 12817, 13010, 13336, 13409, 13505, 13713, 15123, 15302, 15350, 15810, 20497, 20686, 20690, 20713, 20834, 20883, 20952, 21145, 21241, 21521, 21654, 21734, 21779, 21857, 24019, 24050, 41112, 41182, 41241, 41318, 41665, 41713, 42088, 42438, 43795, 43926, 43971, 43977, 44002, 44390, 44530, 49298, 49393, 49438, 49510, 49688, 49913, 50403, 50425, 50430, 50454, 50457, 52078, 52177, 52178, 52222, 52632, 52673, 52675, 53393, 53446, 53734, 53790, 53865, 53990, 54370, 54478, 54497, 54754, 54776, 56168, 56169, 56216, 56275, 56601, 57538, 57571, 57622, 57750, 57825, 57838, 57954, 58078, 58102, 58514, 58577, 58579, 58721, 58729, 58782, 60270, 60307, 60313, 60390, 60920, 61465, 61713, 61794, 61907, 61928, 61942, 61944, 62051, 62102, 62569, 62662, 62738, 62929, 64408, 64867, 64978]
Iter#81628 New set #1 of size 119 (81628.0 its/hit = 754.000s/hit): seed=10938535022089162421 [37, 47, 78, 181, 236, 250, 437, 478, 492, 499, 1101, 1228, 1231, 1258, 1262, 1324, 1485, 1501, 1519, 1610, 1613, 1743, 1789, 2351, 2381, 2510, 3626, 3839, 28714, 28748, 28915, 29114, 29130, 29132, 29731, 29903, 30147, 30197, 30398, 31194, 32334, 32446, 32492, 32842, 32847, 32972, 33098, 33242, 33260, 33859, 34270, 34540, 35117, 35118, 35251, 36541, 36542, 49229, 49358, 49614, 50381, 50397, 50613, 50686, 51503, 51708, 52965, 53482, 53690, 53724, 53742, 54495, 54525, 54607, 54716, 54750, 54751, 54765, 54780, 54963, 54989, 55018, 55039, 55781, 55795, 55807, 57043, 57066, 57411, 57418, 57566, 57573, 57855, 58403, 58620, 58815, 59093, 59683, 59853, 59903, 60972, 60997, 61487, 61519, 61742, 61933, 62509, 62659, 62668, 62702, 62707, 62794, 62909, 63018, 63166, 63946, 63981, 63983, 65242]
Iter#190049 New set #1 of size 120 (190049.0 its/hit = 2004.000s/hit): seed=5956830816384872639 [47, 76, 236, 1058, 1101, 1202, 1228, 1262, 1263, 1324, 1458, 1485, 1501, 1519, 3884, 3906, 14464, 28748, 28891, 28914, 29115, 29132, 29179, 29743, 29903, 29915, 30207, 30642, 30653, 30686, 30910, 30974, 32722, 33003, 33835, 33860, 33970, 33996, 34116, 34235, 34260, 34270, 34639, 34754, 34763, 34804, 35019, 35042, 36827, 49364, 49614, 49615, 49618, 50381, 50397, 50637, 50686, 50980, 50990, 51133, 51154, 51156, 51170, 51244, 51435, 53028, 53067, 53181, 53439, 53458, 53468, 53580, 53700, 53710, 53724, 53742, 54495, 54523, 54525, 54607, 54750, 54780, 55087, 55268, 55483, 55501, 55516, 57279, 57295, 57794, 57835, 57855, 58557, 58620, 58811, 58815, 59342, 59373, 59583, 59597, 61406, 61436, 61487, 61519, 61742, 61933, 61947, 62509, 62530, 62668, 62702, 62909, 62930, 63266, 63531, 63676, 63730, 65467, 65518, 65534]
Iter#680540 New set #1 of size 121 (680540.0 its/hit = 8318.000s/hit): seed=15792713801838624785 [800, 814, 1293, 1308, 1500, 2573, 2605, 3084, 3143, 3148, 3262, 3288, 3341, 3356, 3367, 3516, 3672, 3840, 4888, 5389, 5455, 6059, 6688, 6879, 7168, 7424, 7431, 7711, 7768, 7888, 8008, 13972, 17216, 17240, 17758, 17847, 18973, 19152, 19500, 19920, 19997, 20063, 20252, 20318, 20400, 20445, 21255, 21292, 23117, 23231, 23581, 23640, 23772, 23808, 23840, 23879, 24024, 24029, 24078, 24095, 24240, 24384, 24509, 29448, 29470, 29532, 29629, 29997, 29998, 30023, 31246, 31263, 31421, 31422, 31768, 31784, 31816, 32015, 32268, 32279, 32301, 32333, 32472, 32528, 33551, 33631, 34061, 34071, 35328, 35368, 35406, 35423, 35872, 36023, 36061, 36125, 36383, 36391, 36416, 36536, 36541, 36701, 53305, 62231, 62430, 62735, 62784, 62797, 62812, 64031, 64039, 64044, 64184, 64589, 64983, 65070, 65207, 65244, 65320, 65374, 65463]
