[*] Computing DDT
[+] DDT Computed
DDT took 100.873599699s
Iter#1 New set #1 of size 56 (1.0 its/hit = 0.000s/hit): seed=14302482160597967096 [8218, 8478, 8553, 8884, 9403, 9437, 9650, 9684, 11566, 19219, 19734, 19809, 20123, 21501, 21723, 21970, 22008, 23886, 31453, 33202, 33236, 33390, 34078, 34153, 34203, 34285, 48083, 48561, 48598, 49179, 49261, 52548, 53466, 53689, 53726, 53860, 54301, 54379, 54548, 54626, 58395, 58477, 58526, 58601, 58642, 58724, 58778, 60552, 61716, 61794, 62142, 62905, 62942, 64299, 64333, 64834]
Iter#4 New set #1 of size 61 (4.0 its/hit = 0.000s/hit): seed=9878681866416780938 [13005, 21514, 23480, 24911, 24942, 25044, 26191, 26222, 26923, 27058, 27726, 27820, 27947, 28228, 28381, 28494, 28964, 29003, 29117, 29138, 30244, 30283, 30397, 30418, 32639, 34937, 38220, 38222, 38255, 41261, 42562, 43388, 43435, 44130, 44735, 45476, 46815, 48228, 48350, 48571, 48596, 52670, 54948, 55007, 55586, 55629, 55660, 55739, 55764, 56160, 56751, 56866, 56909, 56940, 57019, 57044, 57612, 60883, 61323, 65403, 65503]
Iter#6 New set #1 of size 70 (6.0 its/hit = 0.000s/hit): seed=15443700414026420056 [49, 102, 425, 830, 850, 1622, 1698, 2417, 2510, 4206, 4273, 4289, 4558, 4918, 5042, 5750, 6505, 6598, 7102, 12402, 12482, 12532, 12641, 13145, 13169, 13230, 13249, 13874, 13918, 13929, 14654, 15926, 16802, 17238, 18038, 18041, 18854, 19298, 19377, 20022, 20158, 20174, 20662, 20918, 21298, 21342, 22129, 22958, 24262, 24378, 41042, 41334, 41809, 41830, 42689, 43838, 44625, 44646, 49313, 49314, 50018, 50046, 50790, 50889, 51641, 52065, 52161, 52174, 52793, 52862]
Iter#20 New set #1 of size 74 (20.0 its/hit = 0.000s/hit): seed=16002643809878830007 [16, 287, 456, 671, 1217, 1236, 1377, 1391, 1511, 3057, 4248, 4312, 4372, 4631, 4823, 4832, 5216, 5221, 5317, 5476, 5620, 7009, 7125, 7524, 7535, 12319, 12437, 12696, 12897, 13013, 13416, 13520, 13543, 13800, 15127, 15200, 15311, 15856, 16408, 16481, 16599, 16788, 16885, 17680, 17892, 19416, 19959, 20721, 20724, 20759, 20837, 20895, 20981, 21192, 21524, 21605, 21912, 21952, 21999, 23496, 23551, 32784, 32868, 32965, 32967, 33040, 33044, 33247, 33439, 33512, 33951, 34024, 34037, 34292]
Iter#39 New set #1 of size 76 (39.0 its/hit = 0.000s/hit): seed=13000373097912443650 [6695, 6723, 6839, 6858, 6950, 7210, 7271, 7339, 7354, 11466, 25386, 25447, 25543, 25962, 25979, 26039, 26058, 26218, 26235, 26278, 26437, 26533, 26581, 29511, 29547, 29619, 29655, 30026, 30170, 30252, 30310, 30327, 30378, 30582, 32394, 39715, 39751, 39895, 40108, 41798, 41942, 42315, 42459, 42614, 42795, 42871, 42940, 44683, 45926, 45941, 45994, 46022, 46443, 46539, 46805, 46887, 55846, 55916, 55930, 55990, 56021, 56103, 56275, 56278, 56363, 56507, 58154, 58787, 58807, 58835, 58917, 59004, 59061, 59243, 59301, 59303]
Iter#58 New set #1 of size 79 (58.0 its/hit = 0.000s/hit): seed=7657259780210300200 [1314, 8204, 8761, 8900, 8902, 8982, 10432, 10565, 10569, 10689, 11386, 16910, 16985, 17241, 17317, 17345, 18438, 18489, 18494, 18774, 45572, 45632, 45649, 45733, 45737, 45904, 45913, 45990, 47152, 47173, 47265, 47297, 47301, 47413, 47534, 49180, 49726, 49861, 49862, 49984, 50084, 50089, 51257, 51264, 51401, 51524, 51526, 51545, 51617, 53420, 53825, 54033, 54064, 55300, 55376, 55572, 55617, 55632, 57372, 57941, 58054, 58117, 58305, 59408, 59473, 59558, 59812, 59849, 61452, 61516, 61973, 62116, 62233, 62260, 63489, 63648, 63744, 63761, 63829]
Iter#87 New set #1 of size 85 (87.0 its/hit = 1.000s/hit): seed=3384372657463086003 [3624, 8459, 8534, 8535, 8690, 9858, 9860, 10050, 10508, 11015, 11019, 11858, 11910, 12022, 12023, 12636, 12794, 13828, 14154, 14685, 14922, 15116, 15186, 15245, 15350, 15879, 15962, 15991, 16124, 24956, 25079, 26116, 26439, 27010, 27012, 27213, 27484, 27526, 27643, 28170, 28173, 28278, 28282, 33050, 33095, 33101, 33542, 33623, 33626, 33654, 33788, 34330, 34375, 34676, 34811, 35420, 35467, 35578, 36372, 37714, 37767, 37879, 38418, 38466, 38781, 39190, 39195, 39243, 39511, 39546, 39666, 39676, 39708, 40470, 40523, 41842, 41866, 41978, 42524, 42870, 42882, 42996, 43334, 43639, 43796]
Iter#165 New set #1 of size 90 (165.0 its/hit = 2.000s/hit): seed=13313389768782853508 [8992, 9137, 9138, 9588, 9645, 10877, 11301, 11389, 11451, 11873, 11952, 12141, 12149, 12209, 21365, 21412, 21803, 21805, 21869, 21877, 21937, 23205, 23588, 23652, 23733, 23840, 23909, 23979, 24109, 24180, 24260, 25389, 25440, 25441, 25893, 25973, 27298, 27333, 27684, 27765, 27828, 28004, 28107, 28324, 28512, 29556, 29613, 29629, 29636, 30052, 30133, 30149, 31333, 31349, 31396, 31403, 31776, 31858, 32033, 32114, 32381, 32715, 41773, 41842, 42411, 42443, 43620, 43637, 44129, 44144, 44197, 44221, 44226, 44465, 44964, 44981, 44997, 46002, 46018, 47670, 47803, 47819, 48242, 48546, 48557, 48580, 48683, 48834, 49056, 49099]
Iter#327 New set #1 of size 94 (327.0 its/hit = 4.000s/hit): seed=8808767598207319067 [565, 2424, 2992, 3390, 3497, 4713, 4809, 4921, 4980, 5296, 6337, 6489, 6574, 7477, 7509, 17316, 17349, 18485, 18517, 19385, 19768, 21046, 21080, 21153, 21329, 21337, 21422, 21448, 21454, 22697, 22864, 22900, 22952, 23456, 29238, 29246, 29272, 29344, 29488, 29780, 29817, 30782, 30814, 30889, 31080, 31585, 33360, 33461, 33624, 33696, 33728, 33729, 33974, 34873, 34920, 35128, 35166, 35241, 36214, 36261, 36280, 37465, 37544, 37550, 37688, 37792, 37825, 38053, 38070, 38960, 38992, 39028, 39080, 39118, 39262, 39626, 39861, 40310, 40356, 40374, 62078, 62261, 62321, 62553, 62566, 62574, 63606, 63672, 64446, 64452, 64816, 64848, 64942, 64968]
Iter#2356 New set #1 of size 95 (2356.0 its/hit = 28.000s/hit): seed=2095155694040846736 [48, 85, 288, 344, 1193, 1447, 1833, 1842, 1991, 4159, 4434, 4519, 5272, 5283, 5944, 6185, 6275, 6336, 8095, 8482, 9251, 9362, 9525, 9667, 10039, 10149, 10303, 10440, 12232, 16435, 16537, 16677, 16791, 16840, 17544, 17555, 17714, 17858, 18263, 18338, 18489, 18744, 20281, 20537, 20623, 20627, 20791, 20930, 21657, 21701, 21960, 22440, 22575, 22615, 24373, 24517, 25463, 36898, 36921, 37000, 37011, 37032, 37253, 37941, 38083, 38288, 38295, 38688, 38959, 38999, 40791, 40864, 40866, 42232, 45111, 45250, 45455, 46489, 47013, 47193, 47248, 47273, 49042, 49096, 53288, 53378, 53445, 53541, 53711, 54611, 54661, 54722, 55122, 55439, 55464]
Iter#2494 New set #2 of size 95 (1247.0 its/hit = 14.500s/hit): seed=5993242943284542754 [5931, 8788, 8859, 9186, 9305, 10344, 10475, 11021, 11545, 11755, 12813, 12946, 13080, 13337, 14347, 14354, 14355, 14563, 14701, 15181, 15714, 21097, 21257, 21348, 21475, 21593, 22532, 22605, 22875, 23011, 23012, 23314, 23522, 23523, 23881, 23912, 25115, 25171, 25323, 25435, 25490, 25611, 25698, 25747, 26731, 26859, 26946, 27106, 27481, 27619, 28136, 33304, 33556, 33684, 33803, 34891, 34920, 34925, 35092, 36100, 36328, 37385, 37603, 37704, 39011, 39058, 39140, 39245, 39251, 41547, 41624, 41625, 41737, 41992, 42003, 42072, 42210, 43010, 43037, 43091, 43240, 43364, 43869, 49755, 49922, 49923, 50248, 50413, 51485, 51563, 51609, 51997, 52201, 52493, 52578]
Iter#6804 New set #1 of size 109 (6804.0 its/hit = 71.000s/hit): seed=5145823779281314841 [8264, 8369, 8483, 8518, 8658, 8686, 9416, 9673, 9699, 9704, 9774, 9794, 9905, 9913, 10729, 11985, 12358, 12467, 12504, 12622, 12737, 12760, 12786, 12787, 13358, 13497, 13558, 13634, 13774, 13816, 13897, 14019, 14633, 14769, 16054, 16094, 20702, 20771, 20929, 20969, 21571, 21694, 21713, 21758, 21987, 21993, 22086, 22818, 22819, 22977, 24097, 24137, 24243, 24249, 32966, 32968, 32995, 33097, 33203, 33827, 33969, 34040, 34041, 34286, 34494, 34504, 34521, 35250, 35270, 37059, 37304, 37352, 38102, 38350, 38440, 38611, 38625, 38649, 39206, 39362, 40515, 40657, 42018, 42057, 42185, 42312, 42313, 42718, 42722, 42737, 43441, 44577, 44723, 44786, 49362, 49377, 49390, 49454, 49585, 49622, 50386, 50510, 50610, 50721, 51497, 51686, 52929, 52931, 52969]
Iter#39542 New set #1 of size 111 (39542.0 its/hit = 500.000s/hit): seed=12371295594184371253 [588, 661, 796, 1128, 2154, 2387, 2460, 2888, 3331, 3336, 3429, 3561, 29189, 29212, 29516, 29529, 29589, 29768, 29928, 30794, 30825, 30953, 31212, 31512, 31513, 31571, 32092, 32236, 33347, 33688, 34899, 35075, 35144, 35176, 35177, 35586, 35587, 35605, 35657, 36122, 36197, 49772, 49811, 49817, 49898, 49938, 49946, 50074, 50149, 50186, 50328, 51208, 51290, 51548, 51555, 51557, 51612, 51977, 52072, 52549, 52632, 52636, 53770, 53781, 53842, 53906, 54037, 54120, 54242, 54243, 54377, 55324, 55381, 55576, 55641, 55701, 56140, 56169, 56218, 56674, 57930, 57964, 58140, 58218, 58437, 58514, 59667, 59674, 59736, 60178, 60249, 60675, 60905, 62042, 62050, 62051, 62098, 62297, 62298, 62442, 62538, 62572, 62618, 63491, 63506, 63560, 63827, 64490, 64780, 64851, 64872]
Iter#105540 New set #1 of size 119 (105540.0 its/hit = 1369.000s/hit): seed=926558839807691442 [152, 297, 307, 357, 392, 402, 405, 794, 905, 1155, 1170, 1337, 2665, 2714, 3114, 20181, 24604, 24636, 24706, 24860, 24873, 24882, 24888, 25653, 25708, 25882, 25957, 25993, 26089, 27178, 27267, 27753, 28725, 28780, 28826, 28901, 28905, 29066, 29161, 29468, 29481, 29490, 29794, 29826, 29843, 29845, 29980, 29993, 30002, 30083, 30085, 30104, 31269, 31458, 31843, 32818, 32921, 33042, 33059, 33160, 33845, 34019, 34179, 35349, 35368, 35372, 35859, 35897, 35938, 35941, 35996, 41114, 41193, 41324, 41768, 41788, 41826, 42025, 42218, 42261, 42275, 42376, 42466, 43624, 44181, 44258, 44268, 45155, 45336, 45442, 45978, 46099, 46440, 46469, 46476, 47650, 47673, 47752, 47763, 48162, 48185, 48188, 48357, 59058, 61484, 61571, 61736, 61845, 62344, 62354, 62440, 62563, 62690, 62858, 64034, 64101, 64140, 64537, 64650]
Iter#188319 New set #2 of size 119 (94159.5 its/hit = 1234.000s/hit): seed=3923446248563779781 [381, 493, 1547, 1677, 2418, 2507, 3082, 3309, 3319, 3458, 3590, 3707, 3970, 4052, 8644, 9942, 9963, 10634, 10740, 10743, 11271, 11476, 11479, 11499, 11527, 11658, 11786, 11970, 11991, 12006, 12166, 12234, 12262, 12772, 14061, 14071, 14715, 14786, 14845, 15581, 15730, 15834, 15860, 15869, 15882, 16004, 16075, 16102, 16109, 16326, 21117, 28939, 29122, 29174, 30445, 30987, 31101, 31108, 31175, 31186, 31222, 31227, 31748, 32011, 32116, 32205, 32242, 32724, 33146, 33156, 34314, 34420, 34518, 34535, 34546, 35211, 35850, 36038, 36070, 36082, 36311, 36340, 36359, 36482, 36587, 36618, 36834, 37133, 37261, 37354, 38516, 38651, 39286, 39402, 40058, 40186, 40306, 40397, 40439, 40455, 40651, 40683, 40932, 53938, 61943, 62982, 63099, 63882, 63994, 64646, 64743, 64779, 64893, 64909, 64967, 65010, 65037, 65146, 65275]
Iter#610264 New set #1 of size 122 (610264.0 its/hit = 7811.000s/hit): seed=13161875674500703573 [2, 34, 252, 524, 639, 1074, 1084, 1324, 1341, 1439, 1524, 1535, 2828, 2868, 2974, 3372, 3483, 3484, 8242, 8463, 8718, 8820, 8845, 9470, 9533, 11012, 11068, 11133, 11259, 11556, 11567, 11580, 11634, 11659, 11772, 12322, 12347, 12350, 12543, 12594, 12603, 12684, 12814, 13314, 13348, 13374, 13426, 13468, 13580, 13620, 13691, 15149, 15263, 15355, 15742, 15774, 28719, 28733, 28814, 28924, 28973, 28980, 28988, 29067, 29198, 29755, 29812, 29938, 29963, 29995, 30077, 30084, 30203, 31644, 32116, 33023, 33058, 33332, 33403, 33428, 33439, 33804, 33947, 33949, 34061, 34095, 35837, 36916, 37108, 37166, 37180, 37261, 37422, 37516, 37629, 38012, 38015, 38030, 38270, 39822, 39839, 40204, 40347, 61453, 61476, 61708, 61823, 61956, 61995, 61998, 62108, 62475, 62589, 62605, 62706, 62875, 64269, 64290, 64500, 64831, 64898, 65022]
