[*] Computing DDT
[+] DDT Computed
DDT took 100.555745893s
Iter#1 New set #1 of size 43 (1.0 its/hit = 0.000s/hit): seed=10802472332379559035 [1509, 3221, 3622, 4583, 4726, 4774, 8787, 8796, 13667, 17456, 18419, 18470, 19001, 19532, 22419, 22427, 22578, 26540, 28786, 29491, 30265, 32759, 33484, 34176, 35684, 36615, 37515, 37764, 38533, 39032, 45059, 46414, 46885, 47607, 48231, 49819, 55181, 59258, 61072, 64627, 64659, 64667, 65258]
Iter#2 New set #1 of size 44 (2.0 its/hit = 0.000s/hit): seed=11098096746733049248 [301, 4430, 4792, 5102, 6586, 7155, 8306, 8513, 11018, 12050, 12199, 16015, 16181, 18821, 20065, 20636, 20716, 20852, 21163, 23139, 25206, 29033, 29338, 30434, 30575, 31966, 32100, 32469, 33593, 36373, 40215, 41518, 41676, 43467, 43733, 45373, 48312, 51098, 53194, 54771, 57639, 58937, 60314, 63069]
Iter#4 New set #2 of size 44 (2.0 its/hit = 0.000s/hit): seed=14460170034685408974 [1014, 2212, 5053, 7032, 8559, 8701, 9617, 11419, 12940, 13470, 15896, 17156, 18256, 19941, 20160, 20319, 20738, 20882, 21833, 22685, 26471, 27678, 36001, 37329, 37717, 40012, 42167, 45066, 46626, 46672, 47211, 48496, 49070, 52483, 53284, 55045, 57204, 57747, 58299, 59032, 61885, 62133, 63810, 65530]
Iter#5 New set #3 of size 44 (1.7 its/hit = 0.000s/hit): seed=7677197189156115418 [1145, 3993, 4723, 5241, 5422, 7174, 8905, 9191, 10793, 13120, 14811, 16090, 16256, 18015, 18664, 18825, 19125, 22387, 23588, 23712, 25517, 26926, 27688, 30281, 31083, 31622, 32209, 33278, 34741, 34750, 40896, 42120, 42650, 43530, 44524, 45030, 49406, 55849, 57288, 61270, 61602, 63320, 63376, 65311]
Iter#7 New set #1 of size 45 (7.0 its/hit = 0.000s/hit): seed=11841679593540686356 [1004, 1728, 4604, 4836, 5549, 5842, 6110, 6843, 6965, 7043, 8261, 8706, 10034, 15094, 15584, 15635, 16425, 19874, 21017, 22324, 22842, 24212, 27994, 33078, 34061, 34380, 34935, 37066, 37068, 37888, 38352, 40632, 40766, 44445, 46155, 47646, 50547, 51234, 51489, 51502, 51530, 52958, 54785, 64739, 64884]
Iter#18 New set #2 of size 45 (9.0 its/hit = 0.000s/hit): seed=13386578757466681707 [133, 495, 5572, 8953, 9256, 15526, 17939, 20629, 22060, 22239, 23506, 25854, 29040, 31852, 32543, 32808, 33837, 34000, 34282, 34541, 37569, 38426, 38487, 41411, 41571, 41937, 41944, 43358, 43662, 45260, 46070, 46780, 50120, 52212, 52915, 54059, 56191, 56915, 57741, 59248, 61233, 62567, 63067, 63366, 64520]
Iter#22 New set #3 of size 45 (7.3 its/hit = 0.000s/hit): seed=13793512985497280357 [5764, 6179, 8119, 8124, 10552, 11674, 13938, 14395, 14613, 16092, 16720, 17214, 20508, 21551, 21864, 23135, 24154, 25118, 26197, 28920, 29701, 32176, 37024, 38061, 38748, 38865, 40879, 41194, 43474, 44441, 44736, 48911, 49846, 50241, 50809, 51659, 51671, 52857, 54344, 55818, 58860, 60022, 60947, 62539, 62551]
Iter#34 New set #1 of size 47 (34.0 its/hit = 0.000s/hit): seed=18224989945143114486 [3375, 3848, 5583, 7838, 8481, 9977, 10378, 10633, 11106, 12873, 14445, 17814, 18727, 21570, 22356, 23002, 23086, 27610, 27993, 28512, 32907, 34150, 34506, 36455, 37005, 38558, 39444, 43347, 47592, 49009, 49236, 49609, 49625, 49933, 50742, 50820, 51939, 53615, 53625, 55293, 55605, 58045, 58095, 58571, 60763, 62720, 64441]
Iter#465 New set #2 of size 47 (232.5 its/hit = 3.000s/hit): seed=14631528950798419082 [2109, 2362, 2478, 2726, 3708, 4167, 7572, 8020, 8771, 9242, 9695, 13163, 14784, 16435, 18692, 20729, 22109, 25246, 26279, 27466, 28644, 31828, 31905, 32317, 34104, 35204, 35652, 36135, 36684, 36803, 36991, 37333, 41313, 41978, 42291, 42533, 43149, 46734, 47424, 49942, 50033, 51640, 54869, 57451, 57697, 60651, 61954]
Iter#477 New set #3 of size 47 (159.0 its/hit = 2.000s/hit): seed=17672106598981537918 [1085, 4691, 5289, 8661, 12244, 13124, 18756, 20110, 20662, 22048, 23496, 23560, 23836, 26558, 27631, 27810, 30325, 32119, 35191, 36084, 38147, 39280, 40159, 40291, 40532, 41614, 41837, 42064, 42391, 44132, 44704, 45424, 48955, 49245, 51872, 52149, 53586, 55125, 55340, 55470, 55834, 57032, 57113, 57550, 57717, 58070, 65071]
Iter#595 New set #4 of size 47 (148.8 its/hit = 1.750s/hit): seed=13083816832157400659 [2040, 4623, 4690, 6352, 6572, 8495, 8886, 10353, 10925, 12691, 12744, 16640, 18616, 19937, 21446, 23330, 24022, 24520, 24711, 24992, 26895, 27495, 28069, 30793, 32922, 34551, 34768, 35690, 36916, 43474, 44952, 46251, 48165, 48222, 50609, 50748, 51241, 52600, 54808, 54841, 54943, 55685, 57061, 60266, 62869, 63930, 65495]
Iter#617 New set #5 of size 47 (123.4 its/hit = 1.400s/hit): seed=3717783894255833623 [764, 2979, 5238, 5412, 6194, 7859, 8009, 12063, 12212, 12252, 18419, 19556, 22108, 22551, 24451, 26032, 26137, 26385, 30255, 30452, 32382, 35919, 36529, 37393, 39302, 40462, 40700, 40711, 42769, 45291, 46075, 46482, 46491, 48313, 48652, 48758, 48975, 50843, 51130, 52318, 53682, 54928, 55021, 57266, 60759, 64956, 65127]
Iter#630 New set #6 of size 47 (105.0 its/hit = 1.333s/hit): seed=6618928856654357626 [4040, 4461, 6587, 8916, 10495, 11358, 11770, 12301, 19252, 19351, 22455, 22686, 24150, 24933, 25862, 27059, 27062, 27093, 28127, 31019, 32650, 33979, 35033, 37394, 37686, 38168, 38405, 39285, 40167, 41970, 42315, 42468, 43724, 44338, 45776, 46045, 47344, 49816, 49992, 51546, 52532, 53739, 53813, 56102, 62703, 63326, 64797]
Iter#795 New set #7 of size 47 (113.6 its/hit = 1.429s/hit): seed=17771853459865929370 [1489, 3092, 8220, 8456, 11556, 11893, 14447, 18121, 18592, 19726, 19811, 23406, 26461, 27141, 28042, 28617, 28730, 29088, 29905, 30973, 31807, 32863, 35326, 37544, 38707, 38737, 38769, 41341, 42199, 44350, 47322, 48878, 49465, 50679, 50991, 51077, 51841, 51989, 53060, 54217, 57069, 58358, 58624, 58931, 58961, 63122, 63429]
Iter#979 New set #8 of size 47 (122.4 its/hit = 1.500s/hit): seed=4256675773965719700 [186, 1048, 7494, 8079, 8942, 9210, 9631, 11098, 14848, 15629, 17228, 17472, 17997, 19158, 20733, 22825, 24886, 26203, 27653, 28285, 29217, 29902, 30943, 33146, 33587, 35260, 36001, 36165, 38782, 39533, 39823, 41131, 41306, 41490, 42101, 42391, 42464, 42571, 44369, 45402, 50172, 50479, 54404, 55612, 59367, 60458, 62623]
Iter#1001 New set #9 of size 47 (111.2 its/hit = 1.333s/hit): seed=8981467542410743515 [924, 3806, 5589, 10832, 10885, 11296, 14500, 16246, 17535, 19775, 27853, 28006, 28175, 28742, 29766, 30005, 30499, 31910, 33813, 34068, 38204, 38904, 41147, 42461, 43792, 43956, 43977, 45483, 46115, 48988, 50834, 50954, 51799, 55815, 56018, 56589, 57196, 57212, 61019, 62035, 62086, 62411, 63136, 64016, 64380, 64602, 65195]
Iter#1114 New set #10 of size 47 (111.4 its/hit = 1.400s/hit): seed=12917638806570373665 [3402, 4705, 5138, 5818, 8959, 9038, 11154, 11204, 12041, 14133, 14526, 14843, 16452, 16914, 17042, 17977, 21472, 22643, 24585, 25026, 25694, 26766, 29009, 29063, 29673, 29859, 35078, 36672, 37582, 39754, 40409, 43390, 45429, 45808, 46563, 48370, 48531, 48567, 49286, 49560, 49968, 51467, 51484, 51813, 55302, 55495, 61317]
Iter#1583 New set #1 of size 48 (1583.0 its/hit = 20.000s/hit): seed=9443872200539764649 [696, 3571, 4860, 4932, 5584, 7437, 7675, 13292, 13730, 13828, 13836, 14039, 15780, 16081, 16487, 16562, 22637, 25313, 25582, 27455, 28585, 30585, 33888, 34308, 34628, 35253, 35838, 38885, 41552, 42008, 43778, 44101, 45615, 46238, 47563, 48146, 49528, 49608, 51802, 52150, 54038, 54741, 54998, 57902, 60458, 61739, 64343, 64958]
Iter#2420 New set #2 of size 48 (1210.0 its/hit = 15.500s/hit): seed=14648932299782744336 [457, 693, 876, 5091, 5257, 5560, 6342, 9915, 12408, 16656, 17901, 18834, 19597, 20563, 22813, 23046, 25139, 25329, 25423, 27190, 27279, 29953, 31413, 34026, 34131, 35487, 35808, 36206, 36877, 37544, 39889, 41750, 43332, 43555, 44525, 47106, 47458, 50710, 50830, 51559, 52971, 55638, 56988, 58248, 59147, 59220, 62501, 65131]
Iter#3423 New set #3 of size 48 (1141.0 its/hit = 14.667s/hit): seed=1340281960735830697 [2506, 2700, 4681, 12325, 15381, 16252, 16342, 17345, 18712, 18723, 19396, 19516, 19582, 23233, 23258, 25163, 25678, 25742, 28051, 28164, 29860, 31248, 31397, 31765, 31979, 32851, 33593, 35198, 37692, 38201, 40819, 41385, 42166, 43590, 49454, 49519, 50859, 51329, 52261, 55161, 56159, 58474, 58921, 59365, 59882, 62917, 63931, 64976]
Iter#3552 New set #4 of size 48 (888.0 its/hit = 11.500s/hit): seed=17863972886384783689 [290, 2503, 3434, 4168, 4818, 5984, 7829, 7926, 9011, 9294, 10425, 12992, 14011, 14154, 15946, 17846, 20406, 21725, 23138, 23856, 26524, 27508, 27523, 27632, 27789, 28437, 29854, 29966, 30471, 31228, 31691, 32412, 37083, 38374, 41274, 44984, 46869, 47478, 47988, 52582, 54332, 55487, 55764, 58845, 61905, 62188, 63524, 63902]
Iter#3804 New set #1 of size 49 (3804.0 its/hit = 49.000s/hit): seed=11093897342014827016 [3197, 3599, 4863, 5745, 7088, 7591, 9052, 9656, 13133, 13274, 13952, 15933, 16820, 17861, 18552, 19295, 19622, 24894, 25479, 25563, 25971, 26323, 26492, 30066, 30402, 31261, 34420, 34848, 36207, 36817, 37937, 38798, 40751, 42261, 43741, 44662, 48185, 49799, 49883, 51958, 52479, 54330, 54501, 56186, 58761, 59565, 59863, 60863, 62618]
Iter#22661 New set #1 of size 50 (22661.0 its/hit = 297.000s/hit): seed=13621195816792788712 [3944, 4528, 5459, 6322, 6809, 9654, 9757, 9782, 10514, 11340, 12426, 13262, 15088, 17240, 17771, 17947, 19400, 19686, 20146, 21589, 23262, 23793, 26860, 27579, 27707, 28247, 30115, 31173, 33222, 34108, 34223, 34378, 36266, 36281, 37491, 39604, 41236, 43427, 43886, 47818, 48088, 51124, 51344, 54790, 56088, 58191, 59124, 59343, 62347, 62586]
Iter#47530 New set #2 of size 50 (23765.0 its/hit = 315.000s/hit): seed=7585728447181163646 [262, 988, 2375, 5341, 5794, 5935, 7626, 7844, 9231, 11504, 11583, 13366, 13508, 16024, 16643, 16846, 18604, 18969, 19705, 21073, 22009, 23380, 23444, 24399, 26003, 27167, 30236, 31108, 31657, 31872, 33928, 34034, 35902, 38961, 41372, 41917, 43899, 44420, 47981, 48933, 49938, 50332, 54427, 55133, 55560, 56471, 58267, 59306, 61198, 64806]
Iter#99972 New set #3 of size 50 (33324.0 its/hit = 440.333s/hit): seed=3991008304892058960 [1877, 2294, 3659, 7816, 7996, 13972, 17184, 17329, 19685, 22086, 22551, 22613, 23998, 24947, 25973, 25982, 26073, 27002, 27094, 29140, 31320, 32211, 35735, 35897, 37713, 39681, 40907, 41252, 42273, 42402, 42817, 43637, 43737, 44501, 45675, 45709, 46624, 47226, 49246, 49575, 51617, 52305, 53511, 53847, 53938, 55730, 56290, 56572, 59073, 62775]
Iter#183607 New set #4 of size 50 (45901.8 its/hit = 609.000s/hit): seed=17704865307988225373 [869, 1178, 5037, 5241, 6697, 6919, 7686, 8085, 9630, 11293, 15274, 16929, 17956, 18597, 18660, 18985, 20289, 22146, 22222, 22903, 23403, 26309, 26629, 27348, 27851, 27999, 28826, 28852, 31063, 35523, 37866, 38060, 38403, 40388, 46228, 46663, 48728, 49557, 51482, 51662, 52778, 53465, 53828, 54467, 54753, 55675, 57836, 59375, 61228, 64448]
Iter#428409 New set #5 of size 50 (85681.8 its/hit = 1139.600s/hit): seed=4707134497021708429 [1017, 2519, 4605, 5382, 6613, 7545, 7891, 9465, 9521, 11036, 11389, 11443, 11612, 12843, 13259, 16100, 17677, 18795, 19856, 23561, 23815, 24368, 26065, 26566, 27465, 27948, 31511, 32577, 36815, 39674, 40931, 41038, 42165, 43313, 43661, 46361, 46817, 49964, 52034, 52461, 53147, 53296, 55071, 57125, 59062, 60308, 61664, 61938, 62199, 64871]
Iter#446981 New set #6 of size 50 (74496.8 its/hit = 991.167s/hit): seed=15777569732233388426 [2136, 2915, 4039, 5898, 9644, 9889, 12527, 14460, 14657, 18593, 20254, 20499, 24157, 25194, 25978, 27046, 27461, 27790, 27869, 28547, 29836, 30537, 33785, 38233, 39942, 40529, 40544, 43950, 45676, 46388, 47145, 47684, 47908, 48062, 48369, 51175, 51548, 51773, 52026, 52179, 53812, 54008, 54011, 54463, 57185, 57713, 59210, 61306, 61584, 62865]
Iter#467595 New set #7 of size 50 (66799.3 its/hit = 889.143s/hit): seed=9255763300087067373 [1193, 1264, 2629, 3369, 3566, 5294, 5508, 6073, 7539, 8142, 8291, 12688, 13164, 14724, 15775, 20448, 20496, 22043, 22866, 22999, 23111, 23592, 26518, 27201, 27270, 28409, 30212, 32068, 33548, 35077, 35145, 35536, 37003, 41709, 43513, 44462, 44687, 45821, 46324, 49164, 51778, 55362, 55836, 55917, 60582, 60989, 61498, 61809, 64721, 65167]
Iter#492946 New set #8 of size 50 (61618.2 its/hit = 820.875s/hit): seed=4029350992288085807 [802, 1939, 2311, 2707, 3534, 3690, 4575, 5890, 8848, 10593, 12116, 14920, 15147, 18629, 18653, 18996, 19986, 21939, 23177, 26240, 26695, 28872, 29593, 29641, 29922, 33199, 33269, 34961, 36101, 36174, 37479, 39075, 40338, 42621, 45808, 47093, 48764, 50246, 50587, 53046, 54291, 55515, 56689, 57417, 58179, 58407, 59619, 61436, 62596, 64641]
Iter#504413 New set #9 of size 50 (56045.9 its/hit = 746.778s/hit): seed=14868071731008679660 [22, 404, 3303, 5871, 7357, 7954, 8216, 8494, 8970, 9019, 9738, 9787, 16844, 17105, 17515, 17823, 19926, 21663, 23815, 25191, 26631, 32329, 32899, 34192, 35503, 36575, 36818, 38386, 41122, 41610, 42546, 45157, 46093, 46685, 46949, 47132, 49895, 49907, 51165, 51347, 52927, 56828, 57959, 60197, 60589, 60701, 61316, 62521, 63874, 64245]
Iter#706818 New set #10 of size 50 (70681.8 its/hit = 945.000s/hit): seed=9854543088168826505 [1738, 2756, 4443, 6572, 7989, 8499, 10657, 10865, 10908, 12077, 12114, 15468, 18116, 19007, 19177, 19735, 20766, 21718, 22605, 23398, 23455, 23786, 25378, 26695, 27884, 30328, 33731, 34108, 39357, 39693, 40340, 43723, 44185, 44713, 45876, 46321, 47499, 49374, 51581, 51798, 53483, 53567, 53874, 54873, 58243, 58454, 62157, 63768, 64251, 64777]
