[*] Computing DDT
[+] DDT Computed
DDT took 940.252511262s
Iter#1 New set #1 of size 43 (1.0 its/hit = 0.000s/hit): seed=9031711896608732996 [1844, 2725, 4113, 4549, 7998, 9679, 11883, 12617, 18344, 19217, 21165, 21567, 21786, 23095, 23741, 25808, 27610, 28346, 30680, 31730, 33511, 33909, 34179, 34461, 38345, 39310, 39766, 41517, 41651, 42193, 45289, 46744, 47037, 47874, 48530, 51556, 53740, 55635, 56438, 56504, 61157, 63547, 64171]
Iter#2 New set #1 of size 47 (2.0 its/hit = 0.000s/hit): seed=15099281580347228024 [538, 555, 1708, 4401, 7909, 11940, 12769, 14517, 14922, 17059, 17208, 17930, 19568, 24958, 26965, 27374, 28685, 29806, 30596, 30610, 31606, 31884, 31965, 32243, 32865, 34868, 36140, 37138, 38649, 39059, 39231, 39551, 40575, 45257, 48516, 49633, 49711, 50039, 53105, 56197, 56298, 57250, 58008, 64728, 65156, 65170, 65190]
Iter#150 New set #1 of size 48 (150.0 its/hit = 1.000s/hit): seed=16407101949921899288 [3342, 3841, 4514, 6160, 7089, 8300, 10250, 12155, 12799, 14574, 14783, 15160, 15340, 15757, 16453, 18601, 19055, 19593, 21314, 21610, 23366, 24185, 24341, 25164, 26699, 27262, 28519, 28748, 29190, 32117, 33988, 36793, 37007, 39229, 39580, 41331, 42611, 42980, 47517, 48707, 48919, 51852, 52979, 54742, 55251, 57436, 60921, 64395]
Iter#580 New set #2 of size 48 (290.0 its/hit = 2.500s/hit): seed=18113001466698345568 [3631, 4483, 4719, 5640, 5671, 8661, 9133, 10688, 11345, 11377, 12451, 14426, 15012, 17698, 18294, 18785, 20182, 21878, 22053, 22109, 22257, 27091, 29124, 29839, 31880, 32633, 34485, 36105, 37175, 38085, 38518, 42105, 44667, 47754, 49251, 50362, 52698, 54305, 54517, 55580, 55813, 57883, 58525, 59696, 60739, 62295, 64115, 64698]
Iter#1137 New set #3 of size 48 (379.0 its/hit = 3.667s/hit): seed=8508402395392768436 [384, 434, 579, 2931, 5672, 7731, 9083, 9992, 12068, 12257, 12518, 12644, 12763, 21672, 22185, 22321, 22860, 25188, 25284, 25501, 25531, 26368, 26658, 28174, 29771, 35479, 36086, 36883, 40545, 41265, 42922, 43002, 43429, 43864, 44344, 45061, 46964, 47145, 51865, 52113, 52712, 53339, 58577, 60611, 61003, 61122, 64084, 65366]
Iter#1348 New set #4 of size 48 (337.0 its/hit = 3.250s/hit): seed=9080793598920489699 [1152, 1872, 2282, 3405, 4218, 5704, 5960, 6498, 7245, 7432, 12574, 13483, 13733, 17663, 19001, 19486, 20480, 20822, 21335, 22532, 23033, 26118, 30742, 31152, 33029, 33405, 35755, 36392, 37139, 37660, 38334, 38937, 41355, 44624, 44896, 45567, 48757, 49819, 50766, 51689, 51720, 51872, 52746, 54869, 57505, 57747, 58336, 60081]
Iter#1658 New set #5 of size 48 (331.6 its/hit = 3.400s/hit): seed=18290893145400308627 [19, 711, 1825, 4036, 4061, 4133, 6429, 8374, 9534, 9861, 11824, 13567, 18661, 19371, 20283, 23051, 23882, 24244, 24638, 25245, 25575, 27173, 28391, 29252, 29639, 31248, 31285, 32071, 34214, 35441, 38876, 41651, 43626, 43980, 45386, 46312, 47198, 47657, 48037, 49814, 50311, 52576, 53574, 54305, 58887, 61098, 62863, 64127]
Iter#2430 New set #6 of size 48 (405.0 its/hit = 4.167s/hit): seed=14020709946819583518 [24, 605, 780, 2445, 2571, 3194, 3474, 9705, 10706, 11947, 12615, 15686, 17145, 17321, 17850, 19077, 20328, 20476, 22655, 23014, 23116, 23546, 26026, 28956, 29098, 31308, 31893, 34026, 34856, 36999, 37097, 37552, 38154, 39877, 42356, 44303, 47132, 47214, 47349, 47801, 48416, 53619, 55312, 55836, 60370, 60917, 61770, 65114]
Iter#5001 New set #7 of size 48 (714.4 its/hit = 7.286s/hit): seed=3332545038431628924 [1487, 4172, 5718, 5940, 7736, 8210, 8452, 11750, 18171, 19216, 19222, 22448, 23367, 24659, 26091, 27522, 27543, 27898, 29997, 31056, 34965, 37345, 38288, 38294, 38628, 39673, 40255, 43082, 43592, 43903, 45547, 45989, 47065, 48545, 48851, 50381, 51372, 51756, 51901, 52145, 52918, 54813, 55045, 56166, 56581, 57852, 59466, 60584]
Iter#5551 New set #8 of size 48 (693.9 its/hit = 7.125s/hit): seed=10682063512375619974 [4327, 6180, 6717, 6894, 7624, 8201, 8213, 8545, 12121, 12367, 12599, 13519, 15126, 17903, 18393, 18771, 18922, 19306, 19377, 20745, 22229, 22327, 24909, 26714, 27080, 27369, 28532, 28730, 29073, 29589, 30441, 30954, 34865, 38160, 38266, 39228, 39238, 41165, 43334, 43946, 46892, 50160, 56076, 56253, 57027, 61145, 63358, 65454]
Iter#6058 New set #9 of size 48 (673.1 its/hit = 6.889s/hit): seed=1636519550715560648 [3025, 3662, 4351, 4466, 4688, 5362, 5788, 7060, 7078, 7107, 8143, 8387, 10247, 11625, 13567, 14875, 15503, 15861, 16357, 16565, 16721, 16729, 20757, 20821, 20880, 23314, 24191, 24804, 26241, 28453, 28659, 30491, 32706, 35486, 35931, 36384, 39843, 41554, 41842, 45278, 45566, 47695, 51242, 55376, 57160, 60081, 64195, 64673]
Iter#7499 New set #10 of size 48 (749.9 its/hit = 7.700s/hit): seed=11132650218204740638 [908, 3287, 3532, 4834, 5174, 5520, 6298, 6547, 6834, 7034, 7437, 9185, 10790, 11110, 11167, 11814, 12200, 13704, 18044, 21490, 24492, 25197, 25222, 28437, 30615, 31743, 32169, 33187, 33687, 34820, 35167, 37453, 42941, 47296, 47487, 49356, 50177, 51813, 54386, 54689, 54797, 56105, 56498, 58215, 58430, 60208, 61765, 62039]
Iter#11156 New set #1 of size 49 (11156.0 its/hit = 115.000s/hit): seed=12747083252529441164 [828, 977, 1319, 1379, 6313, 8704, 9074, 9479, 10220, 12572, 12803, 13827, 18430, 18944, 20595, 23319, 26119, 26787, 29241, 29936, 30419, 31625, 34983, 35043, 35836, 36535, 39860, 41125, 47279, 47867, 48116, 48675, 49027, 51304, 51947, 54595, 55258, 55365, 55704, 56132, 58699, 59143, 59343, 60438, 60474, 60930, 60950, 61737, 64595]
Iter#13960 New set #2 of size 49 (6980.0 its/hit = 72.000s/hit): seed=3861904810379857157 [141, 177, 1956, 2970, 5328, 5519, 5945, 7163, 8534, 9303, 12236, 14892, 15811, 18504, 18832, 25790, 28761, 32758, 34080, 34088, 35431, 37646, 38340, 38949, 40718, 42393, 43788, 44668, 45611, 49227, 49401, 49440, 51996, 52382, 53244, 53262, 53266, 53707, 53934, 54687, 55787, 56030, 57141, 58810, 60768, 60862, 62566, 63775, 64554]
Iter#20549 New set #3 of size 49 (6849.7 its/hit = 71.333s/hit): seed=7591859703815250609 [431, 1571, 3235, 3791, 5317, 5839, 6834, 8734, 14088, 14362, 14852, 16471, 16788, 17332, 19632, 23369, 23744, 25313, 26280, 26448, 27475, 28932, 29773, 30623, 31294, 31379, 34383, 34456, 38139, 38876, 39086, 39618, 42298, 43504, 43807, 43968, 45100, 45174, 45618, 47101, 48416, 49424, 50459, 55934, 56732, 57657, 57997, 59593, 61641]
Iter#21449 New set #1 of size 50 (21449.0 its/hit = 223.000s/hit): seed=14407918967415436954 [1346, 1413, 1761, 2096, 3321, 3844, 7667, 7978, 18555, 18941, 21196, 21764, 22163, 23457, 24200, 27955, 28240, 28768, 30301, 31108, 31260, 34317, 34833, 35646, 36640, 42875, 43529, 45339, 47630, 48494, 49358, 49395, 49982, 50124, 50160, 50556, 51942, 52329, 53307, 54488, 54691, 54715, 55011, 58418, 59939, 59963, 61745, 64689, 64725, 65129]
Iter#180664 New set #2 of size 50 (90332.0 its/hit = 939.500s/hit): seed=1693980884340373739 [1286, 1591, 2795, 3475, 4117, 4168, 4797, 8277, 9068, 9953, 17167, 18198, 19749, 20220, 20500, 20535, 22366, 24406, 27107, 27689, 27965, 31604, 32130, 32274, 34301, 34999, 35480, 35526, 35776, 36251, 37396, 38155, 39893, 44319, 44648, 46702, 46865, 46981, 47032, 47416, 50524, 52425, 53333, 53698, 58075, 60538, 60786, 61040, 61923, 63092]
Iter#200250 New set #3 of size 50 (66750.0 its/hit = 694.333s/hit): seed=12606747547014830811 [564, 947, 3245, 3691, 3768, 4893, 8221, 8360, 8390, 9646, 9840, 10645, 13174, 16447, 17721, 18735, 19737, 20931, 21805, 21817, 23386, 25263, 29797, 30332, 35816, 36897, 37006, 38625, 39146, 39771, 40909, 45228, 47438, 47949, 48733, 49495, 50247, 50458, 51884, 51924, 53437, 53991, 54206, 55931, 57337, 58450, 59941, 60035, 61760, 62234]
Iter#257210 New set #4 of size 50 (64302.5 its/hit = 669.250s/hit): seed=15667387232879662399 [1623, 6595, 6873, 8814, 16496, 18444, 21645, 22101, 23258, 23363, 23689, 26272, 26848, 27200, 29941, 31326, 32924, 34638, 37177, 37382, 39231, 39404, 40311, 40669, 42579, 44390, 46054, 46364, 47719, 48886, 50080, 50977, 51852, 54076, 54417, 54612, 56081, 56285, 56413, 56757, 57540, 58028, 60758, 61926, 62347, 63067, 63299, 63335, 64747, 65213]
Iter#321133 New set #5 of size 50 (64226.6 its/hit = 671.200s/hit): seed=12960776995283946271 [565, 1237, 1827, 2946, 3886, 5256, 5698, 6642, 6742, 9986, 10008, 14540, 25117, 25595, 26036, 26830, 27053, 27498, 28885, 29214, 29628, 40448, 40557, 41319, 41650, 42928, 43156, 43181, 43948, 44494, 44600, 46148, 47533, 48043, 50567, 51224, 51240, 52597, 52632, 53335, 53397, 53947, 54158, 55048, 56195, 56362, 57280, 58202, 61286, 61342]
Iter#343426 New set #6 of size 50 (57237.7 its/hit = 598.167s/hit): seed=16489757989164847531 [703, 1182, 1301, 5474, 5550, 5975, 6383, 8068, 8401, 8500, 9963, 10243, 12458, 13650, 13829, 14001, 14738, 16752, 17914, 21471, 26880, 27363, 27842, 29253, 29806, 30269, 30851, 32389, 32572, 32999, 33459, 35280, 35480, 35608, 38017, 39365, 40245, 44387, 44881, 46915, 46966, 48074, 49627, 51354, 55449, 58062, 59269, 60015, 60379, 64877]
Iter#382209 New set #1 of size 51 (382209.0 its/hit = 3992.000s/hit): seed=6027060983134856093 [42, 429, 3877, 5307, 8954, 11939, 12721, 13922, 14380, 14837, 14933, 16168, 16869, 17095, 18015, 19892, 22018, 23065, 23308, 25732, 28077, 28132, 30275, 32167, 34046, 35736, 37367, 37445, 40411, 40998, 41223, 42358, 43073, 44488, 45882, 47059, 47147, 48141, 48898, 50427, 50506, 50712, 50725, 53670, 53869, 57392, 57781, 57809, 59668, 62193, 65390]
