[*] Computing DDT
[+] DDT Computed
DDT took 101.011600122s
Iter#1 New set #1 of size 43 (1.0 its/hit = 0.000s/hit): seed=17575304562227952296 [1792, 2067, 2226, 4742, 5023, 5578, 6441, 7473, 7924, 9053, 9235, 10718, 11084, 12236, 13066, 14187, 19732, 21154, 26202, 34926, 36688, 37546, 40388, 40509, 41610, 42376, 43869, 44682, 45418, 49538, 49746, 50386, 50417, 52337, 52711, 55258, 59049, 59550, 59783, 61802, 62544, 62772, 64084]
Iter#2 New set #1 of size 44 (2.0 its/hit = 0.000s/hit): seed=18264017245301804517 [257, 2097, 3907, 9335, 10246, 12637, 14093, 14129, 14157, 16138, 16619, 18953, 20247, 20388, 21674, 26324, 28268, 28576, 29606, 30069, 30922, 31113, 32900, 33065, 33755, 34385, 36019, 37549, 39050, 39257, 40481, 40752, 41961, 43766, 45841, 47420, 47998, 53576, 54366, 55777, 56564, 56772, 61675, 64035]
Iter#3 New set #1 of size 47 (3.0 its/hit = 0.000s/hit): seed=14282885460724090378 [2203, 3431, 3947, 5916, 8155, 8895, 9739, 14629, 18277, 19821, 20499, 22485, 22499, 23258, 23465, 24533, 26588, 26613, 26650, 28134, 28443, 28636, 28650, 30814, 33150, 33992, 35393, 35598, 35869, 36946, 41258, 42423, 43726, 45397, 53505, 54246, 58878, 59242, 59499, 60823, 60932, 61339, 62183, 62606, 63383, 63638, 65382]
Iter#4 New set #1 of size 64 (4.0 its/hit = 0.000s/hit): seed=5268099961593848379 [8861, 8905, 8930, 8978, 9106, 9373, 9387, 9442, 10347, 10348, 10434, 10473, 10596, 10652, 10669, 12948, 13036, 13156, 13251, 13288, 13474, 13547, 14355, 14434, 14539, 14562, 14792, 14819, 19885, 21444, 22635, 22812, 22947, 25196, 25371, 26825, 26850, 29624, 35683, 35811, 36205, 36292, 36333, 40219, 40292, 40397, 41627, 41667, 41833, 41876, 41890, 42084, 42189, 43117, 43172, 43245, 43362, 43433, 43468, 49454, 50146, 51373, 51564, 55480]
Iter#28 New set #1 of size 73 (28.0 its/hit = 0.000s/hit): seed=15821326372769601301 [41, 191, 695, 1136, 1184, 1955, 2168, 2169, 2962, 2983, 3151, 3424, 3472, 3967, 24617, 24672, 24735, 24752, 25635, 26722, 26791, 27571, 28015, 28576, 28583, 29872, 30633, 30825, 30835, 30883, 31535, 31640, 32034, 32160, 32553, 32623, 34205, 35011, 36984, 37032, 37503, 37991, 38072, 38690, 38816, 39103, 39776, 39824, 40290, 40359, 40807, 40888, 42103, 43042, 44335, 44451, 44899, 44968, 44969, 45154, 45224, 45602, 45603, 45743, 46184, 46264, 46960, 47215, 48048, 48063, 48503, 48504, 49079]
Iter#95 New set #1 of size 77 (95.0 its/hit = 1.000s/hit): seed=924730228839802244 [8289, 8313, 8359, 8360, 8504, 8547, 8615, 9329, 9378, 9577, 9655, 11058, 11571, 11640, 11699, 12344, 12345, 12599, 12647, 12977, 13362, 13491, 15266, 17569, 17587, 17768, 17784, 19257, 19320, 19817, 19875, 32823, 32883, 33137, 33400, 33401, 34099, 34145, 35768, 36201, 36264, 36983, 37287, 37297, 37479, 37537, 37993, 38195, 38247, 39801, 43583, 45175, 45411, 45431, 45481, 45489, 45623, 46183, 46195, 46258, 46265, 46450, 46497, 48039, 48483, 53361, 53426, 53554, 53687, 53943, 54440, 54627, 56675, 56690, 56739, 57493, 58759]
Iter#192 New set #1 of size 84 (192.0 its/hit = 2.000s/hit): seed=5690412364632280045 [286, 409, 496, 625, 1637, 1689, 1776, 2278, 2581, 2672, 2677, 2934, 24862, 25105, 25238, 25502, 26208, 26213, 26276, 26357, 26470, 26865, 27152, 27253, 28309, 28398, 29399, 49529, 49833, 50081, 51041, 51104, 51428, 51477, 51568, 51689, 51894, 51961, 51988, 52081, 52084, 52846, 53068, 54036, 54129, 54929, 55061, 55150, 55152, 55273, 55440, 55712, 56054, 56165, 56225, 56304, 56309, 56932, 57022, 57748, 58085, 58902, 59152, 59157, 59253, 59390, 59745, 59878, 59892, 60256, 60405, 61158, 61172, 62304, 62334, 62453, 63329, 63332, 63476, 63854, 64369, 64406, 65045, 65201]
Iter#363 New set #1 of size 101 (363.0 its/hit = 4.000s/hit): seed=15464302586525681579 [28, 101, 195, 251, 278, 467, 486, 501, 764, 1180, 1237, 1430, 1493, 1507, 3014, 3354, 3436, 4203, 4326, 4330, 4586, 4603, 5222, 5338, 5399, 5578, 5605, 6934, 6940, 7147, 7523, 7573, 16661, 16923, 17116, 17130, 17435, 17610, 17628, 17819, 17859, 19350, 19435, 19923, 20698, 20967, 21015, 21146, 21611, 21724, 21751, 21990, 23491, 23914, 24037, 24054, 28691, 28774, 28876, 28890, 28922, 28949, 29036, 29131, 29381, 29413, 29926, 30154, 30188, 31715, 32107, 33002, 33243, 33251, 33269, 33383, 33493, 33895, 33942, 34005, 34019, 34147, 34202, 35733, 35783, 35820, 36203, 36294, 36309, 41829, 61459, 61587, 61900, 61946, 62187, 62483, 62485, 62682, 64501, 64874, 65015]
Iter#3733 New set #1 of size 105 (3733.0 its/hit = 47.000s/hit): seed=57440011852783448 [8468, 8618, 10727, 11287, 11383, 11437, 11622, 11700, 11803, 11876, 11898, 12054, 16662, 18075, 18804, 18868, 19602, 19610, 19639, 19684, 19732, 19812, 19946, 20155, 20247, 20327, 20330, 20372, 24946, 26214, 26237, 27044, 27063, 27117, 27751, 27930, 28087, 28132, 28134, 28180, 28279, 28306, 28330, 28391, 28439, 28516, 28566, 28570, 28603, 28650, 29111, 29115, 30237, 30324, 30379, 30434, 31090, 31122, 31207, 31846, 31906, 32362, 32422, 32434, 32439, 32530, 32539, 42660, 43291, 43437, 44059, 44180, 44186, 44475, 44642, 44711, 44733, 44826, 44982, 45476, 46619, 46692, 47460, 47514, 47515, 47542, 48246, 48278, 48566, 48747, 49021, 49082, 53730, 55574, 55670, 56423, 56434, 56445, 56596, 56861, 56930, 56955, 57002, 57067, 57206]
Iter#7758 New set #1 of size 109 (7758.0 its/hit = 99.000s/hit): seed=8854785716818189590 [479, 4122, 4127, 5149, 5226, 5405, 5503, 5549, 5557, 6682, 6755, 6821, 7277, 7324, 7407, 24940, 24942, 24981, 25023, 25726, 25727, 25758, 25775, 25788, 25829, 26021, 26045, 26092, 27294, 27758, 27770, 27834, 36892, 36990, 37098, 37276, 37989, 38298, 39603, 40083, 40125, 49263, 49342, 49389, 49517, 49580, 50042, 50074, 50109, 50149, 50298, 50414, 50458, 50559, 50606, 50621, 51893, 52254, 53267, 53363, 53406, 53523, 54037, 54173, 54175, 54186, 54293, 54426, 54508, 54675, 54766, 55919, 55981, 56444, 56506, 57466, 57503, 57628, 57749, 58236, 58348, 58477, 58525, 58541, 58780, 60014, 60090, 60095, 60131, 60445, 60526, 60588, 60602, 61850, 61886, 61887, 62317, 62378, 62387, 62483, 62638, 62846, 62878, 62949, 64163, 64181, 64621, 64691, 64693]
Iter#27776 New set #1 of size 112 (27776.0 its/hit = 357.000s/hit): seed=18007842969028795243 [4261, 12563, 12633, 12799, 12800, 12824, 12866, 13049, 13080, 13138, 13192, 13952, 14361, 14578, 14659, 14679, 14834, 14841, 15993, 16003, 20831, 20978, 20983, 21122, 21272, 21378, 22018, 22088, 22144, 22531, 22640, 22648, 22873, 22905, 22927, 24095, 24146, 24152, 24185, 24912, 25167, 25223, 25351, 25439, 25474, 26121, 26192, 26194, 26226, 26743, 26754, 26760, 26952, 27008, 27123, 28175, 28953, 29010, 29043, 29059, 29199, 29433, 29504, 29687, 30323, 30745, 30784, 30847, 30960, 31107, 32392, 41225, 41232, 41344, 41475, 41544, 41592, 41811, 41817, 41871, 42563, 42569, 42627, 43016, 43087, 43385, 44553, 44799, 45385, 45432, 45650, 45683, 45808, 45832, 45840, 45936, 45943, 46071, 46616, 46728, 48776, 49912, 49935, 50039, 50056, 50759, 51208, 51266, 51315, 51480, 51599, 54737]
Iter#39699 New set #1 of size 113 (39699.0 its/hit = 509.000s/hit): seed=3160116953098959557 [333, 475, 1709, 1714, 1826, 1900, 1908, 1979, 2013, 2468, 2639, 3663, 3772, 3806, 4388, 4429, 4431, 5707, 5796, 5804, 5842, 5854, 5954, 6111, 6444, 6699, 7028, 7086, 7103, 7806, 7900, 13192, 16687, 16765, 16860, 17964, 17996, 17999, 18036, 18098, 18223, 18244, 18875, 19058, 19245, 19314, 20012, 20045, 20142, 20146, 20180, 20845, 20859, 20863, 20959, 22114, 22141, 22235, 22317, 22338, 22860, 22892, 23085, 23118, 23261, 23343, 23375, 24110, 28972, 29007, 29037, 29042, 30399, 30591, 31010, 31022, 31154, 31340, 31412, 31597, 31660, 31708, 32322, 32381, 32430, 32477, 33134, 34494, 34594, 34628, 34684, 35243, 35252, 35628, 35757, 36476, 36516, 36573, 61860, 63012, 63055, 63150, 63342, 63790, 63867, 64116, 64125, 64188, 64220, 64381, 64445, 65131, 65140]
Iter#58064 New set #1 of size 121 (58064.0 its/hit = 744.000s/hit): seed=11422720859470463822 [78, 260, 325, 470, 1049, 1057, 1233, 1326, 1568, 1606, 2368, 2485, 3665, 3769, 24617, 24833, 24868, 25689, 25785, 25873, 25888, 25945, 26116, 26134, 26158, 26910, 26918, 26926, 26964, 27057, 28246, 28369, 28692, 28742, 29969, 29973, 29982, 29984, 30164, 30229, 30277, 30289, 30302, 30416, 31062, 31184, 31190, 32260, 32320, 32326, 32469, 32773, 32832, 33092, 33118, 33200, 33241, 33797, 33828, 34112, 34129, 34230, 34256, 34326, 34350, 35102, 35110, 35113, 36358, 36372, 36389, 37599, 41033, 41141, 42054, 42068, 42240, 42308, 42430, 42526, 42561, 43334, 43348, 44590, 44638, 44725, 45065, 45097, 45136, 45278, 45488, 45526, 46153, 46164, 46166, 46288, 46656, 46801, 47374, 47401, 47428, 48662, 48686, 58979, 61446, 61702, 61721, 61728, 61877, 62484, 62544, 62545, 62549, 62734, 62761, 62790, 62804, 63158, 63744, 63957, 65056]
Iter#158995 New set #1 of size 123 (158995.0 its/hit = 2030.000s/hit): seed=8079978963592687001 [8717, 8847, 8945, 8993, 9001, 9516, 9631, 10255, 10381, 10399, 10556, 10749, 10764, 10790, 11006, 11393, 11405, 12857, 12918, 12926, 13046, 13628, 13821, 14457, 14585, 14590, 14630, 14734, 14748, 14751, 14905, 14975, 14993, 15094, 15497, 15612, 20993, 21001, 21036, 21055, 21129, 21308, 21377, 21809, 21885, 22014, 22534, 22662, 22687, 23102, 23196, 23596, 23673, 23708, 33583, 33677, 34057, 34297, 34781, 34865, 34941, 34943, 34945, 34953, 35085, 35369, 35454, 35897, 35966, 37414, 37622, 37641, 37756, 37766, 37886, 37887, 38159, 38204, 38262, 38393, 38926, 39033, 39181, 39294, 39420, 39469, 40093, 40185, 41487, 41521, 41785, 41873, 42377, 43021, 43062, 43158, 43409, 43421, 43519, 43534, 43553, 43638, 44078, 44092, 44093, 44159, 44191, 49777, 49789, 49918, 50070, 50076, 50476, 50678, 51241, 51471, 51510, 51705, 51841, 51871, 52273, 52287, 52349]
Iter#580590 New set #2 of size 123 (290295.0 its/hit = 3750.000s/hit): seed=12843825889869218779 [2142, 8192, 8260, 8378, 8485, 8538, 8988, 8993, 9029, 9232, 9260, 9404, 9425, 9434, 9555, 9680, 10762, 11354, 11484, 16458, 16560, 16641, 16724, 17220, 17338, 17364, 17498, 17731, 17744, 17852, 17875, 18963, 18964, 19153, 19472, 19540, 43983, 45068, 45076, 45136, 45267, 45381, 45402, 45827, 46005, 46300, 46544, 47621, 47684, 47829, 48129, 48172, 48195, 49434, 49452, 49477, 49925, 49936, 49962, 50133, 50140, 50241, 50266, 50364, 50385, 50476, 50641, 51795, 51923, 52224, 52257, 53331, 53333, 53456, 53722, 54048, 54099, 54197, 54304, 54364, 54564, 54604, 55985, 56028, 56324, 56384, 57408, 57409, 57413, 57428, 57532, 57668, 58122, 58149, 58298, 58371, 58372, 58433, 58549, 58705, 59978, 59987, 60084, 60444, 60451, 60593, 61473, 61476, 61619, 61620, 61658, 61708, 61776, 62225, 62250, 62483, 62549, 62741, 62762, 64069, 64531, 64533, 64700]
