[*] Computing DDT
[+] DDT Computed
DDT took 943.89493586s
Iter#1 New set #1 of size 42 (1.0 its/hit = 0.000s/hit): seed=10083803240878938271 [411, 4454, 5297, 5968, 8179, 12345, 15132, 16503, 17301, 19894, 21854, 23487, 25235, 26732, 27085, 27106, 28778, 30212, 30837, 30908, 31026, 31772, 33251, 34719, 34818, 37173, 37288, 38279, 38675, 39043, 40955, 42483, 44425, 45360, 48023, 53062, 53257, 54254, 55495, 57831, 58869, 60303]
Iter#2 New set #1 of size 43 (2.0 its/hit = 0.000s/hit): seed=2348548763395408292 [3684, 7060, 7776, 8118, 8987, 9069, 10111, 10943, 12055, 13087, 14761, 15850, 17864, 18454, 21492, 27699, 28463, 28606, 28985, 29003, 29373, 29788, 32100, 33679, 33882, 33995, 34400, 34478, 42725, 44370, 45147, 47803, 49615, 51629, 54939, 55130, 55404, 56022, 57249, 61186, 62003, 62645, 65152]
Iter#3 New set #1 of size 44 (3.0 its/hit = 0.000s/hit): seed=17594890316532555349 [2146, 4821, 5140, 11530, 14083, 14094, 14544, 14575, 15608, 18317, 20032, 20348, 20740, 20851, 23206, 25628, 26720, 29307, 31952, 32208, 32419, 32755, 36545, 39624, 40213, 40396, 43485, 44524, 45765, 46070, 48411, 50261, 50517, 51705, 51878, 54746, 55865, 56092, 56208, 59639, 61123, 62116, 62721, 64870]
Iter#5 New set #1 of size 48 (5.0 its/hit = 0.000s/hit): seed=12984977435494055808 [871, 904, 2287, 3300, 3349, 3553, 5229, 7593, 7765, 9324, 9550, 12358, 13479, 13889, 17939, 18068, 18260, 18587, 21453, 21524, 22075, 24547, 27322, 27532, 28028, 28868, 30261, 31927, 34285, 35607, 38020, 41740, 42186, 42610, 47763, 48917, 48952, 50847, 51487, 53997, 54495, 55097, 55512, 55966, 56482, 56557, 60993, 63111]
Iter#864 New set #2 of size 48 (432.0 its/hit = 4.000s/hit): seed=10798931625586971945 [931, 5748, 9081, 9662, 10961, 14114, 14872, 15104, 15519, 16042, 16127, 16691, 17032, 17477, 18024, 19383, 20420, 24085, 24860, 27690, 27803, 28740, 28892, 29891, 34110, 34289, 34608, 35209, 36980, 40434, 40814, 40979, 41016, 42464, 42645, 43922, 44593, 45506, 45899, 46868, 52898, 55588, 57101, 57971, 58433, 59211, 62416, 63523]
Iter#1175 New set #3 of size 48 (391.7 its/hit = 4.000s/hit): seed=10000302691720573516 [1123, 3332, 4250, 4564, 4655, 14098, 16701, 18048, 19481, 21368, 22334, 22412, 23080, 24061, 24270, 26076, 26498, 27494, 28288, 29008, 29903, 30060, 33191, 34158, 34721, 35172, 35654, 36083, 36133, 37213, 37390, 37507, 40413, 42729, 42873, 44810, 46222, 46395, 46821, 50315, 51681, 52201, 58326, 61985, 62455, 63349, 63880, 64384]
Iter#2643 New set #4 of size 48 (660.8 its/hit = 6.750s/hit): seed=71327266042270986 [972, 1216, 2946, 3055, 3389, 3466, 4243, 5728, 6197, 10429, 10661, 13048, 13754, 15326, 15669, 16006, 17206, 19604, 20057, 23183, 24419, 24642, 25344, 26926, 29502, 30798, 33879, 35129, 37696, 41784, 44189, 45240, 45468, 45661, 48199, 48772, 49012, 50994, 52847, 52875, 56167, 56482, 60388, 60927, 62534, 62842, 63415, 64915]
Iter#5058 New set #5 of size 48 (1011.6 its/hit = 10.400s/hit): seed=3743210039910622269 [633, 6693, 7137, 8563, 9699, 9934, 9943, 12985, 13098, 13157, 14895, 14997, 17589, 17729, 18655, 19295, 19967, 23095, 23100, 23335, 24153, 25204, 29914, 30129, 31144, 32945, 33776, 34276, 35363, 38969, 39375, 40715, 41781, 45974, 47227, 47550, 48352, 48671, 48794, 49036, 51761, 52042, 55765, 56568, 56874, 57219, 58174, 60176]
Iter#5716 New set #6 of size 48 (952.7 its/hit = 9.833s/hit): seed=10923450868528850947 [937, 1792, 1940, 3715, 4981, 5137, 6892, 7002, 7670, 11002, 12212, 12711, 12947, 15189, 15409, 16491, 17106, 17786, 19354, 19565, 21313, 21724, 23530, 24244, 24822, 24973, 27559, 30747, 31163, 31230, 31857, 35847, 37638, 38303, 40059, 42211, 42388, 48013, 50645, 52021, 53048, 57784, 59620, 60049, 61407, 64262, 64389, 64860]
Iter#6635 New set #7 of size 48 (947.9 its/hit = 9.857s/hit): seed=2289905024158235264 [881, 1161, 1981, 2789, 4307, 6086, 6466, 10135, 10377, 11232, 11694, 15263, 16673, 17543, 17546, 21281, 21813, 23209, 24357, 24649, 28735, 28969, 32297, 33512, 33822, 33843, 35061, 35166, 36653, 36823, 40947, 40988, 41399, 42001, 42426, 44421, 45830, 47010, 48618, 50648, 57069, 58150, 58343, 59468, 60362, 61504, 62198, 64303]
Iter#9057 New set #8 of size 48 (1132.1 its/hit = 11.750s/hit): seed=664961841413022511 [1253, 2465, 4380, 4591, 5577, 6503, 9928, 10739, 12135, 13853, 15858, 19669, 21873, 22874, 23154, 23780, 24324, 24470, 26683, 26884, 28113, 28151, 28833, 32416, 36012, 36546, 39086, 40657, 40695, 40754, 41016, 42916, 43075, 43651, 44182, 44656, 50980, 52441, 53282, 56430, 57344, 59004, 59279, 60197, 60368, 60429, 63557, 64909]
Iter#9827 New set #9 of size 48 (1091.9 its/hit = 11.333s/hit): seed=15362070920608971414 [521, 1145, 1590, 3605, 5207, 9387, 10203, 10698, 11716, 11765, 12345, 13077, 14215, 15275, 15835, 16289, 17638, 19514, 22626, 23492, 24218, 24447, 26424, 34257, 34658, 34690, 34692, 35022, 36279, 36372, 37176, 40421, 40506, 43961, 45718, 48382, 49833, 51600, 52642, 52770, 53874, 54150, 54257, 57857, 58888, 61652, 62445, 62569]
Iter#10124 New set #1 of size 49 (10124.0 its/hit = 105.000s/hit): seed=11949783160993162792 [701, 855, 1739, 5641, 9061, 10984, 16491, 17969, 18951, 20022, 20026, 20046, 22083, 22292, 23993, 25718, 26630, 26804, 27733, 28890, 30135, 30778, 32823, 33008, 33210, 33336, 33514, 35309, 35935, 37267, 39465, 40668, 41485, 41580, 42142, 43436, 45164, 49545, 54864, 55632, 55874, 56529, 56876, 57216, 57860, 62630, 64114, 64145, 65311]
Iter#14687 New set #2 of size 49 (7343.5 its/hit = 76.000s/hit): seed=9063332967160104638 [47, 510, 2428, 2675, 2762, 3561, 5524, 7686, 8413, 10015, 13178, 18042, 18078, 18247, 19689, 19735, 20036, 21032, 23109, 23113, 30903, 33095, 33291, 34644, 36828, 38501, 39608, 40874, 41420, 41561, 41572, 43522, 45713, 46680, 49165, 50899, 53381, 54285, 55357, 56370, 59850, 60563, 61912, 62965, 63532, 63749, 64409, 65176, 65183]
Iter#19322 New set #3 of size 49 (6440.7 its/hit = 67.000s/hit): seed=5636965904774651876 [3866, 5265, 6076, 6219, 6857, 7291, 7445, 8211, 9041, 10781, 13700, 13780, 16827, 18601, 19180, 19253, 19805, 20360, 23683, 23997, 25683, 27652, 33727, 36786, 38093, 39761, 40077, 40416, 40681, 43108, 43697, 43813, 44567, 45825, 46053, 47412, 49559, 50018, 50333, 51199, 51202, 52876, 53340, 55806, 56107, 56797, 57896, 59449, 62701]
Iter#19802 New set #4 of size 49 (4950.5 its/hit = 51.500s/hit): seed=11539044236917459575 [1055, 1071, 1296, 1310, 2236, 3653, 4587, 5579, 6009, 9624, 11527, 12790, 14409, 14631, 15953, 16273, 18180, 18351, 19630, 20167, 21135, 21994, 22172, 22523, 22969, 26489, 26697, 29895, 30480, 30494, 30666, 35530, 41916, 43700, 44828, 49077, 50209, 50725, 51130, 53787, 54987, 55616, 56372, 56735, 56966, 58620, 59341, 60896, 64728]
Iter#27153 New set #5 of size 49 (5430.6 its/hit = 56.400s/hit): seed=7769239489563364670 [1053, 3423, 4053, 4873, 4935, 5407, 10681, 10926, 11011, 11045, 15427, 15747, 16895, 18132, 18912, 19347, 20621, 20851, 22119, 25796, 26327, 26853, 28031, 28823, 29079, 31145, 32214, 34028, 34093, 36693, 39132, 40642, 42421, 42906, 43116, 44138, 44790, 46444, 46488, 47726, 49233, 54124, 55507, 56736, 58064, 58549, 59711, 61354, 63064]
Iter#38106 New set #6 of size 49 (6351.0 its/hit = 66.000s/hit): seed=7882660060110802800 [101, 291, 1509, 2604, 2876, 5966, 5997, 6470, 7278, 7561, 9420, 10444, 11469, 13840, 15445, 16138, 17348, 19276, 20266, 21306, 22029, 22906, 23120, 25493, 26916, 27382, 28992, 30370, 30519, 31172, 31977, 32007, 33151, 33421, 35332, 36543, 39194, 40883, 42092, 42214, 45924, 47605, 49633, 51408, 51610, 57067, 61696, 62886, 63455]
Iter#64545 New set #7 of size 49 (9220.7 its/hit = 97.000s/hit): seed=14823042656004313416 [1981, 4011, 4502, 5332, 7463, 9668, 9844, 11979, 12074, 12997, 13677, 18372, 20729, 22129, 22420, 22897, 25076, 26842, 31410, 32075, 32647, 35104, 35193, 37323, 39553, 40227, 41092, 41463, 41748, 48000, 48307, 49108, 49456, 51390, 52935, 53841, 54126, 55204, 55441, 55465, 57442, 57777, 60034, 61189, 61475, 61843, 61883, 63781, 65042]
Iter#71781 New set #8 of size 49 (8972.6 its/hit = 94.625s/hit): seed=135812857611260422 [207, 1115, 2711, 2927, 3007, 3735, 5688, 6399, 7456, 7841, 7875, 8703, 11470, 11959, 12361, 12541, 12751, 12984, 15394, 15562, 20186, 22030, 23369, 23932, 25084, 26068, 26541, 29733, 30076, 33768, 34066, 34366, 35296, 35517, 35643, 37959, 38341, 41410, 41498, 43783, 43803, 46031, 48328, 54207, 57120, 59166, 62052, 64256, 64885]
Iter#72950 New set #9 of size 49 (8105.6 its/hit = 85.444s/hit): seed=13358976420193488627 [2045, 2307, 4819, 6142, 7096, 8060, 10013, 10570, 11513, 12409, 12516, 13024, 14232, 16101, 17098, 18061, 18306, 19839, 20949, 23097, 23893, 24458, 25449, 26515, 27269, 27958, 27979, 28063, 28989, 30277, 30375, 31224, 33601, 34062, 38631, 39740, 40736, 42313, 42952, 43366, 46620, 47598, 50228, 56526, 57250, 59957, 60000, 62955, 64436]
Iter#75051 New set #10 of size 49 (7505.1 its/hit = 79.100s/hit): seed=14345165156102833442 [7, 720, 824, 3930, 5908, 6733, 6906, 7133, 7754, 7890, 8609, 11590, 12324, 14420, 14805, 16037, 19086, 20206, 25985, 27462, 28826, 32200, 33122, 34369, 35571, 39453, 39974, 40872, 42278, 44178, 44689, 45349, 47013, 47209, 49480, 49778, 50108, 52010, 52504, 55060, 60815, 61774, 62296, 62793, 63504, 63829, 64176, 64493, 65058]
Iter#155633 New set #20 of size 49 (7781.6 its/hit = 81.500s/hit): seed=12241608406111135105 [1149, 4121, 4933, 8163, 13486, 16274, 16625, 17328, 22175, 23893, 23897, 24468, 25205, 26800, 27217, 28904, 29088, 29310, 33079, 33215, 35981, 36121, 39960, 40026, 43822, 44301, 44951, 46089, 48573, 48968, 50017, 52010, 53165, 54109, 55467, 56790, 57005, 57228, 57642, 58690, 59975, 60187, 60789, 61265, 62483, 62524, 63133, 64568, 65054]
Iter#213539 New set #30 of size 49 (7118.0 its/hit = 74.400s/hit): seed=14363364897386167558 [165, 6890, 7385, 7571, 8807, 11745, 13879, 15198, 15640, 17980, 18191, 18625, 18827, 21079, 21221, 21432, 22066, 22751, 23290, 24258, 25648, 26877, 27465, 27836, 29400, 29445, 30204, 32186, 32369, 33277, 37544, 38270, 39512, 41719, 42030, 42829, 43080, 43266, 46824, 47108, 47906, 48677, 49007, 50088, 56707, 59006, 59896, 61551, 61717]
Iter#245651 New set #1 of size 51 (245651.0 its/hit = 2564.000s/hit): seed=15063874010677060565 [877, 1006, 1174, 1460, 1634, 2121, 2213, 3006, 5556, 8658, 10393, 10543, 12804, 13465, 13495, 14767, 15335, 15675, 16539, 17739, 18752, 22820, 25322, 28683, 29788, 31133, 31968, 37468, 39149, 39626, 40779, 41213, 44507, 46853, 48270, 48400, 49827, 50502, 53001, 53810, 54417, 55119, 55705, 58248, 58442, 58626, 59578, 61191, 63937, 64918, 65141]
