[*] Computing DDT
[+] DDT Computed
DDT took 98.85737439s
Iter#1 New set #1 of size 44 (1.0 its/hit = 0.000s/hit): seed=9962762746832055762 [2648, 3925, 5813, 6340, 6589, 6950, 8637, 9518, 9628, 11740, 15146, 15217, 15741, 16417, 16735, 16923, 18356, 19820, 22674, 25752, 26300, 29351, 30039, 30227, 30330, 31925, 34507, 36906, 40934, 41443, 41678, 46882, 47017, 47150, 49892, 54375, 54552, 54555, 56269, 57405, 57914, 60851, 61381, 63605]
Iter#8 New set #2 of size 44 (4.0 its/hit = 0.000s/hit): seed=15060410179961210578 [237, 1768, 3515, 4144, 5350, 5358, 7505, 8807, 14421, 14876, 16603, 17771, 20508, 22600, 24787, 26210, 31190, 32065, 33838, 35518, 36400, 37307, 37511, 38208, 38925, 39501, 40038, 41454, 44639, 45121, 47582, 49007, 50298, 53690, 53695, 55473, 56041, 56165, 56423, 58082, 59653, 60011, 60358, 63318]
Iter#12 New set #3 of size 44 (4.0 its/hit = 0.000s/hit): seed=7717519200338922053 [87, 771, 2655, 4097, 4223, 5429, 6259, 6354, 7622, 8427, 8992, 9404, 10401, 12804, 13968, 14413, 14439, 19005, 19493, 19810, 22276, 22417, 22996, 25938, 26809, 26909, 29191, 30848, 31318, 31537, 32450, 32966, 33623, 41520, 44490, 49033, 51958, 53059, 53178, 53426, 58683, 59615, 63591, 64742]
Iter#17 New set #4 of size 44 (4.2 its/hit = 0.000s/hit): seed=11722725097811705966 [832, 3274, 4238, 6045, 6232, 6310, 7663, 8754, 10979, 13518, 13712, 17860, 19872, 22270, 25509, 25514, 26470, 30085, 30284, 31151, 32339, 32519, 33856, 33972, 36470, 36792, 38835, 40610, 41307, 42504, 42779, 43219, 43382, 45695, 45904, 46607, 46833, 47560, 49859, 51336, 53956, 57471, 61580, 64653]
Iter#20 New set #5 of size 44 (4.0 its/hit = 0.000s/hit): seed=3762948281497648492 [588, 1066, 1647, 1756, 3415, 6273, 8652, 10707, 11474, 11694, 15176, 15662, 17959, 18156, 21306, 21450, 24001, 26145, 26435, 27324, 27462, 28044, 31662, 34614, 35486, 36247, 37488, 38255, 40138, 42530, 42603, 46908, 47257, 49248, 53326, 55209, 55981, 56591, 58415, 58568, 59700, 59719, 65029, 65509]
Iter#22 New set #1 of size 45 (22.0 its/hit = 0.000s/hit): seed=2617938763298939466 [752, 1358, 1672, 2512, 3336, 5418, 8808, 9116, 11995, 14837, 16568, 17594, 18806, 21625, 22370, 22587, 23664, 24290, 24611, 27751, 29342, 29635, 30640, 32906, 33141, 36556, 37125, 38789, 40051, 41542, 41678, 41703, 44169, 45779, 47337, 51024, 51423, 52318, 54279, 55793, 56158, 56733, 59693, 61666, 62625]
Iter#24 New set #2 of size 45 (12.0 its/hit = 0.000s/hit): seed=7920051328216037062 [3744, 4088, 5767, 6052, 10738, 12025, 14194, 14727, 15919, 16247, 19001, 19297, 20103, 20637, 24659, 27216, 29311, 29995, 30336, 30688, 33752, 36378, 37362, 39590, 40055, 40303, 41547, 42738, 43367, 46941, 47308, 47343, 47650, 48932, 53070, 53949, 56531, 57840, 60661, 60882, 61263, 61392, 62176, 62912, 64881]
Iter#25 New set #1 of size 46 (25.0 its/hit = 0.000s/hit): seed=2507048496608145386 [2917, 7446, 9109, 10122, 12684, 14536, 14786, 16550, 17783, 19614, 20339, 22348, 23173, 24407, 24465, 25825, 25976, 26150, 26361, 31218, 32345, 32900, 36627, 37252, 37783, 38305, 39703, 39920, 40075, 43409, 44271, 49122, 51491, 52775, 53287, 53463, 56465, 57938, 58166, 58606, 58650, 59200, 60808, 62102, 63339, 65433]
Iter#35 New set #2 of size 46 (17.5 its/hit = 0.000s/hit): seed=12781009955666992602 [590, 2388, 2733, 3844, 3853, 4625, 5047, 6523, 8051, 9428, 15499, 16074, 17773, 19325, 19404, 21652, 29679, 32483, 33016, 34321, 35137, 35403, 41258, 43952, 45689, 47134, 48005, 48272, 48285, 48422, 49186, 50248, 50755, 50760, 52536, 52701, 54982, 55206, 55299, 56760, 59426, 60580, 62182, 62378, 62698, 64351]
Iter#36 New set #1 of size 47 (36.0 its/hit = 0.000s/hit): seed=16664194577337812455 [326, 1423, 1454, 2608, 3608, 5633, 7214, 7251, 9052, 9774, 11215, 15141, 16624, 19678, 20792, 21560, 22145, 22460, 25413, 25956, 26891, 27461, 29443, 29780, 34539, 35484, 37874, 40327, 42548, 42671, 43002, 43756, 44456, 44945, 46259, 47316, 49251, 49857, 49867, 52810, 56601, 61179, 62285, 62646, 63213, 63595, 64939]
Iter#374 New set #2 of size 47 (187.0 its/hit = 1.500s/hit): seed=7789469032393395614 [426, 1630, 1714, 6261, 6790, 7301, 7442, 8550, 10123, 13748, 15404, 15892, 15922, 17464, 17740, 20532, 21868, 24780, 25093, 27282, 29795, 34330, 37647, 38304, 40475, 40632, 40958, 42352, 42847, 42923, 45450, 52665, 52762, 55045, 55268, 55956, 55986, 56827, 57435, 58048, 58648, 59878, 60199, 60966, 61100, 62986, 64312]
Iter#389 New set #3 of size 47 (129.7 its/hit = 1.000s/hit): seed=15740445487237747150 [1454, 6580, 7785, 8036, 8070, 11836, 16339, 18608, 18661, 19738, 19808, 19983, 21769, 26550, 26850, 28416, 31683, 31810, 32636, 33314, 33463, 33615, 34016, 38863, 43234, 47265, 48586, 48792, 48888, 50120, 50408, 50843, 53638, 54358, 54387, 55628, 56446, 56868, 57298, 57768, 58354, 59557, 60854, 61547, 61778, 63996, 65296]
Iter#475 New set #4 of size 47 (118.8 its/hit = 1.000s/hit): seed=11956057313583673163 [748, 752, 1418, 4021, 4050, 4759, 5142, 6798, 7419, 7937, 8218, 9532, 9636, 9839, 13640, 14125, 14787, 15856, 20356, 23651, 23754, 25355, 26156, 27343, 27747, 29033, 32754, 33439, 34938, 37988, 40902, 41224, 42382, 43227, 43349, 43831, 44002, 47536, 49842, 53491, 53923, 58688, 59718, 60354, 60660, 61954, 65085]
Iter#527 New set #5 of size 47 (105.4 its/hit = 1.000s/hit): seed=15603520556358478351 [2497, 2683, 4276, 5913, 6055, 8320, 9092, 11256, 11450, 11507, 13344, 14861, 15179, 17396, 17573, 17643, 20652, 21856, 22839, 27924, 29190, 29644, 31779, 35548, 36406, 40542, 41491, 41912, 44098, 44104, 44627, 45662, 48556, 49892, 50357, 54124, 55906, 56239, 56670, 56942, 57335, 57692, 58307, 61605, 61675, 62654, 64795]
Iter#566 New set #6 of size 47 (94.3 its/hit = 0.833s/hit): seed=5177328615255512000 [482, 906, 1905, 5525, 7530, 7765, 12362, 14139, 16661, 16853, 17333, 18059, 19060, 22474, 25051, 25923, 26323, 29386, 30190, 30251, 34487, 35436, 37092, 39271, 39695, 40875, 41480, 44588, 44802, 45638, 47288, 47502, 47852, 48240, 49753, 52025, 52787, 53071, 55777, 56422, 58545, 61914, 62449, 64231, 64519, 64588, 65522]
Iter#633 New set #7 of size 47 (90.4 its/hit = 0.857s/hit): seed=4737202281493353114 [364, 469, 987, 5734, 6891, 7842, 8179, 8242, 9363, 10601, 12131, 12319, 14527, 14544, 16994, 17963, 20991, 26449, 26534, 29594, 30672, 31204, 34253, 35215, 37815, 41131, 41375, 46334, 46636, 47043, 47655, 48465, 48586, 50647, 50856, 51171, 53469, 56225, 57734, 57906, 57923, 59992, 60518, 61093, 61428, 63033, 65478]
Iter#702 New set #8 of size 47 (87.8 its/hit = 0.750s/hit): seed=5714205657751329107 [32, 1797, 2766, 3846, 5646, 6423, 6981, 12038, 12767, 13803, 14514, 14765, 17127, 17900, 17921, 19748, 20396, 20508, 21254, 22662, 25910, 29885, 32184, 32298, 33409, 34235, 36314, 36349, 36574, 37478, 40451, 44147, 44190, 44384, 45384, 47298, 47760, 50645, 50789, 52687, 54367, 55288, 56505, 61947, 63902, 64108, 65105]
Iter#760 New set #9 of size 47 (84.4 its/hit = 0.778s/hit): seed=11119688903460508485 [1096, 3518, 3527, 5830, 8108, 9054, 10012, 11294, 14648, 15290, 15611, 16883, 17164, 17230, 18585, 19198, 27200, 30075, 33509, 34324, 35429, 36277, 37155, 38933, 40229, 40384, 40501, 42346, 42395, 45081, 45170, 45295, 47204, 49997, 50162, 50368, 50394, 53098, 53256, 54115, 54612, 56686, 58247, 61051, 61148, 61641, 64309]
Iter#863 New set #10 of size 47 (86.3 its/hit = 0.800s/hit): seed=9545988429131559157 [2169, 2700, 5388, 5760, 7216, 7815, 11631, 13223, 14615, 17798, 19202, 19481, 21000, 22265, 22896, 26227, 27471, 28230, 34161, 36291, 36431, 37634, 38721, 38953, 41442, 41849, 42353, 42811, 43653, 43770, 43785, 44821, 45671, 47765, 48227, 50062, 51595, 53442, 53984, 54621, 54802, 56284, 57388, 59287, 60387, 64887, 65397]
Iter#913 New set #1 of size 48 (913.0 its/hit = 8.000s/hit): seed=13941354452413272652 [600, 2248, 2268, 2669, 4305, 4319, 4498, 7217, 7387, 10987, 12589, 12712, 12809, 12876, 15147, 15588, 16016, 16262, 17709, 19006, 20658, 20730, 20822, 22088, 23364, 24926, 30087, 31553, 31628, 34265, 40656, 41993, 44334, 52143, 52184, 52888, 53627, 57163, 57381, 58782, 59778, 60282, 60591, 61792, 62110, 63554, 64465, 64561]
Iter#1627 New set #2 of size 48 (813.5 its/hit = 7.500s/hit): seed=18049467895726107911 [651, 1609, 1800, 3304, 3952, 14920, 15291, 16782, 18077, 18390, 19675, 21412, 21765, 22166, 22403, 22729, 23479, 25453, 26343, 26808, 31060, 31184, 31186, 32819, 35825, 38017, 38214, 38774, 40034, 40704, 42267, 42483, 44756, 46717, 46932, 49505, 50675, 52237, 52441, 52451, 52682, 53012, 57562, 58269, 61099, 61389, 61400, 65451]
Iter#1870 New set #3 of size 48 (623.3 its/hit = 5.667s/hit): seed=13581011518624358355 [268, 303, 3308, 4459, 6604, 7869, 8512, 8977, 9385, 9921, 10206, 10735, 12667, 15094, 21529, 23138, 25235, 26204, 26856, 27877, 28303, 29754, 29923, 29970, 30468, 33034, 34576, 34635, 36078, 38560, 39887, 40958, 43667, 43836, 45098, 45165, 45933, 47572, 49125, 51965, 52263, 52954, 53611, 54002, 54845, 58727, 64511, 64645]
Iter#2144 New set #4 of size 48 (536.0 its/hit = 5.000s/hit): seed=14345396879493287210 [1930, 2793, 3722, 4245, 6680, 6720, 7340, 10384, 16937, 17540, 18200, 20270, 22148, 22680, 25847, 26153, 27479, 27603, 28607, 30510, 31170, 31592, 32229, 32805, 33215, 35905, 37189, 38765, 40017, 40329, 40643, 44375, 46277, 49145, 50189, 51826, 51846, 52280, 54122, 54834, 55357, 57159, 57440, 59437, 60417, 61455, 62820, 64068]
Iter#2755 New set #5 of size 48 (551.0 its/hit = 5.200s/hit): seed=4814175314442865801 [1056, 2916, 4598, 5228, 5910, 5918, 7654, 9384, 14289, 16575, 16786, 17284, 17414, 21637, 21650, 21794, 22085, 22510, 24862, 24896, 25982, 32774, 34664, 34722, 35559, 36799, 38891, 39892, 40157, 40473, 40736, 41289, 41518, 42480, 43222, 45853, 51869, 52224, 53912, 54236, 54384, 57349, 57362, 57646, 58679, 59671, 62262, 63091]
Iter#3991 New set #1 of size 49 (3991.0 its/hit = 38.000s/hit): seed=16537094111990512349 [3963, 4021, 5834, 7849, 8191, 15480, 16810, 16895, 18346, 18431, 18461, 24113, 25822, 27416, 30798, 30910, 31469, 32249, 32293, 34350, 34437, 35927, 36416, 36455, 37553, 37836, 38754, 41288, 41548, 43472, 43771, 45176, 46945, 48327, 48781, 49023, 50579, 51871, 53269, 53581, 54274, 57051, 58250, 59160, 61703, 62721, 63664, 64265, 64632]
Iter#14969 New set #1 of size 50 (14969.0 its/hit = 143.000s/hit): seed=12448691143394648327 [620, 1627, 2033, 2266, 2796, 3399, 8806, 9329, 9753, 10927, 11405, 11424, 12141, 12428, 12690, 15048, 16542, 19635, 22351, 25985, 27340, 28722, 30299, 32120, 34186, 35452, 35604, 36477, 40077, 40758, 43931, 45484, 46341, 46678, 47209, 47485, 48427, 49669, 51522, 53015, 53030, 57072, 58502, 59278, 62411, 62887, 63066, 63293, 64345, 65138]
Iter#256008 New set #2 of size 50 (128004.0 its/hit = 1239.000s/hit): seed=13521743740259060509 [2388, 3552, 3588, 6175, 6376, 7695, 7792, 11244, 14566, 14820, 16203, 16293, 16808, 18089, 18167, 20033, 23867, 24358, 24988, 25336, 26711, 28155, 29640, 29738, 30070, 30195, 31676, 33169, 33921, 35553, 37315, 41178, 41462, 42382, 42501, 44812, 45156, 45263, 45344, 48218, 52065, 52470, 52586, 52929, 53042, 54998, 55938, 56712, 57767, 62146]
Iter#309789 New set #3 of size 50 (103263.0 its/hit = 999.333s/hit): seed=15121663694876657582 [416, 3214, 5272, 6145, 6663, 7091, 7747, 9125, 10569, 10578, 12639, 12802, 12872, 12903, 15100, 15330, 17144, 17196, 19272, 19336, 25216, 27049, 27708, 28833, 28958, 29059, 30418, 39445, 40967, 42572, 43531, 46060, 46693, 46832, 49741, 49987, 50401, 52455, 55635, 58474, 58586, 59261, 59493, 61750, 62255, 62881, 63249, 63576, 64203, 65495]
Iter#320864 New set #4 of size 50 (80216.0 its/hit = 776.750s/hit): seed=7824265067622134032 [403, 2943, 3904, 6215, 15037, 15195, 15933, 17063, 17535, 18262, 18857, 19430, 23566, 24306, 25431, 26244, 27417, 28109, 29080, 29411, 30005, 30140, 30889, 32238, 32626, 36312, 37378, 38159, 38313, 40112, 40371, 40651, 40913, 41572, 44546, 44547, 45663, 46062, 48318, 48488, 48871, 53600, 53905, 57270, 58603, 59505, 60731, 61753, 62839, 64624]
Iter#394047 New set #5 of size 50 (78809.4 its/hit = 763.200s/hit): seed=10456755022956950860 [1405, 4238, 8338, 11279, 11565, 13111, 13457, 14282, 16068, 17600, 19347, 23016, 23476, 24628, 24680, 24845, 26211, 27480, 28686, 29297, 29638, 30966, 31041, 34633, 35245, 35838, 37176, 38196, 38457, 39966, 41897, 42534, 43049, 43473, 43569, 44960, 48277, 49468, 51436, 51980, 52969, 53370, 54159, 55424, 56935, 59359, 60025, 64091, 65113, 65476]
Iter#462137 New set #6 of size 50 (77022.8 its/hit = 745.000s/hit): seed=9466956118292866796 [187, 683, 958, 1631, 2304, 4546, 6583, 6806, 7466, 10006, 12443, 13877, 14040, 15443, 16524, 16862, 17132, 17337, 18859, 23647, 24352, 24864, 27029, 27092, 27449, 27592, 28676, 29491, 30197, 32481, 32912, 33675, 37497, 38241, 39486, 39587, 42700, 43074, 45862, 48721, 50970, 51746, 55957, 56020, 56075, 56466, 56742, 57461, 58984, 62964]
Iter#714158 New set #7 of size 50 (102022.6 its/hit = 986.143s/hit): seed=12296618299789144916 [552, 972, 1061, 2693, 3191, 4613, 6644, 9597, 9698, 10577, 10733, 11366, 11647, 12665, 19833, 22188, 22472, 22559, 23278, 23576, 24786, 26205, 27412, 28274, 28523, 29827, 31757, 32344, 33287, 34773, 35656, 37050, 37246, 38193, 38894, 40960, 41283, 42146, 47718, 47999, 48396, 49475, 54138, 56825, 57705, 59062, 59388, 62420, 62592, 63038]
Iter#716574 New set #8 of size 50 (89571.8 its/hit = 865.750s/hit): seed=3351122764706745372 [1242, 1436, 1995, 3898, 9298, 10457, 11898, 12193, 14734, 14784, 15164, 15298, 16780, 18028, 18305, 19507, 20089, 20867, 23288, 23694, 24167, 24993, 25437, 25618, 25679, 27697, 27937, 28054, 28401, 29904, 30004, 32455, 36995, 38989, 39584, 43488, 43507, 44818, 45133, 47145, 47557, 49265, 49357, 51946, 52382, 53256, 53715, 58543, 62141, 63151]
Iter#845669 New set #9 of size 50 (93963.2 its/hit = 909.000s/hit): seed=16271898566845532807 [958, 3327, 4373, 6569, 8564, 9620, 11531, 13074, 16468, 17994, 19230, 22461, 22482, 25930, 26687, 26920, 27349, 29228, 30008, 30865, 33586, 34697, 35087, 40123, 41959, 42268, 42950, 43585, 43982, 44199, 49585, 50749, 50770, 51151, 52283, 53400, 55200, 55749, 58255, 58379, 59340, 59795, 60579, 61156, 61477, 62126, 62666, 62925, 63331, 64337]
Iter#845835 New set #10 of size 50 (84583.5 its/hit = 818.300s/hit): seed=10896399629632664859 [4070, 7037, 8043, 8319, 8811, 10816, 15592, 16454, 20200, 21759, 22994, 23568, 25288, 25322, 25831, 26014, 28408, 28497, 28526, 31573, 32371, 34375, 34485, 35242, 36302, 38420, 38586, 39330, 39345, 40010, 41495, 42658, 43180, 44352, 45019, 45066, 45940, 46393, 47911, 47974, 48091, 48735, 50492, 50680, 52089, 55393, 56222, 61560, 62406, 62933]
Iter#1448767 New set #20 of size 50 (72438.4 its/hit = 702.100s/hit): seed=3267408376900883941 [4288, 5119, 10010, 11557, 12346, 12595, 13124, 13732, 13828, 13933, 14268, 14338, 14610, 16324, 18320, 18923, 19090, 20594, 20963, 21140, 24258, 24310, 24600, 24648, 25944, 27168, 27769, 28238, 31897, 32377, 33447, 33788, 34021, 35789, 36217, 36266, 37308, 38349, 39242, 41661, 41799, 43756, 48305, 50438, 51052, 54370, 56015, 56735, 62268, 62944]
