0 31 53 63 80 91 121 171 174 198 210 221 254 290 364 367 395 403 464 511 521 566 568 574 579 625 695 781 806 815 824 825 849 939
Iter#2970733 New set #600 of size 34 (4951.2 its/hit = 0.113s/hit): seed=1744860939575490235 [0, 31, 53, 63, 80, 91, 121, 171, 174, 198, 210, 221, 254, 290, 364, 367, 395, 403, 464, 511, 521, 566, 568, 574, 579, 625, 695, 781, 806, 815, 824, 825, 849, 939]
logs_monomial/n10_monomial7.txt.bz2.greedyext.20260222_000855.txt

0 3 23 35 125 126 204 232 233 281 283 337 363 370 457 460 538 552 561 593 609 630 636 658 723 728 754 799 819 869 885 920 953 1017
Iter#2497492 New set #500 of size 34 (4995.0 its/hit = 0.192s/hit): seed=2032777291860258088 [0, 3, 23, 35, 125, 126, 204, 232, 233, 281, 283, 337, 363, 370, 457, 460, 538, 552, 561, 593, 609, 630, 636, 658, 723, 728, 754, 799, 819, 869, 885, 920, 953, 1017]
logs_monomial/n10_monomial7.txt.bz2.greedyext.20260223_083633.txt

0 93 105 139 150 189 222 275 300 351 367 369 374 385 402 432 436 509 523 531 537 563 574 594 610 619 654 655 762 842 849 888 897 998
Iter#11908 New set #1 of size 34 (11908.0 its/hit = 0.000s/hit): seed=17850350711199926706 [0, 93, 105, 139, 150, 189, 222, 275, 300, 351, 367, 369, 374, 385, 402, 432, 436, 509, 523, 531, 537, 563, 574, 594, 610, 619, 654, 655, 762, 842, 849, 888, 897, 998]
logs_monomial/n10_monomial7.txt.bz2.greedyext.20260220_210834.txt

0 10 16 54 64 180 188 235 260 270 278 308 362 439 536 542 556 606 615 641 652 672 676 688 697 748 832 837 883 923 949 979 1012 1018
Iter#2103846 New set #400 of size 34 (5259.6 its/hit = 0.120s/hit): seed=3512946939587476477 [0, 10, 16, 54, 64, 180, 188, 235, 260, 270, 278, 308, 362, 439, 536, 542, 556, 606, 615, 641, 652, 672, 676, 688, 697, 748, 832, 837, 883, 923, 949, 979, 1012, 1018]
logs_monomial/n10_monomial7.txt.bz2.greedyext.20260222_000855.txt

0 11 17 102 202 222 225 238 293 302 351 385 409 432 450 451 526 650 662 667 687 701 736 762 822 835 842 853 873 895 904 905 909 1003
Iter#1697 New set #2 of size 34 (848.5 its/hit = 0.000s/hit): seed=6711931730504962735 [0, 11, 17, 102, 202, 222, 225, 238, 293, 302, 351, 385, 409, 432, 450, 451, 526, 650, 662, 667, 687, 701, 736, 762, 822, 835, 842, 853, 873, 895, 904, 905, 909, 1003]
logs_monomial/n10_monomial7.txt.bz2.greedyext.20260223_083633.txt

0 22 35 117 145 184 204 227 285 294 317 337 339 362 370 442 524 580 586 601 604 692 697 710 712 724 831 885 953 969 979 988 1019 1022
Iter#104821 New set #20 of size 34 (5241.0 its/hit = 0.100s/hit): seed=7847626592596754095 [0, 22, 35, 117, 145, 184, 204, 227, 285, 294, 317, 337, 339, 362, 370, 442, 524, 580, 586, 601, 604, 692, 697, 710, 712, 724, 831, 885, 953, 969, 979, 988, 1019, 1022]
logs_monomial/n10_monomial7.txt.bz2.greedyext.20260222_000855.txt

0 89 97 111 147 159 164 176 286 331 340 352 388 477 488 496 525 664 670 682 700 726 727 759 826 852 859 860 874 925 948 951 1004 1013
Iter#18116 New set #7 of size 34 (2588.0 its/hit = 0.000s/hit): seed=5599864311134360712 [0, 89, 97, 111, 147, 159, 164, 176, 286, 331, 340, 352, 388, 477, 488, 496, 525, 664, 670, 682, 700, 726, 727, 759, 826, 852, 859, 860, 874, 925, 948, 951, 1004, 1013]
logs_monomial/n10_monomial7.txt.bz2.greedyext.20260223_083631.txt

0 52 60 89 96 180 194 225 230 245 352 373 384 388 477 483 539 587 631 634 727 729 785 787 807 832 862 873 881 904 921 951 952 1012
Iter#4677653 New set #900 of size 34 (5197.4 its/hit = 0.120s/hit): seed=4036301035639587186 [0, 52, 60, 89, 96, 180, 194, 225, 230, 245, 352, 373, 384, 388, 477, 483, 539, 587, 631, 634, 727, 729, 785, 787, 807, 832, 862, 873, 881, 904, 921, 951, 952, 1012]
logs_monomial/n10_monomial7.txt.bz2.greedyext.20260222_000855.txt

0 27 59 63 97 100 103 105 121 165 171 189 210 382 400 475 521 523 563 566 581 610 654 666 673 826 859 910 917 935 957 960 981 985
Iter#98765702 New set #20000 of size 34 (4938.3 its/hit = 0.113s/hit): seed=4384968323012002093 [0, 27, 59, 63, 97, 100, 103, 105, 121, 165, 171, 189, 210, 382, 400, 475, 521, 523, 563, 566, 581, 610, 654, 666, 673, 826, 859, 910, 917, 935, 957, 960, 981, 985]
logs_monomial/n10_monomial7.txt.bz2.greedyext.20260220_210834.txt

0 28 50 116 123 132 142 158 163 232 255 269 289 307 311 377 383 386 490 497 538 599 746 754 767 768 833 836 856 868 968 987 991 1001
Iter#294145 New set #60 of size 34 (4902.4 its/hit = 0.217s/hit): seed=16996228877497071452 [0, 28, 50, 116, 123, 132, 142, 158, 163, 232, 255, 269, 289, 307, 311, 377, 383, 386, 490, 497, 538, 599, 746, 754, 767, 768, 833, 836, 856, 868, 968, 987, 991, 1001]
logs_monomial/n10_monomial7.txt.bz2.greedyext.20260223_083632.txt

0 153 182 201 202 207 247 291 323 329 458 468 482 486 559 592 642 709 760 777 779 790 798 830 835 902 905 912 928 946 964 971 997 1015
Iter#509295 New set #100 of size 34 (5093.0 its/hit = 0.110s/hit): seed=17677522966081941176 [0, 153, 182, 201, 202, 207, 247, 291, 323, 329, 458, 468, 482, 486, 559, 592, 642, 709, 760, 777, 779, 790, 798, 830, 835, 902, 905, 912, 928, 946, 964, 971, 997, 1015]
logs_monomial/n10_monomial7.txt.bz2.greedyext.20260222_000855.txt

0 19 26 47 76 77 115 134 169 205 241 296 359 431 434 435 473 476 513 644 686 717 734 796 823 863 870 908 914 932 934 958 961 1002
Iter#45949 New set #10 of size 34 (4594.9 its/hit = 0.100s/hit): seed=17746616626334982923 [0, 19, 26, 47, 76, 77, 115, 134, 169, 205, 241, 296, 359, 431, 434, 435, 473, 476, 513, 644, 686, 717, 734, 796, 823, 863, 870, 908, 914, 932, 934, 958, 961, 1002]
logs_monomial/n10_monomial7.txt.bz2.greedyext.20260220_210834.txt

0 57 62 158 229 233 235 318 322 361 364 448 541 547 561 579 615 652 699 708 716 728 747 750 757 800 811 815 833 901 940 941 965 991
Iter#394765 New set #90 of size 34 (4386.3 its/hit = 0.178s/hit): seed=14243057372503701586 [0, 57, 62, 158, 229, 233, 235, 318, 322, 361, 364, 448, 541, 547, 561, 579, 615, 652, 699, 708, 716, 728, 747, 750, 757, 800, 811, 815, 833, 901, 940, 941, 965, 991]
logs_monomial/n10_monomial7.txt.bz2.greedyext.20260223_083633.txt

0 11 90 147 148 167 176 180 182 293 298 302 325 397 406 416 436 506 525 575 591 594 670 703 731 790 809 832 860 890 928 998 1004 1012
Iter#47260 New set #9 of size 34 (5251.1 its/hit = 0.111s/hit): seed=1092654979846735820 [0, 11, 90, 147, 148, 167, 176, 180, 182, 293, 298, 302, 325, 397, 406, 416, 436, 506, 525, 575, 591, 594, 670, 703, 731, 790, 809, 832, 860, 890, 928, 998, 1004, 1012]
logs_monomial/n10_monomial7.txt.bz2.greedyext.20260223_083632.txt

0 30 32 78 120 129 179 186 228 249 271 279 303 316 331 451 600 662 711 726 738 749 778 780 786 802 853 913 925 956 976 977 1006 1010
Iter#401514 New set #90 of size 34 (4461.3 its/hit = 0.167s/hit): seed=13705655455742810041 [0, 30, 32, 78, 120, 129, 179, 186, 228, 249, 271, 279, 303, 316, 331, 451, 600, 662, 711, 726, 738, 749, 778, 780, 786, 802, 853, 913, 925, 956, 976, 977, 1006, 1010]
logs_monomial/n10_monomial7.txt.bz2.greedyext.20260223_083631.txt

0 37 55 113 117 204 278 294 308 339 364 365 392 394 404 429 434 507 579 616 641 686 745 748 773 796 815 857 878 885 893 949 953 1018
Iter#204195 New set #40 of size 34 (5104.9 its/hit = 0.225s/hit): seed=11822595594482908253 [0, 37, 55, 113, 117, 204, 278, 294, 308, 339, 364, 365, 392, 394, 404, 429, 434, 507, 579, 616, 641, 686, 745, 748, 773, 796, 815, 857, 878, 885, 893, 949, 953, 1018]
logs_monomial/n10_monomial7.txt.bz2.greedyext.20260223_083633.txt

0 4 51 102 152 168 172 186 237 245 354 362 373 384 492 495 528 600 621 624 643 669 697 738 803 898 909 955 962 979 993 1003 1009 1020
Iter#376893 New set #80 of size 34 (4711.2 its/hit = 0.175s/hit): seed=15285003500262353197 [0, 4, 51, 102, 152, 168, 172, 186, 237, 245, 354, 362, 373, 384, 492, 495, 528, 600, 621, 624, 643, 669, 697, 738, 803, 898, 909, 955, 962, 979, 993, 1003, 1009, 1020]
logs_monomial/n10_monomial7.txt.bz2.greedyext.20260223_083631.txt

0 73 120 129 143 146 165 187 188 206 249 312 314 341 382 435 474 475 535 536 551 577 626 644 676 693 713 801 804 813 823 877 889 1007
Iter#181454 New set #40 of size 34 (4536.4 its/hit = 0.100s/hit): seed=10957220099185905474 [0, 73, 120, 129, 143, 146, 165, 187, 188, 206, 249, 312, 314, 341, 382, 435, 474, 475, 535, 536, 551, 577, 626, 644, 676, 693, 713, 801, 804, 813, 823, 877, 889, 1007]
logs_monomial/n10_monomial7.txt.bz2.greedyext.20260222_000855.txt

0 15 37 88 92 102 195 198 222 262 329 346 351 385 390 392 393 429 430 438 458 502 518 559 560 625 642 695 755 909 944 971 997 1003
Iter#3289870 New set #700 of size 34 (4699.8 its/hit = 0.209s/hit): seed=2390540504564554973 [0, 15, 37, 88, 92, 102, 195, 198, 222, 262, 329, 346, 351, 385, 390, 392, 393, 429, 430, 438, 458, 502, 518, 559, 560, 625, 642, 695, 755, 909, 944, 971, 997, 1003]
logs_monomial/n10_monomial7.txt.bz2.greedyext.20260223_083631.txt

0 14 153 156 177 207 241 274 296 403 405 418 428 456 473 484 568 576 635 684 706 777 779 791 840 850 855 886 907 912 939 947 964 967
Iter#1588768 New set #300 of size 34 (5295.9 its/hit = 0.237s/hit): seed=18122142976251470574 [0, 14, 153, 156, 177, 207, 241, 274, 296, 403, 405, 418, 428, 456, 473, 484, 568, 576, 635, 684, 706, 777, 779, 791, 840, 850, 855, 886, 907, 912, 939, 947, 964, 967]
logs_monomial/n10_monomial7.txt.bz2.greedyext.20260223_083632.txt

0 8 38 56 107 143 144 146 220 237 265 317 336 341 344 467 469 474 485 501 551 564 607 624 627 646 669 693 710 735 739 743 867 1019
Iter#19801 New set #9 of size 34 (2200.1 its/hit = 0.000s/hit): seed=11345857463918398472 [0, 8, 38, 56, 107, 143, 144, 146, 220, 237, 265, 317, 336, 341, 344, 467, 469, 474, 485, 501, 551, 564, 607, 624, 627, 646, 669, 693, 710, 735, 739, 743, 867, 1019]
logs_monomial/n10_monomial7.txt.bz2.greedyext.20260223_083631.txt

0 4 50 75 78 111 152 168 172 222 316 351 385 405 450 452 583 664 701 706 749 759 803 827 855 880 895 899 955 956 977 987 1001 1010
Iter#451917 New set #90 of size 34 (5021.3 its/hit = 0.111s/hit): seed=3858740910737295201 [0, 4, 50, 75, 78, 111, 152, 168, 172, 222, 316, 351, 385, 405, 450, 452, 583, 664, 701, 706, 749, 759, 803, 827, 855, 880, 895, 899, 955, 956, 977, 987, 1001, 1010]
logs_monomial/n10_monomial7.txt.bz2.greedyext.20260222_000855.txt

0 21 34 44 199 215 233 234 251 345 360 379 406 433 449 482 546 561 567 588 592 603 668 678 703 704 720 728 751 769 809 865 903 946
Iter#1014664 New set #200 of size 34 (5073.3 its/hit = 0.115s/hit): seed=12042219906953208155 [0, 21, 34, 44, 199, 215, 233, 234, 251, 345, 360, 379, 406, 433, 449, 482, 546, 561, 567, 588, 592, 603, 668, 678, 703, 704, 720, 728, 751, 769, 809, 865, 903, 946]
logs_monomial/n10_monomial7.txt.bz2.greedyext.20260222_000855.txt

0 102 139 147 154 182 196 197 202 217 308 343 374 398 439 509 525 527 549 556 641 670 714 737 790 835 887 905 909 923 928 949 1003 1005
Iter#196502455 New set #40000 of size 34 (4912.6 its/hit = 0.112s/hit): seed=4355708938282787973 [0, 102, 139, 147, 154, 182, 196, 197, 202, 217, 308, 343, 374, 398, 439, 509, 525, 527, 549, 556, 641, 670, 714, 737, 790, 835, 887, 905, 909, 923, 928, 949, 1003, 1005]
logs_monomial/n10_monomial7.txt.bz2.greedyext.20260222_000855.txt

0 88 92 106 162 167 183 185 226 262 266 298 346 397 424 430 434 451 453 502 543 550 620 629 662 671 686 788 796 829 853 906 937 1014
Iter#338657 New set #70 of size 34 (4838.0 its/hit = 0.171s/hit): seed=3679822751620574722 [0, 88, 92, 106, 162, 167, 183, 185, 226, 262, 266, 298, 346, 397, 424, 430, 434, 451, 453, 502, 543, 550, 620, 629, 662, 671, 686, 788, 796, 829, 853, 906, 937, 1014]
logs_monomial/n10_monomial7.txt.bz2.greedyext.20260223_083631.txt

0 10 58 71 103 138 142 160 178 219 232 259 260 270 348 349 383 409 471 472 497 508 538 648 651 687 689 719 754 776 822 935 954 960
Iter#24270574 New set #5000 of size 34 (4854.1 its/hit = 0.112s/hit): seed=2171485258326039074 [0, 10, 58, 71, 103, 138, 142, 160, 178, 219, 232, 259, 260, 270, 348, 349, 383, 409, 471, 472, 497, 508, 538, 648, 651, 687, 689, 719, 754, 776, 822, 935, 954, 960]
logs_monomial/n10_monomial7.txt.bz2.greedyext.20260220_210834.txt

0 65 95 159 161 189 283 287 295 309 316 366 367 375 376 470 533 552 563 565 574 628 640 654 683 749 819 849 874 891 926 927 977 1013
Iter#303834 New set #70 of size 34 (4340.5 its/hit = 0.186s/hit): seed=12862563179379035065 [0, 65, 95, 159, 161, 189, 283, 287, 295, 309, 316, 366, 367, 375, 376, 470, 533, 552, 563, 565, 574, 628, 640, 654, 683, 749, 819, 849, 874, 891, 926, 927, 977, 1013]
logs_monomial/n10_monomial7.txt.bz2.greedyext.20260223_083633.txt

0 103 111 151 167 286 298 317 321 397 408 412 456 483 557 562 634 635 645 659 664 677 682 710 759 797 921 935 945 947 948 960 978 1019
Iter#200576 New set #40 of size 34 (5014.4 its/hit = 0.200s/hit): seed=3882096523109918151 [0, 103, 111, 151, 167, 286, 298, 317, 321, 397, 408, 412, 456, 483, 557, 562, 634, 635, 645, 659, 664, 677, 682, 710, 759, 797, 921, 935, 945, 947, 948, 960, 978, 1019]
logs_monomial/n10_monomial7.txt.bz2.greedyext.20260223_083632.txt

0 102 103 114 166 237 240 256 258 306 318 355 389 422 447 485 498 503 624 637 646 669 681 699 707 847 867 892 901 909 935 960 970 1003
Iter#66524 New set #9 of size 34 (7391.6 its/hit = 0.111s/hit): seed=4016364451163374263 [0, 102, 103, 114, 166, 237, 240, 256, 258, 306, 318, 355, 389, 422, 447, 485, 498, 503, 624, 637, 646, 669, 681, 699, 707, 847, 867, 892, 901, 909, 935, 960, 970, 1003]
logs_monomial/n10_monomial7.txt.bz2.greedyext.20260222_000855.txt

0 48 96 97 103 138 164 198 216 319 340 349 381 421 435 436 471 496 594 625 644 656 695 785 823 826 859 881 911 935 943 959 960 998
Iter#44191306 New set #9000 of size 34 (4910.1 its/hit = 0.113s/hit): seed=13785346536458317962 [0, 48, 96, 97, 103, 138, 164, 198, 216, 319, 340, 349, 381, 421, 435, 436, 471, 496, 594, 625, 644, 656, 695, 785, 823, 826, 859, 881, 911, 935, 943, 959, 960, 998]
logs_monomial/n10_monomial7.txt.bz2.greedyext.20260222_000855.txt

0 75 111 150 187 201 216 218 287 297 305 327 381 421 444 499 515 537 617 626 640 655 664 702 713 759 770 814 818 827 830 880 927 1015
Iter#416508 New set #90 of size 34 (4627.9 its/hit = 0.222s/hit): seed=10851268035864926362 [0, 75, 111, 150, 187, 201, 216, 218, 287, 297, 305, 327, 381, 421, 444, 499, 515, 537, 617, 626, 640, 655, 664, 702, 713, 759, 770, 814, 818, 827, 830, 880, 927, 1015]
logs_monomial/n10_monomial7.txt.bz2.greedyext.20260223_083632.txt

0 15 16 39 60 93 114 158 300 331 363 369 389 390 393 401 478 488 503 505 587 622 631 658 672 688 700 726 833 852 925 991 1017 1023
Iter#24336414 New set #5000 of size 34 (4867.3 its/hit = 0.112s/hit): seed=8184123456327156832 [0, 15, 16, 39, 60, 93, 114, 158, 300, 331, 363, 369, 389, 390, 393, 401, 478, 488, 503, 505, 587, 622, 631, 658, 672, 688, 700, 726, 833, 852, 925, 991, 1017, 1023]
logs_monomial/n10_monomial7.txt.bz2.greedyext.20260222_000855.txt

0 82 88 143 170 176 194 244 248 332 335 341 350 363 413 426 430 437 474 502 512 519 539 632 638 658 729 817 844 860 922 973 1004 1017
Iter#1481627 New set #300 of size 34 (4938.8 its/hit = 0.187s/hit): seed=11487599237933441095 [0, 82, 88, 143, 170, 176, 194, 244, 248, 332, 335, 341, 350, 363, 413, 426, 430, 437, 474, 502, 512, 519, 539, 632, 638, 658, 729, 817, 844, 860, 922, 973, 1004, 1017]
logs_monomial/n10_monomial7.txt.bz2.greedyext.20260223_083633.txt

0 14 70 74 107 113 181 207 230 240 258 394 418 428 480 485 498 507 516 564 607 646 674 740 779 784 858 862 867 875 952 964 990 996
Iter#1913 New set #3 of size 34 (637.7 its/hit = 0.000s/hit): seed=12589848478381350277 [0, 14, 70, 74, 107, 113, 181, 207, 230, 240, 258, 394, 418, 428, 480, 485, 498, 507, 516, 564, 607, 646, 674, 740, 779, 784, 858, 862, 867, 875, 952, 964, 990, 996]
logs_monomial/n10_monomial7.txt.bz2.greedyext.20260223_083633.txt

0 7 24 34 50 55 75 100 209 214 284 305 325 345 379 442 515 575 580 766 818 827 857 878 880 890 957 985 987 994 1000 1001 1008 1022
Iter#461262 New set #100 of size 34 (4612.6 its/hit = 0.180s/hit): seed=5124840612276759705 [0, 7, 24, 34, 50, 55, 75, 100, 209, 214, 284, 305, 325, 345, 379, 442, 515, 575, 580, 766, 818, 827, 857, 878, 880, 890, 957, 985, 987, 994, 1000, 1001, 1008, 1022]
logs_monomial/n10_monomial7.txt.bz2.greedyext.20260223_083631.txt

0 4 64 77 101 168 172 179 202 245 308 373 384 403 405 441 542 568 569 606 641 706 802 835 855 896 905 908 913 918 939 949 961 1011
Iter#14849 New set #6 of size 34 (2474.8 its/hit = 0.000s/hit): seed=8215316413285800430 [0, 4, 64, 77, 101, 168, 172, 179, 202, 245, 308, 373, 384, 403, 405, 441, 542, 568, 569, 606, 641, 706, 802, 835, 855, 896, 905, 908, 913, 918, 939, 949, 961, 1011]
logs_monomial/n10_monomial7.txt.bz2.greedyext.20260223_083631.txt

0 8 100 150 156 222 225 277 304 336 344 351 385 437 444 491 537 553 632 655 657 702 705 770 791 793 810 873 900 904 907 957 973 985
Iter#2588010 New set #500 of size 34 (5176.0 its/hit = 0.118s/hit): seed=16651414237001074285 [0, 8, 100, 150, 156, 222, 225, 277, 304, 336, 344, 351, 385, 437, 444, 491, 537, 553, 632, 655, 657, 702, 705, 770, 791, 793, 810, 873, 900, 904, 907, 957, 973, 985]
logs_monomial/n10_monomial7.txt.bz2.greedyext.20260222_000855.txt

0 36 71 79 92 106 119 158 160 262 263 273 346 348 368 391 402 419 440 508 530 531 543 573 629 648 719 812 833 897 919 938 984 991
Iter#82690 New set #20 of size 34 (4134.5 its/hit = 0.250s/hit): seed=9969491061230344132 [0, 36, 71, 79, 92, 106, 119, 158, 160, 262, 263, 273, 346, 348, 368, 391, 402, 419, 440, 508, 530, 531, 543, 573, 629, 648, 719, 812, 833, 897, 919, 938, 984, 991]
logs_monomial/n10_monomial7.txt.bz2.greedyext.20260223_083633.txt

0 30 60 98 119 148 198 263 275 282 331 352 368 408 514 587 591 619 625 631 645 695 726 727 731 780 786 792 797 805 839 888 925 951
Iter#147582932 New set #30000 of size 34 (4919.4 its/hit = 0.113s/hit): seed=6630443000921079308 [0, 30, 60, 98, 119, 148, 198, 263, 275, 282, 331, 352, 368, 408, 514, 587, 591, 619, 625, 631, 645, 695, 726, 727, 731, 780, 786, 792, 797, 805, 839, 888, 925, 951]
logs_monomial/n10_monomial7.txt.bz2.greedyext.20260220_210834.txt

0 6 13 46 63 70 91 131 151 173 205 250 252 331 395 408 457 464 466 479 521 562 566 593 645 674 677 726 740 797 863 914 920 925
Iter#2450603 New set #500 of size 34 (4901.2 its/hit = 0.196s/hit): seed=11834438498659238532 [0, 6, 13, 46, 63, 70, 91, 131, 151, 173, 205, 250, 252, 331, 395, 408, 457, 464, 466, 479, 521, 562, 566, 593, 645, 674, 677, 726, 740, 797, 863, 914, 920, 925]
logs_monomial/n10_monomial7.txt.bz2.greedyext.20260223_083632.txt

0 5 20 29 46 130 131 135 143 173 217 228 319 341 343 398 400 404 434 474 520 540 581 656 686 745 778 796 879 882 893 943 981 1006
Iter#147151517 New set #30000 of size 34 (4905.1 its/hit = 0.112s/hit): seed=14997566066078480989 [0, 5, 20, 29, 46, 130, 131, 135, 143, 173, 217, 228, 319, 341, 343, 398, 400, 404, 434, 474, 520, 540, 581, 656, 686, 745, 778, 796, 879, 882, 893, 943, 981, 1006]
logs_monomial/n10_monomial7.txt.bz2.greedyext.20260222_000855.txt

0 7 29 33 58 192 209 214 217 242 261 292 307 324 342 343 398 420 492 493 528 532 571 589 599 651 653 689 848 868 879 882 982 1020
Iter#39131 New set #8 of size 34 (4891.4 its/hit = 0.000s/hit): seed=4831229501018277788 [0, 7, 29, 33, 58, 192, 209, 214, 217, 242, 261, 292, 307, 324, 342, 343, 398, 420, 492, 493, 528, 532, 571, 589, 599, 651, 653, 689, 848, 868, 879, 882, 982, 1020]
logs_monomial/n10_monomial7.txt.bz2.greedyext.20260222_000855.txt

0 40 55 64 87 110 127 166 190 191 216 256 322 381 421 422 433 455 542 570 590 606 613 691 720 730 733 750 752 857 865 878 940 1021
Iter#48332 New set #10 of size 34 (4833.2 its/hit = 0.100s/hit): seed=15560112799842988372 [0, 40, 55, 64, 87, 110, 127, 166, 190, 191, 216, 256, 322, 381, 421, 422, 433, 455, 542, 570, 590, 606, 613, 691, 720, 730, 733, 750, 752, 857, 865, 878, 940, 1021]
logs_monomial/n10_monomial7.txt.bz2.greedyext.20260223_083632.txt

0 23 39 46 56 61 83 93 128 131 155 173 211 246 264 300 369 441 453 478 505 510 569 605 608 609 620 630 735 743 861 896 937 966
Iter#29117768 New set #6000 of size 34 (4853.0 its/hit = 0.112s/hit): seed=14085166731335008768 [0, 23, 39, 46, 56, 61, 83, 93, 128, 131, 155, 173, 211, 246, 264, 300, 369, 441, 453, 478, 505, 510, 569, 605, 608, 609, 620, 630, 735, 743, 861, 896, 937, 966]
logs_monomial/n10_monomial7.txt.bz2.greedyext.20260222_000855.txt

0 14 32 66 75 152 155 224 271 274 286 303 315 317 418 428 522 572 576 584 682 710 775 803 827 834 850 861 880 930 948 955 966 1019
Iter#4702245 New set #1000 of size 34 (4702.2 its/hit = 0.183s/hit): seed=16662905159844314013 [0, 14, 32, 66, 75, 152, 155, 224, 271, 274, 286, 303, 315, 317, 418, 428, 522, 572, 576, 584, 682, 710, 775, 803, 827, 834, 850, 861, 880, 930, 948, 955, 966, 1019]
logs_monomial/n10_monomial7.txt.bz2.greedyext.20260223_083631.txt

0 34 46 80 91 98 131 149 163 173 174 234 238 254 289 320 326 345 379 386 395 464 526 578 588 612 678 696 736 753 772 805 839 1016
Iter#20472 New set #6 of size 34 (3412.0 its/hit = 0.167s/hit): seed=1613676185450811447 [0, 34, 46, 80, 91, 98, 131, 149, 163, 173, 174, 234, 238, 254, 289, 320, 326, 345, 379, 386, 395, 464, 526, 578, 588, 612, 678, 696, 736, 753, 772, 805, 839, 1016]
logs_monomial/n10_monomial7.txt.bz2.greedyext.20260223_083633.txt

0 18 37 96 98 137 162 179 198 221 266 288 290 358 392 409 424 425 429 511 555 625 687 695 742 756 785 802 805 822 839 845 881 913
Iter#9611 New set #5 of size 34 (1922.2 its/hit = 0.000s/hit): seed=350313784012356095 [0, 18, 37, 96, 98, 137, 162, 179, 198, 221, 266, 288, 290, 358, 392, 409, 424, 425, 429, 511, 555, 625, 687, 695, 742, 756, 785, 802, 805, 822, 839, 845, 881, 913]
logs_monomial/n10_monomial7.txt.bz2.greedyext.20260223_083633.txt

0 23 54 64 101 197 244 350 354 357 426 437 455 489 527 542 570 597 606 609 630 632 643 663 714 816 837 883 894 918 973 993 1011 1021
Iter#172786 New set #40 of size 34 (4319.6 its/hit = 0.150s/hit): seed=15023429002647009848 [0, 23, 54, 64, 101, 197, 244, 350, 354, 357, 426, 437, 455, 489, 527, 542, 570, 597, 606, 609, 630, 632, 643, 663, 714, 816, 837, 883, 894, 918, 973, 993, 1011, 1021]
logs_monomial/n10_monomial7.txt.bz2.greedyext.20260223_083631.txt

0 15 30 49 74 99 141 176 184 204 257 363 390 393 396 444 524 658 692 702 770 780 783 784 786 858 860 876 885 916 933 953 1004 1017
Iter#6262 New set #2 of size 34 (3131.0 its/hit = 0.000s/hit): seed=10544858063983870522 [0, 15, 30, 49, 74, 99, 141, 176, 184, 204, 257, 363, 390, 393, 396, 444, 524, 658, 692, 702, 770, 780, 783, 784, 786, 858, 860, 876, 885, 916, 933, 953, 1004, 1017]
logs_monomial/n10_monomial7.txt.bz2.greedyext.20260223_083631.txt

0 22 23 98 140 236 280 299 332 400 423 438 481 489 512 518 558 581 586 598 602 604 609 630 663 694 805 839 844 846 894 944 975 981
Iter#21435 New set #7 of size 34 (3062.1 its/hit = 0.143s/hit): seed=4701939031200878805 [0, 22, 23, 98, 140, 236, 280, 299, 332, 400, 423, 438, 481, 489, 512, 518, 558, 581, 586, 598, 602, 604, 609, 630, 663, 694, 805, 839, 844, 846, 894, 944, 975, 981]
logs_monomial/n10_monomial7.txt.bz2.greedyext.20260223_083633.txt

0 31 50 90 117 147 224 228 294 304 339 360 416 488 490 506 525 553 670 700 746 751 768 778 793 806 825 834 852 903 930 987 1001 1006
Iter#245688255 New set #50000 of size 34 (4913.8 its/hit = 0.112s/hit): seed=6869854449875333496 [0, 31, 50, 90, 117, 147, 224, 228, 294, 304, 339, 360, 416, 488, 490, 506, 525, 553, 670, 700, 746, 751, 768, 778, 793, 806, 825, 834, 852, 903, 930, 987, 1001, 1006]
logs_monomial/n10_monomial7.txt.bz2.greedyext.20260222_000855.txt

0 12 36 49 53 178 216 219 229 259 311 327 381 391 419 421 472 484 500 504 617 684 767 776 781 800 814 824 840 916 933 954 965 968
Iter#37547 New set #9 of size 34 (4171.9 its/hit = 0.000s/hit): seed=7206294226525343527 [0, 12, 36, 49, 53, 178, 216, 219, 229, 259, 311, 327, 381, 391, 419, 421, 472, 484, 500, 504, 617, 684, 767, 776, 781, 800, 814, 824, 840, 916, 933, 954, 965, 968]
logs_monomial/n10_monomial7.txt.bz2.greedyext.20260220_210834.txt

0 5 34 52 65 66 74 130 135 146 154 155 199 345 379 485 522 551 565 584 603 628 646 668 693 784 787 807 858 861 867 887 966 1005
Iter#3596495 New set #700 of size 34 (5137.9 its/hit = 0.234s/hit): seed=2988725925247075290 [0, 5, 34, 52, 65, 66, 74, 130, 135, 146, 154, 155, 199, 345, 379, 485, 522, 551, 565, 584, 603, 628, 646, 668, 693, 784, 787, 807, 858, 861, 867, 887, 966, 1005]
logs_monomial/n10_monomial7.txt.bz2.greedyext.20260223_083633.txt

0 13 146 157 167 196 298 314 317 325 397 402 451 454 466 479 529 531 535 549 551 575 662 693 710 737 813 828 853 890 897 929 983 1019
Iter#245106 New set #50 of size 34 (4902.1 its/hit = 0.180s/hit): seed=1851463649032852029 [0, 13, 146, 157, 167, 196, 298, 314, 317, 325, 397, 402, 451, 454, 466, 479, 529, 531, 535, 549, 551, 575, 662, 693, 710, 737, 813, 828, 853, 890, 897, 929, 983, 1019]
logs_monomial/n10_monomial7.txt.bz2.greedyext.20260223_083631.txt

0 27 80 83 110 128 165 174 211 220 243 254 265 332 380 382 399 432 435 463 469 475 512 644 685 691 733 762 823 842 844 866 910 917
Iter#39056634 New set #8000 of size 34 (4882.1 its/hit = 0.113s/hit): seed=16509838867157915909 [0, 27, 80, 83, 110, 128, 165, 174, 211, 220, 243, 254, 265, 332, 380, 382, 399, 432, 435, 463, 469, 475, 512, 644, 685, 691, 733, 762, 823, 842, 844, 866, 910, 917]
logs_monomial/n10_monomial7.txt.bz2.greedyext.20260222_000855.txt

0 29 37 50 94 95 196 223 268 295 319 321 338 354 358 372 376 392 427 429 549 555 643 656 659 737 845 879 882 943 978 987 993 1001
Iter#79969 New set #20 of size 34 (3998.4 its/hit = 0.100s/hit): seed=13740555671437611695 [0, 29, 37, 50, 94, 95, 196, 223, 268, 295, 319, 321, 338, 354, 358, 372, 376, 392, 427, 429, 549, 555, 643, 656, 659, 737, 845, 879, 882, 943, 978, 987, 993, 1001]
logs_monomial/n10_monomial7.txt.bz2.greedyext.20260223_083631.txt

0 9 48 49 81 99 133 144 145 179 196 212 371 378 401 411 549 601 622 627 712 737 739 763 783 802 864 876 911 913 916 933 959 1023
Iter#127272 New set #30 of size 34 (4242.4 its/hit = 0.067s/hit): seed=16160409250722181468 [0, 9, 48, 49, 81, 99, 133, 144, 145, 179, 196, 212, 371, 378, 401, 411, 549, 601, 622, 627, 712, 737, 739, 763, 783, 802, 864, 876, 911, 913, 916, 933, 959, 1023]
logs_monomial/n10_monomial7.txt.bz2.greedyext.20260220_210834.txt

0 60 64 156 223 240 258 323 358 372 427 437 451 456 481 498 542 555 558 587 606 631 632 635 662 709 791 845 853 902 907 947 973 975
Iter#16236 New set #3 of size 34 (5412.0 its/hit = 0.000s/hit): seed=3732448236960650592 [0, 60, 64, 156, 223, 240, 258, 323, 358, 372, 427, 437, 451, 456, 481, 498, 542, 555, 558, 587, 606, 631, 632, 635, 662, 709, 791, 845, 853, 902, 907, 947, 973, 975]
logs_monomial/n10_monomial7.txt.bz2.greedyext.20260220_210834.txt

0 40 67 79 80 87 127 155 165 174 180 193 207 246 254 264 366 382 475 510 533 544 611 614 679 779 832 861 891 919 964 966 984 1012
Iter#1503730 New set #300 of size 34 (5012.4 its/hit = 0.113s/hit): seed=6955862250382837020 [0, 40, 67, 79, 80, 87, 127, 155, 165, 174, 180, 193, 207, 246, 254, 264, 366, 382, 475, 510, 533, 544, 611, 614, 679, 779, 832, 861, 891, 919, 964, 966, 984, 1012]
logs_monomial/n10_monomial7.txt.bz2.greedyext.20260222_000855.txt

0 89 109 147 192 245 282 283 319 373 384 388 406 411 412 477 514 525 552 557 589 653 656 670 675 703 718 763 792 809 819 864 943 945
Iter#1541623 New set #300 of size 34 (5138.7 its/hit = 0.117s/hit): seed=15900256192077419569 [0, 89, 109, 147, 192, 245, 282, 283, 319, 373, 384, 388, 406, 411, 412, 477, 514, 525, 552, 557, 589, 653, 656, 670, 675, 703, 718, 763, 792, 809, 819, 864, 943, 945]
logs_monomial/n10_monomial7.txt.bz2.greedyext.20260220_210834.txt

0 1 16 42 43 77 96 142 224 227 311 383 459 462 487 497 517 647 672 688 722 767 785 821 831 834 841 881 908 930 961 968 974 988
Iter#10002104 New set #2000 of size 34 (5001.1 its/hit = 0.115s/hit): seed=18303676106909391659 [0, 1, 16, 42, 43, 77, 96, 142, 224, 227, 311, 383, 459, 462, 487, 497, 517, 647, 672, 688, 722, 767, 785, 821, 831, 834, 841, 881, 908, 930, 961, 968, 974, 988]
logs_monomial/n10_monomial7.txt.bz2.greedyext.20260222_000855.txt

0 38 52 94 109 152 154 230 268 307 338 359 410 467 482 501 513 592 599 675 718 721 787 803 807 843 862 868 870 887 946 952 955 1005
Iter#20569 New set #7 of size 34 (2938.4 its/hit = 0.000s/hit): seed=8265722112153971584 [0, 38, 52, 94, 109, 152, 154, 230, 268, 307, 338, 359, 410, 467, 482, 501, 513, 592, 599, 675, 718, 721, 787, 803, 807, 843, 862, 868, 870, 887, 946, 952, 955, 1005]
logs_monomial/n10_monomial7.txt.bz2.greedyext.20260223_083632.txt

0 142 181 195 230 235 276 283 307 333 383 403 483 497 552 554 560 568 599 615 634 652 698 755 819 862 868 871 875 921 939 942 952 990
Iter#4312719 New set #900 of size 34 (4791.9 its/hit = 0.191s/hit): seed=12510766011520435922 [0, 142, 181, 195, 230, 235, 276, 283, 307, 333, 383, 403, 483, 497, 552, 554, 560, 568, 599, 615, 634, 652, 698, 755, 819, 862, 868, 871, 875, 921, 939, 942, 952, 990]
logs_monomial/n10_monomial7.txt.bz2.greedyext.20260223_083631.txt

0 16 61 158 204 286 362 408 443 446 455 487 570 605 608 623 645 672 682 688 697 722 744 797 821 833 854 885 948 953 979 980 991 1021
Iter#5292 New set #4 of size 34 (1323.0 its/hit = 0.000s/hit): seed=17472490859830789901 [0, 16, 61, 158, 204, 286, 362, 408, 443, 446, 455, 487, 570, 605, 608, 623, 645, 672, 682, 688, 697, 722, 744, 797, 821, 833, 854, 885, 948, 953, 979, 980, 991, 1021]
logs_monomial/n10_monomial7.txt.bz2.greedyext.20260223_083633.txt

0 29 46 78 92 112 122 131 166 173 175 183 186 213 256 262 310 346 417 422 465 492 528 600 725 738 829 879 882 906 956 995 1010 1020
Iter#350179 New set #70 of size 34 (5002.6 its/hit = 0.229s/hit): seed=15113515671097981158 [0, 29, 46, 78, 92, 112, 122, 131, 166, 173, 175, 183, 186, 213, 256, 262, 310, 346, 417, 422, 465, 492, 528, 600, 725, 738, 829, 879, 882, 906, 956, 995, 1010, 1020]
logs_monomial/n10_monomial7.txt.bz2.greedyext.20260223_083632.txt

0 55 64 83 113 128 137 211 246 264 273 288 357 367 394 405 425 442 507 510 542 573 574 580 597 606 706 812 816 849 855 857 878 1022
Iter#1626 New set #1 of size 34 (1626.0 its/hit = 0.000s/hit): seed=15747888587264872759 [0, 55, 64, 83, 113, 128, 137, 211, 246, 264, 273, 288, 357, 367, 394, 405, 425, 442, 507, 510, 542, 573, 574, 580, 597, 606, 706, 812, 816, 849, 855, 857, 878, 1022]
logs_monomial/n10_monomial7.txt.bz2.greedyext.20260223_083633.txt

0 14 28 63 103 216 219 221 243 259 290 306 380 381 399 402 418 421 428 456 472 511 521 531 566 635 637 836 847 856 897 935 947 960
Iter#2966144 New set #600 of size 34 (4943.6 its/hit = 0.113s/hit): seed=14249136428518206110 [0, 14, 28, 63, 103, 216, 219, 221, 243, 259, 290, 306, 380, 381, 399, 402, 418, 421, 428, 456, 472, 511, 521, 531, 566, 635, 637, 836, 847, 856, 897, 935, 947, 960]
logs_monomial/n10_monomial7.txt.bz2.greedyext.20260220_210834.txt

0 96 141 192 194 203 206 257 276 328 335 359 396 432 513 539 589 638 653 680 698 729 762 785 801 817 842 870 872 881 931 942 992 1007
Iter#294931265 New set #60000 of size 34 (4915.5 its/hit = 0.112s/hit): seed=13292086986672961733 [0, 96, 141, 192, 194, 203, 206, 257, 276, 328, 335, 359, 396, 432, 513, 539, 589, 638, 653, 680, 698, 729, 762, 785, 801, 817, 842, 870, 872, 881, 931, 942, 992, 1007]
logs_monomial/n10_monomial7.txt.bz2.greedyext.20260222_000855.txt

0 20 80 116 147 153 174 184 193 254 269 307 315 325 377 458 520 524 525 540 559 572 575 599 614 670 679 692 775 777 868 890 912 997
Iter#48829286 New set #10000 of size 34 (4882.9 its/hit = 0.112s/hit): seed=17567145191611342271 [0, 20, 80, 116, 147, 153, 174, 184, 193, 254, 269, 307, 315, 325, 377, 458, 520, 524, 525, 540, 559, 572, 575, 599, 614, 670, 679, 692, 775, 777, 868, 890, 912, 997]
logs_monomial/n10_monomial7.txt.bz2.greedyext.20260220_210834.txt

0 56 57 76 90 104 122 175 192 213 284 319 335 416 493 506 545 571 585 589 638 653 656 716 735 743 757 766 817 934 943 982 994 1002
Iter#39399972 New set #8000 of size 34 (4925.0 its/hit = 0.113s/hit): seed=9463723496496139697 [0, 56, 57, 76, 90, 104, 122, 175, 192, 213, 284, 319, 335, 416, 493, 506, 545, 571, 585, 589, 638, 653, 656, 716, 735, 743, 757, 766, 817, 934, 943, 982, 994, 1002]
logs_monomial/n10_monomial7.txt.bz2.greedyext.20260220_210834.txt

0 58 79 92 156 184 223 224 244 262 332 346 350 366 372 426 427 453 512 524 533 620 651 689 692 791 834 844 891 907 919 930 937 984
Iter#20219 New set #6 of size 34 (3369.8 its/hit = 0.000s/hit): seed=318810332627579587 [0, 58, 79, 92, 156, 184, 223, 224, 244, 262, 332, 346, 350, 366, 372, 426, 427, 453, 512, 524, 533, 620, 651, 689, 692, 791, 834, 844, 891, 907, 919, 930, 937, 984]
logs_monomial/n10_monomial7.txt.bz2.greedyext.20260223_083632.txt

0 69 111 116 119 158 183 184 263 269 312 368 377 446 448 488 524 577 664 665 692 700 732 744 747 759 811 829 833 852 854 889 906 991
Iter#441004 New set #100 of size 34 (4410.0 its/hit = 0.220s/hit): seed=7646729473995772659 [0, 69, 111, 116, 119, 158, 183, 184, 263, 269, 312, 368, 377, 446, 448, 488, 524, 577, 664, 665, 692, 700, 732, 744, 747, 759, 811, 829, 833, 852, 854, 889, 906, 991]
logs_monomial/n10_monomial7.txt.bz2.greedyext.20260223_083632.txt

0 56 91 100 193 232 246 264 284 316 326 395 401 443 464 510 538 578 614 622 623 679 735 743 749 754 766 772 957 977 980 985 994 1023
Iter#223341 New set #50 of size 34 (4466.8 its/hit = 0.100s/hit): seed=10900997041030148196 [0, 56, 91, 100, 193, 232, 246, 264, 284, 316, 326, 395, 401, 443, 464, 510, 538, 578, 614, 622, 623, 679, 735, 743, 749, 754, 766, 772, 957, 977, 980, 985, 994, 1023]
logs_monomial/n10_monomial7.txt.bz2.greedyext.20260222_000855.txt

0 6 22 61 73 88 96 110 122 175 203 213 250 252 274 320 430 502 576 586 604 605 608 691 696 733 785 804 850 872 877 881 931 1016
Iter#163877 New set #30 of size 34 (5462.6 its/hit = 0.267s/hit): seed=1468959253407801617 [0, 6, 22, 61, 73, 88, 96, 110, 122, 175, 203, 213, 250, 252, 274, 320, 430, 502, 576, 586, 604, 605, 608, 691, 696, 733, 785, 804, 850, 872, 877, 881, 931, 1016]
logs_monomial/n10_monomial7.txt.bz2.greedyext.20260223_083633.txt

0 5 33 53 66 109 130 135 143 190 261 278 292 315 341 407 474 480 516 522 572 584 590 660 675 718 748 752 771 775 781 824 996 1018
Iter#27997 New set #9 of size 34 (3110.8 its/hit = 0.222s/hit): seed=13369982093796173948 [0, 5, 33, 53, 66, 109, 130, 135, 143, 190, 261, 278, 292, 315, 341, 407, 474, 480, 516, 522, 572, 584, 590, 660, 675, 718, 748, 752, 771, 775, 781, 824, 996, 1018]
logs_monomial/n10_monomial7.txt.bz2.greedyext.20260223_083633.txt

0 11 49 70 118 140 166 200 219 256 259 279 293 299 301 302 315 347 422 423 447 472 572 674 707 711 740 775 789 892 916 933 976 989
Iter#31564 New set #10 of size 34 (3156.4 its/hit = 0.200s/hit): seed=1270057733547014717 [0, 11, 49, 70, 118, 140, 166, 200, 219, 256, 259, 279, 293, 299, 301, 302, 315, 347, 422, 423, 447, 472, 572, 674, 707, 711, 740, 775, 789, 892, 916, 933, 976, 989]
logs_monomial/n10_monomial7.txt.bz2.greedyext.20260223_083633.txt

0 37 136 161 184 230 235 267 320 334 364 367 375 387 392 429 470 494 524 574 579 582 596 615 652 692 696 794 815 849 862 936 952 1016
Iter#4424450 New set #900 of size 34 (4916.1 its/hit = 0.202s/hit): seed=6847651614380058824 [0, 37, 136, 161, 184, 230, 235, 267, 320, 334, 364, 367, 375, 387, 392, 429, 470, 494, 524, 574, 579, 582, 596, 615, 652, 692, 696, 794, 815, 849, 862, 936, 952, 1016]
logs_monomial/n10_monomial7.txt.bz2.greedyext.20260223_083632.txt

0 6 25 71 145 220 250 252 265 278 282 325 404 411 469 493 514 571 575 601 648 712 719 745 748 763 792 864 890 893 963 982 986 1018
Iter#4667313 New set #900 of size 34 (5185.9 its/hit = 0.241s/hit): seed=838537352034023525 [0, 6, 25, 71, 145, 220, 250, 252, 265, 278, 282, 325, 404, 411, 469, 493, 514, 571, 575, 601, 648, 712, 719, 745, 748, 763, 792, 864, 890, 893, 963, 982, 986, 1018]
logs_monomial/n10_monomial7.txt.bz2.greedyext.20260223_083633.txt

0 5 9 19 63 69 130 135 190 313 318 322 367 371 378 437 521 566 574 590 618 632 665 699 717 732 734 750 752 849 851 901 940 973
Iter#1962635 New set #400 of size 34 (4906.6 its/hit = 0.185s/hit): seed=10881617978391571757 [0, 5, 9, 19, 63, 69, 130, 135, 190, 313, 318, 322, 367, 371, 378, 437, 521, 566, 574, 590, 618, 632, 665, 699, 717, 732, 734, 750, 752, 849, 851, 901, 940, 973]
logs_monomial/n10_monomial7.txt.bz2.greedyext.20260223_083633.txt

0 11 26 52 58 98 101 109 159 164 293 302 340 435 456 496 635 644 651 675 689 718 787 805 807 823 839 874 918 932 947 958 1011 1013
Iter#16812 New set #4 of size 34 (4203.0 its/hit = 0.000s/hit): seed=3304825768518763073 [0, 11, 26, 52, 58, 98, 101, 109, 159, 164, 293, 302, 340, 435, 456, 496, 635, 644, 651, 675, 689, 718, 787, 805, 807, 823, 839, 874, 918, 932, 947, 958, 1011, 1013]
logs_monomial/n10_monomial7.txt.bz2.greedyext.20260222_000855.txt

0 11 12 40 72 76 87 109 127 152 278 281 283 293 302 415 500 504 552 595 636 675 718 748 782 803 819 838 869 934 955 972 1002 1018
Iter#1046883 New set #200 of size 34 (5234.4 its/hit = 0.265s/hit): seed=18072320073683606233 [0, 11, 12, 40, 72, 76, 87, 109, 127, 152, 278, 281, 283, 293, 302, 415, 500, 504, 552, 595, 636, 675, 718, 748, 782, 803, 819, 838, 869, 934, 955, 972, 1002, 1018]
logs_monomial/n10_monomial7.txt.bz2.greedyext.20260223_083632.txt

0 58 102 149 164 227 229 313 340 361 463 488 494 496 582 612 618 651 685 689 700 708 753 800 831 851 852 866 909 936 941 965 988 1003
Iter#2049135 New set #400 of size 34 (5122.8 its/hit = 0.213s/hit): seed=15542916997806588618 [0, 58, 102, 149, 164, 227, 229, 313, 340, 361, 463, 488, 494, 496, 582, 612, 618, 651, 685, 689, 700, 708, 753, 800, 831, 851, 852, 866, 909, 936, 941, 965, 988, 1003]
logs_monomial/n10_monomial7.txt.bz2.greedyext.20260223_083632.txt

0 94 136 219 259 267 268 280 310 338 387 401 438 452 461 472 484 495 518 583 598 621 622 684 725 761 820 840 846 898 899 944 995 1023
Iter#3953 New set #1 of size 34 (3953.0 its/hit = 0.000s/hit): seed=15951429304113148673 [0, 94, 136, 219, 259, 267, 268, 280, 310, 338, 387, 401, 438, 452, 461, 472, 484, 495, 518, 583, 598, 621, 622, 684, 725, 761, 820, 840, 846, 898, 899, 944, 995, 1023]
logs_monomial/n10_monomial7.txt.bz2.greedyext.20260223_083631.txt

0 1 42 43 70 121 123 132 144 171 210 220 255 265 280 304 401 447 469 489 553 598 622 627 663 674 707 739 740 793 846 892 894 1023
Iter#14323 New set #5 of size 34 (2864.6 its/hit = 0.000s/hit): seed=3107209263877535371 [0, 1, 42, 43, 70, 121, 123, 132, 144, 171, 210, 220, 255, 265, 280, 304, 401, 447, 469, 489, 553, 598, 622, 627, 663, 674, 707, 739, 740, 793, 846, 892, 894, 1023]
logs_monomial/n10_monomial7.txt.bz2.greedyext.20260223_083631.txt

0 1 10 21 42 43 97 201 260 270 327 356 435 463 481 488 546 558 567 617 639 644 685 700 795 814 823 826 830 852 859 866 975 1015
Iter#197145 New set #40 of size 34 (4928.6 its/hit = 0.100s/hit): seed=10648379798228732226 [0, 1, 10, 21, 42, 43, 97, 201, 260, 270, 327, 356, 435, 463, 481, 488, 546, 558, 567, 617, 639, 644, 685, 700, 795, 814, 823, 826, 830, 852, 859, 866, 975, 1015]
logs_monomial/n10_monomial7.txt.bz2.greedyext.20260220_210834.txt

0 47 68 134 140 155 169 219 226 236 242 259 299 311 342 410 420 423 449 472 602 690 694 704 721 758 767 769 788 843 861 966 968 1014
Iter#30886 New set #6 of size 34 (5147.7 its/hit = 0.000s/hit): seed=5432950611408021238 [0, 47, 68, 134, 140, 155, 169, 219, 226, 236, 242, 259, 299, 311, 342, 410, 420, 423, 449, 472, 602, 690, 694, 704, 721, 758, 767, 769, 788, 843, 861, 966, 968, 1014]
logs_monomial/n10_monomial7.txt.bz2.greedyext.20260222_000855.txt

0 61 165 180 194 203 235 243 244 314 350 380 382 399 406 410 426 475 535 539 605 608 615 652 703 721 729 809 813 832 843 872 931 1012
Iter#31443 New set #10 of size 34 (3144.3 its/hit = 0.000s/hit): seed=166316845607624130 [0, 61, 165, 180, 194, 203, 235, 243, 244, 314, 350, 380, 382, 399, 406, 410, 426, 475, 535, 539, 605, 608, 615, 652, 703, 721, 729, 809, 813, 832, 843, 872, 931, 1012]
logs_monomial/n10_monomial7.txt.bz2.greedyext.20260223_083631.txt

0 68 136 189 267 275 306 319 332 364 387 400 407 459 512 517 563 579 581 619 637 654 656 660 690 758 771 815 844 847 888 943 974 981
Iter#949446 New set #200 of size 34 (4747.2 its/hit = 0.180s/hit): seed=10945548291666437791 [0, 68, 136, 189, 267, 275, 306, 319, 332, 364, 387, 400, 407, 459, 512, 517, 563, 579, 581, 619, 637, 654, 656, 660, 690, 758, 771, 815, 844, 847, 888, 943, 974, 981]
logs_monomial/n10_monomial7.txt.bz2.greedyext.20260223_083633.txt

0 75 108 109 222 313 320 332 351 385 407 409 415 440 512 530 595 618 649 660 675 687 696 718 741 771 822 827 844 851 880 938 972 1016
Iter#4447 New set #1 of size 34 (4447.0 its/hit = 0.000s/hit): seed=9647317727719141684 [0, 75, 108, 109, 222, 313, 320, 332, 351, 385, 407, 409, 415, 440, 512, 530, 595, 618, 649, 660, 675, 687, 696, 718, 741, 771, 822, 827, 844, 851, 880, 938, 972, 1016]
logs_monomial/n10_monomial7.txt.bz2.greedyext.20260223_083632.txt

0 2 14 36 55 84 86 141 156 257 312 367 391 396 402 418 419 428 451 485 531 574 577 646 662 791 849 853 857 867 878 889 897 907
Iter#49071911 New set #10000 of size 34 (4907.2 its/hit = 0.113s/hit): seed=11593099021773173965 [0, 2, 14, 36, 55, 84, 86, 141, 156, 257, 312, 367, 391, 396, 402, 418, 419, 428, 451, 485, 531, 574, 577, 646, 662, 791, 849, 853, 857, 867, 878, 889, 897, 907]
logs_monomial/n10_monomial7.txt.bz2.greedyext.20260222_000855.txt

0 1 38 42 43 96 123 132 150 156 255 279 352 443 467 481 495 501 537 558 621 623 655 711 727 785 791 881 898 907 951 975 976 980
Iter#3471416 New set #700 of size 34 (4959.2 its/hit = 0.113s/hit): seed=18260489859445469690 [0, 1, 38, 42, 43, 96, 123, 132, 150, 156, 255, 279, 352, 443, 467, 481, 495, 501, 537, 558, 621, 623, 655, 711, 727, 785, 791, 881, 898, 907, 951, 975, 976, 980]
logs_monomial/n10_monomial7.txt.bz2.greedyext.20260220_210834.txt

0 2 25 39 76 84 86 111 158 225 226 332 353 440 478 505 512 530 664 759 765 788 833 844 873 904 924 934 938 963 986 991 1002 1014
Iter#3156860 New set #600 of size 34 (5261.4 its/hit = 0.228s/hit): seed=8113540123005111827 [0, 2, 25, 39, 76, 84, 86, 111, 158, 225, 226, 332, 353, 440, 478, 505, 512, 530, 664, 759, 765, 788, 833, 844, 873, 904, 924, 934, 938, 963, 986, 991, 1002, 1014]
logs_monomial/n10_monomial7.txt.bz2.greedyext.20260223_083633.txt

0 11 92 102 147 181 185 221 262 290 293 302 346 355 356 362 494 511 525 550 582 639 670 671 681 697 795 875 909 936 970 979 990 1003
Iter#2967815 New set #600 of size 34 (4946.4 its/hit = 0.190s/hit): seed=17187458467633526685 [0, 11, 92, 102, 147, 181, 185, 221, 262, 290, 293, 302, 346, 355, 356, 362, 494, 511, 525, 550, 582, 639, 670, 671, 681, 697, 795, 875, 909, 936, 970, 979, 990, 1003]
logs_monomial/n10_monomial7.txt.bz2.greedyext.20260223_083632.txt

0 25 47 98 134 169 177 179 186 188 196 328 441 489 536 549 569 600 663 676 680 737 738 802 805 839 886 894 896 913 963 967 986 992
Iter#346984 New set #70 of size 34 (4956.9 its/hit = 0.100s/hit): seed=10683834610918045087 [0, 25, 47, 98, 134, 169, 177, 179, 186, 188, 196, 328, 441, 489, 536, 549, 569, 600, 663, 676, 680, 737, 738, 802, 805, 839, 886, 894, 896, 913, 963, 967, 986, 992]
logs_monomial/n10_monomial7.txt.bz2.greedyext.20260220_210834.txt

0 41 85 122 124 153 175 177 200 213 234 247 291 360 441 463 468 481 558 569 588 678 685 751 777 789 866 886 896 903 912 967 975 989
Iter#3390157 New set #700 of size 34 (4843.1 its/hit = 0.191s/hit): seed=5388247032616219270 [0, 41, 85, 122, 124, 153, 175, 177, 200, 213, 234, 247, 291, 360, 441, 463, 468, 481, 558, 569, 588, 678, 685, 751, 777, 789, 866, 886, 896, 903, 912, 967, 975, 989]
logs_monomial/n10_monomial7.txt.bz2.greedyext.20260223_083632.txt

0 30 68 137 140 148 180 190 193 239 243 288 299 380 399 423 425 454 529 548 590 591 614 679 690 715 731 752 758 780 786 832 983 1012
Iter#1981104 New set #400 of size 34 (4952.8 its/hit = 0.212s/hit): seed=10913089311510129569 [0, 30, 68, 137, 140, 148, 180, 190, 193, 239, 243, 288, 299, 380, 399, 423, 425, 454, 529, 548, 590, 591, 614, 679, 690, 715, 731, 752, 758, 780, 786, 832, 983, 1012]
logs_monomial/n10_monomial7.txt.bz2.greedyext.20260223_083631.txt

0 21 72 73 75 81 133 142 158 184 212 238 316 320 383 497 524 526 546 567 692 696 736 749 782 804 827 833 838 877 880 977 991 1016
Iter#458613 New set #100 of size 34 (4586.1 its/hit = 0.180s/hit): seed=569966860051940906 [0, 21, 72, 73, 75, 81, 133, 142, 158, 184, 212, 238, 316, 320, 383, 497, 524, 526, 546, 567, 692, 696, 736, 749, 782, 804, 827, 833, 838, 877, 880, 977, 991, 1016]
logs_monomial/n10_monomial7.txt.bz2.greedyext.20260223_083633.txt

0 26 30 48 90 97 115 176 192 194 317 416 431 452 476 506 539 583 589 653 710 729 780 786 826 859 860 899 911 932 958 959 1004 1019
Iter#14642583 New set #3000 of size 34 (4880.9 its/hit = 0.113s/hit): seed=7611176283756665093 [0, 26, 30, 48, 90, 97, 115, 176, 192, 194, 317, 416, 431, 452, 476, 506, 539, 583, 589, 653, 710, 729, 780, 786, 826, 859, 860, 899, 911, 932, 958, 959, 1004, 1019]
logs_monomial/n10_monomial7.txt.bz2.greedyext.20260222_000855.txt

0 16 32 66 72 145 203 204 271 278 303 320 357 462 522 584 597 601 647 672 688 696 712 748 782 816 838 841 872 885 931 953 1016 1018
Iter#3884079 New set #800 of size 34 (4855.1 its/hit = 0.202s/hit): seed=4340350948788190190 [0, 16, 32, 66, 72, 145, 203, 204, 271, 278, 303, 320, 357, 462, 522, 584, 597, 601, 647, 672, 688, 696, 712, 748, 782, 816, 838, 841, 872, 885, 931, 953, 1016, 1018]
logs_monomial/n10_monomial7.txt.bz2.greedyext.20260223_083632.txt

0 9 21 39 78 99 107 278 320 363 371 378 415 451 478 505 546 564 567 595 607 658 662 696 748 783 853 876 956 972 1010 1016 1017 1018
Iter#298363 New set #60 of size 34 (4972.7 its/hit = 0.100s/hit): seed=5810535536569553330 [0, 9, 21, 39, 78, 99, 107, 278, 320, 363, 371, 378, 415, 451, 478, 505, 546, 564, 567, 595, 607, 658, 662, 696, 748, 783, 853, 876, 956, 972, 1010, 1016, 1017, 1018]
logs_monomial/n10_monomial7.txt.bz2.greedyext.20260222_000855.txt

0 22 23 106 155 197 199 306 310 363 412 444 527 543 557 586 603 604 609 629 630 637 658 668 702 714 725 770 847 861 945 966 995 1017
Iter#3916235 New set #800 of size 34 (4895.3 its/hit = 0.113s/hit): seed=15755527082489284934 [0, 22, 23, 106, 155, 197, 199, 306, 310, 363, 412, 444, 527, 543, 557, 586, 603, 604, 609, 629, 630, 637, 658, 668, 702, 714, 725, 770, 847, 861, 945, 966, 995, 1017]
logs_monomial/n10_monomial7.txt.bz2.greedyext.20260220_210834.txt

0 2 32 84 86 101 154 192 271 284 303 353 401 448 454 459 517 529 589 622 653 747 765 766 811 887 918 924 974 983 994 1005 1011 1023
Iter#3637235 New set #700 of size 34 (5196.0 its/hit = 0.120s/hit): seed=11162279092148590437 [0, 2, 32, 84, 86, 101, 154, 192, 271, 284, 303, 353, 401, 448, 454, 459, 517, 529, 589, 622, 653, 747, 765, 766, 811, 887, 918, 924, 974, 983, 994, 1005, 1011, 1023]
logs_monomial/n10_monomial7.txt.bz2.greedyext.20260222_000855.txt

0 61 62 100 117 180 234 279 294 339 433 443 448 456 541 547 588 605 608 623 635 678 711 720 747 811 832 865 947 957 976 980 985 1012
Iter#19279 New set #8 of size 34 (2409.9 its/hit = 0.000s/hit): seed=18443729983258527582 [0, 61, 62, 100, 117, 180, 234, 279, 294, 339, 433, 443, 448, 456, 541, 547, 588, 605, 608, 623, 635, 678, 711, 720, 747, 811, 832, 865, 947, 957, 976, 980, 985, 1012]
logs_monomial/n10_monomial7.txt.bz2.greedyext.20260223_083631.txt

0 12 44 122 146 175 176 192 213 215 220 239 244 251 265 287 350 406 426 469 500 504 548 551 589 640 653 693 703 715 809 860 927 1004
Iter#11906 New set #2 of size 34 (5953.0 its/hit = 0.000s/hit): seed=3652961865098494085 [0, 12, 44, 122, 146, 175, 176, 192, 213, 215, 220, 239, 244, 251, 265, 287, 350, 406, 426, 469, 500, 504, 548, 551, 589, 640, 653, 693, 703, 715, 809, 860, 927, 1004]
logs_monomial/n10_monomial7.txt.bz2.greedyext.20260223_083632.txt

0 117 178 194 222 279 294 315 318 328 339 351 352 385 449 451 539 572 662 680 699 704 711 727 729 769 775 776 853 901 951 954 976 992
Iter#19471571 New set #4000 of size 34 (4867.9 its/hit = 0.113s/hit): seed=10794952131279093700 [0, 117, 178, 194, 222, 279, 294, 315, 318, 328, 339, 351, 352, 385, 449, 451, 539, 572, 662, 680, 699, 704, 711, 727, 729, 769, 775, 776, 853, 901, 951, 954, 976, 992]
logs_monomial/n10_monomial7.txt.bz2.greedyext.20260220_210834.txt

0 35 50 64 118 143 185 223 229 244 281 301 333 337 341 347 350 370 372 426 427 474 542 550 554 606 636 671 800 869 871 965 987 1001
Iter#34402494 New set #7000 of size 34 (4914.6 its/hit = 0.113s/hit): seed=9865993294957090085 [0, 35, 50, 64, 118, 143, 185, 223, 229, 244, 281, 301, 333, 337, 341, 347, 350, 370, 372, 426, 427, 474, 542, 550, 554, 606, 636, 671, 800, 869, 871, 965, 987, 1001]
logs_monomial/n10_monomial7.txt.bz2.greedyext.20260220_210834.txt

0 5 29 69 71 80 89 116 130 135 174 236 254 269 324 377 388 411 477 480 516 532 602 648 665 694 719 732 763 848 864 879 882 996
Iter#240894 New set #50 of size 34 (4817.9 its/hit = 0.200s/hit): seed=6008292560159676275 [0, 5, 29, 69, 71, 80, 89, 116, 130, 135, 174, 236, 254, 269, 324, 377, 388, 411, 477, 480, 516, 532, 602, 648, 665, 694, 719, 732, 763, 848, 864, 879, 882, 996]
logs_monomial/n10_monomial7.txt.bz2.greedyext.20260223_083632.txt

0 36 57 74 141 192 196 257 274 305 324 358 391 396 419 442 515 532 549 555 576 580 589 653 716 737 757 784 818 845 848 850 858 1022
Iter#18860 New set #5 of size 34 (3772.0 its/hit = 0.000s/hit): seed=5684397252870926022 [0, 36, 57, 74, 141, 192, 196, 257, 274, 305, 324, 358, 391, 396, 419, 442, 515, 532, 549, 555, 576, 580, 589, 653, 716, 737, 757, 784, 818, 845, 848, 850, 858, 1022]
logs_monomial/n10_monomial7.txt.bz2.greedyext.20260223_083632.txt

0 118 177 206 221 285 290 301 313 347 360 361 366 442 461 511 533 580 618 708 724 751 761 801 820 851 886 891 903 941 967 969 1007 1022
Iter#361493 New set #70 of size 34 (5164.2 its/hit = 0.114s/hit): seed=2944184071690607539 [0, 118, 177, 206, 221, 285, 290, 301, 313, 347, 360, 361, 366, 442, 461, 511, 533, 580, 618, 708, 724, 751, 761, 801, 820, 851, 886, 891, 903, 941, 967, 969, 1007, 1022]
logs_monomial/n10_monomial7.txt.bz2.greedyext.20260222_000855.txt

0 7 28 103 140 148 209 214 226 299 355 362 414 423 460 480 516 591 633 681 697 723 731 788 799 836 856 935 960 970 979 996 999 1014
Iter#344480 New set #80 of size 34 (4306.0 its/hit = 0.175s/hit): seed=6801581463806459600 [0, 7, 28, 103, 140, 148, 209, 214, 226, 299, 355, 362, 414, 423, 460, 480, 516, 591, 633, 681, 697, 723, 731, 788, 799, 836, 856, 935, 960, 970, 979, 996, 999, 1014]
logs_monomial/n10_monomial7.txt.bz2.greedyext.20260223_083633.txt

0 17 34 83 91 100 128 164 165 211 222 340 345 351 361 379 382 385 395 407 456 464 475 496 635 650 660 667 708 771 941 947 957 985
Iter#15411 New set #4 of size 34 (3852.8 its/hit = 0.000s/hit): seed=14244904018944389159 [0, 17, 34, 83, 91, 100, 128, 164, 165, 211, 222, 340, 345, 351, 361, 379, 382, 385, 395, 407, 456, 464, 475, 496, 635, 650, 660, 667, 708, 771, 941, 947, 957, 985]
logs_monomial/n10_monomial7.txt.bz2.greedyext.20260223_083632.txt

0 25 45 112 114 147 152 180 208 244 245 253 335 350 373 384 389 403 417 426 465 503 525 568 638 670 803 817 832 939 955 963 986 1012
Iter#4909077 New set #1000 of size 34 (4909.1 its/hit = 0.213s/hit): seed=13132362905242436617 [0, 25, 45, 112, 114, 147, 152, 180, 208, 244, 245, 253, 335, 350, 373, 384, 389, 403, 417, 426, 465, 503, 525, 568, 638, 670, 803, 817, 832, 939, 955, 963, 986, 1012]
logs_monomial/n10_monomial7.txt.bz2.greedyext.20260223_083632.txt

0 116 167 187 204 227 269 279 298 309 328 377 397 454 458 487 529 559 626 680 683 711 713 722 821 831 885 926 953 976 983 988 992 997
Iter#3725994 New set #800 of size 34 (4657.5 its/hit = 0.196s/hit): seed=12213099816389787726 [0, 116, 167, 187, 204, 227, 269, 279, 298, 309, 328, 377, 397, 454, 458, 487, 529, 559, 626, 680, 683, 711, 713, 722, 821, 831, 885, 926, 953, 976, 983, 988, 992, 997]
logs_monomial/n10_monomial7.txt.bz2.greedyext.20260223_083631.txt

0 25 32 59 122 175 185 186 213 237 271 275 277 303 318 400 550 581 600 619 624 657 666 669 671 673 699 738 888 900 901 963 981 986
Iter#261925 New set #60 of size 34 (4365.4 its/hit = 0.183s/hit): seed=17940747035966712402 [0, 25, 32, 59, 122, 175, 185, 186, 213, 237, 271, 275, 277, 303, 318, 400, 550, 581, 600, 619, 624, 657, 666, 669, 671, 673, 699, 738, 888, 900, 901, 963, 981, 986]
logs_monomial/n10_monomial7.txt.bz2.greedyext.20260223_083633.txt

0 7 16 33 76 112 137 143 209 214 261 286 288 292 341 355 417 425 440 465 474 483 530 634 672 681 682 688 921 934 938 948 970 1002
Iter#13914 New set #4 of size 34 (3478.5 its/hit = 0.000s/hit): seed=7084144799644219918 [0, 7, 16, 33, 76, 112, 137, 143, 209, 214, 261, 286, 288, 292, 341, 355, 417, 425, 440, 465, 474, 483, 530, 634, 672, 681, 682, 688, 921, 934, 938, 948, 970, 1002]
logs_monomial/n10_monomial7.txt.bz2.greedyext.20260223_083631.txt

0 90 145 177 181 205 333 356 416 453 463 480 490 506 516 554 601 620 639 685 712 746 768 795 863 866 871 875 886 914 937 967 990 996
Iter#9777012 New set #2000 of size 34 (4888.5 its/hit = 0.112s/hit): seed=3496933737555144574 [0, 90, 145, 177, 181, 205, 333, 356, 416, 453, 463, 480, 490, 506, 516, 554, 601, 620, 639, 685, 712, 746, 768, 795, 863, 866, 871, 875, 886, 914, 937, 967, 990, 996]
logs_monomial/n10_monomial7.txt.bz2.greedyext.20260220_210834.txt

0 143 149 204 206 228 281 317 332 341 355 474 480 489 512 516 612 636 663 681 710 753 778 801 844 869 885 894 953 970 996 1006 1007 1019
Iter#1033846 New set #200 of size 34 (5169.2 its/hit = 0.115s/hit): seed=14239413815912178212 [0, 143, 149, 204, 206, 228, 281, 317, 332, 341, 355, 474, 480, 489, 512, 516, 612, 636, 663, 681, 710, 753, 778, 801, 844, 869, 885, 894, 953, 970, 996, 1006, 1007, 1019]
logs_monomial/n10_monomial7.txt.bz2.greedyext.20260220_210834.txt

0 27 53 97 138 139 219 231 259 349 361 374 459 462 463 471 472 509 517 647 685 708 781 824 826 841 859 866 884 910 915 917 941 974
Iter#44049501 New set #9000 of size 34 (4894.4 its/hit = 0.112s/hit): seed=1980808813919129427 [0, 27, 53, 97, 138, 139, 219, 231, 259, 349, 361, 374, 459, 462, 463, 471, 472, 509, 517, 647, 685, 708, 781, 824, 826, 841, 859, 866, 884, 910, 915, 917, 941, 974]
logs_monomial/n10_monomial7.txt.bz2.greedyext.20260220_210834.txt

0 2 61 84 86 137 140 179 195 242 246 264 288 299 321 342 420 423 425 440 489 510 530 560 605 608 659 663 755 802 894 913 938 978
Iter#4077768 New set #800 of size 34 (5097.2 its/hit = 0.242s/hit): seed=6196373409871450951 [0, 2, 61, 84, 86, 137, 140, 179, 195, 242, 246, 264, 288, 299, 321, 342, 420, 423, 425, 440, 489, 510, 530, 560, 605, 608, 659, 663, 755, 802, 894, 913, 938, 978]
logs_monomial/n10_monomial7.txt.bz2.greedyext.20260223_083633.txt

0 59 88 121 136 171 185 210 267 305 325 333 355 357 387 430 460 502 515 550 554 575 597 666 671 673 681 723 799 816 818 871 890 970
Iter#14502088 New set #3000 of size 34 (4834.0 its/hit = 0.112s/hit): seed=15342313672218486583 [0, 59, 88, 121, 136, 171, 185, 210, 267, 305, 325, 333, 355, 357, 387, 430, 460, 502, 515, 550, 554, 575, 597, 666, 671, 673, 681, 723, 799, 816, 818, 871, 890, 970]
logs_monomial/n10_monomial7.txt.bz2.greedyext.20260220_210834.txt

0 91 112 163 177 179 182 200 235 289 386 395 403 417 437 464 465 492 528 568 615 632 652 789 790 802 886 913 928 939 967 973 989 1020
Iter#167389 New set #30 of size 34 (5579.6 its/hit = 0.200s/hit): seed=13105427030181512771 [0, 91, 112, 163, 177, 179, 182, 200, 235, 289, 386, 395, 403, 417, 437, 464, 465, 492, 528, 568, 615, 632, 652, 789, 790, 802, 886, 913, 928, 939, 967, 973, 989, 1020]
logs_monomial/n10_monomial7.txt.bz2.greedyext.20260223_083632.txt

0 13 15 24 45 88 96 97 208 226 238 253 355 390 393 413 430 466 479 502 519 526 681 736 785 788 826 859 881 922 970 1000 1008 1014
Iter#26112 New set #8 of size 34 (3264.0 its/hit = 0.125s/hit): seed=4722066495911358411 [0, 13, 15, 24, 45, 88, 96, 97, 208, 226, 238, 253, 355, 390, 393, 413, 430, 466, 479, 502, 519, 526, 681, 736, 785, 788, 826, 859, 881, 922, 970, 1000, 1008, 1014]
logs_monomial/n10_monomial7.txt.bz2.greedyext.20260223_083633.txt

