60 97 98 107 113 118 136 138 150 173 208 353 411 417 439 463 478 499 531 571 608 689 695 707 737 791 873 934
Iter#48083 New set #80 of size 28 (601.0 its/hit = 0.013s/hit): seed=684621499698631691 [60, 97, 98, 107, 113, 118, 136, 138, 150, 173, 208, 353, 411, 417, 439, 463, 478, 499, 531, 571, 608, 689, 695, 707, 737, 791, 873, 934]
logs_monomial/n10_monomial5.txt.bz2.greedyext.20260220_210834.txt

53 108 148 150 200 246 250 258 270 327 401 438 517 550 590 710 725 747 759 782 795 897 903 912 919 945 979 999
Iter#3104774 New set #5000 of size 28 (621.0 its/hit = 0.023s/hit): seed=8764078520941087323 [53, 108, 148, 150, 200, 246, 250, 258, 270, 327, 401, 438, 517, 550, 590, 710, 725, 747, 759, 782, 795, 897, 903, 912, 919, 945, 979, 999]
logs_monomial/n10_monomial5.txt.bz2.greedyext.20260223_083632.txt

14 45 58 178 208 209 221 305 375 441 468 509 534 554 581 665 682 716 734 795 839 899 919 957 984 990 1013 1023
Iter#56737 New set #100 of size 28 (567.4 its/hit = 0.010s/hit): seed=18209866903220117416 [14, 45, 58, 178, 208, 209, 221, 305, 375, 441, 468, 509, 534, 554, 581, 665, 682, 716, 734, 795, 839, 899, 919, 957, 984, 990, 1013, 1023]
logs_monomial/n10_monomial5.txt.bz2.greedyext.20260223_083631.txt

19 64 93 95 119 130 200 243 246 272 331 451 459 505 530 569 594 617 621 684 685 715 725 747 762 914 984 1018
Iter#255229 New set #400 of size 28 (638.1 its/hit = 0.030s/hit): seed=8956963204242402713 [19, 64, 93, 95, 119, 130, 200, 243, 246, 272, 331, 451, 459, 505, 530, 569, 594, 617, 621, 684, 685, 715, 725, 747, 762, 914, 984, 1018]
logs_monomial/n10_monomial5.txt.bz2.greedyext.20260223_083633.txt

8 42 122 124 171 216 240 365 418 476 539 577 579 605 614 672 681 682 698 701 759 772 789 824 848 874 892 938
Iter#5340 New set #9 of size 28 (593.3 its/hit = 0.000s/hit): seed=6555866098311603508 [8, 42, 122, 124, 171, 216, 240, 365, 418, 476, 539, 577, 579, 605, 614, 672, 681, 682, 698, 701, 759, 772, 789, 824, 848, 874, 892, 938]
logs_monomial/n10_monomial5.txt.bz2.greedyext.20260220_210834.txt

82 134 148 218 227 270 289 327 347 352 361 396 426 444 448 485 534 545 559 615 712 737 740 785 797 844 899 909
Iter#1180822 New set #2000 of size 28 (590.4 its/hit = 0.014s/hit): seed=2461213260662479099 [82, 134, 148, 218, 227, 270, 289, 327, 347, 352, 361, 396, 426, 444, 448, 485, 534, 545, 559, 615, 712, 737, 740, 785, 797, 844, 899, 909]
logs_monomial/n10_monomial5.txt.bz2.greedyext.20260220_210834.txt

27 63 65 91 93 100 117 152 200 238 245 256 469 470 513 558 601 619 647 657 661 680 710 828 833 838 881 896
Iter#35513 New set #60 of size 28 (591.9 its/hit = 0.000s/hit): seed=3490181995793319549 [27, 63, 65, 91, 93, 100, 117, 152, 200, 238, 245, 256, 469, 470, 513, 558, 601, 619, 647, 657, 661, 680, 710, 828, 833, 838, 881, 896]
logs_monomial/n10_monomial5.txt.bz2.greedyext.20260223_083631.txt

13 41 43 147 162 179 203 246 254 267 349 369 385 386 440 456 508 511 585 658 686 688 728 768 777 819 897 959
Iter#247358 New set #400 of size 28 (618.4 its/hit = 0.027s/hit): seed=16679914096212475637 [13, 41, 43, 147, 162, 179, 203, 246, 254, 267, 349, 369, 385, 386, 440, 456, 508, 511, 585, 658, 686, 688, 728, 768, 777, 819, 897, 959]
logs_monomial/n10_monomial5.txt.bz2.greedyext.20260223_083631.txt

43 69 126 160 184 199 200 224 229 281 303 318 340 361 395 441 598 604 618 639 661 665 728 792 800 830 868 940
Iter#10987 New set #20 of size 28 (549.3 its/hit = 0.000s/hit): seed=6699416246490160698 [43, 69, 126, 160, 184, 199, 200, 224, 229, 281, 303, 318, 340, 361, 395, 441, 598, 604, 618, 639, 661, 665, 728, 792, 800, 830, 868, 940]
logs_monomial/n10_monomial5.txt.bz2.greedyext.20260222_000855.txt

18 102 108 129 150 205 214 217 221 229 248 266 355 459 501 502 561 669 699 701 704 788 807 875 884 935 953 1012
Iter#41580 New set #70 of size 28 (594.0 its/hit = 0.000s/hit): seed=12760237920263854846 [18, 102, 108, 129, 150, 205, 214, 217, 221, 229, 248, 266, 355, 459, 501, 502, 561, 669, 699, 701, 704, 788, 807, 875, 884, 935, 953, 1012]
logs_monomial/n10_monomial5.txt.bz2.greedyext.20260223_083631.txt

53 54 65 161 202 203 261 284 305 311 312 326 332 368 406 425 444 467 578 594 597 765 771 785 789 883 960 995
Iter#1040 New set #3 of size 28 (346.7 its/hit = 0.000s/hit): seed=18439471012847971966 [53, 54, 65, 161, 202, 203, 261, 284, 305, 311, 312, 326, 332, 368, 406, 425, 444, 467, 578, 594, 597, 765, 771, 785, 789, 883, 960, 995]
logs_monomial/n10_monomial5.txt.bz2.greedyext.20260220_210834.txt

2 8 44 50 133 139 142 273 290 298 304 327 338 399 416 427 451 467 621 669 758 772 797 841 906 994 1009 1011
Iter#1043 New set #4 of size 28 (260.8 its/hit = 0.000s/hit): seed=3867189991427853438 [2, 8, 44, 50, 133, 139, 142, 273, 290, 298, 304, 327, 338, 399, 416, 427, 451, 467, 621, 669, 758, 772, 797, 841, 906, 994, 1009, 1011]
logs_monomial/n10_monomial5.txt.bz2.greedyext.20260220_210834.txt

79 80 89 107 127 201 235 285 293 299 329 371 372 417 438 442 460 504 512 547 595 857 888 940 942 960 983 1008
Iter#907 New set #3 of size 28 (302.3 its/hit = 0.000s/hit): seed=8607370437466968915 [79, 80, 89, 107, 127, 201, 235, 285, 293, 299, 329, 371, 372, 417, 438, 442, 460, 504, 512, 547, 595, 857, 888, 940, 942, 960, 983, 1008]
logs_monomial/n10_monomial5.txt.bz2.greedyext.20260223_083632.txt

46 49 90 97 108 120 132 146 149 224 272 382 396 435 446 454 545 553 635 637 717 748 804 844 901 948 950 954
Iter#3630 New set #6 of size 28 (605.0 its/hit = 0.000s/hit): seed=16533760523622110975 [46, 49, 90, 97, 108, 120, 132, 146, 149, 224, 272, 382, 396, 435, 446, 454, 545, 553, 635, 637, 717, 748, 804, 844, 901, 948, 950, 954]
logs_monomial/n10_monomial5.txt.bz2.greedyext.20260223_083631.txt

22 103 114 138 172 294 299 436 452 486 561 575 624 667 766 783 802 803 886 897 932 964 984 989 991 992 1010 1012
Iter#4511 New set #9 of size 28 (501.2 its/hit = 0.000s/hit): seed=12979772820614215555 [22, 103, 114, 138, 172, 294, 299, 436, 452, 486, 561, 575, 624, 667, 766, 783, 802, 803, 886, 897, 932, 964, 984, 989, 991, 992, 1010, 1012]
logs_monomial/n10_monomial5.txt.bz2.greedyext.20260223_083633.txt

2 60 73 118 198 278 292 304 318 387 468 472 526 564 618 620 651 684 765 825 853 882 885 897 920 931 932 999
Iter#3588 New set #5 of size 28 (717.6 its/hit = 0.000s/hit): seed=14764320567404159275 [2, 60, 73, 118, 198, 278, 292, 304, 318, 387, 468, 472, 526, 564, 618, 620, 651, 684, 765, 825, 853, 882, 885, 897, 920, 931, 932, 999]
logs_monomial/n10_monomial5.txt.bz2.greedyext.20260223_083631.txt

7 16 44 46 47 65 80 120 122 186 353 451 453 460 516 535 554 561 601 611 653 673 692 749 797 848 926 940
Iter#136527 New set #200 of size 28 (682.6 its/hit = 0.030s/hit): seed=4684169214049737806 [7, 16, 44, 46, 47, 65, 80, 120, 122, 186, 353, 451, 453, 460, 516, 535, 554, 561, 601, 611, 653, 673, 692, 749, 797, 848, 926, 940]
logs_monomial/n10_monomial5.txt.bz2.greedyext.20260223_083633.txt

4 71 86 174 187 205 226 240 252 401 402 418 440 508 574 578 579 630 652 665 671 769 776 836 852 895 929 962
Iter#2486 New set #6 of size 28 (414.3 its/hit = 0.000s/hit): seed=8754739869296920223 [4, 71, 86, 174, 187, 205, 226, 240, 252, 401, 402, 418, 440, 508, 574, 578, 579, 630, 652, 665, 671, 769, 776, 836, 852, 895, 929, 962]
logs_monomial/n10_monomial5.txt.bz2.greedyext.20260223_083633.txt

3 6 8 11 68 123 124 138 183 221 267 291 334 355 420 426 446 474 514 580 605 611 660 672 894 930 950 1004
Iter#2491004 New set #4000 of size 28 (622.8 its/hit = 0.022s/hit): seed=3906311017159848209 [3, 6, 8, 11, 68, 123, 124, 138, 183, 221, 267, 291, 334, 355, 420, 426, 446, 474, 514, 580, 605, 611, 660, 672, 894, 930, 950, 1004]
logs_monomial/n10_monomial5.txt.bz2.greedyext.20260223_083632.txt

14 86 120 141 234 262 269 274 342 365 416 424 450 453 460 504 682 735 747 777 841 862 883 920 924 933 948 952
Iter#444206 New set #700 of size 28 (634.6 its/hit = 0.030s/hit): seed=2634598767944911220 [14, 86, 120, 141, 234, 262, 269, 274, 342, 365, 416, 424, 450, 453, 460, 504, 682, 735, 747, 777, 841, 862, 883, 920, 924, 933, 948, 952]
logs_monomial/n10_monomial5.txt.bz2.greedyext.20260223_083633.txt

10 11 32 33 113 150 165 190 206 244 355 359 403 442 558 585 676 704 741 753 782 791 822 865 875 896 934 1023
Iter#5598 New set #10 of size 28 (559.8 its/hit = 0.000s/hit): seed=328490226489313834 [10, 11, 32, 33, 113, 150, 165, 190, 206, 244, 355, 359, 403, 442, 558, 585, 676, 704, 741, 753, 782, 791, 822, 865, 875, 896, 934, 1023]
logs_monomial/n10_monomial5.txt.bz2.greedyext.20260220_210834.txt

17 56 195 230 246 275 278 293 363 374 382 403 418 425 469 476 513 553 582 598 608 638 691 737 738 914 967 1003
Iter#54023 New set #80 of size 28 (675.3 its/hit = 0.025s/hit): seed=5307289136327532096 [17, 56, 195, 230, 246, 275, 278, 293, 363, 374, 382, 403, 418, 425, 469, 476, 513, 553, 582, 598, 608, 638, 691, 737, 738, 914, 967, 1003]
logs_monomial/n10_monomial5.txt.bz2.greedyext.20260223_083632.txt

12 30 60 61 76 98 101 138 154 158 182 201 207 225 286 308 339 451 478 488 591 625 636 657 702 725 846 1021
Iter#580278 New set #1000 of size 28 (580.3 its/hit = 0.013s/hit): seed=13668149120297277479 [12, 30, 60, 61, 76, 98, 101, 138, 154, 158, 182, 201, 207, 225, 286, 308, 339, 451, 478, 488, 591, 625, 636, 657, 702, 725, 846, 1021]
logs_monomial/n10_monomial5.txt.bz2.greedyext.20260220_210834.txt

11 31 126 130 230 239 285 300 382 405 412 467 493 501 514 545 551 588 633 641 694 749 769 784 830 954 997 1015
Iter#18683992 New set #30000 of size 28 (622.8 its/hit = 0.015s/hit): seed=11436370999429434193 [11, 31, 126, 130, 230, 239, 285, 300, 382, 405, 412, 467, 493, 501, 514, 545, 551, 588, 633, 641, 694, 749, 769, 784, 830, 954, 997, 1015]
logs_monomial/n10_monomial5.txt.bz2.greedyext.20260222_000855.txt

36 139 142 162 245 280 314 318 333 354 357 382 410 466 564 614 629 631 686 688 691 719 762 800 864 943 968 1017
Iter#1266844 New set #2000 of size 28 (633.4 its/hit = 0.024s/hit): seed=9327341741816071230 [36, 139, 142, 162, 245, 280, 314, 318, 333, 354, 357, 382, 410, 466, 564, 614, 629, 631, 686, 688, 691, 719, 762, 800, 864, 943, 968, 1017]
logs_monomial/n10_monomial5.txt.bz2.greedyext.20260223_083633.txt

35 43 153 188 190 220 247 264 278 290 364 371 379 460 510 511 537 578 591 654 730 749 761 773 798 803 913 976
Iter#489658 New set #800 of size 28 (612.1 its/hit = 0.015s/hit): seed=460028056277006613 [35, 43, 153, 188, 190, 220, 247, 264, 278, 290, 364, 371, 379, 460, 510, 511, 537, 578, 591, 654, 730, 749, 761, 773, 798, 803, 913, 976]
logs_monomial/n10_monomial5.txt.bz2.greedyext.20260222_000855.txt

35 72 100 131 216 233 340 366 368 436 535 593 610 636 641 673 676 684 704 757 769 843 860 862 899 961 981 985
Iter#5278 New set #8 of size 28 (659.8 its/hit = 0.000s/hit): seed=13701591667634069173 [35, 72, 100, 131, 216, 233, 340, 366, 368, 436, 535, 593, 610, 636, 641, 673, 676, 684, 704, 757, 769, 843, 860, 862, 899, 961, 981, 985]
logs_monomial/n10_monomial5.txt.bz2.greedyext.20260223_083631.txt

31 35 37 104 113 153 170 183 193 197 198 201 306 320 335 414 433 476 576 599 624 626 650 715 789 835 938 1001
Iter#115296 New set #200 of size 28 (576.5 its/hit = 0.025s/hit): seed=2341241926376461015 [31, 35, 37, 104, 113, 153, 170, 183, 193, 197, 198, 201, 306, 320, 335, 414, 433, 476, 576, 599, 624, 626, 650, 715, 789, 835, 938, 1001]
logs_monomial/n10_monomial5.txt.bz2.greedyext.20260223_083632.txt

73 100 145 179 213 227 237 252 279 373 377 380 385 391 522 562 580 592 607 623 774 798 799 810 835 873 936 1018
Iter#4418 New set #8 of size 28 (552.2 its/hit = 0.000s/hit): seed=13311375408046108242 [73, 100, 145, 179, 213, 227, 237, 252, 279, 373, 377, 380, 385, 391, 522, 562, 580, 592, 607, 623, 774, 798, 799, 810, 835, 873, 936, 1018]
logs_monomial/n10_monomial5.txt.bz2.greedyext.20260220_210834.txt

7 91 92 109 123 144 152 177 274 328 351 365 370 414 468 508 567 573 639 728 742 749 796 824 843 853 877 1010
Iter#385470 New set #600 of size 28 (642.5 its/hit = 0.030s/hit): seed=2045611024988172782 [7, 91, 92, 109, 123, 144, 152, 177, 274, 328, 351, 365, 370, 414, 468, 508, 567, 573, 639, 728, 742, 749, 796, 824, 843, 853, 877, 1010]
logs_monomial/n10_monomial5.txt.bz2.greedyext.20260223_083633.txt

147 164 170 206 262 264 313 345 397 403 405 410 476 484 564 597 616 668 681 685 718 735 793 815 850 957 958 1011
Iter#50160 New set #100 of size 28 (501.6 its/hit = 0.010s/hit): seed=14990699076775105980 [147, 164, 170, 206, 262, 264, 313, 345, 397, 403, 405, 410, 476, 484, 564, 597, 616, 668, 681, 685, 718, 735, 793, 815, 850, 957, 958, 1011]
logs_monomial/n10_monomial5.txt.bz2.greedyext.20260222_000855.txt

49 82 118 159 192 291 298 355 374 378 453 479 490 492 542 552 596 614 629 671 716 717 722 742 743 850 940 1010
Iter#1226591 New set #2000 of size 28 (613.3 its/hit = 0.014s/hit): seed=11443670920218361066 [49, 82, 118, 159, 192, 291, 298, 355, 374, 378, 453, 479, 490, 492, 542, 552, 596, 614, 629, 671, 716, 717, 722, 742, 743, 850, 940, 1010]
logs_monomial/n10_monomial5.txt.bz2.greedyext.20260222_000855.txt

12 43 89 123 139 166 399 460 475 497 543 599 667 738 743 761 782 798 807 885 913 933 940 941 943 954 992 1004
Iter#185520 New set #300 of size 28 (618.4 its/hit = 0.013s/hit): seed=10666604250305590534 [12, 43, 89, 123, 139, 166, 399, 460, 475, 497, 543, 599, 667, 738, 743, 761, 782, 798, 807, 885, 913, 933, 940, 941, 943, 954, 992, 1004]
logs_monomial/n10_monomial5.txt.bz2.greedyext.20260222_000855.txt

26 66 88 96 130 141 197 291 294 337 391 403 434 437 536 552 566 603 647 650 703 790 818 860 917 927 942 990
Iter#376016 New set #600 of size 28 (626.7 its/hit = 0.025s/hit): seed=15194836384273300064 [26, 66, 88, 96, 130, 141, 197, 291, 294, 337, 391, 403, 434, 437, 536, 552, 566, 603, 647, 650, 703, 790, 818, 860, 917, 927, 942, 990]
logs_monomial/n10_monomial5.txt.bz2.greedyext.20260223_083631.txt

24 62 149 160 181 209 211 212 217 254 327 341 364 401 453 470 540 562 573 607 619 726 748 749 819 895 993 1014
Iter#55942306 New set #90000 of size 28 (621.6 its/hit = 0.015s/hit): seed=18325803142260384707 [24, 62, 149, 160, 181, 209, 211, 212, 217, 254, 327, 341, 364, 401, 453, 470, 540, 562, 573, 607, 619, 726, 748, 749, 819, 895, 993, 1014]
logs_monomial/n10_monomial5.txt.bz2.greedyext.20260222_000855.txt

11 25 53 61 90 169 184 201 311 347 396 417 544 550 620 622 689 720 731 743 797 846 888 915 925 940 967 974
Iter#581 New set #1 of size 28 (581.0 its/hit = 0.000s/hit): seed=15044645729341647566 [11, 25, 53, 61, 90, 169, 184, 201, 311, 347, 396, 417, 544, 550, 620, 622, 689, 720, 731, 743, 797, 846, 888, 915, 925, 940, 967, 974]
logs_monomial/n10_monomial5.txt.bz2.greedyext.20260222_000855.txt

34 71 106 123 126 133 146 155 165 234 245 292 340 351 376 416 475 506 574 600 621 660 750 802 880 909 931 999
Iter#3011 New set #6 of size 28 (501.8 its/hit = 0.000s/hit): seed=9605447389499754165 [34, 71, 106, 123, 126, 133, 146, 155, 165, 234, 245, 292, 340, 351, 376, 416, 475, 506, 574, 600, 621, 660, 750, 802, 880, 909, 931, 999]
logs_monomial/n10_monomial5.txt.bz2.greedyext.20260223_083632.txt

20 65 91 94 120 250 266 297 326 329 430 438 439 491 611 642 663 684 702 736 786 810 825 873 900 928 942 988
Iter#11175 New set #20 of size 28 (558.8 its/hit = 0.000s/hit): seed=16331121666030226296 [20, 65, 91, 94, 120, 250, 266, 297, 326, 329, 430, 438, 439, 491, 611, 642, 663, 684, 702, 736, 786, 810, 825, 873, 900, 928, 942, 988]
logs_monomial/n10_monomial5.txt.bz2.greedyext.20260223_083631.txt

7 19 30 34 73 161 171 190 203 224 257 260 275 279 302 382 533 614 615 701 713 737 753 761 795 821 929 937
Iter#1272 New set #3 of size 28 (424.0 its/hit = 0.000s/hit): seed=17595741905899414909 [7, 19, 30, 34, 73, 161, 171, 190, 203, 224, 257, 260, 275, 279, 302, 382, 533, 614, 615, 701, 713, 737, 753, 761, 795, 821, 929, 937]
logs_monomial/n10_monomial5.txt.bz2.greedyext.20260222_000855.txt

0 7 8 36 84 109 155 221 248 339 357 403 534 544 597 599 608 644 695 719 767 781 816 866 870 887 998 1014
Iter#4891843 New set #8000 of size 28 (611.5 its/hit = 0.027s/hit): seed=7247774816733723097 [0, 7, 8, 36, 84, 109, 155, 221, 248, 339, 357, 403, 534, 544, 597, 599, 608, 644, 695, 719, 767, 781, 816, 866, 870, 887, 998, 1014]
logs_monomial/n10_monomial5.txt.bz2.greedyext.20260223_083631.txt

4 145 160 182 214 251 290 335 360 428 478 502 526 601 607 692 746 764 780 817 826 846 887 935 942 958 967 971
Iter#43535133 New set #70000 of size 28 (621.9 its/hit = 0.015s/hit): seed=14622480596720056064 [4, 145, 160, 182, 214, 251, 290, 335, 360, 428, 478, 502, 526, 601, 607, 692, 746, 764, 780, 817, 826, 846, 887, 935, 942, 958, 967, 971]
logs_monomial/n10_monomial5.txt.bz2.greedyext.20260222_000855.txt

42 95 119 159 184 192 208 224 336 425 435 437 570 601 602 621 628 645 789 796 814 848 860 908 916 941 992 1009
Iter#529803 New set #900 of size 28 (588.7 its/hit = 0.013s/hit): seed=923872755654874639 [42, 95, 119, 159, 184, 192, 208, 224, 336, 425, 435, 437, 570, 601, 602, 621, 628, 645, 789, 796, 814, 848, 860, 908, 916, 941, 992, 1009]
logs_monomial/n10_monomial5.txt.bz2.greedyext.20260220_210834.txt

91 124 147 152 174 175 257 326 352 373 414 431 454 493 573 575 581 617 619 676 680 710 744 756 770 808 849 909
Iter#2104 New set #5 of size 28 (420.8 its/hit = 0.000s/hit): seed=8252229882760585980 [91, 124, 147, 152, 174, 175, 257, 326, 352, 373, 414, 431, 454, 493, 573, 575, 581, 617, 619, 676, 680, 710, 744, 756, 770, 808, 849, 909]
logs_monomial/n10_monomial5.txt.bz2.greedyext.20260223_083633.txt

58 69 105 159 168 241 258 273 283 298 360 372 418 422 441 505 556 560 567 578 625 667 768 828 861 875 927 956
Iter#436866 New set #700 of size 28 (624.1 its/hit = 0.030s/hit): seed=121766464295685008 [58, 69, 105, 159, 168, 241, 258, 273, 283, 298, 360, 372, 418, 422, 441, 505, 556, 560, 567, 578, 625, 667, 768, 828, 861, 875, 927, 956]
logs_monomial/n10_monomial5.txt.bz2.greedyext.20260223_083632.txt

7 129 176 198 220 268 333 391 453 456 472 490 514 523 524 531 591 698 723 725 752 825 861 866 872 881 888 935
Iter#248352815 New set #400000 of size 28 (620.9 its/hit = 0.015s/hit): seed=5406015673480654377 [7, 129, 176, 198, 220, 268, 333, 391, 453, 456, 472, 490, 514, 523, 524, 531, 591, 698, 723, 725, 752, 825, 861, 866, 872, 881, 888, 935]
logs_monomial/n10_monomial5.txt.bz2.greedyext.20260222_000855.txt

16 38 51 56 58 87 115 119 143 153 159 182 269 294 299 316 345 463 545 553 597 641 709 723 932 942 1010 1011
Iter#2590 New set #5 of size 28 (518.0 its/hit = 0.000s/hit): seed=16335571444267899327 [16, 38, 51, 56, 58, 87, 115, 119, 143, 153, 159, 182, 269, 294, 299, 316, 345, 463, 545, 553, 597, 641, 709, 723, 932, 942, 1010, 1011]
logs_monomial/n10_monomial5.txt.bz2.greedyext.20260222_000855.txt

6 98 164 176 221 360 414 504 531 563 570 582 585 587 588 623 629 638 725 796 820 828 875 893 947 957 997 1001
Iter#127325 New set #200 of size 28 (636.6 its/hit = 0.025s/hit): seed=7904102559872062212 [6, 98, 164, 176, 221, 360, 414, 504, 531, 563, 570, 582, 585, 587, 588, 623, 629, 638, 725, 796, 820, 828, 875, 893, 947, 957, 997, 1001]
logs_monomial/n10_monomial5.txt.bz2.greedyext.20260223_083631.txt

37 52 84 109 121 128 165 208 339 375 432 489 565 621 687 702 753 764 805 830 837 850 884 946 952 960 986 1013
Iter#2467289 New set #4000 of size 28 (616.8 its/hit = 0.023s/hit): seed=6443650221999031211 [37, 52, 84, 109, 121, 128, 165, 208, 339, 375, 432, 489, 565, 621, 687, 702, 753, 764, 805, 830, 837, 850, 884, 946, 952, 960, 986, 1013]
logs_monomial/n10_monomial5.txt.bz2.greedyext.20260223_083631.txt

40 75 128 138 172 249 335 395 408 416 454 455 483 484 544 557 587 609 674 748 793 816 888 994 998 1010 1015 1023
Iter#42726 New set #70 of size 28 (610.4 its/hit = 0.014s/hit): seed=16292232230867172169 [40, 75, 128, 138, 172, 249, 335, 395, 408, 416, 454, 455, 483, 484, 544, 557, 587, 609, 674, 748, 793, 816, 888, 994, 998, 1010, 1015, 1023]
logs_monomial/n10_monomial5.txt.bz2.greedyext.20260220_210834.txt

3 9 22 72 99 138 175 182 187 225 390 425 428 443 447 470 533 585 593 601 609 701 718 719 769 777 925 947
Iter#31179359 New set #50000 of size 28 (623.6 its/hit = 0.015s/hit): seed=9487271519846633785 [3, 9, 22, 72, 99, 138, 175, 182, 187, 225, 390, 425, 428, 443, 447, 470, 533, 585, 593, 601, 609, 701, 718, 719, 769, 777, 925, 947]
logs_monomial/n10_monomial5.txt.bz2.greedyext.20260220_210834.txt

23 55 64 88 213 237 338 351 369 375 415 443 525 566 574 622 656 687 704 738 830 860 921 928 942 955 968 991
Iter#1293 New set #2 of size 28 (646.5 its/hit = 0.000s/hit): seed=4250688584016247627 [23, 55, 64, 88, 213, 237, 338, 351, 369, 375, 415, 443, 525, 566, 574, 622, 656, 687, 704, 738, 830, 860, 921, 928, 942, 955, 968, 991]
logs_monomial/n10_monomial5.txt.bz2.greedyext.20260223_083631.txt

14 34 49 63 86 192 210 306 315 344 457 506 550 564 569 599 605 621 696 799 804 915 944 998 1001 1003 1011 1023
Iter#45310 New set #80 of size 28 (566.4 its/hit = 0.013s/hit): seed=11284804872433478541 [14, 34, 49, 63, 86, 192, 210, 306, 315, 344, 457, 506, 550, 564, 569, 599, 605, 621, 696, 799, 804, 915, 944, 998, 1001, 1003, 1011, 1023]
logs_monomial/n10_monomial5.txt.bz2.greedyext.20260223_083631.txt

52 79 109 153 257 272 286 310 376 409 426 467 534 577 610 613 645 649 652 707 742 755 769 800 815 827 995 1022
Iter#2793 New set #7 of size 28 (399.0 its/hit = 0.000s/hit): seed=13414086187788839353 [52, 79, 109, 153, 257, 272, 286, 310, 376, 409, 426, 467, 534, 577, 610, 613, 645, 649, 652, 707, 742, 755, 769, 800, 815, 827, 995, 1022]
logs_monomial/n10_monomial5.txt.bz2.greedyext.20260223_083633.txt

110 112 132 148 191 204 302 309 313 438 456 474 591 609 610 616 724 754 778 866 890 891 892 926 935 948 955 986
Iter#5555117 New set #9000 of size 28 (617.2 its/hit = 0.024s/hit): seed=5308798874927447335 [110, 112, 132, 148, 191, 204, 302, 309, 313, 438, 456, 474, 591, 609, 610, 616, 724, 754, 778, 866, 890, 891, 892, 926, 935, 948, 955, 986]
logs_monomial/n10_monomial5.txt.bz2.greedyext.20260223_083633.txt

0 7 40 55 80 169 184 209 214 226 244 273 323 345 380 463 570 635 691 706 730 787 800 848 869 873 911 1018
Iter#313856 New set #500 of size 28 (627.7 its/hit = 0.032s/hit): seed=10331453771210042101 [0, 7, 40, 55, 80, 169, 184, 209, 214, 226, 244, 273, 323, 345, 380, 463, 570, 635, 691, 706, 730, 787, 800, 848, 869, 873, 911, 1018]
logs_monomial/n10_monomial5.txt.bz2.greedyext.20260223_083632.txt

13 18 26 28 31 38 58 103 135 158 165 224 230 307 332 390 440 495 561 618 619 641 645 683 710 849 957 988
Iter#14700 New set #30 of size 28 (490.0 its/hit = 0.000s/hit): seed=15227491323067757769 [13, 18, 26, 28, 31, 38, 58, 103, 135, 158, 165, 224, 230, 307, 332, 390, 440, 495, 561, 618, 619, 641, 645, 683, 710, 849, 957, 988]
logs_monomial/n10_monomial5.txt.bz2.greedyext.20260222_000855.txt

8 62 84 106 107 141 147 154 169 176 181 200 230 237 280 283 323 409 411 434 522 579 659 734 900 917 937 964
Iter#873 New set #2 of size 28 (436.5 its/hit = 0.000s/hit): seed=2489027447499070969 [8, 62, 84, 106, 107, 141, 147, 154, 169, 176, 181, 200, 230, 237, 280, 283, 323, 409, 411, 434, 522, 579, 659, 734, 900, 917, 937, 964]
logs_monomial/n10_monomial5.txt.bz2.greedyext.20260223_083632.txt

11 69 124 178 189 194 196 200 268 311 354 379 519 588 657 673 684 696 733 739 763 766 810 834 874 952 960 1023
Iter#19219 New set #30 of size 28 (640.6 its/hit = 0.000s/hit): seed=18444356176727979782 [11, 69, 124, 178, 189, 194, 196, 200, 268, 311, 354, 379, 519, 588, 657, 673, 684, 696, 733, 739, 763, 766, 810, 834, 874, 952, 960, 1023]
logs_monomial/n10_monomial5.txt.bz2.greedyext.20260220_210834.txt

19 54 73 82 140 219 248 289 315 361 536 608 622 691 712 724 764 821 835 844 853 860 878 913 941 962 968 972
Iter#44372 New set #90 of size 28 (493.0 its/hit = 0.011s/hit): seed=14575951172190038912 [19, 54, 73, 82, 140, 219, 248, 289, 315, 361, 536, 608, 622, 691, 712, 724, 764, 821, 835, 844, 853, 860, 878, 913, 941, 962, 968, 972]
logs_monomial/n10_monomial5.txt.bz2.greedyext.20260222_000855.txt

34 67 107 216 224 230 249 259 324 340 372 483 569 605 675 709 715 754 763 781 853 861 897 904 955 964 993 1019
Iter#2821 New set #6 of size 28 (470.2 its/hit = 0.000s/hit): seed=1010517951364577915 [34, 67, 107, 216, 224, 230, 249, 259, 324, 340, 372, 483, 569, 605, 675, 709, 715, 754, 763, 781, 853, 861, 897, 904, 955, 964, 993, 1019]
logs_monomial/n10_monomial5.txt.bz2.greedyext.20260222_000855.txt

51 155 212 226 248 281 302 313 363 370 373 381 440 471 473 482 513 625 629 679 726 801 823 871 921 929 969 985
Iter#54097 New set #90 of size 28 (601.1 its/hit = 0.011s/hit): seed=4258606984573984422 [51, 155, 212, 226, 248, 281, 302, 313, 363, 370, 373, 381, 440, 471, 473, 482, 513, 625, 629, 679, 726, 801, 823, 871, 921, 929, 969, 985]
logs_monomial/n10_monomial5.txt.bz2.greedyext.20260220_210834.txt

51 81 169 281 347 443 489 508 529 652 653 670 699 725 766 776 787 802 809 811 849 853 900 936 976 1017 1021 1022
Iter#51561 New set #80 of size 28 (644.5 its/hit = 0.025s/hit): seed=12953326404158777611 [51, 81, 169, 281, 347, 443, 489, 508, 529, 652, 653, 670, 699, 725, 766, 776, 787, 802, 809, 811, 849, 853, 900, 936, 976, 1017, 1021, 1022]
logs_monomial/n10_monomial5.txt.bz2.greedyext.20260223_083633.txt

260 300 337 408 428 433 437 486 533 566 623 630 664 671 677 678 698 704 718 730 792 844 877 925 946 953 955 1003
Iter#124296310 New set #200000 of size 28 (621.5 its/hit = 0.015s/hit): seed=5384279483088094133 [260, 300, 337, 408, 428, 433, 437, 486, 533, 566, 623, 630, 664, 671, 677, 678, 698, 704, 718, 730, 792, 844, 877, 925, 946, 953, 955, 1003]
logs_monomial/n10_monomial5.txt.bz2.greedyext.20260220_210834.txt

52 77 110 172 175 179 192 197 284 305 319 367 399 460 471 476 481 493 555 598 628 703 785 849 898 913 920 998
Iter#38962 New set #60 of size 28 (649.4 its/hit = 0.017s/hit): seed=14958093525781165115 [52, 77, 110, 172, 175, 179, 192, 197, 284, 305, 319, 367, 399, 460, 471, 476, 481, 493, 555, 598, 628, 703, 785, 849, 898, 913, 920, 998]
logs_monomial/n10_monomial5.txt.bz2.greedyext.20260223_083632.txt

2 4 22 64 76 78 115 191 194 195 201 202 227 409 423 438 460 482 487 492 544 580 668 696 727 848 938 959
Iter#602976 New set #1000 of size 28 (603.0 its/hit = 0.014s/hit): seed=5790471752778297302 [2, 4, 22, 64, 76, 78, 115, 191, 194, 195, 201, 202, 227, 409, 423, 438, 460, 482, 487, 492, 544, 580, 668, 696, 727, 848, 938, 959]
logs_monomial/n10_monomial5.txt.bz2.greedyext.20260222_000855.txt

8 9 15 30 37 123 214 216 225 243 245 260 283 357 391 394 420 494 633 658 688 691 733 745 765 800 861 966
Iter#111400 New set #200 of size 28 (557.0 its/hit = 0.010s/hit): seed=1074957819041089254 [8, 9, 15, 30, 37, 123, 214, 216, 225, 243, 245, 260, 283, 357, 391, 394, 420, 494, 633, 658, 688, 691, 733, 745, 765, 800, 861, 966]
logs_monomial/n10_monomial5.txt.bz2.greedyext.20260222_000855.txt

1 8 9 86 102 118 124 201 210 229 246 261 262 302 323 327 341 369 514 524 564 664 673 682 731 867 920 950
Iter#31049 New set #60 of size 28 (517.5 its/hit = 0.017s/hit): seed=2110474574068881243 [1, 8, 9, 86, 102, 118, 124, 201, 210, 229, 246, 261, 262, 302, 323, 327, 341, 369, 514, 524, 564, 664, 673, 682, 731, 867, 920, 950]
logs_monomial/n10_monomial5.txt.bz2.greedyext.20260222_000855.txt

40 48 57 158 177 191 199 245 275 285 349 389 436 464 484 504 525 532 687 737 778 803 815 884 924 927 992 1003
Iter#4316694 New set #7000 of size 28 (616.7 its/hit = 0.022s/hit): seed=7408807403294507667 [40, 48, 57, 158, 177, 191, 199, 245, 275, 285, 349, 389, 436, 464, 484, 504, 525, 532, 687, 737, 778, 803, 815, 884, 924, 927, 992, 1003]
logs_monomial/n10_monomial5.txt.bz2.greedyext.20260223_083632.txt

38 90 199 211 238 270 286 294 327 353 372 421 459 460 555 570 601 724 733 785 794 847 935 942 958 967 988 1001
Iter#4935418 New set #8000 of size 28 (616.9 its/hit = 0.024s/hit): seed=18134706123501992803 [38, 90, 199, 211, 238, 270, 286, 294, 327, 353, 372, 421, 459, 460, 555, 570, 601, 724, 733, 785, 794, 847, 935, 942, 958, 967, 988, 1001]
logs_monomial/n10_monomial5.txt.bz2.greedyext.20260223_083633.txt

9 12 30 44 50 104 153 173 222 292 300 304 406 494 585 616 628 639 644 695 765 796 804 811 844 877 963 978
Iter#243435 New set #400 of size 28 (608.6 its/hit = 0.015s/hit): seed=1991135769623856674 [9, 12, 30, 44, 50, 104, 153, 173, 222, 292, 300, 304, 406, 494, 585, 616, 628, 639, 644, 695, 765, 796, 804, 811, 844, 877, 963, 978]
logs_monomial/n10_monomial5.txt.bz2.greedyext.20260222_000855.txt

41 45 87 213 230 371 381 390 394 421 541 547 548 561 677 791 801 802 804 837 849 864 902 910 912 945 969 1005
Iter#185779 New set #300 of size 28 (619.3 its/hit = 0.027s/hit): seed=12239580896402005901 [41, 45, 87, 213, 230, 371, 381, 390, 394, 421, 541, 547, 548, 561, 677, 791, 801, 802, 804, 837, 849, 864, 902, 910, 912, 945, 969, 1005]
logs_monomial/n10_monomial5.txt.bz2.greedyext.20260223_083631.txt

26 33 44 59 101 144 146 170 245 254 297 382 437 484 547 567 578 589 602 629 664 738 781 854 894 904 964 971
Iter#1240 New set #3 of size 28 (413.3 its/hit = 0.000s/hit): seed=3971591304148357346 [26, 33, 44, 59, 101, 144, 146, 170, 245, 254, 297, 382, 437, 484, 547, 567, 578, 589, 602, 629, 664, 738, 781, 854, 894, 904, 964, 971]
logs_monomial/n10_monomial5.txt.bz2.greedyext.20260223_083633.txt

22 36 155 198 217 225 248 263 424 451 522 537 552 556 674 684 708 716 729 769 849 885 906 943 973 985 992 1023
Iter#246 New set #1 of size 28 (246.0 its/hit = 0.000s/hit): seed=4989754158507488410 [22, 36, 155, 198, 217, 225, 248, 263, 424, 451, 522, 537, 552, 556, 674, 684, 708, 716, 729, 769, 849, 885, 906, 943, 973, 985, 992, 1023]
logs_monomial/n10_monomial5.txt.bz2.greedyext.20260220_210834.txt

65 69 70 160 264 283 303 309 313 337 344 356 391 396 411 475 527 592 641 764 773 791 854 879 894 918 1006 1019
Iter#493893 New set #800 of size 28 (617.4 its/hit = 0.029s/hit): seed=16441918151940020509 [65, 69, 70, 160, 264, 283, 303, 309, 313, 337, 344, 356, 391, 396, 411, 475, 527, 592, 641, 764, 773, 791, 854, 879, 894, 918, 1006, 1019]
logs_monomial/n10_monomial5.txt.bz2.greedyext.20260223_083633.txt

87 148 172 189 252 255 269 274 307 333 400 427 445 461 471 472 477 481 540 593 667 737 786 816 839 926 995 999
Iter#4308281 New set #7000 of size 28 (615.5 its/hit = 0.015s/hit): seed=13432201935152590250 [87, 148, 172, 189, 252, 255, 269, 274, 307, 333, 400, 427, 445, 461, 471, 472, 477, 481, 540, 593, 667, 737, 786, 816, 839, 926, 995, 999]
logs_monomial/n10_monomial5.txt.bz2.greedyext.20260222_000855.txt

2 49 77 101 119 150 193 195 275 305 316 322 334 338 339 359 366 405 441 442 551 662 769 777 802 965 974 996
Iter#22162 New set #40 of size 28 (554.0 its/hit = 0.000s/hit): seed=15464096688809532462 [2, 49, 77, 101, 119, 150, 193, 195, 275, 305, 316, 322, 334, 338, 339, 359, 366, 405, 441, 442, 551, 662, 769, 777, 802, 965, 974, 996]
logs_monomial/n10_monomial5.txt.bz2.greedyext.20260223_083631.txt

18 43 155 195 267 425 442 477 513 554 617 622 650 672 805 856 858 868 887 906 911 935 967 989 990 1009 1020 1021
Iter#3730520 New set #6000 of size 28 (621.8 its/hit = 0.024s/hit): seed=4299814746518743841 [18, 43, 155, 195, 267, 425, 442, 477, 513, 554, 617, 622, 650, 672, 805, 856, 858, 868, 887, 906, 911, 935, 967, 989, 990, 1009, 1020, 1021]
logs_monomial/n10_monomial5.txt.bz2.greedyext.20260223_083633.txt

61 98 204 257 262 283 317 359 385 387 448 464 469 471 538 571 622 651 674 727 740 829 881 923 929 943 950 1023
Iter#4100 New set #8 of size 28 (512.5 its/hit = 0.000s/hit): seed=1319489899927084856 [61, 98, 204, 257, 262, 283, 317, 359, 385, 387, 448, 464, 469, 471, 538, 571, 622, 651, 674, 727, 740, 829, 881, 923, 929, 943, 950, 1023]
logs_monomial/n10_monomial5.txt.bz2.greedyext.20260223_083633.txt

7 113 119 139 141 180 229 234 237 279 313 401 422 470 547 583 592 644 655 672 706 768 843 873 877 922 960 982
Iter#186130200 New set #300000 of size 28 (620.4 its/hit = 0.015s/hit): seed=14833740773153311564 [7, 113, 119, 139, 141, 180, 229, 234, 237, 279, 313, 401, 422, 470, 547, 583, 592, 644, 655, 672, 706, 768, 843, 873, 877, 922, 960, 982]
logs_monomial/n10_monomial5.txt.bz2.greedyext.20260222_000855.txt

28 44 89 145 202 235 246 308 378 381 395 440 567 709 742 769 770 822 849 853 898 943 977 995 1006 1017 1021 1023
Iter#55990636 New set #90000 of size 28 (622.1 its/hit = 0.015s/hit): seed=16025854547908720161 [28, 44, 89, 145, 202, 235, 246, 308, 378, 381, 395, 440, 567, 709, 742, 769, 770, 822, 849, 853, 898, 943, 977, 995, 1006, 1017, 1021, 1023]
logs_monomial/n10_monomial5.txt.bz2.greedyext.20260220_210834.txt

32 63 78 104 131 153 167 252 305 346 374 386 484 490 495 504 527 617 710 716 740 767 781 823 839 965 972 1021
Iter#1835468 New set #3000 of size 28 (611.8 its/hit = 0.022s/hit): seed=18271519742816132682 [32, 63, 78, 104, 131, 153, 167, 252, 305, 346, 374, 386, 484, 490, 495, 504, 527, 617, 710, 716, 740, 767, 781, 823, 839, 965, 972, 1021]
logs_monomial/n10_monomial5.txt.bz2.greedyext.20260223_083632.txt

17 55 98 141 150 164 288 376 447 506 519 523 531 556 586 596 623 624 638 684 685 725 782 852 906 939 953 956
Iter#328594 New set #500 of size 28 (657.2 its/hit = 0.032s/hit): seed=9877356894513146522 [17, 55, 98, 141, 150, 164, 288, 376, 447, 506, 519, 523, 531, 556, 586, 596, 623, 624, 638, 684, 685, 725, 782, 852, 906, 939, 953, 956]
logs_monomial/n10_monomial5.txt.bz2.greedyext.20260223_083633.txt

3 4 9 21 149 155 216 245 254 256 367 442 464 470 475 485 547 559 640 658 667 705 737 860 867 911 966 1016
Iter#62197929 New set #100000 of size 28 (622.0 its/hit = 0.015s/hit): seed=2443521015069586285 [3, 4, 9, 21, 149, 155, 216, 245, 254, 256, 367, 442, 464, 470, 475, 485, 547, 559, 640, 658, 667, 705, 737, 860, 867, 911, 966, 1016]
logs_monomial/n10_monomial5.txt.bz2.greedyext.20260222_000855.txt

9 66 85 183 248 257 280 393 411 444 524 591 593 639 657 663 692 693 699 736 749 790 818 829 831 889 911 1002
Iter#6182204 New set #10000 of size 28 (618.2 its/hit = 0.015s/hit): seed=13121104740129052984 [9, 66, 85, 183, 248, 257, 280, 393, 411, 444, 524, 591, 593, 639, 657, 663, 692, 693, 699, 736, 749, 790, 818, 829, 831, 889, 911, 1002]
logs_monomial/n10_monomial5.txt.bz2.greedyext.20260222_000855.txt

20 39 78 85 111 158 216 227 268 271 290 408 525 584 654 658 660 684 690 752 809 816 839 865 941 949 955 996
Iter#4918289 New set #8000 of size 28 (614.8 its/hit = 0.022s/hit): seed=6984804808492913281 [20, 39, 78, 85, 111, 158, 216, 227, 268, 271, 290, 408, 525, 584, 654, 658, 660, 684, 690, 752, 809, 816, 839, 865, 941, 949, 955, 996]
logs_monomial/n10_monomial5.txt.bz2.greedyext.20260223_083632.txt

22 111 162 215 319 320 332 388 454 460 474 475 496 497 534 542 566 647 671 680 708 720 803 895 904 913 940 962
Iter#3084056 New set #5000 of size 28 (616.8 its/hit = 0.025s/hit): seed=945579941118291560 [22, 111, 162, 215, 319, 320, 332, 388, 454, 460, 474, 475, 496, 497, 534, 542, 566, 647, 671, 680, 708, 720, 803, 895, 904, 913, 940, 962]
logs_monomial/n10_monomial5.txt.bz2.greedyext.20260223_083631.txt

60 66 140 172 187 206 241 244 317 333 381 423 522 533 577 642 662 668 670 688 803 812 837 867 941 942 958 1000
Iter#5555084 New set #9000 of size 28 (617.2 its/hit = 0.015s/hit): seed=6541822071551972852 [60, 66, 140, 172, 187, 206, 241, 244, 317, 333, 381, 423, 522, 533, 577, 642, 662, 668, 670, 688, 803, 812, 837, 867, 941, 942, 958, 1000]
logs_monomial/n10_monomial5.txt.bz2.greedyext.20260222_000855.txt

57 173 174 178 182 201 208 211 322 329 402 405 514 576 629 657 671 701 769 800 812 837 877 887 904 920 983 1001
Iter#31705 New set #50 of size 28 (634.1 its/hit = 0.000s/hit): seed=4560386727149639641 [57, 173, 174, 178, 182, 201, 208, 211, 322, 329, 402, 405, 514, 576, 629, 657, 671, 701, 769, 800, 812, 837, 877, 887, 904, 920, 983, 1001]
logs_monomial/n10_monomial5.txt.bz2.greedyext.20260220_210834.txt

26 87 155 165 187 191 255 272 287 291 376 385 525 532 611 614 673 722 737 740 745 770 859 865 890 916 945 953
Iter#4484 New set #9 of size 28 (498.2 its/hit = 0.000s/hit): seed=11508749609019314187 [26, 87, 155, 165, 187, 191, 255, 272, 287, 291, 376, 385, 525, 532, 611, 614, 673, 722, 737, 740, 745, 770, 859, 865, 890, 916, 945, 953]
logs_monomial/n10_monomial5.txt.bz2.greedyext.20260222_000855.txt

1 80 102 132 155 183 213 309 411 463 491 495 515 517 575 597 659 789 803 804 812 824 864 900 924 926 963 1011
Iter#498278 New set #800 of size 28 (622.8 its/hit = 0.029s/hit): seed=12349894969363591199 [1, 80, 102, 132, 155, 183, 213, 309, 411, 463, 491, 495, 515, 517, 575, 597, 659, 789, 803, 804, 812, 824, 864, 900, 924, 926, 963, 1011]
logs_monomial/n10_monomial5.txt.bz2.greedyext.20260223_083632.txt

56 135 163 212 225 227 247 299 322 332 401 500 587 589 652 681 691 747 767 791 797 807 814 837 845 942 951 1003
Iter#180249 New set #300 of size 28 (600.8 its/hit = 0.013s/hit): seed=9116897778242653251 [56, 135, 163, 212, 225, 227, 247, 299, 322, 332, 401, 500, 587, 589, 652, 681, 691, 747, 767, 791, 797, 807, 814, 837, 845, 942, 951, 1003]
logs_monomial/n10_monomial5.txt.bz2.greedyext.20260220_210834.txt

5 23 45 86 162 204 248 317 322 378 445 493 531 547 580 617 631 663 714 735 763 765 767 856 892 930 969 1012
Iter#51218 New set #90 of size 28 (569.1 its/hit = 0.011s/hit): seed=44935009937171396 [5, 23, 45, 86, 162, 204, 248, 317, 322, 378, 445, 493, 531, 547, 580, 617, 631, 663, 714, 735, 763, 765, 767, 856, 892, 930, 969, 1012]
logs_monomial/n10_monomial5.txt.bz2.greedyext.20260223_083631.txt

57 116 140 156 208 267 410 456 580 606 608 629 686 687 714 783 826 857 880 886 903 906 908 932 941 989 991 1008
Iter#6744 New set #8 of size 28 (843.0 its/hit = 0.000s/hit): seed=5292599837404334053 [57, 116, 140, 156, 208, 267, 410, 456, 580, 606, 608, 629, 686, 687, 714, 783, 826, 857, 880, 886, 903, 906, 908, 932, 941, 989, 991, 1008]
logs_monomial/n10_monomial5.txt.bz2.greedyext.20260223_083632.txt

35 86 120 153 182 213 217 224 251 315 321 330 350 384 390 418 528 555 703 773 826 878 885 887 922 956 976 990
Iter#7585 New set #10 of size 28 (758.5 its/hit = 0.000s/hit): seed=10860772190728192463 [35, 86, 120, 153, 182, 213, 217, 224, 251, 315, 321, 330, 350, 384, 390, 418, 528, 555, 703, 773, 826, 878, 885, 887, 922, 956, 976, 990]
logs_monomial/n10_monomial5.txt.bz2.greedyext.20260223_083632.txt

22 35 87 140 167 172 200 303 329 371 407 475 547 579 590 610 636 751 756 795 802 806 814 837 864 865 977 1019
Iter#3946 New set #7 of size 28 (563.7 its/hit = 0.000s/hit): seed=2890113388479420291 [22, 35, 87, 140, 167, 172, 200, 303, 329, 371, 407, 475, 547, 579, 590, 610, 636, 751, 756, 795, 802, 806, 814, 837, 864, 865, 977, 1019]
logs_monomial/n10_monomial5.txt.bz2.greedyext.20260223_083631.txt

20 104 122 141 188 214 255 273 293 317 318 347 415 498 523 527 558 563 602 611 663 669 680 717 725 823 877 991
Iter#63905 New set #100 of size 28 (639.0 its/hit = 0.030s/hit): seed=6602462883767795584 [20, 104, 122, 141, 188, 214, 255, 273, 293, 317, 318, 347, 415, 498, 523, 527, 558, 563, 602, 611, 663, 669, 680, 717, 725, 823, 877, 991]
logs_monomial/n10_monomial5.txt.bz2.greedyext.20260223_083633.txt

26 92 103 144 163 202 209 235 284 392 395 422 522 528 534 552 566 628 649 716 809 817 831 864 941 948 963 997
Iter#535 New set #2 of size 28 (267.5 its/hit = 0.000s/hit): seed=5031770917989568821 [26, 92, 103, 144, 163, 202, 209, 235, 284, 392, 395, 422, 522, 528, 534, 552, 566, 628, 649, 716, 809, 817, 831, 864, 941, 948, 963, 997]
logs_monomial/n10_monomial5.txt.bz2.greedyext.20260220_210834.txt

9 55 80 93 150 215 270 320 345 383 481 505 579 582 643 649 651 666 690 764 841 854 870 886 916 962 980 991
Iter#29458 New set #50 of size 28 (589.2 its/hit = 0.020s/hit): seed=5912732093012517330 [9, 55, 80, 93, 150, 215, 270, 320, 345, 383, 481, 505, 579, 582, 643, 649, 651, 666, 690, 764, 841, 854, 870, 886, 916, 962, 980, 991]
logs_monomial/n10_monomial5.txt.bz2.greedyext.20260223_083633.txt

74 132 135 207 254 302 324 356 368 401 413 495 497 506 533 592 600 616 688 698 737 768 776 809 853 892 917 1005
Iter#1872880 New set #3000 of size 28 (624.3 its/hit = 0.023s/hit): seed=9859765799086334143 [74, 132, 135, 207, 254, 302, 324, 356, 368, 401, 413, 495, 497, 506, 533, 592, 600, 616, 688, 698, 737, 768, 776, 809, 853, 892, 917, 1005]
logs_monomial/n10_monomial5.txt.bz2.greedyext.20260223_083633.txt

0 2 65 101 111 176 179 190 192 200 273 289 304 353 363 364 394 437 484 488 683 765 774 831 895 924 968 1005
Iter#37200 New set #60 of size 28 (620.0 its/hit = 0.000s/hit): seed=11520532609078056093 [0, 2, 65, 101, 111, 176, 179, 190, 192, 200, 273, 289, 304, 353, 363, 364, 394, 437, 484, 488, 683, 765, 774, 831, 895, 924, 968, 1005]
logs_monomial/n10_monomial5.txt.bz2.greedyext.20260220_210834.txt

16 33 79 93 133 139 220 266 294 311 360 375 541 555 565 717 740 809 855 873 874 905 910 921 940 957 987 1014
Iter#4948950 New set #8000 of size 28 (618.6 its/hit = 0.015s/hit): seed=3643594152149829693 [16, 33, 79, 93, 133, 139, 220, 266, 294, 311, 360, 375, 541, 555, 565, 717, 740, 809, 855, 873, 874, 905, 910, 921, 940, 957, 987, 1014]
logs_monomial/n10_monomial5.txt.bz2.greedyext.20260222_000855.txt

23 103 113 164 192 200 249 261 297 331 366 369 396 446 520 584 599 613 660 675 750 777 815 837 880 958 997 1021
Iter#55700 New set #90 of size 28 (618.9 its/hit = 0.022s/hit): seed=18130005599775238270 [23, 103, 113, 164, 192, 200, 249, 261, 297, 331, 366, 369, 396, 446, 520, 584, 599, 613, 660, 675, 750, 777, 815, 837, 880, 958, 997, 1021]
logs_monomial/n10_monomial5.txt.bz2.greedyext.20260223_083633.txt

61 97 149 231 242 325 329 411 437 450 566 620 667 669 709 720 731 734 767 806 818 822 853 863 873 988 1003 1017
Iter#555346 New set #900 of size 28 (617.1 its/hit = 0.028s/hit): seed=5916980797361000274 [61, 97, 149, 231, 242, 325, 329, 411, 437, 450, 566, 620, 667, 669, 709, 720, 731, 734, 767, 806, 818, 822, 853, 863, 873, 988, 1003, 1017]
logs_monomial/n10_monomial5.txt.bz2.greedyext.20260223_083633.txt

7 9 32 71 107 164 176 191 260 274 366 385 401 467 516 527 545 584 597 619 628 661 686 742 793 826 841 909
Iter#487 New set #1 of size 28 (487.0 its/hit = 0.000s/hit): seed=17671017643339819213 [7, 9, 32, 71, 107, 164, 176, 191, 260, 274, 366, 385, 401, 467, 516, 527, 545, 584, 597, 619, 628, 661, 686, 742, 793, 826, 841, 909]
logs_monomial/n10_monomial5.txt.bz2.greedyext.20260223_083632.txt

47 69 83 146 192 208 262 298 326 328 353 485 497 510 520 600 635 716 777 788 810 821 837 846 864 935 980 1007
Iter#24826 New set #40 of size 28 (620.7 its/hit = 0.025s/hit): seed=17965031819196452918 [47, 69, 83, 146, 192, 208, 262, 298, 326, 328, 353, 485, 497, 510, 520, 600, 635, 716, 777, 788, 810, 821, 837, 846, 864, 935, 980, 1007]
logs_monomial/n10_monomial5.txt.bz2.greedyext.20260223_083633.txt

1 36 45 167 293 294 295 374 381 491 516 572 586 594 633 649 670 679 692 714 727 747 769 838 868 1003 1010 1018
Iter#5571261 New set #9000 of size 28 (619.0 its/hit = 0.022s/hit): seed=13058586356716248498 [1, 36, 45, 167, 293, 294, 295, 374, 381, 491, 516, 572, 586, 594, 633, 649, 670, 679, 692, 714, 727, 747, 769, 838, 868, 1003, 1010, 1018]
logs_monomial/n10_monomial5.txt.bz2.greedyext.20260223_083632.txt

25 129 183 209 221 271 288 352 358 411 421 434 476 480 493 496 540 711 756 780 799 811 888 898 943 964 979 1010
Iter#621309 New set #1000 of size 28 (621.3 its/hit = 0.029s/hit): seed=9731624296105609079 [25, 129, 183, 209, 221, 271, 288, 352, 358, 411, 421, 434, 476, 480, 493, 496, 540, 711, 756, 780, 799, 811, 888, 898, 943, 964, 979, 1010]
logs_monomial/n10_monomial5.txt.bz2.greedyext.20260223_083632.txt

46 85 156 170 177 186 209 217 224 329 385 393 454 455 534 573 596 654 741 769 784 811 837 861 884 928 960 972
Iter#24621 New set #40 of size 28 (615.5 its/hit = 0.000s/hit): seed=16880424918350508304 [46, 85, 156, 170, 177, 186, 209, 217, 224, 329, 385, 393, 454, 455, 534, 573, 596, 654, 741, 769, 784, 811, 837, 861, 884, 928, 960, 972]
logs_monomial/n10_monomial5.txt.bz2.greedyext.20260223_083632.txt

42 48 92 109 235 262 292 297 308 363 417 480 540 569 575 598 675 736 743 750 767 843 900 910 916 925 945 981
Iter#113 New set #1 of size 28 (113.0 its/hit = 0.000s/hit): seed=12760855909674385776 [42, 48, 92, 109, 235, 262, 292, 297, 308, 363, 417, 480, 540, 569, 575, 598, 675, 736, 743, 750, 767, 843, 900, 910, 916, 925, 945, 981]
logs_monomial/n10_monomial5.txt.bz2.greedyext.20260223_083633.txt

72 76 77 123 226 232 246 262 301 426 489 504 519 536 595 616 635 652 666 677 688 730 736 804 881 883 996 1018
Iter#24872589 New set #40000 of size 28 (621.8 its/hit = 0.015s/hit): seed=16447728905706784937 [72, 76, 77, 123, 226, 232, 246, 262, 301, 426, 489, 504, 519, 536, 595, 616, 635, 652, 666, 677, 688, 730, 736, 804, 881, 883, 996, 1018]
logs_monomial/n10_monomial5.txt.bz2.greedyext.20260222_000855.txt

32 46 130 133 244 245 254 299 460 479 519 560 607 638 643 671 693 696 726 769 786 846 909 920 924 934 945 988
Iter#3718332 New set #6000 of size 28 (619.7 its/hit = 0.023s/hit): seed=3408908725659976829 [32, 46, 130, 133, 244, 245, 254, 299, 460, 479, 519, 560, 607, 638, 643, 671, 693, 696, 726, 769, 786, 846, 909, 920, 924, 934, 945, 988]
logs_monomial/n10_monomial5.txt.bz2.greedyext.20260223_083632.txt

53 104 114 120 154 278 359 374 380 442 443 455 521 522 525 547 616 640 701 739 762 873 959 961 972 982 1002 1014
Iter#2484520 New set #4000 of size 28 (621.1 its/hit = 0.023s/hit): seed=16706521277568708325 [53, 104, 114, 120, 154, 278, 359, 374, 380, 442, 443, 455, 521, 522, 525, 547, 616, 640, 701, 739, 762, 873, 959, 961, 972, 982, 1002, 1014]
logs_monomial/n10_monomial5.txt.bz2.greedyext.20260223_083633.txt

10 49 97 113 141 203 206 223 255 334 344 450 548 550 559 617 623 657 693 747 756 769 778 812 853 860 926 1015
Iter#562290 New set #900 of size 28 (624.8 its/hit = 0.029s/hit): seed=9891814287653273364 [10, 49, 97, 113, 141, 203, 206, 223, 255, 334, 344, 450, 548, 550, 559, 617, 623, 657, 693, 747, 756, 769, 778, 812, 853, 860, 926, 1015]
logs_monomial/n10_monomial5.txt.bz2.greedyext.20260223_083632.txt

46 70 102 114 154 231 246 257 284 324 476 483 504 507 527 568 615 707 767 768 774 777 799 819 832 882 888 919
Iter#1871609 New set #3000 of size 28 (623.9 its/hit = 0.023s/hit): seed=16108639114111112656 [46, 70, 102, 114, 154, 231, 246, 257, 284, 324, 476, 483, 504, 507, 527, 568, 615, 707, 767, 768, 774, 777, 799, 819, 832, 882, 888, 919]
logs_monomial/n10_monomial5.txt.bz2.greedyext.20260223_083631.txt

47 74 106 145 220 335 381 411 453 479 499 504 547 573 595 623 626 663 689 690 709 815 860 907 949 956 962 968
Iter#49767107 New set #80000 of size 28 (622.1 its/hit = 0.015s/hit): seed=2769101361004226573 [47, 74, 106, 145, 220, 335, 381, 411, 453, 479, 499, 504, 547, 573, 595, 623, 626, 663, 689, 690, 709, 815, 860, 907, 949, 956, 962, 968]
logs_monomial/n10_monomial5.txt.bz2.greedyext.20260222_000855.txt

52 106 108 142 145 195 284 288 343 346 476 496 543 551 620 668 717 726 781 795 800 878 926 944 954 963 986 1013
Iter#19952 New set #40 of size 28 (498.8 its/hit = 0.000s/hit): seed=7086096095144029755 [52, 106, 108, 142, 145, 195, 284, 288, 343, 346, 476, 496, 543, 551, 620, 668, 717, 726, 781, 795, 800, 878, 926, 944, 954, 963, 986, 1013]
logs_monomial/n10_monomial5.txt.bz2.greedyext.20260222_000855.txt

16 68 171 213 233 296 298 306 326 335 344 367 392 405 420 427 440 472 519 567 665 714 716 829 837 875 992 995
Iter#1480 New set #5 of size 28 (296.0 its/hit = 0.000s/hit): seed=9107936244022630835 [16, 68, 171, 213, 233, 296, 298, 306, 326, 335, 344, 367, 392, 405, 420, 427, 440, 472, 519, 567, 665, 714, 716, 829, 837, 875, 992, 995]
logs_monomial/n10_monomial5.txt.bz2.greedyext.20260220_210834.txt

82 85 109 117 128 163 166 213 218 258 265 276 288 330 346 378 387 395 400 507 682 709 757 822 935 957 969 988
Iter#31101108 New set #50000 of size 28 (622.0 its/hit = 0.015s/hit): seed=5154796527694465084 [82, 85, 109, 117, 128, 163, 166, 213, 218, 258, 265, 276, 288, 330, 346, 378, 387, 395, 400, 507, 682, 709, 757, 822, 935, 957, 969, 988]
logs_monomial/n10_monomial5.txt.bz2.greedyext.20260222_000855.txt

29 59 77 124 130 141 185 296 355 423 431 452 527 565 572 588 722 727 750 807 830 838 847 898 905 959 967 996
Iter#251606 New set #400 of size 28 (629.0 its/hit = 0.035s/hit): seed=6066650050536553652 [29, 59, 77, 124, 130, 141, 185, 296, 355, 423, 431, 452, 527, 565, 572, 588, 722, 727, 750, 807, 830, 838, 847, 898, 905, 959, 967, 996]
logs_monomial/n10_monomial5.txt.bz2.greedyext.20260223_083632.txt

88 135 142 151 157 162 198 271 298 300 325 432 492 499 500 509 533 551 567 570 632 690 755 803 825 847 894 1016
Iter#4323815 New set #7000 of size 28 (617.7 its/hit = 0.025s/hit): seed=17486937616500385910 [88, 135, 142, 151, 157, 162, 198, 271, 298, 300, 325, 432, 492, 499, 500, 509, 533, 551, 567, 570, 632, 690, 755, 803, 825, 847, 894, 1016]
logs_monomial/n10_monomial5.txt.bz2.greedyext.20260223_083633.txt

3 23 68 86 109 139 214 269 313 358 361 499 570 579 625 634 674 688 696 724 734 831 861 871 972 992 1000 1005
Iter#31739 New set #50 of size 28 (634.8 its/hit = 0.000s/hit): seed=9138424747892337097 [3, 23, 68, 86, 109, 139, 214, 269, 313, 358, 361, 499, 570, 579, 625, 634, 674, 688, 696, 724, 734, 831, 861, 871, 972, 992, 1000, 1005]
logs_monomial/n10_monomial5.txt.bz2.greedyext.20260223_083631.txt

31 38 55 76 94 167 178 223 281 326 437 456 529 536 557 577 594 614 624 636 658 709 718 722 776 780 783 1001
Iter#6188008 New set #10000 of size 28 (618.8 its/hit = 0.022s/hit): seed=16184229030674454501 [31, 38, 55, 76, 94, 167, 178, 223, 281, 326, 437, 456, 529, 536, 557, 577, 594, 614, 624, 636, 658, 709, 718, 722, 776, 780, 783, 1001]
logs_monomial/n10_monomial5.txt.bz2.greedyext.20260223_083632.txt

50 52 62 88 182 212 227 252 255 269 276 277 339 342 362 378 428 484 532 560 574 579 587 588 695 828 947 981
Iter#3488 New set #4 of size 28 (872.0 its/hit = 0.000s/hit): seed=12536551757637530994 [50, 52, 62, 88, 182, 212, 227, 252, 255, 269, 276, 277, 339, 342, 362, 378, 428, 484, 532, 560, 574, 579, 587, 588, 695, 828, 947, 981]
logs_monomial/n10_monomial5.txt.bz2.greedyext.20260223_083631.txt

8 47 119 162 198 272 302 326 385 419 450 470 473 482 494 497 532 542 703 726 747 751 759 795 814 896 898 1017
Iter#6182855 New set #10000 of size 28 (618.3 its/hit = 0.015s/hit): seed=12320998866188664265 [8, 47, 119, 162, 198, 272, 302, 326, 385, 419, 450, 470, 473, 482, 494, 497, 532, 542, 703, 726, 747, 751, 759, 795, 814, 896, 898, 1017]
logs_monomial/n10_monomial5.txt.bz2.greedyext.20260220_210834.txt

14 31 48 146 208 288 291 295 337 346 395 399 413 432 486 501 582 602 755 844 859 873 891 900 902 953 970 1005
Iter#4270294 New set #7000 of size 28 (610.0 its/hit = 0.026s/hit): seed=7141388437169171763 [14, 31, 48, 146, 208, 288, 291, 295, 337, 346, 395, 399, 413, 432, 486, 501, 582, 602, 755, 844, 859, 873, 891, 900, 902, 953, 970, 1005]
logs_monomial/n10_monomial5.txt.bz2.greedyext.20260223_083631.txt

7 57 76 84 97 166 178 242 250 276 278 358 375 425 522 581 604 636 669 704 716 778 858 869 906 945 1004 1021
Iter#645 New set #2 of size 28 (322.5 its/hit = 0.000s/hit): seed=3661208777477371127 [7, 57, 76, 84, 97, 166, 178, 242, 250, 276, 278, 358, 375, 425, 522, 581, 604, 636, 669, 704, 716, 778, 858, 869, 906, 945, 1004, 1021]
logs_monomial/n10_monomial5.txt.bz2.greedyext.20260222_000855.txt

23 41 100 112 137 168 179 269 373 400 405 452 469 484 577 624 664 682 692 773 777 844 846 863 872 907 971 1022
Iter#62592 New set #100 of size 28 (625.9 its/hit = 0.020s/hit): seed=16215555011375480222 [23, 41, 100, 112, 137, 168, 179, 269, 373, 400, 405, 452, 469, 484, 577, 624, 664, 682, 692, 773, 777, 844, 846, 863, 872, 907, 971, 1022]
logs_monomial/n10_monomial5.txt.bz2.greedyext.20260223_083632.txt

87 111 121 182 212 213 217 235 250 254 255 262 267 412 460 484 541 636 642 678 733 738 765 820 915 922 973 1009
Iter#3058372 New set #5000 of size 28 (611.7 its/hit = 0.015s/hit): seed=3284188945281735750 [87, 111, 121, 182, 212, 213, 217, 235, 250, 254, 255, 262, 267, 412, 460, 484, 541, 636, 642, 678, 733, 738, 765, 820, 915, 922, 973, 1009]
logs_monomial/n10_monomial5.txt.bz2.greedyext.20260222_000855.txt

13 79 101 133 147 149 181 184 326 327 382 395 410 431 442 501 517 628 656 663 665 674 769 770 782 784 794 877
Iter#471160 New set #800 of size 28 (589.0 its/hit = 0.014s/hit): seed=6056565735591404013 [13, 79, 101, 133, 147, 149, 181, 184, 326, 327, 382, 395, 410, 431, 442, 501, 517, 628, 656, 663, 665, 674, 769, 770, 782, 784, 794, 877]
logs_monomial/n10_monomial5.txt.bz2.greedyext.20260220_210834.txt

108 117 128 206 277 322 334 363 385 394 509 510 585 593 600 660 678 720 734 767 828 882 892 901 921 945 981 996
Iter#576509 New set #900 of size 28 (640.6 its/hit = 0.024s/hit): seed=13622358726945287328 [108, 117, 128, 206, 277, 322, 334, 363, 385, 394, 509, 510, 585, 593, 600, 660, 678, 720, 734, 767, 828, 882, 892, 901, 921, 945, 981, 996]
logs_monomial/n10_monomial5.txt.bz2.greedyext.20260223_083631.txt

39 51 87 126 196 210 303 326 402 430 437 461 494 499 544 559 563 571 609 729 780 867 875 923 939 943 961 1022
Iter#1228629 New set #2000 of size 28 (614.3 its/hit = 0.024s/hit): seed=13506290012234543574 [39, 51, 87, 126, 196, 210, 303, 326, 402, 430, 437, 461, 494, 499, 544, 559, 563, 571, 609, 729, 780, 867, 875, 923, 939, 943, 961, 1022]
logs_monomial/n10_monomial5.txt.bz2.greedyext.20260223_083632.txt

22 29 75 86 126 136 157 164 207 237 326 345 392 394 434 485 499 508 546 645 649 730 733 762 798 891 932 940
Iter#57153 New set #100 of size 28 (571.5 its/hit = 0.010s/hit): seed=18212603175658032183 [22, 29, 75, 86, 126, 136, 157, 164, 207, 237, 326, 345, 392, 394, 434, 485, 499, 508, 546, 645, 649, 730, 733, 762, 798, 891, 932, 940]
logs_monomial/n10_monomial5.txt.bz2.greedyext.20260220_210834.txt

58 64 122 137 146 155 178 206 231 271 278 305 350 413 441 445 465 484 531 539 551 552 674 846 879 888 922 935
Iter#37302314 New set #60000 of size 28 (621.7 its/hit = 0.015s/hit): seed=12027022023416550268 [58, 64, 122, 137, 146, 155, 178, 206, 231, 271, 278, 305, 350, 413, 441, 445, 465, 484, 531, 539, 551, 552, 674, 846, 879, 888, 922, 935]
logs_monomial/n10_monomial5.txt.bz2.greedyext.20260222_000855.txt

11 44 105 107 124 146 158 202 207 230 238 286 328 404 415 420 444 451 458 491 527 534 563 636 744 895 977 1007
Iter#4581 New set #10 of size 28 (458.1 its/hit = 0.000s/hit): seed=10602666025698799398 [11, 44, 105, 107, 124, 146, 158, 202, 207, 230, 238, 286, 328, 404, 415, 420, 444, 451, 458, 491, 527, 534, 563, 636, 744, 895, 977, 1007]
logs_monomial/n10_monomial5.txt.bz2.greedyext.20260222_000855.txt

70 93 101 172 309 444 500 509 532 535 539 553 560 574 613 627 662 668 702 739 851 859 914 920 924 925 975 992
Iter#7240 New set #9 of size 28 (804.4 its/hit = 0.000s/hit): seed=9579226551772133394 [70, 93, 101, 172, 309, 444, 500, 509, 532, 535, 539, 553, 560, 574, 613, 627, 662, 668, 702, 739, 851, 859, 914, 920, 924, 925, 975, 992]
logs_monomial/n10_monomial5.txt.bz2.greedyext.20260223_083632.txt

37 49 50 107 108 122 149 186 189 194 234 248 282 350 359 406 427 488 545 548 593 609 711 742 774 804 839 926
Iter#3673983 New set #6000 of size 28 (612.3 its/hit = 0.015s/hit): seed=6656582711609793279 [37, 49, 50, 107, 108, 122, 149, 186, 189, 194, 234, 248, 282, 350, 359, 406, 427, 488, 545, 548, 593, 609, 711, 742, 774, 804, 839, 926]
logs_monomial/n10_monomial5.txt.bz2.greedyext.20260222_000855.txt

73 79 87 107 127 145 168 170 216 272 306 336 378 462 574 577 675 698 750 770 782 783 814 846 852 869 875 889
Iter#382099 New set #600 of size 28 (636.8 its/hit = 0.032s/hit): seed=6884609928616673903 [73, 79, 87, 107, 127, 145, 168, 170, 216, 272, 306, 336, 378, 462, 574, 577, 675, 698, 750, 770, 782, 783, 814, 846, 852, 869, 875, 889]
logs_monomial/n10_monomial5.txt.bz2.greedyext.20260223_083632.txt

28 52 71 135 136 177 227 275 297 335 389 407 411 439 441 460 464 488 522 594 714 723 762 824 828 836 844 899
Iter#3679154 New set #6000 of size 28 (613.2 its/hit = 0.025s/hit): seed=17098283920817244995 [28, 52, 71, 135, 136, 177, 227, 275, 297, 335, 389, 407, 411, 439, 441, 460, 464, 488, 522, 594, 714, 723, 762, 824, 828, 836, 844, 899]
logs_monomial/n10_monomial5.txt.bz2.greedyext.20260223_083631.txt

36 86 109 171 187 203 228 230 255 305 316 342 391 423 436 502 593 598 626 710 712 807 868 874 881 889 941 1015
Iter#15497 New set #20 of size 28 (774.8 its/hit = 0.000s/hit): seed=15341286884018044182 [36, 86, 109, 171, 187, 203, 228, 230, 255, 305, 316, 342, 391, 423, 436, 502, 593, 598, 626, 710, 712, 807, 868, 874, 881, 889, 941, 1015]
logs_monomial/n10_monomial5.txt.bz2.greedyext.20260220_210834.txt

66 67 133 290 293 317 359 384 427 491 540 551 641 643 654 717 725 727 754 773 779 790 812 823 828 862 881 899
Iter#3067 New set #7 of size 28 (438.1 its/hit = 0.000s/hit): seed=12758397912755909000 [66, 67, 133, 290, 293, 317, 359, 384, 427, 491, 540, 551, 641, 643, 654, 717, 725, 727, 754, 773, 779, 790, 812, 823, 828, 862, 881, 899]
logs_monomial/n10_monomial5.txt.bz2.greedyext.20260222_000855.txt

15 32 43 63 133 180 205 237 254 266 304 361 375 411 517 548 613 614 618 635 661 674 709 834 889 903 1003 1021
Iter#2309 New set #3 of size 28 (769.7 its/hit = 0.000s/hit): seed=64399239501508782 [15, 32, 43, 63, 133, 180, 205, 237, 254, 266, 304, 361, 375, 411, 517, 548, 613, 614, 618, 635, 661, 674, 709, 834, 889, 903, 1003, 1021]
logs_monomial/n10_monomial5.txt.bz2.greedyext.20260223_083631.txt

56 97 127 137 166 175 242 244 341 444 468 485 521 565 576 595 611 625 686 697 713 714 793 800 802 820 934 984
Iter#238946 New set #400 of size 28 (597.4 its/hit = 0.013s/hit): seed=3127331645711985987 [56, 97, 127, 137, 166, 175, 242, 244, 341, 444, 468, 485, 521, 565, 576, 595, 611, 625, 686, 697, 713, 714, 793, 800, 802, 820, 934, 984]
logs_monomial/n10_monomial5.txt.bz2.greedyext.20260220_210834.txt

11 103 147 227 253 282 303 332 348 365 379 412 419 466 544 548 577 579 590 622 648 652 723 838 860 927 943 996
Iter#428146 New set #700 of size 28 (611.6 its/hit = 0.014s/hit): seed=10330397584925990171 [11, 103, 147, 227, 253, 282, 303, 332, 348, 365, 379, 412, 419, 466, 544, 548, 577, 579, 590, 622, 648, 652, 723, 838, 860, 927, 943, 996]
logs_monomial/n10_monomial5.txt.bz2.greedyext.20260222_000855.txt

20 114 134 179 208 217 231 441 448 506 533 580 584 594 631 668 677 821 833 876 913 916 944 956 963 989 991 1003
Iter#3108408 New set #5000 of size 28 (621.7 its/hit = 0.022s/hit): seed=17640032708920679330 [20, 114, 134, 179, 208, 217, 231, 441, 448, 506, 533, 580, 584, 594, 631, 668, 677, 821, 833, 876, 913, 916, 944, 956, 963, 989, 991, 1003]
logs_monomial/n10_monomial5.txt.bz2.greedyext.20260223_083633.txt

5 19 30 66 164 194 252 266 338 366 370 451 467 484 540 582 651 677 764 796 809 814 833 847 860 921 962 1018
Iter#31275 New set #50 of size 28 (625.5 its/hit = 0.020s/hit): seed=8307778763993249917 [5, 19, 30, 66, 164, 194, 252, 266, 338, 366, 370, 451, 467, 484, 540, 582, 651, 677, 764, 796, 809, 814, 833, 847, 860, 921, 962, 1018]
logs_monomial/n10_monomial5.txt.bz2.greedyext.20260223_083632.txt

9 51 86 171 185 269 339 366 377 395 398 484 562 581 622 725 728 729 760 787 828 842 892 913 922 981 991 1019
Iter#4907223 New set #8000 of size 28 (613.4 its/hit = 0.014s/hit): seed=2711431063425903349 [9, 51, 86, 171, 185, 269, 339, 366, 377, 395, 398, 484, 562, 581, 622, 725, 728, 729, 760, 787, 828, 842, 892, 913, 922, 981, 991, 1019]
logs_monomial/n10_monomial5.txt.bz2.greedyext.20260220_210834.txt

15 59 88 103 250 254 283 304 317 345 353 380 436 437 462 484 513 526 531 538 562 685 779 818 884 902 922 958
Iter#2512 New set #5 of size 28 (502.4 its/hit = 0.000s/hit): seed=2143963299199922396 [15, 59, 88, 103, 250, 254, 283, 304, 317, 345, 353, 380, 436, 437, 462, 484, 513, 526, 531, 538, 562, 685, 779, 818, 884, 902, 922, 958]
logs_monomial/n10_monomial5.txt.bz2.greedyext.20260223_083632.txt

3 17 74 90 103 112 120 135 178 252 259 288 289 296 315 365 538 627 701 745 827 833 862 913 931 1009 1020 1022
Iter#628666 New set #1000 of size 28 (628.7 its/hit = 0.028s/hit): seed=8384814173212335856 [3, 17, 74, 90, 103, 112, 120, 135, 178, 252, 259, 288, 289, 296, 315, 365, 538, 627, 701, 745, 827, 833, 862, 913, 931, 1009, 1020, 1022]
logs_monomial/n10_monomial5.txt.bz2.greedyext.20260223_083633.txt

4 53 69 97 128 169 180 194 207 225 248 250 345 475 547 634 648 680 699 702 828 874 876 903 915 935 1007 1022
Iter#37401 New set #60 of size 28 (623.3 its/hit = 0.033s/hit): seed=4631348705071578612 [4, 53, 69, 97, 128, 169, 180, 194, 207, 225, 248, 250, 345, 475, 547, 634, 648, 680, 699, 702, 828, 874, 876, 903, 915, 935, 1007, 1022]
logs_monomial/n10_monomial5.txt.bz2.greedyext.20260223_083633.txt

24 41 56 191 219 272 278 314 326 331 383 397 535 560 578 579 675 678 682 690 697 849 888 890 902 908 957 968
Iter#349868 New set #600 of size 28 (583.1 its/hit = 0.013s/hit): seed=4397458353714899073 [24, 41, 56, 191, 219, 272, 278, 314, 326, 331, 383, 397, 535, 560, 578, 579, 675, 678, 682, 690, 697, 849, 888, 890, 902, 908, 957, 968]
logs_monomial/n10_monomial5.txt.bz2.greedyext.20260220_210834.txt

23 101 111 137 150 154 170 238 278 288 348 368 371 402 411 480 534 548 616 665 705 744 780 854 881 906 968 991
Iter#40696 New set #80 of size 28 (508.7 its/hit = 0.013s/hit): seed=2602631663891050369 [23, 101, 111, 137, 150, 154, 170, 238, 278, 288, 348, 368, 371, 402, 411, 480, 534, 548, 616, 665, 705, 744, 780, 854, 881, 906, 968, 991]
logs_monomial/n10_monomial5.txt.bz2.greedyext.20260222_000855.txt

147 303 316 356 363 380 382 402 426 431 438 456 507 508 532 550 557 603 607 700 703 796 913 925 929 985 994 1009
Iter#1254 New set #4 of size 28 (313.5 its/hit = 0.000s/hit): seed=17237095834747820117 [147, 303, 316, 356, 363, 380, 382, 402, 426, 431, 438, 456, 507, 508, 532, 550, 557, 603, 607, 700, 703, 796, 913, 925, 929, 985, 994, 1009]
logs_monomial/n10_monomial5.txt.bz2.greedyext.20260223_083633.txt

7 23 170 205 227 366 384 390 402 443 500 506 621 641 672 673 683 783 836 864 887 901 910 922 942 967 975 1014
Iter#6106 New set #10 of size 28 (610.6 its/hit = 0.000s/hit): seed=5578283792826210591 [7, 23, 170, 205, 227, 366, 384, 390, 402, 443, 500, 506, 621, 641, 672, 673, 683, 783, 836, 864, 887, 901, 910, 922, 942, 967, 975, 1014]
logs_monomial/n10_monomial5.txt.bz2.greedyext.20260223_083631.txt

20 27 60 86 102 112 115 190 259 269 284 394 403 501 549 556 562 570 594 612 822 866 872 874 905 908 987 1023
Iter#4266225 New set #7000 of size 28 (609.5 its/hit = 0.014s/hit): seed=13497893027081873203 [20, 27, 60, 86, 102, 112, 115, 190, 259, 269, 284, 394, 403, 501, 549, 556, 562, 570, 594, 612, 822, 866, 872, 874, 905, 908, 987, 1023]
logs_monomial/n10_monomial5.txt.bz2.greedyext.20260220_210834.txt

2 25 39 93 107 173 178 224 228 273 351 394 431 438 543 556 562 614 620 629 670 863 889 891 937 977 993 1000
Iter#58135 New set #90 of size 28 (645.9 its/hit = 0.022s/hit): seed=11549855657520469260 [2, 25, 39, 93, 107, 173, 178, 224, 228, 273, 351, 394, 431, 438, 543, 556, 562, 614, 620, 629, 670, 863, 889, 891, 937, 977, 993, 1000]
logs_monomial/n10_monomial5.txt.bz2.greedyext.20260223_083632.txt

29 51 122 199 215 292 298 322 336 342 363 446 593 624 625 635 701 791 799 806 842 853 862 894 916 935 944 991
Iter#294902 New set #500 of size 28 (589.8 its/hit = 0.014s/hit): seed=648819600857141447 [29, 51, 122, 199, 215, 292, 298, 322, 336, 342, 363, 446, 593, 624, 625, 635, 701, 791, 799, 806, 842, 853, 862, 894, 916, 935, 944, 991]
logs_monomial/n10_monomial5.txt.bz2.greedyext.20260220_210834.txt

5 21 77 79 81 105 163 271 306 416 470 487 489 511 607 617 666 682 767 777 789 863 877 903 916 998 1004 1021
Iter#37429650 New set #60000 of size 28 (623.8 its/hit = 0.015s/hit): seed=15441001997316736743 [5, 21, 77, 79, 81, 105, 163, 271, 306, 416, 470, 487, 489, 511, 607, 617, 666, 682, 767, 777, 789, 863, 877, 903, 916, 998, 1004, 1021]
logs_monomial/n10_monomial5.txt.bz2.greedyext.20260220_210834.txt

46 102 119 157 160 253 266 281 295 312 330 453 527 535 563 571 626 678 721 739 848 851 870 910 929 982 998 1008
Iter#18942 New set #30 of size 28 (631.4 its/hit = 0.033s/hit): seed=1988033542669660401 [46, 102, 119, 157, 160, 253, 266, 281, 295, 312, 330, 453, 527, 535, 563, 571, 626, 678, 721, 739, 848, 851, 870, 910, 929, 982, 998, 1008]
logs_monomial/n10_monomial5.txt.bz2.greedyext.20260223_083633.txt

99 119 124 138 141 189 223 244 316 417 467 482 512 605 652 655 669 673 677 708 792 826 838 839 900 1002 1004 1015
Iter#1806450 New set #3000 of size 28 (602.2 its/hit = 0.014s/hit): seed=15124032044414624653 [99, 119, 124, 138, 141, 189, 223, 244, 316, 417, 467, 482, 512, 605, 652, 655, 669, 673, 677, 708, 792, 826, 838, 839, 900, 1002, 1004, 1015]
logs_monomial/n10_monomial5.txt.bz2.greedyext.20260220_210834.txt

56 137 177 216 253 280 289 384 389 401 426 498 602 637 670 702 717 735 765 778 779 787 795 816 909 921 967 978
Iter#3579 New set #7 of size 28 (511.3 its/hit = 0.000s/hit): seed=12242494271848820640 [56, 137, 177, 216, 253, 280, 289, 384, 389, 401, 426, 498, 602, 637, 670, 702, 717, 735, 765, 778, 779, 787, 795, 816, 909, 921, 967, 978]
logs_monomial/n10_monomial5.txt.bz2.greedyext.20260223_083632.txt

5 42 71 120 133 198 332 335 390 394 415 447 485 510 525 647 672 690 838 840 848 857 894 925 944 959 974 986
Iter#544646 New set #900 of size 28 (605.2 its/hit = 0.014s/hit): seed=8622095117225230543 [5, 42, 71, 120, 133, 198, 332, 335, 390, 394, 415, 447, 485, 510, 525, 647, 672, 690, 838, 840, 848, 857, 894, 925, 944, 959, 974, 986]
logs_monomial/n10_monomial5.txt.bz2.greedyext.20260222_000855.txt

5 46 82 152 196 197 213 217 232 237 272 330 372 377 408 466 567 584 594 610 648 693 699 706 833 868 891 929
Iter#5553493 New set #9000 of size 28 (617.1 its/hit = 0.014s/hit): seed=7213102110465185753 [5, 46, 82, 152, 196, 197, 213, 217, 232, 237, 272, 330, 372, 377, 408, 466, 567, 584, 594, 610, 648, 693, 699, 706, 833, 868, 891, 929]
logs_monomial/n10_monomial5.txt.bz2.greedyext.20260220_210834.txt

8 52 55 111 207 212 229 257 319 435 451 477 531 533 541 678 725 772 776 832 833 858 881 886 918 946 1003 1022
Iter#124281880 New set #200000 of size 28 (621.4 its/hit = 0.015s/hit): seed=16083124032547753202 [8, 52, 55, 111, 207, 212, 229, 257, 319, 435, 451, 477, 531, 533, 541, 678, 725, 772, 776, 832, 833, 858, 881, 886, 918, 946, 1003, 1022]
logs_monomial/n10_monomial5.txt.bz2.greedyext.20260222_000855.txt

22 63 116 127 203 244 289 310 349 485 527 538 585 594 598 629 643 661 675 684 704 755 831 890 893 907 978 980
Iter#2436330 New set #4000 of size 28 (609.1 its/hit = 0.015s/hit): seed=5135923114154638266 [22, 63, 116, 127, 203, 244, 289, 310, 349, 485, 527, 538, 585, 594, 598, 629, 643, 661, 675, 684, 704, 755, 831, 890, 893, 907, 978, 980]
logs_monomial/n10_monomial5.txt.bz2.greedyext.20260222_000855.txt

23 42 85 148 158 189 201 219 295 347 373 481 569 620 624 639 660 716 789 804 829 861 911 928 930 1012 1014 1017
Iter#16448 New set #30 of size 28 (548.3 its/hit = 0.000s/hit): seed=6797711978455761650 [23, 42, 85, 148, 158, 189, 201, 219, 295, 347, 373, 481, 569, 620, 624, 639, 660, 716, 789, 804, 829, 861, 911, 928, 930, 1012, 1014, 1017]
logs_monomial/n10_monomial5.txt.bz2.greedyext.20260223_083631.txt

7 24 85 137 154 160 211 220 235 245 271 288 301 315 357 380 394 469 529 532 555 603 684 716 777 923 960 976
Iter#6186288 New set #10000 of size 28 (618.6 its/hit = 0.024s/hit): seed=18141605057795837775 [7, 24, 85, 137, 154, 160, 211, 220, 235, 245, 271, 288, 301, 315, 357, 380, 394, 469, 529, 532, 555, 603, 684, 716, 777, 923, 960, 976]
logs_monomial/n10_monomial5.txt.bz2.greedyext.20260223_083633.txt

75 84 103 112 187 221 260 274 281 316 349 422 483 504 624 657 663 671 680 762 781 813 828 842 925 935 959 981
Iter#47133 New set #70 of size 28 (673.3 its/hit = 0.014s/hit): seed=1110103644277472251 [75, 84, 103, 112, 187, 221, 260, 274, 281, 316, 349, 422, 483, 504, 624, 657, 663, 671, 680, 762, 781, 813, 828, 842, 925, 935, 959, 981]
logs_monomial/n10_monomial5.txt.bz2.greedyext.20260223_083632.txt

44 92 153 156 199 213 222 299 317 330 376 396 409 431 437 444 467 480 523 529 546 598 624 721 752 768 858 888
Iter#1639 New set #4 of size 28 (409.8 its/hit = 0.000s/hit): seed=1644407758226421226 [44, 92, 153, 156, 199, 213, 222, 299, 317, 330, 376, 396, 409, 431, 437, 444, 467, 480, 523, 529, 546, 598, 624, 721, 752, 768, 858, 888]
logs_monomial/n10_monomial5.txt.bz2.greedyext.20260222_000855.txt

30 42 63 66 81 82 90 187 207 221 226 282 339 340 408 430 627 652 656 738 754 789 871 894 930 935 936 942
Iter#1262265 New set #2000 of size 28 (631.1 its/hit = 0.024s/hit): seed=18079745511022105491 [30, 42, 63, 66, 81, 82, 90, 187, 207, 221, 226, 282, 339, 340, 408, 430, 627, 652, 656, 738, 754, 789, 871, 894, 930, 935, 936, 942]
logs_monomial/n10_monomial5.txt.bz2.greedyext.20260223_083631.txt

78 191 210 211 219 227 248 249 310 315 387 395 414 439 566 597 602 623 684 761 860 876 882 903 944 948 968 1007
Iter#299296 New set #500 of size 28 (598.6 its/hit = 0.014s/hit): seed=3108184272003463979 [78, 191, 210, 211, 219, 227, 248, 249, 310, 315, 387, 395, 414, 439, 566, 597, 602, 623, 684, 761, 860, 876, 882, 903, 944, 948, 968, 1007]
logs_monomial/n10_monomial5.txt.bz2.greedyext.20260222_000855.txt

13 82 110 125 133 182 205 239 242 279 368 393 401 445 614 639 708 714 763 775 870 872 876 930 942 974 986 1020
Iter#1821948 New set #3000 of size 28 (607.3 its/hit = 0.015s/hit): seed=12660215000374696965 [13, 82, 110, 125, 133, 182, 205, 239, 242, 279, 368, 393, 401, 445, 614, 639, 708, 714, 763, 775, 870, 872, 876, 930, 942, 974, 986, 1020]
logs_monomial/n10_monomial5.txt.bz2.greedyext.20260222_000855.txt

2 96 111 118 142 156 157 197 258 264 366 456 472 498 557 649 655 674 712 744 774 793 841 852 907 951 967 999
Iter#12455546 New set #20000 of size 28 (622.8 its/hit = 0.015s/hit): seed=4204340184124586496 [2, 96, 111, 118, 142, 156, 157, 197, 258, 264, 366, 456, 472, 498, 557, 649, 655, 674, 712, 744, 774, 793, 841, 852, 907, 951, 967, 999]
logs_monomial/n10_monomial5.txt.bz2.greedyext.20260222_000855.txt

2 3 20 83 115 141 167 190 193 261 348 366 380 408 430 471 473 498 515 596 630 658 763 904 915 922 961 1001
Iter#3762 New set #7 of size 28 (537.4 its/hit = 0.000s/hit): seed=2889388548303649408 [2, 3, 20, 83, 115, 141, 167, 190, 193, 261, 348, 366, 380, 408, 430, 471, 473, 498, 515, 596, 630, 658, 763, 904, 915, 922, 961, 1001]
logs_monomial/n10_monomial5.txt.bz2.greedyext.20260220_210834.txt

19 40 95 229 302 311 336 337 384 405 417 435 457 458 481 507 519 522 525 539 551 602 701 757 768 783 795 957
Iter#3043625 New set #5000 of size 28 (608.7 its/hit = 0.014s/hit): seed=2921217970203714524 [19, 40, 95, 229, 302, 311, 336, 337, 384, 405, 417, 435, 457, 458, 481, 507, 519, 522, 525, 539, 551, 602, 701, 757, 768, 783, 795, 957]
logs_monomial/n10_monomial5.txt.bz2.greedyext.20260220_210834.txt

27 56 124 152 172 188 197 215 336 509 532 602 617 631 648 701 739 744 773 811 820 823 945 958 960 966 973 1007
Iter#25024 New set #50 of size 28 (500.5 its/hit = 0.000s/hit): seed=10758590912492301471 [27, 56, 124, 152, 172, 188, 197, 215, 336, 509, 532, 602, 617, 631, 648, 701, 739, 744, 773, 811, 820, 823, 945, 958, 960, 966, 973, 1007]
logs_monomial/n10_monomial5.txt.bz2.greedyext.20260222_000855.txt

33 39 115 123 151 182 278 382 479 480 492 494 512 546 566 571 619 628 698 712 719 734 804 842 924 982 996 1001
Iter#36264 New set #70 of size 28 (518.1 its/hit = 0.014s/hit): seed=994485359933236678 [33, 39, 115, 123, 151, 182, 278, 382, 479, 480, 492, 494, 512, 546, 566, 571, 619, 628, 698, 712, 719, 734, 804, 842, 924, 982, 996, 1001]
logs_monomial/n10_monomial5.txt.bz2.greedyext.20260222_000855.txt

19 26 44 59 63 124 125 132 145 186 251 322 385 393 398 403 521 524 535 550 554 606 737 754 764 799 890 1001
Iter#18968 New set #30 of size 28 (632.3 its/hit = 0.000s/hit): seed=9657768425523291891 [19, 26, 44, 59, 63, 124, 125, 132, 145, 186, 251, 322, 385, 393, 398, 403, 521, 524, 535, 550, 554, 606, 737, 754, 764, 799, 890, 1001]
logs_monomial/n10_monomial5.txt.bz2.greedyext.20260223_083632.txt

61 109 113 122 168 223 250 267 286 292 314 323 400 439 528 579 630 680 699 809 810 821 828 852 855 954 971 1015
Iter#185148 New set #300 of size 28 (617.2 its/hit = 0.033s/hit): seed=3635093478689489431 [61, 109, 113, 122, 168, 223, 250, 267, 286, 292, 314, 323, 400, 439, 528, 579, 630, 680, 699, 809, 810, 821, 828, 852, 855, 954, 971, 1015]
logs_monomial/n10_monomial5.txt.bz2.greedyext.20260223_083632.txt

41 48 71 123 125 145 153 157 158 193 239 242 279 280 362 388 454 489 527 536 552 554 659 722 795 845 945 1010
Iter#736 New set #2 of size 28 (368.0 its/hit = 0.000s/hit): seed=13729705432917751428 [41, 48, 71, 123, 125, 145, 153, 157, 158, 193, 239, 242, 279, 280, 362, 388, 454, 489, 527, 536, 552, 554, 659, 722, 795, 845, 945, 1010]
logs_monomial/n10_monomial5.txt.bz2.greedyext.20260223_083633.txt

92 102 130 148 151 233 234 246 334 339 394 423 447 508 517 579 672 693 702 720 788 820 862 878 910 941 972 1023
Iter#62245163 New set #100000 of size 28 (622.5 its/hit = 0.015s/hit): seed=7706129900194543273 [92, 102, 130, 148, 151, 233, 234, 246, 334, 339, 394, 423, 447, 508, 517, 579, 672, 693, 702, 720, 788, 820, 862, 878, 910, 941, 972, 1023]
logs_monomial/n10_monomial5.txt.bz2.greedyext.20260220_210834.txt

0 13 19 43 61 110 111 114 126 211 243 274 341 436 444 491 563 572 665 688 691 724 733 828 836 876 935 942
Iter#12432720 New set #20000 of size 28 (621.6 its/hit = 0.015s/hit): seed=17222454738746694164 [0, 13, 19, 43, 61, 110, 111, 114, 126, 211, 243, 274, 341, 436, 444, 491, 563, 572, 665, 688, 691, 724, 733, 828, 836, 876, 935, 942]
logs_monomial/n10_monomial5.txt.bz2.greedyext.20260220_210834.txt

39 63 71 98 125 149 159 282 290 330 345 391 422 477 573 623 625 662 673 780 798 819 833 885 888 902 909 1007
Iter#198222 New set #300 of size 28 (660.7 its/hit = 0.033s/hit): seed=3819780291477587745 [39, 63, 71, 98, 125, 149, 159, 282, 290, 330, 345, 391, 422, 477, 573, 623, 625, 662, 673, 780, 798, 819, 833, 885, 888, 902, 909, 1007]
logs_monomial/n10_monomial5.txt.bz2.greedyext.20260223_083633.txt

18 65 125 148 152 190 288 392 393 499 520 545 576 619 623 647 722 751 753 767 800 803 851 861 862 942 952 978
Iter#642039 New set #1000 of size 28 (642.0 its/hit = 0.025s/hit): seed=1109227665541701930 [18, 65, 125, 148, 152, 190, 288, 392, 393, 499, 520, 545, 576, 619, 623, 647, 722, 751, 753, 767, 800, 803, 851, 861, 862, 942, 952, 978]
logs_monomial/n10_monomial5.txt.bz2.greedyext.20260223_083631.txt

17 101 135 164 246 284 335 339 360 390 412 463 479 496 540 619 636 651 694 708 753 782 812 838 938 999 1007 1014
Iter#11902 New set #20 of size 28 (595.1 its/hit = 0.000s/hit): seed=5263780382082785009 [17, 101, 135, 164, 246, 284, 335, 339, 360, 390, 412, 463, 479, 496, 540, 619, 636, 651, 694, 708, 753, 782, 812, 838, 938, 999, 1007, 1014]
logs_monomial/n10_monomial5.txt.bz2.greedyext.20260223_083633.txt

50 67 100 156 177 281 319 384 425 447 469 508 569 587 640 667 693 732 737 783 811 831 889 891 927 972 982 988
Iter#43935 New set #70 of size 28 (627.6 its/hit = 0.029s/hit): seed=9597804975728235435 [50, 67, 100, 156, 177, 281, 319, 384, 425, 447, 469, 508, 569, 587, 640, 667, 693, 732, 737, 783, 811, 831, 889, 891, 927, 972, 982, 988]
logs_monomial/n10_monomial5.txt.bz2.greedyext.20260223_083633.txt

4 5 16 28 30 54 82 90 134 155 276 334 496 506 532 546 643 645 728 736 794 853 937 952 967 1001 1004 1012
Iter#2051 New set #4 of size 28 (512.8 its/hit = 0.000s/hit): seed=11403036767737646521 [4, 5, 16, 28, 30, 54, 82, 90, 134, 155, 276, 334, 496, 506, 532, 546, 643, 645, 728, 736, 794, 853, 937, 952, 967, 1001, 1004, 1012]
logs_monomial/n10_monomial5.txt.bz2.greedyext.20260223_083632.txt

14 100 113 164 209 210 268 368 390 478 529 544 553 564 582 595 635 651 734 745 783 882 922 954 964 970 982 995
Iter#24982056 New set #40000 of size 28 (624.6 its/hit = 0.015s/hit): seed=7157647150385528303 [14, 100, 113, 164, 209, 210, 268, 368, 390, 478, 529, 544, 553, 564, 582, 595, 635, 651, 734, 745, 783, 882, 922, 954, 964, 970, 982, 995]
logs_monomial/n10_monomial5.txt.bz2.greedyext.20260220_210834.txt

22 105 182 235 240 248 385 388 428 486 513 532 551 594 596 641 680 686 722 729 769 804 824 844 884 943 959 1000
Iter#2412480 New set #4000 of size 28 (603.1 its/hit = 0.014s/hit): seed=13668115549510239322 [22, 105, 182, 235, 240, 248, 385, 388, 428, 486, 513, 532, 551, 594, 596, 641, 680, 686, 722, 729, 769, 804, 824, 844, 884, 943, 959, 1000]
logs_monomial/n10_monomial5.txt.bz2.greedyext.20260220_210834.txt

10 28 58 71 84 96 125 194 335 347 364 429 430 508 545 622 633 685 692 723 806 838 839 851 876 877 883 925
Iter#5859 New set #9 of size 28 (651.0 its/hit = 0.000s/hit): seed=3369895887118252728 [10, 28, 58, 71, 84, 96, 125, 194, 335, 347, 364, 429, 430, 508, 545, 622, 633, 685, 692, 723, 806, 838, 839, 851, 876, 877, 883, 925]
logs_monomial/n10_monomial5.txt.bz2.greedyext.20260223_083631.txt

45 78 154 186 220 241 253 260 261 265 302 303 380 430 471 490 493 500 633 664 713 799 801 854 966 974 979 1015
Iter#315769 New set #500 of size 28 (631.5 its/hit = 0.026s/hit): seed=3036436156487620536 [45, 78, 154, 186, 220, 241, 253, 260, 261, 265, 302, 303, 380, 430, 471, 490, 493, 500, 633, 664, 713, 799, 801, 854, 966, 974, 979, 1015]
logs_monomial/n10_monomial5.txt.bz2.greedyext.20260223_083631.txt

23 38 46 82 115 152 226 238 283 292 343 374 382 398 414 476 523 619 734 746 816 876 900 907 927 952 981 1011
Iter#363690 New set #600 of size 28 (606.2 its/hit = 0.015s/hit): seed=12511272670808624165 [23, 38, 46, 82, 115, 152, 226, 238, 283, 292, 343, 374, 382, 398, 414, 476, 523, 619, 734, 746, 816, 876, 900, 907, 927, 952, 981, 1011]
logs_monomial/n10_monomial5.txt.bz2.greedyext.20260222_000855.txt

32 70 82 85 151 207 433 445 472 507 555 590 591 602 612 613 622 652 702 709 824 833 844 865 890 947 956 991
Iter#409069 New set #700 of size 28 (584.4 its/hit = 0.013s/hit): seed=385513134684827095 [32, 70, 82, 85, 151, 207, 433, 445, 472, 507, 555, 590, 591, 602, 612, 613, 622, 652, 702, 709, 824, 833, 844, 865, 890, 947, 956, 991]
logs_monomial/n10_monomial5.txt.bz2.greedyext.20260220_210834.txt

0 4 64 143 224 236 265 294 310 313 403 420 442 447 497 504 537 559 602 611 646 680 694 716 724 754 783 942
Iter#18735987 New set #30000 of size 28 (624.5 its/hit = 0.015s/hit): seed=3240761882099283269 [0, 4, 64, 143, 224, 236, 265, 294, 310, 313, 403, 420, 442, 447, 497, 504, 537, 559, 602, 611, 646, 680, 694, 716, 724, 754, 783, 942]
logs_monomial/n10_monomial5.txt.bz2.greedyext.20260220_210834.txt

12 73 79 90 149 193 257 293 364 405 426 466 473 492 524 530 715 758 773 775 802 837 842 845 881 923 924 931
Iter#4863 New set #10 of size 28 (486.3 its/hit = 0.000s/hit): seed=6201069235557395540 [12, 73, 79, 90, 149, 193, 257, 293, 364, 405, 426, 466, 473, 492, 524, 530, 715, 758, 773, 775, 802, 837, 842, 845, 881, 923, 924, 931]
logs_monomial/n10_monomial5.txt.bz2.greedyext.20260223_083633.txt

157 162 188 219 262 408 418 428 441 464 498 509 526 542 583 619 651 662 693 703 729 734 787 809 861 903 911 1005
Iter#43532418 New set #70000 of size 28 (621.9 its/hit = 0.015s/hit): seed=7558103348635850583 [157, 162, 188, 219, 262, 408, 418, 428, 441, 464, 498, 509, 526, 542, 583, 619, 651, 662, 693, 703, 729, 734, 787, 809, 861, 903, 911, 1005]
logs_monomial/n10_monomial5.txt.bz2.greedyext.20260220_210834.txt

43 95 149 204 211 245 280 311 372 415 426 444 445 504 586 609 643 681 699 734 787 791 852 858 870 913 1016 1021
Iter#26565 New set #40 of size 28 (664.1 its/hit = 0.000s/hit): seed=11313190189308233693 [43, 95, 149, 204, 211, 245, 280, 311, 372, 415, 426, 444, 445, 504, 586, 609, 643, 681, 699, 734, 787, 791, 852, 858, 870, 913, 1016, 1021]
logs_monomial/n10_monomial5.txt.bz2.greedyext.20260220_210834.txt

67 73 123 149 174 230 416 423 441 506 516 547 569 744 782 829 839 863 907 909 911 921 933 934 986 1010 1011 1021
Iter#10729 New set #20 of size 28 (536.5 its/hit = 0.000s/hit): seed=18341999430521521791 [67, 73, 123, 149, 174, 230, 416, 423, 441, 506, 516, 547, 569, 744, 782, 829, 839, 863, 907, 909, 911, 921, 933, 934, 986, 1010, 1011, 1021]
logs_monomial/n10_monomial5.txt.bz2.greedyext.20260223_083632.txt

6 83 86 106 117 118 133 157 178 236 279 358 463 477 571 583 596 651 662 670 709 758 771 772 810 900 916 1002
Iter#49771264 New set #80000 of size 28 (622.1 its/hit = 0.015s/hit): seed=2186207143692347525 [6, 83, 86, 106, 117, 118, 133, 157, 178, 236, 279, 358, 463, 477, 571, 583, 596, 651, 662, 670, 709, 758, 771, 772, 810, 900, 916, 1002]
logs_monomial/n10_monomial5.txt.bz2.greedyext.20260220_210834.txt

52 132 138 203 207 224 294 296 310 329 400 411 516 554 574 637 787 795 810 825 860 861 872 920 944 959 984 1012
Iter#500049 New set #800 of size 28 (625.1 its/hit = 0.025s/hit): seed=2868071724740974024 [52, 132, 138, 203, 207, 224, 294, 296, 310, 329, 400, 411, 516, 554, 574, 637, 787, 795, 810, 825, 860, 861, 872, 920, 944, 959, 984, 1012]
logs_monomial/n10_monomial5.txt.bz2.greedyext.20260223_083631.txt

6 153 164 175 182 193 243 257 358 397 444 451 554 697 716 730 754 769 784 786 790 832 858 927 952 988 1002 1004
Iter#125413 New set #200 of size 28 (627.1 its/hit = 0.010s/hit): seed=3577310782492716348 [6, 153, 164, 175, 182, 193, 243, 257, 358, 397, 444, 451, 554, 697, 716, 730, 754, 769, 784, 786, 790, 832, 858, 927, 952, 988, 1002, 1004]
logs_monomial/n10_monomial5.txt.bz2.greedyext.20260220_210834.txt

14 122 130 157 164 196 293 329 358 425 462 492 493 507 539 560 655 722 746 760 773 779 823 834 838 937 940 960
Iter#3629795 New set #6000 of size 28 (605.0 its/hit = 0.014s/hit): seed=7082832009773327812 [14, 122, 130, 157, 164, 196, 293, 329, 358, 425, 462, 492, 493, 507, 539, 560, 655, 722, 746, 760, 773, 779, 823, 834, 838, 937, 940, 960]
logs_monomial/n10_monomial5.txt.bz2.greedyext.20260220_210834.txt

3 20 24 26 65 76 78 98 183 205 215 265 412 453 474 475 480 492 549 654 677 787 820 845 871 909 918 988
Iter#3993 New set #8 of size 28 (499.1 its/hit = 0.000s/hit): seed=700053325451698645 [3, 20, 24, 26, 65, 76, 78, 98, 183, 205, 215, 265, 412, 453, 474, 475, 480, 492, 549, 654, 677, 787, 820, 845, 871, 909, 918, 988]
logs_monomial/n10_monomial5.txt.bz2.greedyext.20260222_000855.txt

9 21 26 27 55 63 108 186 194 201 206 265 274 322 395 402 439 441 451 510 659 730 737 839 863 960 1017 1020
Iter#1060 New set #1 of size 28 (1060.0 its/hit = 0.000s/hit): seed=12952366939951243283 [9, 21, 26, 27, 55, 63, 108, 186, 194, 201, 206, 265, 274, 322, 395, 402, 439, 441, 451, 510, 659, 730, 737, 839, 863, 960, 1017, 1020]
logs_monomial/n10_monomial5.txt.bz2.greedyext.20260223_083631.txt

3 7 67 84 139 148 211 237 264 288 293 300 305 329 381 384 416 511 566 719 774 854 864 885 926 941 946 1012
Iter#436011 New set #700 of size 28 (622.9 its/hit = 0.024s/hit): seed=1518772498073879872 [3, 7, 67, 84, 139, 148, 211, 237, 264, 288, 293, 300, 305, 329, 381, 384, 416, 511, 566, 719, 774, 854, 864, 885, 926, 941, 946, 1012]
logs_monomial/n10_monomial5.txt.bz2.greedyext.20260223_083631.txt

60 89 125 140 177 227 247 324 346 353 380 415 470 485 521 584 588 598 698 736 740 798 801 893 901 910 990 1004
Iter#2417 New set #6 of size 28 (402.8 its/hit = 0.000s/hit): seed=6749381228046952349 [60, 89, 125, 140, 177, 227, 247, 324, 346, 353, 380, 415, 470, 485, 521, 584, 588, 598, 698, 736, 740, 798, 801, 893, 901, 910, 990, 1004]
logs_monomial/n10_monomial5.txt.bz2.greedyext.20260220_210834.txt

