48 62 225 247 282 292 308 315 331 360 363 364 423 451 468 513 561 655 695 776 841 995
Iter#9882413 New set #50000 of size 22 (197.6 its/hit = 0.004s/hit): seed=10907155253232354297 [48, 62, 225, 247, 282, 292, 308, 315, 331, 360, 363, 364, 423, 451, 468, 513, 561, 655, 695, 776, 841, 995]
logs_monomial/n10_monomial9.txt.bz2.greedyext.20260222_000855.txt

10 64 127 160 336 339 419 471 516 530 637 733 782 810 827 856 866 867 895 933 972 995
Iter#159871 New set #800 of size 22 (199.8 its/hit = 0.004s/hit): seed=13245317451061679567 [10, 64, 127, 160, 336, 339, 419, 471, 516, 530, 637, 733, 782, 810, 827, 856, 866, 867, 895, 933, 972, 995]
logs_monomial/n10_monomial9.txt.bz2.greedyext.20260220_210834.txt

5 33 72 109 195 268 373 421 483 517 555 576 587 598 658 716 777 809 892 894 962 963
Iter#1122 New set #8 of size 22 (140.2 its/hit = 0.000s/hit): seed=4592864841586935300 [5, 33, 72, 109, 195, 268, 373, 421, 483, 517, 555, 576, 587, 598, 658, 716, 777, 809, 892, 894, 962, 963]
logs_monomial/n10_monomial9.txt.bz2.greedyext.20260223_083633.txt

78 145 154 247 295 342 367 368 410 459 559 581 594 623 625 685 694 778 832 886 920 956
Iter#184761 New set #900 of size 22 (205.3 its/hit = 0.004s/hit): seed=8315343739485989603 [78, 145, 154, 247, 295, 342, 367, 368, 410, 459, 559, 581, 594, 623, 625, 685, 694, 778, 832, 886, 920, 956]
logs_monomial/n10_monomial9.txt.bz2.greedyext.20260222_000855.txt

76 205 208 231 295 303 329 356 375 393 418 432 622 654 715 721 740 849 851 912 961 965
Iter#765 New set #4 of size 22 (191.2 its/hit = 0.000s/hit): seed=4497529549561801376 [76, 205, 208, 231, 295, 303, 329, 356, 375, 393, 418, 432, 622, 654, 715, 721, 740, 849, 851, 912, 961, 965]
logs_monomial/n10_monomial9.txt.bz2.greedyext.20260220_210834.txt

42 85 139 232 234 243 264 330 364 381 494 517 581 595 663 687 717 890 980 992 1018 1023
Iter#59376060 New set #300000 of size 22 (197.9 its/hit = 0.004s/hit): seed=7266807441337015604 [42, 85, 139, 232, 234, 243, 264, 330, 364, 381, 494, 517, 581, 595, 663, 687, 717, 890, 980, 992, 1018, 1023]
logs_monomial/n10_monomial9.txt.bz2.greedyext.20260220_210834.txt

104 108 164 253 288 394 485 514 593 609 657 692 702 747 762 817 838 857 869 871 893 1001
Iter#38745 New set #200 of size 22 (193.7 its/hit = 0.000s/hit): seed=6675123722600049966 [104, 108, 164, 253, 288, 394, 485, 514, 593, 609, 657, 692, 702, 747, 762, 817, 838, 857, 869, 871, 893, 1001]
logs_monomial/n10_monomial9.txt.bz2.greedyext.20260223_083632.txt

14 18 63 139 147 156 174 205 244 343 426 472 606 691 722 740 763 786 820 903 988 1004
Iter#2087 New set #7 of size 22 (298.1 its/hit = 0.000s/hit): seed=16589311122438259345 [14, 18, 63, 139, 147, 156, 174, 205, 244, 343, 426, 472, 606, 691, 722, 740, 763, 786, 820, 903, 988, 1004]
logs_monomial/n10_monomial9.txt.bz2.greedyext.20260223_083631.txt

8 56 108 113 132 152 239 245 297 450 504 527 555 640 681 689 715 804 849 914 944 1006
Iter#176588 New set #900 of size 22 (196.2 its/hit = 0.007s/hit): seed=15776808446363601919 [8, 56, 108, 113, 132, 152, 239, 245, 297, 450, 504, 527, 555, 640, 681, 689, 715, 804, 849, 914, 944, 1006]
logs_monomial/n10_monomial9.txt.bz2.greedyext.20260223_083633.txt

23 38 130 175 219 254 293 487 508 563 590 592 613 625 675 677 694 761 852 980 981 1006
Iter#998123 New set #5000 of size 22 (199.6 its/hit = 0.004s/hit): seed=10436067351434079410 [23, 38, 130, 175, 219, 254, 293, 487, 508, 563, 590, 592, 613, 625, 675, 677, 694, 761, 852, 980, 981, 1006]
logs_monomial/n10_monomial9.txt.bz2.greedyext.20260220_210834.txt

151 184 220 280 288 301 365 393 412 442 499 530 535 629 633 638 660 689 790 791 929 1017
Iter#66 New set #1 of size 22 (66.0 its/hit = 0.000s/hit): seed=1536317657363162551 [151, 184, 220, 280, 288, 301, 365, 393, 412, 442, 499, 530, 535, 629, 633, 638, 660, 689, 790, 791, 929, 1017]
logs_monomial/n10_monomial9.txt.bz2.greedyext.20260223_083633.txt

0 17 123 236 323 324 443 478 487 550 603 649 655 658 703 749 808 811 817 828 894 943
Iter#156647 New set #800 of size 22 (195.8 its/hit = 0.006s/hit): seed=15189810569818964756 [0, 17, 123, 236, 323, 324, 443, 478, 487, 550, 603, 649, 655, 658, 703, 749, 808, 811, 817, 828, 894, 943]
logs_monomial/n10_monomial9.txt.bz2.greedyext.20260223_083633.txt

137 205 212 268 405 411 419 434 491 501 538 596 598 601 760 833 852 890 913 956 966 975
Iter#158324591 New set #800000 of size 22 (197.9 its/hit = 0.004s/hit): seed=4422937561173524879 [137, 205, 212, 268, 405, 411, 419, 434, 491, 501, 538, 596, 598, 601, 760, 833, 852, 890, 913, 956, 966, 975]
logs_monomial/n10_monomial9.txt.bz2.greedyext.20260220_210834.txt

1 120 135 161 319 334 353 468 506 548 710 717 724 821 837 845 902 938 968 969 993 1020
Iter#119477 New set #600 of size 22 (199.1 its/hit = 0.007s/hit): seed=18054567567078671433 [1, 120, 135, 161, 319, 334, 353, 468, 506, 548, 710, 717, 724, 821, 837, 845, 902, 938, 968, 969, 993, 1020]
logs_monomial/n10_monomial9.txt.bz2.greedyext.20260223_083632.txt

32 41 93 168 189 323 326 348 363 446 473 493 510 569 577 646 656 662 767 825 916 1016
Iter#1403 New set #4 of size 22 (350.8 its/hit = 0.000s/hit): seed=14321849502638563259 [32, 41, 93, 168, 189, 323, 326, 348, 363, 446, 473, 493, 510, 569, 577, 646, 656, 662, 767, 825, 916, 1016]
logs_monomial/n10_monomial9.txt.bz2.greedyext.20260223_083631.txt

56 60 205 246 253 295 352 390 467 525 584 599 670 673 710 736 822 852 861 964 969 996
Iter#3949431 New set #20000 of size 22 (197.5 its/hit = 0.010s/hit): seed=12903422364729062303 [56, 60, 205, 246, 253, 295, 352, 390, 467, 525, 584, 599, 670, 673, 710, 736, 822, 852, 861, 964, 969, 996]
logs_monomial/n10_monomial9.txt.bz2.greedyext.20260223_083632.txt

7 41 64 93 146 164 262 276 308 388 396 558 600 629 775 851 910 912 937 947 982 1005
Iter#76946 New set #400 of size 22 (192.4 its/hit = 0.003s/hit): seed=4488041191785716507 [7, 41, 64, 93, 146, 164, 262, 276, 308, 388, 396, 558, 600, 629, 775, 851, 910, 912, 937, 947, 982, 1005]
logs_monomial/n10_monomial9.txt.bz2.greedyext.20260220_210834.txt

42 131 157 178 221 341 422 454 501 525 537 545 579 598 784 818 864 867 878 992 1003 1020
Iter#907 New set #5 of size 22 (181.4 its/hit = 0.000s/hit): seed=8143761156659761079 [42, 131, 157, 178, 221, 341, 422, 454, 501, 525, 537, 545, 579, 598, 784, 818, 864, 867, 878, 992, 1003, 1020]
logs_monomial/n10_monomial9.txt.bz2.greedyext.20260222_000855.txt

56 150 167 268 357 463 476 603 633 640 644 725 730 732 756 816 867 877 893 902 909 1009
Iter#1777561 New set #9000 of size 22 (197.5 its/hit = 0.010s/hit): seed=4937783946613017860 [56, 150, 167, 268, 357, 463, 476, 603, 633, 640, 644, 725, 730, 732, 756, 816, 867, 877, 893, 902, 909, 1009]
logs_monomial/n10_monomial9.txt.bz2.greedyext.20260223_083631.txt

0 87 122 135 192 361 381 416 603 615 618 633 702 748 758 789 878 945 969 982 1007 1015
Iter#1226 New set #9 of size 22 (136.2 its/hit = 0.000s/hit): seed=16228102321302143088 [0, 87, 122, 135, 192, 361, 381, 416, 603, 615, 618, 633, 702, 748, 758, 789, 878, 945, 969, 982, 1007, 1015]
logs_monomial/n10_monomial9.txt.bz2.greedyext.20260223_083633.txt

17 22 211 213 227 239 308 348 350 351 495 534 648 707 750 811 853 878 893 988 1016 1021
Iter#23360 New set #100 of size 22 (233.6 its/hit = 0.000s/hit): seed=2982946438624243586 [17, 22, 211, 213, 227, 239, 308, 348, 350, 351, 495, 534, 648, 707, 750, 811, 853, 878, 893, 988, 1016, 1021]
logs_monomial/n10_monomial9.txt.bz2.greedyext.20260223_083631.txt

55 76 182 192 267 314 325 329 408 423 439 591 627 679 774 851 875 931 946 951 965 982
Iter#1595576 New set #8000 of size 22 (199.4 its/hit = 0.007s/hit): seed=4333387330334435739 [55, 76, 182, 192, 267, 314, 325, 329, 408, 423, 439, 591, 627, 679, 774, 851, 875, 931, 946, 951, 965, 982]
logs_monomial/n10_monomial9.txt.bz2.greedyext.20260223_083633.txt

35 75 105 235 288 317 396 443 505 506 532 580 656 666 676 762 807 912 923 952 982 990
Iter#693 New set #2 of size 22 (346.5 its/hit = 0.000s/hit): seed=6392999571111095258 [35, 75, 105, 235, 288, 317, 396, 443, 505, 506, 532, 580, 656, 666, 676, 762, 807, 912, 923, 952, 982, 990]
logs_monomial/n10_monomial9.txt.bz2.greedyext.20260222_000855.txt

98 107 110 117 223 280 352 365 372 431 450 482 483 641 680 684 692 730 732 816 973 1017
Iter#335 New set #1 of size 22 (335.0 its/hit = 0.000s/hit): seed=3169336735551853122 [98, 107, 110, 117, 223, 280, 352, 365, 372, 431, 450, 482, 483, 641, 680, 684, 692, 730, 732, 816, 973, 1017]
logs_monomial/n10_monomial9.txt.bz2.greedyext.20260222_000855.txt

46 94 178 246 262 306 313 314 385 492 610 634 646 703 736 775 795 822 845 890 960 996
Iter#980850 New set #5000 of size 22 (196.2 its/hit = 0.010s/hit): seed=14155351477528346146 [46, 94, 178, 246, 262, 306, 313, 314, 385, 492, 610, 634, 646, 703, 736, 775, 795, 822, 845, 890, 960, 996]
logs_monomial/n10_monomial9.txt.bz2.greedyext.20260223_083631.txt

2 4 16 32 37 56 153 203 313 350 387 393 434 497 509 517 644 650 742 868 930 1010
Iter#1112 New set #5 of size 22 (222.4 its/hit = 0.000s/hit): seed=16821887768602972342 [2, 4, 16, 32, 37, 56, 153, 203, 313, 350, 387, 393, 434, 497, 509, 517, 644, 650, 742, 868, 930, 1010]
logs_monomial/n10_monomial9.txt.bz2.greedyext.20260220_210834.txt

6 71 214 227 230 243 257 262 329 342 453 526 545 702 739 762 778 866 868 872 936 975
Iter#2399 New set #10 of size 22 (239.9 its/hit = 0.000s/hit): seed=5721444448198523475 [6, 71, 214, 227, 230, 243, 257, 262, 329, 342, 453, 526, 545, 702, 739, 762, 778, 866, 868, 872, 936, 975]
logs_monomial/n10_monomial9.txt.bz2.greedyext.20260223_083631.txt

73 237 248 277 296 358 381 390 400 407 442 518 544 549 553 607 696 760 786 844 895 924
Iter#102623 New set #500 of size 22 (205.2 its/hit = 0.006s/hit): seed=2117210889595606552 [73, 237, 248, 277, 296, 358, 381, 390, 400, 407, 442, 518, 544, 549, 553, 607, 696, 760, 786, 844, 895, 924]
logs_monomial/n10_monomial9.txt.bz2.greedyext.20260223_083631.txt

6 160 273 328 351 372 373 375 380 384 406 416 448 495 533 600 639 664 701 835 883 1006
Iter#78560 New set #400 of size 22 (196.4 its/hit = 0.005s/hit): seed=2008062900504270156 [6, 160, 273, 328, 351, 372, 373, 375, 380, 384, 406, 416, 448, 495, 533, 600, 639, 664, 701, 835, 883, 1006]
logs_monomial/n10_monomial9.txt.bz2.greedyext.20260223_083632.txt

12 110 177 347 362 401 427 514 538 550 573 577 590 604 650 704 741 796 816 821 860 866
Iter#97998 New set #500 of size 22 (196.0 its/hit = 0.006s/hit): seed=15345968331816579215 [12, 110, 177, 347, 362, 401, 427, 514, 538, 550, 573, 577, 590, 604, 650, 704, 741, 796, 816, 821, 860, 866]
logs_monomial/n10_monomial9.txt.bz2.greedyext.20260223_083632.txt

5 29 33 101 127 267 416 423 532 569 582 675 685 738 816 897 907 912 976 988 989 999
Iter#1188546 New set #6000 of size 22 (198.1 its/hit = 0.004s/hit): seed=14145491618882458851 [5, 29, 33, 101, 127, 267, 416, 423, 532, 569, 582, 675, 685, 738, 816, 897, 907, 912, 976, 988, 989, 999]
logs_monomial/n10_monomial9.txt.bz2.greedyext.20260222_000855.txt

66 70 80 83 133 223 244 332 362 373 594 600 652 660 735 809 829 841 895 903 968 1013
Iter#98631 New set #500 of size 22 (197.3 its/hit = 0.006s/hit): seed=17436558452063746595 [66, 70, 80, 83, 133, 223, 244, 332, 362, 373, 594, 600, 652, 660, 735, 809, 829, 841, 895, 903, 968, 1013]
logs_monomial/n10_monomial9.txt.bz2.greedyext.20260223_083633.txt

41 45 82 120 140 152 242 270 276 360 400 420 499 553 590 619 626 629 635 660 894 955
Iter#45256 New set #200 of size 22 (226.3 its/hit = 0.005s/hit): seed=850443591639723447 [41, 45, 82, 120, 140, 152, 242, 270, 276, 360, 400, 420, 499, 553, 590, 619, 626, 629, 635, 660, 894, 955]
logs_monomial/n10_monomial9.txt.bz2.greedyext.20260222_000855.txt

26 35 105 220 324 330 353 398 433 555 648 688 725 744 777 815 864 866 877 941 979 996
Iter#17793173 New set #90000 of size 22 (197.7 its/hit = 0.004s/hit): seed=7714186006361488081 [26, 35, 105, 220, 324, 330, 353, 398, 433, 555, 648, 688, 725, 744, 777, 815, 864, 866, 877, 941, 979, 996]
logs_monomial/n10_monomial9.txt.bz2.greedyext.20260220_210834.txt

8 58 109 123 201 265 290 302 338 529 615 627 661 731 815 838 873 876 921 957 1016 1017
Iter#1874 New set #9 of size 22 (208.2 its/hit = 0.000s/hit): seed=14743090479719396842 [8, 58, 109, 123, 201, 265, 290, 302, 338, 529, 615, 627, 661, 731, 815, 838, 873, 876, 921, 957, 1016, 1017]
logs_monomial/n10_monomial9.txt.bz2.greedyext.20260222_000855.txt

41 78 143 167 178 206 227 231 304 329 373 381 425 463 607 718 827 879 926 927 956 1003
Iter#1569404 New set #8000 of size 22 (196.2 its/hit = 0.004s/hit): seed=12980828227970702034 [41, 78, 143, 167, 178, 206, 227, 231, 304, 329, 373, 381, 425, 463, 607, 718, 827, 879, 926, 927, 956, 1003]
logs_monomial/n10_monomial9.txt.bz2.greedyext.20260222_000855.txt

20 58 80 139 167 186 187 230 256 288 328 345 364 397 424 537 595 653 762 835 922 924
Iter#1180 New set #3 of size 22 (393.3 its/hit = 0.000s/hit): seed=4632669773639305450 [20, 58, 80, 139, 167, 186, 187, 230, 256, 288, 328, 345, 364, 397, 424, 537, 595, 653, 762, 835, 922, 924]
logs_monomial/n10_monomial9.txt.bz2.greedyext.20260223_083631.txt

3 95 102 125 130 196 312 492 545 587 594 636 674 690 693 701 703 704 871 886 968 973
Iter#1461 New set #8 of size 22 (182.6 its/hit = 0.000s/hit): seed=6538761273819766778 [3, 95, 102, 125, 130, 196, 312, 492, 545, 587, 594, 636, 674, 690, 693, 701, 703, 704, 871, 886, 968, 973]
logs_monomial/n10_monomial9.txt.bz2.greedyext.20260223_083632.txt

40 49 64 97 110 153 165 179 190 256 307 331 333 345 381 520 702 708 777 868 892 917
Iter#136797 New set #700 of size 22 (195.4 its/hit = 0.007s/hit): seed=8883345870092248713 [40, 49, 64, 97, 110, 153, 165, 179, 190, 256, 307, 331, 333, 345, 381, 520, 702, 708, 777, 868, 892, 917]
logs_monomial/n10_monomial9.txt.bz2.greedyext.20260223_083633.txt

7 61 114 231 249 281 341 352 366 380 490 756 761 784 791 844 857 920 951 956 991 1020
Iter#13871853 New set #70000 of size 22 (198.2 its/hit = 0.004s/hit): seed=2415514412260998657 [7, 61, 114, 231, 249, 281, 341, 352, 366, 380, 490, 756, 761, 784, 791, 844, 857, 920, 951, 956, 991, 1020]
logs_monomial/n10_monomial9.txt.bz2.greedyext.20260220_210834.txt

15 41 157 166 278 354 392 464 469 488 510 584 620 660 676 680 699 747 781 946 962 1000
Iter#598824 New set #3000 of size 22 (199.6 its/hit = 0.004s/hit): seed=3323109318074411361 [15, 41, 157, 166, 278, 354, 392, 464, 469, 488, 510, 584, 620, 660, 676, 680, 699, 747, 781, 946, 962, 1000]
logs_monomial/n10_monomial9.txt.bz2.greedyext.20260222_000855.txt

96 197 259 341 413 444 460 520 529 555 566 587 600 650 723 775 803 832 852 891 896 913
Iter#856 New set #7 of size 22 (122.3 its/hit = 0.000s/hit): seed=13065543251362780837 [96, 197, 259, 341, 413, 444, 460, 520, 529, 555, 566, 587, 600, 650, 723, 775, 803, 832, 852, 891, 896, 913]
logs_monomial/n10_monomial9.txt.bz2.greedyext.20260223_083633.txt

76 83 96 128 134 152 270 310 352 577 611 618 683 705 731 785 806 810 814 876 889 912
Iter#182048 New set #900 of size 22 (202.3 its/hit = 0.007s/hit): seed=1547089059044073159 [76, 83, 96, 128, 134, 152, 270, 310, 352, 577, 611, 618, 683, 705, 731, 785, 806, 810, 814, 876, 889, 912]
logs_monomial/n10_monomial9.txt.bz2.greedyext.20260223_083631.txt

2 31 75 82 88 136 211 245 309 344 415 422 430 543 720 746 756 782 824 842 889 904
Iter#163522 New set #800 of size 22 (204.4 its/hit = 0.004s/hit): seed=13214300965781913023 [2, 31, 75, 82, 88, 136, 211, 245, 309, 344, 415, 422, 430, 543, 720, 746, 756, 782, 824, 842, 889, 904]
logs_monomial/n10_monomial9.txt.bz2.greedyext.20260222_000855.txt

65 77 97 123 147 274 397 404 423 538 543 655 720 728 730 761 802 817 865 884 917 936
Iter#593994 New set #3000 of size 22 (198.0 its/hit = 0.008s/hit): seed=6018101619422633562 [65, 77, 97, 123, 147, 274, 397, 404, 423, 538, 543, 655, 720, 728, 730, 761, 802, 817, 865, 884, 917, 936]
logs_monomial/n10_monomial9.txt.bz2.greedyext.20260223_083632.txt

2 91 143 181 183 185 194 334 431 446 447 448 479 671 727 768 810 820 867 876 884 978
Iter#198017036 New set #1000000 of size 22 (198.0 its/hit = 0.005s/hit): seed=8581757893929505785 [2, 91, 143, 181, 183, 185, 194, 334, 431, 446, 447, 448, 479, 671, 727, 768, 810, 820, 867, 876, 884, 978]
logs_monomial/n10_monomial9.txt.bz2.greedyext.20260222_000855.txt

27 41 43 54 117 145 178 261 275 332 342 477 608 613 628 631 636 645 911 941 990 1003
Iter#13806014 New set #70000 of size 22 (197.2 its/hit = 0.004s/hit): seed=2005099729452844235 [27, 41, 43, 54, 117, 145, 178, 261, 275, 332, 342, 477, 608, 613, 628, 631, 636, 645, 911, 941, 990, 1003]
logs_monomial/n10_monomial9.txt.bz2.greedyext.20260222_000855.txt

18 57 62 224 251 273 348 366 378 415 484 492 530 551 595 606 624 775 795 813 974 980
Iter#39654416 New set #200000 of size 22 (198.3 its/hit = 0.005s/hit): seed=17416451833776635168 [18, 57, 62, 224, 251, 273, 348, 366, 378, 415, 484, 492, 530, 551, 595, 606, 624, 775, 795, 813, 974, 980]
logs_monomial/n10_monomial9.txt.bz2.greedyext.20260222_000855.txt

3 8 39 215 221 284 296 382 404 412 420 452 474 478 722 740 781 792 931 970 998 1014
Iter#1991 New set #10 of size 22 (199.1 its/hit = 0.000s/hit): seed=10768223135797159007 [3, 8, 39, 215, 221, 284, 296, 382, 404, 412, 420, 452, 474, 478, 722, 740, 781, 792, 931, 970, 998, 1014]
logs_monomial/n10_monomial9.txt.bz2.greedyext.20260220_210834.txt

61 72 88 98 101 125 154 171 260 439 475 489 500 554 581 633 746 753 766 788 835 914
Iter#993494 New set #5000 of size 22 (198.7 its/hit = 0.004s/hit): seed=3015902811699222083 [61, 72, 88, 98, 101, 125, 154, 171, 260, 439, 475, 489, 500, 554, 581, 633, 746, 753, 766, 788, 835, 914]
logs_monomial/n10_monomial9.txt.bz2.greedyext.20260222_000855.txt

18 23 234 284 304 319 469 503 562 596 624 663 672 706 735 758 816 852 872 873 878 881
Iter#11808 New set #50 of size 22 (236.2 its/hit = 0.000s/hit): seed=2500989101602987990 [18, 23, 234, 284, 304, 319, 469, 503, 562, 596, 624, 663, 672, 706, 735, 758, 816, 852, 872, 873, 878, 881]
logs_monomial/n10_monomial9.txt.bz2.greedyext.20260223_083631.txt

64 149 278 400 468 474 501 585 588 600 601 643 686 695 741 785 798 885 897 925 933 991
Iter#1002878 New set #5000 of size 22 (200.6 its/hit = 0.007s/hit): seed=15230886466331694698 [64, 149, 278, 400, 468, 474, 501, 585, 588, 600, 601, 643, 686, 695, 741, 785, 798, 885, 897, 925, 933, 991]
logs_monomial/n10_monomial9.txt.bz2.greedyext.20260223_083633.txt

35 65 73 87 174 249 262 299 582 621 672 696 699 712 754 814 857 894 937 998 1003 1014
Iter#15797224 New set #80000 of size 22 (197.5 its/hit = 0.004s/hit): seed=15655042563106027938 [35, 65, 73, 87, 174, 249, 262, 299, 582, 621, 672, 696, 699, 712, 754, 814, 857, 894, 937, 998, 1003, 1014]
logs_monomial/n10_monomial9.txt.bz2.greedyext.20260222_000855.txt

26 57 84 149 173 175 259 344 345 476 479 503 551 575 588 597 678 718 772 789 801 988
Iter#79125279 New set #400000 of size 22 (197.8 its/hit = 0.004s/hit): seed=1250223073859578913 [26, 57, 84, 149, 173, 175, 259, 344, 345, 476, 479, 503, 551, 575, 588, 597, 678, 718, 772, 789, 801, 988]
logs_monomial/n10_monomial9.txt.bz2.greedyext.20260220_210834.txt

15 88 112 258 263 290 351 363 396 477 495 549 615 642 648 670 677 752 761 920 924 926
Iter#177742 New set #900 of size 22 (197.5 its/hit = 0.003s/hit): seed=6225693305853964063 [15, 88, 112, 258, 263, 290, 351, 363, 396, 477, 495, 549, 615, 642, 648, 670, 677, 752, 761, 920, 924, 926]
logs_monomial/n10_monomial9.txt.bz2.greedyext.20260220_210834.txt

3 179 185 191 195 225 276 289 293 357 358 471 480 596 607 624 684 738 814 831 833 991
Iter#158426 New set #800 of size 22 (198.0 its/hit = 0.007s/hit): seed=864355086994466351 [3, 179, 185, 191, 195, 225, 276, 289, 293, 357, 358, 471, 480, 596, 607, 624, 684, 738, 814, 831, 833, 991]
logs_monomial/n10_monomial9.txt.bz2.greedyext.20260223_083632.txt

38 86 120 166 289 307 338 341 367 371 391 443 446 491 556 649 662 730 804 812 927 957
Iter#337 New set #2 of size 22 (168.5 its/hit = 0.000s/hit): seed=16734182744169900659 [38, 86, 120, 166, 289, 307, 338, 341, 367, 371, 391, 443, 446, 491, 556, 649, 662, 730, 804, 812, 927, 957]
logs_monomial/n10_monomial9.txt.bz2.greedyext.20260220_210834.txt

42 67 78 193 252 266 344 362 422 448 465 468 523 553 592 593 625 664 721 749 801 805
Iter#62840 New set #300 of size 22 (209.5 its/hit = 0.003s/hit): seed=12407267744100188567 [42, 67, 78, 193, 252, 266, 344, 362, 422, 448, 465, 468, 523, 553, 592, 593, 625, 664, 721, 749, 801, 805]
logs_monomial/n10_monomial9.txt.bz2.greedyext.20260223_083631.txt

45 54 65 122 233 277 291 347 363 374 455 467 506 619 628 664 766 769 776 970 992 994
Iter#1986057 New set #10000 of size 22 (198.6 its/hit = 0.006s/hit): seed=18388579606681465247 [45, 54, 65, 122, 233, 277, 291, 347, 363, 374, 455, 467, 506, 619, 628, 664, 766, 769, 776, 970, 992, 994]
logs_monomial/n10_monomial9.txt.bz2.greedyext.20260223_083633.txt

20 82 100 121 157 285 378 399 401 462 469 506 518 586 628 631 680 717 724 910 958 1014
Iter#1976966 New set #10000 of size 22 (197.7 its/hit = 0.004s/hit): seed=9092615671842709071 [20, 82, 100, 121, 157, 285, 378, 399, 401, 462, 469, 506, 518, 586, 628, 631, 680, 717, 724, 910, 958, 1014]
logs_monomial/n10_monomial9.txt.bz2.greedyext.20260222_000855.txt

59 96 140 231 269 379 420 470 509 556 566 593 676 687 717 731 831 835 869 893 933 963
Iter#57574 New set #300 of size 22 (191.9 its/hit = 0.003s/hit): seed=11755959619275531322 [59, 96, 140, 231, 269, 379, 420, 470, 509, 556, 566, 593, 676, 687, 717, 731, 831, 835, 869, 893, 933, 963]
logs_monomial/n10_monomial9.txt.bz2.greedyext.20260220_210834.txt

16 33 158 268 280 308 416 456 460 502 590 606 658 813 885 901 925 946 956 1008 1010 1023
Iter#138484729 New set #700000 of size 22 (197.8 its/hit = 0.004s/hit): seed=6292416194364683794 [16, 33, 158, 268, 280, 308, 416, 456, 460, 502, 590, 606, 658, 813, 885, 901, 925, 946, 956, 1008, 1010, 1023]
logs_monomial/n10_monomial9.txt.bz2.greedyext.20260220_210834.txt

36 167 215 225 271 344 362 405 462 515 522 714 720 727 740 774 806 889 943 959 973 1015
Iter#397491 New set #2000 of size 22 (198.7 its/hit = 0.010s/hit): seed=10708123823252986197 [36, 167, 215, 225, 271, 344, 362, 405, 462, 515, 522, 714, 720, 727, 740, 774, 806, 889, 943, 959, 973, 1015]
logs_monomial/n10_monomial9.txt.bz2.greedyext.20260223_083632.txt

56 71 169 186 239 249 262 286 299 362 436 444 460 461 651 675 679 817 827 830 935 952
Iter#1765952 New set #9000 of size 22 (196.2 its/hit = 0.010s/hit): seed=8930146297782844929 [56, 71, 169, 186, 239, 249, 262, 286, 299, 362, 436, 444, 460, 461, 651, 675, 679, 817, 827, 830, 935, 952]
logs_monomial/n10_monomial9.txt.bz2.greedyext.20260223_083632.txt

75 132 194 196 207 224 271 360 393 484 488 508 523 574 635 662 674 700 741 920 939 1002
Iter#178319033 New set #900000 of size 22 (198.1 its/hit = 0.005s/hit): seed=12939620750524930433 [75, 132, 194, 196, 207, 224, 271, 360, 393, 484, 488, 508, 523, 574, 635, 662, 674, 700, 741, 920, 939, 1002]
logs_monomial/n10_monomial9.txt.bz2.greedyext.20260222_000855.txt

227 234 278 321 335 411 433 454 579 580 591 620 654 742 766 769 847 863 883 894 928 949
Iter#5898045 New set #30000 of size 22 (196.6 its/hit = 0.004s/hit): seed=14448094621898821228 [227, 234, 278, 321, 335, 411, 433, 454, 579, 580, 591, 620, 654, 742, 766, 769, 847, 863, 883, 894, 928, 949]
logs_monomial/n10_monomial9.txt.bz2.greedyext.20260222_000855.txt

5 66 81 121 287 323 402 405 473 479 480 543 551 582 605 617 657 676 885 896 920 946
Iter#1794 New set #9 of size 22 (199.3 its/hit = 0.000s/hit): seed=1197498683866275258 [5, 66, 81, 121, 287, 323, 402, 405, 473, 479, 480, 543, 551, 582, 605, 617, 657, 676, 885, 896, 920, 946]
logs_monomial/n10_monomial9.txt.bz2.greedyext.20260220_210834.txt

68 115 126 155 159 234 266 354 359 412 415 454 554 560 741 768 834 866 897 947 949 1006
Iter#252 New set #4 of size 22 (63.0 its/hit = 0.000s/hit): seed=3563518919478215366 [68, 115, 126, 155, 159, 234, 266, 354, 359, 412, 415, 454, 554, 560, 741, 768, 834, 866, 897, 947, 949, 1006]
logs_monomial/n10_monomial9.txt.bz2.greedyext.20260223_083633.txt

16 89 129 150 183 201 212 215 249 313 325 399 404 467 519 625 678 738 855 894 950 978
Iter#143091 New set #700 of size 22 (204.4 its/hit = 0.006s/hit): seed=1537480907959360655 [16, 89, 129, 150, 183, 201, 212, 215, 249, 313, 325, 399, 404, 467, 519, 625, 678, 738, 855, 894, 950, 978]
logs_monomial/n10_monomial9.txt.bz2.greedyext.20260223_083631.txt

3 11 27 54 61 65 217 223 272 427 492 612 650 753 779 840 850 862 905 937 993 1012
Iter#58 New set #1 of size 22 (58.0 its/hit = 0.000s/hit): seed=12917352901033263637 [3, 11, 27, 54, 61, 65, 217, 223, 272, 427, 492, 612, 650, 753, 779, 840, 850, 862, 905, 937, 993, 1012]
logs_monomial/n10_monomial9.txt.bz2.greedyext.20260220_210834.txt

25 61 150 204 246 355 371 390 394 405 457 541 600 645 647 654 749 764 878 956 979 997
Iter#5077 New set #20 of size 22 (253.9 its/hit = 0.000s/hit): seed=7351326118989690062 [25, 61, 150, 204, 246, 355, 371, 390, 394, 405, 457, 541, 600, 645, 647, 654, 749, 764, 878, 956, 979, 997]
logs_monomial/n10_monomial9.txt.bz2.greedyext.20260223_083631.txt

13 65 104 159 193 207 305 445 488 569 577 623 716 722 745 800 805 853 854 862 900 998
Iter#17983 New set #70 of size 22 (256.9 its/hit = 0.000s/hit): seed=10667856148001279363 [13, 65, 104, 159, 193, 207, 305, 445, 488, 569, 577, 623, 716, 722, 745, 800, 805, 853, 854, 862, 900, 998]
logs_monomial/n10_monomial9.txt.bz2.greedyext.20260222_000855.txt

3 31 56 69 81 156 203 396 445 451 593 615 617 640 667 764 781 792 813 853 902 1010
Iter#1281 New set #7 of size 22 (183.0 its/hit = 0.000s/hit): seed=17132401671318499019 [3, 31, 56, 69, 81, 156, 203, 396, 445, 451, 593, 615, 617, 640, 667, 764, 781, 792, 813, 853, 902, 1010]
logs_monomial/n10_monomial9.txt.bz2.greedyext.20260223_083632.txt

5 18 56 61 100 138 250 267 296 377 408 453 526 640 685 712 728 774 840 946 955 992
Iter#9844676 New set #50000 of size 22 (196.9 its/hit = 0.004s/hit): seed=17388231036916811352 [5, 18, 56, 61, 100, 138, 250, 267, 296, 377, 408, 453, 526, 640, 685, 712, 728, 774, 840, 946, 955, 992]
logs_monomial/n10_monomial9.txt.bz2.greedyext.20260220_210834.txt

64 119 170 197 226 257 276 289 328 345 346 372 424 426 489 545 632 704 761 805 878 896
Iter#17786523 New set #90000 of size 22 (197.6 its/hit = 0.004s/hit): seed=5969894033393931500 [64, 119, 170, 197, 226, 257, 276, 289, 328, 345, 346, 372, 424, 426, 489, 545, 632, 704, 761, 805, 878, 896]
logs_monomial/n10_monomial9.txt.bz2.greedyext.20260222_000855.txt

8 81 82 92 175 212 232 301 395 453 559 626 670 673 738 745 750 765 861 932 974 983
Iter#799777 New set #4000 of size 22 (199.9 its/hit = 0.004s/hit): seed=6679854959845458319 [8, 81, 82, 92, 175, 212, 232, 301, 395, 453, 559, 626, 670, 673, 738, 745, 750, 765, 861, 932, 974, 983]
logs_monomial/n10_monomial9.txt.bz2.greedyext.20260220_210834.txt

138 192 236 243 274 326 402 452 460 523 614 668 699 709 752 765 883 889 973 987 991 1023
Iter#11848528 New set #60000 of size 22 (197.5 its/hit = 0.004s/hit): seed=2515915485293648171 [138, 192, 236, 243, 274, 326, 402, 452, 460, 523, 614, 668, 699, 709, 752, 765, 883, 889, 973, 987, 991, 1023]
logs_monomial/n10_monomial9.txt.bz2.greedyext.20260220_210834.txt

29 80 99 104 121 211 362 402 412 666 687 699 750 764 811 839 939 977 988 1009 1011 1017
Iter#409652 New set #2000 of size 22 (204.8 its/hit = 0.004s/hit): seed=17016882109987762518 [29, 80, 99, 104, 121, 211, 362, 402, 412, 666, 687, 699, 750, 764, 811, 839, 939, 977, 988, 1009, 1011, 1017]
logs_monomial/n10_monomial9.txt.bz2.greedyext.20260222_000855.txt

12 88 159 179 183 229 237 272 333 391 516 562 640 642 645 704 790 795 869 918 952 1020
Iter#1565 New set #9 of size 22 (173.9 its/hit = 0.000s/hit): seed=13933736079924051159 [12, 88, 159, 179, 183, 229, 237, 272, 333, 391, 516, 562, 640, 642, 645, 704, 790, 795, 869, 918, 952, 1020]
logs_monomial/n10_monomial9.txt.bz2.greedyext.20260223_083632.txt

25 50 85 182 219 264 279 286 294 350 382 459 511 528 536 619 679 808 886 893 922 998
Iter#196653 New set #1000 of size 22 (196.7 its/hit = 0.007s/hit): seed=5645153514241314316 [25, 50, 85, 182, 219, 264, 279, 286, 294, 350, 382, 459, 511, 528, 536, 619, 679, 808, 886, 893, 922, 998]
logs_monomial/n10_monomial9.txt.bz2.greedyext.20260223_083633.txt

47 50 200 209 255 314 368 387 397 488 506 518 533 608 696 699 722 773 814 838 966 997
Iter#6102 New set #30 of size 22 (203.4 its/hit = 0.000s/hit): seed=15255463072591173726 [47, 50, 200, 209, 255, 314, 368, 387, 397, 488, 506, 518, 533, 608, 696, 699, 722, 773, 814, 838, 966, 997]
logs_monomial/n10_monomial9.txt.bz2.greedyext.20260222_000855.txt

75 87 99 113 168 334 400 443 477 511 548 677 692 706 717 791 805 887 927 970 989 1011
Iter#799679 New set #4000 of size 22 (199.9 its/hit = 0.005s/hit): seed=10305229693013690951 [75, 87, 99, 113, 168, 334, 400, 443, 477, 511, 548, 677, 692, 706, 717, 791, 805, 887, 927, 970, 989, 1011]
logs_monomial/n10_monomial9.txt.bz2.greedyext.20260222_000855.txt

65 155 214 339 501 521 677 681 682 686 707 724 741 769 777 786 788 804 821 835 886 970
Iter#37 New set #1 of size 22 (37.0 its/hit = 0.000s/hit): seed=15911188161762574362 [65, 155, 214, 339, 501, 521, 677, 681, 682, 686, 707, 724, 741, 769, 777, 786, 788, 804, 821, 835, 886, 970]
logs_monomial/n10_monomial9.txt.bz2.greedyext.20260223_083632.txt

14 94 127 312 357 375 419 420 444 453 465 473 509 554 621 682 750 778 827 921 922 1017
Iter#77960 New set #400 of size 22 (194.9 its/hit = 0.005s/hit): seed=8615725082105261979 [14, 94, 127, 312, 357, 375, 419, 420, 444, 453, 465, 473, 509, 554, 621, 682, 750, 778, 827, 921, 922, 1017]
logs_monomial/n10_monomial9.txt.bz2.greedyext.20260223_083633.txt

95 159 179 206 231 304 335 367 418 435 464 484 511 632 680 705 714 838 862 868 877 903
Iter#1205631 New set #6000 of size 22 (200.9 its/hit = 0.004s/hit): seed=936398030383218669 [95, 159, 179, 206, 231, 304, 335, 367, 418, 435, 464, 484, 511, 632, 680, 705, 714, 838, 862, 868, 877, 903]
logs_monomial/n10_monomial9.txt.bz2.greedyext.20260220_210834.txt

17 134 138 199 239 249 269 352 444 468 478 572 749 851 881 886 903 917 925 929 961 1000
Iter#1785684 New set #9000 of size 22 (198.4 its/hit = 0.004s/hit): seed=15502137303333693434 [17, 134, 138, 199, 239, 249, 269, 352, 444, 468, 478, 572, 749, 851, 881, 886, 903, 917, 925, 929, 961, 1000]
logs_monomial/n10_monomial9.txt.bz2.greedyext.20260220_210834.txt

40 161 213 230 255 309 345 359 486 490 541 572 611 614 627 666 735 799 846 863 906 958
Iter#1776932 New set #9000 of size 22 (197.4 its/hit = 0.004s/hit): seed=2426416425889532553 [40, 161, 213, 230, 255, 309, 345, 359, 486, 490, 541, 572, 611, 614, 627, 666, 735, 799, 846, 863, 906, 958]
logs_monomial/n10_monomial9.txt.bz2.greedyext.20260222_000855.txt

156 172 190 303 311 365 408 422 430 456 468 529 536 593 624 625 671 674 685 729 959 1006
Iter#19196 New set #80 of size 22 (239.9 its/hit = 0.000s/hit): seed=7002186345003600770 [156, 172, 190, 303, 311, 365, 408, 422, 430, 456, 468, 529, 536, 593, 624, 625, 671, 674, 685, 729, 959, 1006]
logs_monomial/n10_monomial9.txt.bz2.greedyext.20260223_083631.txt

64 122 134 136 189 249 282 380 399 435 576 597 652 670 675 710 719 894 937 977 994 1023
Iter#10197 New set #60 of size 22 (169.9 its/hit = 0.000s/hit): seed=12560797111666233945 [64, 122, 134, 136, 189, 249, 282, 380, 399, 435, 576, 597, 652, 670, 675, 710, 719, 894, 937, 977, 994, 1023]
logs_monomial/n10_monomial9.txt.bz2.greedyext.20260220_210834.txt

20 54 95 133 136 308 310 418 504 513 521 528 618 628 672 687 693 760 860 875 910 926
Iter#161583 New set #800 of size 22 (202.0 its/hit = 0.006s/hit): seed=12675310461148073344 [20, 54, 95, 133, 136, 308, 310, 418, 504, 513, 521, 528, 618, 628, 672, 687, 693, 760, 860, 875, 910, 926]
logs_monomial/n10_monomial9.txt.bz2.greedyext.20260223_083631.txt

6 52 97 125 198 289 329 361 362 363 399 469 480 525 537 668 800 818 832 940 984 991
Iter#446 New set #3 of size 22 (148.7 its/hit = 0.000s/hit): seed=8591544473336404270 [6, 52, 97, 125, 198, 289, 329, 361, 362, 363, 399, 469, 480, 525, 537, 668, 800, 818, 832, 940, 984, 991]
logs_monomial/n10_monomial9.txt.bz2.greedyext.20260220_210834.txt

3 44 107 111 120 169 205 237 309 414 420 450 455 515 523 541 627 628 715 770 841 851
Iter#586430 New set #3000 of size 22 (195.5 its/hit = 0.011s/hit): seed=5771698277417231724 [3, 44, 107, 111, 120, 169, 205, 237, 309, 414, 420, 450, 455, 515, 523, 541, 627, 628, 715, 770, 841, 851]
logs_monomial/n10_monomial9.txt.bz2.greedyext.20260223_083631.txt

125 162 178 211 230 291 292 351 381 509 526 621 655 678 679 741 902 913 945 949 990 996
Iter#139399 New set #700 of size 22 (199.1 its/hit = 0.004s/hit): seed=5293971804717383504 [125, 162, 178, 211, 230, 291, 292, 351, 381, 509, 526, 621, 655, 678, 679, 741, 902, 913, 945, 949, 990, 996]
logs_monomial/n10_monomial9.txt.bz2.greedyext.20260220_210834.txt

71 88 109 158 163 216 360 381 487 506 593 661 683 725 738 753 754 760 780 921 941 988
Iter#19788580 New set #100000 of size 22 (197.9 its/hit = 0.004s/hit): seed=5295355246245080202 [71, 88, 109, 158, 163, 216, 360, 381, 487, 506, 593, 661, 683, 725, 738, 753, 754, 760, 780, 921, 941, 988]
logs_monomial/n10_monomial9.txt.bz2.greedyext.20260220_210834.txt

120 206 212 312 359 364 402 417 483 503 506 605 657 687 688 721 739 767 890 924 927 954
Iter#20412 New set #80 of size 22 (255.1 its/hit = 0.000s/hit): seed=9142740856651865726 [120, 206, 212, 312, 359, 364, 402, 417, 483, 503, 506, 605, 657, 687, 688, 721, 739, 767, 890, 924, 927, 954]
logs_monomial/n10_monomial9.txt.bz2.greedyext.20260222_000855.txt

12 25 55 101 115 219 236 258 299 320 439 507 521 558 613 639 791 805 820 900 986 1004
Iter#4205 New set #20 of size 22 (210.2 its/hit = 0.000s/hit): seed=17767963423107030490 [12, 25, 55, 101, 115, 219, 236, 258, 299, 320, 439, 507, 521, 558, 613, 639, 791, 805, 820, 900, 986, 1004]
logs_monomial/n10_monomial9.txt.bz2.greedyext.20260223_083632.txt

48 124 141 147 214 253 258 279 432 444 470 498 565 619 626 657 699 833 865 973 985 1016
Iter#4370 New set #20 of size 22 (218.5 its/hit = 0.000s/hit): seed=18250073544740672116 [48, 124, 141, 147, 214, 253, 258, 279, 432, 444, 470, 498, 565, 619, 626, 657, 699, 833, 865, 973, 985, 1016]
logs_monomial/n10_monomial9.txt.bz2.greedyext.20260223_083633.txt

0 24 75 111 307 364 383 433 459 523 537 620 634 714 731 749 781 844 899 900 961 982
Iter#5915 New set #30 of size 22 (197.2 its/hit = 0.000s/hit): seed=1606883444684523340 [0, 24, 75, 111, 307, 364, 383, 433, 459, 523, 537, 620, 634, 714, 731, 749, 781, 844, 899, 900, 961, 982]
logs_monomial/n10_monomial9.txt.bz2.greedyext.20260223_083633.txt

44 68 79 86 88 179 203 392 425 521 569 588 616 630 644 684 698 758 781 830 940 1008
Iter#1181047 New set #6000 of size 22 (196.8 its/hit = 0.010s/hit): seed=12523689262954064766 [44, 68, 79, 86, 88, 179, 203, 392, 425, 521, 569, 588, 616, 630, 644, 684, 698, 758, 781, 830, 940, 1008]
logs_monomial/n10_monomial9.txt.bz2.greedyext.20260223_083631.txt

8 31 55 64 146 167 240 330 467 532 564 643 661 690 695 743 764 780 796 822 900 936
Iter#40757 New set #200 of size 22 (203.8 its/hit = 0.005s/hit): seed=10298493145594351429 [8, 31, 55, 64, 146, 167, 240, 330, 467, 532, 564, 643, 661, 690, 695, 743, 764, 780, 796, 822, 900, 936]
logs_monomial/n10_monomial9.txt.bz2.greedyext.20260223_083633.txt

91 110 116 155 218 222 229 276 356 406 476 479 503 506 521 544 597 632 692 730 865 900
Iter#1221 New set #7 of size 22 (174.4 its/hit = 0.000s/hit): seed=2711231055378740543 [91, 110, 116, 155, 218, 222, 229, 276, 356, 406, 476, 479, 503, 506, 521, 544, 597, 632, 692, 730, 865, 900]
logs_monomial/n10_monomial9.txt.bz2.greedyext.20260222_000855.txt

62 98 358 385 405 417 458 464 492 498 560 606 700 762 778 786 829 890 918 954 995 1010
Iter#82298 New set #400 of size 22 (205.7 its/hit = 0.005s/hit): seed=17141268106958963256 [62, 98, 358, 385, 405, 417, 458, 464, 492, 498, 560, 606, 700, 762, 778, 786, 829, 890, 918, 954, 995, 1010]
logs_monomial/n10_monomial9.txt.bz2.greedyext.20260223_083631.txt

17 20 84 88 156 173 185 218 439 484 499 578 618 635 694 696 702 708 742 831 980 999
Iter#798523 New set #4000 of size 22 (199.6 its/hit = 0.007s/hit): seed=11748245527469717815 [17, 20, 84, 88, 156, 173, 185, 218, 439, 484, 499, 578, 618, 635, 694, 696, 702, 708, 742, 831, 980, 999]
logs_monomial/n10_monomial9.txt.bz2.greedyext.20260223_083633.txt

16 38 116 125 200 301 330 359 369 395 400 414 482 569 607 669 802 835 840 841 892 950
Iter#670 New set #5 of size 22 (134.0 its/hit = 0.000s/hit): seed=16326798913091209130 [16, 38, 116, 125, 200, 301, 330, 359, 369, 395, 400, 414, 482, 569, 607, 669, 802, 835, 840, 841, 892, 950]
logs_monomial/n10_monomial9.txt.bz2.greedyext.20260223_083632.txt

49 61 200 219 431 447 459 462 506 507 530 552 589 624 695 709 765 808 812 904 999 1013
Iter#6970 New set #30 of size 22 (232.3 its/hit = 0.000s/hit): seed=4175467937390750344 [49, 61, 200, 219, 431, 447, 459, 462, 506, 507, 530, 552, 589, 624, 695, 709, 765, 808, 812, 904, 999, 1013]
logs_monomial/n10_monomial9.txt.bz2.greedyext.20260223_083631.txt

2 47 101 134 169 219 267 279 313 354 438 547 628 656 661 742 771 779 816 873 956 1018
Iter#9447 New set #40 of size 22 (236.2 its/hit = 0.000s/hit): seed=1820165709842069728 [2, 47, 101, 134, 169, 219, 267, 279, 313, 354, 438, 547, 628, 656, 661, 742, 771, 779, 816, 873, 956, 1018]
logs_monomial/n10_monomial9.txt.bz2.greedyext.20260223_083631.txt

48 87 141 177 189 315 332 410 415 429 436 441 476 484 495 574 589 595 699 808 965 991
Iter#1967986 New set #10000 of size 22 (196.8 its/hit = 0.010s/hit): seed=715449267133333569 [48, 87, 141, 177, 189, 315, 332, 410, 415, 429, 436, 441, 476, 484, 495, 574, 589, 595, 699, 808, 965, 991]
logs_monomial/n10_monomial9.txt.bz2.greedyext.20260223_083632.txt

169 183 214 227 240 255 270 280 347 349 454 478 523 562 587 693 799 812 832 840 909 977
Iter#3925867 New set #20000 of size 22 (196.3 its/hit = 0.004s/hit): seed=16531919776692985523 [169, 183, 214, 227, 240, 255, 270, 280, 347, 349, 454, 478, 523, 562, 587, 693, 799, 812, 832, 840, 909, 977]
logs_monomial/n10_monomial9.txt.bz2.greedyext.20260222_000855.txt

21 117 157 198 245 330 411 451 480 524 547 633 672 792 794 868 883 901 909 967 993 1020
Iter#43135 New set #200 of size 22 (215.7 its/hit = 0.005s/hit): seed=1567961859868054799 [21, 117, 157, 198, 245, 330, 411, 451, 480, 524, 547, 633, 672, 792, 794, 868, 883, 901, 909, 967, 993, 1020]
logs_monomial/n10_monomial9.txt.bz2.greedyext.20260223_083631.txt

31 34 109 140 178 191 233 279 300 373 416 448 541 618 728 774 833 845 846 950 968 1010
Iter#79189673 New set #400000 of size 22 (198.0 its/hit = 0.004s/hit): seed=17509886143458745855 [31, 34, 109, 140, 178, 191, 233, 279, 300, 373, 416, 448, 541, 618, 728, 774, 833, 845, 846, 950, 968, 1010]
logs_monomial/n10_monomial9.txt.bz2.greedyext.20260222_000855.txt

26 31 110 275 286 295 306 338 347 383 405 414 619 663 714 727 740 756 777 865 889 962
Iter#201364 New set #1000 of size 22 (201.4 its/hit = 0.006s/hit): seed=7733481389381745350 [26, 31, 110, 275, 286, 295, 306, 338, 347, 383, 405, 414, 619, 663, 714, 727, 740, 756, 777, 865, 889, 962]
logs_monomial/n10_monomial9.txt.bz2.greedyext.20260223_083631.txt

16 25 38 127 135 151 197 253 517 553 580 592 612 704 763 786 907 913 946 949 958 965
Iter#8899 New set #40 of size 22 (222.5 its/hit = 0.000s/hit): seed=3978050551576866225 [16, 25, 38, 127, 135, 151, 197, 253, 517, 553, 580, 592, 612, 704, 763, 786, 907, 913, 946, 949, 958, 965]
logs_monomial/n10_monomial9.txt.bz2.greedyext.20260222_000855.txt

183 191 268 285 348 422 427 555 584 792 797 842 874 875 898 900 909 919 937 958 974 1016
Iter#15836089 New set #80000 of size 22 (198.0 its/hit = 0.004s/hit): seed=3715604766741131348 [183, 191, 268, 285, 348, 422, 427, 555, 584, 792, 797, 842, 874, 875, 898, 900, 909, 919, 937, 958, 974, 1016]
logs_monomial/n10_monomial9.txt.bz2.greedyext.20260220_210834.txt

35 101 145 311 317 344 363 419 487 505 548 573 696 745 797 823 851 900 948 986 1009 1013
Iter#1002 New set #6 of size 22 (167.0 its/hit = 0.000s/hit): seed=646490544103426660 [35, 101, 145, 311, 317, 344, 363, 419, 487, 505, 548, 573, 696, 745, 797, 823, 851, 900, 948, 986, 1009, 1013]
logs_monomial/n10_monomial9.txt.bz2.greedyext.20260223_083632.txt

26 128 144 167 206 218 235 246 328 378 410 478 554 611 630 632 644 670 747 765 880 971
Iter#208993 New set #1000 of size 22 (209.0 its/hit = 0.004s/hit): seed=6204869727978569755 [26, 128, 144, 167, 206, 218, 235, 246, 328, 378, 410, 478, 554, 611, 630, 632, 644, 670, 747, 765, 880, 971]
logs_monomial/n10_monomial9.txt.bz2.greedyext.20260222_000855.txt

43 99 181 272 283 340 383 437 483 510 550 568 582 628 630 717 722 805 815 869 903 937
Iter#127088 New set #600 of size 22 (211.8 its/hit = 0.005s/hit): seed=9400012705987348415 [43, 99, 181, 272, 283, 340, 383, 437, 483, 510, 550, 568, 582, 628, 630, 717, 722, 805, 815, 869, 903, 937]
logs_monomial/n10_monomial9.txt.bz2.greedyext.20260222_000855.txt

98 139 188 299 352 359 405 406 438 535 563 579 635 657 692 697 701 834 848 875 978 998
Iter#22048 New set #90 of size 22 (245.0 its/hit = 0.000s/hit): seed=15900125297884694094 [98, 139, 188, 299, 352, 359, 405, 406, 438, 535, 563, 579, 635, 657, 692, 697, 701, 834, 848, 875, 978, 998]
logs_monomial/n10_monomial9.txt.bz2.greedyext.20260223_083631.txt

18 35 52 158 169 213 368 375 505 622 670 674 695 704 719 720 754 756 769 787 859 947
Iter#1584070 New set #8000 of size 22 (198.0 its/hit = 0.009s/hit): seed=6611885763265668159 [18, 35, 52, 158, 169, 213, 368, 375, 505, 622, 670, 674, 695, 704, 719, 720, 754, 756, 769, 787, 859, 947]
logs_monomial/n10_monomial9.txt.bz2.greedyext.20260223_083632.txt

20 55 156 198 201 245 379 393 416 436 461 485 630 737 768 777 812 857 888 937 956 999
Iter#3924020 New set #20000 of size 22 (196.2 its/hit = 0.004s/hit): seed=15671893322785687347 [20, 55, 156, 198, 201, 245, 379, 393, 416, 436, 461, 485, 630, 737, 768, 777, 812, 857, 888, 937, 956, 999]
logs_monomial/n10_monomial9.txt.bz2.greedyext.20260220_210834.txt

156 184 225 269 333 381 383 406 453 464 478 483 488 524 533 719 729 884 897 910 994 1006
Iter#7873579 New set #40000 of size 22 (196.8 its/hit = 0.004s/hit): seed=4128184834344757937 [156, 184, 225, 269, 333, 381, 383, 406, 453, 464, 478, 483, 488, 524, 533, 719, 729, 884, 897, 910, 994, 1006]
logs_monomial/n10_monomial9.txt.bz2.greedyext.20260220_210834.txt

25 73 83 164 196 217 232 292 386 422 504 560 640 646 730 737 772 773 775 814 854 938
Iter#19565 New set #100 of size 22 (195.6 its/hit = 0.000s/hit): seed=13305569864800901093 [25, 73, 83, 164, 196, 217, 232, 292, 386, 422, 504, 560, 640, 646, 730, 737, 772, 773, 775, 814, 854, 938]
logs_monomial/n10_monomial9.txt.bz2.greedyext.20260223_083633.txt

18 44 171 203 224 236 244 259 379 415 465 501 530 563 607 652 678 807 821 883 887 904
Iter#158551733 New set #800000 of size 22 (198.2 its/hit = 0.005s/hit): seed=2118469847998174083 [18, 44, 171, 203, 224, 236, 244, 259, 379, 415, 465, 501, 530, 563, 607, 652, 678, 807, 821, 883, 887, 904]
logs_monomial/n10_monomial9.txt.bz2.greedyext.20260222_000855.txt

108 112 154 158 170 212 218 387 448 515 535 545 577 584 655 739 750 805 809 880 920 1001
Iter#147 New set #3 of size 22 (49.0 its/hit = 0.000s/hit): seed=16685754129771266805 [108, 112, 154, 158, 170, 212, 218, 387, 448, 515, 535, 545, 577, 584, 655, 739, 750, 805, 809, 880, 920, 1001]
logs_monomial/n10_monomial9.txt.bz2.greedyext.20260223_083633.txt

24 60 75 272 296 298 313 355 424 484 500 513 649 652 676 758 783 818 820 881 912 935
Iter#1974522 New set #10000 of size 22 (197.5 its/hit = 0.004s/hit): seed=16297934713070002968 [24, 60, 75, 272, 296, 298, 313, 355, 424, 484, 500, 513, 649, 652, 676, 758, 783, 818, 820, 881, 912, 935]
logs_monomial/n10_monomial9.txt.bz2.greedyext.20260220_210834.txt

69 71 113 158 181 240 264 430 498 544 665 700 723 786 799 822 875 930 932 940 996 1020
Iter#11870 New set #60 of size 22 (197.8 its/hit = 0.000s/hit): seed=13135891113313924082 [69, 71, 113, 158, 181, 240, 264, 430, 498, 544, 665, 700, 723, 786, 799, 822, 875, 930, 932, 940, 996, 1020]
logs_monomial/n10_monomial9.txt.bz2.greedyext.20260223_083633.txt

59 60 66 76 134 240 276 343 360 375 465 502 532 606 717 750 813 838 941 949 995 1007
Iter#124043 New set #600 of size 22 (206.7 its/hit = 0.005s/hit): seed=6111795192828082253 [59, 60, 66, 76, 134, 240, 276, 343, 360, 375, 465, 502, 532, 606, 717, 750, 813, 838, 941, 949, 995, 1007]
logs_monomial/n10_monomial9.txt.bz2.greedyext.20260223_083631.txt

39 104 141 145 179 227 233 234 243 248 304 323 371 380 384 454 780 837 900 912 936 1004
Iter#38274 New set #200 of size 22 (191.4 its/hit = 0.000s/hit): seed=9180190032853777080 [39, 104, 141, 145, 179, 227, 233, 234, 243, 248, 304, 323, 371, 380, 384, 454, 780, 837, 900, 912, 936, 1004]
logs_monomial/n10_monomial9.txt.bz2.greedyext.20260220_210834.txt

76 79 123 141 251 378 382 391 467 478 505 542 543 558 563 653 726 768 802 913 935 976
Iter#1405355 New set #7000 of size 22 (200.8 its/hit = 0.004s/hit): seed=8847480525833959942 [76, 79, 123, 141, 251, 378, 382, 391, 467, 478, 505, 542, 543, 558, 563, 653, 726, 768, 802, 913, 935, 976]
logs_monomial/n10_monomial9.txt.bz2.greedyext.20260220_210834.txt

12 16 38 89 153 159 191 195 318 355 457 509 598 603 824 842 928 931 936 952 968 987
Iter#1592165 New set #8000 of size 22 (199.0 its/hit = 0.004s/hit): seed=15139595377316699273 [12, 16, 38, 89, 153, 159, 191, 195, 318, 355, 457, 509, 598, 603, 824, 842, 928, 931, 936, 952, 968, 987]
logs_monomial/n10_monomial9.txt.bz2.greedyext.20260220_210834.txt

56 75 214 225 246 271 337 352 390 529 551 576 582 645 685 687 702 703 742 804 899 972
Iter#5899566 New set #30000 of size 22 (196.7 its/hit = 0.004s/hit): seed=3506607220840841760 [56, 75, 214, 225, 246, 271, 337, 352, 390, 529, 551, 576, 582, 645, 685, 687, 702, 703, 742, 804, 899, 972]
logs_monomial/n10_monomial9.txt.bz2.greedyext.20260220_210834.txt

125 160 161 202 212 287 346 354 358 365 431 455 504 528 546 570 692 758 789 811 931 1013
Iter#807 New set #3 of size 22 (269.0 its/hit = 0.000s/hit): seed=9777935160718636212 [125, 160, 161, 202, 212, 287, 346, 354, 358, 365, 431, 455, 504, 528, 546, 570, 692, 758, 789, 811, 931, 1013]
logs_monomial/n10_monomial9.txt.bz2.greedyext.20260222_000855.txt

24 29 40 73 98 101 216 235 276 323 344 511 547 587 605 640 821 856 878 981 1011 1020
Iter#4324 New set #20 of size 22 (216.2 its/hit = 0.000s/hit): seed=11814849127952365461 [24, 29, 40, 73, 98, 101, 216, 235, 276, 323, 344, 511, 547, 587, 605, 640, 821, 856, 878, 981, 1011, 1020]
logs_monomial/n10_monomial9.txt.bz2.greedyext.20260222_000855.txt

44 54 122 162 210 278 289 372 464 508 551 675 771 813 821 828 859 928 934 989 997 1020
Iter#1794096 New set #9000 of size 22 (199.3 its/hit = 0.007s/hit): seed=18125392369533190795 [44, 54, 122, 162, 210, 278, 289, 372, 464, 508, 551, 675, 771, 813, 821, 828, 859, 928, 934, 989, 997, 1020]
logs_monomial/n10_monomial9.txt.bz2.greedyext.20260223_083633.txt

11 60 147 149 185 220 253 283 353 388 417 501 582 608 649 663 696 715 845 863 870 925
Iter#98956542 New set #500000 of size 22 (197.9 its/hit = 0.004s/hit): seed=17044409901151860099 [11, 60, 147, 149, 185, 220, 253, 283, 353, 388, 417, 501, 582, 608, 649, 663, 696, 715, 845, 863, 870, 925]
logs_monomial/n10_monomial9.txt.bz2.greedyext.20260222_000855.txt

3 161 375 402 468 505 521 564 578 596 654 670 676 762 764 776 843 873 896 909 940 948
Iter#1194256 New set #6000 of size 22 (199.0 its/hit = 0.008s/hit): seed=1048476470990895607 [3, 161, 375, 402, 468, 505, 521, 564, 578, 596, 654, 670, 676, 762, 764, 776, 843, 873, 896, 909, 940, 948]
logs_monomial/n10_monomial9.txt.bz2.greedyext.20260223_083632.txt

13 23 53 69 124 161 250 265 385 410 515 517 655 684 783 802 814 817 921 996 1002 1021
Iter#118812623 New set #600000 of size 22 (198.0 its/hit = 0.004s/hit): seed=14292183748449271000 [13, 23, 53, 69, 124, 161, 250, 265, 385, 410, 515, 517, 655, 684, 783, 802, 814, 817, 921, 996, 1002, 1021]
logs_monomial/n10_monomial9.txt.bz2.greedyext.20260222_000855.txt

2 8 223 227 365 455 468 532 556 565 568 571 624 626 633 645 727 746 843 845 913 965
Iter#9774 New set #50 of size 22 (195.5 its/hit = 0.000s/hit): seed=5970334829030936987 [2, 8, 223, 227, 365, 455, 468, 532, 556, 565, 568, 571, 624, 626, 633, 645, 727, 746, 843, 845, 913, 965]
logs_monomial/n10_monomial9.txt.bz2.greedyext.20260223_083633.txt

49 128 164 177 179 244 337 349 439 636 641 670 703 726 738 748 811 818 938 945 952 960
Iter#2266 New set #8 of size 22 (283.2 its/hit = 0.000s/hit): seed=17322070468048883237 [49, 128, 164, 177, 179, 244, 337, 349, 439, 636, 641, 670, 703, 726, 738, 748, 811, 818, 938, 945, 952, 960]
logs_monomial/n10_monomial9.txt.bz2.greedyext.20260223_083631.txt

0 78 177 243 260 273 299 312 358 364 398 399 525 552 657 686 708 734 769 893 924 945
Iter#828 New set #4 of size 22 (207.0 its/hit = 0.000s/hit): seed=15981778213711033717 [0, 78, 177, 243, 260, 273, 299, 312, 358, 364, 398, 399, 525, 552, 657, 686, 708, 734, 769, 893, 924, 945]
logs_monomial/n10_monomial9.txt.bz2.greedyext.20260222_000855.txt

73 86 118 130 174 188 290 301 386 465 524 539 540 651 713 730 779 819 838 902 1009 1020
Iter#107770 New set #500 of size 22 (215.5 its/hit = 0.004s/hit): seed=2058093675642239840 [73, 86, 118, 130, 174, 188, 290, 301, 386, 465, 524, 539, 540, 651, 713, 730, 779, 819, 838, 902, 1009, 1020]
logs_monomial/n10_monomial9.txt.bz2.greedyext.20260222_000855.txt

156 219 233 279 296 337 342 343 368 377 438 567 583 689 764 768 778 795 915 937 958 977
Iter#17056 New set #90 of size 22 (189.5 its/hit = 0.000s/hit): seed=10571827913058241089 [156, 219, 233, 279, 296, 337, 342, 343, 368, 377, 438, 567, 583, 689, 764, 768, 778, 795, 915, 937, 958, 977]
logs_monomial/n10_monomial9.txt.bz2.greedyext.20260220_210834.txt

48 73 112 149 202 207 301 305 341 388 401 449 523 575 661 676 762 780 876 893 912 939
Iter#3113 New set #20 of size 22 (155.6 its/hit = 0.000s/hit): seed=13924524313253207652 [48, 73, 112, 149, 202, 207, 301, 305, 341, 388, 401, 449, 523, 575, 661, 676, 762, 780, 876, 893, 912, 939]
logs_monomial/n10_monomial9.txt.bz2.greedyext.20260220_210834.txt

22 187 295 334 342 378 386 450 466 481 543 593 682 701 748 750 868 869 933 975 1006 1015
Iter#116434 New set #600 of size 22 (194.1 its/hit = 0.003s/hit): seed=7230437591923222314 [22, 187, 295, 334, 342, 378, 386, 450, 466, 481, 543, 593, 682, 701, 748, 750, 868, 869, 933, 975, 1006, 1015]
logs_monomial/n10_monomial9.txt.bz2.greedyext.20260220_210834.txt

37 63 95 110 141 169 178 236 240 366 394 428 497 536 565 662 760 765 830 843 953 976
Iter#65932 New set #300 of size 22 (219.8 its/hit = 0.003s/hit): seed=12857798274807084665 [37, 63, 95, 110, 141, 169, 178, 236, 240, 366, 394, 428, 497, 536, 565, 662, 760, 765, 830, 843, 953, 976]
logs_monomial/n10_monomial9.txt.bz2.greedyext.20260222_000855.txt

69 94 261 456 479 486 494 503 512 565 589 630 722 748 770 784 798 821 856 857 950 956
Iter#2389 New set #9 of size 22 (265.4 its/hit = 0.000s/hit): seed=11493402529195233436 [69, 94, 261, 456, 479, 486, 494, 503, 512, 565, 589, 630, 722, 748, 770, 784, 798, 821, 856, 857, 950, 956]
logs_monomial/n10_monomial9.txt.bz2.greedyext.20260223_083631.txt

120 151 156 225 272 305 341 374 432 438 505 506 598 603 614 624 698 739 804 806 899 976
Iter#595 New set #6 of size 22 (99.2 its/hit = 0.000s/hit): seed=17110899004469276467 [120, 151, 156, 225, 272, 305, 341, 374, 432, 438, 505, 506, 598, 603, 614, 624, 698, 739, 804, 806, 899, 976]
logs_monomial/n10_monomial9.txt.bz2.greedyext.20260223_083633.txt

50 58 87 125 183 202 263 270 295 344 423 438 617 706 814 890 895 938 950 957 961 966
Iter#1197189 New set #6000 of size 22 (199.5 its/hit = 0.007s/hit): seed=3469893550503977782 [50, 58, 87, 125, 183, 202, 263, 270, 295, 344, 423, 438, 617, 706, 814, 890, 895, 938, 950, 957, 961, 966]
logs_monomial/n10_monomial9.txt.bz2.greedyext.20260223_083633.txt

74 107 180 251 252 296 460 469 510 570 657 686 716 759 768 773 876 897 924 944 1002 1004
Iter#200982 New set #1000 of size 22 (201.0 its/hit = 0.009s/hit): seed=2011434338832751457 [74, 107, 180, 251, 252, 296, 460, 469, 510, 570, 657, 686, 716, 759, 768, 773, 876, 897, 924, 944, 1002, 1004]
logs_monomial/n10_monomial9.txt.bz2.greedyext.20260223_083632.txt

18 27 28 52 74 258 266 276 350 471 573 577 600 676 678 702 725 747 770 785 889 976
Iter#3940182 New set #20000 of size 22 (197.0 its/hit = 0.006s/hit): seed=13149103536107884174 [18, 27, 28, 52, 74, 258, 266, 276, 350, 471, 573, 577, 600, 676, 678, 702, 725, 747, 770, 785, 889, 976]
logs_monomial/n10_monomial9.txt.bz2.greedyext.20260223_083633.txt

27 36 55 156 303 326 402 442 462 623 628 668 683 721 724 752 775 892 939 957 960 975
Iter#5168 New set #30 of size 22 (172.3 its/hit = 0.000s/hit): seed=14879069231523912926 [27, 36, 55, 156, 303, 326, 402, 442, 462, 623, 628, 668, 683, 721, 724, 752, 775, 892, 939, 957, 960, 975]
logs_monomial/n10_monomial9.txt.bz2.greedyext.20260223_083632.txt

90 139 201 206 246 307 486 487 567 581 592 646 741 779 818 839 883 902 923 950 955 976
Iter#5887278 New set #30000 of size 22 (196.2 its/hit = 0.007s/hit): seed=12418692341276551502 [90, 139, 201, 206, 246, 307, 486, 487, 567, 581, 592, 646, 741, 779, 818, 839, 883, 902, 923, 950, 955, 976]
logs_monomial/n10_monomial9.txt.bz2.greedyext.20260223_083633.txt

25 38 121 140 185 198 203 239 408 421 497 544 553 682 746 781 783 892 904 916 952 1011
Iter#14470 New set #60 of size 22 (241.2 its/hit = 0.000s/hit): seed=7768636906678957090 [25, 38, 121, 140, 185, 198, 203, 239, 408, 421, 497, 544, 553, 682, 746, 781, 783, 892, 904, 916, 952, 1011]
logs_monomial/n10_monomial9.txt.bz2.greedyext.20260222_000855.txt

3 15 79 117 166 177 256 346 443 450 541 557 607 630 638 666 695 719 916 936 973 997
Iter#19766579 New set #100000 of size 22 (197.7 its/hit = 0.004s/hit): seed=4122212784762000257 [3, 15, 79, 117, 166, 177, 256, 346, 443, 450, 541, 557, 607, 630, 638, 666, 695, 719, 916, 936, 973, 997]
logs_monomial/n10_monomial9.txt.bz2.greedyext.20260222_000855.txt

13 33 92 123 159 228 309 329 365 472 536 546 547 591 696 744 872 907 912 925 929 933
Iter#603858 New set #3000 of size 22 (201.3 its/hit = 0.004s/hit): seed=1517405544554934584 [13, 33, 92, 123, 159, 228, 309, 329, 365, 472, 536, 546, 547, 591, 696, 744, 872, 907, 912, 925, 929, 933]
logs_monomial/n10_monomial9.txt.bz2.greedyext.20260220_210834.txt

52 77 123 151 224 230 326 351 396 441 556 578 601 615 619 699 765 877 965 968 982 1009
Iter#11030 New set #60 of size 22 (183.8 its/hit = 0.000s/hit): seed=4190850691298202565 [52, 77, 123, 151, 224, 230, 326, 351, 396, 441, 556, 578, 601, 615, 619, 699, 765, 877, 965, 968, 982, 1009]
logs_monomial/n10_monomial9.txt.bz2.greedyext.20260223_083632.txt

64 86 113 192 263 265 271 331 395 471 487 544 618 639 662 669 688 715 776 911 915 996
Iter#1416 New set #5 of size 22 (283.2 its/hit = 0.000s/hit): seed=9915906720940929172 [64, 86, 113, 192, 263, 265, 271, 331, 395, 471, 487, 544, 618, 639, 662, 669, 688, 715, 776, 911, 915, 996]
logs_monomial/n10_monomial9.txt.bz2.greedyext.20260223_083631.txt

57 80 110 185 335 341 370 497 512 566 600 608 696 752 776 850 882 951 954 969 981 987
Iter#58300 New set #300 of size 22 (194.3 its/hit = 0.003s/hit): seed=9837156648426356981 [57, 80, 110, 185, 335, 341, 370, 497, 512, 566, 600, 608, 696, 752, 776, 850, 882, 951, 954, 969, 981, 987]
logs_monomial/n10_monomial9.txt.bz2.greedyext.20260223_083632.txt

5 37 60 85 86 136 194 213 243 365 391 416 522 526 555 561 579 672 744 858 871 1022
Iter#600129 New set #3000 of size 22 (200.0 its/hit = 0.007s/hit): seed=5750808591282044596 [5, 37, 60, 85, 86, 136, 194, 213, 243, 365, 391, 416, 522, 526, 555, 561, 579, 672, 744, 858, 871, 1022]
logs_monomial/n10_monomial9.txt.bz2.greedyext.20260223_083633.txt

6 14 18 78 129 234 260 285 345 361 423 597 609 680 802 809 840 856 859 893 964 1007
Iter#21843 New set #90 of size 22 (242.7 its/hit = 0.000s/hit): seed=16519566412550346942 [6, 14, 18, 78, 129, 234, 260, 285, 345, 361, 423, 597, 609, 680, 802, 809, 840, 856, 859, 893, 964, 1007]
logs_monomial/n10_monomial9.txt.bz2.greedyext.20260222_000855.txt

34 60 165 325 341 360 377 393 412 467 473 490 543 559 648 721 770 894 908 943 955 989
Iter#2023 New set #6 of size 22 (337.2 its/hit = 0.000s/hit): seed=9687785884085910746 [34, 60, 165, 325, 341, 360, 377, 393, 412, 467, 473, 490, 543, 559, 648, 721, 770, 894, 908, 943, 955, 989]
logs_monomial/n10_monomial9.txt.bz2.greedyext.20260223_083631.txt

51 118 146 149 160 170 272 278 288 348 416 443 457 465 496 574 590 825 915 961 1003 1006
Iter#14433 New set #60 of size 22 (240.6 its/hit = 0.000s/hit): seed=3864329941096912697 [51, 118, 146, 149, 160, 170, 272, 278, 288, 348, 416, 443, 457, 465, 496, 574, 590, 825, 915, 961, 1003, 1006]
logs_monomial/n10_monomial9.txt.bz2.greedyext.20260223_083631.txt

20 56 65 67 120 238 245 287 335 392 442 502 645 648 723 762 765 850 872 928 953 968
Iter#12479 New set #70 of size 22 (178.3 its/hit = 0.000s/hit): seed=13468633699369720781 [20, 56, 65, 67, 120, 238, 245, 287, 335, 392, 442, 502, 645, 648, 723, 762, 765, 850, 872, 928, 953, 968]
logs_monomial/n10_monomial9.txt.bz2.greedyext.20260220_210834.txt

1 66 108 119 212 371 395 432 482 582 602 750 842 853 859 882 888 903 904 958 978 1000
Iter#1414 New set #6 of size 22 (235.7 its/hit = 0.000s/hit): seed=407109197176765135 [1, 66, 108, 119, 212, 371, 395, 432, 482, 582, 602, 750, 842, 853, 859, 882, 888, 903, 904, 958, 978, 1000]
logs_monomial/n10_monomial9.txt.bz2.greedyext.20260220_210834.txt

63 125 162 227 248 256 291 328 489 527 531 574 604 627 665 678 689 821 872 935 942 1020
Iter#19008 New set #100 of size 22 (190.1 its/hit = 0.000s/hit): seed=1197816728235879885 [63, 125, 162, 227, 248, 256, 291, 328, 489, 527, 531, 574, 604, 627, 665, 678, 689, 821, 872, 935, 942, 1020]
logs_monomial/n10_monomial9.txt.bz2.greedyext.20260220_210834.txt

51 110 241 287 292 308 336 404 408 519 692 753 777 786 837 840 874 882 892 904 925 941
Iter#108 New set #2 of size 22 (54.0 its/hit = 0.000s/hit): seed=17503674828167584217 [51, 110, 241, 287, 292, 308, 336, 404, 408, 519, 692, 753, 777, 786, 837, 840, 874, 882, 892, 904, 925, 941]
logs_monomial/n10_monomial9.txt.bz2.greedyext.20260223_083633.txt

111 296 315 320 356 369 417 502 513 529 552 656 680 762 773 782 786 866 912 978 979 982
Iter#1422 New set #10 of size 22 (142.2 its/hit = 0.000s/hit): seed=9064200807695876492 [111, 296, 315, 320, 356, 369, 417, 502, 513, 529, 552, 656, 680, 762, 773, 782, 786, 866, 912, 978, 979, 982]
logs_monomial/n10_monomial9.txt.bz2.greedyext.20260223_083633.txt

1 23 181 245 272 284 373 412 419 447 489 525 579 663 689 720 864 875 880 910 967 994
Iter#7547 New set #40 of size 22 (188.7 its/hit = 0.000s/hit): seed=11282970305428129089 [1, 23, 181, 245, 272, 284, 373, 412, 419, 447, 489, 525, 579, 663, 689, 720, 864, 875, 880, 910, 967, 994]
logs_monomial/n10_monomial9.txt.bz2.greedyext.20260223_083632.txt

72 88 112 302 306 319 359 457 461 487 548 574 637 683 740 774 799 896 904 946 958 1023
Iter#1387046 New set #7000 of size 22 (198.1 its/hit = 0.009s/hit): seed=9275921330125771068 [72, 88, 112, 302, 306, 319, 359, 457, 461, 487, 548, 574, 637, 683, 740, 774, 799, 896, 904, 946, 958, 1023]
logs_monomial/n10_monomial9.txt.bz2.greedyext.20260223_083632.txt

13 53 99 104 166 182 193 204 214 299 304 396 455 586 637 665 860 920 930 935 945 1005
Iter#15855 New set #80 of size 22 (198.2 its/hit = 0.000s/hit): seed=11542972045843898481 [13, 53, 99, 104, 166, 182, 193, 204, 214, 299, 304, 396, 455, 586, 637, 665, 860, 920, 930, 935, 945, 1005]
logs_monomial/n10_monomial9.txt.bz2.greedyext.20260223_083633.txt

11 15 37 85 98 288 290 450 521 541 561 637 667 712 726 748 775 777 814 865 932 951
Iter#11191 New set #50 of size 22 (223.8 its/hit = 0.000s/hit): seed=7437669390059667131 [11, 15, 37, 85, 98, 288, 290, 450, 521, 541, 561, 637, 667, 712, 726, 748, 775, 777, 814, 865, 932, 951]
logs_monomial/n10_monomial9.txt.bz2.greedyext.20260222_000855.txt

136 164 222 246 276 320 414 471 508 527 550 570 592 607 672 682 750 785 808 831 929 981
Iter#15084 New set #80 of size 22 (188.6 its/hit = 0.000s/hit): seed=11288061594216214761 [136, 164, 222, 246, 276, 320, 414, 471, 508, 527, 550, 570, 592, 607, 672, 682, 750, 785, 808, 831, 929, 981]
logs_monomial/n10_monomial9.txt.bz2.greedyext.20260220_210834.txt

1 52 279 286 292 294 360 411 477 486 501 502 580 641 666 721 742 816 827 837 869 980
Iter#1382758 New set #7000 of size 22 (197.5 its/hit = 0.009s/hit): seed=10481873472449096284 [1, 52, 279, 286, 292, 294, 360, 411, 477, 486, 501, 502, 580, 641, 666, 721, 742, 816, 827, 837, 869, 980]
logs_monomial/n10_monomial9.txt.bz2.greedyext.20260223_083631.txt

24 55 78 111 135 185 194 301 311 377 454 458 580 656 720 754 762 790 799 873 887 888
Iter#7087 New set #40 of size 22 (177.2 its/hit = 0.000s/hit): seed=858164750361590406 [24, 55, 78, 111, 135, 185, 194, 301, 311, 377, 454, 458, 580, 656, 720, 754, 762, 790, 799, 873, 887, 888]
logs_monomial/n10_monomial9.txt.bz2.greedyext.20260220_210834.txt

6 29 35 194 216 294 333 351 399 423 487 560 700 742 746 772 773 787 833 934 955 999
Iter#99017867 New set #500000 of size 22 (198.0 its/hit = 0.004s/hit): seed=5414922634116640412 [6, 29, 35, 194, 216, 294, 333, 351, 399, 423, 487, 560, 700, 742, 746, 772, 773, 787, 833, 934, 955, 999]
logs_monomial/n10_monomial9.txt.bz2.greedyext.20260220_210834.txt

29 52 58 109 151 236 243 260 295 300 316 390 449 453 481 645 657 718 719 739 761 839
Iter#118659404 New set #600000 of size 22 (197.8 its/hit = 0.004s/hit): seed=13993268173985861422 [29, 52, 58, 109, 151, 236, 243, 260, 295, 300, 316, 390, 449, 453, 481, 645, 657, 718, 719, 739, 761, 839]
logs_monomial/n10_monomial9.txt.bz2.greedyext.20260220_210834.txt

24 54 103 211 234 290 315 327 356 365 370 389 745 753 770 813 857 865 874 877 1001 1012
Iter#16410 New set #90 of size 22 (182.3 its/hit = 0.000s/hit): seed=9384090961649031455 [24, 54, 103, 211, 234, 290, 315, 327, 356, 365, 370, 389, 745, 753, 770, 813, 857, 865, 874, 877, 1001, 1012]
logs_monomial/n10_monomial9.txt.bz2.greedyext.20260223_083632.txt

44 102 127 269 301 356 390 481 576 578 613 620 678 682 860 873 884 905 913 972 1007 1011
Iter#799856 New set #4000 of size 22 (200.0 its/hit = 0.008s/hit): seed=5657403061166950891 [44, 102, 127, 269, 301, 356, 390, 481, 576, 578, 613, 620, 678, 682, 860, 873, 884, 905, 913, 972, 1007, 1011]
logs_monomial/n10_monomial9.txt.bz2.greedyext.20260223_083632.txt

186 205 227 262 343 360 404 411 535 566 630 750 761 770 783 844 857 894 976 999 1001 1016
Iter#17943 New set #90 of size 22 (199.4 its/hit = 0.000s/hit): seed=4398911519283580811 [186, 205, 227, 262, 343, 360, 404, 411, 535, 566, 630, 750, 761, 770, 783, 844, 857, 894, 976, 999, 1001, 1016]
logs_monomial/n10_monomial9.txt.bz2.greedyext.20260223_083633.txt

14 23 32 77 115 116 128 141 239 249 283 400 414 453 521 686 709 735 761 776 819 832
Iter#118055 New set #600 of size 22 (196.8 its/hit = 0.007s/hit): seed=15551263054786149776 [14, 23, 32, 77, 115, 116, 128, 141, 239, 249, 283, 400, 414, 453, 521, 686, 709, 735, 761, 776, 819, 832]
logs_monomial/n10_monomial9.txt.bz2.greedyext.20260223_083633.txt

45 166 263 341 380 408 414 446 468 494 593 627 638 652 658 708 784 791 897 900 943 951
Iter#145485 New set #700 of size 22 (207.8 its/hit = 0.004s/hit): seed=8072355179631059971 [45, 166, 263, 341, 380, 408, 414, 446, 468, 494, 593, 627, 638, 652, 658, 708, 784, 791, 897, 900, 943, 951]
logs_monomial/n10_monomial9.txt.bz2.greedyext.20260222_000855.txt

47 75 252 318 350 400 465 477 485 487 503 546 636 669 708 731 760 828 915 919 972 984
Iter#1581953 New set #8000 of size 22 (197.7 its/hit = 0.010s/hit): seed=9423378309603025515 [47, 75, 252, 318, 350, 400, 465, 477, 485, 487, 503, 546, 636, 669, 708, 731, 760, 828, 915, 919, 972, 984]
logs_monomial/n10_monomial9.txt.bz2.greedyext.20260223_083631.txt

98 143 214 255 270 333 337 352 429 555 562 624 630 635 714 724 732 759 766 873 899 985
Iter#18572 New set #100 of size 22 (185.7 its/hit = 0.000s/hit): seed=4281444093139055530 [98, 143, 214, 255, 270, 333, 337, 352, 429, 555, 562, 624, 630, 635, 714, 724, 732, 759, 766, 873, 899, 985]
logs_monomial/n10_monomial9.txt.bz2.greedyext.20260223_083632.txt

7 8 52 100 244 334 340 352 417 429 551 554 581 621 649 667 710 752 822 860 890 990
Iter#1396619 New set #7000 of size 22 (199.5 its/hit = 0.007s/hit): seed=6695382711368108663 [7, 8, 52, 100, 244, 334, 340, 352, 417, 429, 551, 554, 581, 621, 649, 667, 710, 752, 822, 860, 890, 990]
logs_monomial/n10_monomial9.txt.bz2.greedyext.20260223_083633.txt

157 172 252 259 343 431 439 481 502 519 534 579 602 625 651 809 903 907 917 931 996 1019
Iter#1943 New set #10 of size 22 (194.3 its/hit = 0.000s/hit): seed=8336011794128967863 [157, 172, 252, 259, 343, 431, 439, 481, 502, 519, 534, 579, 602, 625, 651, 809, 903, 907, 917, 931, 996, 1019]
logs_monomial/n10_monomial9.txt.bz2.greedyext.20260222_000855.txt

51 52 97 126 158 174 328 336 349 446 497 542 547 600 601 623 681 860 898 955 957 1002
Iter#23375 New set #100 of size 22 (233.8 its/hit = 0.000s/hit): seed=8027935710430613757 [51, 52, 97, 126, 158, 174, 328, 336, 349, 446, 497, 542, 547, 600, 601, 623, 681, 860, 898, 955, 957, 1002]
logs_monomial/n10_monomial9.txt.bz2.greedyext.20260222_000855.txt

19 73 117 131 206 222 298 320 341 373 439 629 633 656 756 807 814 882 887 916 986 1020
Iter#65 New set #2 of size 22 (32.5 its/hit = 0.000s/hit): seed=33220110525374626 [19, 73, 117, 131, 206, 222, 298, 320, 341, 373, 439, 629, 633, 656, 756, 807, 814, 882, 887, 916, 986, 1020]
logs_monomial/n10_monomial9.txt.bz2.greedyext.20260223_083632.txt

37 67 76 125 248 316 320 338 483 487 553 606 651 721 829 858 895 907 940 959 967 990
Iter#12952 New set #70 of size 22 (185.0 its/hit = 0.000s/hit): seed=3562907023140912756 [37, 67, 76, 125, 248, 316, 320, 338, 483, 487, 553, 606, 651, 721, 829, 858, 895, 907, 940, 959, 967, 990]
logs_monomial/n10_monomial9.txt.bz2.greedyext.20260223_083632.txt

4 29 113 157 240 261 303 366 423 455 532 538 558 562 713 820 824 825 840 893 937 995
Iter#17283 New set #70 of size 22 (246.9 its/hit = 0.000s/hit): seed=4528028820010961293 [4, 29, 113, 157, 240, 261, 303, 366, 423, 455, 532, 538, 558, 562, 713, 820, 824, 825, 840, 893, 937, 995]
logs_monomial/n10_monomial9.txt.bz2.greedyext.20260223_083631.txt

10 20 190 228 264 272 300 363 409 424 425 519 653 667 697 712 749 762 789 877 944 963
Iter#997833 New set #5000 of size 22 (199.6 its/hit = 0.008s/hit): seed=18181160159090829460 [10, 20, 190, 228, 264, 272, 300, 363, 409, 424, 425, 519, 653, 667, 697, 712, 749, 762, 789, 877, 944, 963]
logs_monomial/n10_monomial9.txt.bz2.greedyext.20260223_083632.txt

2 30 104 123 126 265 302 345 507 534 535 570 574 581 624 773 828 877 912 950 971 972
Iter#77 New set #1 of size 22 (77.0 its/hit = 0.000s/hit): seed=322665037720811291 [2, 30, 104, 123, 126, 265, 302, 345, 507, 534, 535, 570, 574, 581, 624, 773, 828, 877, 912, 950, 971, 972]
logs_monomial/n10_monomial9.txt.bz2.greedyext.20260223_083631.txt

69 116 118 158 303 385 423 431 473 498 540 551 608 624 629 706 709 834 907 911 913 997
Iter#39590130 New set #200000 of size 22 (198.0 its/hit = 0.004s/hit): seed=15700258670079910950 [69, 116, 118, 158, 303, 385, 423, 431, 473, 498, 540, 551, 608, 624, 629, 706, 709, 834, 907, 911, 913, 997]
logs_monomial/n10_monomial9.txt.bz2.greedyext.20260220_210834.txt

4 19 49 90 113 159 182 207 252 277 324 353 414 572 613 754 801 836 864 894 907 988
Iter#519 New set #5 of size 22 (103.8 its/hit = 0.000s/hit): seed=8580295767960964877 [4, 19, 49, 90, 113, 159, 182, 207, 252, 277, 324, 353, 414, 572, 613, 754, 801, 836, 864, 894, 907, 988]
logs_monomial/n10_monomial9.txt.bz2.greedyext.20260223_083633.txt

106 110 121 147 316 321 330 340 415 431 467 475 507 606 610 670 690 848 926 938 1016 1021
Iter#58157 New set #300 of size 22 (193.9 its/hit = 0.007s/hit): seed=9114670100358306148 [106, 110, 121, 147, 316, 321, 330, 340, 415, 431, 467, 475, 507, 606, 610, 670, 690, 848, 926, 938, 1016, 1021]
logs_monomial/n10_monomial9.txt.bz2.greedyext.20260223_083633.txt

53 114 124 159 220 246 323 367 411 461 469 495 552 636 818 823 833 844 873 903 954 1013
Iter#1980674 New set #10000 of size 22 (198.1 its/hit = 0.010s/hit): seed=16349251984584584498 [53, 114, 124, 159, 220, 246, 323, 367, 411, 461, 469, 495, 552, 636, 818, 823, 833, 844, 873, 903, 954, 1013]
logs_monomial/n10_monomial9.txt.bz2.greedyext.20260223_083631.txt

77 94 124 191 235 276 295 319 326 337 606 635 655 689 716 723 769 872 909 942 970 973
Iter#1037 New set #6 of size 22 (172.8 its/hit = 0.000s/hit): seed=4030102719574129102 [77, 94, 124, 191, 235, 276, 295, 319, 326, 337, 606, 635, 655, 689, 716, 723, 769, 872, 909, 942, 970, 973]
logs_monomial/n10_monomial9.txt.bz2.greedyext.20260222_000855.txt

6 8 65 158 187 351 456 470 487 519 526 549 563 578 595 682 760 761 962 987 1009 1018
Iter#393685 New set #2000 of size 22 (196.8 its/hit = 0.009s/hit): seed=7010065671223678130 [6, 8, 65, 158, 187, 351, 456, 470, 487, 519, 526, 549, 563, 578, 595, 682, 760, 761, 962, 987, 1009, 1018]
logs_monomial/n10_monomial9.txt.bz2.greedyext.20260223_083631.txt

99 113 134 204 216 265 315 376 542 585 640 663 669 692 701 703 760 813 944 974 1008 1023
Iter#397310 New set #2000 of size 22 (198.7 its/hit = 0.007s/hit): seed=8243559094516679555 [99, 113, 134, 204, 216, 265, 315, 376, 542, 585, 640, 663, 669, 692, 701, 703, 760, 813, 944, 974, 1008, 1023]
logs_monomial/n10_monomial9.txt.bz2.greedyext.20260223_083633.txt

108 126 186 269 277 338 426 429 448 456 488 497 606 660 693 823 879 888 898 961 997 1004
Iter#4425 New set #30 of size 22 (147.5 its/hit = 0.000s/hit): seed=15620016506807674399 [108, 126, 186, 269, 277, 338, 426, 429, 448, 456, 488, 497, 606, 660, 693, 823, 879, 888, 898, 961, 997, 1004]
logs_monomial/n10_monomial9.txt.bz2.greedyext.20260220_210834.txt

43 100 110 162 163 194 205 213 224 261 342 346 430 455 476 590 606 638 684 862 897 959
Iter#584 New set #2 of size 22 (292.0 its/hit = 0.000s/hit): seed=8436651503069892596 [43, 100, 110, 162, 163, 194, 205, 213, 224, 261, 342, 346, 430, 455, 476, 590, 606, 638, 684, 862, 897, 959]
logs_monomial/n10_monomial9.txt.bz2.greedyext.20260223_083631.txt

22 53 54 142 201 344 406 452 507 508 575 589 680 692 735 908 910 939 963 968 1012 1021
Iter#3977438 New set #20000 of size 22 (198.9 its/hit = 0.009s/hit): seed=17400328502643736251 [22, 53, 54, 142, 201, 344, 406, 452, 507, 508, 575, 589, 680, 692, 735, 908, 910, 939, 963, 968, 1012, 1021]
logs_monomial/n10_monomial9.txt.bz2.greedyext.20260223_083631.txt

129 199 200 239 240 272 294 316 356 570 585 593 631 662 754 803 820 884 890 894 912 1008
Iter#398258 New set #2000 of size 22 (199.1 its/hit = 0.004s/hit): seed=6411570378414447596 [129, 199, 200, 239, 240, 272, 294, 316, 356, 570, 585, 593, 631, 662, 754, 803, 820, 884, 890, 894, 912, 1008]
logs_monomial/n10_monomial9.txt.bz2.greedyext.20260220_210834.txt

158 193 270 290 299 391 481 484 526 553 570 582 585 641 642 728 788 805 858 958 969 974
Iter#95425 New set #500 of size 22 (190.9 its/hit = 0.004s/hit): seed=13092122710617526297 [158, 193, 270, 290, 299, 391, 481, 484, 526, 553, 570, 582, 585, 641, 642, 728, 788, 805, 858, 958, 969, 974]
logs_monomial/n10_monomial9.txt.bz2.greedyext.20260220_210834.txt

9 138 242 250 313 364 400 414 538 574 575 595 596 634 666 670 690 710 725 785 887 916
Iter#301 New set #3 of size 22 (100.3 its/hit = 0.000s/hit): seed=12803308428978038240 [9, 138, 242, 250, 313, 364, 400, 414, 538, 574, 575, 595, 596, 634, 666, 670, 690, 710, 725, 785, 887, 916]
logs_monomial/n10_monomial9.txt.bz2.greedyext.20260223_083632.txt

57 91 94 179 184 190 274 360 444 535 566 627 654 665 673 702 750 829 850 900 940 958
Iter#200389 New set #1000 of size 22 (200.4 its/hit = 0.004s/hit): seed=15945443675883778005 [57, 91, 94, 179, 184, 190, 274, 360, 444, 535, 566, 627, 654, 665, 673, 702, 750, 829, 850, 900, 940, 958]
logs_monomial/n10_monomial9.txt.bz2.greedyext.20260220_210834.txt

122 144 192 214 296 310 374 534 541 544 581 599 601 615 619 669 713 738 863 883 948 956
Iter#11862011 New set #60000 of size 22 (197.7 its/hit = 0.004s/hit): seed=9582828330293511442 [122, 144, 192, 214, 296, 310, 374, 534, 541, 544, 581, 599, 601, 615, 619, 669, 713, 738, 863, 883, 948, 956]
logs_monomial/n10_monomial9.txt.bz2.greedyext.20260222_000855.txt

43 44 64 126 154 184 267 362 393 422 522 534 561 587 630 635 667 821 838 846 914 969
Iter#1350 New set #8 of size 22 (168.8 its/hit = 0.000s/hit): seed=5152232489589679816 [43, 44, 64, 126, 154, 184, 267, 362, 393, 422, 522, 534, 561, 587, 630, 635, 667, 821, 838, 846, 914, 969]
logs_monomial/n10_monomial9.txt.bz2.greedyext.20260222_000855.txt

27 154 155 186 194 215 313 338 425 529 555 569 607 620 675 701 860 878 881 950 964 991
Iter#138664348 New set #700000 of size 22 (198.1 its/hit = 0.004s/hit): seed=12522325163684196207 [27, 154, 155, 186, 194, 215, 313, 338, 425, 529, 555, 569, 607, 620, 675, 701, 860, 878, 881, 950, 964, 991]
logs_monomial/n10_monomial9.txt.bz2.greedyext.20260222_000855.txt

3 85 121 192 199 230 233 261 358 429 431 457 458 508 515 741 772 788 798 886 901 905
Iter#12977 New set #70 of size 22 (185.4 its/hit = 0.000s/hit): seed=4577194482186936268 [3, 85, 121, 192, 199, 230, 233, 261, 358, 429, 431, 457, 458, 508, 515, 741, 772, 788, 798, 886, 901, 905]
logs_monomial/n10_monomial9.txt.bz2.greedyext.20260223_083633.txt

34 211 251 264 286 302 346 428 513 526 531 623 640 653 706 785 808 842 920 984 991 1001
Iter#1767 New set #8 of size 22 (220.9 its/hit = 0.000s/hit): seed=8312899008715202179 [34, 211, 251, 264, 286, 302, 346, 428, 513, 526, 531, 623, 640, 653, 706, 785, 808, 842, 920, 984, 991, 1001]
logs_monomial/n10_monomial9.txt.bz2.greedyext.20260220_210834.txt

21 42 44 142 147 169 181 324 330 357 427 590 664 681 772 824 843 892 895 910 930 993
Iter#1569 New set #10 of size 22 (156.9 its/hit = 0.000s/hit): seed=2775504496280560778 [21, 42, 44, 142, 147, 169, 181, 324, 330, 357, 427, 590, 664, 681, 772, 824, 843, 892, 895, 910, 930, 993]
logs_monomial/n10_monomial9.txt.bz2.greedyext.20260223_083632.txt

18 50 119 141 162 225 234 283 287 373 407 545 551 552 656 691 785 802 831 885 963 975
Iter#137683 New set #700 of size 22 (196.7 its/hit = 0.007s/hit): seed=13021797177177369689 [18, 50, 119, 141, 162, 225, 234, 283, 287, 373, 407, 545, 551, 552, 656, 691, 785, 802, 831, 885, 963, 975]
logs_monomial/n10_monomial9.txt.bz2.greedyext.20260223_083632.txt

41 56 59 149 180 208 400 452 465 493 509 541 602 636 718 723 748 819 864 868 948 1014
Iter#1725 New set #7 of size 22 (246.4 its/hit = 0.000s/hit): seed=16331986883269465869 [41, 56, 59, 149, 180, 208, 400, 452, 465, 493, 509, 541, 602, 636, 718, 723, 748, 819, 864, 868, 948, 1014]
logs_monomial/n10_monomial9.txt.bz2.greedyext.20260220_210834.txt

164 171 180 219 244 248 279 392 458 516 521 547 593 668 705 712 735 761 850 853 982 990
Iter#59435046 New set #300000 of size 22 (198.1 its/hit = 0.004s/hit): seed=9727257239373537480 [164, 171, 180, 219, 244, 248, 279, 392, 458, 516, 521, 547, 593, 668, 705, 712, 735, 761, 850, 853, 982, 990]
logs_monomial/n10_monomial9.txt.bz2.greedyext.20260222_000855.txt

153 175 233 275 285 322 348 368 379 518 519 573 639 688 691 716 718 763 798 816 944 956
Iter#785278 New set #4000 of size 22 (196.3 its/hit = 0.010s/hit): seed=1155271875130172708 [153, 175, 233, 275, 285, 322, 348, 368, 379, 518, 519, 573, 639, 688, 691, 716, 718, 763, 798, 816, 944, 956]
logs_monomial/n10_monomial9.txt.bz2.greedyext.20260223_083631.txt

54 74 225 229 241 290 379 451 488 519 602 644 692 718 736 758 779 828 853 864 968 992
Iter#14269 New set #80 of size 22 (178.4 its/hit = 0.000s/hit): seed=11212822455880591586 [54, 74, 225, 229, 241, 290, 379, 451, 488, 519, 602, 644, 692, 718, 736, 758, 779, 828, 853, 864, 968, 992]
logs_monomial/n10_monomial9.txt.bz2.greedyext.20260223_083632.txt

99 180 217 293 320 425 426 427 435 436 469 499 593 691 701 737 750 784 832 871 969 1021
Iter#179070 New set #900 of size 22 (199.0 its/hit = 0.009s/hit): seed=16735879915169524484 [99, 180, 217, 293, 320, 425, 426, 427, 435, 436, 469, 499, 593, 691, 701, 737, 750, 784, 832, 871, 969, 1021]
logs_monomial/n10_monomial9.txt.bz2.greedyext.20260223_083632.txt

8 29 32 50 126 186 209 291 302 312 319 326 352 363 470 493 558 595 660 666 825 896
Iter#7653 New set #40 of size 22 (191.3 its/hit = 0.000s/hit): seed=1702068831246421746 [8, 29, 32, 50, 126, 186, 209, 291, 302, 312, 319, 326, 352, 363, 470, 493, 558, 595, 660, 666, 825, 896]
logs_monomial/n10_monomial9.txt.bz2.greedyext.20260223_083633.txt

31 54 86 194 247 272 354 382 387 422 469 507 525 617 724 766 830 859 915 929 946 997
Iter#83821 New set #400 of size 22 (209.6 its/hit = 0.005s/hit): seed=1142416386726096105 [31, 54, 86, 194, 247, 272, 354, 382, 387, 422, 469, 507, 525, 617, 724, 766, 830, 859, 915, 929, 946, 997]
logs_monomial/n10_monomial9.txt.bz2.greedyext.20260222_000855.txt

55 79 98 229 327 369 383 508 527 534 678 694 706 769 813 874 932 937 965 984 1018 1019
Iter#7828 New set #50 of size 22 (156.6 its/hit = 0.000s/hit): seed=10329479235833028494 [55, 79, 98, 229, 327, 369, 383, 508, 527, 534, 678, 694, 706, 769, 813, 874, 932, 937, 965, 984, 1018, 1019]
logs_monomial/n10_monomial9.txt.bz2.greedyext.20260220_210834.txt

102 108 156 161 187 220 271 326 366 373 393 471 557 596 613 664 719 786 813 849 932 933
Iter#9454 New set #50 of size 22 (189.1 its/hit = 0.000s/hit): seed=3763069756672149140 [102, 108, 156, 161, 187, 220, 271, 326, 366, 373, 393, 471, 557, 596, 613, 664, 719, 786, 813, 849, 932, 933]
logs_monomial/n10_monomial9.txt.bz2.greedyext.20260223_083632.txt

2 31 39 53 66 84 224 251 306 373 454 521 597 663 784 801 873 936 955 961 985 1016
Iter#7880608 New set #40000 of size 22 (197.0 its/hit = 0.004s/hit): seed=11388469674835775569 [2, 31, 39, 53, 66, 84, 224, 251, 306, 373, 454, 521, 597, 663, 784, 801, 873, 936, 955, 961, 985, 1016]
logs_monomial/n10_monomial9.txt.bz2.greedyext.20260222_000855.txt

18 33 71 91 133 137 262 288 290 330 331 356 398 502 509 607 628 662 700 715 801 865
Iter#1379924 New set #7000 of size 22 (197.1 its/hit = 0.004s/hit): seed=5929660584132330737 [18, 33, 71, 91, 133, 137, 262, 288, 290, 330, 331, 356, 398, 502, 509, 607, 628, 662, 700, 715, 801, 865]
logs_monomial/n10_monomial9.txt.bz2.greedyext.20260222_000855.txt

53 135 148 190 246 284 348 403 412 419 451 473 503 505 511 602 629 659 715 778 841 868
Iter#497 New set #4 of size 22 (124.2 its/hit = 0.000s/hit): seed=11392533901993181218 [53, 135, 148, 190, 246, 284, 348, 403, 412, 419, 451, 473, 503, 505, 511, 602, 629, 659, 715, 778, 841, 868]
logs_monomial/n10_monomial9.txt.bz2.greedyext.20260223_083632.txt

