10 64 87 88 248 264 327 334 358 363 416 418 419 458 469 544 587 639 706 721 762 780 808 886 943
Iter#8228 New set #100 of size 25 (82.3 its/hit = 0.000s/hit): seed=7721383087795662182 [10, 64, 87, 88, 248, 264, 327, 334, 358, 363, 416, 418, 419, 458, 469, 544, 587, 639, 706, 721, 762, 780, 808, 886, 943]
logs_monomial/n10_monomial3.txt.bz2.greedyext.20260223_083631.txt

28 33 136 169 235 249 308 323 344 397 421 455 499 576 622 645 658 662 673 793 870 898 916 930 965
Iter#965 New set #9 of size 25 (107.2 its/hit = 0.000s/hit): seed=2916400865713448045 [28, 33, 136, 169, 235, 249, 308, 323, 344, 397, 421, 455, 499, 576, 622, 645, 658, 662, 673, 793, 870, 898, 916, 930, 965]
logs_monomial/n10_monomial3.txt.bz2.greedyext.20260222_000855.txt

49 52 198 262 279 294 344 388 427 436 588 665 715 748 757 785 802 823 828 831 871 881 984 986 993
Iter#314 New set #2 of size 25 (157.0 its/hit = 0.000s/hit): seed=7778761748282693535 [49, 52, 198, 262, 279, 294, 344, 388, 427, 436, 588, 665, 715, 748, 757, 785, 802, 823, 828, 831, 871, 881, 984, 986, 993]
logs_monomial/n10_monomial3.txt.bz2.greedyext.20260223_083631.txt

6 56 61 122 139 219 386 461 484 580 592 641 700 775 782 789 793 801 817 847 874 876 913 954 981
Iter#88 New set #3 of size 25 (29.3 its/hit = 0.000s/hit): seed=675720396278051360 [6, 56, 61, 122, 139, 219, 386, 461, 484, 580, 592, 641, 700, 775, 782, 789, 793, 801, 817, 847, 874, 876, 913, 954, 981]
logs_monomial/n10_monomial3.txt.bz2.greedyext.20260223_083632.txt

6 45 57 80 200 256 286 337 367 383 403 467 524 647 666 680 690 787 795 815 840 888 929 978 1000
Iter#36371 New set #400 of size 25 (90.9 its/hit = 0.000s/hit): seed=18117444645180201270 [6, 45, 57, 80, 200, 256, 286, 337, 367, 383, 403, 467, 524, 647, 666, 680, 690, 787, 795, 815, 840, 888, 929, 978, 1000]
logs_monomial/n10_monomial3.txt.bz2.greedyext.20260222_000855.txt

0 19 25 165 191 241 268 302 303 369 370 424 440 511 521 675 679 686 712 714 739 781 794 811 1004
Iter#84966 New set #1000 of size 25 (85.0 its/hit = 0.003s/hit): seed=3916115202271715553 [0, 19, 25, 165, 191, 241, 268, 302, 303, 369, 370, 424, 440, 511, 521, 675, 679, 686, 712, 714, 739, 781, 794, 811, 1004]
logs_monomial/n10_monomial3.txt.bz2.greedyext.20260223_083631.txt

5 13 80 108 110 126 165 169 221 312 417 555 580 606 621 640 714 721 777 831 851 865 886 1003 1021
Iter#7762 New set #80 of size 25 (97.0 its/hit = 0.000s/hit): seed=464058106494871010 [5, 13, 80, 108, 110, 126, 165, 169, 221, 312, 417, 555, 580, 606, 621, 640, 714, 721, 777, 831, 851, 865, 886, 1003, 1021]
logs_monomial/n10_monomial3.txt.bz2.greedyext.20260222_000855.txt

55 77 96 99 109 148 233 285 373 406 474 539 582 618 673 756 766 780 806 807 818 830 833 915 1015
Iter#52502 New set #600 of size 25 (87.5 its/hit = 0.002s/hit): seed=10375950210160425631 [55, 77, 96, 99, 109, 148, 233, 285, 373, 406, 474, 539, 582, 618, 673, 756, 766, 780, 806, 807, 818, 830, 833, 915, 1015]
logs_monomial/n10_monomial3.txt.bz2.greedyext.20260223_083632.txt

24 98 118 136 167 183 254 257 338 350 389 406 459 482 506 533 596 651 703 716 730 751 762 788 985
Iter#35082789 New set #400000 of size 25 (87.7 its/hit = 0.002s/hit): seed=8786942663025483058 [24, 98, 118, 136, 167, 183, 254, 257, 338, 350, 389, 406, 459, 482, 506, 533, 596, 651, 703, 716, 730, 751, 762, 788, 985]
logs_monomial/n10_monomial3.txt.bz2.greedyext.20260222_000855.txt

18 22 54 120 125 136 267 282 284 317 354 493 626 726 729 747 767 785 786 801 859 878 880 912 936
Iter#265036 New set #3000 of size 25 (88.3 its/hit = 0.003s/hit): seed=9658675363128433054 [18, 22, 54, 120, 125, 136, 267, 282, 284, 317, 354, 493, 626, 726, 729, 747, 767, 785, 786, 801, 859, 878, 880, 912, 936]
logs_monomial/n10_monomial3.txt.bz2.greedyext.20260223_083631.txt

36 39 60 107 167 172 185 231 233 256 272 285 294 382 470 528 589 616 660 694 776 858 866 871 988
Iter#866538 New set #10000 of size 25 (86.7 its/hit = 0.003s/hit): seed=3489088965359095487 [36, 39, 60, 107, 167, 172, 185, 231, 233, 256, 272, 285, 294, 382, 470, 528, 589, 616, 660, 694, 776, 858, 866, 871, 988]
logs_monomial/n10_monomial3.txt.bz2.greedyext.20260223_083631.txt

1 17 101 140 269 290 321 331 379 391 475 507 557 566 602 610 759 770 835 847 866 868 966 971 977
Iter#258491 New set #3000 of size 25 (86.2 its/hit = 0.003s/hit): seed=12568089884042905059 [1, 17, 101, 140, 269, 290, 321, 331, 379, 391, 475, 507, 557, 566, 602, 610, 759, 770, 835, 847, 866, 868, 966, 971, 977]
logs_monomial/n10_monomial3.txt.bz2.greedyext.20260223_083633.txt

2 6 10 18 39 41 59 119 122 140 160 204 248 388 401 407 519 540 603 680 737 771 850 917 977
Iter#1048 New set #10 of size 25 (104.8 its/hit = 0.000s/hit): seed=13970258451246131119 [2, 6, 10, 18, 39, 41, 59, 119, 122, 140, 160, 204, 248, 388, 401, 407, 519, 540, 603, 680, 737, 771, 850, 917, 977]
logs_monomial/n10_monomial3.txt.bz2.greedyext.20260222_000855.txt

3 38 73 102 103 130 170 181 256 309 363 384 402 482 518 698 701 753 822 834 854 895 939 968 1016
Iter#530462 New set #6000 of size 25 (88.4 its/hit = 0.002s/hit): seed=7926034361572813031 [3, 38, 73, 102, 103, 130, 170, 181, 256, 309, 363, 384, 402, 482, 518, 698, 701, 753, 822, 834, 854, 895, 939, 968, 1016]
logs_monomial/n10_monomial3.txt.bz2.greedyext.20260222_000855.txt

8 19 34 97 107 123 154 170 185 192 196 221 228 252 314 452 660 810 866 906 936 953 958 959 978
Iter#71090 New set #800 of size 25 (88.9 its/hit = 0.001s/hit): seed=6528320495578400513 [8, 19, 34, 97, 107, 123, 154, 170, 185, 192, 196, 221, 228, 252, 314, 452, 660, 810, 866, 906, 936, 953, 958, 959, 978]
logs_monomial/n10_monomial3.txt.bz2.greedyext.20260222_000855.txt

9 68 75 97 101 112 114 115 190 265 273 285 323 330 383 543 620 644 764 797 803 813 832 840 872
Iter#7938563 New set #90000 of size 25 (88.2 its/hit = 0.002s/hit): seed=12177251487296208292 [9, 68, 75, 97, 101, 112, 114, 115, 190, 265, 273, 285, 323, 330, 383, 543, 620, 644, 764, 797, 803, 813, 832, 840, 872]
logs_monomial/n10_monomial3.txt.bz2.greedyext.20260222_000855.txt

38 68 91 146 222 251 278 296 309 319 331 486 533 553 559 579 590 652 718 722 787 847 945 953 969
Iter#91884 New set #1000 of size 25 (91.9 its/hit = 0.002s/hit): seed=15784546257348808861 [38, 68, 91, 146, 222, 251, 278, 296, 309, 319, 331, 486, 533, 553, 559, 579, 590, 652, 718, 722, 787, 847, 945, 953, 969]
logs_monomial/n10_monomial3.txt.bz2.greedyext.20260223_083632.txt

3 50 142 185 225 248 290 297 319 345 357 458 482 519 584 589 599 774 775 805 829 933 945 995 1009
Iter#629436 New set #7000 of size 25 (89.9 its/hit = 0.004s/hit): seed=8859289999816987451 [3, 50, 142, 185, 225, 248, 290, 297, 319, 345, 357, 458, 482, 519, 584, 589, 599, 774, 775, 805, 829, 933, 945, 995, 1009]
logs_monomial/n10_monomial3.txt.bz2.greedyext.20260223_083632.txt

23 57 89 139 187 238 251 312 325 361 366 416 433 544 583 627 640 713 744 766 868 910 1007 1015 1021
Iter#786 New set #9 of size 25 (87.3 its/hit = 0.000s/hit): seed=5576331975762378692 [23, 57, 89, 139, 187, 238, 251, 312, 325, 361, 366, 416, 433, 544, 583, 627, 640, 713, 744, 766, 868, 910, 1007, 1015, 1021]
logs_monomial/n10_monomial3.txt.bz2.greedyext.20260220_210834.txt

21 36 40 127 152 159 219 287 367 474 528 565 584 611 682 700 717 792 896 921 922 953 960 978 1013
Iter#2652142 New set #30000 of size 25 (88.4 its/hit = 0.002s/hit): seed=2858227411160903154 [21, 36, 40, 127, 152, 159, 219, 287, 367, 474, 528, 565, 584, 611, 682, 700, 717, 792, 896, 921, 922, 953, 960, 978, 1013]
logs_monomial/n10_monomial3.txt.bz2.greedyext.20260222_000855.txt

7 31 120 148 172 216 222 241 242 281 308 319 350 352 356 378 413 479 539 660 662 694 841 947 998
Iter#6989695 New set #80000 of size 25 (87.4 its/hit = 0.003s/hit): seed=3596531723642604005 [7, 31, 120, 148, 172, 216, 222, 241, 242, 281, 308, 319, 350, 352, 356, 378, 413, 479, 539, 660, 662, 694, 841, 947, 998]
logs_monomial/n10_monomial3.txt.bz2.greedyext.20260223_083631.txt

22 36 85 123 148 152 165 225 226 254 313 327 410 428 497 522 544 664 678 685 743 753 813 869 976
Iter#6101417 New set #70000 of size 25 (87.2 its/hit = 0.003s/hit): seed=16207958673558808860 [22, 36, 85, 123, 148, 152, 165, 225, 226, 254, 313, 327, 410, 428, 497, 522, 544, 664, 678, 685, 743, 753, 813, 869, 976]
logs_monomial/n10_monomial3.txt.bz2.greedyext.20260223_083633.txt

8 24 125 131 148 234 256 271 276 323 335 383 504 532 554 564 575 589 738 744 797 820 852 978 1005
Iter#44 New set #1 of size 25 (44.0 its/hit = 0.000s/hit): seed=4159147551031750201 [8, 24, 125, 131, 148, 234, 256, 271, 276, 323, 335, 383, 504, 532, 554, 564, 575, 589, 738, 744, 797, 820, 852, 978, 1005]
logs_monomial/n10_monomial3.txt.bz2.greedyext.20260222_000855.txt

43 114 142 255 290 298 305 310 312 381 386 436 488 505 554 596 657 711 773 792 831 838 848 876 885
Iter#797347 New set #9000 of size 25 (88.6 its/hit = 0.002s/hit): seed=3690617065056696158 [43, 114, 142, 255, 290, 298, 305, 310, 312, 381, 386, 436, 488, 505, 554, 596, 657, 711, 773, 792, 831, 838, 848, 876, 885]
logs_monomial/n10_monomial3.txt.bz2.greedyext.20260222_000855.txt

64 97 165 244 268 287 329 385 386 403 406 495 501 571 590 616 729 780 791 794 807 815 840 871 994
Iter#7015 New set #80 of size 25 (87.7 its/hit = 0.000s/hit): seed=16298893933532962643 [64, 97, 165, 244, 268, 287, 329, 385, 386, 403, 406, 495, 501, 571, 590, 616, 729, 780, 791, 794, 807, 815, 840, 871, 994]
logs_monomial/n10_monomial3.txt.bz2.greedyext.20260220_210834.txt

63 88 122 163 262 273 285 312 342 357 390 425 464 473 491 522 537 562 598 611 682 775 794 871 964
Iter#8479 New set #90 of size 25 (94.2 its/hit = 0.000s/hit): seed=10576083239576943531 [63, 88, 122, 163, 262, 273, 285, 312, 342, 357, 390, 425, 464, 473, 491, 522, 537, 562, 598, 611, 682, 775, 794, 871, 964]
logs_monomial/n10_monomial3.txt.bz2.greedyext.20260222_000855.txt

4 37 110 118 128 139 335 388 397 475 480 516 528 571 733 763 782 828 870 888 889 930 935 964 990
Iter#364335 New set #4000 of size 25 (91.1 its/hit = 0.004s/hit): seed=2081634346913300383 [4, 37, 110, 118, 128, 139, 335, 388, 397, 475, 480, 516, 528, 571, 733, 763, 782, 828, 870, 888, 889, 930, 935, 964, 990]
logs_monomial/n10_monomial3.txt.bz2.greedyext.20260223_083632.txt

15 48 109 135 149 264 334 346 386 403 489 540 553 555 592 600 618 649 684 692 704 890 895 900 940
Iter#595130 New set #7000 of size 25 (85.0 its/hit = 0.002s/hit): seed=12240683878230397924 [15, 48, 109, 135, 149, 264, 334, 346, 386, 403, 489, 540, 553, 555, 592, 600, 618, 649, 684, 692, 704, 890, 895, 900, 940]
logs_monomial/n10_monomial3.txt.bz2.greedyext.20260220_210834.txt

35 48 86 123 130 187 267 272 302 314 325 371 397 446 481 492 571 642 659 708 719 722 801 806 980
Iter#552 New set #3 of size 25 (184.0 its/hit = 0.000s/hit): seed=15001169024001694433 [35, 48, 86, 123, 130, 187, 267, 272, 302, 314, 325, 371, 397, 446, 481, 492, 571, 642, 659, 708, 719, 722, 801, 806, 980]
logs_monomial/n10_monomial3.txt.bz2.greedyext.20260223_083633.txt

38 40 119 147 196 303 306 427 495 534 553 605 642 740 790 823 854 859 928 935 944 974 984 1001 1011
Iter#635 New set #5 of size 25 (127.0 its/hit = 0.000s/hit): seed=201635654489928043 [38, 40, 119, 147, 196, 303, 306, 427, 495, 534, 553, 605, 642, 740, 790, 823, 854, 859, 928, 935, 944, 974, 984, 1001, 1011]
logs_monomial/n10_monomial3.txt.bz2.greedyext.20260223_083632.txt

26 83 106 129 196 211 222 236 250 267 280 432 492 496 498 594 642 703 726 775 823 842 901 936 1006
Iter#5281546 New set #60000 of size 25 (88.0 its/hit = 0.002s/hit): seed=16418339001014965897 [26, 83, 106, 129, 196, 211, 222, 236, 250, 267, 280, 432, 492, 496, 498, 594, 642, 703, 726, 775, 823, 842, 901, 936, 1006]
logs_monomial/n10_monomial3.txt.bz2.greedyext.20260222_000855.txt

10 24 79 86 107 116 148 168 173 194 223 289 314 330 384 450 484 485 585 647 707 711 735 774 916
Iter#919 New set #7 of size 25 (131.3 its/hit = 0.000s/hit): seed=5602451967247533248 [10, 24, 79, 86, 107, 116, 148, 168, 173, 194, 223, 289, 314, 330, 384, 450, 484, 485, 585, 647, 707, 711, 735, 774, 916]
logs_monomial/n10_monomial3.txt.bz2.greedyext.20260223_083633.txt

13 49 130 142 166 181 257 327 347 424 459 461 523 540 576 649 682 688 722 732 738 852 882 907 910
Iter#70117148 New set #800000 of size 25 (87.6 its/hit = 0.002s/hit): seed=9793161696522969740 [13, 49, 130, 142, 166, 181, 257, 327, 347, 424, 459, 461, 523, 540, 576, 649, 682, 688, 722, 732, 738, 852, 882, 907, 910]
logs_monomial/n10_monomial3.txt.bz2.greedyext.20260222_000855.txt

34 38 55 132 250 316 342 351 379 443 515 532 543 713 757 765 832 833 846 865 871 903 946 949 976
Iter#324 New set #4 of size 25 (81.0 its/hit = 0.000s/hit): seed=3956777380402265909 [34, 38, 55, 132, 250, 316, 342, 351, 379, 443, 515, 532, 543, 713, 757, 765, 832, 833, 846, 865, 871, 903, 946, 949, 976]
logs_monomial/n10_monomial3.txt.bz2.greedyext.20260220_210834.txt

80 108 129 213 215 228 234 254 350 389 458 489 527 549 697 708 711 735 772 783 797 839 840 910 983
Iter#5229 New set #50 of size 25 (104.6 its/hit = 0.000s/hit): seed=333982519477172375 [80, 108, 129, 213, 215, 228, 234, 254, 350, 389, 458, 489, 527, 549, 697, 708, 711, 735, 772, 783, 797, 839, 840, 910, 983]
logs_monomial/n10_monomial3.txt.bz2.greedyext.20260222_000855.txt

6 43 187 221 294 365 390 527 590 597 638 698 704 713 739 774 785 809 836 849 854 925 937 1013 1015
Iter#161 New set #3 of size 25 (53.7 its/hit = 0.000s/hit): seed=12119934170474202047 [6, 43, 187, 221, 294, 365, 390, 527, 590, 597, 638, 698, 704, 713, 739, 774, 785, 809, 836, 849, 854, 925, 937, 1013, 1015]
logs_monomial/n10_monomial3.txt.bz2.greedyext.20260222_000855.txt

2 54 79 81 98 104 157 214 222 374 427 430 500 528 554 555 557 581 597 602 683 840 923 935 937
Iter#453682 New set #5000 of size 25 (90.7 its/hit = 0.004s/hit): seed=4862584859617669275 [2, 54, 79, 81, 98, 104, 157, 214, 222, 374, 427, 430, 500, 528, 554, 555, 557, 581, 597, 602, 683, 840, 923, 935, 937]
logs_monomial/n10_monomial3.txt.bz2.greedyext.20260223_083632.txt

47 56 78 129 132 138 381 423 484 487 488 525 541 585 617 631 657 796 808 825 838 923 968 969 998
Iter#57809 New set #700 of size 25 (82.6 its/hit = 0.003s/hit): seed=15458399054740799717 [47, 56, 78, 129, 132, 138, 381, 423, 484, 487, 488, 525, 541, 585, 617, 631, 657, 796, 808, 825, 838, 923, 968, 969, 998]
logs_monomial/n10_monomial3.txt.bz2.greedyext.20260223_083633.txt

61 96 115 116 130 163 179 211 240 265 297 319 416 563 576 589 641 704 738 748 750 815 941 975 978
Iter#919 New set #10 of size 25 (91.9 its/hit = 0.000s/hit): seed=18228705778129012033 [61, 96, 115, 116, 130, 163, 179, 211, 240, 265, 297, 319, 416, 563, 576, 589, 641, 704, 738, 748, 750, 815, 941, 975, 978]
logs_monomial/n10_monomial3.txt.bz2.greedyext.20260223_083632.txt

34 158 173 197 335 342 351 402 526 547 555 623 670 764 774 784 797 808 823 833 845 887 911 931 982
Iter#5235575 New set #60000 of size 25 (87.3 its/hit = 0.003s/hit): seed=4914127389897803504 [34, 158, 173, 197, 335, 342, 351, 402, 526, 547, 555, 623, 670, 764, 774, 784, 797, 808, 823, 833, 845, 887, 911, 931, 982]
logs_monomial/n10_monomial3.txt.bz2.greedyext.20260223_083631.txt

11 73 79 100 101 185 248 275 431 442 473 478 486 490 505 580 688 847 862 873 893 897 957 973 991
Iter#184477 New set #2000 of size 25 (92.2 its/hit = 0.003s/hit): seed=4264767614665147177 [11, 73, 79, 100, 101, 185, 248, 275, 431, 442, 473, 478, 486, 490, 505, 580, 688, 847, 862, 873, 893, 897, 957, 973, 991]
logs_monomial/n10_monomial3.txt.bz2.greedyext.20260223_083632.txt

22 64 80 90 101 133 168 317 319 393 598 613 668 674 678 682 692 695 772 797 810 813 935 960 988
Iter#25687 New set #300 of size 25 (85.6 its/hit = 0.000s/hit): seed=17135121851307487577 [22, 64, 80, 90, 101, 133, 168, 317, 319, 393, 598, 613, 668, 674, 678, 682, 692, 695, 772, 797, 810, 813, 935, 960, 988]
logs_monomial/n10_monomial3.txt.bz2.greedyext.20260223_083631.txt

30 65 99 170 171 287 295 366 368 406 415 419 469 492 535 582 656 738 756 793 844 896 928 955 1005
Iter#713 New set #6 of size 25 (118.8 its/hit = 0.000s/hit): seed=9944229915355550449 [30, 65, 99, 170, 171, 287, 295, 366, 368, 406, 415, 419, 469, 492, 535, 582, 656, 738, 756, 793, 844, 896, 928, 955, 1005]
logs_monomial/n10_monomial3.txt.bz2.greedyext.20260223_083632.txt

77 137 178 234 376 392 393 410 418 477 521 563 575 602 617 631 667 742 762 783 814 866 903 919 930
Iter#34997 New set #400 of size 25 (87.5 its/hit = 0.002s/hit): seed=11280712349934544529 [77, 137, 178, 234, 376, 392, 393, 410, 418, 477, 521, 563, 575, 602, 617, 631, 667, 742, 762, 783, 814, 866, 903, 919, 930]
logs_monomial/n10_monomial3.txt.bz2.greedyext.20260223_083631.txt

0 54 79 82 89 127 130 207 220 299 314 366 367 441 506 553 648 731 735 806 828 840 847 910 960
Iter#63788 New set #700 of size 25 (91.1 its/hit = 0.001s/hit): seed=12789103595046338160 [0, 54, 79, 82, 89, 127, 130, 207, 220, 299, 314, 366, 367, 441, 506, 553, 648, 731, 735, 806, 828, 840, 847, 910, 960]
logs_monomial/n10_monomial3.txt.bz2.greedyext.20260222_000855.txt

26 49 54 98 131 143 166 181 329 342 343 362 387 394 411 493 641 737 773 774 779 799 837 846 890
Iter#26332863 New set #300000 of size 25 (87.8 its/hit = 0.002s/hit): seed=4993930191549313486 [26, 49, 54, 98, 131, 143, 166, 181, 329, 342, 343, 362, 387, 394, 411, 493, 641, 737, 773, 774, 779, 799, 837, 846, 890]
logs_monomial/n10_monomial3.txt.bz2.greedyext.20260222_000855.txt

32 74 98 135 184 343 346 382 386 437 459 546 552 573 591 627 643 690 693 756 880 921 954 988 1018
Iter#255441 New set #3000 of size 25 (85.1 its/hit = 0.002s/hit): seed=16651344580844441048 [32, 74, 98, 135, 184, 343, 346, 382, 386, 437, 459, 546, 552, 573, 591, 627, 643, 690, 693, 756, 880, 921, 954, 988, 1018]
logs_monomial/n10_monomial3.txt.bz2.greedyext.20260220_210834.txt

26 44 92 105 116 138 206 215 270 387 411 485 498 585 587 588 642 643 662 668 707 756 823 830 979
Iter#718 New set #4 of size 25 (179.5 its/hit = 0.000s/hit): seed=11114462942266710843 [26, 44, 92, 105, 116, 138, 206, 215, 270, 387, 411, 485, 498, 585, 587, 588, 642, 643, 662, 668, 707, 756, 823, 830, 979]
logs_monomial/n10_monomial3.txt.bz2.greedyext.20260223_083631.txt

35 95 97 177 348 409 419 458 525 527 542 559 599 662 677 763 801 847 859 863 875 898 919 924 974
Iter#1 New set #1 of size 25 (1.0 its/hit = 0.000s/hit): seed=7574716604608073349 [35, 95, 97, 177, 348, 409, 419, 458, 525, 527, 542, 559, 599, 662, 677, 763, 801, 847, 859, 863, 875, 898, 919, 924, 974]
logs_monomial/n10_monomial3.txt.bz2.greedyext.20260223_083632.txt

3 13 21 58 71 97 105 285 362 392 402 569 625 648 685 696 796 803 824 853 893 921 935 998 999
Iter#4359038 New set #50000 of size 25 (87.2 its/hit = 0.004s/hit): seed=10468167699733206967 [3, 13, 21, 58, 71, 97, 105, 285, 362, 392, 402, 569, 625, 648, 685, 696, 796, 803, 824, 853, 893, 921, 935, 998, 999]
logs_monomial/n10_monomial3.txt.bz2.greedyext.20260223_083633.txt

7 50 102 177 223 237 254 281 290 308 348 368 422 505 539 540 605 632 655 678 681 691 767 907 963
Iter#581 New set #7 of size 25 (83.0 its/hit = 0.000s/hit): seed=7838125452845819510 [7, 50, 102, 177, 223, 237, 254, 281, 290, 308, 348, 368, 422, 505, 539, 540, 605, 632, 655, 678, 681, 691, 767, 907, 963]
logs_monomial/n10_monomial3.txt.bz2.greedyext.20260220_210834.txt

13 27 39 55 166 169 236 240 318 367 441 465 604 631 657 660 665 741 767 795 810 824 857 931 970
Iter#659 New set #5 of size 25 (131.8 its/hit = 0.000s/hit): seed=10686784961885417670 [13, 27, 39, 55, 166, 169, 236, 240, 318, 367, 441, 465, 604, 631, 657, 660, 665, 741, 767, 795, 810, 824, 857, 931, 970]
logs_monomial/n10_monomial3.txt.bz2.greedyext.20260223_083633.txt

135 137 144 260 261 318 329 363 372 379 592 613 640 645 730 765 772 792 812 838 844 987 995 1014 1019
Iter#4268 New set #40 of size 25 (106.7 its/hit = 0.000s/hit): seed=15064709639983471707 [135, 137, 144, 260, 261, 318, 329, 363, 372, 379, 592, 613, 640, 645, 730, 765, 772, 792, 812, 838, 844, 987, 995, 1014, 1019]
logs_monomial/n10_monomial3.txt.bz2.greedyext.20260222_000855.txt

19 45 56 98 100 175 196 217 220 249 356 374 414 434 497 504 518 522 541 615 647 660 725 984 1007
Iter#5648 New set #60 of size 25 (94.1 its/hit = 0.000s/hit): seed=4472427740128818606 [19, 45, 56, 98, 100, 175, 196, 217, 220, 249, 356, 374, 414, 434, 497, 504, 518, 522, 541, 615, 647, 660, 725, 984, 1007]
logs_monomial/n10_monomial3.txt.bz2.greedyext.20260223_083633.txt

75 78 113 136 164 192 252 272 306 332 388 429 483 624 724 781 803 805 841 852 863 900 907 947 961
Iter#78926483 New set #900000 of size 25 (87.7 its/hit = 0.002s/hit): seed=14181968093942259904 [75, 78, 113, 136, 164, 192, 252, 272, 306, 332, 388, 429, 483, 624, 724, 781, 803, 805, 841, 852, 863, 900, 907, 947, 961]
logs_monomial/n10_monomial3.txt.bz2.greedyext.20260222_000855.txt

30 107 137 176 192 223 253 310 330 339 367 428 455 465 466 471 545 554 588 657 667 708 763 817 866
Iter#87632991 New set #1000000 of size 25 (87.6 its/hit = 0.002s/hit): seed=6234364070834921884 [30, 107, 137, 176, 192, 223, 253, 310, 330, 339, 367, 428, 455, 465, 466, 471, 545, 554, 588, 657, 667, 708, 763, 817, 866]
logs_monomial/n10_monomial3.txt.bz2.greedyext.20260220_210834.txt

151 160 188 235 242 253 263 296 327 351 405 431 464 488 501 502 603 607 640 680 707 854 869 921 965
Iter#61379911 New set #700000 of size 25 (87.7 its/hit = 0.002s/hit): seed=2277536184650197721 [151, 160, 188, 235, 242, 253, 263, 296, 327, 351, 405, 431, 464, 488, 501, 502, 603, 607, 640, 680, 707, 854, 869, 921, 965]
logs_monomial/n10_monomial3.txt.bz2.greedyext.20260222_000855.txt

3 86 160 166 318 322 348 390 441 488 504 568 610 753 760 785 799 849 866 900 923 927 941 1011 1022
Iter#693395 New set #8000 of size 25 (86.7 its/hit = 0.003s/hit): seed=8276949626639399969 [3, 86, 160, 166, 318, 322, 348, 390, 441, 488, 504, 568, 610, 753, 760, 785, 799, 849, 866, 900, 923, 927, 941, 1011, 1022]
logs_monomial/n10_monomial3.txt.bz2.greedyext.20260223_083631.txt

41 58 68 80 128 206 224 262 314 338 348 355 417 445 478 520 535 562 611 633 676 850 859 905 968
Iter#7333 New set #80 of size 25 (91.7 its/hit = 0.000s/hit): seed=16758602454930724303 [41, 58, 68, 80, 128, 206, 224, 262, 314, 338, 348, 355, 417, 445, 478, 520, 535, 562, 611, 633, 676, 850, 859, 905, 968]
logs_monomial/n10_monomial3.txt.bz2.greedyext.20260223_083632.txt

74 113 127 149 165 186 201 264 267 310 324 331 353 429 518 584 699 781 811 844 852 876 926 941 988
Iter#6136 New set #70 of size 25 (87.7 its/hit = 0.000s/hit): seed=7895715269830222746 [74, 113, 127, 149, 165, 186, 201, 264, 267, 310, 324, 331, 353, 429, 518, 584, 699, 781, 811, 844, 852, 876, 926, 941, 988]
logs_monomial/n10_monomial3.txt.bz2.greedyext.20260223_083632.txt

42 62 121 141 159 197 242 311 313 439 475 515 613 675 679 790 823 841 848 867 884 936 947 988 1022
Iter#46162 New set #500 of size 25 (92.3 its/hit = 0.002s/hit): seed=2358215118751491448 [42, 62, 121, 141, 159, 197, 242, 311, 313, 439, 475, 515, 613, 675, 679, 790, 823, 841, 848, 867, 884, 936, 947, 988, 1022]
logs_monomial/n10_monomial3.txt.bz2.greedyext.20260222_000855.txt

84 132 150 158 188 277 387 391 452 454 457 499 537 546 597 632 641 725 742 748 765 799 845 848 994
Iter#43874107 New set #500000 of size 25 (87.7 its/hit = 0.002s/hit): seed=12226951898644471096 [84, 132, 150, 158, 188, 277, 387, 391, 452, 454, 457, 499, 537, 546, 597, 632, 641, 725, 742, 748, 765, 799, 845, 848, 994]
logs_monomial/n10_monomial3.txt.bz2.greedyext.20260222_000855.txt

64 135 174 183 191 223 230 253 276 277 318 401 416 427 526 529 542 701 708 717 797 811 821 838 971
Iter#1766034 New set #20000 of size 25 (88.3 its/hit = 0.004s/hit): seed=17305388081576515179 [64, 135, 174, 183, 191, 223, 230, 253, 276, 277, 318, 401, 416, 427, 526, 529, 542, 701, 708, 717, 797, 811, 821, 838, 971]
logs_monomial/n10_monomial3.txt.bz2.greedyext.20260223_083632.txt

3 7 109 123 161 195 245 321 376 383 384 413 496 659 669 722 760 774 817 834 862 917 949 968 999
Iter#511664 New set #6000 of size 25 (85.3 its/hit = 0.003s/hit): seed=5019405623050297097 [3, 7, 109, 123, 161, 195, 245, 321, 376, 383, 384, 413, 496, 659, 669, 722, 760, 774, 817, 834, 862, 917, 949, 968, 999]
logs_monomial/n10_monomial3.txt.bz2.greedyext.20260223_083633.txt

13 23 32 43 47 128 141 164 180 232 249 275 417 525 537 602 620 626 738 893 910 941 945 948 970
Iter#8140 New set #90 of size 25 (90.4 its/hit = 0.000s/hit): seed=7129525350926592534 [13, 23, 32, 43, 47, 128, 141, 164, 180, 232, 249, 275, 417, 525, 537, 602, 620, 626, 738, 893, 910, 941, 945, 948, 970]
logs_monomial/n10_monomial3.txt.bz2.greedyext.20260223_083633.txt

89 112 204 326 327 355 394 401 412 481 517 555 565 586 605 613 624 644 661 725 733 830 832 860 951
Iter#68662 New set #800 of size 25 (85.8 its/hit = 0.001s/hit): seed=7803058806830783011 [89, 112, 204, 326, 327, 355, 394, 401, 412, 481, 517, 555, 565, 586, 605, 613, 624, 644, 661, 725, 733, 830, 832, 860, 951]
logs_monomial/n10_monomial3.txt.bz2.greedyext.20260220_210834.txt

66 88 109 156 167 181 239 319 336 352 382 386 540 564 601 650 687 759 819 835 855 952 989 991 995
Iter#309 New set #5 of size 25 (61.8 its/hit = 0.000s/hit): seed=16461309059346950889 [66, 88, 109, 156, 167, 181, 239, 319, 336, 352, 382, 386, 540, 564, 601, 650, 687, 759, 819, 835, 855, 952, 989, 991, 995]
logs_monomial/n10_monomial3.txt.bz2.greedyext.20260222_000855.txt

59 168 182 234 281 316 334 337 340 414 472 487 593 618 625 645 736 777 817 838 869 872 902 940 1018
Iter#3519383 New set #40000 of size 25 (88.0 its/hit = 0.002s/hit): seed=18198608225180982444 [59, 168, 182, 234, 281, 316, 334, 337, 340, 414, 472, 487, 593, 618, 625, 645, 736, 777, 817, 838, 869, 872, 902, 940, 1018]
logs_monomial/n10_monomial3.txt.bz2.greedyext.20260222_000855.txt

11 21 45 90 185 187 188 239 334 335 391 408 469 497 530 598 689 719 842 870 905 954 961 967 994
Iter#1263 New set #9 of size 25 (140.3 its/hit = 0.000s/hit): seed=13585666497731395260 [11, 21, 45, 90, 185, 187, 188, 239, 334, 335, 391, 408, 469, 497, 530, 598, 689, 719, 842, 870, 905, 954, 961, 967, 994]
logs_monomial/n10_monomial3.txt.bz2.greedyext.20260223_083633.txt

111 182 187 210 231 249 255 295 302 303 307 347 442 449 468 519 585 637 722 768 865 883 928 947 992
Iter#75015 New set #900 of size 25 (83.3 its/hit = 0.003s/hit): seed=16510395437329216709 [111, 182, 187, 210, 231, 249, 255, 295, 302, 303, 307, 347, 442, 449, 468, 519, 585, 637, 722, 768, 865, 883, 928, 947, 992]
logs_monomial/n10_monomial3.txt.bz2.greedyext.20260223_083633.txt

39 43 184 211 212 243 269 292 361 417 428 462 562 622 647 652 704 727 875 886 932 940 964 991 994
Iter#74593 New set #900 of size 25 (82.9 its/hit = 0.002s/hit): seed=8412790885062874799 [39, 43, 184, 211, 212, 243, 269, 292, 361, 417, 428, 462, 562, 622, 647, 652, 704, 727, 875, 886, 932, 940, 964, 991, 994]
logs_monomial/n10_monomial3.txt.bz2.greedyext.20260223_083631.txt

25 35 36 118 182 185 358 366 411 426 428 478 498 553 554 575 663 697 733 824 859 915 925 960 970
Iter#2656234 New set #30000 of size 25 (88.5 its/hit = 0.004s/hit): seed=187269797408363693 [25, 35, 36, 118, 182, 185, 358, 366, 411, 426, 428, 478, 498, 553, 554, 575, 663, 697, 733, 824, 859, 915, 925, 960, 970]
logs_monomial/n10_monomial3.txt.bz2.greedyext.20260223_083632.txt

5 12 18 29 43 112 131 156 176 195 285 344 348 385 404 438 443 542 566 574 673 855 964 989 1017
Iter#719 New set #5 of size 25 (143.8 its/hit = 0.000s/hit): seed=15055959798573109301 [5, 12, 18, 29, 43, 112, 131, 156, 176, 195, 285, 344, 348, 385, 404, 438, 443, 542, 566, 574, 673, 855, 964, 989, 1017]
logs_monomial/n10_monomial3.txt.bz2.greedyext.20260223_083631.txt

5 25 34 71 75 171 241 286 308 340 546 609 630 638 651 654 707 711 804 821 927 936 967 969 970
Iter#429428 New set #5000 of size 25 (85.9 its/hit = 0.003s/hit): seed=17216740739400908216 [5, 25, 34, 71, 75, 171, 241, 286, 308, 340, 546, 609, 630, 638, 651, 654, 707, 711, 804, 821, 927, 936, 967, 969, 970]
logs_monomial/n10_monomial3.txt.bz2.greedyext.20260223_083633.txt

1 58 61 67 115 126 155 157 238 248 332 343 349 378 424 427 460 665 682 705 797 803 873 907 935
Iter#262508573 New set #3000000 of size 25 (87.5 its/hit = 0.002s/hit): seed=8671667443067188842 [1, 58, 61, 67, 115, 126, 155, 157, 238, 248, 332, 343, 349, 378, 424, 427, 460, 665, 682, 705, 797, 803, 873, 907, 935]
logs_monomial/n10_monomial3.txt.bz2.greedyext.20260222_000855.txt

131 165 187 197 204 226 323 329 340 348 376 377 391 460 498 522 540 549 582 725 764 767 809 863 952
Iter#817 New set #7 of size 25 (116.7 its/hit = 0.000s/hit): seed=13409643961908453694 [131, 165, 187, 197, 204, 226, 323, 329, 340, 348, 376, 377, 391, 460, 498, 522, 540, 549, 582, 725, 764, 767, 809, 863, 952]
logs_monomial/n10_monomial3.txt.bz2.greedyext.20260223_083631.txt

58 75 83 94 137 159 177 274 279 283 289 314 422 487 492 495 523 551 557 569 574 743 837 932 976
Iter#623341 New set #7000 of size 25 (89.0 its/hit = 0.002s/hit): seed=211599448673365570 [58, 75, 83, 94, 137, 159, 177, 274, 279, 283, 289, 314, 422, 487, 492, 495, 523, 551, 557, 569, 574, 743, 837, 932, 976]
logs_monomial/n10_monomial3.txt.bz2.greedyext.20260222_000855.txt

17 74 119 143 171 174 224 460 509 522 538 642 655 679 697 711 721 722 744 814 834 849 886 936 978
Iter#17236 New set #200 of size 25 (86.2 its/hit = 0.005s/hit): seed=6598611670473592996 [17, 74, 119, 143, 171, 174, 224, 460, 509, 522, 538, 642, 655, 679, 697, 711, 721, 722, 744, 814, 834, 849, 886, 936, 978]
logs_monomial/n10_monomial3.txt.bz2.greedyext.20260223_083633.txt

19 35 126 144 265 341 365 417 432 444 496 506 510 594 703 707 752 772 791 799 841 872 918 925 1016
Iter#774925 New set #9000 of size 25 (86.1 its/hit = 0.004s/hit): seed=18289908102260274131 [19, 35, 126, 144, 265, 341, 365, 417, 432, 444, 496, 506, 510, 594, 703, 707, 752, 772, 791, 799, 841, 872, 918, 925, 1016]
logs_monomial/n10_monomial3.txt.bz2.greedyext.20260223_083633.txt

129 138 156 176 239 264 293 323 357 363 369 408 477 593 628 642 692 755 785 805 833 952 967 996 1019
Iter#77108 New set #900 of size 25 (85.7 its/hit = 0.001s/hit): seed=7075089885948737457 [129, 138, 156, 176, 239, 264, 293, 323, 357, 363, 369, 408, 477, 593, 628, 642, 692, 755, 785, 805, 833, 952, 967, 996, 1019]
logs_monomial/n10_monomial3.txt.bz2.greedyext.20260220_210834.txt

152 218 258 266 272 299 375 439 443 526 550 562 579 615 668 719 741 760 790 803 812 856 893 894 962
Iter#175337 New set #2000 of size 25 (87.7 its/hit = 0.003s/hit): seed=12008813733298213057 [152, 218, 258, 266, 272, 299, 375, 439, 443, 526, 550, 562, 579, 615, 668, 719, 741, 760, 790, 803, 812, 856, 893, 894, 962]
logs_monomial/n10_monomial3.txt.bz2.greedyext.20260223_083631.txt

36 39 41 54 257 348 361 367 372 392 466 550 582 613 647 663 688 695 764 802 823 840 871 910 936
Iter#880 New set #6 of size 25 (146.7 its/hit = 0.000s/hit): seed=2027653388504243281 [36, 39, 41, 54, 257, 348, 361, 367, 372, 392, 466, 550, 582, 613, 647, 663, 688, 695, 764, 802, 823, 840, 871, 910, 936]
logs_monomial/n10_monomial3.txt.bz2.greedyext.20260223_083633.txt

52 97 190 386 420 429 451 488 501 535 556 602 612 654 689 701 722 774 830 854 913 996 997 1009 1013
Iter#1726681 New set #20000 of size 25 (86.3 its/hit = 0.002s/hit): seed=7244068875374058425 [52, 97, 190, 386, 420, 429, 451, 488, 501, 535, 556, 602, 612, 654, 689, 701, 722, 774, 830, 854, 913, 996, 997, 1009, 1013]
logs_monomial/n10_monomial3.txt.bz2.greedyext.20260220_210834.txt

36 64 122 127 133 187 226 270 310 409 433 473 478 639 685 751 762 813 823 840 896 919 932 986 1020
Iter#43579 New set #500 of size 25 (87.2 its/hit = 0.002s/hit): seed=1619843337161110645 [36, 64, 122, 127, 133, 187, 226, 270, 310, 409, 433, 473, 478, 639, 685, 751, 762, 813, 823, 840, 896, 919, 932, 986, 1020]
logs_monomial/n10_monomial3.txt.bz2.greedyext.20260223_083631.txt

41 70 167 237 257 265 285 310 315 389 424 497 554 634 649 655 679 743 760 773 774 840 958 989 1004
Iter#25581 New set #300 of size 25 (85.3 its/hit = 0.003s/hit): seed=3399825001268548595 [41, 70, 167, 237, 257, 265, 285, 310, 315, 389, 424, 497, 554, 634, 649, 655, 679, 743, 760, 773, 774, 840, 958, 989, 1004]
logs_monomial/n10_monomial3.txt.bz2.greedyext.20260223_083633.txt

29 40 44 129 131 148 152 157 198 226 285 339 490 501 512 519 534 577 738 739 806 828 897 929 970
Iter#26209366 New set #300000 of size 25 (87.4 its/hit = 0.002s/hit): seed=758822034760600187 [29, 40, 44, 129, 131, 148, 152, 157, 198, 226, 285, 339, 490, 501, 512, 519, 534, 577, 738, 739, 806, 828, 897, 929, 970]
logs_monomial/n10_monomial3.txt.bz2.greedyext.20260220_210834.txt

71 77 107 121 123 134 271 384 411 442 494 497 517 568 578 610 665 732 735 769 793 814 861 888 1014
Iter#4975 New set #60 of size 25 (82.9 its/hit = 0.000s/hit): seed=3598823919055985748 [71, 77, 107, 121, 123, 134, 271, 384, 411, 442, 494, 497, 517, 568, 578, 610, 665, 732, 735, 769, 793, 814, 861, 888, 1014]
logs_monomial/n10_monomial3.txt.bz2.greedyext.20260220_210834.txt

120 176 206 212 220 223 249 267 392 441 461 556 571 621 635 689 695 715 801 831 855 897 917 938 959
Iter#323 New set #3 of size 25 (107.7 its/hit = 0.000s/hit): seed=1073165728219482363 [120, 176, 206, 212, 220, 223, 249, 267, 392, 441, 461, 556, 571, 621, 635, 689, 695, 715, 801, 831, 855, 897, 917, 938, 959]
logs_monomial/n10_monomial3.txt.bz2.greedyext.20260220_210834.txt

22 47 98 157 162 167 186 404 507 565 566 598 604 645 648 708 716 788 803 810 822 836 840 905 961
Iter#3021 New set #30 of size 25 (100.7 its/hit = 0.000s/hit): seed=10437049974788642480 [22, 47, 98, 157, 162, 167, 186, 404, 507, 565, 566, 598, 604, 645, 648, 708, 716, 788, 803, 810, 822, 836, 840, 905, 961]
logs_monomial/n10_monomial3.txt.bz2.greedyext.20260223_083631.txt

1 116 142 179 259 272 309 332 359 364 389 428 524 534 537 641 648 690 745 807 809 913 924 947 986
Iter#175069697 New set #2000000 of size 25 (87.5 its/hit = 0.002s/hit): seed=3656407442785794270 [1, 116, 142, 179, 259, 272, 309, 332, 359, 364, 389, 428, 524, 534, 537, 641, 648, 690, 745, 807, 809, 913, 924, 947, 986]
logs_monomial/n10_monomial3.txt.bz2.greedyext.20260222_000855.txt

40 65 67 87 176 220 224 263 313 324 339 358 438 490 506 511 678 695 702 826 828 836 887 986 1022
Iter#8514 New set #100 of size 25 (85.1 its/hit = 0.000s/hit): seed=13357118570623637522 [40, 65, 67, 87, 176, 220, 224, 263, 313, 324, 339, 358, 438, 490, 506, 511, 678, 695, 702, 826, 828, 836, 887, 986, 1022]
logs_monomial/n10_monomial3.txt.bz2.greedyext.20260223_083633.txt

34 79 105 108 136 274 280 299 398 415 536 586 612 630 631 664 679 788 848 885 909 937 949 977 990
Iter#158 New set #2 of size 25 (79.0 its/hit = 0.000s/hit): seed=12187343227485810213 [34, 79, 105, 108, 136, 274, 280, 299, 398, 415, 536, 586, 612, 630, 631, 664, 679, 788, 848, 885, 909, 937, 949, 977, 990]
logs_monomial/n10_monomial3.txt.bz2.greedyext.20260220_210834.txt

63 90 107 171 201 208 349 411 415 485 561 598 633 640 661 663 673 700 701 813 814 828 846 946 1009
Iter#7891377 New set #90000 of size 25 (87.7 its/hit = 0.002s/hit): seed=10268301946938219533 [63, 90, 107, 171, 201, 208, 349, 411, 415, 485, 561, 598, 633, 640, 661, 663, 673, 700, 701, 813, 814, 828, 846, 946, 1009]
logs_monomial/n10_monomial3.txt.bz2.greedyext.20260220_210834.txt

61 63 66 150 210 346 349 359 412 428 443 496 539 549 552 584 640 664 824 857 890 926 951 961 975
Iter#52599 New set #600 of size 25 (87.7 its/hit = 0.002s/hit): seed=15381758283203714184 [61, 63, 66, 150, 210, 346, 349, 359, 412, 428, 443, 496, 539, 549, 552, 584, 640, 664, 824, 857, 890, 926, 951, 961, 975]
logs_monomial/n10_monomial3.txt.bz2.greedyext.20260220_210834.txt

9 14 17 29 31 179 206 384 500 580 637 658 692 695 732 777 802 824 875 880 905 917 924 962 964
Iter#7033 New set #80 of size 25 (87.9 its/hit = 0.000s/hit): seed=12935486194480596090 [9, 14, 17, 29, 31, 179, 206, 384, 500, 580, 637, 658, 692, 695, 732, 777, 802, 824, 875, 880, 905, 917, 924, 962, 964]
logs_monomial/n10_monomial3.txt.bz2.greedyext.20260223_083631.txt

45 46 135 214 316 354 371 383 520 524 590 593 645 699 754 775 834 843 844 848 856 899 974 1006 1014
Iter#802317 New set #9000 of size 25 (89.1 its/hit = 0.004s/hit): seed=17824927993223055895 [45, 46, 135, 214, 316, 354, 371, 383, 520, 524, 590, 593, 645, 699, 754, 775, 834, 843, 844, 848, 856, 899, 974, 1006, 1014]
logs_monomial/n10_monomial3.txt.bz2.greedyext.20260223_083632.txt

56 129 146 175 190 228 236 348 349 367 462 515 517 518 592 605 631 664 695 752 779 823 860 894 905
Iter#890201 New set #10000 of size 25 (89.0 its/hit = 0.003s/hit): seed=14170049773027766046 [56, 129, 146, 175, 190, 228, 236, 348, 349, 367, 462, 515, 517, 518, 592, 605, 631, 664, 695, 752, 779, 823, 860, 894, 905]
logs_monomial/n10_monomial3.txt.bz2.greedyext.20260223_083632.txt

8 13 25 39 75 149 169 248 269 283 309 311 350 510 595 603 743 822 848 852 877 905 922 959 974
Iter#683009 New set #8000 of size 25 (85.4 its/hit = 0.002s/hit): seed=13551663849908916835 [8, 13, 25, 39, 75, 149, 169, 248, 269, 283, 309, 311, 350, 510, 595, 603, 743, 822, 848, 852, 877, 905, 922, 959, 974]
logs_monomial/n10_monomial3.txt.bz2.greedyext.20260220_210834.txt

26 145 169 177 178 192 246 302 304 339 396 420 449 452 486 546 624 686 691 697 873 883 890 892 1011
Iter#17518210 New set #200000 of size 25 (87.6 its/hit = 0.002s/hit): seed=10734405749027936989 [26, 145, 169, 177, 178, 192, 246, 302, 304, 339, 396, 420, 449, 452, 486, 546, 624, 686, 691, 697, 873, 883, 890, 892, 1011]
logs_monomial/n10_monomial3.txt.bz2.greedyext.20260220_210834.txt

2 7 28 89 95 196 228 268 307 355 362 405 436 486 502 545 550 588 618 745 752 773 821 951 959
Iter#57 New set #2 of size 25 (28.5 its/hit = 0.000s/hit): seed=9827243113597389822 [2, 7, 28, 89, 95, 196, 228, 268, 307, 355, 362, 405, 436, 486, 502, 545, 550, 588, 618, 745, 752, 773, 821, 951, 959]
logs_monomial/n10_monomial3.txt.bz2.greedyext.20260223_083632.txt

130 169 204 207 243 269 275 384 438 520 558 568 638 640 723 745 747 752 773 793 871 911 945 954 978
Iter#52498242 New set #600000 of size 25 (87.5 its/hit = 0.002s/hit): seed=7188252764181780887 [130, 169, 204, 207, 243, 269, 275, 384, 438, 520, 558, 568, 638, 640, 723, 745, 747, 752, 773, 793, 871, 911, 945, 954, 978]
logs_monomial/n10_monomial3.txt.bz2.greedyext.20260220_210834.txt

28 173 183 207 256 309 371 403 482 510 535 591 632 695 696 703 742 810 871 890 952 966 990 1007 1020
Iter#17575 New set #200 of size 25 (87.9 its/hit = 0.000s/hit): seed=15355059482613370138 [28, 173, 183, 207, 256, 309, 371, 403, 482, 510, 535, 591, 632, 695, 696, 703, 742, 810, 871, 890, 952, 966, 990, 1007, 1020]
logs_monomial/n10_monomial3.txt.bz2.greedyext.20260220_210834.txt

23 67 80 129 137 176 181 203 210 236 259 511 543 598 652 666 687 719 757 791 855 856 912 919 995
Iter#6264 New set #70 of size 25 (89.5 its/hit = 0.000s/hit): seed=9440123871204818702 [23, 67, 80, 129, 137, 176, 181, 203, 210, 236, 259, 511, 543, 598, 652, 666, 687, 719, 757, 791, 855, 856, 912, 919, 995]
logs_monomial/n10_monomial3.txt.bz2.greedyext.20260223_083631.txt

21 225 280 341 360 364 378 452 460 472 490 605 686 704 705 746 748 778 799 835 847 860 891 892 950
Iter#171388 New set #2000 of size 25 (85.7 its/hit = 0.003s/hit): seed=11238049807608516781 [21, 225, 280, 341, 360, 364, 378, 452, 460, 472, 490, 605, 686, 704, 705, 746, 748, 778, 799, 835, 847, 860, 891, 892, 950]
logs_monomial/n10_monomial3.txt.bz2.greedyext.20260223_083633.txt

1 7 41 153 154 169 190 191 237 331 387 449 505 607 624 637 674 757 773 777 816 869 879 966 980
Iter#2599752 New set #30000 of size 25 (86.7 its/hit = 0.004s/hit): seed=11019854259751997206 [1, 7, 41, 153, 154, 169, 190, 191, 237, 331, 387, 449, 505, 607, 624, 637, 674, 757, 773, 777, 816, 869, 879, 966, 980]
logs_monomial/n10_monomial3.txt.bz2.greedyext.20260223_083633.txt

101 103 115 145 154 313 367 437 508 549 565 651 655 661 690 726 749 762 823 869 887 898 948 949 974
Iter#5986 New set #60 of size 25 (99.8 its/hit = 0.000s/hit): seed=6716187389509296272 [101, 103, 115, 145, 154, 313, 367, 437, 508, 549, 565, 651, 655, 661, 690, 726, 749, 762, 823, 869, 887, 898, 948, 949, 974]
logs_monomial/n10_monomial3.txt.bz2.greedyext.20260222_000855.txt

6 43 72 151 285 309 326 358 381 388 401 402 552 560 582 610 649 724 753 786 804 846 900 980 1004
Iter#219 New set #1 of size 25 (219.0 its/hit = 0.000s/hit): seed=17773565357314776373 [6, 43, 72, 151, 285, 309, 326, 358, 381, 388, 401, 402, 552, 560, 582, 610, 649, 724, 753, 786, 804, 846, 900, 980, 1004]
logs_monomial/n10_monomial3.txt.bz2.greedyext.20260223_083633.txt

0 30 76 130 144 193 247 267 286 365 396 519 553 554 612 623 627 655 778 785 811 880 954 961 990
Iter#2611913 New set #30000 of size 25 (87.1 its/hit = 0.003s/hit): seed=11028417558587018292 [0, 30, 76, 130, 144, 193, 247, 267, 286, 365, 396, 519, 553, 554, 612, 623, 627, 655, 778, 785, 811, 880, 954, 961, 990]
logs_monomial/n10_monomial3.txt.bz2.greedyext.20260223_083631.txt

63 65 134 161 183 191 262 371 382 401 404 426 453 478 488 518 613 629 641 675 923 965 1014 1015 1017
Iter#7010370 New set #80000 of size 25 (87.6 its/hit = 0.002s/hit): seed=2249174070461606509 [63, 65, 134, 161, 183, 191, 262, 371, 382, 401, 404, 426, 453, 478, 488, 518, 613, 629, 641, 675, 923, 965, 1014, 1015, 1017]
logs_monomial/n10_monomial3.txt.bz2.greedyext.20260220_210834.txt

35 63 68 80 122 126 127 129 139 150 154 222 411 453 483 502 560 569 692 722 730 766 863 934 1005
Iter#2435 New set #30 of size 25 (81.2 its/hit = 0.000s/hit): seed=11096238162001360423 [35, 63, 68, 80, 122, 126, 127, 129, 139, 150, 154, 222, 411, 453, 483, 502, 560, 569, 692, 722, 730, 766, 863, 934, 1005]
logs_monomial/n10_monomial3.txt.bz2.greedyext.20260223_083633.txt

41 42 109 119 120 251 256 257 285 294 330 440 494 504 555 572 582 589 607 669 802 855 867 893 968
Iter#70111079 New set #800000 of size 25 (87.6 its/hit = 0.002s/hit): seed=18111409740108745639 [41, 42, 109, 119, 120, 251, 256, 257, 285, 294, 330, 440, 494, 504, 555, 572, 582, 589, 607, 669, 802, 855, 867, 893, 968]
logs_monomial/n10_monomial3.txt.bz2.greedyext.20260220_210834.txt

30 72 76 77 147 155 263 267 315 316 325 352 363 396 467 558 576 651 668 685 689 769 824 951 977
Iter#775417 New set #9000 of size 25 (86.2 its/hit = 0.002s/hit): seed=17703500318515947682 [30, 72, 76, 77, 147, 155, 263, 267, 315, 316, 325, 352, 363, 396, 467, 558, 576, 651, 668, 685, 689, 769, 824, 951, 977]
logs_monomial/n10_monomial3.txt.bz2.greedyext.20260220_210834.txt

22 23 78 120 128 137 186 192 197 220 281 349 367 370 378 382 435 561 620 796 811 846 941 955 967
Iter#9225 New set #100 of size 25 (92.2 its/hit = 0.000s/hit): seed=2737510212426554837 [22, 23, 78, 120, 128, 137, 186, 192, 197, 220, 281, 349, 367, 370, 378, 382, 435, 561, 620, 796, 811, 846, 941, 955, 967]
logs_monomial/n10_monomial3.txt.bz2.greedyext.20260222_000855.txt

34 118 132 134 144 231 302 330 343 359 390 397 426 430 464 518 660 693 896 915 924 934 943 979 1000
Iter#1255 New set #8 of size 25 (156.9 its/hit = 0.000s/hit): seed=12715210649220880312 [34, 118, 132, 134, 144, 231, 302, 330, 343, 359, 390, 397, 426, 430, 464, 518, 660, 693, 896, 915, 924, 934, 943, 979, 1000]
logs_monomial/n10_monomial3.txt.bz2.greedyext.20260223_083633.txt

30 40 54 109 126 157 326 361 381 457 480 501 518 519 525 543 544 624 633 705 734 763 811 933 1009
Iter#67534 New set #800 of size 25 (84.4 its/hit = 0.002s/hit): seed=5930241526159433954 [30, 40, 54, 109, 126, 157, 326, 361, 381, 457, 480, 501, 518, 519, 525, 543, 544, 624, 633, 705, 734, 763, 811, 933, 1009]
logs_monomial/n10_monomial3.txt.bz2.greedyext.20260223_083631.txt

28 43 46 141 372 378 414 447 449 527 529 567 634 716 731 735 768 844 893 914 944 945 969 1011 1023
Iter#8777802 New set #100000 of size 25 (87.8 its/hit = 0.002s/hit): seed=14418521482825644905 [28, 43, 46, 141, 372, 378, 414, 447, 449, 527, 529, 567, 634, 716, 731, 735, 768, 844, 893, 914, 944, 945, 969, 1011, 1023]
logs_monomial/n10_monomial3.txt.bz2.greedyext.20260220_210834.txt

95 153 158 250 291 347 372 418 426 491 495 570 577 629 684 801 825 851 854 856 877 891 962 979 1006
Iter#55383 New set #600 of size 25 (92.3 its/hit = 0.002s/hit): seed=17502087612522859375 [95, 153, 158, 250, 291, 347, 372, 418, 426, 491, 495, 570, 577, 629, 684, 801, 825, 851, 854, 856, 877, 891, 962, 979, 1006]
logs_monomial/n10_monomial3.txt.bz2.greedyext.20260222_000855.txt

18 28 86 100 101 131 162 185 267 281 311 343 359 372 408 503 614 687 708 716 796 837 848 949 968
Iter#275670 New set #3000 of size 25 (91.9 its/hit = 0.003s/hit): seed=10355317448666972247 [18, 28, 86, 100, 101, 131, 162, 185, 267, 281, 311, 343, 359, 372, 408, 503, 614, 687, 708, 716, 796, 837, 848, 949, 968]
logs_monomial/n10_monomial3.txt.bz2.greedyext.20260223_083632.txt

9 36 60 111 125 157 174 223 276 507 561 567 600 635 666 694 710 749 841 846 898 924 948 966 970
Iter#7820 New set #90 of size 25 (86.9 its/hit = 0.000s/hit): seed=15842899451302461294 [9, 36, 60, 111, 125, 157, 174, 223, 276, 507, 561, 567, 600, 635, 666, 694, 710, 749, 841, 846, 898, 924, 948, 966, 970]
logs_monomial/n10_monomial3.txt.bz2.greedyext.20260220_210834.txt

18 66 129 130 147 199 232 318 350 386 412 431 434 441 459 480 513 524 577 636 662 715 899 1003 1006
Iter#176706 New set #2000 of size 25 (88.4 its/hit = 0.001s/hit): seed=13146494830451179513 [18, 66, 129, 130, 147, 199, 232, 318, 350, 386, 412, 431, 434, 441, 459, 480, 513, 524, 577, 636, 662, 715, 899, 1003, 1006]
logs_monomial/n10_monomial3.txt.bz2.greedyext.20260222_000855.txt

42 168 213 241 273 278 300 397 399 539 541 561 609 639 654 712 713 787 859 864 885 926 941 957 1014
Iter#1428 New set #10 of size 25 (142.8 its/hit = 0.000s/hit): seed=6362679456238082213 [42, 168, 213, 241, 273, 278, 300, 397, 399, 539, 541, 561, 609, 639, 654, 712, 713, 787, 859, 864, 885, 926, 941, 957, 1014]
logs_monomial/n10_monomial3.txt.bz2.greedyext.20260223_083633.txt

8 12 20 66 88 143 189 221 297 386 425 458 459 486 521 615 661 668 719 721 794 836 956 960 989
Iter#810 New set #10 of size 25 (81.0 its/hit = 0.000s/hit): seed=2781993223290535188 [8, 12, 20, 66, 88, 143, 189, 221, 297, 386, 425, 458, 459, 486, 521, 615, 661, 668, 719, 721, 794, 836, 956, 960, 989]
logs_monomial/n10_monomial3.txt.bz2.greedyext.20260220_210834.txt

9 68 95 157 177 216 272 280 290 291 295 323 336 345 381 469 511 582 622 624 631 650 702 851 949
Iter#4374485 New set #50000 of size 25 (87.5 its/hit = 0.002s/hit): seed=1808592552970291805 [9, 68, 95, 157, 177, 216, 272, 280, 290, 291, 295, 323, 336, 345, 381, 469, 511, 582, 622, 624, 631, 650, 702, 851, 949]
logs_monomial/n10_monomial3.txt.bz2.greedyext.20260220_210834.txt

10 16 26 35 72 153 158 280 286 298 368 426 433 465 467 486 493 515 582 584 612 654 667 807 859
Iter#1440 New set #20 of size 25 (72.0 its/hit = 0.000s/hit): seed=12878025482117944094 [10, 16, 26, 35, 72, 153, 158, 280, 286, 298, 368, 426, 433, 465, 467, 486, 493, 515, 582, 584, 612, 654, 667, 807, 859]
logs_monomial/n10_monomial3.txt.bz2.greedyext.20260220_210834.txt

30 41 99 121 147 214 250 294 336 370 396 440 458 480 493 500 607 640 657 671 681 707 831 863 996
Iter#6156312 New set #70000 of size 25 (87.9 its/hit = 0.002s/hit): seed=15946565319083873213 [30, 41, 99, 121, 147, 214, 250, 294, 336, 370, 396, 440, 458, 480, 493, 500, 607, 640, 657, 671, 681, 707, 831, 863, 996]
logs_monomial/n10_monomial3.txt.bz2.greedyext.20260222_000855.txt

3 30 32 56 138 219 232 287 307 311 329 377 404 547 553 558 568 618 673 702 726 788 840 859 996
Iter#8716 New set #100 of size 25 (87.2 its/hit = 0.000s/hit): seed=710200890777118986 [3, 30, 32, 56, 138, 219, 232, 287, 307, 311, 329, 377, 404, 547, 553, 558, 568, 618, 673, 702, 726, 788, 840, 859, 996]
logs_monomial/n10_monomial3.txt.bz2.greedyext.20260220_210834.txt

6 34 45 96 149 231 237 242 297 303 379 417 421 425 441 510 520 533 582 713 731 734 841 990 995
Iter#60794 New set #700 of size 25 (86.8 its/hit = 0.001s/hit): seed=17483255440367158795 [6, 34, 45, 96, 149, 231, 237, 242, 297, 303, 379, 417, 421, 425, 441, 510, 520, 533, 582, 713, 731, 734, 841, 990, 995]
logs_monomial/n10_monomial3.txt.bz2.greedyext.20260220_210834.txt

58 64 68 77 78 125 268 296 308 329 337 343 358 381 389 474 689 753 786 842 856 863 886 975 976
Iter#52598902 New set #600000 of size 25 (87.7 its/hit = 0.002s/hit): seed=261259942133007613 [58, 64, 68, 77, 78, 125, 268, 296, 308, 329, 337, 343, 358, 381, 389, 474, 689, 753, 786, 842, 856, 863, 886, 975, 976]
logs_monomial/n10_monomial3.txt.bz2.greedyext.20260222_000855.txt

32 44 72 91 110 184 216 233 286 313 352 370 423 433 478 531 533 595 650 674 693 701 762 788 923
Iter#438805 New set #5000 of size 25 (87.8 its/hit = 0.003s/hit): seed=16617877189805829374 [32, 44, 72, 91, 110, 184, 216, 233, 286, 313, 352, 370, 423, 433, 478, 531, 533, 595, 650, 674, 693, 701, 762, 788, 923]
logs_monomial/n10_monomial3.txt.bz2.greedyext.20260223_083631.txt

108 115 158 249 282 347 389 444 587 667 677 688 709 735 748 769 776 836 866 880 906 945 954 961 988
Iter#87702773 New set #1000000 of size 25 (87.7 its/hit = 0.002s/hit): seed=8688470861597643814 [108, 115, 158, 249, 282, 347, 389, 444, 587, 667, 677, 688, 709, 735, 748, 769, 776, 836, 866, 880, 906, 945, 954, 961, 988]
logs_monomial/n10_monomial3.txt.bz2.greedyext.20260222_000855.txt

37 152 163 166 205 214 272 273 290 316 371 454 486 495 511 522 681 768 772 782 839 927 965 968 1005
Iter#780830 New set #9000 of size 25 (86.8 its/hit = 0.003s/hit): seed=8760824089397264441 [37, 152, 163, 166, 205, 214, 272, 273, 290, 316, 371, 454, 486, 495, 511, 522, 681, 768, 772, 782, 839, 927, 965, 968, 1005]
logs_monomial/n10_monomial3.txt.bz2.greedyext.20260223_083631.txt

1 15 36 100 199 228 298 316 329 347 427 442 467 527 588 639 648 651 710 718 734 782 887 972 984
Iter#772 New set #7 of size 25 (110.3 its/hit = 0.000s/hit): seed=5763922123241294713 [1, 15, 36, 100, 199, 228, 298, 316, 329, 347, 427, 442, 467, 527, 588, 639, 648, 651, 710, 718, 734, 782, 887, 972, 984]
logs_monomial/n10_monomial3.txt.bz2.greedyext.20260223_083632.txt

44 73 231 238 303 352 373 377 387 428 514 582 660 674 716 722 790 798 876 884 905 923 927 943 947
Iter#2098 New set #30 of size 25 (69.9 its/hit = 0.000s/hit): seed=7534594240537587761 [44, 73, 231, 238, 303, 352, 373, 377, 387, 428, 514, 582, 660, 674, 716, 722, 790, 798, 876, 884, 905, 923, 927, 943, 947]
logs_monomial/n10_monomial3.txt.bz2.greedyext.20260223_083632.txt

75 175 179 266 279 310 372 392 459 608 616 659 686 693 699 716 747 751 817 860 861 871 921 957 1014
Iter#62542 New set #700 of size 25 (89.3 its/hit = 0.001s/hit): seed=3557499050256937488 [75, 175, 179, 266, 279, 310, 372, 392, 459, 608, 616, 659, 686, 693, 699, 716, 747, 751, 817, 860, 861, 871, 921, 957, 1014]
logs_monomial/n10_monomial3.txt.bz2.greedyext.20260223_083632.txt

12 19 79 95 121 161 180 196 227 331 348 349 382 385 482 568 600 725 738 770 783 830 913 953 1015
Iter#5229905 New set #60000 of size 25 (87.2 its/hit = 0.004s/hit): seed=468417927720558475 [12, 19, 79, 95, 121, 161, 180, 196, 227, 331, 348, 349, 382, 385, 482, 568, 600, 725, 738, 770, 783, 830, 913, 953, 1015]
logs_monomial/n10_monomial3.txt.bz2.greedyext.20260223_083633.txt

10 38 64 104 160 284 358 367 417 427 467 469 521 563 620 666 778 798 814 823 834 855 972 987 1012
Iter#8794630 New set #100000 of size 25 (87.9 its/hit = 0.002s/hit): seed=9290231411818475647 [10, 38, 64, 104, 160, 284, 358, 367, 417, 427, 467, 469, 521, 563, 620, 666, 778, 798, 814, 823, 834, 855, 972, 987, 1012]
logs_monomial/n10_monomial3.txt.bz2.greedyext.20260222_000855.txt

45 72 92 102 105 136 216 219 244 295 324 378 383 389 395 441 496 536 570 579 590 804 829 974 1016
Iter#3477400 New set #40000 of size 25 (86.9 its/hit = 0.004s/hit): seed=13624859819419980258 [45, 72, 92, 102, 105, 136, 216, 219, 244, 295, 324, 378, 383, 389, 395, 441, 496, 536, 570, 579, 590, 804, 829, 974, 1016]
logs_monomial/n10_monomial3.txt.bz2.greedyext.20260223_083633.txt

14 28 33 34 233 289 310 320 332 339 340 359 447 450 482 513 548 556 621 680 702 724 747 787 1015
Iter#2607740 New set #30000 of size 25 (86.9 its/hit = 0.002s/hit): seed=14332087815122132493 [14, 28, 33, 34, 233, 289, 310, 320, 332, 339, 340, 359, 447, 450, 482, 513, 548, 556, 621, 680, 702, 724, 747, 787, 1015]
logs_monomial/n10_monomial3.txt.bz2.greedyext.20260220_210834.txt

5 63 72 141 179 207 252 321 414 417 434 547 554 610 626 628 686 692 699 772 834 872 879 884 914
Iter#364 New set #3 of size 25 (121.3 its/hit = 0.000s/hit): seed=7863529459133432107 [5, 63, 72, 141, 179, 207, 252, 321, 414, 417, 434, 547, 554, 610, 626, 628, 686, 692, 699, 772, 834, 872, 879, 884, 914]
logs_monomial/n10_monomial3.txt.bz2.greedyext.20260223_083631.txt

11 96 118 132 184 226 258 300 340 377 436 443 468 484 504 514 523 534 560 578 632 697 732 903 1015
Iter#6618 New set #70 of size 25 (94.5 its/hit = 0.000s/hit): seed=14000462410117577539 [11, 96, 118, 132, 184, 226, 258, 300, 340, 377, 436, 443, 468, 484, 504, 514, 523, 534, 560, 578, 632, 697, 732, 903, 1015]
logs_monomial/n10_monomial3.txt.bz2.greedyext.20260223_083633.txt

25 32 35 197 211 215 219 295 346 348 353 373 494 532 555 561 583 596 639 677 729 756 844 892 935
Iter#513319 New set #6000 of size 25 (85.6 its/hit = 0.002s/hit): seed=4876730601275900564 [25, 32, 35, 197, 211, 215, 219, 295, 346, 348, 353, 373, 494, 532, 555, 561, 583, 596, 639, 677, 729, 756, 844, 892, 935]
logs_monomial/n10_monomial3.txt.bz2.greedyext.20260220_210834.txt

19 77 128 214 230 237 262 291 406 420 439 479 482 485 649 667 676 693 771 805 827 841 870 905 1009
Iter#3492644 New set #40000 of size 25 (87.3 its/hit = 0.002s/hit): seed=15442514669115446302 [19, 77, 128, 214, 230, 237, 262, 291, 406, 420, 439, 479, 482, 485, 649, 667, 676, 693, 771, 805, 827, 841, 870, 905, 1009]
logs_monomial/n10_monomial3.txt.bz2.greedyext.20260220_210834.txt

8 26 48 87 163 186 202 222 371 441 547 642 649 653 695 697 748 823 878 884 905 936 987 994 1023
Iter#6111911 New set #70000 of size 25 (87.3 its/hit = 0.003s/hit): seed=17085340905299483719 [8, 26, 48, 87, 163, 186, 202, 222, 371, 441, 547, 642, 649, 653, 695, 697, 748, 823, 878, 884, 905, 936, 987, 994, 1023]
logs_monomial/n10_monomial3.txt.bz2.greedyext.20260223_083631.txt

35 39 51 53 101 116 128 159 253 267 294 430 449 454 490 539 629 637 792 816 818 842 965 1009 1019
Iter#17541419 New set #200000 of size 25 (87.7 its/hit = 0.002s/hit): seed=11107688924472779265 [35, 39, 51, 53, 101, 116, 128, 159, 253, 267, 294, 430, 449, 454, 490, 539, 629, 637, 792, 816, 818, 842, 965, 1009, 1019]
logs_monomial/n10_monomial3.txt.bz2.greedyext.20260222_000855.txt

101 109 182 355 399 422 423 456 510 525 580 598 632 655 667 674 684 752 787 793 821 891 896 912 1012
Iter#860438 New set #10000 of size 25 (86.0 its/hit = 0.004s/hit): seed=4715119150327619182 [101, 109, 182, 355, 399, 422, 423, 456, 510, 525, 580, 598, 632, 655, 667, 674, 684, 752, 787, 793, 821, 891, 896, 912, 1012]
logs_monomial/n10_monomial3.txt.bz2.greedyext.20260223_083633.txt

56 62 65 90 151 181 305 309 394 433 525 530 551 569 574 596 644 713 788 895 941 971 991 1005 1020
Iter#4376501 New set #50000 of size 25 (87.5 its/hit = 0.003s/hit): seed=17815737076488515341 [56, 62, 65, 90, 151, 181, 305, 309, 394, 433, 525, 530, 551, 569, 574, 596, 644, 713, 788, 895, 941, 971, 991, 1005, 1020]
logs_monomial/n10_monomial3.txt.bz2.greedyext.20260223_083631.txt

7 53 69 97 132 152 166 224 229 310 346 363 519 613 661 706 721 725 825 851 892 922 925 956 975
Iter#44888 New set #500 of size 25 (89.8 its/hit = 0.000s/hit): seed=7627474660585860021 [7, 53, 69, 97, 132, 152, 166, 224, 229, 310, 346, 363, 519, 613, 661, 706, 721, 725, 825, 851, 892, 922, 925, 956, 975]
logs_monomial/n10_monomial3.txt.bz2.greedyext.20260220_210834.txt

12 82 124 133 143 166 202 221 242 302 356 387 425 434 436 631 647 693 755 769 773 895 926 958 1005
Iter#440 New set #6 of size 25 (73.3 its/hit = 0.000s/hit): seed=9656547527566415549 [12, 82, 124, 133, 143, 166, 202, 221, 242, 302, 356, 387, 425, 434, 436, 631, 647, 693, 755, 769, 773, 895, 926, 958, 1005]
logs_monomial/n10_monomial3.txt.bz2.greedyext.20260222_000855.txt

7 50 69 122 162 171 172 185 186 252 273 350 411 419 425 449 514 574 690 734 840 894 908 1002 1011
Iter#81744 New set #900 of size 25 (90.8 its/hit = 0.002s/hit): seed=3354137558417127744 [7, 50, 69, 122, 162, 171, 172, 185, 186, 252, 273, 350, 411, 419, 425, 449, 514, 574, 690, 734, 840, 894, 908, 1002, 1011]
logs_monomial/n10_monomial3.txt.bz2.greedyext.20260223_083632.txt

43 74 120 126 232 243 249 264 333 341 395 467 488 617 679 707 752 805 875 885 921 923 926 958 996
Iter#3347 New set #40 of size 25 (83.7 its/hit = 0.000s/hit): seed=746407130165282735 [43, 74, 120, 126, 232, 243, 249, 264, 333, 341, 395, 467, 488, 617, 679, 707, 752, 805, 875, 885, 921, 923, 926, 958, 996]
logs_monomial/n10_monomial3.txt.bz2.greedyext.20260223_083632.txt

84 136 193 199 212 271 318 371 397 592 624 629 660 669 678 682 695 718 728 835 929 934 959 981 993
Iter#43706676 New set #500000 of size 25 (87.4 its/hit = 0.002s/hit): seed=2063333825049917573 [84, 136, 193, 199, 212, 271, 318, 371, 397, 592, 624, 629, 660, 669, 678, 682, 695, 718, 728, 835, 929, 934, 959, 981, 993]
logs_monomial/n10_monomial3.txt.bz2.greedyext.20260220_210834.txt

63 128 137 145 173 179 232 313 410 419 448 490 580 647 693 694 794 820 839 870 880 890 906 946 954
Iter#3854 New set #40 of size 25 (96.3 its/hit = 0.000s/hit): seed=16095289038608911805 [63, 128, 137, 145, 173, 179, 232, 313, 410, 419, 448, 490, 580, 647, 693, 694, 794, 820, 839, 870, 880, 890, 906, 946, 954]
logs_monomial/n10_monomial3.txt.bz2.greedyext.20260223_083631.txt

17 25 38 100 148 178 220 247 265 266 293 446 449 485 497 530 597 799 812 813 821 862 870 913 1015
Iter#5736 New set #70 of size 25 (81.9 its/hit = 0.000s/hit): seed=12884022782631214998 [17, 25, 38, 100, 148, 178, 220, 247, 265, 266, 293, 446, 449, 485, 497, 530, 597, 799, 812, 813, 821, 862, 870, 913, 1015]
logs_monomial/n10_monomial3.txt.bz2.greedyext.20260220_210834.txt

18 70 137 166 174 191 231 276 279 318 327 339 390 464 480 514 526 556 595 666 674 726 798 897 921
Iter#1774786 New set #20000 of size 25 (88.7 its/hit = 0.002s/hit): seed=12787835581291651581 [18, 70, 137, 166, 174, 191, 231, 276, 279, 318, 327, 339, 390, 464, 480, 514, 526, 556, 595, 666, 674, 726, 798, 897, 921]
logs_monomial/n10_monomial3.txt.bz2.greedyext.20260222_000855.txt

27 53 69 82 113 134 195 240 286 389 431 441 468 521 663 667 695 727 744 793 794 812 909 971 996
Iter#41532 New set #500 of size 25 (83.1 its/hit = 0.002s/hit): seed=5295023068031843970 [27, 53, 69, 82, 113, 134, 195, 240, 286, 389, 431, 441, 468, 521, 663, 667, 695, 727, 744, 793, 794, 812, 909, 971, 996]
logs_monomial/n10_monomial3.txt.bz2.greedyext.20260223_083633.txt

6 13 15 57 96 125 166 259 267 300 318 431 636 671 716 729 738 783 812 824 828 850 909 951 964
Iter#66213 New set #800 of size 25 (82.8 its/hit = 0.002s/hit): seed=1053363292908378030 [6, 13, 15, 57, 96, 125, 166, 259, 267, 300, 318, 431, 636, 671, 716, 729, 738, 783, 812, 824, 828, 850, 909, 951, 964]
logs_monomial/n10_monomial3.txt.bz2.greedyext.20260223_083633.txt

65 114 161 199 212 227 262 308 364 393 520 533 535 615 621 656 690 717 735 743 818 858 887 902 968
Iter#61309309 New set #700000 of size 25 (87.6 its/hit = 0.002s/hit): seed=10240272557491364571 [65, 114, 161, 199, 212, 227, 262, 308, 364, 393, 520, 533, 535, 615, 621, 656, 690, 717, 735, 743, 818, 858, 887, 902, 968]
logs_monomial/n10_monomial3.txt.bz2.greedyext.20260220_210834.txt

116 132 175 191 274 279 283 285 308 351 392 402 412 420 462 466 597 658 673 703 716 757 859 955 1018
Iter#712701 New set #8000 of size 25 (89.1 its/hit = 0.004s/hit): seed=9970158923788999192 [116, 132, 175, 191, 274, 279, 283, 285, 308, 351, 392, 402, 412, 420, 462, 466, 597, 658, 673, 703, 716, 757, 859, 955, 1018]
logs_monomial/n10_monomial3.txt.bz2.greedyext.20260223_083632.txt

8 33 66 84 95 104 166 314 325 348 473 517 574 582 602 729 748 749 784 824 885 931 981 1000 1004
Iter#52459 New set #600 of size 25 (87.4 its/hit = 0.002s/hit): seed=2281806149280931215 [8, 33, 66, 84, 95, 104, 166, 314, 325, 348, 473, 517, 574, 582, 602, 729, 748, 749, 784, 824, 885, 931, 981, 1000, 1004]
logs_monomial/n10_monomial3.txt.bz2.greedyext.20260223_083631.txt

55 135 143 169 170 225 243 300 323 326 395 399 401 471 492 542 556 567 626 642 795 863 944 968 996
Iter#73327 New set #800 of size 25 (91.7 its/hit = 0.002s/hit): seed=17556300463703846331 [55, 135, 143, 169, 170, 225, 243, 300, 323, 326, 395, 399, 401, 471, 492, 542, 556, 567, 626, 642, 795, 863, 944, 968, 996]
logs_monomial/n10_monomial3.txt.bz2.greedyext.20260223_083632.txt

5 34 68 92 154 182 309 316 367 400 464 575 619 682 721 726 749 778 818 914 920 967 1005 1010 1017
Iter#43155 New set #500 of size 25 (86.3 its/hit = 0.002s/hit): seed=16643271379155048026 [5, 34, 68, 92, 154, 182, 309, 316, 367, 400, 464, 575, 619, 682, 721, 726, 749, 778, 818, 914, 920, 967, 1005, 1010, 1017]
logs_monomial/n10_monomial3.txt.bz2.greedyext.20260223_083632.txt

13 28 98 116 174 205 270 283 284 306 313 379 480 509 542 573 578 601 842 866 888 896 980 984 1010
Iter#25560 New set #300 of size 25 (85.2 its/hit = 0.000s/hit): seed=4848100588214782464 [13, 28, 98, 116, 174, 205, 270, 283, 284, 306, 313, 379, 480, 509, 542, 573, 578, 601, 842, 866, 888, 896, 980, 984, 1010]
logs_monomial/n10_monomial3.txt.bz2.greedyext.20260222_000855.txt

38 45 79 97 183 232 341 346 365 366 373 388 413 442 501 533 561 566 575 648 763 926 962 984 1022
Iter#426169 New set #5000 of size 25 (85.2 its/hit = 0.002s/hit): seed=3793914004902202761 [38, 45, 79, 97, 183, 232, 341, 346, 365, 366, 373, 388, 413, 442, 501, 533, 561, 566, 575, 648, 763, 926, 962, 984, 1022]
logs_monomial/n10_monomial3.txt.bz2.greedyext.20260220_210834.txt

0 5 14 95 129 135 213 252 270 275 305 339 343 377 576 623 687 732 735 760 798 899 917 920 1013
Iter#7062 New set #70 of size 25 (100.9 its/hit = 0.000s/hit): seed=15294424817043441453 [0, 5, 14, 95, 129, 135, 213, 252, 270, 275, 305, 339, 343, 377, 576, 623, 687, 732, 735, 760, 798, 899, 917, 920, 1013]
logs_monomial/n10_monomial3.txt.bz2.greedyext.20260222_000855.txt

69 78 81 156 227 242 254 255 358 371 374 397 437 490 639 650 695 710 728 838 913 919 920 994 1004
Iter#7748 New set #90 of size 25 (86.1 its/hit = 0.000s/hit): seed=1621964304938388289 [69, 78, 81, 156, 227, 242, 254, 255, 358, 371, 374, 397, 437, 490, 639, 650, 695, 710, 728, 838, 913, 919, 920, 994, 1004]
logs_monomial/n10_monomial3.txt.bz2.greedyext.20260223_083631.txt

7 28 72 190 259 261 272 277 491 518 530 565 567 577 620 637 641 668 671 682 693 787 898 911 1011
Iter#862627 New set #10000 of size 25 (86.3 its/hit = 0.002s/hit): seed=4040773137013256436 [7, 28, 72, 190, 259, 261, 272, 277, 491, 518, 530, 565, 567, 577, 620, 637, 641, 668, 671, 682, 693, 787, 898, 911, 1011]
logs_monomial/n10_monomial3.txt.bz2.greedyext.20260220_210834.txt

17 145 155 158 165 167 178 220 313 336 355 392 407 416 467 508 584 673 790 816 856 885 916 988 1010
Iter#729 New set #6 of size 25 (121.5 its/hit = 0.000s/hit): seed=4879664409894169055 [17, 145, 155, 158, 165, 167, 178, 220, 313, 336, 355, 392, 407, 416, 467, 508, 584, 673, 790, 816, 856, 885, 916, 988, 1010]
logs_monomial/n10_monomial3.txt.bz2.greedyext.20260223_083631.txt

6 9 49 99 132 141 316 349 458 461 504 525 552 591 598 686 726 743 759 896 930 960 971 991 1007
Iter#343717 New set #4000 of size 25 (85.9 its/hit = 0.002s/hit): seed=181167875027466559 [6, 9, 49, 99, 132, 141, 316, 349, 458, 461, 504, 525, 552, 591, 598, 686, 726, 743, 759, 896, 930, 960, 971, 991, 1007]
logs_monomial/n10_monomial3.txt.bz2.greedyext.20260220_210834.txt

25 34 37 44 59 71 127 150 196 233 249 278 370 453 518 525 545 556 576 602 685 857 927 941 988
Iter#1736 New set #20 of size 25 (86.8 its/hit = 0.000s/hit): seed=2959492289113166356 [25, 34, 37, 44, 59, 71, 127, 150, 196, 233, 249, 278, 370, 453, 518, 525, 545, 556, 576, 602, 685, 857, 927, 941, 988]
logs_monomial/n10_monomial3.txt.bz2.greedyext.20260223_083631.txt

26 63 78 87 89 139 171 249 253 347 362 368 427 430 560 591 593 708 778 898 899 904 911 954 991
Iter#520924 New set #6000 of size 25 (86.8 its/hit = 0.003s/hit): seed=3379457974596520869 [26, 63, 78, 87, 89, 139, 171, 249, 253, 347, 362, 368, 427, 430, 560, 591, 593, 708, 778, 898, 899, 904, 911, 954, 991]
logs_monomial/n10_monomial3.txt.bz2.greedyext.20260223_083631.txt

12 52 224 281 302 323 376 438 449 454 456 486 500 596 653 712 760 761 764 788 852 855 905 925 1007
Iter#3502144 New set #40000 of size 25 (87.6 its/hit = 0.003s/hit): seed=3256312442847224220 [12, 52, 224, 281, 302, 323, 376, 438, 449, 454, 456, 486, 500, 596, 653, 712, 760, 761, 764, 788, 852, 855, 905, 925, 1007]
logs_monomial/n10_monomial3.txt.bz2.greedyext.20260223_083631.txt

24 119 169 188 237 288 345 396 459 523 608 646 691 723 795 852 857 875 877 915 933 937 954 955 989
Iter#8322 New set #90 of size 25 (92.5 its/hit = 0.000s/hit): seed=6054329413423757001 [24, 119, 169, 188, 237, 288, 345, 396, 459, 523, 608, 646, 691, 723, 795, 852, 857, 875, 877, 915, 933, 937, 954, 955, 989]
logs_monomial/n10_monomial3.txt.bz2.greedyext.20260223_083632.txt

17 34 43 58 71 98 117 147 331 396 402 483 536 545 612 673 702 756 814 835 862 914 917 931 947
Iter#446 New set #2 of size 25 (223.0 its/hit = 0.000s/hit): seed=12294664980278488591 [17, 34, 43, 58, 71, 98, 117, 147, 331, 396, 402, 483, 536, 545, 612, 673, 702, 756, 814, 835, 862, 914, 917, 931, 947]
logs_monomial/n10_monomial3.txt.bz2.greedyext.20260223_083633.txt

15 74 81 97 206 215 321 351 376 397 477 501 516 522 533 572 593 693 784 875 877 889 983 1002 1018
Iter#454 New set #7 of size 25 (64.9 its/hit = 0.000s/hit): seed=2055258616321749390 [15, 74, 81, 97, 206, 215, 321, 351, 376, 397, 477, 501, 516, 522, 533, 572, 593, 693, 784, 875, 877, 889, 983, 1002, 1018]
logs_monomial/n10_monomial3.txt.bz2.greedyext.20260222_000855.txt

6 13 29 64 94 110 123 169 171 198 251 296 359 419 525 632 637 643 816 870 875 904 968 1009 1014
Iter#710 New set #8 of size 25 (88.8 its/hit = 0.000s/hit): seed=14574478609115094306 [6, 13, 29, 64, 94, 110, 123, 169, 171, 198, 251, 296, 359, 419, 525, 632, 637, 643, 816, 870, 875, 904, 968, 1009, 1014]
logs_monomial/n10_monomial3.txt.bz2.greedyext.20260222_000855.txt

63 65 94 96 103 119 140 144 203 223 283 289 406 500 549 584 592 598 613 615 834 880 938 960 986
Iter#357555 New set #4000 of size 25 (89.4 its/hit = 0.002s/hit): seed=11652409241788880833 [63, 65, 94, 96, 103, 119, 140, 144, 203, 223, 283, 289, 406, 500, 549, 584, 592, 598, 613, 615, 834, 880, 938, 960, 986]
logs_monomial/n10_monomial3.txt.bz2.greedyext.20260222_000855.txt

2 3 111 118 124 209 280 295 424 496 541 551 561 632 644 661 704 709 781 806 834 903 921 954 1000
Iter#267372 New set #3000 of size 25 (89.1 its/hit = 0.002s/hit): seed=15655514350133862493 [2, 3, 111, 118, 124, 209, 280, 295, 424, 496, 541, 551, 561, 632, 644, 661, 704, 709, 781, 806, 834, 903, 921, 954, 1000]
logs_monomial/n10_monomial3.txt.bz2.greedyext.20260222_000855.txt

7 88 145 165 173 177 229 246 308 313 348 482 494 514 576 594 632 661 678 702 721 791 792 921 1010
Iter#444544 New set #5000 of size 25 (88.9 its/hit = 0.002s/hit): seed=14668738941566023438 [7, 88, 145, 165, 173, 177, 229, 246, 308, 313, 348, 482, 494, 514, 576, 594, 632, 661, 678, 702, 721, 791, 792, 921, 1010]
logs_monomial/n10_monomial3.txt.bz2.greedyext.20260222_000855.txt

89 144 237 290 371 416 419 488 564 573 592 642 645 659 698 708 732 741 761 778 785 825 916 922 997
Iter#48952 New set #600 of size 25 (81.6 its/hit = 0.003s/hit): seed=3045099149624637330 [89, 144, 237, 290, 371, 416, 419, 488, 564, 573, 592, 642, 645, 659, 698, 708, 732, 741, 761, 778, 785, 825, 916, 922, 997]
logs_monomial/n10_monomial3.txt.bz2.greedyext.20260223_083633.txt

27 56 91 143 154 204 213 221 247 278 447 516 539 563 574 593 717 756 763 773 911 917 954 1010 1022
Iter#599226 New set #7000 of size 25 (85.6 its/hit = 0.003s/hit): seed=11868092412151929470 [27, 56, 91, 143, 154, 204, 213, 221, 247, 278, 447, 516, 539, 563, 574, 593, 717, 756, 763, 773, 911, 917, 954, 1010, 1022]
logs_monomial/n10_monomial3.txt.bz2.greedyext.20260223_083633.txt

13 43 85 201 282 392 462 486 522 526 555 565 571 655 708 720 811 824 859 914 923 972 977 987 1019
Iter#86437 New set #1000 of size 25 (86.4 its/hit = 0.001s/hit): seed=17708450749936431363 [13, 43, 85, 201, 282, 392, 462, 486, 522, 526, 555, 565, 571, 655, 708, 720, 811, 824, 859, 914, 923, 972, 977, 987, 1019]
logs_monomial/n10_monomial3.txt.bz2.greedyext.20260220_210834.txt

23 24 66 89 112 230 296 338 345 382 394 441 448 458 462 611 623 640 697 724 894 897 900 963 1017
Iter#4405716 New set #50000 of size 25 (88.1 its/hit = 0.003s/hit): seed=6787553597400530821 [23, 24, 66, 89, 112, 230, 296, 338, 345, 382, 394, 441, 448, 458, 462, 611, 623, 640, 697, 724, 894, 897, 900, 963, 1017]
logs_monomial/n10_monomial3.txt.bz2.greedyext.20260223_083632.txt

22 101 132 134 170 186 361 378 398 464 523 571 579 662 675 773 776 784 785 794 808 858 892 918 963
Iter#5271754 New set #60000 of size 25 (87.9 its/hit = 0.003s/hit): seed=5176133534574884368 [22, 101, 132, 134, 170, 186, 361, 378, 398, 464, 523, 571, 579, 662, 675, 773, 776, 784, 785, 794, 808, 858, 892, 918, 963]
logs_monomial/n10_monomial3.txt.bz2.greedyext.20260223_083632.txt

2 34 66 84 195 196 369 376 458 459 469 506 567 603 661 734 741 815 874 930 949 954 961 1015 1017
Iter#3532326 New set #40000 of size 25 (88.3 its/hit = 0.003s/hit): seed=16354558011468758403 [2, 34, 66, 84, 195, 196, 369, 376, 458, 459, 469, 506, 567, 603, 661, 734, 741, 815, 874, 930, 949, 954, 961, 1015, 1017]
logs_monomial/n10_monomial3.txt.bz2.greedyext.20260223_083632.txt

82 83 98 109 125 208 348 350 390 445 454 513 516 562 607 658 692 696 706 710 727 887 910 922 960
Iter#542930 New set #6000 of size 25 (90.5 its/hit = 0.004s/hit): seed=3278640299987842049 [82, 83, 98, 109, 125, 208, 348, 350, 390, 445, 454, 513, 516, 562, 607, 658, 692, 696, 706, 710, 727, 887, 910, 922, 960]
logs_monomial/n10_monomial3.txt.bz2.greedyext.20260223_083632.txt

15 111 131 193 286 297 357 388 389 451 467 507 546 592 598 630 658 738 770 842 856 878 897 914 974
Iter#345248 New set #4000 of size 25 (86.3 its/hit = 0.003s/hit): seed=15355742137398388934 [15, 111, 131, 193, 286, 297, 357, 388, 389, 451, 467, 507, 546, 592, 598, 630, 658, 738, 770, 842, 856, 878, 897, 914, 974]
logs_monomial/n10_monomial3.txt.bz2.greedyext.20260223_083633.txt

28 82 89 194 212 277 301 348 406 452 483 498 519 602 606 652 672 673 762 781 817 844 930 953 958
Iter#9499 New set #100 of size 25 (95.0 its/hit = 0.000s/hit): seed=325150691884609924 [28, 82, 89, 194, 212, 277, 301, 348, 406, 452, 483, 498, 519, 602, 606, 652, 672, 673, 762, 781, 817, 844, 930, 953, 958]
logs_monomial/n10_monomial3.txt.bz2.greedyext.20260223_083632.txt

93 101 130 153 164 189 315 327 352 402 458 462 486 504 531 552 602 660 743 807 810 914 947 962 980
Iter#77 New set #2 of size 25 (38.5 its/hit = 0.000s/hit): seed=6383613013650062393 [93, 101, 130, 153, 164, 189, 315, 327, 352, 402, 458, 462, 486, 504, 531, 552, 602, 660, 743, 807, 810, 914, 947, 962, 980]
logs_monomial/n10_monomial3.txt.bz2.greedyext.20260222_000855.txt

43 67 68 237 250 408 480 498 516 541 549 603 657 696 733 747 819 827 932 941 945 955 978 992 1004
Iter#58913 New set #700 of size 25 (84.2 its/hit = 0.003s/hit): seed=2443518328291110368 [43, 67, 68, 237, 250, 408, 480, 498, 516, 541, 549, 603, 657, 696, 733, 747, 819, 827, 932, 941, 945, 955, 978, 992, 1004]
logs_monomial/n10_monomial3.txt.bz2.greedyext.20260223_083631.txt

5 12 47 65 126 161 222 286 300 403 451 465 502 506 601 624 659 681 713 841 868 928 976 1003 1023
Iter#7099 New set #80 of size 25 (88.7 its/hit = 0.000s/hit): seed=13385847511646848014 [5, 12, 47, 65, 126, 161, 222, 286, 300, 403, 451, 465, 502, 506, 601, 624, 659, 681, 713, 841, 868, 928, 976, 1003, 1023]
logs_monomial/n10_monomial3.txt.bz2.greedyext.20260223_083633.txt

95 125 127 140 193 247 285 326 327 398 442 455 475 482 502 527 556 565 753 776 801 802 852 908 944
Iter#915 New set #9 of size 25 (101.7 its/hit = 0.000s/hit): seed=11144330759219212497 [95, 125, 127, 140, 193, 247, 285, 326, 327, 398, 442, 455, 475, 482, 502, 527, 556, 565, 753, 776, 801, 802, 852, 908, 944]
logs_monomial/n10_monomial3.txt.bz2.greedyext.20260223_083632.txt

28 94 103 108 131 165 198 237 299 318 396 461 477 566 616 624 640 684 703 726 741 764 816 884 906
Iter#274 New set #4 of size 25 (68.5 its/hit = 0.000s/hit): seed=126598587720269089 [28, 94, 103, 108, 131, 165, 198, 237, 299, 318, 396, 461, 477, 566, 616, 624, 640, 684, 703, 726, 741, 764, 816, 884, 906]
logs_monomial/n10_monomial3.txt.bz2.greedyext.20260222_000855.txt

98 178 317 363 367 391 418 445 478 487 490 532 559 576 600 625 626 685 714 719 803 910 964 972 1019
Iter#27504 New set #300 of size 25 (91.7 its/hit = 0.000s/hit): seed=10152764501470574991 [98, 178, 317, 363, 367, 391, 418, 445, 478, 487, 490, 532, 559, 576, 600, 625, 626, 685, 714, 719, 803, 910, 964, 972, 1019]
logs_monomial/n10_monomial3.txt.bz2.greedyext.20260223_083632.txt

2 38 127 133 175 197 205 247 251 282 325 330 347 443 472 493 590 630 684 889 907 925 928 972 985
Iter#4630 New set #50 of size 25 (92.6 its/hit = 0.000s/hit): seed=3626275845506238850 [2, 38, 127, 133, 175, 197, 205, 247, 251, 282, 325, 330, 347, 443, 472, 493, 590, 630, 684, 889, 907, 925, 928, 972, 985]
logs_monomial/n10_monomial3.txt.bz2.greedyext.20260223_083631.txt

70 188 312 319 336 403 447 476 482 537 611 643 649 669 676 681 732 735 779 788 814 849 870 895 904
Iter#2301 New set #20 of size 25 (115.1 its/hit = 0.000s/hit): seed=8301195097794805508 [70, 188, 312, 319, 336, 403, 447, 476, 482, 537, 611, 643, 649, 669, 676, 681, 732, 735, 779, 788, 814, 849, 870, 895, 904]
logs_monomial/n10_monomial3.txt.bz2.greedyext.20260222_000855.txt

75 90 102 116 117 141 155 157 266 270 311 450 471 475 568 615 674 711 736 738 791 841 862 874 896
Iter#349199 New set #4000 of size 25 (87.3 its/hit = 0.003s/hit): seed=18023106618169131631 [75, 90, 102, 116, 117, 141, 155, 157, 266, 270, 311, 450, 471, 475, 568, 615, 674, 711, 736, 738, 791, 841, 862, 874, 896]
logs_monomial/n10_monomial3.txt.bz2.greedyext.20260223_083631.txt

11 15 51 72 216 290 308 340 490 576 594 607 634 735 787 790 792 808 880 939 944 969 998 1006 1022
Iter#376 New set #5 of size 25 (75.2 its/hit = 0.000s/hit): seed=12222842750264199576 [11, 15, 51, 72, 216, 290, 308, 340, 490, 576, 594, 607, 634, 735, 787, 790, 792, 808, 880, 939, 944, 969, 998, 1006, 1022]
logs_monomial/n10_monomial3.txt.bz2.greedyext.20260220_210834.txt

47 98 128 168 271 304 329 425 435 478 487 531 538 569 587 588 591 637 649 704 747 770 839 919 951
Iter#87932 New set #1000 of size 25 (87.9 its/hit = 0.001s/hit): seed=10309483996211709039 [47, 98, 128, 168, 271, 304, 329, 425, 435, 478, 487, 531, 538, 569, 587, 588, 591, 637, 649, 704, 747, 770, 839, 919, 951]
logs_monomial/n10_monomial3.txt.bz2.greedyext.20260222_000855.txt

45 53 68 91 94 156 159 212 223 260 266 300 381 392 427 531 580 688 732 759 769 797 824 856 957
Iter#883527 New set #10000 of size 25 (88.4 its/hit = 0.002s/hit): seed=8143146422558736513 [45, 53, 68, 91, 94, 156, 159, 212, 223, 260, 266, 300, 381, 392, 427, 531, 580, 688, 732, 759, 769, 797, 824, 856, 957]
logs_monomial/n10_monomial3.txt.bz2.greedyext.20260222_000855.txt

0 28 31 45 81 187 222 240 323 377 388 400 404 447 491 493 532 539 579 678 771 778 889 922 1021
Iter#37308 New set #400 of size 25 (93.3 its/hit = 0.000s/hit): seed=1372150053852836822 [0, 28, 31, 45, 81, 187, 222, 240, 323, 377, 388, 400, 404, 447, 491, 493, 532, 539, 579, 678, 771, 778, 889, 922, 1021]
logs_monomial/n10_monomial3.txt.bz2.greedyext.20260220_210834.txt

56 149 174 182 237 277 309 316 336 347 364 452 457 500 552 578 630 634 754 819 945 949 964 992 1021
Iter#78883402 New set #900000 of size 25 (87.6 its/hit = 0.002s/hit): seed=15687936808010970528 [56, 149, 174, 182, 237, 277, 309, 316, 336, 347, 364, 452, 457, 500, 552, 578, 630, 634, 754, 819, 945, 949, 964, 992, 1021]
logs_monomial/n10_monomial3.txt.bz2.greedyext.20260220_210834.txt

84 90 236 255 257 392 417 463 507 547 548 591 649 659 783 801 814 821 841 885 940 941 972 985 1012
Iter#34296 New set #400 of size 25 (85.7 its/hit = 0.002s/hit): seed=7608461825573950631 [84, 90, 236, 255, 257, 392, 417, 463, 507, 547, 548, 591, 649, 659, 783, 801, 814, 821, 841, 885, 940, 941, 972, 985, 1012]
logs_monomial/n10_monomial3.txt.bz2.greedyext.20260223_083632.txt

4 67 80 105 139 165 189 240 285 379 411 423 508 513 531 532 539 575 585 640 689 796 808 917 1019
Iter#607467 New set #7000 of size 25 (86.8 its/hit = 0.003s/hit): seed=2927217859619994752 [4, 67, 80, 105, 139, 165, 189, 240, 285, 379, 411, 423, 508, 513, 531, 532, 539, 575, 585, 640, 689, 796, 808, 917, 1019]
logs_monomial/n10_monomial3.txt.bz2.greedyext.20260223_083631.txt

37 245 261 267 294 384 441 449 539 576 583 594 613 705 726 731 770 799 802 851 893 938 954 977 989
Iter#2286 New set #30 of size 25 (76.2 its/hit = 0.000s/hit): seed=12016625203383696566 [37, 245, 261, 267, 294, 384, 441, 449, 539, 576, 583, 594, 613, 705, 726, 731, 770, 799, 802, 851, 893, 938, 954, 977, 989]
logs_monomial/n10_monomial3.txt.bz2.greedyext.20260220_210834.txt

44 61 81 123 126 170 246 249 251 284 291 296 321 325 499 522 560 579 634 697 719 751 815 955 975
Iter#582 New set #4 of size 25 (145.5 its/hit = 0.000s/hit): seed=430704165032594064 [44, 61, 81, 123, 126, 170, 246, 249, 251, 284, 291, 296, 321, 325, 499, 522, 560, 579, 634, 697, 719, 751, 815, 955, 975]
logs_monomial/n10_monomial3.txt.bz2.greedyext.20260223_083633.txt

27 34 78 131 179 208 229 293 336 366 383 402 458 495 515 606 670 677 698 722 727 741 856 902 954
Iter#5081 New set #50 of size 25 (101.6 its/hit = 0.000s/hit): seed=13692983230475066715 [27, 34, 78, 131, 179, 208, 229, 293, 336, 366, 383, 402, 458, 495, 515, 606, 670, 677, 698, 722, 727, 741, 856, 902, 954]
logs_monomial/n10_monomial3.txt.bz2.greedyext.20260223_083633.txt

3 22 45 104 112 116 146 174 291 346 357 371 394 397 582 596 692 732 774 820 834 867 874 934 1013
Iter#1733128 New set #20000 of size 25 (86.7 its/hit = 0.004s/hit): seed=10221131742505945435 [3, 22, 45, 104, 112, 116, 146, 174, 291, 346, 357, 371, 394, 397, 582, 596, 692, 732, 774, 820, 834, 867, 874, 934, 1013]
logs_monomial/n10_monomial3.txt.bz2.greedyext.20260223_083633.txt

64 86 100 155 304 324 391 447 481 544 607 627 651 694 699 700 727 734 758 766 846 905 915 974 992
Iter#598 New set #4 of size 25 (149.5 its/hit = 0.000s/hit): seed=11013273652860762342 [64, 86, 100, 155, 304, 324, 391, 447, 481, 544, 607, 627, 651, 694, 699, 700, 727, 734, 758, 766, 846, 905, 915, 974, 992]
logs_monomial/n10_monomial3.txt.bz2.greedyext.20260223_083632.txt

41 63 170 206 208 286 307 316 339 360 361 412 429 534 592 646 690 820 877 894 928 934 940 948 991
Iter#16910 New set #200 of size 25 (84.6 its/hit = 0.000s/hit): seed=6859113324791734340 [41, 63, 170, 206, 208, 286, 307, 316, 339, 360, 361, 412, 429, 534, 592, 646, 690, 820, 877, 894, 928, 934, 940, 948, 991]
logs_monomial/n10_monomial3.txt.bz2.greedyext.20260223_083631.txt

79 84 104 168 196 220 238 257 334 374 396 433 455 549 717 742 867 879 913 916 948 965 967 993 1022
Iter#83419 New set #1000 of size 25 (83.4 its/hit = 0.003s/hit): seed=1428239152910632290 [79, 84, 104, 168, 196, 220, 238, 257, 334, 374, 396, 433, 455, 549, 717, 742, 867, 879, 913, 916, 948, 965, 967, 993, 1022]
logs_monomial/n10_monomial3.txt.bz2.greedyext.20260223_083633.txt

17 42 128 160 182 183 194 203 204 208 232 242 258 431 447 462 485 489 508 521 568 583 600 845 867
Iter#1078 New set #10 of size 25 (107.8 its/hit = 0.000s/hit): seed=1639391979248707582 [17, 42, 128, 160, 182, 183, 194, 203, 204, 208, 232, 242, 258, 431, 447, 462, 485, 489, 508, 521, 568, 583, 600, 845, 867]
logs_monomial/n10_monomial3.txt.bz2.greedyext.20260223_083631.txt

3 14 116 144 145 191 196 216 219 250 322 360 402 536 634 653 750 755 767 807 809 823 833 881 1011
Iter#226 New set #1 of size 25 (226.0 its/hit = 0.000s/hit): seed=12224007631201490978 [3, 14, 116, 144, 145, 191, 196, 216, 219, 250, 322, 360, 402, 536, 634, 653, 750, 755, 767, 807, 809, 823, 833, 881, 1011]
logs_monomial/n10_monomial3.txt.bz2.greedyext.20260223_083631.txt

2 38 65 146 164 169 212 259 349 402 407 432 483 519 569 588 611 642 667 790 794 863 897 995 999
Iter#4372 New set #50 of size 25 (87.4 its/hit = 0.000s/hit): seed=6093429953951281709 [2, 38, 65, 146, 164, 169, 212, 259, 349, 402, 407, 432, 483, 519, 569, 588, 611, 642, 667, 790, 794, 863, 897, 995, 999]
logs_monomial/n10_monomial3.txt.bz2.greedyext.20260220_210834.txt

27 37 87 151 178 252 273 276 281 443 458 483 498 524 531 556 567 624 762 781 839 885 907 968 1010
Iter#712213 New set #8000 of size 25 (89.0 its/hit = 0.002s/hit): seed=11712103429318777628 [27, 37, 87, 151, 178, 252, 273, 276, 281, 443, 458, 483, 498, 524, 531, 556, 567, 624, 762, 781, 839, 885, 907, 968, 1010]
logs_monomial/n10_monomial3.txt.bz2.greedyext.20260222_000855.txt

2 85 102 117 166 169 178 195 203 211 221 232 311 321 364 424 519 660 717 748 793 831 908 974 975
Iter#80135 New set #900 of size 25 (89.0 its/hit = 0.001s/hit): seed=15329342202755862670 [2, 85, 102, 117, 166, 169, 178, 195, 203, 211, 221, 232, 311, 321, 364, 424, 519, 660, 717, 748, 793, 831, 908, 974, 975]
logs_monomial/n10_monomial3.txt.bz2.greedyext.20260222_000855.txt

4 10 36 56 96 133 258 292 340 369 403 491 509 516 527 529 544 569 666 674 744 829 839 861 976
Iter#4335 New set #50 of size 25 (86.7 its/hit = 0.000s/hit): seed=84654594749811866 [4, 10, 36, 56, 96, 133, 258, 292, 340, 369, 403, 491, 509, 516, 527, 529, 544, 569, 666, 674, 744, 829, 839, 861, 976]
logs_monomial/n10_monomial3.txt.bz2.greedyext.20260223_083632.txt

5 19 124 161 205 227 237 274 279 314 356 371 493 517 623 628 684 716 721 780 784 810 900 918 993
Iter#27 New set #1 of size 25 (27.0 its/hit = 0.000s/hit): seed=426789528166817801 [5, 19, 124, 161, 205, 227, 237, 274, 279, 314, 356, 371, 493, 517, 623, 628, 684, 716, 721, 780, 784, 810, 900, 918, 993]
logs_monomial/n10_monomial3.txt.bz2.greedyext.20260220_210834.txt

8 11 64 104 168 199 246 297 345 399 408 422 440 445 448 562 612 674 750 834 847 936 952 961 966
Iter#3307 New set #30 of size 25 (110.2 its/hit = 0.000s/hit): seed=4046769569460322509 [8, 11, 64, 104, 168, 199, 246, 297, 345, 399, 408, 422, 440, 445, 448, 562, 612, 674, 750, 834, 847, 936, 952, 961, 966]
logs_monomial/n10_monomial3.txt.bz2.greedyext.20260222_000855.txt

65 89 98 111 142 156 193 227 233 288 390 439 466 494 529 589 676 757 780 782 807 876 888 947 1015
Iter#6140763 New set #70000 of size 25 (87.7 its/hit = 0.003s/hit): seed=13613025336078547674 [65, 89, 98, 111, 142, 156, 193, 227, 233, 288, 390, 439, 466, 494, 529, 589, 676, 757, 780, 782, 807, 876, 888, 947, 1015]
logs_monomial/n10_monomial3.txt.bz2.greedyext.20260223_083632.txt

2 115 128 149 159 220 354 376 384 411 424 438 470 483 494 524 555 714 730 814 836 853 883 900 1007
Iter#683979 New set #8000 of size 25 (85.5 its/hit = 0.003s/hit): seed=10337094845506017591 [2, 115, 128, 149, 159, 220, 354, 376, 384, 411, 424, 438, 470, 483, 494, 524, 555, 714, 730, 814, 836, 853, 883, 900, 1007]
logs_monomial/n10_monomial3.txt.bz2.greedyext.20260223_083633.txt

17 61 210 245 258 262 332 341 362 404 420 538 574 581 614 619 627 636 670 687 748 780 866 948 977
Iter#5248145 New set #60000 of size 25 (87.5 its/hit = 0.002s/hit): seed=16110786159003315228 [17, 61, 210, 245, 258, 262, 332, 341, 362, 404, 420, 538, 574, 581, 614, 619, 627, 636, 670, 687, 748, 780, 866, 948, 977]
logs_monomial/n10_monomial3.txt.bz2.greedyext.20260220_210834.txt

25 157 169 255 272 279 284 346 371 379 385 401 420 467 491 605 643 647 666 683 698 794 867 962 968
Iter#4399005 New set #50000 of size 25 (88.0 its/hit = 0.002s/hit): seed=10825941245941157943 [25, 157, 169, 255, 272, 279, 284, 346, 371, 379, 385, 401, 420, 467, 491, 605, 643, 647, 666, 683, 698, 794, 867, 962, 968]
logs_monomial/n10_monomial3.txt.bz2.greedyext.20260222_000855.txt

17 58 62 103 145 169 183 208 219 226 373 427 535 571 632 646 674 686 801 815 844 904 927 967 979
Iter#936 New set #9 of size 25 (104.0 its/hit = 0.000s/hit): seed=2501871948598527394 [17, 58, 62, 103, 145, 169, 183, 208, 219, 226, 373, 427, 535, 571, 632, 646, 674, 686, 801, 815, 844, 904, 927, 967, 979]
logs_monomial/n10_monomial3.txt.bz2.greedyext.20260223_083631.txt

66 85 95 206 250 279 287 321 400 406 415 538 556 581 605 606 758 778 808 813 840 864 959 962 988
Iter#17710 New set #200 of size 25 (88.6 its/hit = 0.000s/hit): seed=15740534512557947162 [66, 85, 95, 206, 250, 279, 287, 321, 400, 406, 415, 538, 556, 581, 605, 606, 758, 778, 808, 813, 840, 864, 959, 962, 988]
logs_monomial/n10_monomial3.txt.bz2.greedyext.20260223_083632.txt

39 68 76 99 108 122 200 269 342 443 450 465 512 607 608 628 661 663 707 784 804 875 938 976 987
Iter#7049017 New set #80000 of size 25 (88.1 its/hit = 0.002s/hit): seed=8646670867416492767 [39, 68, 76, 99, 108, 122, 200, 269, 342, 443, 450, 465, 512, 607, 608, 628, 661, 663, 707, 784, 804, 875, 938, 976, 987]
logs_monomial/n10_monomial3.txt.bz2.greedyext.20260222_000855.txt

32 164 205 262 313 327 333 360 401 410 433 466 526 599 619 627 635 702 860 865 890 946 976 996 1015
Iter#1753415 New set #20000 of size 25 (87.7 its/hit = 0.003s/hit): seed=3278010558339981601 [32, 164, 205, 262, 313, 327, 333, 360, 401, 410, 433, 466, 526, 599, 619, 627, 635, 702, 860, 865, 890, 946, 976, 996, 1015]
logs_monomial/n10_monomial3.txt.bz2.greedyext.20260223_083631.txt

42 92 114 129 179 188 216 227 243 316 511 559 606 627 632 714 801 832 838 853 856 861 936 959 997
Iter#3879 New set #40 of size 25 (97.0 its/hit = 0.000s/hit): seed=9235730099953836086 [42, 92, 114, 129, 179, 188, 216, 227, 243, 316, 511, 559, 606, 627, 632, 714, 801, 832, 838, 853, 856, 861, 936, 959, 997]
logs_monomial/n10_monomial3.txt.bz2.greedyext.20260223_083633.txt

19 72 157 199 213 230 318 343 406 407 445 455 467 499 523 641 657 669 703 712 718 727 733 795 809
Iter#6134945 New set #70000 of size 25 (87.6 its/hit = 0.002s/hit): seed=3111221643955856677 [19, 72, 157, 199, 213, 230, 318, 343, 406, 407, 445, 455, 467, 499, 523, 641, 657, 669, 703, 712, 718, 727, 733, 795, 809]
logs_monomial/n10_monomial3.txt.bz2.greedyext.20260220_210834.txt

0 23 55 64 195 262 274 332 361 386 393 407 424 461 468 499 602 618 742 746 757 839 969 977 1020
Iter#2113 New set #20 of size 25 (105.7 its/hit = 0.000s/hit): seed=9505611160374338725 [0, 23, 55, 64, 195, 262, 274, 332, 361, 386, 393, 407, 424, 461, 468, 499, 602, 618, 742, 746, 757, 839, 969, 977, 1020]
logs_monomial/n10_monomial3.txt.bz2.greedyext.20260223_083633.txt

2 61 64 148 198 229 251 286 356 368 382 429 516 521 533 545 579 610 660 737 747 853 869 892 1003
Iter#27168 New set #300 of size 25 (90.6 its/hit = 0.000s/hit): seed=15046872668023735613 [2, 61, 64, 148, 198, 229, 251, 286, 356, 368, 382, 429, 516, 521, 533, 545, 579, 610, 660, 737, 747, 853, 869, 892, 1003]
logs_monomial/n10_monomial3.txt.bz2.greedyext.20260220_210834.txt

63 72 129 204 206 231 307 362 365 371 422 431 466 498 531 543 573 654 691 797 805 843 877 1015 1018
Iter#3128 New set #40 of size 25 (78.2 its/hit = 0.000s/hit): seed=2574270859192906073 [63, 72, 129, 204, 206, 231, 307, 362, 365, 371, 422, 431, 466, 498, 531, 543, 573, 654, 691, 797, 805, 843, 877, 1015, 1018]
logs_monomial/n10_monomial3.txt.bz2.greedyext.20260220_210834.txt

58 145 213 232 258 274 320 377 389 473 485 498 500 502 523 594 613 682 780 849 880 913 943 991 1013
Iter#693 New set #8 of size 25 (86.6 its/hit = 0.000s/hit): seed=4821549835472172266 [58, 145, 213, 232, 258, 274, 320, 377, 389, 473, 485, 498, 500, 502, 523, 594, 613, 682, 780, 849, 880, 913, 943, 991, 1013]
logs_monomial/n10_monomial3.txt.bz2.greedyext.20260220_210834.txt

9 11 89 104 161 185 210 213 329 460 490 501 511 524 540 567 626 664 677 737 792 823 894 957 1015
Iter#5273 New set #60 of size 25 (87.9 its/hit = 0.000s/hit): seed=16084957968611158214 [9, 11, 89, 104, 161, 185, 210, 213, 329, 460, 490, 501, 511, 524, 540, 567, 626, 664, 677, 737, 792, 823, 894, 957, 1015]
logs_monomial/n10_monomial3.txt.bz2.greedyext.20260223_083632.txt

144 195 262 265 290 292 344 438 444 470 478 494 523 539 570 573 606 666 667 827 864 930 945 1005 1014
Iter#904 New set #8 of size 25 (113.0 its/hit = 0.000s/hit): seed=12936056662361203720 [144, 195, 262, 265, 290, 292, 344, 438, 444, 470, 478, 494, 523, 539, 570, 573, 606, 666, 667, 827, 864, 930, 945, 1005, 1014]
logs_monomial/n10_monomial3.txt.bz2.greedyext.20260223_083632.txt

43 99 108 130 140 171 174 208 215 295 395 397 524 536 556 565 567 582 632 650 686 775 923 968 1022
Iter#172407 New set #2000 of size 25 (86.2 its/hit = 0.002s/hit): seed=924605923719889814 [43, 99, 108, 130, 140, 171, 174, 208, 215, 295, 395, 397, 524, 536, 556, 565, 567, 582, 632, 650, 686, 775, 923, 968, 1022]
logs_monomial/n10_monomial3.txt.bz2.greedyext.20260220_210834.txt

12 33 50 74 78 82 87 144 161 211 290 313 478 519 657 673 715 750 827 867 962 963 972 992 1002
Iter#34960421 New set #400000 of size 25 (87.4 its/hit = 0.002s/hit): seed=7851596686518476181 [12, 33, 50, 74, 78, 82, 87, 144, 161, 211, 290, 313, 478, 519, 657, 673, 715, 750, 827, 867, 962, 963, 972, 992, 1002]
logs_monomial/n10_monomial3.txt.bz2.greedyext.20260220_210834.txt

32 33 39 41 102 120 133 161 237 261 338 366 375 410 481 561 565 576 670 734 855 893 903 920 992
Iter#854 New set #8 of size 25 (106.8 its/hit = 0.000s/hit): seed=3278125611652182311 [32, 33, 39, 41, 102, 120, 133, 161, 237, 261, 338, 366, 375, 410, 481, 561, 565, 576, 670, 734, 855, 893, 903, 920, 992]
logs_monomial/n10_monomial3.txt.bz2.greedyext.20260223_083631.txt

11 27 104 122 128 203 239 246 272 278 327 329 334 587 609 656 709 722 765 784 812 872 900 983 1023
Iter#475 New set #6 of size 25 (79.2 its/hit = 0.000s/hit): seed=2163565854871657352 [11, 27, 104, 122, 128, 203, 239, 246, 272, 278, 327, 329, 334, 587, 609, 656, 709, 722, 765, 784, 812, 872, 900, 983, 1023]
logs_monomial/n10_monomial3.txt.bz2.greedyext.20260220_210834.txt

24 66 69 118 131 140 205 240 289 321 328 371 407 513 516 536 684 743 747 787 827 882 884 942 987
Iter#16764 New set #200 of size 25 (83.8 its/hit = 0.000s/hit): seed=12973096476513795866 [24, 66, 69, 118, 131, 140, 205, 240, 289, 321, 328, 371, 407, 513, 516, 536, 684, 743, 747, 787, 827, 882, 884, 942, 987]
logs_monomial/n10_monomial3.txt.bz2.greedyext.20260222_000855.txt

24 35 144 199 266 326 355 359 452 480 525 616 638 649 661 672 712 730 738 898 899 920 964 970 1019
Iter#33276 New set #400 of size 25 (83.2 its/hit = 0.003s/hit): seed=1779623908772348562 [24, 35, 144, 199, 266, 326, 355, 359, 452, 480, 525, 616, 638, 649, 661, 672, 712, 730, 738, 898, 899, 920, 964, 970, 1019]
logs_monomial/n10_monomial3.txt.bz2.greedyext.20260223_083633.txt

26 98 114 116 164 200 210 343 357 364 366 411 431 434 459 525 558 595 672 704 714 840 929 970 1017
Iter#5411 New set #60 of size 25 (90.2 its/hit = 0.000s/hit): seed=7427851898589752312 [26, 98, 114, 116, 164, 200, 210, 343, 357, 364, 366, 411, 431, 434, 459, 525, 558, 595, 672, 704, 714, 840, 929, 970, 1017]
logs_monomial/n10_monomial3.txt.bz2.greedyext.20260223_083631.txt

52 114 233 260 326 347 382 395 417 426 474 632 634 658 659 687 746 788 811 815 819 903 933 958 1017
Iter#1732 New set #20 of size 25 (86.6 its/hit = 0.000s/hit): seed=11054660717131533892 [52, 114, 233, 260, 326, 347, 382, 395, 417, 426, 474, 632, 634, 658, 659, 687, 746, 788, 811, 815, 819, 903, 933, 958, 1017]
logs_monomial/n10_monomial3.txt.bz2.greedyext.20260223_083632.txt

