0 103 105 123 132 148 191 232 255 408 436 443 447 457 523 538 591 593 594 610 613 623 645 707 730 731 754 797 892 920 935 960 980 998
Iter#5162187 New set #30 of size 34 (172072.9 its/hit = 6.900s/hit): seed=3327515160990252129 [0, 103, 105, 123, 132, 148, 191, 232, 255, 408, 436, 443, 447, 457, 523, 538, 591, 593, 594, 610, 613, 623, 645, 707, 730, 731, 754, 797, 892, 920, 935, 960, 980, 998]
logs_monomial/n10_monomialInverse.txt.bz2.greedyext.20260223_083633.txt

0 12 54 92 112 195 229 235 244 262 346 350 415 417 426 440 465 494 500 504 530 560 582 595 615 652 755 800 837 883 936 938 965 972
Iter#149516680 New set #1000 of size 34 (149516.7 its/hit = 3.234s/hit): seed=14585285286057492755 [0, 12, 54, 92, 112, 195, 229, 235, 244, 262, 346, 350, 415, 417, 426, 440, 465, 494, 500, 504, 530, 560, 582, 595, 615, 652, 755, 800, 837, 883, 936, 938, 965, 972]
logs_monomial/n10_monomialInverse.txt.bz2.greedyext.20260222_000855.txt

0 10 16 45 72 114 142 208 253 260 270 281 333 355 356 383 389 445 497 503 554 636 639 661 672 681 688 782 795 808 838 869 871 970
Iter#1497744 New set #10 of size 34 (149774.4 its/hit = 3.200s/hit): seed=9453823861938839666 [0, 10, 16, 45, 72, 114, 142, 208, 253, 260, 270, 281, 333, 355, 356, 383, 389, 445, 497, 503, 554, 636, 639, 661, 672, 681, 688, 782, 795, 808, 838, 869, 871, 970]
logs_monomial/n10_monomialInverse.txt.bz2.greedyext.20260222_000855.txt

0 20 32 59 90 144 145 151 228 271 284 303 317 325 416 506 520 540 562 575 601 627 666 673 677 710 712 739 766 778 890 994 1006 1019
Iter#309157108 New set #2000 of size 34 (154578.6 its/hit = 3.345s/hit): seed=16262820013771081766 [0, 20, 32, 59, 90, 144, 145, 151, 228, 271, 284, 303, 317, 325, 416, 506, 520, 540, 562, 575, 601, 627, 666, 673, 677, 710, 712, 739, 766, 778, 890, 994, 1006, 1019]
logs_monomial/n10_monomialInverse.txt.bz2.greedyext.20260222_000855.txt

0 25 76 107 143 181 185 188 276 278 335 341 434 474 536 550 564 607 638 671 676 686 698 748 796 817 875 934 942 963 986 990 1002 1018
Iter#143013 New set #2 of size 34 (71506.5 its/hit = 1.500s/hit): seed=5256651665966142678 [0, 25, 76, 107, 143, 181, 185, 188, 276, 278, 335, 341, 434, 474, 536, 550, 564, 607, 638, 671, 676, 686, 698, 748, 796, 817, 875, 934, 942, 963, 986, 990, 1002, 1018]
logs_monomial/n10_monomialInverse.txt.bz2.greedyext.20260223_083631.txt

0 29 51 115 120 129 146 154 186 192 196 249 359 411 431 476 513 549 551 589 600 653 693 737 738 763 864 870 879 882 887 962 1005 1009
Iter#242441 New set #2 of size 34 (121220.5 its/hit = 4.000s/hit): seed=13929879778381320573 [0, 29, 51, 115, 120, 129, 146, 154, 186, 192, 196, 249, 359, 411, 431, 476, 513, 549, 551, 589, 600, 653, 693, 737, 738, 763, 864, 870, 879, 882, 887, 962, 1005, 1009]
logs_monomial/n10_monomialInverse.txt.bz2.greedyext.20260223_083633.txt

0 182 197 242 321 330 342 354 406 410 412 420 482 492 527 528 557 592 643 659 703 714 721 764 790 809 843 928 945 946 950 978 993 1020
Iter#1019800 New set #6 of size 34 (169966.7 its/hit = 7.167s/hit): seed=15871251963141988646 [0, 182, 197, 242, 321, 330, 342, 354, 406, 410, 412, 420, 482, 492, 527, 528, 557, 592, 643, 659, 703, 714, 721, 764, 790, 809, 843, 928, 945, 946, 950, 978, 993, 1020]
logs_monomial/n10_monomialInverse.txt.bz2.greedyext.20260223_083633.txt

0 91 121 165 171 177 203 205 206 210 241 246 264 296 357 382 395 464 473 475 489 510 597 663 801 816 863 872 886 894 914 931 967 1007
Iter#857837 New set #3 of size 34 (285945.7 its/hit = 9.667s/hit): seed=6561564982987931429 [0, 91, 121, 165, 171, 177, 203, 205, 206, 210, 241, 246, 264, 296, 357, 382, 395, 464, 473, 475, 489, 510, 597, 663, 801, 816, 863, 872, 886, 894, 914, 931, 967, 1007]
logs_monomial/n10_monomialInverse.txt.bz2.greedyext.20260223_083632.txt

0 3 23 28 61 110 125 126 140 163 200 234 243 289 299 380 386 399 423 455 570 588 605 608 609 630 678 691 733 789 836 856 989 1021
Iter#3989226 New set #30 of size 34 (132974.2 its/hit = 5.533s/hit): seed=2278165743060551017 [0, 3, 23, 28, 61, 110, 125, 126, 140, 163, 200, 234, 243, 289, 299, 380, 386, 399, 423, 455, 570, 588, 605, 608, 609, 630, 678, 691, 733, 789, 836, 856, 989, 1021]
logs_monomial/n10_monomialInverse.txt.bz2.greedyext.20260223_083632.txt

0 30 48 49 119 150 216 263 279 322 368 381 402 421 448 454 529 531 537 655 711 747 750 780 786 811 897 911 916 933 940 959 976 983
Iter#339666 New set #2 of size 34 (169833.0 its/hit = 6.000s/hit): seed=7462745085357421827 [0, 30, 48, 49, 119, 150, 216, 263, 279, 322, 368, 381, 402, 421, 448, 454, 529, 531, 537, 655, 711, 747, 750, 780, 786, 811, 897, 911, 916, 933, 940, 959, 976, 983]
logs_monomial/n10_monomialInverse.txt.bz2.greedyext.20260223_083632.txt

0 67 156 164 198 222 313 334 340 351 352 366 367 385 405 496 533 544 574 596 611 618 625 695 706 727 791 794 849 851 855 891 907 951
Iter#979398 New set #5 of size 34 (195879.6 its/hit = 8.400s/hit): seed=298867726613158889 [0, 67, 156, 164, 198, 222, 313, 334, 340, 351, 352, 366, 367, 385, 405, 496, 533, 544, 574, 596, 611, 618, 625, 695, 706, 727, 791, 794, 849, 851, 855, 891, 907, 951]
logs_monomial/n10_monomialInverse.txt.bz2.greedyext.20260223_083633.txt

0 11 17 40 64 87 118 127 137 180 221 288 290 293 301 302 347 403 425 456 483 511 542 568 606 634 635 650 667 832 921 939 947 1012
Iter#2241556 New set #20 of size 34 (112077.8 its/hit = 5.450s/hit): seed=12114291428585500043 [0, 11, 17, 40, 64, 87, 118, 127, 137, 180, 221, 288, 290, 293, 301, 302, 347, 403, 425, 456, 483, 511, 542, 568, 606, 634, 635, 650, 667, 832, 921, 939, 947, 1012]
logs_monomial/n10_monomialInverse.txt.bz2.greedyext.20260223_083631.txt

0 1 13 42 43 81 97 133 157 189 212 316 331 401 452 459 466 479 517 563 583 622 654 726 749 826 828 859 899 925 929 974 977 1023
Iter#9835147 New set #60 of size 34 (163919.1 its/hit = 3.533s/hit): seed=15388465716135964962 [0, 1, 13, 42, 43, 81, 97, 133, 157, 189, 212, 316, 331, 401, 452, 459, 466, 479, 517, 563, 583, 622, 654, 726, 749, 826, 828, 859, 899, 925, 929, 974, 977, 1023]
logs_monomial/n10_monomialInverse.txt.bz2.greedyext.20260222_000855.txt

0 53 79 113 207 273 329 361 364 394 407 461 484 507 573 579 642 660 684 708 761 771 779 781 812 815 820 824 840 919 941 964 971 984
Iter#1366051 New set #9 of size 34 (151783.4 its/hit = 6.778s/hit): seed=13868997946651764455 [0, 53, 79, 113, 207, 273, 329, 361, 364, 394, 407, 461, 484, 507, 573, 579, 642, 660, 684, 708, 761, 771, 779, 781, 812, 815, 820, 824, 840, 919, 941, 964, 971, 984]
logs_monomial/n10_monomialInverse.txt.bz2.greedyext.20260223_083631.txt

0 2 9 26 84 86 101 162 179 194 225 266 314 371 378 424 437 451 535 539 632 662 729 802 813 853 873 904 913 918 932 958 973 1011
Iter#1410102 New set #8 of size 34 (176262.8 its/hit = 7.125s/hit): seed=6777474102152355561 [0, 2, 9, 26, 84, 86, 101, 162, 179, 194, 225, 266, 314, 371, 378, 424, 437, 451, 535, 539, 632, 662, 729, 802, 813, 853, 873, 904, 913, 918, 932, 958, 973, 1011]
logs_monomial/n10_monomialInverse.txt.bz2.greedyext.20260223_083633.txt

0 7 35 50 95 147 152 209 214 283 286 295 307 337 362 370 376 439 525 552 556 599 670 682 697 803 819 868 923 948 955 979 987 1001
Iter#661813 New set #5 of size 34 (132362.6 its/hit = 5.200s/hit): seed=2812582860020010511 [0, 7, 35, 50, 95, 147, 152, 209, 214, 283, 286, 295, 307, 337, 362, 370, 376, 439, 525, 552, 556, 599, 670, 682, 697, 803, 819, 868, 923, 948, 955, 979, 987, 1001]
logs_monomial/n10_monomialInverse.txt.bz2.greedyext.20260223_083631.txt

0 33 37 58 102 109 223 230 240 245 258 261 292 308 372 373 384 392 409 427 429 498 641 651 675 687 689 718 822 862 909 949 952 1003
Iter#5009807 New set #40 of size 34 (125245.2 its/hit = 4.850s/hit): seed=4323801082533205212 [0, 33, 37, 58, 102, 109, 223, 230, 240, 245, 258, 261, 292, 308, 372, 373, 384, 392, 409, 427, 429, 498, 641, 651, 675, 687, 689, 718, 822, 862, 909, 949, 952, 1003]
logs_monomial/n10_monomialInverse.txt.bz2.greedyext.20260223_083632.txt

0 14 55 63 70 100 117 190 193 285 294 304 315 339 418 428 521 553 566 572 590 614 674 679 724 740 752 775 793 857 878 957 969 985
Iter#57622227 New set #400 of size 34 (144055.6 its/hit = 3.125s/hit): seed=6604011832224671606 [0, 14, 55, 63, 70, 100, 117, 190, 193, 285, 294, 304, 315, 339, 418, 428, 521, 553, 566, 572, 590, 614, 674, 679, 724, 740, 752, 775, 793, 857, 878, 957, 969, 985]
logs_monomial/n10_monomialInverse.txt.bz2.greedyext.20260222_000855.txt

0 44 62 68 160 166 215 219 231 239 251 256 259 306 310 348 422 433 472 508 541 547 548 637 690 715 720 725 758 847 865 884 915 995
Iter#1169208 New set #8 of size 34 (146151.0 its/hit = 6.250s/hit): seed=3181896589635208560 [0, 44, 62, 68, 160, 166, 215, 219, 231, 239, 251, 256, 259, 306, 310, 348, 422, 433, 472, 508, 541, 547, 548, 637, 690, 715, 720, 725, 758, 847, 865, 884, 915, 995]
logs_monomial/n10_monomialInverse.txt.bz2.greedyext.20260223_083631.txt

0 78 82 99 111 167 170 176 183 248 272 287 298 309 353 397 534 640 664 683 759 765 774 783 829 860 876 906 924 926 927 956 1004 1010
Iter#2972613 New set #20 of size 34 (148630.7 its/hit = 6.000s/hit): seed=18435884921547856220 [0, 78, 82, 99, 111, 167, 170, 176, 183, 248, 272, 287, 298, 309, 353, 397, 534, 640, 664, 683, 759, 765, 774, 783, 829, 860, 876, 906, 924, 926, 927, 956, 1004, 1010]
logs_monomial/n10_monomialInverse.txt.bz2.greedyext.20260223_083633.txt

0 21 106 158 226 233 311 327 363 413 414 487 519 543 546 561 567 617 629 633 658 722 728 767 788 814 821 833 922 968 991 999 1014 1017
Iter#136232957 New set #900 of size 34 (151370.0 its/hit = 3.336s/hit): seed=3198459840455547223 [0, 21, 106, 158, 226, 233, 311, 327, 363, 413, 414, 487, 519, 543, 546, 561, 567, 617, 629, 633, 658, 722, 728, 767, 788, 814, 821, 833, 922, 968, 991, 999, 1014, 1017]
logs_monomial/n10_monomialInverse.txt.bz2.greedyext.20260220_210834.txt

0 66 74 116 204 218 269 297 305 365 377 446 460 480 490 499 515 516 522 584 616 723 744 746 768 773 784 799 818 854 858 885 953 996
Iter#11302620 New set #70 of size 34 (161466.0 its/hit = 3.486s/hit): seed=10111665495923788762 [0, 66, 74, 116, 204, 218, 269, 297, 305, 365, 377, 446, 460, 480, 490, 499, 515, 516, 522, 584, 616, 723, 744, 746, 768, 773, 784, 799, 818, 854, 858, 885, 953, 996]
logs_monomial/n10_monomialInverse.txt.bz2.greedyext.20260222_000855.txt

0 38 94 138 139 217 237 268 275 282 319 338 343 349 374 398 467 471 493 495 501 509 514 571 619 621 624 656 669 792 888 898 943 982
Iter#1530045 New set #10 of size 34 (153004.5 its/hit = 6.200s/hit): seed=17767713882419187272 [0, 38, 94, 138, 139, 217, 237, 268, 275, 282, 319, 338, 343, 349, 374, 398, 467, 471, 493, 495, 501, 509, 514, 571, 619, 621, 624, 656, 669, 792, 888, 898, 943, 982]
logs_monomial/n10_monomialInverse.txt.bz2.greedyext.20260223_083633.txt

0 19 47 69 134 141 169 187 199 257 312 328 396 444 449 491 577 603 626 665 668 680 702 704 705 713 717 732 734 769 770 810 889 992
Iter#1010897 New set #5 of size 34 (202179.4 its/hit = 4.200s/hit): seed=12851724347170440636 [0, 19, 47, 69, 134, 141, 169, 187, 199, 257, 312, 328, 396, 444, 449, 491, 577, 603, 626, 665, 668, 680, 702, 704, 705, 713, 717, 732, 734, 769, 770, 810, 889, 992]
logs_monomial/n10_monomialInverse.txt.bz2.greedyext.20260222_000855.txt

0 6 27 46 56 122 131 173 175 213 220 247 250 252 265 280 291 326 400 468 469 486 578 581 598 735 743 760 772 798 846 910 917 981
Iter#678017 New set #4 of size 34 (169504.2 its/hit = 6.750s/hit): seed=6058156392908969966 [0, 6, 27, 46, 56, 122, 131, 173, 175, 213, 220, 247, 250, 252, 265, 280, 291, 326, 400, 468, 469, 486, 578, 581, 598, 735, 743, 760, 772, 798, 846, 910, 917, 981]
logs_monomial/n10_monomialInverse.txt.bz2.greedyext.20260223_083633.txt

0 5 8 36 57 71 104 130 135 178 277 318 336 344 391 404 419 485 545 585 646 648 657 699 716 719 745 757 776 867 893 900 901 954
Iter#6887378 New set #40 of size 34 (172184.5 its/hit = 3.700s/hit): seed=8197092893590890526 [0, 5, 8, 36, 57, 71, 104, 130, 135, 178, 277, 318, 336, 344, 391, 404, 419, 485, 545, 585, 646, 648, 657, 699, 716, 719, 745, 757, 776, 867, 893, 900, 901, 954]
logs_monomial/n10_monomialInverse.txt.bz2.greedyext.20260222_000855.txt

0 15 24 75 108 161 184 201 224 227 375 390 393 458 470 488 524 559 649 692 700 741 827 830 831 834 852 880 930 988 997 1000 1008 1015
Iter#1255947 New set #6 of size 34 (209324.5 its/hit = 7.167s/hit): seed=11405569823272111153 [0, 15, 24, 75, 108, 161, 184, 201, 224, 227, 375, 390, 393, 458, 470, 488, 524, 559, 649, 692, 700, 741, 827, 830, 831, 834, 852, 880, 930, 988, 997, 1000, 1008, 1015]
logs_monomial/n10_monomialInverse.txt.bz2.greedyext.20260223_083632.txt

