6 54 81 123 130 187 242 257 275 311 316 381 405 425 442 511 602 656 696 699 707 772 786 803 806 868 870 883 887 890 891 968 993 1019
Iter#7567545 New set #1000 of size 34 (7567.5 its/hit = 0.181s/hit): seed=7718067607474730481 [6, 54, 81, 123, 130, 187, 242, 257, 275, 311, 316, 381, 405, 425, 442, 511, 602, 656, 696, 699, 707, 772, 786, 803, 806, 868, 870, 883, 887, 890, 891, 968, 993, 1019]
logs_monomial/n10_monomialSqrt.txt.bz2.greedyext.20260220_210834.txt

8 13 18 29 63 87 91 120 180 233 263 265 270 325 357 478 485 487 512 548 572 608 628 691 705 743 749 766 781 839 847 889 961 983
Iter#38342983 New set #5000 of size 34 (7668.6 its/hit = 0.187s/hit): seed=12038868818294466225 [8, 13, 18, 29, 63, 87, 91, 120, 180, 233, 263, 265, 270, 325, 357, 478, 485, 487, 512, 548, 572, 608, 628, 691, 705, 743, 749, 766, 781, 839, 847, 889, 961, 983]
logs_monomial/n10_monomialSqrt.txt.bz2.greedyext.20260222_000855.txt

56 59 73 107 116 125 135 149 184 197 235 240 242 259 272 306 377 465 545 555 559 561 567 644 733 822 825 845 850 866 917 941 1004 1019
Iter#76136719 New set #10000 of size 34 (7613.7 its/hit = 0.183s/hit): seed=7889702418782618729 [56, 59, 73, 107, 116, 125, 135, 149, 184, 197, 235, 240, 242, 259, 272, 306, 377, 465, 545, 555, 559, 561, 567, 644, 733, 822, 825, 845, 850, 866, 917, 941, 1004, 1019]
logs_monomial/n10_monomialSqrt.txt.bz2.greedyext.20260220_210834.txt

41 76 122 161 163 197 204 283 313 335 346 366 389 506 527 595 599 662 675 680 689 728 743 753 765 773 777 831 853 889 970 994 1004 1021
Iter#15159451 New set #2000 of size 34 (7579.7 its/hit = 0.182s/hit): seed=2294644536373149491 [41, 76, 122, 161, 163, 197, 204, 283, 313, 335, 346, 366, 389, 506, 527, 595, 599, 662, 675, 680, 689, 728, 743, 753, 765, 773, 777, 831, 853, 889, 970, 994, 1004, 1021]
logs_monomial/n10_monomialSqrt.txt.bz2.greedyext.20260220_210834.txt

41 50 52 91 98 196 201 289 321 399 475 502 519 601 639 640 692 722 723 772 779 782 815 835 842 853 870 906 910 932 940 948 950 983
Iter#18067 New set #5 of size 34 (3613.4 its/hit = 0.000s/hit): seed=9083895269229859375 [41, 50, 52, 91, 98, 196, 201, 289, 321, 399, 475, 502, 519, 601, 639, 640, 692, 722, 723, 772, 779, 782, 815, 835, 842, 853, 870, 906, 910, 932, 940, 948, 950, 983]
logs_monomial/n10_monomialSqrt.txt.bz2.greedyext.20260223_083631.txt

41 97 120 152 157 179 288 342 361 380 437 445 465 471 527 532 542 543 551 552 594 615 639 657 669 730 836 857 900 905 941 977 1014 1016
Iter#227137 New set #30 of size 34 (7571.2 its/hit = 0.167s/hit): seed=8058601093166185467 [41, 97, 120, 152, 157, 179, 288, 342, 361, 380, 437, 445, 465, 471, 527, 532, 542, 543, 551, 552, 594, 615, 639, 657, 669, 730, 836, 857, 900, 905, 941, 977, 1014, 1016]
logs_monomial/n10_monomialSqrt.txt.bz2.greedyext.20260222_000855.txt

1 24 28 40 56 100 108 169 222 243 302 349 358 364 376 413 444 474 484 502 536 624 653 663 724 726 845 887 891 894 910 937 962 987
Iter#587856 New set #90 of size 34 (6531.7 its/hit = 0.156s/hit): seed=17162353833688573575 [1, 24, 28, 40, 56, 100, 108, 169, 222, 243, 302, 349, 358, 364, 376, 413, 444, 474, 484, 502, 536, 624, 653, 663, 724, 726, 845, 887, 891, 894, 910, 937, 962, 987]
logs_monomial/n10_monomialSqrt.txt.bz2.greedyext.20260220_210834.txt

39 68 72 105 117 128 141 144 151 223 269 274 311 312 326 426 561 652 679 703 720 730 794 801 808 843 891 923 941 952 953 955 971 981
Iter#38868 New set #8 of size 34 (4858.5 its/hit = 0.000s/hit): seed=491169052195173920 [39, 68, 72, 105, 117, 128, 141, 144, 151, 223, 269, 274, 311, 312, 326, 426, 561, 652, 679, 703, 720, 730, 794, 801, 808, 843, 891, 923, 941, 952, 953, 955, 971, 981]
logs_monomial/n10_monomialSqrt.txt.bz2.greedyext.20260222_000855.txt

21 40 64 110 120 175 209 295 296 308 321 379 420 448 451 468 472 481 487 495 547 669 675 729 748 776 791 801 870 891 896 901 933 1021
Iter#33161 New set #5 of size 34 (6632.2 its/hit = 0.000s/hit): seed=3371211224983857329 [21, 40, 64, 110, 120, 175, 209, 295, 296, 308, 321, 379, 420, 448, 451, 468, 472, 481, 487, 495, 547, 669, 675, 729, 748, 776, 791, 801, 870, 891, 896, 901, 933, 1021]
logs_monomial/n10_monomialSqrt.txt.bz2.greedyext.20260222_000855.txt

6 47 91 109 133 190 230 307 338 340 407 422 441 457 491 501 521 569 578 579 613 616 617 700 725 749 757 803 852 931 940 951 954 1017
Iter#1472553 New set #200 of size 34 (7362.8 its/hit = 0.275s/hit): seed=10518143402206635526 [6, 47, 91, 109, 133, 190, 230, 307, 338, 340, 407, 422, 441, 457, 491, 501, 521, 569, 578, 579, 613, 616, 617, 700, 725, 749, 757, 803, 852, 931, 940, 951, 954, 1017]
logs_monomial/n10_monomialSqrt.txt.bz2.greedyext.20260223_083632.txt

8 27 42 97 201 288 291 337 357 364 371 397 415 416 477 488 490 499 545 558 586 597 634 653 693 739 756 809 815 819 823 825 924 965
Iter#496583 New set #80 of size 34 (6207.3 its/hit = 0.138s/hit): seed=14692804428980011159 [8, 27, 42, 97, 201, 288, 291, 337, 357, 364, 371, 397, 415, 416, 477, 488, 490, 499, 545, 558, 586, 597, 634, 653, 693, 739, 756, 809, 815, 819, 823, 825, 924, 965]
logs_monomial/n10_monomialSqrt.txt.bz2.greedyext.20260220_210834.txt

61 72 95 102 109 111 158 190 200 211 263 275 285 320 327 356 376 379 381 438 463 493 533 548 601 625 646 663 704 712 734 745 801 995
Iter#3006515 New set #400 of size 34 (7516.3 its/hit = 0.183s/hit): seed=3660201413220013652 [61, 72, 95, 102, 109, 111, 158, 190, 200, 211, 263, 275, 285, 320, 327, 356, 376, 379, 381, 438, 463, 493, 533, 548, 601, 625, 646, 663, 704, 712, 734, 745, 801, 995]
logs_monomial/n10_monomialSqrt.txt.bz2.greedyext.20260222_000855.txt

18 76 97 140 150 156 177 212 238 281 289 363 365 389 402 408 465 483 504 511 521 556 565 572 694 736 739 854 903 914 948 986 1017 1019
Iter#8713 New set #4 of size 34 (2178.2 its/hit = 0.000s/hit): seed=13635794775692237922 [18, 76, 97, 140, 150, 156, 177, 212, 238, 281, 289, 363, 365, 389, 402, 408, 465, 483, 504, 511, 521, 556, 565, 572, 694, 736, 739, 854, 903, 914, 948, 986, 1017, 1019]
logs_monomial/n10_monomialSqrt.txt.bz2.greedyext.20260223_083631.txt

4 18 32 107 110 111 140 160 167 181 184 242 348 383 437 473 484 492 551 646 666 696 726 729 795 828 840 848 863 921 944 947 1000 1009
Iter#245736 New set #30 of size 34 (8191.2 its/hit = 0.333s/hit): seed=3870419187352900605 [4, 18, 32, 107, 110, 111, 140, 160, 167, 181, 184, 242, 348, 383, 437, 473, 484, 492, 551, 646, 666, 696, 726, 729, 795, 828, 840, 848, 863, 921, 944, 947, 1000, 1009]
logs_monomial/n10_monomialSqrt.txt.bz2.greedyext.20260223_083633.txt

2 36 122 174 175 201 253 283 296 311 318 338 371 374 377 426 457 459 465 473 499 503 543 550 585 591 596 692 697 828 860 907 934 1010
Iter#1523674 New set #200 of size 34 (7618.4 its/hit = 0.335s/hit): seed=15478590046689086569 [2, 36, 122, 174, 175, 201, 253, 283, 296, 311, 318, 338, 371, 374, 377, 426, 457, 459, 465, 473, 499, 503, 543, 550, 585, 591, 596, 692, 697, 828, 860, 907, 934, 1010]
logs_monomial/n10_monomialSqrt.txt.bz2.greedyext.20260223_083633.txt

66 163 169 204 212 255 264 312 338 347 361 422 440 456 458 459 478 488 518 538 567 571 596 684 739 740 755 766 821 836 843 865 894 985
Iter#710712 New set #100 of size 34 (7107.1 its/hit = 0.270s/hit): seed=5835786922667487302 [66, 163, 169, 204, 212, 255, 264, 312, 338, 347, 361, 422, 440, 456, 458, 459, 478, 488, 518, 538, 567, 571, 596, 684, 739, 740, 755, 766, 821, 836, 843, 865, 894, 985]
logs_monomial/n10_monomialSqrt.txt.bz2.greedyext.20260223_083632.txt

8 26 27 46 78 82 117 120 179 191 240 254 262 273 305 328 372 443 453 479 531 590 646 652 655 734 771 831 861 863 866 882 886 977
Iter#6109867 New set #800 of size 34 (7637.3 its/hit = 0.185s/hit): seed=5685529901321261396 [8, 26, 27, 46, 78, 82, 117, 120, 179, 191, 240, 254, 262, 273, 305, 328, 372, 443, 453, 479, 531, 590, 646, 652, 655, 734, 771, 831, 861, 863, 866, 882, 886, 977]
logs_monomial/n10_monomialSqrt.txt.bz2.greedyext.20260222_000855.txt

31 52 113 121 130 166 181 196 261 280 289 292 297 329 358 403 419 422 553 578 604 667 676 677 768 872 922 935 937 944 968 980 1005 1006
Iter#1567934 New set #200 of size 34 (7839.7 its/hit = 0.265s/hit): seed=2561240094673446139 [31, 52, 113, 121, 130, 166, 181, 196, 261, 280, 289, 292, 297, 329, 358, 403, 419, 422, 553, 578, 604, 667, 676, 677, 768, 872, 922, 935, 937, 944, 968, 980, 1005, 1006]
logs_monomial/n10_monomialSqrt.txt.bz2.greedyext.20260223_083631.txt

78 96 117 146 226 284 290 293 380 435 458 465 468 503 513 514 563 567 605 679 688 729 765 769 813 831 837 929 935 982 986 998 1006 1018
Iter#421798 New set #70 of size 34 (6025.7 its/hit = 0.143s/hit): seed=3631356016815084241 [78, 96, 117, 146, 226, 284, 290, 293, 380, 435, 458, 465, 468, 503, 513, 514, 563, 567, 605, 679, 688, 729, 765, 769, 813, 831, 837, 929, 935, 982, 986, 998, 1006, 1018]
logs_monomial/n10_monomialSqrt.txt.bz2.greedyext.20260220_210834.txt

25 37 69 71 104 108 120 203 265 340 405 406 412 452 523 540 555 594 622 673 709 735 768 769 786 820 840 852 866 879 933 937 996 1002
Iter#2866466 New set #400 of size 34 (7166.2 its/hit = 0.260s/hit): seed=15639855921594713783 [25, 37, 69, 71, 104, 108, 120, 203, 265, 340, 405, 406, 412, 452, 523, 540, 555, 594, 622, 673, 709, 735, 768, 769, 786, 820, 840, 852, 866, 879, 933, 937, 996, 1002]
logs_monomial/n10_monomialSqrt.txt.bz2.greedyext.20260223_083631.txt

1 92 145 192 195 201 272 274 301 313 317 332 368 414 513 541 567 570 583 596 597 609 689 703 752 764 775 827 841 862 894 906 912 1012
Iter#1499675 New set #200 of size 34 (7498.4 its/hit = 0.180s/hit): seed=1039318983824967070 [1, 92, 145, 192, 195, 201, 272, 274, 301, 313, 317, 332, 368, 414, 513, 541, 567, 570, 583, 596, 597, 609, 689, 703, 752, 764, 775, 827, 841, 862, 894, 906, 912, 1012]
logs_monomial/n10_monomialSqrt.txt.bz2.greedyext.20260222_000855.txt

47 81 84 86 89 90 139 151 188 221 231 258 267 291 308 348 357 372 383 425 448 509 564 640 711 735 749 782 783 810 844 874 1007 1022
Iter#76371546 New set #10000 of size 34 (7637.2 its/hit = 0.187s/hit): seed=7529973623613055051 [47, 81, 84, 86, 89, 90, 139, 151, 188, 221, 231, 258, 267, 291, 308, 348, 357, 372, 383, 425, 448, 509, 564, 640, 711, 735, 749, 782, 783, 810, 844, 874, 1007, 1022]
logs_monomial/n10_monomialSqrt.txt.bz2.greedyext.20260222_000855.txt

80 177 187 198 222 237 282 298 320 329 379 426 436 460 472 473 474 506 520 532 549 553 582 702 737 748 753 758 807 854 857 876 883 971
Iter#174469 New set #20 of size 34 (8723.5 its/hit = 0.400s/hit): seed=5501226644953895471 [80, 177, 187, 198, 222, 237, 282, 298, 320, 329, 379, 426, 436, 460, 472, 473, 474, 506, 520, 532, 549, 553, 582, 702, 737, 748, 753, 758, 807, 854, 857, 876, 883, 971]
logs_monomial/n10_monomialSqrt.txt.bz2.greedyext.20260223_083632.txt

41 65 128 142 153 179 196 199 225 253 256 363 373 396 397 434 512 520 525 556 561 591 608 650 655 698 797 822 848 856 911 924 939 1005
Iter#54899 New set #8 of size 34 (6862.4 its/hit = 0.250s/hit): seed=6803894791840943587 [41, 65, 128, 142, 153, 179, 196, 199, 225, 253, 256, 363, 373, 396, 397, 434, 512, 520, 525, 556, 561, 591, 608, 650, 655, 698, 797, 822, 848, 856, 911, 924, 939, 1005]
logs_monomial/n10_monomialSqrt.txt.bz2.greedyext.20260223_083632.txt

17 45 128 141 201 203 205 225 301 333 344 399 420 442 462 491 496 505 527 539 618 675 709 718 724 756 757 762 774 830 836 860 922 985
Iter#741366 New set #100 of size 34 (7413.7 its/hit = 0.180s/hit): seed=7320732762687946777 [17, 45, 128, 141, 201, 203, 205, 225, 301, 333, 344, 399, 420, 442, 462, 491, 496, 505, 527, 539, 618, 675, 709, 718, 724, 756, 757, 762, 774, 830, 836, 860, 922, 985]
logs_monomial/n10_monomialSqrt.txt.bz2.greedyext.20260222_000855.txt

22 69 115 156 158 243 250 262 292 337 357 368 442 453 560 616 620 654 663 668 681 706 718 728 743 768 822 826 838 874 962 979 989 1013
Iter#4667571 New set #600 of size 34 (7779.3 its/hit = 0.185s/hit): seed=16899151230938074689 [22, 69, 115, 156, 158, 243, 250, 262, 292, 337, 357, 368, 442, 453, 560, 616, 620, 654, 663, 668, 681, 706, 718, 728, 743, 768, 822, 826, 838, 874, 962, 979, 989, 1013]
logs_monomial/n10_monomialSqrt.txt.bz2.greedyext.20260220_210834.txt

16 30 38 59 66 121 125 129 171 196 208 231 234 291 310 314 418 466 572 584 585 591 642 716 728 739 760 802 888 925 964 983 997 1015
Iter#30578910 New set #4000 of size 34 (7644.7 its/hit = 0.187s/hit): seed=13490390591715020748 [16, 30, 38, 59, 66, 121, 125, 129, 171, 196, 208, 231, 234, 291, 310, 314, 418, 466, 572, 584, 585, 591, 642, 716, 728, 739, 760, 802, 888, 925, 964, 983, 997, 1015]
logs_monomial/n10_monomialSqrt.txt.bz2.greedyext.20260222_000855.txt

4 21 64 93 94 96 106 109 138 204 212 213 253 274 371 407 424 463 475 489 527 614 616 628 651 667 688 743 752 919 944 948 955 966
Iter#2891895 New set #400 of size 34 (7229.7 its/hit = 0.172s/hit): seed=8337514816723126717 [4, 21, 64, 93, 94, 96, 106, 109, 138, 204, 212, 213, 253, 274, 371, 407, 424, 463, 475, 489, 527, 614, 616, 628, 651, 667, 688, 743, 752, 919, 944, 948, 955, 966]
logs_monomial/n10_monomialSqrt.txt.bz2.greedyext.20260220_210834.txt

5 19 38 59 61 71 144 146 190 193 199 202 225 232 286 293 308 379 429 475 488 489 619 632 639 709 730 738 803 825 883 936 947 1000
Iter#53594350 New set #7000 of size 34 (7656.3 its/hit = 0.187s/hit): seed=7300061155445778488 [5, 19, 38, 59, 61, 71, 144, 146, 190, 193, 199, 202, 225, 232, 286, 293, 308, 379, 429, 475, 488, 489, 619, 632, 639, 709, 730, 738, 803, 825, 883, 936, 947, 1000]
logs_monomial/n10_monomialSqrt.txt.bz2.greedyext.20260222_000855.txt

58 77 151 194 205 212 217 262 263 267 300 301 343 359 387 411 443 466 570 572 605 645 667 679 712 727 761 771 821 833 872 904 976 1003
Iter#1299900 New set #200 of size 34 (6499.5 its/hit = 0.155s/hit): seed=15065821551817885524 [58, 77, 151, 194, 205, 212, 217, 262, 263, 267, 300, 301, 343, 359, 387, 411, 443, 466, 570, 572, 605, 645, 667, 679, 712, 727, 761, 771, 821, 833, 872, 904, 976, 1003]
logs_monomial/n10_monomialSqrt.txt.bz2.greedyext.20260220_210834.txt

47 155 196 220 246 276 277 305 343 369 485 500 564 577 578 586 589 591 652 656 679 710 764 784 793 815 824 839 868 879 894 946 987 998
Iter#68221 New set #10 of size 34 (6822.1 its/hit = 0.100s/hit): seed=8192843272903322807 [47, 155, 196, 220, 246, 276, 277, 305, 343, 369, 485, 500, 564, 577, 578, 586, 589, 591, 652, 656, 679, 710, 764, 784, 793, 815, 824, 839, 868, 879, 894, 946, 987, 998]
logs_monomial/n10_monomialSqrt.txt.bz2.greedyext.20260223_083631.txt

4 198 257 304 340 380 419 434 460 485 493 507 546 566 568 577 600 605 606 610 613 659 712 746 792 835 840 842 877 890 923 955 1005 1014
Iter#41611 New set #6 of size 34 (6935.2 its/hit = 0.333s/hit): seed=14744931291875287883 [4, 198, 257, 304, 340, 380, 419, 434, 460, 485, 493, 507, 546, 566, 568, 577, 600, 605, 606, 610, 613, 659, 712, 746, 792, 835, 840, 842, 877, 890, 923, 955, 1005, 1014]
logs_monomial/n10_monomialSqrt.txt.bz2.greedyext.20260223_083633.txt

5 13 19 36 75 90 148 188 216 233 302 492 517 542 595 627 645 658 672 674 683 752 770 800 891 906 909 937 944 949 950 970 976 990
Iter#225878 New set #30 of size 34 (7529.3 its/hit = 0.333s/hit): seed=2316296014509429941 [5, 13, 19, 36, 75, 90, 148, 188, 216, 233, 302, 492, 517, 542, 595, 627, 645, 658, 672, 674, 683, 752, 770, 800, 891, 906, 909, 937, 944, 949, 950, 970, 976, 990]
logs_monomial/n10_monomialSqrt.txt.bz2.greedyext.20260223_083632.txt

63 85 105 122 189 193 211 247 252 306 322 379 401 443 454 502 520 545 571 676 678 691 695 698 699 708 722 739 742 771 848 888 891 922
Iter#7140 New set #3 of size 34 (2380.0 its/hit = 0.000s/hit): seed=3973104241484256385 [63, 85, 105, 122, 189, 193, 211, 247, 252, 306, 322, 379, 401, 443, 454, 502, 520, 545, 571, 676, 678, 691, 695, 698, 699, 708, 722, 739, 742, 771, 848, 888, 891, 922]
logs_monomial/n10_monomialSqrt.txt.bz2.greedyext.20260223_083631.txt

9 13 50 75 86 96 110 151 154 160 180 219 241 326 330 339 418 466 568 569 575 588 648 659 680 700 754 776 850 903 917 935 948 1005
Iter#503269 New set #60 of size 34 (8387.8 its/hit = 0.200s/hit): seed=16350656339071837245 [9, 13, 50, 75, 86, 96, 110, 151, 154, 160, 180, 219, 241, 326, 330, 339, 418, 466, 568, 569, 575, 588, 648, 659, 680, 700, 754, 776, 850, 903, 917, 935, 948, 1005]
logs_monomial/n10_monomialSqrt.txt.bz2.greedyext.20260222_000855.txt

11 52 53 185 204 210 266 288 311 313 324 344 381 382 400 504 530 549 566 596 655 676 737 745 771 819 822 904 917 945 948 953 985 1014
Iter#6062404 New set #800 of size 34 (7578.0 its/hit = 0.181s/hit): seed=1249149109285742506 [11, 52, 53, 185, 204, 210, 266, 288, 311, 313, 324, 344, 381, 382, 400, 504, 530, 549, 566, 596, 655, 676, 737, 745, 771, 819, 822, 904, 917, 945, 948, 953, 985, 1014]
logs_monomial/n10_monomialSqrt.txt.bz2.greedyext.20260220_210834.txt

7 11 21 37 47 106 273 284 297 335 402 506 578 593 596 635 641 645 670 676 706 713 777 783 804 812 829 854 896 912 929 934 976 977
Iter#39102 New set #4 of size 34 (9775.5 its/hit = 0.500s/hit): seed=6076242799843975014 [7, 11, 21, 37, 47, 106, 273, 284, 297, 335, 402, 506, 578, 593, 596, 635, 641, 645, 670, 676, 706, 713, 777, 783, 804, 812, 829, 854, 896, 912, 929, 934, 976, 977]
logs_monomial/n10_monomialSqrt.txt.bz2.greedyext.20260223_083633.txt

7 9 26 32 53 89 109 191 195 204 318 350 353 383 399 428 446 503 521 526 556 648 663 718 779 787 842 846 856 894 896 981 994 998
Iter#3193137 New set #400 of size 34 (7982.8 its/hit = 0.300s/hit): seed=16718507134092937049 [7, 9, 26, 32, 53, 89, 109, 191, 195, 204, 318, 350, 353, 383, 399, 428, 446, 503, 521, 526, 556, 648, 663, 718, 779, 787, 842, 846, 856, 894, 896, 981, 994, 998]
logs_monomial/n10_monomialSqrt.txt.bz2.greedyext.20260223_083633.txt

10 92 95 128 137 144 181 264 302 315 325 327 358 490 525 544 554 560 594 616 686 733 752 804 814 825 835 836 863 877 925 933 977 983
Iter#17113 New set #3 of size 34 (5704.3 its/hit = 0.333s/hit): seed=13980448345767298769 [10, 92, 95, 128, 137, 144, 181, 264, 302, 315, 325, 327, 358, 490, 525, 544, 554, 560, 594, 616, 686, 733, 752, 804, 814, 825, 835, 836, 863, 877, 925, 933, 977, 983]
logs_monomial/n10_monomialSqrt.txt.bz2.greedyext.20260223_083633.txt

13 52 54 150 182 212 218 221 314 359 388 392 427 449 462 475 478 492 516 530 660 668 682 734 786 813 820 830 864 935 947 979 1007 1015
Iter#37160 New set #7 of size 34 (5308.6 its/hit = 0.000s/hit): seed=6237999697083928770 [13, 52, 54, 150, 182, 212, 218, 221, 314, 359, 388, 392, 427, 449, 462, 475, 478, 492, 516, 530, 660, 668, 682, 734, 786, 813, 820, 830, 864, 935, 947, 979, 1007, 1015]
logs_monomial/n10_monomialSqrt.txt.bz2.greedyext.20260222_000855.txt

7 45 74 122 142 199 254 257 320 331 367 381 387 454 469 489 550 703 708 711 748 774 775 779 783 792 794 858 863 878 888 903 925 948
Iter#3119635 New set #400 of size 34 (7799.1 its/hit = 0.293s/hit): seed=5354897896636783060 [7, 45, 74, 122, 142, 199, 254, 257, 320, 331, 367, 381, 387, 454, 469, 489, 550, 703, 708, 711, 748, 774, 775, 779, 783, 792, 794, 858, 863, 878, 888, 903, 925, 948]
logs_monomial/n10_monomialSqrt.txt.bz2.greedyext.20260223_083632.txt

10 28 132 140 178 198 266 294 300 309 376 427 447 459 495 503 533 556 558 654 686 706 709 716 802 895 912 924 947 963 966 982 985 1012
Iter#2252522 New set #300 of size 34 (7508.4 its/hit = 0.283s/hit): seed=16557726492320499679 [10, 28, 132, 140, 178, 198, 266, 294, 300, 309, 376, 427, 447, 459, 495, 503, 533, 556, 558, 654, 686, 706, 709, 716, 802, 895, 912, 924, 947, 963, 966, 982, 985, 1012]
logs_monomial/n10_monomialSqrt.txt.bz2.greedyext.20260223_083632.txt

101 103 109 154 159 179 251 351 358 376 419 420 459 465 472 480 501 507 515 580 581 618 628 684 738 772 777 822 867 883 946 948 977 998
Iter#3816082 New set #500 of size 34 (7632.2 its/hit = 0.290s/hit): seed=18193257739167625259 [101, 103, 109, 154, 159, 179, 251, 351, 358, 376, 419, 420, 459, 465, 472, 480, 501, 507, 515, 580, 581, 618, 628, 684, 738, 772, 777, 822, 867, 883, 946, 948, 977, 998]
logs_monomial/n10_monomialSqrt.txt.bz2.greedyext.20260223_083632.txt

4 38 48 57 117 118 136 166 189 191 202 216 245 308 334 349 383 412 610 614 620 634 636 656 713 768 799 815 884 891 929 950 984 992
Iter#55227 New set #9 of size 34 (6136.3 its/hit = 0.222s/hit): seed=14840780632211204154 [4, 38, 48, 57, 117, 118, 136, 166, 189, 191, 202, 216, 245, 308, 334, 349, 383, 412, 610, 614, 620, 634, 636, 656, 713, 768, 799, 815, 884, 891, 929, 950, 984, 992]
logs_monomial/n10_monomialSqrt.txt.bz2.greedyext.20260223_083632.txt

19 28 36 37 47 52 68 92 105 166 170 225 354 383 406 434 447 451 461 490 530 579 602 648 675 678 795 839 850 877 902 910 1002 1004
Iter#6067134 New set #800 of size 34 (7583.9 its/hit = 0.274s/hit): seed=16115291900990271821 [19, 28, 36, 37, 47, 52, 68, 92, 105, 166, 170, 225, 354, 383, 406, 434, 447, 451, 461, 490, 530, 579, 602, 648, 675, 678, 795, 839, 850, 877, 902, 910, 1002, 1004]
logs_monomial/n10_monomialSqrt.txt.bz2.greedyext.20260223_083631.txt

61 137 206 214 228 262 263 291 325 355 486 503 550 592 595 600 605 607 642 670 693 724 750 770 779 810 829 853 876 886 893 928 969 1012
Iter#33032 New set #6 of size 34 (5505.3 its/hit = 0.000s/hit): seed=9523434167005440302 [61, 137, 206, 214, 228, 262, 263, 291, 325, 355, 486, 503, 550, 592, 595, 600, 605, 607, 642, 670, 693, 724, 750, 770, 779, 810, 829, 853, 876, 886, 893, 928, 969, 1012]
logs_monomial/n10_monomialSqrt.txt.bz2.greedyext.20260220_210834.txt

25 50 119 127 132 160 179 194 259 286 290 295 303 335 352 405 416 421 559 580 602 669 674 675 774 878 924 929 943 950 974 978 1000 1003
Iter#128008 New set #20 of size 34 (6400.4 its/hit = 0.150s/hit): seed=1232897578324606474 [25, 50, 119, 127, 132, 160, 179, 194, 259, 286, 290, 295, 303, 335, 352, 405, 416, 421, 559, 580, 602, 669, 674, 675, 774, 878, 924, 929, 943, 950, 974, 978, 1000, 1003]
logs_monomial/n10_monomialSqrt.txt.bz2.greedyext.20260222_000855.txt

0 5 34 52 64 66 81 85 92 93 199 221 238 380 413 414 438 485 529 538 551 565 603 655 668 691 729 784 800 861 887 925 932 980
Iter#346771 New set #50 of size 34 (6935.4 its/hit = 0.280s/hit): seed=5061565763691936248 [0, 5, 34, 52, 64, 66, 81, 85, 92, 93, 199, 221, 238, 380, 413, 414, 438, 485, 529, 538, 551, 565, 603, 655, 668, 691, 729, 784, 800, 861, 887, 925, 932, 980]
logs_monomial/n10_monomialSqrt.txt.bz2.greedyext.20260223_083632.txt

38 85 100 110 112 149 180 210 236 254 265 272 276 288 304 356 364 417 470 507 581 627 630 639 646 673 714 723 784 888 901 927 988 990
Iter#66010 New set #10 of size 34 (6601.0 its/hit = 0.300s/hit): seed=3283916443467889489 [38, 85, 100, 110, 112, 149, 180, 210, 236, 254, 265, 272, 276, 288, 304, 356, 364, 417, 470, 507, 581, 627, 630, 639, 646, 673, 714, 723, 784, 888, 901, 927, 988, 990]
logs_monomial/n10_monomialSqrt.txt.bz2.greedyext.20260223_083632.txt

17 23 35 50 58 72 142 158 184 191 206 207 330 335 348 357 384 411 415 442 471 476 514 527 567 593 652 740 779 789 793 817 827 884
Iter#49778 New set #9 of size 34 (5530.9 its/hit = 0.222s/hit): seed=15399696939740841148 [17, 23, 35, 50, 58, 72, 142, 158, 184, 191, 206, 207, 330, 335, 348, 357, 384, 411, 415, 442, 471, 476, 514, 527, 567, 593, 652, 740, 779, 789, 793, 817, 827, 884]
logs_monomial/n10_monomialSqrt.txt.bz2.greedyext.20260223_083633.txt

103 149 162 209 261 294 301 305 389 395 451 497 507 509 567 586 616 631 667 685 694 728 740 756 812 846 881 902 923 949 967 977 981 982
Iter#56026 New set #10 of size 34 (5602.6 its/hit = 0.100s/hit): seed=14990613390000862326 [103, 149, 162, 209, 261, 294, 301, 305, 389, 395, 451, 497, 507, 509, 567, 586, 616, 631, 667, 685, 694, 728, 740, 756, 812, 846, 881, 902, 923, 949, 967, 977, 981, 982]
logs_monomial/n10_monomialSqrt.txt.bz2.greedyext.20260222_000855.txt

1 15 28 38 51 95 107 185 197 202 312 344 359 377 393 426 440 497 520 527 554 654 657 712 781 789 840 844 862 888 902 979 992 996
Iter#23043300 New set #3000 of size 34 (7681.1 its/hit = 0.185s/hit): seed=13515603744954647511 [1, 15, 28, 38, 51, 95, 107, 185, 197, 202, 312, 344, 359, 377, 393, 426, 440, 497, 520, 527, 554, 654, 657, 712, 781, 789, 840, 844, 862, 888, 902, 979, 992, 996]
logs_monomial/n10_monomialSqrt.txt.bz2.greedyext.20260220_210834.txt

57 81 157 159 196 222 260 306 311 318 395 402 455 480 549 557 584 593 597 609 625 663 698 736 788 805 815 817 871 915 941 959 980 1013
Iter#352898 New set #50 of size 34 (7058.0 its/hit = 0.280s/hit): seed=18083875733515609803 [57, 81, 157, 159, 196, 222, 260, 306, 311, 318, 395, 402, 455, 480, 549, 557, 584, 593, 597, 609, 625, 663, 698, 736, 788, 805, 815, 817, 871, 915, 941, 959, 980, 1013]
logs_monomial/n10_monomialSqrt.txt.bz2.greedyext.20260223_083631.txt

48 58 71 95 108 209 299 309 333 344 345 347 379 411 427 449 456 506 575 608 621 624 631 649 661 676 680 711 842 934 983 984 1005 1010
Iter#424869 New set #50 of size 34 (8497.4 its/hit = 0.340s/hit): seed=6444913783835616872 [48, 58, 71, 95, 108, 209, 299, 309, 333, 344, 345, 347, 379, 411, 427, 449, 456, 506, 575, 608, 621, 624, 631, 649, 661, 676, 680, 711, 842, 934, 983, 984, 1005, 1010]
logs_monomial/n10_monomialSqrt.txt.bz2.greedyext.20260223_083633.txt

51 64 70 71 141 195 215 236 247 301 375 402 459 472 490 504 529 543 553 564 589 626 630 654 676 715 735 741 744 812 821 825 941 989
Iter#284216 New set #40 of size 34 (7105.4 its/hit = 0.300s/hit): seed=11749319978138465265 [51, 64, 70, 71, 141, 195, 215, 236, 247, 301, 375, 402, 459, 472, 490, 504, 529, 543, 553, 564, 589, 626, 630, 654, 676, 715, 735, 741, 744, 812, 821, 825, 941, 989]
logs_monomial/n10_monomialSqrt.txt.bz2.greedyext.20260223_083631.txt

90 122 146 195 223 289 308 346 445 459 474 486 487 497 517 520 544 576 678 684 763 779 804 847 877 884 900 903 912 923 954 1001 1017 1018
Iter#429203 New set #60 of size 34 (7153.4 its/hit = 0.283s/hit): seed=4323515435746308961 [90, 122, 146, 195, 223, 289, 308, 346, 445, 459, 474, 486, 487, 497, 517, 520, 544, 576, 678, 684, 763, 779, 804, 847, 877, 884, 900, 903, 912, 923, 954, 1001, 1017, 1018]
logs_monomial/n10_monomialSqrt.txt.bz2.greedyext.20260223_083631.txt

13 31 45 62 103 130 216 258 281 290 310 376 434 435 437 454 552 600 704 716 729 784 797 810 830 849 891 899 903 952 961 988 996 1002
Iter#590411 New set #80 of size 34 (7380.1 its/hit = 0.287s/hit): seed=14744040485607759663 [13, 31, 45, 62, 103, 130, 216, 258, 281, 290, 310, 376, 434, 435, 437, 454, 552, 600, 704, 716, 729, 784, 797, 810, 830, 849, 891, 899, 903, 952, 961, 988, 996, 1002]
logs_monomial/n10_monomialSqrt.txt.bz2.greedyext.20260223_083632.txt

3 10 56 89 105 143 153 154 155 185 233 247 275 389 413 430 498 504 533 538 559 560 612 648 773 843 855 870 874 930 943 946 949 1021
Iter#68809353 New set #9000 of size 34 (7645.5 its/hit = 0.187s/hit): seed=4851984950611794242 [3, 10, 56, 89, 105, 143, 153, 154, 155, 185, 233, 247, 275, 389, 413, 430, 498, 504, 533, 538, 559, 560, 612, 648, 773, 843, 855, 870, 874, 930, 943, 946, 949, 1021]
logs_monomial/n10_monomialSqrt.txt.bz2.greedyext.20260222_000855.txt

55 91 102 110 222 253 270 290 293 311 314 368 390 400 418 489 492 493 539 561 562 618 627 665 702 714 722 733 772 792 826 852 859 933
Iter#8586 New set #2 of size 34 (4293.0 its/hit = 0.000s/hit): seed=13541056892017928094 [55, 91, 102, 110, 222, 253, 270, 290, 293, 311, 314, 368, 390, 400, 418, 489, 492, 493, 539, 561, 562, 618, 627, 665, 702, 714, 722, 733, 772, 792, 826, 852, 859, 933]
logs_monomial/n10_monomialSqrt.txt.bz2.greedyext.20260223_083632.txt

37 38 47 119 186 231 376 406 426 459 475 479 500 502 534 538 599 601 647 673 690 691 721 732 743 763 786 876 886 920 943 952 989 993
Iter#229286626 New set #30000 of size 34 (7642.9 its/hit = 0.187s/hit): seed=466997369863096849 [37, 38, 47, 119, 186, 231, 376, 406, 426, 459, 475, 479, 500, 502, 534, 538, 599, 601, 647, 673, 690, 691, 721, 732, 743, 763, 786, 876, 886, 920, 943, 952, 989, 993]
logs_monomial/n10_monomialSqrt.txt.bz2.greedyext.20260222_000855.txt

11 40 58 115 186 218 229 251 315 327 328 387 397 414 420 433 477 489 516 593 610 614 655 663 714 718 732 762 780 787 842 906 909 936
Iter#54397 New set #8 of size 34 (6799.6 its/hit = 0.125s/hit): seed=162520979952868912 [11, 40, 58, 115, 186, 218, 229, 251, 315, 327, 328, 387, 397, 414, 420, 433, 477, 489, 516, 593, 610, 614, 655, 663, 714, 718, 732, 762, 780, 787, 842, 906, 909, 936]
logs_monomial/n10_monomialSqrt.txt.bz2.greedyext.20260220_210834.txt

14 35 41 51 81 107 173 222 243 295 301 314 320 327 348 366 414 422 466 468 521 604 607 643 650 659 694 779 813 824 836 838 869 1001
Iter#31563 New set #8 of size 34 (3945.4 its/hit = 0.000s/hit): seed=8591188958110927104 [14, 35, 41, 51, 81, 107, 173, 222, 243, 295, 301, 314, 320, 327, 348, 366, 414, 422, 466, 468, 521, 604, 607, 643, 650, 659, 694, 779, 813, 824, 836, 838, 869, 1001]
logs_monomial/n10_monomialSqrt.txt.bz2.greedyext.20260223_083631.txt

25 67 98 102 208 228 247 298 365 381 405 413 423 469 501 506 529 585 590 621 636 664 671 726 733 799 804 822 828 848 853 873 893 1017
Iter#38504 New set #7 of size 34 (5500.6 its/hit = 0.143s/hit): seed=12490107965878741949 [25, 67, 98, 102, 208, 228, 247, 298, 365, 381, 405, 413, 423, 469, 501, 506, 529, 585, 590, 621, 636, 664, 671, 726, 733, 799, 804, 822, 828, 848, 853, 873, 893, 1017]
logs_monomial/n10_monomialSqrt.txt.bz2.greedyext.20260223_083632.txt

13 23 84 86 152 240 270 297 322 347 461 503 507 510 553 606 627 641 664 668 680 696 740 748 797 828 858 868 886 942 989 998 1004 1016
Iter#53356957 New set #7000 of size 34 (7622.4 its/hit = 0.183s/hit): seed=11000121485757028101 [13, 23, 84, 86, 152, 240, 270, 297, 322, 347, 461, 503, 507, 510, 553, 606, 627, 641, 664, 668, 680, 696, 740, 748, 797, 828, 858, 868, 886, 942, 989, 998, 1004, 1016]
logs_monomial/n10_monomialSqrt.txt.bz2.greedyext.20260220_210834.txt

74 98 108 125 133 137 191 213 249 278 291 296 305 344 359 369 381 399 467 471 517 634 667 697 719 730 750 801 803 837 844 937 972 1018
Iter#2033017 New set #300 of size 34 (6776.7 its/hit = 0.160s/hit): seed=3510183078015601902 [74, 98, 108, 125, 133, 137, 191, 213, 249, 278, 291, 296, 305, 344, 359, 369, 381, 399, 467, 471, 517, 634, 667, 697, 719, 730, 750, 801, 803, 837, 844, 937, 972, 1018]
logs_monomial/n10_monomialSqrt.txt.bz2.greedyext.20260220_210834.txt

96 101 114 116 125 208 227 255 275 309 311 330 351 415 423 489 496 499 629 649 701 718 783 786 801 865 874 896 904 915 936 978 982 1003
Iter#327695 New set #40 of size 34 (8192.4 its/hit = 0.325s/hit): seed=13320422399217600295 [96, 101, 114, 116, 125, 208, 227, 255, 275, 309, 311, 330, 351, 415, 423, 489, 496, 499, 629, 649, 701, 718, 783, 786, 801, 865, 874, 896, 904, 915, 936, 978, 982, 1003]
logs_monomial/n10_monomialSqrt.txt.bz2.greedyext.20260223_083633.txt

14 40 78 106 107 139 154 336 393 419 443 484 513 528 539 568 583 592 614 623 665 676 717 816 818 821 829 830 843 899 953 984 1007 1011
Iter#20240 New set #4 of size 34 (5060.0 its/hit = 0.000s/hit): seed=2379229306040450589 [14, 40, 78, 106, 107, 139, 154, 336, 393, 419, 443, 484, 513, 528, 539, 568, 583, 592, 614, 623, 665, 676, 717, 816, 818, 821, 829, 830, 843, 899, 953, 984, 1007, 1011]
logs_monomial/n10_monomialSqrt.txt.bz2.greedyext.20260220_210834.txt

10 20 45 135 137 146 163 170 185 209 214 277 279 287 393 449 488 493 513 529 580 630 635 660 675 704 710 774 792 822 823 881 912 990
Iter#283414 New set #50 of size 34 (5668.3 its/hit = 0.120s/hit): seed=4106254127272855548 [10, 20, 45, 135, 137, 146, 163, 170, 185, 209, 214, 277, 279, 287, 393, 449, 488, 493, 513, 529, 580, 630, 635, 660, 675, 704, 710, 774, 792, 822, 823, 881, 912, 990]
logs_monomial/n10_monomialSqrt.txt.bz2.greedyext.20260220_210834.txt

13 17 31 118 137 158 201 226 242 447 450 457 461 494 531 532 537 548 551 569 620 637 644 684 685 693 755 778 875 912 930 950 977 1006
Iter#344867 New set #60 of size 34 (5747.8 its/hit = 0.133s/hit): seed=16550886671114368510 [13, 17, 31, 118, 137, 158, 201, 226, 242, 447, 450, 457, 461, 494, 531, 532, 537, 548, 551, 569, 620, 637, 644, 684, 685, 693, 755, 778, 875, 912, 930, 950, 977, 1006]
logs_monomial/n10_monomialSqrt.txt.bz2.greedyext.20260220_210834.txt

16 65 93 216 248 319 329 344 356 357 371 419 438 472 548 558 633 647 650 674 706 773 774 786 793 824 875 888 891 905 934 973 1007 1014
Iter#22884690 New set #3000 of size 34 (7628.2 its/hit = 0.186s/hit): seed=16369424332458170190 [16, 65, 93, 216, 248, 319, 329, 344, 356, 357, 371, 419, 438, 472, 548, 558, 633, 647, 650, 674, 706, 773, 774, 786, 793, 824, 875, 888, 891, 905, 934, 973, 1007, 1014]
logs_monomial/n10_monomialSqrt.txt.bz2.greedyext.20260222_000855.txt

7 20 23 84 105 106 117 126 131 154 161 202 229 277 322 328 430 462 486 491 520 521 543 549 564 595 692 719 730 813 817 892 916 948
Iter#25882 New set #7 of size 34 (3697.4 its/hit = 0.000s/hit): seed=2473623881092035701 [7, 20, 23, 84, 105, 106, 117, 126, 131, 154, 161, 202, 229, 277, 322, 328, 430, 462, 486, 491, 520, 521, 543, 549, 564, 595, 692, 719, 730, 813, 817, 892, 916, 948]
logs_monomial/n10_monomialSqrt.txt.bz2.greedyext.20260223_083631.txt

18 49 151 162 170 251 288 289 293 330 348 366 444 450 489 494 502 507 518 529 542 597 626 678 703 727 765 766 873 919 920 968 980 1014
Iter#642858 New set #80 of size 34 (8035.7 its/hit = 0.188s/hit): seed=8998869354252778727 [18, 49, 151, 162, 170, 251, 288, 289, 293, 330, 348, 366, 444, 450, 489, 494, 502, 507, 518, 529, 542, 597, 626, 678, 703, 727, 765, 766, 873, 919, 920, 968, 980, 1014]
logs_monomial/n10_monomialSqrt.txt.bz2.greedyext.20260222_000855.txt

34 45 53 65 102 140 149 205 206 228 346 420 427 453 487 507 514 545 657 665 676 712 786 787 790 861 879 889 911 965 968 986 989 1009
Iter#6744317 New set #900 of size 34 (7493.7 its/hit = 0.180s/hit): seed=18179438168208930241 [34, 45, 53, 65, 102, 140, 149, 205, 206, 228, 346, 420, 427, 453, 487, 507, 514, 545, 657, 665, 676, 712, 786, 787, 790, 861, 879, 889, 911, 965, 968, 986, 989, 1009]
logs_monomial/n10_monomialSqrt.txt.bz2.greedyext.20260220_210834.txt

2 3 44 50 69 164 234 293 309 322 335 368 407 416 498 500 545 547 555 701 729 732 757 793 800 830 909 919 926 934 947 957 994 997
Iter#30771342 New set #4000 of size 34 (7692.8 its/hit = 0.185s/hit): seed=11022673184270870541 [2, 3, 44, 50, 69, 164, 234, 293, 309, 322, 335, 368, 407, 416, 498, 500, 545, 547, 555, 701, 729, 732, 757, 793, 800, 830, 909, 919, 926, 934, 947, 957, 994, 997]
logs_monomial/n10_monomialSqrt.txt.bz2.greedyext.20260220_210834.txt

49 73 76 105 170 183 196 219 237 277 288 337 367 495 524 527 532 536 547 555 557 616 653 695 740 747 760 797 867 908 930 948 985 996
Iter#334167 New set #40 of size 34 (8354.2 its/hit = 0.200s/hit): seed=18375425643685142036 [49, 73, 76, 105, 170, 183, 196, 219, 237, 277, 288, 337, 367, 495, 524, 527, 532, 536, 547, 555, 557, 616, 653, 695, 740, 747, 760, 797, 867, 908, 930, 948, 985, 996]
logs_monomial/n10_monomialSqrt.txt.bz2.greedyext.20260222_000855.txt

33 42 99 100 128 145 178 181 237 261 385 405 425 428 448 458 472 483 523 536 556 666 670 703 741 774 777 809 859 865 873 897 913 982
Iter#3362 New set #1 of size 34 (3362.0 its/hit = 0.000s/hit): seed=18145333718336405360 [33, 42, 99, 100, 128, 145, 178, 181, 237, 261, 385, 405, 425, 428, 448, 458, 472, 483, 523, 536, 556, 666, 670, 703, 741, 774, 777, 809, 859, 865, 873, 897, 913, 982]
logs_monomial/n10_monomialSqrt.txt.bz2.greedyext.20260223_083631.txt

10 13 21 24 33 95 141 169 191 194 195 198 280 321 329 372 466 497 533 555 567 628 635 650 797 798 820 837 860 913 950 997 1010 1021
Iter#654616 New set #80 of size 34 (8182.7 its/hit = 0.388s/hit): seed=17141303014408248810 [10, 13, 21, 24, 33, 95, 141, 169, 191, 194, 195, 198, 280, 321, 329, 372, 466, 497, 533, 555, 567, 628, 635, 650, 797, 798, 820, 837, 860, 913, 950, 997, 1010, 1021]
logs_monomial/n10_monomialSqrt.txt.bz2.greedyext.20260223_083633.txt

48 71 106 129 133 152 161 177 245 253 260 293 323 367 381 439 452 481 501 511 526 532 589 591 641 745 791 816 834 859 980 994 999 1006
Iter#38622961 New set #5000 of size 34 (7724.6 its/hit = 0.186s/hit): seed=7775563979078019281 [48, 71, 106, 129, 133, 152, 161, 177, 245, 253, 260, 293, 323, 367, 381, 439, 452, 481, 501, 511, 526, 532, 589, 591, 641, 745, 791, 816, 834, 859, 980, 994, 999, 1006]
logs_monomial/n10_monomialSqrt.txt.bz2.greedyext.20260220_210834.txt

29 48 110 146 168 205 224 234 240 273 279 349 357 387 388 415 429 484 494 505 576 585 592 629 668 671 714 810 901 903 934 968 1006 1019
Iter#706321 New set #90 of size 34 (7848.0 its/hit = 0.367s/hit): seed=15058905552370387017 [29, 48, 110, 146, 168, 205, 224, 234, 240, 273, 279, 349, 357, 387, 388, 415, 429, 484, 494, 505, 576, 585, 592, 629, 668, 671, 714, 810, 901, 903, 934, 968, 1006, 1019]
logs_monomial/n10_monomialSqrt.txt.bz2.greedyext.20260223_083633.txt

66 83 150 178 179 214 240 316 337 355 379 392 533 577 636 648 671 695 702 707 712 729 736 768 811 823 859 865 915 997 998 1000 1002 1005
Iter#5317886 New set #700 of size 34 (7597.0 its/hit = 0.276s/hit): seed=18441711902057865055 [66, 83, 150, 178, 179, 214, 240, 316, 337, 355, 379, 392, 533, 577, 636, 648, 671, 695, 702, 707, 712, 729, 736, 768, 811, 823, 859, 865, 915, 997, 998, 1000, 1002, 1005]
logs_monomial/n10_monomialSqrt.txt.bz2.greedyext.20260223_083631.txt

39 63 69 125 162 225 273 352 372 385 398 399 431 437 446 472 547 566 598 642 651 656 693 705 735 756 854 874 922 944 946 950 1014 1019
Iter#68479279 New set #9000 of size 34 (7608.8 its/hit = 0.183s/hit): seed=17379097782396400126 [39, 63, 69, 125, 162, 225, 273, 352, 372, 385, 398, 399, 431, 437, 446, 472, 547, 566, 598, 642, 651, 656, 693, 705, 735, 756, 854, 874, 922, 944, 946, 950, 1014, 1019]
logs_monomial/n10_monomialSqrt.txt.bz2.greedyext.20260220_210834.txt

3 24 31 49 101 114 120 139 141 193 249 270 308 337 364 374 380 385 428 498 537 539 570 596 615 626 694 768 771 854 972 981 988 1001
Iter#14551 New set #1 of size 34 (14551.0 its/hit = 0.000s/hit): seed=718956830995214508 [3, 24, 31, 49, 101, 114, 120, 139, 141, 193, 249, 270, 308, 337, 364, 374, 380, 385, 428, 498, 537, 539, 570, 596, 615, 626, 694, 768, 771, 854, 972, 981, 988, 1001]
logs_monomial/n10_monomialSqrt.txt.bz2.greedyext.20260223_083633.txt

2 88 117 131 147 170 179 183 199 207 279 310 335 349 369 389 455 461 467 502 550 572 637 639 691 731 770 805 873 880 976 981 988 998
Iter#2287124 New set #300 of size 34 (7623.7 its/hit = 0.183s/hit): seed=3487833113351656549 [2, 88, 117, 131, 147, 170, 179, 183, 199, 207, 279, 310, 335, 349, 369, 389, 455, 461, 467, 502, 550, 572, 637, 639, 691, 731, 770, 805, 873, 880, 976, 981, 988, 998]
logs_monomial/n10_monomialSqrt.txt.bz2.greedyext.20260222_000855.txt

5 17 27 32 83 139 153 167 193 224 273 281 325 341 353 357 380 398 419 468 515 518 522 560 678 703 724 755 781 869 937 939 1002 1008
Iter#6940582 New set #900 of size 34 (7711.8 its/hit = 0.187s/hit): seed=126527826934293923 [5, 17, 27, 32, 83, 139, 153, 167, 193, 224, 273, 281, 325, 341, 353, 357, 380, 398, 419, 468, 515, 518, 522, 560, 678, 703, 724, 755, 781, 869, 937, 939, 1002, 1008]
logs_monomial/n10_monomialSqrt.txt.bz2.greedyext.20260222_000855.txt

19 33 41 65 78 97 158 201 217 323 336 356 429 466 470 503 589 642 648 656 683 713 733 737 740 811 812 866 873 933 968 985 1018 1021
Iter#21997 New set #5 of size 34 (4399.4 its/hit = 0.000s/hit): seed=13087274603307119568 [19, 33, 41, 65, 78, 97, 158, 201, 217, 323, 336, 356, 429, 466, 470, 503, 589, 642, 648, 656, 683, 713, 733, 737, 740, 811, 812, 866, 873, 933, 968, 985, 1018, 1021]
logs_monomial/n10_monomialSqrt.txt.bz2.greedyext.20260220_210834.txt

7 103 169 208 253 271 274 276 324 381 482 495 521 546 552 557 576 613 620 627 642 650 656 658 680 684 753 801 857 895 914 934 1012 1013
Iter#115667 New set #20 of size 34 (5783.4 its/hit = 0.100s/hit): seed=10349568957060814629 [7, 103, 169, 208, 253, 271, 274, 276, 324, 381, 482, 495, 521, 546, 552, 557, 576, 613, 620, 627, 642, 650, 656, 658, 680, 684, 753, 801, 857, 895, 914, 934, 1012, 1013]
logs_monomial/n10_monomialSqrt.txt.bz2.greedyext.20260220_210834.txt

10 112 115 134 170 218 260 271 371 391 493 504 522 532 539 549 562 631 684 707 728 761 786 821 831 895 900 916 920 975 986 988 1002 1010
Iter#153160663 New set #20000 of size 34 (7658.0 its/hit = 0.187s/hit): seed=18078925370190193677 [10, 112, 115, 134, 170, 218, 260, 271, 371, 391, 493, 504, 522, 532, 539, 549, 562, 631, 684, 707, 728, 761, 786, 821, 831, 895, 900, 916, 920, 975, 986, 988, 1002, 1010]
logs_monomial/n10_monomialSqrt.txt.bz2.greedyext.20260222_000855.txt

1 95 114 133 143 159 162 199 253 266 306 376 382 385 395 406 450 491 492 496 538 550 559 575 677 752 755 837 897 916 935 969 1000 1002
Iter#480532 New set #70 of size 34 (6864.7 its/hit = 0.257s/hit): seed=3497667305371072143 [1, 95, 114, 133, 143, 159, 162, 199, 253, 266, 306, 376, 382, 385, 395, 406, 450, 491, 492, 496, 538, 550, 559, 575, 677, 752, 755, 837, 897, 916, 935, 969, 1000, 1002]
logs_monomial/n10_monomialSqrt.txt.bz2.greedyext.20260223_083631.txt

1 40 43 105 112 131 164 199 200 208 258 286 288 321 334 447 557 577 628 636 708 743 788 800 813 824 831 874 906 924 952 1011 1014 1015
Iter#29806 New set #5 of size 34 (5961.2 its/hit = 0.200s/hit): seed=3754774993945266758 [1, 40, 43, 105, 112, 131, 164, 199, 200, 208, 258, 286, 288, 321, 334, 447, 557, 577, 628, 636, 708, 743, 788, 800, 813, 824, 831, 874, 906, 924, 952, 1011, 1014, 1015]
logs_monomial/n10_monomialSqrt.txt.bz2.greedyext.20260223_083632.txt

23 89 129 159 176 177 246 275 292 321 327 390 406 451 497 508 526 582 618 623 656 658 664 768 782 789 804 813 830 849 854 909 915 938
Iter#5324019 New set #700 of size 34 (7605.7 its/hit = 0.181s/hit): seed=6305700065830658930 [23, 89, 129, 159, 176, 177, 246, 275, 292, 321, 327, 390, 406, 451, 497, 508, 526, 582, 618, 623, 656, 658, 664, 768, 782, 789, 804, 813, 830, 849, 854, 909, 915, 938]
logs_monomial/n10_monomialSqrt.txt.bz2.greedyext.20260220_210834.txt

54 69 96 116 126 133 164 194 238 252 256 260 281 288 304 372 380 433 454 491 597 611 614 623 662 689 707 730 768 872 911 917 972 974
Iter#3861 New set #1 of size 34 (3861.0 its/hit = 0.000s/hit): seed=197917951159995266 [54, 69, 96, 116, 126, 133, 164, 194, 238, 252, 256, 260, 281, 288, 304, 372, 380, 433, 454, 491, 597, 611, 614, 623, 662, 689, 707, 730, 768, 872, 911, 917, 972, 974]
logs_monomial/n10_monomialSqrt.txt.bz2.greedyext.20260220_210834.txt

11 27 58 61 74 75 146 148 166 183 191 205 261 282 286 319 338 345 458 463 473 480 521 609 647 650 690 724 910 912 924 948 958 1009
Iter#45911166 New set #6000 of size 34 (7651.9 its/hit = 0.184s/hit): seed=4328139951118380551 [11, 27, 58, 61, 74, 75, 146, 148, 166, 183, 191, 205, 261, 282, 286, 319, 338, 345, 458, 463, 473, 480, 521, 609, 647, 650, 690, 724, 910, 912, 924, 948, 958, 1009]
logs_monomial/n10_monomialSqrt.txt.bz2.greedyext.20260220_210834.txt

10 13 20 34 56 81 111 177 190 201 245 266 325 391 395 484 553 564 607 662 678 742 751 815 830 862 893 902 917 924 926 968 970 1017
Iter#4581120 New set #600 of size 34 (7635.2 its/hit = 0.318s/hit): seed=7081527422322069238 [10, 13, 20, 34, 56, 81, 111, 177, 190, 201, 245, 266, 325, 391, 395, 484, 553, 564, 607, 662, 678, 742, 751, 815, 830, 862, 893, 902, 917, 924, 926, 968, 970, 1017]
logs_monomial/n10_monomialSqrt.txt.bz2.greedyext.20260223_083632.txt

0 17 68 89 90 100 105 110 142 200 208 209 249 278 375 403 428 459 479 493 523 610 620 624 655 671 692 739 756 915 944 948 959 962
Iter#6222 New set #2 of size 34 (3111.0 its/hit = 0.000s/hit): seed=11644897148406778145 [0, 17, 68, 89, 90, 100, 105, 110, 142, 200, 208, 209, 249, 278, 375, 403, 428, 459, 479, 493, 523, 610, 620, 624, 655, 671, 692, 739, 756, 915, 944, 948, 959, 962]
logs_monomial/n10_monomialSqrt.txt.bz2.greedyext.20260220_210834.txt

2 3 21 47 62 89 190 197 208 295 315 374 414 446 525 541 542 606 608 611 628 639 649 656 683 704 751 799 834 840 932 964 993 1004
Iter#405426 New set #50 of size 34 (8108.5 its/hit = 0.180s/hit): seed=16337937828030196898 [2, 3, 21, 47, 62, 89, 190, 197, 208, 295, 315, 374, 414, 446, 525, 541, 542, 606, 608, 611, 628, 639, 649, 656, 683, 704, 751, 799, 834, 840, 932, 964, 993, 1004]
logs_monomial/n10_monomialSqrt.txt.bz2.greedyext.20260222_000855.txt

38 59 74 85 124 160 216 221 248 382 388 433 448 510 540 550 617 629 634 645 649 669 670 690 698 700 761 797 805 819 840 885 908 1010
Iter#741997 New set #100 of size 34 (7420.0 its/hit = 0.270s/hit): seed=8687813381102735670 [38, 59, 74, 85, 124, 160, 216, 221, 248, 382, 388, 433, 448, 510, 540, 550, 617, 629, 634, 645, 649, 669, 670, 690, 698, 700, 761, 797, 805, 819, 840, 885, 908, 1010]
logs_monomial/n10_monomialSqrt.txt.bz2.greedyext.20260223_083631.txt

33 53 65 101 125 128 166 172 191 242 262 270 312 332 384 406 534 538 569 585 588 595 604 638 680 757 772 804 838 840 847 927 932 934
Iter#5315344 New set #700 of size 34 (7593.3 its/hit = 0.323s/hit): seed=9748014033748960440 [33, 53, 65, 101, 125, 128, 166, 172, 191, 242, 262, 270, 312, 332, 384, 406, 534, 538, 569, 585, 588, 595, 604, 638, 680, 757, 772, 804, 838, 840, 847, 927, 932, 934]
logs_monomial/n10_monomialSqrt.txt.bz2.greedyext.20260223_083632.txt

26 27 41 95 137 198 215 236 275 282 307 309 312 332 352 354 437 457 463 468 481 503 538 577 602 641 715 721 784 808 823 906 909 921
Iter#28550 New set #4 of size 34 (7137.5 its/hit = 0.250s/hit): seed=13695337409326087229 [26, 27, 41, 95, 137, 198, 215, 236, 275, 282, 307, 309, 312, 332, 352, 354, 437, 457, 463, 468, 481, 503, 538, 577, 602, 641, 715, 721, 784, 808, 823, 906, 909, 921]
logs_monomial/n10_monomialSqrt.txt.bz2.greedyext.20260223_083632.txt

41 93 99 107 229 243 256 280 292 324 336 407 451 457 474 485 547 554 557 577 609 705 707 762 795 809 812 822 825 860 883 895 912 973
Iter#40868 New set #5 of size 34 (8173.6 its/hit = 0.400s/hit): seed=15015718683303492487 [41, 93, 99, 107, 229, 243, 256, 280, 292, 324, 336, 407, 451, 457, 474, 485, 547, 554, 557, 577, 609, 705, 707, 762, 795, 809, 812, 822, 825, 860, 883, 895, 912, 973]
logs_monomial/n10_monomialSqrt.txt.bz2.greedyext.20260223_083633.txt

7 75 92 93 96 113 142 155 224 296 357 377 448 480 512 545 554 573 574 576 579 595 670 689 718 727 757 790 796 833 922 946 959 1018
Iter#292638 New set #40 of size 34 (7316.0 its/hit = 0.300s/hit): seed=8628957171196459221 [7, 75, 92, 93, 96, 113, 142, 155, 224, 296, 357, 377, 448, 480, 512, 545, 554, 573, 574, 576, 579, 595, 670, 689, 718, 727, 757, 790, 796, 833, 922, 946, 959, 1018]
logs_monomial/n10_monomialSqrt.txt.bz2.greedyext.20260223_083632.txt

0 83 120 123 153 267 290 312 421 423 432 436 440 441 455 465 480 485 561 577 632 658 696 709 757 828 854 874 889 958 962 976 1012 1023
Iter#52456 New set #9 of size 34 (5828.4 its/hit = 0.111s/hit): seed=403925581728849676 [0, 83, 120, 123, 153, 267, 290, 312, 421, 423, 432, 436, 440, 441, 455, 465, 480, 485, 561, 577, 632, 658, 696, 709, 757, 828, 854, 874, 889, 958, 962, 976, 1012, 1023]
logs_monomial/n10_monomialSqrt.txt.bz2.greedyext.20260222_000855.txt

2 19 46 47 56 116 147 232 253 266 278 347 403 435 544 560 563 589 590 594 601 627 646 676 701 706 749 818 869 879 905 961 972 1001
Iter#4075482 New set #500 of size 34 (8151.0 its/hit = 0.306s/hit): seed=2495686262499283911 [2, 19, 46, 47, 56, 116, 147, 232, 253, 266, 278, 347, 403, 435, 544, 560, 563, 589, 590, 594, 601, 627, 646, 676, 701, 706, 749, 818, 869, 879, 905, 961, 972, 1001]
logs_monomial/n10_monomialSqrt.txt.bz2.greedyext.20260223_083633.txt

6 50 117 206 275 296 307 315 336 361 365 410 425 436 465 474 580 600 619 710 713 719 731 734 796 804 840 843 850 908 910 936 996 1009
Iter#43535 New set #7 of size 34 (6219.3 its/hit = 0.286s/hit): seed=12931196867261681319 [6, 50, 117, 206, 275, 296, 307, 315, 336, 361, 365, 410, 425, 436, 465, 474, 580, 600, 619, 710, 713, 719, 731, 734, 796, 804, 840, 843, 850, 908, 910, 936, 996, 1009]
logs_monomial/n10_monomialSqrt.txt.bz2.greedyext.20260223_083633.txt

14 32 57 59 76 94 115 130 160 182 191 240 243 282 434 456 475 505 534 591 736 740 746 762 764 807 816 862 870 902 921 937 1010 1021
Iter#2389955 New set #300 of size 34 (7966.5 its/hit = 0.310s/hit): seed=16679756375982979011 [14, 32, 57, 59, 76, 94, 115, 130, 160, 182, 191, 240, 243, 282, 434, 456, 475, 505, 534, 591, 736, 740, 746, 762, 764, 807, 816, 862, 870, 902, 921, 937, 1010, 1021]
logs_monomial/n10_monomialSqrt.txt.bz2.greedyext.20260223_083633.txt

52 54 62 168 201 204 224 268 299 309 386 395 408 422 424 435 496 503 534 535 551 569 592 689 767 800 816 855 858 869 898 949 993 999
Iter#7691167 New set #1000 of size 34 (7691.2 its/hit = 0.186s/hit): seed=7303914294313370740 [52, 54, 62, 168, 201, 204, 224, 268, 299, 309, 386, 395, 408, 422, 424, 435, 496, 503, 534, 535, 551, 569, 592, 689, 767, 800, 816, 855, 858, 869, 898, 949, 993, 999]
logs_monomial/n10_monomialSqrt.txt.bz2.greedyext.20260222_000855.txt

20 80 103 162 262 308 312 318 320 334 448 483 488 500 541 545 561 606 616 627 655 685 690 754 770 784 787 788 835 862 880 907 948 1001
Iter#681021 New set #100 of size 34 (6810.2 its/hit = 0.160s/hit): seed=3553222173477565085 [20, 80, 103, 162, 262, 308, 312, 318, 320, 334, 448, 483, 488, 500, 541, 545, 561, 606, 616, 627, 655, 685, 690, 754, 770, 784, 787, 788, 835, 862, 880, 907, 948, 1001]
logs_monomial/n10_monomialSqrt.txt.bz2.greedyext.20260220_210834.txt

14 50 69 74 148 170 195 217 239 241 246 287 368 380 446 497 532 541 605 621 676 719 722 770 817 819 869 871 878 893 902 933 965 980
Iter#3825001 New set #500 of size 34 (7650.0 its/hit = 0.182s/hit): seed=3566958905111067309 [14, 50, 69, 74, 148, 170, 195, 217, 239, 241, 246, 287, 368, 380, 446, 497, 532, 541, 605, 621, 676, 719, 722, 770, 817, 819, 869, 871, 878, 893, 902, 933, 965, 980]
logs_monomial/n10_monomialSqrt.txt.bz2.greedyext.20260220_210834.txt

19 28 60 78 116 124 132 148 195 269 286 313 395 399 426 496 528 640 660 697 700 717 725 735 758 820 831 881 886 900 917 928 935 1016
Iter#4724544 New set #600 of size 34 (7874.2 its/hit = 0.190s/hit): seed=5072410717523637684 [19, 28, 60, 78, 116, 124, 132, 148, 195, 269, 286, 313, 395, 399, 426, 496, 528, 640, 660, 697, 700, 717, 725, 735, 758, 820, 831, 881, 886, 900, 917, 928, 935, 1016]
logs_monomial/n10_monomialSqrt.txt.bz2.greedyext.20260222_000855.txt

34 54 83 154 195 204 205 237 247 252 263 319 357 381 419 480 532 552 692 697 728 752 754 756 788 865 884 899 925 950 960 969 978 1015
Iter#53022 New set #9 of size 34 (5891.3 its/hit = 0.111s/hit): seed=3236913345554797885 [34, 54, 83, 154, 195, 204, 205, 237, 247, 252, 263, 319, 357, 381, 419, 480, 532, 552, 692, 697, 728, 752, 754, 756, 788, 865, 884, 899, 925, 950, 960, 969, 978, 1015]
logs_monomial/n10_monomialSqrt.txt.bz2.greedyext.20260223_083631.txt

25 32 62 141 151 158 166 179 189 226 229 289 291 299 445 473 476 501 549 565 578 591 624 663 672 754 756 770 771 812 818 837 932 1002
Iter#15752 New set #2 of size 34 (7876.0 its/hit = 0.000s/hit): seed=14618104314237693587 [25, 32, 62, 141, 151, 158, 166, 179, 189, 226, 229, 289, 291, 299, 445, 473, 476, 501, 549, 565, 578, 591, 624, 663, 672, 754, 756, 770, 771, 812, 818, 837, 932, 1002]
logs_monomial/n10_monomialSqrt.txt.bz2.greedyext.20260223_083633.txt

62 110 116 165 229 254 294 306 309 392 407 431 566 595 616 633 662 676 677 736 778 840 862 875 880 886 903 906 908 933 940 989 991 1011
Iter#142893 New set #20 of size 34 (7144.6 its/hit = 0.300s/hit): seed=6535088050748805105 [62, 110, 116, 165, 229, 254, 294, 306, 309, 392, 407, 431, 566, 595, 616, 633, 662, 676, 677, 736, 778, 840, 862, 875, 880, 886, 903, 906, 908, 933, 940, 989, 991, 1011]
logs_monomial/n10_monomialSqrt.txt.bz2.greedyext.20260223_083633.txt

27 61 69 144 145 194 246 257 264 279 292 326 329 332 365 405 456 460 486 494 500 502 537 544 619 624 630 646 651 771 867 921 948 973
Iter#5497263 New set #700 of size 34 (7853.2 its/hit = 0.190s/hit): seed=14080923000529883296 [27, 61, 69, 144, 145, 194, 246, 257, 264, 279, 292, 326, 329, 332, 365, 405, 456, 460, 486, 494, 500, 502, 537, 544, 619, 624, 630, 646, 651, 771, 867, 921, 948, 973]
logs_monomial/n10_monomialSqrt.txt.bz2.greedyext.20260222_000855.txt

51 100 110 136 192 205 232 289 305 306 332 335 339 344 370 391 421 444 451 492 523 535 602 658 690 771 786 814 815 825 885 914 1001 1020
Iter#61273857 New set #8000 of size 34 (7659.2 its/hit = 0.187s/hit): seed=678536517768702144 [51, 100, 110, 136, 192, 205, 232, 289, 305, 306, 332, 335, 339, 344, 370, 391, 421, 444, 451, 492, 523, 535, 602, 658, 690, 771, 786, 814, 815, 825, 885, 914, 1001, 1020]
logs_monomial/n10_monomialSqrt.txt.bz2.greedyext.20260222_000855.txt

17 26 81 98 127 155 162 166 216 227 240 248 261 446 461 505 559 570 581 583 611 640 643 665 727 751 770 772 781 784 789 911 915 928
Iter#165648 New set #30 of size 34 (5521.6 its/hit = 0.133s/hit): seed=17724858197591257929 [17, 26, 81, 98, 127, 155, 162, 166, 216, 227, 240, 248, 261, 446, 461, 505, 559, 570, 581, 583, 611, 640, 643, 665, 727, 751, 770, 772, 781, 784, 789, 911, 915, 928]
logs_monomial/n10_monomialSqrt.txt.bz2.greedyext.20260220_210834.txt

52 84 154 206 227 289 295 316 334 375 465 476 529 539 542 570 576 598 607 627 667 671 673 675 689 697 706 786 844 874 917 929 966 967
Iter#223925 New set #40 of size 34 (5598.1 its/hit = 0.125s/hit): seed=13393555272731849748 [52, 84, 154, 206, 227, 289, 295, 316, 334, 375, 465, 476, 529, 539, 542, 570, 576, 598, 607, 627, 667, 671, 673, 675, 689, 697, 706, 786, 844, 874, 917, 929, 966, 967]
logs_monomial/n10_monomialSqrt.txt.bz2.greedyext.20260220_210834.txt

2 20 32 37 96 98 113 117 124 125 206 231 253 348 406 445 446 453 519 533 561 570 635 659 687 700 761 768 816 855 893 900 957 1012
Iter#4825 New set #2 of size 34 (2412.5 its/hit = 0.000s/hit): seed=9525474980373747638 [2, 20, 32, 37, 96, 98, 113, 117, 124, 125, 206, 231, 253, 348, 406, 445, 446, 453, 519, 533, 561, 570, 635, 659, 687, 700, 761, 768, 816, 855, 893, 900, 957, 1012]
logs_monomial/n10_monomialSqrt.txt.bz2.greedyext.20260223_083631.txt

0 77 84 94 114 143 151 179 199 211 356 370 446 458 500 508 519 602 652 673 686 699 702 715 740 744 852 854 877 948 954 957 982 1014
Iter#20989 New set #3 of size 34 (6996.3 its/hit = 0.000s/hit): seed=15719893364713020713 [0, 77, 84, 94, 114, 143, 151, 179, 199, 211, 356, 370, 446, 458, 500, 508, 519, 602, 652, 673, 686, 699, 702, 715, 740, 744, 852, 854, 877, 948, 954, 957, 982, 1014]
logs_monomial/n10_monomialSqrt.txt.bz2.greedyext.20260223_083632.txt

12 25 98 133 201 222 223 226 243 322 354 426 487 507 540 563 588 597 631 642 675 680 700 703 705 706 721 792 816 829 888 916 926 963
Iter#696806 New set #90 of size 34 (7742.3 its/hit = 0.189s/hit): seed=4053405043532449486 [12, 25, 98, 133, 201, 222, 223, 226, 243, 322, 354, 426, 487, 507, 540, 563, 588, 597, 631, 642, 675, 680, 700, 703, 705, 706, 721, 792, 816, 829, 888, 916, 926, 963]
logs_monomial/n10_monomialSqrt.txt.bz2.greedyext.20260222_000855.txt

5 44 71 113 148 175 204 281 376 382 396 403 445 449 479 483 531 547 578 579 591 616 617 662 711 735 767 777 894 902 905 912 925 979
Iter#666597 New set #90 of size 34 (7406.6 its/hit = 0.267s/hit): seed=10368444467700465632 [5, 44, 71, 113, 148, 175, 204, 281, 376, 382, 396, 403, 445, 449, 479, 483, 531, 547, 578, 579, 591, 616, 617, 662, 711, 735, 767, 777, 894, 902, 905, 912, 925, 979]
logs_monomial/n10_monomialSqrt.txt.bz2.greedyext.20260223_083631.txt

25 45 65 84 110 115 125 183 184 203 267 277 298 330 387 458 472 507 600 634 637 698 739 764 778 812 826 830 871 895 914 918 929 1012
Iter#57927 New set #10 of size 34 (5792.7 its/hit = 0.300s/hit): seed=15205927638417809239 [25, 45, 65, 84, 110, 115, 125, 183, 184, 203, 267, 277, 298, 330, 387, 458, 472, 507, 600, 634, 637, 698, 739, 764, 778, 812, 826, 830, 871, 895, 914, 918, 929, 1012]
logs_monomial/n10_monomialSqrt.txt.bz2.greedyext.20260223_083633.txt

29 223 279 288 310 318 361 376 399 423 474 491 531 561 584 643 645 646 666 697 702 739 749 761 813 822 832 864 913 915 920 929 950 963
Iter#60916731 New set #8000 of size 34 (7614.6 its/hit = 0.183s/hit): seed=7258928301514009349 [29, 223, 279, 288, 310, 318, 361, 376, 399, 423, 474, 491, 531, 561, 584, 643, 645, 646, 666, 697, 702, 739, 749, 761, 813, 822, 832, 864, 913, 915, 920, 929, 950, 963]
logs_monomial/n10_monomialSqrt.txt.bz2.greedyext.20260220_210834.txt

2 30 60 82 93 163 285 308 311 364 373 415 440 460 468 475 520 547 548 561 572 630 640 662 676 746 747 751 817 861 864 872 984 1019
Iter#20766 New set #4 of size 34 (5191.5 its/hit = 0.000s/hit): seed=9457098804197324221 [2, 30, 60, 82, 93, 163, 285, 308, 311, 364, 373, 415, 440, 460, 468, 475, 520, 547, 548, 561, 572, 630, 640, 662, 676, 746, 747, 751, 817, 861, 864, 872, 984, 1019]
logs_monomial/n10_monomialSqrt.txt.bz2.greedyext.20260222_000855.txt

11 21 44 134 136 147 162 171 184 208 215 276 278 286 392 448 489 492 512 528 581 631 634 661 674 705 711 775 793 822 823 880 913 991
Iter#1933 New set #1 of size 34 (1933.0 its/hit = 0.000s/hit): seed=9089677312340459920 [11, 21, 44, 134, 136, 147, 162, 171, 184, 208, 215, 276, 278, 286, 392, 448, 489, 492, 512, 528, 581, 631, 634, 661, 674, 705, 711, 775, 793, 822, 823, 880, 913, 991]
logs_monomial/n10_monomialSqrt.txt.bz2.greedyext.20260223_083632.txt

63 64 131 161 212 224 245 281 283 374 383 403 448 502 583 598 600 624 645 691 703 707 751 779 786 793 812 839 843 861 866 949 1001 1005
Iter#21840 New set #6 of size 34 (3640.0 its/hit = 0.000s/hit): seed=12935379480039421597 [63, 64, 131, 161, 212, 224, 245, 281, 283, 374, 383, 403, 448, 502, 583, 598, 600, 624, 645, 691, 703, 707, 751, 779, 786, 793, 812, 839, 843, 861, 866, 949, 1001, 1005]
logs_monomial/n10_monomialSqrt.txt.bz2.greedyext.20260223_083631.txt

29 34 49 59 111 168 188 220 224 248 267 285 403 411 421 465 565 616 647 651 676 705 718 721 724 739 770 825 827 921 953 978 981 987
Iter#5871486 New set #700 of size 34 (8387.8 its/hit = 0.333s/hit): seed=9241098530219481063 [29, 34, 49, 59, 111, 168, 188, 220, 224, 248, 267, 285, 403, 411, 421, 465, 565, 616, 647, 651, 676, 705, 718, 721, 724, 739, 770, 825, 827, 921, 953, 978, 981, 987]
logs_monomial/n10_monomialSqrt.txt.bz2.greedyext.20260223_083633.txt

40 111 127 151 159 165 215 247 248 283 321 352 356 466 486 501 541 550 564 574 594 599 619 639 763 787 843 844 879 894 922 925 980 991
Iter#582742 New set #70 of size 34 (8324.9 its/hit = 0.200s/hit): seed=10705385660365327875 [40, 111, 127, 151, 159, 165, 215, 247, 248, 283, 321, 352, 356, 466, 486, 501, 541, 550, 564, 574, 594, 599, 619, 639, 763, 787, 843, 844, 879, 894, 922, 925, 980, 991]
logs_monomial/n10_monomialSqrt.txt.bz2.greedyext.20260222_000855.txt

15 20 57 70 86 122 149 202 213 232 279 292 313 357 371 372 375 398 467 492 512 567 627 709 807 809 851 857 863 865 900 911 915 935
Iter#535860 New set #70 of size 34 (7655.1 its/hit = 0.300s/hit): seed=18301004736675232260 [15, 20, 57, 70, 86, 122, 149, 202, 213, 232, 279, 292, 313, 357, 371, 372, 375, 398, 467, 492, 512, 567, 627, 709, 807, 809, 851, 857, 863, 865, 900, 911, 915, 935]
logs_monomial/n10_monomialSqrt.txt.bz2.greedyext.20260223_083632.txt

14 24 32 72 117 177 207 283 289 327 328 340 385 391 399 416 419 436 440 452 579 652 697 707 765 774 795 833 872 887 925 965 992 997
Iter#35357 New set #6 of size 34 (5892.8 its/hit = 0.000s/hit): seed=4449003778688004579 [14, 24, 32, 72, 117, 177, 207, 283, 289, 327, 328, 340, 385, 391, 399, 416, 419, 436, 440, 452, 579, 652, 697, 707, 765, 774, 795, 833, 872, 887, 925, 965, 992, 997]
logs_monomial/n10_monomialSqrt.txt.bz2.greedyext.20260222_000855.txt

15 57 106 134 143 224 226 268 281 301 344 378 441 454 528 532 588 667 676 690 702 725 736 747 754 790 826 838 842 892 905 929 943 958
Iter#592140 New set #70 of size 34 (8459.1 its/hit = 0.386s/hit): seed=5444699130788502708 [15, 57, 106, 134, 143, 224, 226, 268, 281, 301, 344, 378, 441, 454, 528, 532, 588, 667, 676, 690, 702, 725, 736, 747, 754, 790, 826, 838, 842, 892, 905, 929, 943, 958]
logs_monomial/n10_monomialSqrt.txt.bz2.greedyext.20260223_083633.txt

0 81 114 118 125 289 310 333 349 374 416 430 434 457 521 541 559 593 622 693 724 778 786 787 827 844 902 920 923 934 939 940 962 979
Iter#3872095 New set #500 of size 34 (7744.2 its/hit = 0.188s/hit): seed=14373154499612488687 [0, 81, 114, 118, 125, 289, 310, 333, 349, 374, 416, 430, 434, 457, 521, 541, 559, 593, 622, 693, 724, 778, 786, 787, 827, 844, 902, 920, 923, 934, 939, 940, 962, 979]
logs_monomial/n10_monomialSqrt.txt.bz2.greedyext.20260222_000855.txt

32 36 40 41 53 55 65 87 112 117 155 168 178 265 400 451 488 491 558 576 594 612 623 684 710 745 762 770 808 853 869 929 977 1000
Iter#18567 New set #3 of size 34 (6189.0 its/hit = 0.000s/hit): seed=5952608947627788293 [32, 36, 40, 41, 53, 55, 65, 87, 112, 117, 155, 168, 178, 265, 400, 451, 488, 491, 558, 576, 594, 612, 623, 684, 710, 745, 762, 770, 808, 853, 869, 929, 977, 1000]
logs_monomial/n10_monomialSqrt.txt.bz2.greedyext.20260220_210834.txt

0 132 144 169 172 197 207 221 230 292 303 353 358 389 404 432 439 488 515 524 556 606 612 620 644 660 723 782 797 809 923 927 954 992
Iter#7281 New set #2 of size 34 (3640.5 its/hit = 0.000s/hit): seed=18341399981638424193 [0, 132, 144, 169, 172, 197, 207, 221, 230, 292, 303, 353, 358, 389, 404, 432, 439, 488, 515, 524, 556, 606, 612, 620, 644, 660, 723, 782, 797, 809, 923, 927, 954, 992]
logs_monomial/n10_monomialSqrt.txt.bz2.greedyext.20260222_000855.txt

0 20 38 88 103 188 221 259 282 283 306 325 399 401 402 418 421 431 459 474 521 600 628 635 639 808 831 836 852 895 935 937 955 960
Iter#211836 New set #30 of size 34 (7061.2 its/hit = 0.300s/hit): seed=17641878595900742514 [0, 20, 38, 88, 103, 188, 221, 259, 282, 283, 306, 325, 399, 401, 402, 418, 421, 431, 459, 474, 521, 600, 628, 635, 639, 808, 831, 836, 852, 895, 935, 937, 955, 960]
logs_monomial/n10_monomialSqrt.txt.bz2.greedyext.20260223_083631.txt

26 31 51 123 229 231 237 291 292 331 337 344 352 373 379 479 486 504 556 610 643 708 709 746 756 818 820 849 870 900 905 950 995 1011
Iter#497604 New set #60 of size 34 (8293.4 its/hit = 0.367s/hit): seed=3060584644565305163 [26, 31, 51, 123, 229, 231, 237, 291, 292, 331, 337, 344, 352, 373, 379, 479, 486, 504, 556, 610, 643, 708, 709, 746, 756, 818, 820, 849, 870, 900, 905, 950, 995, 1011]
logs_monomial/n10_monomialSqrt.txt.bz2.greedyext.20260223_083633.txt

29 117 168 206 246 251 397 450 456 480 492 498 566 567 577 582 615 631 689 707 715 730 744 750 805 814 835 866 870 889 924 933 947 950
Iter#661288 New set #90 of size 34 (7347.6 its/hit = 0.289s/hit): seed=17300982257995963762 [29, 117, 168, 206, 246, 251, 397, 450, 456, 480, 492, 498, 566, 567, 577, 582, 615, 631, 689, 707, 715, 730, 744, 750, 805, 814, 835, 866, 870, 889, 924, 933, 947, 950]
logs_monomial/n10_monomialSqrt.txt.bz2.greedyext.20260223_083632.txt

39 40 70 100 120 217 271 278 333 334 359 417 430 438 450 485 524 582 587 601 606 626 656 657 661 734 748 762 786 794 807 843 897 930
Iter#61901 New set #9 of size 34 (6877.9 its/hit = 0.111s/hit): seed=13529024314111467096 [39, 40, 70, 100, 120, 217, 271, 278, 333, 334, 359, 417, 430, 438, 450, 485, 524, 582, 587, 601, 606, 626, 656, 657, 661, 734, 748, 762, 786, 794, 807, 843, 897, 930]
logs_monomial/n10_monomialSqrt.txt.bz2.greedyext.20260220_210834.txt

1 15 29 102 142 153 217 226 242 431 466 473 477 510 515 516 521 553 564 567 621 636 660 677 700 701 739 794 891 896 934 946 961 1022
Iter#2198233 New set #300 of size 34 (7327.4 its/hit = 0.247s/hit): seed=3211324071529220026 [1, 15, 29, 102, 142, 153, 217, 226, 242, 431, 466, 473, 477, 510, 515, 516, 521, 553, 564, 567, 621, 636, 660, 677, 700, 701, 739, 794, 891, 896, 934, 946, 961, 1022]
logs_monomial/n10_monomialSqrt.txt.bz2.greedyext.20260223_083631.txt

19 64 77 117 166 206 310 329 343 347 371 377 522 595 597 609 624 632 652 653 716 732 762 765 776 781 798 807 917 926 962 985 989 1016
Iter#35205 New set #7 of size 34 (5029.3 its/hit = 0.000s/hit): seed=61898812432642383 [19, 64, 77, 117, 166, 206, 310, 329, 343, 347, 371, 377, 522, 595, 597, 609, 624, 632, 652, 653, 716, 732, 762, 765, 776, 781, 798, 807, 917, 926, 962, 985, 989, 1016]
logs_monomial/n10_monomialSqrt.txt.bz2.greedyext.20260220_210834.txt

7 32 42 106 129 141 145 201 207 218 231 255 257 270 287 295 304 354 441 461 470 492 529 538 614 658 749 760 799 869 870 915 959 975
Iter#4923050 New set #600 of size 34 (8205.1 its/hit = 0.308s/hit): seed=7150584917528551813 [7, 32, 42, 106, 129, 141, 145, 201, 207, 218, 231, 255, 257, 270, 287, 295, 304, 354, 441, 461, 470, 492, 529, 538, 614, 658, 749, 760, 799, 869, 870, 915, 959, 975]
logs_monomial/n10_monomialSqrt.txt.bz2.greedyext.20260223_083633.txt

11 12 15 29 65 92 111 148 171 246 258 302 318 321 364 375 400 429 434 493 537 545 551 555 593 607 735 747 759 764 779 847 888 957
Iter#134391 New set #20 of size 34 (6719.5 its/hit = 0.250s/hit): seed=9974004866728741418 [11, 12, 15, 29, 65, 92, 111, 148, 171, 246, 258, 302, 318, 321, 364, 375, 400, 429, 434, 493, 537, 545, 551, 555, 593, 607, 735, 747, 759, 764, 779, 847, 888, 957]
logs_monomial/n10_monomialSqrt.txt.bz2.greedyext.20260223_083631.txt

26 65 90 129 203 209 272 296 311 394 397 409 538 539 553 607 649 710 727 748 787 794 819 821 824 844 864 866 949 969 975 980 993 1015
Iter#541430 New set #80 of size 34 (6767.9 its/hit = 0.250s/hit): seed=788376501393852413 [26, 65, 90, 129, 203, 209, 272, 296, 311, 394, 397, 409, 538, 539, 553, 607, 649, 710, 727, 748, 787, 794, 819, 821, 824, 844, 864, 866, 949, 969, 975, 980, 993, 1015]
logs_monomial/n10_monomialSqrt.txt.bz2.greedyext.20260223_083631.txt

12 40 59 74 145 186 247 255 285 296 301 395 406 423 426 431 455 488 533 554 555 679 716 722 788 807 809 830 838 858 864 867 910 998
Iter#45871446 New set #6000 of size 34 (7645.2 its/hit = 0.187s/hit): seed=1979803269109847406 [12, 40, 59, 74, 145, 186, 247, 255, 285, 296, 301, 395, 406, 423, 426, 431, 455, 488, 533, 554, 555, 679, 716, 722, 788, 807, 809, 830, 838, 858, 864, 867, 910, 998]
logs_monomial/n10_monomialSqrt.txt.bz2.greedyext.20260222_000855.txt

44 59 64 80 123 163 173 191 196 269 348 368 379 383 519 542 543 566 577 651 661 662 673 678 683 719 734 772 784 802 860 867 952 985
Iter#4557529 New set #600 of size 34 (7595.9 its/hit = 0.277s/hit): seed=3793306066494656386 [44, 59, 64, 80, 123, 163, 173, 191, 196, 269, 348, 368, 379, 383, 519, 542, 543, 566, 577, 651, 661, 662, 673, 678, 683, 719, 734, 772, 784, 802, 860, 867, 952, 985]
logs_monomial/n10_monomialSqrt.txt.bz2.greedyext.20260223_083631.txt

28 107 177 228 235 242 255 266 267 288 289 301 321 369 413 421 445 500 538 540 635 641 675 701 735 750 753 787 805 846 871 942 973 1014
Iter#11921 New set #3 of size 34 (3973.7 its/hit = 0.000s/hit): seed=6105518815989277879 [28, 107, 177, 228, 235, 242, 255, 266, 267, 288, 289, 301, 321, 369, 413, 421, 445, 500, 538, 540, 635, 641, 675, 701, 735, 750, 753, 787, 805, 846, 871, 942, 973, 1014]
logs_monomial/n10_monomialSqrt.txt.bz2.greedyext.20260222_000855.txt

91 123 179 226 254 256 277 379 412 454 455 464 490 507 513 548 553 609 647 653 730 773 810 844 853 878 923 933 934 945 954 968 984 987
Iter#3766171 New set #500 of size 34 (7532.3 its/hit = 0.276s/hit): seed=6934089441391563231 [91, 123, 179, 226, 254, 256, 277, 379, 412, 454, 455, 464, 490, 507, 513, 548, 553, 609, 647, 653, 730, 773, 810, 844, 853, 878, 923, 933, 934, 945, 954, 968, 984, 987]
logs_monomial/n10_monomialSqrt.txt.bz2.greedyext.20260223_083631.txt

30 35 39 93 102 117 125 148 159 212 231 250 315 328 380 384 517 518 540 594 618 682 703 704 706 742 778 790 805 897 903 904 912 917
Iter#4332 New set #1 of size 34 (4332.0 its/hit = 0.000s/hit): seed=11096335721316458566 [30, 35, 39, 93, 102, 117, 125, 148, 159, 212, 231, 250, 315, 328, 380, 384, 517, 518, 540, 594, 618, 682, 703, 704, 706, 742, 778, 790, 805, 897, 903, 904, 912, 917]
logs_monomial/n10_monomialSqrt.txt.bz2.greedyext.20260222_000855.txt

3 5 6 26 57 62 99 109 121 147 177 200 273 275 280 289 310 323 429 438 448 480 607 669 783 807 858 875 919 928 950 958 1001 1016
Iter#458626 New set #60 of size 34 (7643.8 its/hit = 0.300s/hit): seed=3240705404387946816 [3, 5, 6, 26, 57, 62, 99, 109, 121, 147, 177, 200, 273, 275, 280, 289, 310, 323, 429, 438, 448, 480, 607, 669, 783, 807, 858, 875, 919, 928, 950, 958, 1001, 1016]
logs_monomial/n10_monomialSqrt.txt.bz2.greedyext.20260223_083632.txt

37 39 47 185 216 221 241 285 292 314 393 403 410 418 439 441 481 486 518 519 552 566 577 672 750 801 817 838 843 884 915 932 1008 1014
Iter#30362 New set #6 of size 34 (5060.3 its/hit = 0.167s/hit): seed=8136759277840424416 [37, 39, 47, 185, 216, 221, 241, 285, 292, 314, 393, 403, 410, 418, 439, 441, 481, 486, 518, 519, 552, 566, 577, 672, 750, 801, 817, 838, 843, 884, 915, 932, 1008, 1014]
logs_monomial/n10_monomialSqrt.txt.bz2.greedyext.20260223_083632.txt

13 50 80 169 170 173 187 201 231 250 267 276 310 331 392 408 420 458 465 487 589 593 602 633 641 647 653 703 759 761 795 941 990 1001
Iter#77360 New set #10 of size 34 (7736.0 its/hit = 0.100s/hit): seed=1029482223915087207 [13, 50, 80, 169, 170, 173, 187, 201, 231, 250, 267, 276, 310, 331, 392, 408, 420, 458, 465, 487, 589, 593, 602, 633, 641, 647, 653, 703, 759, 761, 795, 941, 990, 1001]
logs_monomial/n10_monomialSqrt.txt.bz2.greedyext.20260220_210834.txt

56 82 110 125 186 198 212 240 251 309 325 380 406 444 449 497 527 550 572 673 675 688 692 700 701 707 725 737 740 772 855 892 895 925
Iter#15065826 New set #2000 of size 34 (7532.9 its/hit = 0.184s/hit): seed=2124597666945970848 [56, 82, 110, 125, 186, 198, 212, 240, 251, 309, 325, 380, 406, 444, 449, 497, 527, 550, 572, 673, 675, 688, 692, 700, 701, 707, 725, 737, 740, 772, 855, 892, 895, 925]
logs_monomial/n10_monomialSqrt.txt.bz2.greedyext.20260222_000855.txt

5 58 88 161 162 165 179 193 239 242 259 284 318 323 384 400 428 450 473 495 581 594 601 625 645 649 655 695 753 767 787 933 982 993
Iter#47979 New set #8 of size 34 (5997.4 its/hit = 0.250s/hit): seed=17895034723764108924 [5, 58, 88, 161, 162, 165, 179, 193, 239, 242, 259, 284, 318, 323, 384, 400, 428, 450, 473, 495, 581, 594, 601, 625, 645, 649, 655, 695, 753, 767, 787, 933, 982, 993]
logs_monomial/n10_monomialSqrt.txt.bz2.greedyext.20260223_083633.txt

8 44 56 123 126 146 186 213 224 234 245 261 277 353 389 434 453 475 541 610 666 681 696 722 732 739 747 880 894 911 961 999 1004 1018
Iter#823405 New set #100 of size 34 (8234.0 its/hit = 0.440s/hit): seed=5887850539386584355 [8, 44, 56, 123, 126, 146, 186, 213, 224, 234, 245, 261, 277, 353, 389, 434, 453, 475, 541, 610, 666, 681, 696, 722, 732, 739, 747, 880, 894, 911, 961, 999, 1004, 1018]
logs_monomial/n10_monomialSqrt.txt.bz2.greedyext.20260223_083633.txt

