56 494 587 620 646 651 658 662 894 955 956 1034 1108 1140 1200 1249 1280 1294 1454 1462 1516 1607 1727 1741 1817 1921
Iter#6510 New set #3 of size 26 (2170.0 its/hit = 0.333s/hit): seed=5171285148725950800 [56, 494, 587, 620, 646, 651, 658, 662, 894, 955, 956, 1034, 1108, 1140, 1200, 1249, 1280, 1294, 1454, 1462, 1516, 1607, 1727, 1741, 1817, 1921]
logs_monomial/n11_monomial5.txt.bz2.greedyext.20260223_083633.txt

149 178 323 334 399 482 496 584 783 802 928 929 986 1061 1123 1203 1220 1303 1305 1340 1387 1404 1438 1530 1674 1981
Iter#638153 New set #400 of size 26 (1595.4 its/hit = 0.215s/hit): seed=13347310785523712818 [149, 178, 323, 334, 399, 482, 496, 584, 783, 802, 928, 929, 986, 1061, 1123, 1203, 1220, 1303, 1305, 1340, 1387, 1404, 1438, 1530, 1674, 1981]
logs_monomial/n11_monomial5.txt.bz2.greedyext.20260220_210834.txt

13 109 201 270 380 405 632 656 783 790 800 849 878 904 1157 1169 1195 1196 1219 1314 1396 1506 1661 1678 1784 1794
Iter#32688 New set #20 of size 26 (1634.4 its/hit = 0.200s/hit): seed=7881302127966283513 [13, 109, 201, 270, 380, 405, 632, 656, 783, 790, 800, 849, 878, 904, 1157, 1169, 1195, 1196, 1219, 1314, 1396, 1506, 1661, 1678, 1784, 1794]
logs_monomial/n11_monomial5.txt.bz2.greedyext.20260223_083632.txt

60 186 320 628 745 829 834 1078 1089 1225 1260 1264 1306 1337 1366 1489 1567 1583 1590 1728 1787 1802 1807 1883 1925 1963
Iter#7882067 New set #5000 of size 26 (1576.4 its/hit = 0.211s/hit): seed=11737626440495112602 [60, 186, 320, 628, 745, 829, 834, 1078, 1089, 1225, 1260, 1264, 1306, 1337, 1366, 1489, 1567, 1583, 1590, 1728, 1787, 1802, 1807, 1883, 1925, 1963]
logs_monomial/n11_monomial5.txt.bz2.greedyext.20260220_210834.txt

10 206 208 299 345 366 396 475 568 628 871 897 953 986 1105 1176 1286 1303 1335 1529 1530 1732 1734 1778 1820 1906
Iter#7745223 New set #5000 of size 26 (1549.0 its/hit = 0.175s/hit): seed=11844887664997480441 [10, 206, 208, 299, 345, 366, 396, 475, 568, 628, 871, 897, 953, 986, 1105, 1176, 1286, 1303, 1335, 1529, 1530, 1732, 1734, 1778, 1820, 1906]
logs_monomial/n11_monomial5.txt.bz2.greedyext.20260222_000855.txt

159 173 247 272 353 464 480 797 811 880 892 962 1053 1076 1100 1178 1190 1256 1267 1359 1392 1572 1587 1796 1953 2035
Iter#134590 New set #100 of size 26 (1345.9 its/hit = 0.180s/hit): seed=4910073891416092212 [159, 173, 247, 272, 353, 464, 480, 797, 811, 880, 892, 962, 1053, 1076, 1100, 1178, 1190, 1256, 1267, 1359, 1392, 1572, 1587, 1796, 1953, 2035]
logs_monomial/n11_monomial5.txt.bz2.greedyext.20260223_083632.txt

147 245 309 441 665 769 780 802 841 900 1038 1058 1061 1074 1255 1305 1440 1465 1562 1612 1735 1777 1820 1827 1955 2008
Iter#13153 New set #7 of size 26 (1879.0 its/hit = 0.143s/hit): seed=4745972275376287583 [147, 245, 309, 441, 665, 769, 780, 802, 841, 900, 1038, 1058, 1061, 1074, 1255, 1305, 1440, 1465, 1562, 1612, 1735, 1777, 1820, 1827, 1955, 2008]
logs_monomial/n11_monomial5.txt.bz2.greedyext.20260223_083632.txt

40 45 84 404 423 480 509 526 643 710 808 871 1044 1066 1170 1189 1231 1451 1466 1502 1619 1708 1810 1919 2005 2014
Iter#12633137 New set #8000 of size 26 (1579.1 its/hit = 0.212s/hit): seed=6569895726643602873 [40, 45, 84, 404, 423, 480, 509, 526, 643, 710, 808, 871, 1044, 1066, 1170, 1189, 1231, 1451, 1466, 1502, 1619, 1708, 1810, 1919, 2005, 2014]
logs_monomial/n11_monomial5.txt.bz2.greedyext.20260220_210834.txt

85 190 195 260 306 386 395 461 462 508 662 669 784 827 966 1127 1141 1342 1543 1553 1717 1731 1762 1887 1969 2012
Iter#19497 New set #10 of size 26 (1949.7 its/hit = 0.200s/hit): seed=6843997992244051185 [85, 190, 195, 260, 306, 386, 395, 461, 462, 508, 662, 669, 784, 827, 966, 1127, 1141, 1342, 1543, 1553, 1717, 1731, 1762, 1887, 1969, 2012]
logs_monomial/n11_monomial5.txt.bz2.greedyext.20260223_083632.txt

23 31 111 288 293 381 482 604 685 810 838 962 1113 1141 1151 1160 1215 1228 1508 1537 1543 1544 1672 1777 1908 1992
Iter#949497 New set #600 of size 26 (1582.5 its/hit = 0.178s/hit): seed=4062329094275631918 [23, 31, 111, 288, 293, 381, 482, 604, 685, 810, 838, 962, 1113, 1141, 1151, 1160, 1215, 1228, 1508, 1537, 1543, 1544, 1672, 1777, 1908, 1992]
logs_monomial/n11_monomial5.txt.bz2.greedyext.20260222_000855.txt

197 230 293 382 448 464 590 635 730 738 756 846 926 1124 1319 1370 1445 1478 1491 1588 1724 1813 1871 1908 1916 1927
Iter#145690 New set #90 of size 26 (1618.8 its/hit = 0.278s/hit): seed=5712662101727067409 [197, 230, 293, 382, 448, 464, 590, 635, 730, 738, 756, 846, 926, 1124, 1319, 1370, 1445, 1478, 1491, 1588, 1724, 1813, 1871, 1908, 1916, 1927]
logs_monomial/n11_monomial5.txt.bz2.greedyext.20260223_083631.txt

18 45 63 249 297 359 500 600 626 686 797 828 911 922 1027 1051 1306 1384 1421 1465 1721 1772 1805 1818 1867 1882
Iter#1164386 New set #700 of size 26 (1663.4 its/hit = 0.334s/hit): seed=4349314342496800360 [18, 45, 63, 249, 297, 359, 500, 600, 626, 686, 797, 828, 911, 922, 1027, 1051, 1306, 1384, 1421, 1465, 1721, 1772, 1805, 1818, 1867, 1882]
logs_monomial/n11_monomial5.txt.bz2.greedyext.20260223_083631.txt

321 376 389 455 598 682 717 761 809 912 915 1051 1065 1106 1196 1391 1484 1492 1503 1527 1552 1632 1671 1971 2011 2013
Iter#118938 New set #70 of size 26 (1699.1 its/hit = 0.186s/hit): seed=3052071111645713470 [321, 376, 389, 455, 598, 682, 717, 761, 809, 912, 915, 1051, 1065, 1106, 1196, 1391, 1484, 1492, 1503, 1527, 1552, 1632, 1671, 1971, 2011, 2013]
logs_monomial/n11_monomial5.txt.bz2.greedyext.20260222_000855.txt

11 233 298 443 507 543 551 585 627 638 697 702 759 808 969 1107 1175 1198 1236 1425 1544 1662 1731 1773 1862 1973
Iter#1257 New set #2 of size 26 (628.5 its/hit = 0.000s/hit): seed=16349904842478306392 [11, 233, 298, 443, 507, 543, 551, 585, 627, 638, 697, 702, 759, 808, 969, 1107, 1175, 1198, 1236, 1425, 1544, 1662, 1731, 1773, 1862, 1973]
logs_monomial/n11_monomial5.txt.bz2.greedyext.20260223_083632.txt

139 180 267 370 629 673 713 773 1005 1009 1043 1107 1114 1126 1182 1193 1262 1339 1356 1511 1523 1543 1630 1713 1757 1961
Iter#30962887 New set #20000 of size 26 (1548.1 its/hit = 0.176s/hit): seed=8353160230221156216 [139, 180, 267, 370, 629, 673, 713, 773, 1005, 1009, 1043, 1107, 1114, 1126, 1182, 1193, 1262, 1339, 1356, 1511, 1523, 1543, 1630, 1713, 1757, 1961]
logs_monomial/n11_monomial5.txt.bz2.greedyext.20260222_000855.txt

47 115 166 247 253 328 335 382 443 838 842 942 944 971 987 989 1039 1043 1057 1159 1216 1241 1431 1652 1923 2009
Iter#35688 New set #20 of size 26 (1784.4 its/hit = 0.300s/hit): seed=6001768681710538246 [47, 115, 166, 247, 253, 328, 335, 382, 443, 838, 842, 942, 944, 971, 987, 989, 1039, 1043, 1057, 1159, 1216, 1241, 1431, 1652, 1923, 2009]
logs_monomial/n11_monomial5.txt.bz2.greedyext.20260223_083631.txt

57 83 159 209 237 391 429 462 596 635 710 932 970 1016 1091 1232 1256 1290 1421 1689 1737 1803 1808 1848 1942 1954
Iter#95076 New set #60 of size 26 (1584.6 its/hit = 0.267s/hit): seed=6591645102881882588 [57, 83, 159, 209, 237, 391, 429, 462, 596, 635, 710, 932, 970, 1016, 1091, 1232, 1256, 1290, 1421, 1689, 1737, 1803, 1808, 1848, 1942, 1954]
logs_monomial/n11_monomial5.txt.bz2.greedyext.20260223_083631.txt

27 42 48 126 133 182 247 391 458 476 528 531 627 774 833 891 909 1200 1209 1257 1590 1681 1767 1836 1847 1880
Iter#661275 New set #400 of size 26 (1653.2 its/hit = 0.318s/hit): seed=8765519183176521715 [27, 42, 48, 126, 133, 182, 247, 391, 458, 476, 528, 531, 627, 774, 833, 891, 909, 1200, 1209, 1257, 1590, 1681, 1767, 1836, 1847, 1880]
logs_monomial/n11_monomial5.txt.bz2.greedyext.20260223_083631.txt

14 59 224 357 505 662 693 768 791 804 829 857 1013 1045 1181 1193 1222 1239 1285 1523 1623 1705 1718 1816 1880 1983
Iter#6208953 New set #4000 of size 26 (1552.2 its/hit = 0.175s/hit): seed=11987406707556529005 [14, 59, 224, 357, 505, 662, 693, 768, 791, 804, 829, 857, 1013, 1045, 1181, 1193, 1222, 1239, 1285, 1523, 1623, 1705, 1718, 1816, 1880, 1983]
logs_monomial/n11_monomial5.txt.bz2.greedyext.20260222_000855.txt

171 239 303 410 499 527 546 550 605 708 860 938 959 966 969 1020 1129 1222 1393 1511 1644 1675 1686 1812 1900 1973
Iter#40708 New set #30 of size 26 (1356.9 its/hit = 0.133s/hit): seed=12024571917241018362 [171, 239, 303, 410, 499, 527, 546, 550, 605, 708, 860, 938, 959, 966, 969, 1020, 1129, 1222, 1393, 1511, 1644, 1675, 1686, 1812, 1900, 1973]
logs_monomial/n11_monomial5.txt.bz2.greedyext.20260222_000855.txt

130 237 322 362 495 598 603 817 983 1016 1077 1118 1197 1230 1264 1314 1440 1481 1508 1596 1668 1704 1737 1806 2022 2041
Iter#484148 New set #300 of size 26 (1613.8 its/hit = 0.217s/hit): seed=1274090256120186571 [130, 237, 322, 362, 495, 598, 603, 817, 983, 1016, 1077, 1118, 1197, 1230, 1264, 1314, 1440, 1481, 1508, 1596, 1668, 1704, 1737, 1806, 2022, 2041]
logs_monomial/n11_monomial5.txt.bz2.greedyext.20260220_210834.txt

49 87 101 117 208 448 466 536 584 650 668 777 803 944 963 972 1093 1226 1270 1396 1432 1476 1711 1789 1971 1993
Iter#98138 New set #60 of size 26 (1635.6 its/hit = 0.183s/hit): seed=1368728751164531997 [49, 87, 101, 117, 208, 448, 466, 536, 584, 650, 668, 777, 803, 944, 963, 972, 1093, 1226, 1270, 1396, 1432, 1476, 1711, 1789, 1971, 1993]
logs_monomial/n11_monomial5.txt.bz2.greedyext.20260222_000855.txt

151 249 403 483 662 683 694 778 803 812 872 916 1124 1174 1248 1318 1413 1427 1543 1653 1698 1763 1863 1886 1948 2029
Iter#123096 New set #80 of size 26 (1538.7 its/hit = 0.312s/hit): seed=3364785021466382826 [151, 249, 403, 483, 662, 683, 694, 778, 803, 812, 872, 916, 1124, 1174, 1248, 1318, 1413, 1427, 1543, 1653, 1698, 1763, 1863, 1886, 1948, 2029]
logs_monomial/n11_monomial5.txt.bz2.greedyext.20260223_083633.txt

86 92 162 202 291 367 410 423 475 679 837 901 935 956 986 1094 1131 1251 1309 1405 1484 1598 1706 1731 1852 1911
Iter#328939 New set #200 of size 26 (1644.7 its/hit = 0.180s/hit): seed=14515591451621575743 [86, 92, 162, 202, 291, 367, 410, 423, 475, 679, 837, 901, 935, 956, 986, 1094, 1131, 1251, 1309, 1405, 1484, 1598, 1706, 1731, 1852, 1911]
logs_monomial/n11_monomial5.txt.bz2.greedyext.20260222_000855.txt

108 120 315 406 424 483 548 703 745 799 953 1037 1188 1201 1217 1371 1380 1427 1457 1590 1670 1735 1822 1978 2016 2030
Iter#621251 New set #400 of size 26 (1553.1 its/hit = 0.290s/hit): seed=7363986047039374766 [108, 120, 315, 406, 424, 483, 548, 703, 745, 799, 953, 1037, 1188, 1201, 1217, 1371, 1380, 1427, 1457, 1590, 1670, 1735, 1822, 1978, 2016, 2030]
logs_monomial/n11_monomial5.txt.bz2.greedyext.20260223_083633.txt

179 192 385 441 663 693 723 1033 1070 1224 1294 1311 1345 1440 1475 1524 1593 1616 1710 1715 1753 1756 1885 1907 1917 1945
Iter#1529 New set #3 of size 26 (509.7 its/hit = 0.000s/hit): seed=10378638320018209723 [179, 192, 385, 441, 663, 693, 723, 1033, 1070, 1224, 1294, 1311, 1345, 1440, 1475, 1524, 1593, 1616, 1710, 1715, 1753, 1756, 1885, 1907, 1917, 1945]
logs_monomial/n11_monomial5.txt.bz2.greedyext.20260222_000855.txt

144 153 161 163 307 376 462 473 478 482 508 514 599 602 728 804 814 909 916 1165 1415 1427 1507 1551 1557 1886
Iter#10598 New set #5 of size 26 (2119.6 its/hit = 0.200s/hit): seed=9943564454083916911 [144, 153, 161, 163, 307, 376, 462, 473, 478, 482, 508, 514, 599, 602, 728, 804, 814, 909, 916, 1165, 1415, 1427, 1507, 1551, 1557, 1886]
logs_monomial/n11_monomial5.txt.bz2.greedyext.20260220_210834.txt

62 125 134 334 337 358 589 633 671 712 793 861 887 1096 1199 1340 1423 1442 1446 1452 1523 1626 1852 1990 2036 2045
Iter#18222 New set #9 of size 26 (2024.7 its/hit = 0.444s/hit): seed=2265022599458934438 [62, 125, 134, 334, 337, 358, 589, 633, 671, 712, 793, 861, 887, 1096, 1199, 1340, 1423, 1442, 1446, 1452, 1523, 1626, 1852, 1990, 2036, 2045]
logs_monomial/n11_monomial5.txt.bz2.greedyext.20260223_083633.txt

33 142 362 432 442 517 591 603 693 728 946 969 1010 1115 1245 1339 1374 1389 1583 1616 1758 1813 1862 1923 2014 2047
Iter#779221 New set #500 of size 26 (1558.4 its/hit = 0.290s/hit): seed=15222291807212041182 [33, 142, 362, 432, 442, 517, 591, 603, 693, 728, 946, 969, 1010, 1115, 1245, 1339, 1374, 1389, 1583, 1616, 1758, 1813, 1862, 1923, 2014, 2047]
logs_monomial/n11_monomial5.txt.bz2.greedyext.20260223_083633.txt

14 69 73 82 172 340 395 561 679 698 846 847 915 943 1107 1173 1174 1247 1273 1388 1461 1492 1712 1749 2000 2024
Iter#43827 New set #20 of size 26 (2191.4 its/hit = 0.500s/hit): seed=10289359795145318565 [14, 69, 73, 82, 172, 340, 395, 561, 679, 698, 846, 847, 915, 943, 1107, 1173, 1174, 1247, 1273, 1388, 1461, 1492, 1712, 1749, 2000, 2024]
logs_monomial/n11_monomial5.txt.bz2.greedyext.20260223_083633.txt

49 58 59 96 109 255 295 358 362 547 599 716 748 800 1120 1187 1343 1421 1558 1667 1670 1770 1786 1788 1851 1954
Iter#320829 New set #200 of size 26 (1604.1 its/hit = 0.215s/hit): seed=9024400391518620475 [49, 58, 59, 96, 109, 255, 295, 358, 362, 547, 599, 716, 748, 800, 1120, 1187, 1343, 1421, 1558, 1667, 1670, 1770, 1786, 1788, 1851, 1954]
logs_monomial/n11_monomial5.txt.bz2.greedyext.20260220_210834.txt

76 138 186 202 295 381 394 647 653 702 731 791 867 926 936 1160 1330 1332 1546 1590 1592 1721 1810 1858 1859 1969
Iter#15414969 New set #10000 of size 26 (1541.5 its/hit = 0.174s/hit): seed=3827716626849685058 [76, 138, 186, 202, 295, 381, 394, 647, 653, 702, 731, 791, 867, 926, 936, 1160, 1330, 1332, 1546, 1590, 1592, 1721, 1810, 1858, 1859, 1969]
logs_monomial/n11_monomial5.txt.bz2.greedyext.20260222_000855.txt

212 230 250 279 300 346 473 493 752 786 790 959 970 1150 1187 1300 1412 1528 1579 1639 1657 1686 1844 1987 2032 2035
Iter#910799 New set #600 of size 26 (1518.0 its/hit = 0.285s/hit): seed=3937381576996963218 [212, 230, 250, 279, 300, 346, 473, 493, 752, 786, 790, 959, 970, 1150, 1187, 1300, 1412, 1528, 1579, 1639, 1657, 1686, 1844, 1987, 2032, 2035]
logs_monomial/n11_monomial5.txt.bz2.greedyext.20260223_083633.txt

159 197 348 362 455 740 760 784 917 936 1045 1087 1193 1228 1275 1310 1402 1514 1634 1638 1696 1794 1932 1991 2010 2020
Iter#1112642 New set #700 of size 26 (1589.5 its/hit = 0.179s/hit): seed=17224893559957714427 [159, 197, 348, 362, 455, 740, 760, 784, 917, 936, 1045, 1087, 1193, 1228, 1275, 1310, 1402, 1514, 1634, 1638, 1696, 1794, 1932, 1991, 2010, 2020]
logs_monomial/n11_monomial5.txt.bz2.greedyext.20260222_000855.txt

39 41 88 97 253 345 363 374 423 523 564 859 877 917 934 1041 1047 1118 1152 1194 1200 1274 1449 1516 1937 2022
Iter#6760 New set #4 of size 26 (1690.0 its/hit = 0.250s/hit): seed=9672996452316770000 [39, 41, 88, 97, 253, 345, 363, 374, 423, 523, 564, 859, 877, 917, 934, 1041, 1047, 1118, 1152, 1194, 1200, 1274, 1449, 1516, 1937, 2022]
logs_monomial/n11_monomial5.txt.bz2.greedyext.20260223_083633.txt

32 257 408 548 549 601 813 853 971 1131 1149 1171 1176 1180 1227 1282 1288 1454 1679 1827 1869 1899 1928 1931 1938 2024
Iter#4418 New set #3 of size 26 (1472.7 its/hit = 0.000s/hit): seed=14673730143704435839 [32, 257, 408, 548, 549, 601, 813, 853, 971, 1131, 1149, 1171, 1176, 1180, 1227, 1282, 1288, 1454, 1679, 1827, 1869, 1899, 1928, 1931, 1938, 2024]
logs_monomial/n11_monomial5.txt.bz2.greedyext.20260223_083632.txt

93 122 154 238 311 404 573 605 708 716 820 1010 1039 1060 1229 1233 1387 1471 1702 1754 1800 1802 1932 1969 1975 1978
Iter#1581374 New set #1000 of size 26 (1581.4 its/hit = 0.213s/hit): seed=1381897362237646794 [93, 122, 154, 238, 311, 404, 573, 605, 708, 716, 820, 1010, 1039, 1060, 1229, 1233, 1387, 1471, 1702, 1754, 1800, 1802, 1932, 1969, 1975, 1978]
logs_monomial/n11_monomial5.txt.bz2.greedyext.20260220_210834.txt

0 88 180 303 403 413 530 633 653 694 735 865 944 999 1057 1058 1067 1134 1138 1160 1246 1399 1686 1712 1860 1862
Iter#158867 New set #100 of size 26 (1588.7 its/hit = 0.210s/hit): seed=7145572877828696144 [0, 88, 180, 303, 403, 413, 530, 633, 653, 694, 735, 865, 944, 999, 1057, 1058, 1067, 1134, 1138, 1160, 1246, 1399, 1686, 1712, 1860, 1862]
logs_monomial/n11_monomial5.txt.bz2.greedyext.20260220_210834.txt

39 46 130 136 147 219 266 308 563 565 567 634 754 782 908 1086 1131 1193 1482 1574 1629 1824 1831 1836 1910 1952
Iter#46577 New set #20 of size 26 (2328.9 its/hit = 0.300s/hit): seed=13083526971010671824 [39, 46, 130, 136, 147, 219, 266, 308, 563, 565, 567, 634, 754, 782, 908, 1086, 1131, 1193, 1482, 1574, 1629, 1824, 1831, 1836, 1910, 1952]
logs_monomial/n11_monomial5.txt.bz2.greedyext.20260220_210834.txt

135 175 327 372 396 406 443 527 746 767 771 878 885 1016 1062 1081 1082 1206 1212 1239 1421 1494 1645 1774 1803 1823
Iter#132292 New set #90 of size 26 (1469.9 its/hit = 0.300s/hit): seed=16790260282027876657 [135, 175, 327, 372, 396, 406, 443, 527, 746, 767, 771, 878, 885, 1016, 1062, 1081, 1082, 1206, 1212, 1239, 1421, 1494, 1645, 1774, 1803, 1823]
logs_monomial/n11_monomial5.txt.bz2.greedyext.20260223_083633.txt

28 94 208 296 449 496 559 575 615 720 757 762 809 863 882 1068 1132 1233 1352 1531 1540 1553 1584 1779 1936 1965
Iter#786608 New set #500 of size 26 (1573.2 its/hit = 0.176s/hit): seed=18053712796087066333 [28, 94, 208, 296, 449, 496, 559, 575, 615, 720, 757, 762, 809, 863, 882, 1068, 1132, 1233, 1352, 1531, 1540, 1553, 1584, 1779, 1936, 1965]
logs_monomial/n11_monomial5.txt.bz2.greedyext.20260222_000855.txt

65 180 193 196 239 302 308 370 507 612 649 673 708 899 1042 1058 1156 1273 1348 1454 1505 1510 1619 1669 1743 1839
Iter#4825 New set #3 of size 26 (1608.3 its/hit = 0.000s/hit): seed=15117843808822702645 [65, 180, 193, 196, 239, 302, 308, 370, 507, 612, 649, 673, 708, 899, 1042, 1058, 1156, 1273, 1348, 1454, 1505, 1510, 1619, 1669, 1743, 1839]
logs_monomial/n11_monomial5.txt.bz2.greedyext.20260223_083631.txt

298 467 548 565 578 590 654 685 703 1041 1042 1069 1132 1134 1337 1361 1489 1542 1549 1577 1613 1616 1706 1809 1951 2040
Iter#150072 New set #100 of size 26 (1500.7 its/hit = 0.290s/hit): seed=14710727060165101467 [298, 467, 548, 565, 578, 590, 654, 685, 703, 1041, 1042, 1069, 1132, 1134, 1337, 1361, 1489, 1542, 1549, 1577, 1613, 1616, 1706, 1809, 1951, 2040]
logs_monomial/n11_monomial5.txt.bz2.greedyext.20260223_083633.txt

131 299 486 597 656 700 770 827 1109 1283 1287 1308 1367 1455 1517 1532 1553 1566 1589 1617 1635 1636 1704 1853 1876 2009
Iter#5800 New set #4 of size 26 (1450.0 its/hit = 0.000s/hit): seed=8581141407813613645 [131, 299, 486, 597, 656, 700, 770, 827, 1109, 1283, 1287, 1308, 1367, 1455, 1517, 1532, 1553, 1566, 1589, 1617, 1635, 1636, 1704, 1853, 1876, 2009]
logs_monomial/n11_monomial5.txt.bz2.greedyext.20260222_000855.txt

31 247 289 298 303 369 535 582 631 637 646 689 804 830 847 964 1054 1081 1149 1232 1320 1650 1705 1853 1882 1939
Iter#13818030 New set #9000 of size 26 (1535.3 its/hit = 0.173s/hit): seed=8755354333786063365 [31, 247, 289, 298, 303, 369, 535, 582, 631, 637, 646, 689, 804, 830, 847, 964, 1054, 1081, 1149, 1232, 1320, 1650, 1705, 1853, 1882, 1939]
logs_monomial/n11_monomial5.txt.bz2.greedyext.20260222_000855.txt

20 27 166 258 303 425 471 514 523 590 663 733 738 794 871 918 1008 1108 1190 1265 1271 1453 1531 1565 1706 1714
Iter#20602 New set #9 of size 26 (2289.1 its/hit = 0.222s/hit): seed=13511644229269836241 [20, 27, 166, 258, 303, 425, 471, 514, 523, 590, 663, 733, 738, 794, 871, 918, 1008, 1108, 1190, 1265, 1271, 1453, 1531, 1565, 1706, 1714]
logs_monomial/n11_monomial5.txt.bz2.greedyext.20260220_210834.txt

131 150 204 218 226 313 380 737 772 985 1051 1100 1147 1198 1393 1554 1647 1682 1702 1716 1730 1742 1793 1882 1990 2027
Iter#22752 New set #9 of size 26 (2528.0 its/hit = 0.444s/hit): seed=690990998107247663 [131, 150, 204, 218, 226, 313, 380, 737, 772, 985, 1051, 1100, 1147, 1198, 1393, 1554, 1647, 1682, 1702, 1716, 1730, 1742, 1793, 1882, 1990, 2027]
logs_monomial/n11_monomial5.txt.bz2.greedyext.20260223_083631.txt

5 110 263 361 391 410 446 488 650 655 659 693 758 925 1029 1092 1522 1529 1559 1692 1749 1753 1771 1924 1930 1936
Iter#4517 New set #4 of size 26 (1129.2 its/hit = 0.000s/hit): seed=15703322306343612150 [5, 110, 263, 361, 391, 410, 446, 488, 650, 655, 659, 693, 758, 925, 1029, 1092, 1522, 1529, 1559, 1692, 1749, 1753, 1771, 1924, 1930, 1936]
logs_monomial/n11_monomial5.txt.bz2.greedyext.20260223_083632.txt

32 62 71 146 163 214 240 784 797 830 951 988 1131 1234 1236 1438 1463 1588 1644 1655 1731 1827 1862 1875 1894 1981
Iter#937702 New set #600 of size 26 (1562.8 its/hit = 0.210s/hit): seed=7120223066473295523 [32, 62, 71, 146, 163, 214, 240, 784, 797, 830, 951, 988, 1131, 1234, 1236, 1438, 1463, 1588, 1644, 1655, 1731, 1827, 1862, 1875, 1894, 1981]
logs_monomial/n11_monomial5.txt.bz2.greedyext.20260220_210834.txt

61 74 89 90 92 295 335 469 565 679 796 949 973 1020 1070 1144 1148 1171 1223 1238 1251 1354 1533 1623 1962 2023
Iter#925762 New set #600 of size 26 (1542.9 its/hit = 0.270s/hit): seed=11238768597582688586 [61, 74, 89, 90, 92, 295, 335, 469, 565, 679, 796, 949, 973, 1020, 1070, 1144, 1148, 1171, 1223, 1238, 1251, 1354, 1533, 1623, 1962, 2023]
logs_monomial/n11_monomial5.txt.bz2.greedyext.20260223_083632.txt

12 147 222 250 288 363 523 655 755 783 930 1008 1140 1216 1319 1334 1337 1429 1616 1792 1813 1853 1901 1943 2003 2013
Iter#1227059 New set #800 of size 26 (1533.8 its/hit = 0.259s/hit): seed=5353194787866615953 [12, 147, 222, 250, 288, 363, 523, 655, 755, 783, 930, 1008, 1140, 1216, 1319, 1334, 1337, 1429, 1616, 1792, 1813, 1853, 1901, 1943, 2003, 2013]
logs_monomial/n11_monomial5.txt.bz2.greedyext.20260223_083632.txt

49 178 197 207 234 243 345 356 470 517 584 609 947 1008 1029 1089 1114 1335 1364 1443 1545 1615 1635 1704 1827 2012
Iter#1544065 New set #1000 of size 26 (1544.1 its/hit = 0.174s/hit): seed=13969079886128983990 [49, 178, 197, 207, 234, 243, 345, 356, 470, 517, 584, 609, 947, 1008, 1029, 1089, 1114, 1335, 1364, 1443, 1545, 1615, 1635, 1704, 1827, 2012]
logs_monomial/n11_monomial5.txt.bz2.greedyext.20260222_000855.txt

14 56 154 181 280 371 455 616 859 940 958 1000 1067 1096 1137 1165 1185 1196 1294 1345 1397 1497 1652 1843 1857 1892
Iter#461772 New set #300 of size 26 (1539.2 its/hit = 0.290s/hit): seed=2152496567430036903 [14, 56, 154, 181, 280, 371, 455, 616, 859, 940, 958, 1000, 1067, 1096, 1137, 1165, 1185, 1196, 1294, 1345, 1397, 1497, 1652, 1843, 1857, 1892]
logs_monomial/n11_monomial5.txt.bz2.greedyext.20260223_083633.txt

15 85 144 301 325 373 497 624 723 764 768 782 802 845 929 1167 1170 1341 1473 1475 1543 1571 1572 1630 1717 1895
Iter#3427 New set #2 of size 26 (1713.5 its/hit = 0.000s/hit): seed=8803477555225906842 [15, 85, 144, 301, 325, 373, 497, 624, 723, 764, 768, 782, 802, 845, 929, 1167, 1170, 1341, 1473, 1475, 1543, 1571, 1572, 1630, 1717, 1895]
logs_monomial/n11_monomial5.txt.bz2.greedyext.20260223_083631.txt

328 359 367 448 557 692 722 759 829 877 1099 1177 1183 1238 1309 1347 1366 1405 1701 1726 1743 1785 1959 1981 1992 2014
Iter#2008 New set #1 of size 26 (2008.0 its/hit = 0.000s/hit): seed=16072921044414636300 [328, 359, 367, 448, 557, 692, 722, 759, 829, 877, 1099, 1177, 1183, 1238, 1309, 1347, 1366, 1405, 1701, 1726, 1743, 1785, 1959, 1981, 1992, 2014]
logs_monomial/n11_monomial5.txt.bz2.greedyext.20260223_083631.txt

62 82 94 239 281 301 322 344 356 367 398 627 661 684 866 1020 1174 1397 1419 1531 1548 1650 1697 1707 1892 1955
Iter#7726 New set #7 of size 26 (1103.7 its/hit = 0.000s/hit): seed=10511849437177002408 [62, 82, 94, 239, 281, 301, 322, 344, 356, 367, 398, 627, 661, 684, 866, 1020, 1174, 1397, 1419, 1531, 1548, 1650, 1697, 1707, 1892, 1955]
logs_monomial/n11_monomial5.txt.bz2.greedyext.20260222_000855.txt

3 65 163 278 296 297 379 399 530 589 789 898 915 944 991 1254 1377 1381 1393 1488 1502 1597 1615 1641 1838 1997
Iter#487041 New set #300 of size 26 (1623.5 its/hit = 0.180s/hit): seed=5165909172616543026 [3, 65, 163, 278, 296, 297, 379, 399, 530, 589, 789, 898, 915, 944, 991, 1254, 1377, 1381, 1393, 1488, 1502, 1597, 1615, 1641, 1838, 1997]
logs_monomial/n11_monomial5.txt.bz2.greedyext.20260222_000855.txt

10 55 100 160 225 257 264 297 317 355 398 405 719 786 853 896 937 1039 1050 1098 1302 1384 1565 1740 1907 1994
Iter#829554 New set #500 of size 26 (1659.1 its/hit = 0.318s/hit): seed=6421017281461185274 [10, 55, 100, 160, 225, 257, 264, 297, 317, 355, 398, 405, 719, 786, 853, 896, 937, 1039, 1050, 1098, 1302, 1384, 1565, 1740, 1907, 1994]
logs_monomial/n11_monomial5.txt.bz2.greedyext.20260223_083631.txt

98 143 324 335 362 585 591 612 812 850 979 995 1007 1135 1337 1387 1398 1441 1446 1497 1553 1605 1644 1700 1864 2033
Iter#7914 New set #8 of size 26 (989.2 its/hit = 0.000s/hit): seed=2835487467164341707 [98, 143, 324, 335, 362, 585, 591, 612, 812, 850, 979, 995, 1007, 1135, 1337, 1387, 1398, 1441, 1446, 1497, 1553, 1605, 1644, 1700, 1864, 2033]
logs_monomial/n11_monomial5.txt.bz2.greedyext.20260222_000855.txt

30 41 81 129 327 485 540 627 726 728 913 1018 1300 1363 1400 1555 1598 1736 1744 1752 1772 1793 1840 1907 1912 1948
Iter#594768 New set #400 of size 26 (1486.9 its/hit = 0.245s/hit): seed=7135863888778578822 [30, 41, 81, 129, 327, 485, 540, 627, 726, 728, 913, 1018, 1300, 1363, 1400, 1555, 1598, 1736, 1744, 1752, 1772, 1793, 1840, 1907, 1912, 1948]
logs_monomial/n11_monomial5.txt.bz2.greedyext.20260223_083632.txt

97 115 184 270 292 357 378 395 434 481 535 569 648 672 723 729 827 835 839 921 1150 1192 1204 1417 1690 1976
Iter#11100270 New set #7000 of size 26 (1585.8 its/hit = 0.213s/hit): seed=3557835331229378423 [97, 115, 184, 270, 292, 357, 378, 395, 434, 481, 535, 569, 648, 672, 723, 729, 827, 835, 839, 921, 1150, 1192, 1204, 1417, 1690, 1976]
logs_monomial/n11_monomial5.txt.bz2.greedyext.20260220_210834.txt

20 39 84 186 194 214 235 272 289 342 401 412 637 678 681 729 885 1046 1198 1261 1286 1288 1837 1922 1934 1993
Iter#1244672 New set #800 of size 26 (1555.8 its/hit = 0.281s/hit): seed=3391607763020505393 [20, 39, 84, 186, 194, 214, 235, 272, 289, 342, 401, 412, 637, 678, 681, 729, 885, 1046, 1198, 1261, 1286, 1288, 1837, 1922, 1934, 1993]
logs_monomial/n11_monomial5.txt.bz2.greedyext.20260223_083633.txt

122 196 198 211 275 293 418 559 742 809 882 916 934 954 991 1110 1115 1303 1326 1369 1680 1777 1859 1867 1908 1971
Iter#85153 New set #60 of size 26 (1419.2 its/hit = 0.183s/hit): seed=8100785248113315711 [122, 196, 198, 211, 275, 293, 418, 559, 742, 809, 882, 916, 934, 954, 991, 1110, 1115, 1303, 1326, 1369, 1680, 1777, 1859, 1867, 1908, 1971]
logs_monomial/n11_monomial5.txt.bz2.greedyext.20260223_083632.txt

300 481 633 673 680 749 772 881 890 917 927 1010 1031 1113 1131 1165 1281 1282 1574 1595 1672 1680 1718 1784 1842 1915
Iter#10687 New set #5 of size 26 (2137.4 its/hit = 0.400s/hit): seed=10775782090065125797 [300, 481, 633, 673, 680, 749, 772, 881, 890, 917, 927, 1010, 1031, 1113, 1131, 1165, 1281, 1282, 1574, 1595, 1672, 1680, 1718, 1784, 1842, 1915]
logs_monomial/n11_monomial5.txt.bz2.greedyext.20260223_083633.txt

39 145 218 257 429 541 548 559 687 723 761 821 1010 1072 1157 1208 1238 1242 1334 1378 1507 1709 1756 1792 1846 1926
Iter#8111 New set #9 of size 26 (901.2 its/hit = 0.000s/hit): seed=12855978995732350141 [39, 145, 218, 257, 429, 541, 548, 559, 687, 723, 761, 821, 1010, 1072, 1157, 1208, 1238, 1242, 1334, 1378, 1507, 1709, 1756, 1792, 1846, 1926]
logs_monomial/n11_monomial5.txt.bz2.greedyext.20260222_000855.txt

59 150 169 218 265 351 581 672 733 734 818 846 848 925 963 1005 1120 1286 1426 1463 1550 1581 1766 1781 1783 1953
Iter#1069972 New set #700 of size 26 (1528.5 its/hit = 0.280s/hit): seed=11436586483681263104 [59, 150, 169, 218, 265, 351, 581, 672, 733, 734, 818, 846, 848, 925, 963, 1005, 1120, 1286, 1426, 1463, 1550, 1581, 1766, 1781, 1783, 1953]
logs_monomial/n11_monomial5.txt.bz2.greedyext.20260223_083633.txt

139 252 259 267 289 312 584 765 1092 1140 1144 1169 1236 1257 1309 1327 1376 1429 1432 1481 1558 1561 1637 1651 1786 1913
Iter#114875 New set #70 of size 26 (1641.1 its/hit = 0.343s/hit): seed=17052244959393223136 [139, 252, 259, 267, 289, 312, 584, 765, 1092, 1140, 1144, 1169, 1236, 1257, 1309, 1327, 1376, 1429, 1432, 1481, 1558, 1561, 1637, 1651, 1786, 1913]
logs_monomial/n11_monomial5.txt.bz2.greedyext.20260223_083633.txt

40 71 105 207 267 274 361 594 630 668 861 896 931 941 1133 1170 1243 1290 1312 1340 1342 1360 1500 1511 1540 1804
Iter#9863 New set #7 of size 26 (1409.0 its/hit = 0.143s/hit): seed=13224713138926507483 [40, 71, 105, 207, 267, 274, 361, 594, 630, 668, 861, 896, 931, 941, 1133, 1170, 1243, 1290, 1312, 1340, 1342, 1360, 1500, 1511, 1540, 1804]
logs_monomial/n11_monomial5.txt.bz2.greedyext.20260223_083631.txt

150 242 319 471 632 812 892 963 1128 1130 1135 1151 1264 1277 1286 1303 1420 1470 1506 1516 1605 1631 1637 1793 1901 1995
Iter#3070711 New set #2000 of size 26 (1535.4 its/hit = 0.173s/hit): seed=13638885169633402375 [150, 242, 319, 471, 632, 812, 892, 963, 1128, 1130, 1135, 1151, 1264, 1277, 1286, 1303, 1420, 1470, 1506, 1516, 1605, 1631, 1637, 1793, 1901, 1995]
logs_monomial/n11_monomial5.txt.bz2.greedyext.20260222_000855.txt

161 189 236 268 344 371 419 894 945 955 991 1146 1232 1449 1480 1563 1604 1616 1829 1911 1940 1971 1982 1987 1988 2047
Iter#653226 New set #400 of size 26 (1633.1 its/hit = 0.182s/hit): seed=9053642329088421049 [161, 189, 236, 268, 344, 371, 419, 894, 945, 955, 991, 1146, 1232, 1449, 1480, 1563, 1604, 1616, 1829, 1911, 1940, 1971, 1982, 1987, 1988, 2047]
logs_monomial/n11_monomial5.txt.bz2.greedyext.20260222_000855.txt

121 241 260 455 463 621 650 655 701 870 974 1037 1068 1171 1218 1233 1261 1272 1296 1327 1437 1461 1646 1783 1815 1982
Iter#7195 New set #6 of size 26 (1199.2 its/hit = 0.000s/hit): seed=10185079310930333671 [121, 241, 260, 455, 463, 621, 650, 655, 701, 870, 974, 1037, 1068, 1171, 1218, 1233, 1261, 1272, 1296, 1327, 1437, 1461, 1646, 1783, 1815, 1982]
logs_monomial/n11_monomial5.txt.bz2.greedyext.20260222_000855.txt

29 75 92 178 277 331 342 439 466 629 661 708 788 1036 1199 1243 1276 1481 1558 1601 1750 1761 1866 1891 2007 2011
Iter#4804509 New set #3000 of size 26 (1601.5 its/hit = 0.215s/hit): seed=5406885337754107687 [29, 75, 92, 178, 277, 331, 342, 439, 466, 629, 661, 708, 788, 1036, 1199, 1243, 1276, 1481, 1558, 1601, 1750, 1761, 1866, 1891, 2007, 2011]
logs_monomial/n11_monomial5.txt.bz2.greedyext.20260220_210834.txt

67 97 176 295 376 486 542 589 773 776 794 930 978 1003 1069 1085 1340 1401 1407 1499 1534 1609 1856 1898 2010 2024
Iter#5338 New set #2 of size 26 (2669.0 its/hit = 0.500s/hit): seed=9852779607852366241 [67, 97, 176, 295, 376, 486, 542, 589, 773, 776, 794, 930, 978, 1003, 1069, 1085, 1340, 1401, 1407, 1499, 1534, 1609, 1856, 1898, 2010, 2024]
logs_monomial/n11_monomial5.txt.bz2.greedyext.20260223_083633.txt

71 96 171 286 287 339 394 693 842 1070 1124 1129 1176 1180 1220 1288 1438 1458 1575 1600 1779 1791 1819 1901 1915 1991
Iter#503292 New set #300 of size 26 (1677.6 its/hit = 0.300s/hit): seed=10708748497003849158 [71, 96, 171, 286, 287, 339, 394, 693, 842, 1070, 1124, 1129, 1176, 1180, 1220, 1288, 1438, 1458, 1575, 1600, 1779, 1791, 1819, 1901, 1915, 1991]
logs_monomial/n11_monomial5.txt.bz2.greedyext.20260223_083631.txt

8 15 19 139 179 218 233 239 314 542 597 652 718 774 804 815 865 1000 1031 1058 1293 1366 1606 1744 1918 1979
Iter#106511 New set #80 of size 26 (1331.4 its/hit = 0.162s/hit): seed=13974864921028656376 [8, 15, 19, 139, 179, 218, 233, 239, 314, 542, 597, 652, 718, 774, 804, 815, 865, 1000, 1031, 1058, 1293, 1366, 1606, 1744, 1918, 1979]
logs_monomial/n11_monomial5.txt.bz2.greedyext.20260223_083632.txt

117 224 311 374 456 557 644 653 657 715 894 988 1053 1176 1179 1263 1376 1455 1508 1758 1779 1844 1913 1967 2019 2035
Iter#20021 New set #8 of size 26 (2502.6 its/hit = 0.250s/hit): seed=2750381211131245738 [117, 224, 311, 374, 456, 557, 644, 653, 657, 715, 894, 988, 1053, 1176, 1179, 1263, 1376, 1455, 1508, 1758, 1779, 1844, 1913, 1967, 2019, 2035]
logs_monomial/n11_monomial5.txt.bz2.greedyext.20260220_210834.txt

17 36 43 46 105 399 517 593 607 623 774 856 985 1005 1011 1119 1185 1219 1223 1328 1346 1385 1419 1584 1688 1700
Iter#97365 New set #60 of size 26 (1622.8 its/hit = 0.367s/hit): seed=16666725955100960534 [17, 36, 43, 46, 105, 399, 517, 593, 607, 623, 774, 856, 985, 1005, 1011, 1119, 1185, 1219, 1223, 1328, 1346, 1385, 1419, 1584, 1688, 1700]
logs_monomial/n11_monomial5.txt.bz2.greedyext.20260223_083633.txt

101 249 329 468 512 515 655 719 773 977 1048 1071 1106 1127 1131 1134 1138 1221 1261 1436 1524 1710 1763 1776 1818 2023
Iter#10925 New set #10 of size 26 (1092.5 its/hit = 0.100s/hit): seed=18153231735994724713 [101, 249, 329, 468, 512, 515, 655, 719, 773, 977, 1048, 1071, 1106, 1127, 1131, 1134, 1138, 1221, 1261, 1436, 1524, 1710, 1763, 1776, 1818, 2023]
logs_monomial/n11_monomial5.txt.bz2.greedyext.20260222_000855.txt

24 37 88 172 277 292 320 451 503 527 588 639 691 862 952 1026 1028 1085 1237 1504 1522 1575 1671 1675 1866 1935
Iter#111039 New set #70 of size 26 (1586.3 its/hit = 0.271s/hit): seed=920168906148345474 [24, 37, 88, 172, 277, 292, 320, 451, 503, 527, 588, 639, 691, 862, 952, 1026, 1028, 1085, 1237, 1504, 1522, 1575, 1671, 1675, 1866, 1935]
logs_monomial/n11_monomial5.txt.bz2.greedyext.20260223_083631.txt

37 256 303 306 371 430 465 558 570 624 692 833 861 880 940 977 1021 1123 1154 1187 1308 1342 1700 1949 1959 2006
Iter#5639 New set #5 of size 26 (1127.8 its/hit = 0.000s/hit): seed=16949707533416986407 [37, 256, 303, 306, 371, 430, 465, 558, 570, 624, 692, 833, 861, 880, 940, 977, 1021, 1123, 1154, 1187, 1308, 1342, 1700, 1949, 1959, 2006]
logs_monomial/n11_monomial5.txt.bz2.greedyext.20260223_083632.txt

149 155 164 257 403 441 648 683 816 909 969 985 986 1050 1083 1204 1283 1288 1348 1392 1399 1452 1489 1500 1933 1972
Iter#1093164 New set #700 of size 26 (1561.7 its/hit = 0.267s/hit): seed=761611168727924097 [149, 155, 164, 257, 403, 441, 648, 683, 816, 909, 969, 985, 986, 1050, 1083, 1204, 1283, 1288, 1348, 1392, 1399, 1452, 1489, 1500, 1933, 1972]
logs_monomial/n11_monomial5.txt.bz2.greedyext.20260223_083632.txt

13 25 88 230 384 418 473 578 602 609 754 822 885 920 1014 1015 1183 1458 1495 1553 1709 1759 1810 1896 1924 1976
Iter#791721 New set #500 of size 26 (1583.4 its/hit = 0.214s/hit): seed=9301687044792951190 [13, 25, 88, 230, 384, 418, 473, 578, 602, 609, 754, 822, 885, 920, 1014, 1015, 1183, 1458, 1495, 1553, 1709, 1759, 1810, 1896, 1924, 1976]
logs_monomial/n11_monomial5.txt.bz2.greedyext.20260220_210834.txt

275 340 360 411 469 471 484 672 849 892 920 950 1079 1169 1190 1314 1339 1497 1505 1513 1543 1576 1580 1716 1748 1991
Iter#314512 New set #200 of size 26 (1572.6 its/hit = 0.305s/hit): seed=15661084962848711967 [275, 340, 360, 411, 469, 471, 484, 672, 849, 892, 920, 950, 1079, 1169, 1190, 1314, 1339, 1497, 1505, 1513, 1543, 1576, 1580, 1716, 1748, 1991]
logs_monomial/n11_monomial5.txt.bz2.greedyext.20260223_083633.txt

57 91 365 650 668 704 947 991 1073 1144 1170 1208 1308 1332 1399 1436 1480 1530 1592 1616 1703 1771 1805 1971 1975 2010
Iter#282364 New set #200 of size 26 (1411.8 its/hit = 0.215s/hit): seed=2614100866514288654 [57, 91, 365, 650, 668, 704, 947, 991, 1073, 1144, 1170, 1208, 1308, 1332, 1399, 1436, 1480, 1530, 1592, 1616, 1703, 1771, 1805, 1971, 1975, 2010]
logs_monomial/n11_monomial5.txt.bz2.greedyext.20260223_083632.txt

60 225 314 396 462 483 667 705 795 868 886 945 972 1094 1095 1248 1492 1512 1549 1657 1675 1684 1796 1868 1885 2033
Iter#15402 New set #7 of size 26 (2200.3 its/hit = 0.571s/hit): seed=4618797300672760084 [60, 225, 314, 396, 462, 483, 667, 705, 795, 868, 886, 945, 972, 1094, 1095, 1248, 1492, 1512, 1549, 1657, 1675, 1684, 1796, 1868, 1885, 2033]
logs_monomial/n11_monomial5.txt.bz2.greedyext.20260223_083633.txt

165 292 390 477 539 550 603 758 807 878 890 992 1063 1159 1438 1469 1516 1527 1537 1566 1592 1783 1895 1993 2029 2047
Iter#14153536 New set #9000 of size 26 (1572.6 its/hit = 0.210s/hit): seed=13704228925509782319 [165, 292, 390, 477, 539, 550, 603, 758, 807, 878, 890, 992, 1063, 1159, 1438, 1469, 1516, 1527, 1537, 1566, 1592, 1783, 1895, 1993, 2029, 2047]
logs_monomial/n11_monomial5.txt.bz2.greedyext.20260220_210834.txt

27 91 264 355 539 611 653 664 675 713 725 978 1301 1308 1446 1505 1528 1579 1581 1584 1594 1724 1745 1849 1970 1993
Iter#982433 New set #600 of size 26 (1637.4 its/hit = 0.322s/hit): seed=5222156306710519327 [27, 91, 264, 355, 539, 611, 653, 664, 675, 713, 725, 978, 1301, 1308, 1446, 1505, 1528, 1579, 1581, 1584, 1594, 1724, 1745, 1849, 1970, 1993]
logs_monomial/n11_monomial5.txt.bz2.greedyext.20260223_083631.txt

78 319 333 363 418 636 670 808 815 821 853 897 1027 1097 1216 1220 1282 1412 1465 1492 1577 1622 1665 1719 1837 2006
Iter#15718851 New set #10000 of size 26 (1571.9 its/hit = 0.210s/hit): seed=73392220490013667 [78, 319, 333, 363, 418, 636, 670, 808, 815, 821, 853, 897, 1027, 1097, 1216, 1220, 1282, 1412, 1465, 1492, 1577, 1622, 1665, 1719, 1837, 2006]
logs_monomial/n11_monomial5.txt.bz2.greedyext.20260220_210834.txt

21 118 169 280 320 339 518 556 723 785 838 863 936 1137 1217 1318 1422 1496 1544 1597 1740 1787 1833 1853 1871 2022
Iter#46635563 New set #30000 of size 26 (1554.5 its/hit = 0.178s/hit): seed=7980655774448248462 [21, 118, 169, 280, 320, 339, 518, 556, 723, 785, 838, 863, 936, 1137, 1217, 1318, 1422, 1496, 1544, 1597, 1740, 1787, 1833, 1853, 1871, 2022]
logs_monomial/n11_monomial5.txt.bz2.greedyext.20260222_000855.txt

83 215 251 328 453 592 613 682 795 825 917 921 1036 1049 1074 1082 1110 1150 1165 1265 1424 1529 1665 1861 1978 1981
Iter#1117 New set #1 of size 26 (1117.0 its/hit = 0.000s/hit): seed=14374104467295876628 [83, 215, 251, 328, 453, 592, 613, 682, 795, 825, 917, 921, 1036, 1049, 1074, 1082, 1110, 1150, 1165, 1265, 1424, 1529, 1665, 1861, 1978, 1981]
logs_monomial/n11_monomial5.txt.bz2.greedyext.20260223_083632.txt

24 37 168 210 254 458 478 659 820 867 1062 1107 1120 1165 1234 1239 1419 1463 1506 1529 1533 1545 1756 1835 1912 1981
Iter#1474 New set #2 of size 26 (737.0 its/hit = 0.000s/hit): seed=12424833471516408764 [24, 37, 168, 210, 254, 458, 478, 659, 820, 867, 1062, 1107, 1120, 1165, 1234, 1239, 1419, 1463, 1506, 1529, 1533, 1545, 1756, 1835, 1912, 1981]
logs_monomial/n11_monomial5.txt.bz2.greedyext.20260222_000855.txt

111 290 345 354 510 678 707 791 813 858 953 1031 1052 1053 1054 1072 1143 1271 1328 1357 1401 1583 1680 1736 1841 1885
Iter#1381689 New set #900 of size 26 (1535.2 its/hit = 0.259s/hit): seed=5598608479451195586 [111, 290, 345, 354, 510, 678, 707, 791, 813, 858, 953, 1031, 1052, 1053, 1054, 1072, 1143, 1271, 1328, 1357, 1401, 1583, 1680, 1736, 1841, 1885]
logs_monomial/n11_monomial5.txt.bz2.greedyext.20260223_083632.txt

209 319 474 489 524 541 624 684 815 885 897 956 989 1154 1442 1524 1551 1575 1762 1775 1844 1850 1885 1891 1915 1980
Iter#6136 New set #4 of size 26 (1534.0 its/hit = 0.000s/hit): seed=16578176834363537058 [209, 319, 474, 489, 524, 541, 624, 684, 815, 885, 897, 956, 989, 1154, 1442, 1524, 1551, 1575, 1762, 1775, 1844, 1850, 1885, 1891, 1915, 1980]
logs_monomial/n11_monomial5.txt.bz2.greedyext.20260223_083631.txt

273 296 469 513 553 569 624 808 848 863 937 966 976 995 1106 1135 1168 1239 1254 1371 1404 1678 1793 1808 1948 2018
Iter#124872 New set #80 of size 26 (1560.9 its/hit = 0.275s/hit): seed=11292763766913787036 [273, 296, 469, 513, 553, 569, 624, 808, 848, 863, 937, 966, 976, 995, 1106, 1135, 1168, 1239, 1254, 1371, 1404, 1678, 1793, 1808, 1948, 2018]
logs_monomial/n11_monomial5.txt.bz2.greedyext.20260223_083631.txt

48 89 194 288 599 609 615 643 719 756 794 842 860 882 990 1055 1149 1175 1204 1490 1512 1530 1590 1786 1817 1941
Iter#1410628 New set #900 of size 26 (1567.4 its/hit = 0.211s/hit): seed=2242467533824346765 [48, 89, 194, 288, 599, 609, 615, 643, 719, 756, 794, 842, 860, 882, 990, 1055, 1149, 1175, 1204, 1490, 1512, 1530, 1590, 1786, 1817, 1941]
logs_monomial/n11_monomial5.txt.bz2.greedyext.20260220_210834.txt

16 29 60 148 280 347 516 604 609 638 661 666 727 768 883 930 934 1286 1321 1477 1585 1613 1622 1708 1820 1989
Iter#151440 New set #100 of size 26 (1514.4 its/hit = 0.170s/hit): seed=4236202339996918357 [16, 29, 60, 148, 280, 347, 516, 604, 609, 638, 661, 666, 727, 768, 883, 930, 934, 1286, 1321, 1477, 1585, 1613, 1622, 1708, 1820, 1989]
logs_monomial/n11_monomial5.txt.bz2.greedyext.20260222_000855.txt

13 84 105 163 226 307 423 496 780 866 905 921 956 963 1082 1135 1221 1254 1282 1421 1465 1776 1815 1969 1990 2001
Iter#93570 New set #70 of size 26 (1336.7 its/hit = 0.171s/hit): seed=16519542437243683026 [13, 84, 105, 163, 226, 307, 423, 496, 780, 866, 905, 921, 956, 963, 1082, 1135, 1221, 1254, 1282, 1421, 1465, 1776, 1815, 1969, 1990, 2001]
logs_monomial/n11_monomial5.txt.bz2.greedyext.20260223_083632.txt

140 218 332 369 450 518 577 712 768 772 842 918 1042 1277 1496 1514 1657 1679 1766 1803 1814 1862 1881 1988 2012 2044
Iter#335355 New set #200 of size 26 (1676.8 its/hit = 0.290s/hit): seed=11017285946215910738 [140, 218, 332, 369, 450, 518, 577, 712, 768, 772, 842, 918, 1042, 1277, 1496, 1514, 1657, 1679, 1766, 1803, 1814, 1862, 1881, 1988, 2012, 2044]
logs_monomial/n11_monomial5.txt.bz2.greedyext.20260223_083631.txt

25 121 257 534 601 640 704 743 763 875 954 959 971 1049 1070 1136 1177 1303 1405 1519 1528 1836 1936 1945 1977 1996
Iter#59680 New set #40 of size 26 (1492.0 its/hit = 0.150s/hit): seed=1160385195516559530 [25, 121, 257, 534, 601, 640, 704, 743, 763, 875, 954, 959, 971, 1049, 1070, 1136, 1177, 1303, 1405, 1519, 1528, 1836, 1936, 1945, 1977, 1996]
logs_monomial/n11_monomial5.txt.bz2.greedyext.20260222_000855.txt

36 84 221 245 299 305 385 600 623 697 1208 1242 1299 1387 1397 1424 1442 1518 1554 1563 1685 1743 1774 1778 1782 2016
Iter#22625 New set #10 of size 26 (2262.5 its/hit = 0.300s/hit): seed=3828268292167617264 [36, 84, 221, 245, 299, 305, 385, 600, 623, 697, 1208, 1242, 1299, 1387, 1397, 1424, 1442, 1518, 1554, 1563, 1685, 1743, 1774, 1778, 1782, 2016]
logs_monomial/n11_monomial5.txt.bz2.greedyext.20260220_210834.txt

45 260 305 368 375 472 474 536 539 566 699 785 814 835 863 1058 1096 1114 1218 1241 1306 1532 1557 1736 1798 1922
Iter#132006 New set #80 of size 26 (1650.1 its/hit = 0.175s/hit): seed=14440115055237667213 [45, 260, 305, 368, 375, 472, 474, 536, 539, 566, 699, 785, 814, 835, 863, 1058, 1096, 1114, 1218, 1241, 1306, 1532, 1557, 1736, 1798, 1922]
logs_monomial/n11_monomial5.txt.bz2.greedyext.20260222_000855.txt

110 214 355 366 367 488 519 585 639 766 823 903 1115 1267 1296 1304 1474 1504 1575 1592 1749 1824 1909 1941 1952 2010
Iter#56353 New set #40 of size 26 (1408.8 its/hit = 0.175s/hit): seed=2173336020109017617 [110, 214, 355, 366, 367, 488, 519, 585, 639, 766, 823, 903, 1115, 1267, 1296, 1304, 1474, 1504, 1575, 1592, 1749, 1824, 1909, 1941, 1952, 2010]
logs_monomial/n11_monomial5.txt.bz2.greedyext.20260223_083632.txt

148 157 183 346 412 436 450 529 695 771 864 876 888 972 1015 1103 1243 1565 1581 1703 1711 1716 1765 1791 1898 1925
Iter#8004 New set #4 of size 26 (2001.0 its/hit = 0.250s/hit): seed=3975102603248420947 [148, 157, 183, 346, 412, 436, 450, 529, 695, 771, 864, 876, 888, 972, 1015, 1103, 1243, 1565, 1581, 1703, 1711, 1716, 1765, 1791, 1898, 1925]
logs_monomial/n11_monomial5.txt.bz2.greedyext.20260220_210834.txt

47 78 293 455 544 570 704 852 855 1010 1163 1173 1223 1328 1329 1350 1419 1437 1474 1613 1642 1650 1659 1698 1945 1987
Iter#73468 New set #40 of size 26 (1836.7 its/hit = 0.250s/hit): seed=16663020953014542925 [47, 78, 293, 455, 544, 570, 704, 852, 855, 1010, 1163, 1173, 1223, 1328, 1329, 1350, 1419, 1437, 1474, 1613, 1642, 1650, 1659, 1698, 1945, 1987]
logs_monomial/n11_monomial5.txt.bz2.greedyext.20260220_210834.txt

45 247 294 451 479 522 759 762 850 918 942 985 1108 1111 1145 1189 1254 1272 1507 1577 1597 1658 1700 1758 1834 1924
Iter#1102196 New set #700 of size 26 (1574.6 its/hit = 0.213s/hit): seed=9549382177056274160 [45, 247, 294, 451, 479, 522, 759, 762, 850, 918, 942, 985, 1108, 1111, 1145, 1189, 1254, 1272, 1507, 1577, 1597, 1658, 1700, 1758, 1834, 1924]
logs_monomial/n11_monomial5.txt.bz2.greedyext.20260220_210834.txt

23 31 67 91 128 149 478 528 617 640 681 867 915 978 1006 1070 1149 1206 1232 1282 1561 1591 1953 1975 2005 2010
Iter#13681 New set #8 of size 26 (1710.1 its/hit = 0.250s/hit): seed=208112659223107334 [23, 31, 67, 91, 128, 149, 478, 528, 617, 640, 681, 867, 915, 978, 1006, 1070, 1149, 1206, 1232, 1282, 1561, 1591, 1953, 1975, 2005, 2010]
logs_monomial/n11_monomial5.txt.bz2.greedyext.20260223_083631.txt

286 380 477 576 589 608 688 700 731 827 843 862 979 1007 1075 1102 1201 1277 1303 1593 1601 1675 1781 1895 1989 2039
Iter#19507 New set #10 of size 26 (1950.7 its/hit = 0.500s/hit): seed=18198258003230642448 [286, 380, 477, 576, 589, 608, 688, 700, 731, 827, 843, 862, 979, 1007, 1075, 1102, 1201, 1277, 1303, 1593, 1601, 1675, 1781, 1895, 1989, 2039]
logs_monomial/n11_monomial5.txt.bz2.greedyext.20260223_083633.txt

144 209 257 348 397 497 512 573 693 727 765 877 915 1084 1159 1164 1350 1411 1423 1532 1611 1795 1806 1850 1938 2001
Iter#4601070 New set #3000 of size 26 (1533.7 its/hit = 0.173s/hit): seed=9290026087724376072 [144, 209, 257, 348, 397, 497, 512, 573, 693, 727, 765, 877, 915, 1084, 1159, 1164, 1350, 1411, 1423, 1532, 1611, 1795, 1806, 1850, 1938, 2001]
logs_monomial/n11_monomial5.txt.bz2.greedyext.20260222_000855.txt

316 380 502 527 532 608 610 628 711 713 717 956 1107 1140 1154 1199 1348 1389 1643 1715 1766 1895 1910 1914 2000 2037
Iter#1315 New set #1 of size 26 (1315.0 its/hit = 0.000s/hit): seed=490641093381226645 [316, 380, 502, 527, 532, 608, 610, 628, 711, 713, 717, 956, 1107, 1140, 1154, 1199, 1348, 1389, 1643, 1715, 1766, 1895, 1910, 1914, 2000, 2037]
logs_monomial/n11_monomial5.txt.bz2.greedyext.20260223_083633.txt

18 186 223 356 445 482 506 584 605 872 883 992 1036 1091 1322 1396 1399 1450 1468 1530 1540 1619 1875 1948 1970 2000
Iter#41666 New set #30 of size 26 (1388.9 its/hit = 0.167s/hit): seed=13344290327976685252 [18, 186, 223, 356, 445, 482, 506, 584, 605, 872, 883, 992, 1036, 1091, 1322, 1396, 1399, 1450, 1468, 1530, 1540, 1619, 1875, 1948, 1970, 2000]
logs_monomial/n11_monomial5.txt.bz2.greedyext.20260223_083632.txt

24 26 41 97 135 329 358 399 404 452 504 601 653 746 749 798 812 976 1007 1346 1378 1402 1528 1707 1869 1939
Iter#6542 New set #3 of size 26 (2180.7 its/hit = 0.000s/hit): seed=14279543145495683446 [24, 26, 41, 97, 135, 329, 358, 399, 404, 452, 504, 601, 653, 746, 749, 798, 812, 976, 1007, 1346, 1378, 1402, 1528, 1707, 1869, 1939]
logs_monomial/n11_monomial5.txt.bz2.greedyext.20260220_210834.txt

77 112 119 196 263 282 343 519 589 731 779 920 966 1025 1070 1143 1173 1180 1505 1574 1641 1705 1753 1847 1991 2008
Iter#6425 New set #5 of size 26 (1285.0 its/hit = 0.200s/hit): seed=7568058588709429131 [77, 112, 119, 196, 263, 282, 343, 519, 589, 731, 779, 920, 966, 1025, 1070, 1143, 1173, 1180, 1505, 1574, 1641, 1705, 1753, 1847, 1991, 2008]
logs_monomial/n11_monomial5.txt.bz2.greedyext.20260223_083631.txt

142 190 210 221 431 607 659 661 798 811 838 938 965 1004 1072 1213 1281 1363 1546 1652 1717 1875 1934 1935 1942 1987
Iter#142015 New set #90 of size 26 (1577.9 its/hit = 0.167s/hit): seed=17750646280045267504 [142, 190, 210, 221, 431, 607, 659, 661, 798, 811, 838, 938, 965, 1004, 1072, 1213, 1281, 1363, 1546, 1652, 1717, 1875, 1934, 1935, 1942, 1987]
logs_monomial/n11_monomial5.txt.bz2.greedyext.20260222_000855.txt

39 149 198 248 334 359 378 449 495 629 642 696 894 960 993 1360 1517 1528 1562 1690 1767 1824 1831 1905 1942 1972
Iter#150173 New set #90 of size 26 (1668.6 its/hit = 0.222s/hit): seed=6953672040620067090 [39, 149, 198, 248, 334, 359, 378, 449, 495, 629, 642, 696, 894, 960, 993, 1360, 1517, 1528, 1562, 1690, 1767, 1824, 1831, 1905, 1942, 1972]
logs_monomial/n11_monomial5.txt.bz2.greedyext.20260220_210834.txt

236 252 405 448 706 846 856 861 977 1037 1123 1135 1256 1268 1334 1388 1452 1494 1562 1659 1689 1730 1802 1804 1809 1888
Iter#74232 New set #50 of size 26 (1484.6 its/hit = 0.160s/hit): seed=15869026751379466709 [236, 252, 405, 448, 706, 846, 856, 861, 977, 1037, 1123, 1135, 1256, 1268, 1334, 1388, 1452, 1494, 1562, 1659, 1689, 1730, 1802, 1804, 1809, 1888]
logs_monomial/n11_monomial5.txt.bz2.greedyext.20260222_000855.txt

131 146 215 263 271 274 360 483 537 754 799 853 994 1043 1072 1094 1157 1264 1477 1506 1577 1761 1840 1899 1924 1956
Iter#137903 New set #80 of size 26 (1723.8 its/hit = 0.225s/hit): seed=5262982497488310618 [131, 146, 215, 263, 271, 274, 360, 483, 537, 754, 799, 853, 994, 1043, 1072, 1094, 1157, 1264, 1477, 1506, 1577, 1761, 1840, 1899, 1924, 1956]
logs_monomial/n11_monomial5.txt.bz2.greedyext.20260220_210834.txt

102 130 287 370 429 483 515 618 772 895 946 1182 1218 1290 1655 1672 1690 1694 1701 1781 1784 1801 1907 1919 1939 1991
Iter#93195 New set #60 of size 26 (1553.2 its/hit = 0.200s/hit): seed=5055269136417428548 [102, 130, 287, 370, 429, 483, 515, 618, 772, 895, 946, 1182, 1218, 1290, 1655, 1672, 1690, 1694, 1701, 1781, 1784, 1801, 1907, 1919, 1939, 1991]
logs_monomial/n11_monomial5.txt.bz2.greedyext.20260220_210834.txt

36 52 150 260 299 494 500 580 607 668 704 710 744 839 947 964 1059 1103 1159 1178 1282 1559 1796 1930 1959 1984
Iter#16242 New set #7 of size 26 (2320.3 its/hit = 0.286s/hit): seed=15533844795593564649 [36, 52, 150, 260, 299, 494, 500, 580, 607, 668, 704, 710, 744, 839, 947, 964, 1059, 1103, 1159, 1178, 1282, 1559, 1796, 1930, 1959, 1984]
logs_monomial/n11_monomial5.txt.bz2.greedyext.20260220_210834.txt

67 87 99 117 281 505 604 690 731 775 790 911 967 1022 1231 1262 1329 1463 1479 1507 1531 1543 1754 1823 1956 1958
Iter#23434 New set #10 of size 26 (2343.4 its/hit = 0.400s/hit): seed=5095999559763448402 [67, 87, 99, 117, 281, 505, 604, 690, 731, 775, 790, 911, 967, 1022, 1231, 1262, 1329, 1463, 1479, 1507, 1531, 1543, 1754, 1823, 1956, 1958]
logs_monomial/n11_monomial5.txt.bz2.greedyext.20260223_083631.txt

37 173 236 277 280 352 571 608 626 695 801 808 929 954 1040 1048 1165 1254 1310 1351 1371 1449 1594 1664 1873 1937
Iter#12502 New set #6 of size 26 (2083.7 its/hit = 0.500s/hit): seed=15329623035533956932 [37, 173, 236, 277, 280, 352, 571, 608, 626, 695, 801, 808, 929, 954, 1040, 1048, 1165, 1254, 1310, 1351, 1371, 1449, 1594, 1664, 1873, 1937]
logs_monomial/n11_monomial5.txt.bz2.greedyext.20260223_083633.txt

39 244 411 580 600 618 654 706 724 849 897 921 1002 1142 1221 1277 1421 1439 1530 1664 1705 1745 1774 1781 1789 1954
Iter#78925 New set #50 of size 26 (1578.5 its/hit = 0.360s/hit): seed=1589325604142660646 [39, 244, 411, 580, 600, 618, 654, 706, 724, 849, 897, 921, 1002, 1142, 1221, 1277, 1421, 1439, 1530, 1664, 1705, 1745, 1774, 1781, 1789, 1954]
logs_monomial/n11_monomial5.txt.bz2.greedyext.20260223_083633.txt

130 149 152 257 328 534 556 703 825 855 864 883 937 978 1066 1156 1235 1595 1672 1718 1790 1817 1851 1861 1936 1944
Iter#57981 New set #40 of size 26 (1449.5 its/hit = 0.250s/hit): seed=10682645449505745838 [130, 149, 152, 257, 328, 534, 556, 703, 825, 855, 864, 883, 937, 978, 1066, 1156, 1235, 1595, 1672, 1718, 1790, 1817, 1851, 1861, 1936, 1944]
logs_monomial/n11_monomial5.txt.bz2.greedyext.20260223_083631.txt

181 195 280 313 405 447 549 640 641 768 1186 1272 1323 1389 1408 1435 1543 1551 1555 1766 1825 1858 1875 1918 1960 1993
Iter#771877 New set #500 of size 26 (1543.8 its/hit = 0.268s/hit): seed=13186007450909464362 [181, 195, 280, 313, 405, 447, 549, 640, 641, 768, 1186, 1272, 1323, 1389, 1408, 1435, 1543, 1551, 1555, 1766, 1825, 1858, 1875, 1918, 1960, 1993]
logs_monomial/n11_monomial5.txt.bz2.greedyext.20260223_083632.txt

95 98 150 151 374 392 420 523 619 680 836 936 946 948 995 1074 1079 1081 1200 1282 1406 1620 1754 1847 1921 1953
Iter#9205560 New set #6000 of size 26 (1534.3 its/hit = 0.173s/hit): seed=11785603226183161887 [95, 98, 150, 151, 374, 392, 420, 523, 619, 680, 836, 936, 946, 948, 995, 1074, 1079, 1081, 1200, 1282, 1406, 1620, 1754, 1847, 1921, 1953]
logs_monomial/n11_monomial5.txt.bz2.greedyext.20260222_000855.txt

59 77 95 98 100 108 208 282 287 314 473 616 701 824 904 1012 1015 1098 1169 1197 1227 1397 1544 1626 1642 1731
Iter#12213203 New set #8000 of size 26 (1526.7 its/hit = 0.172s/hit): seed=2971223406130092265 [59, 77, 95, 98, 100, 108, 208, 282, 287, 314, 473, 616, 701, 824, 904, 1012, 1015, 1098, 1169, 1197, 1227, 1397, 1544, 1626, 1642, 1731]
logs_monomial/n11_monomial5.txt.bz2.greedyext.20260222_000855.txt

17 71 189 215 309 310 332 544 608 787 788 872 973 1098 1103 1139 1155 1198 1225 1295 1299 1350 1431 1597 1807 2046
Iter#8057 New set #6 of size 26 (1342.8 its/hit = 0.167s/hit): seed=9900753517640089467 [17, 71, 189, 215, 309, 310, 332, 544, 608, 787, 788, 872, 973, 1098, 1103, 1139, 1155, 1198, 1225, 1295, 1299, 1350, 1431, 1597, 1807, 2046]
logs_monomial/n11_monomial5.txt.bz2.greedyext.20260223_083631.txt

353 356 462 491 539 550 569 616 680 944 951 1002 1147 1306 1356 1359 1395 1409 1454 1476 1921 1935 1941 2028 2029 2042
Iter#71009 New set #40 of size 26 (1775.2 its/hit = 0.400s/hit): seed=12289975853589202889 [353, 356, 462, 491, 539, 550, 569, 616, 680, 944, 951, 1002, 1147, 1306, 1356, 1359, 1395, 1409, 1454, 1476, 1921, 1935, 1941, 2028, 2029, 2042]
logs_monomial/n11_monomial5.txt.bz2.greedyext.20260223_083633.txt

52 67 208 223 369 396 432 449 505 578 600 725 755 759 766 844 953 1010 1191 1197 1417 1471 1564 1661 1699 2027
Iter#1399658 New set #900 of size 26 (1555.2 its/hit = 0.176s/hit): seed=13308714888903155721 [52, 67, 208, 223, 369, 396, 432, 449, 505, 578, 600, 725, 755, 759, 766, 844, 953, 1010, 1191, 1197, 1417, 1471, 1564, 1661, 1699, 2027]
logs_monomial/n11_monomial5.txt.bz2.greedyext.20260222_000855.txt

226 246 267 309 357 553 564 895 924 940 1012 1032 1037 1115 1205 1220 1316 1558 1616 1647 1772 1818 1876 1948 1962 1983
Iter#5757 New set #2 of size 26 (2878.5 its/hit = 0.000s/hit): seed=1241632525496020285 [226, 246, 267, 309, 357, 553, 564, 895, 924, 940, 1012, 1032, 1037, 1115, 1205, 1220, 1316, 1558, 1616, 1647, 1772, 1818, 1876, 1948, 1962, 1983]
logs_monomial/n11_monomial5.txt.bz2.greedyext.20260220_210834.txt

2 29 154 247 336 627 651 662 673 691 822 849 855 892 923 924 1048 1076 1129 1252 1394 1538 1661 1682 1697 1900
Iter#1265514 New set #800 of size 26 (1581.9 its/hit = 0.214s/hit): seed=11557062688216744900 [2, 29, 154, 247, 336, 627, 651, 662, 673, 691, 822, 849, 855, 892, 923, 924, 1048, 1076, 1129, 1252, 1394, 1538, 1661, 1682, 1697, 1900]
logs_monomial/n11_monomial5.txt.bz2.greedyext.20260220_210834.txt

114 140 290 332 361 485 506 564 672 680 684 796 884 915 937 946 1009 1526 1621 1669 1750 1768 1784 1889 1910 1925
Iter#117986 New set #90 of size 26 (1311.0 its/hit = 0.167s/hit): seed=17449569253903259370 [114, 140, 290, 332, 361, 485, 506, 564, 672, 680, 684, 796, 884, 915, 937, 946, 1009, 1526, 1621, 1669, 1750, 1768, 1784, 1889, 1910, 1925]
logs_monomial/n11_monomial5.txt.bz2.greedyext.20260223_083632.txt

37 41 130 239 242 243 406 464 479 513 749 893 1029 1148 1197 1260 1336 1497 1502 1579 1629 1683 1862 1917 2022 2028
Iter#10637909 New set #7000 of size 26 (1519.7 its/hit = 0.171s/hit): seed=14931118641116924482 [37, 41, 130, 239, 242, 243, 406, 464, 479, 513, 749, 893, 1029, 1148, 1197, 1260, 1336, 1497, 1502, 1579, 1629, 1683, 1862, 1917, 2022, 2028]
logs_monomial/n11_monomial5.txt.bz2.greedyext.20260222_000855.txt

29 237 297 304 361 381 412 484 524 540 570 787 849 935 942 969 993 1172 1408 1429 1623 1745 1902 1910 2041 2046
Iter#79239 New set #50 of size 26 (1584.8 its/hit = 0.200s/hit): seed=8098258909392745090 [29, 237, 297, 304, 361, 381, 412, 484, 524, 540, 570, 787, 849, 935, 942, 969, 993, 1172, 1408, 1429, 1623, 1745, 1902, 1910, 2041, 2046]
logs_monomial/n11_monomial5.txt.bz2.greedyext.20260220_210834.txt

91 184 187 188 255 323 536 589 703 744 772 777 867 923 1023 1225 1243 1281 1363 1425 1454 1622 1736 1955 1973 2024
Iter#1273653 New set #800 of size 26 (1592.1 its/hit = 0.179s/hit): seed=11285728748012491300 [91, 184, 187, 188, 255, 323, 536, 589, 703, 744, 772, 777, 867, 923, 1023, 1225, 1243, 1281, 1363, 1425, 1454, 1622, 1736, 1955, 1973, 2024]
logs_monomial/n11_monomial5.txt.bz2.greedyext.20260222_000855.txt

343 409 419 452 485 490 528 681 706 727 962 994 999 1020 1097 1195 1204 1248 1403 1430 1479 1498 1522 1751 1839 1869
Iter#50432 New set #30 of size 26 (1681.1 its/hit = 0.300s/hit): seed=5817074212687621119 [343, 409, 419, 452, 485, 490, 528, 681, 706, 727, 962, 994, 999, 1020, 1097, 1195, 1204, 1248, 1403, 1430, 1479, 1498, 1522, 1751, 1839, 1869]
logs_monomial/n11_monomial5.txt.bz2.greedyext.20260223_083631.txt

5 9 10 13 34 48 204 209 412 482 555 582 626 763 918 977 1109 1169 1226 1254 1496 1533 1589 1716 1879 2040
Iter#68317 New set #50 of size 26 (1366.3 its/hit = 0.160s/hit): seed=9273951102820398718 [5, 9, 10, 13, 34, 48, 204, 209, 412, 482, 555, 582, 626, 763, 918, 977, 1109, 1169, 1226, 1254, 1496, 1533, 1589, 1716, 1879, 2040]
logs_monomial/n11_monomial5.txt.bz2.greedyext.20260223_083632.txt

62 73 117 203 329 412 453 461 605 638 667 697 698 750 807 832 908 965 1001 1223 1239 1312 1615 1622 1817 1849
Iter#62551969 New set #40000 of size 26 (1563.8 its/hit = 0.179s/hit): seed=12581396214266657122 [62, 73, 117, 203, 329, 412, 453, 461, 605, 638, 667, 697, 698, 750, 807, 832, 908, 965, 1001, 1223, 1239, 1312, 1615, 1622, 1817, 1849]
logs_monomial/n11_monomial5.txt.bz2.greedyext.20260222_000855.txt

85 206 238 265 269 281 337 517 588 674 745 793 804 868 1061 1101 1143 1159 1285 1295 1308 1444 1558 1606 1874 2015
Iter#1072 New set #1 of size 26 (1072.0 its/hit = 0.000s/hit): seed=17956827353927505595 [85, 206, 238, 265, 269, 281, 337, 517, 588, 674, 745, 793, 804, 868, 1061, 1101, 1143, 1159, 1285, 1295, 1308, 1444, 1558, 1606, 1874, 2015]
logs_monomial/n11_monomial5.txt.bz2.greedyext.20260222_000855.txt

167 192 245 253 329 335 437 533 554 688 730 1263 1342 1381 1409 1462 1469 1481 1548 1561 1624 1678 1732 1766 1812 1848
Iter#6316237 New set #4000 of size 26 (1579.1 its/hit = 0.212s/hit): seed=12484466779369835212 [167, 192, 245, 253, 329, 335, 437, 533, 554, 688, 730, 1263, 1342, 1381, 1409, 1462, 1469, 1481, 1548, 1561, 1624, 1678, 1732, 1766, 1812, 1848]
logs_monomial/n11_monomial5.txt.bz2.greedyext.20260220_210834.txt

15 19 124 158 203 313 377 388 634 695 713 792 990 1102 1227 1256 1338 1358 1668 1767 1796 1837 1943 1964 1978 2004
Iter#64732 New set #30 of size 26 (2157.7 its/hit = 0.267s/hit): seed=15282853043038531255 [15, 19, 124, 158, 203, 313, 377, 388, 634, 695, 713, 792, 990, 1102, 1227, 1256, 1338, 1358, 1668, 1767, 1796, 1837, 1943, 1964, 1978, 2004]
logs_monomial/n11_monomial5.txt.bz2.greedyext.20260220_210834.txt

35 78 100 108 219 265 269 304 517 529 633 672 738 806 900 1156 1311 1371 1569 1592 1651 1781 1787 1901 2017 2018
Iter#9535367 New set #6000 of size 26 (1589.2 its/hit = 0.213s/hit): seed=12347058665633350196 [35, 78, 100, 108, 219, 265, 269, 304, 517, 529, 633, 672, 738, 806, 900, 1156, 1311, 1371, 1569, 1592, 1651, 1781, 1787, 1901, 2017, 2018]
logs_monomial/n11_monomial5.txt.bz2.greedyext.20260220_210834.txt

57 84 126 166 169 352 438 561 776 858 866 981 1134 1222 1237 1239 1434 1438 1452 1514 1797 1813 1873 1883 1928 1994
Iter#16908 New set #8 of size 26 (2113.5 its/hit = 0.500s/hit): seed=16965530444863636785 [57, 84, 126, 166, 169, 352, 438, 561, 776, 858, 866, 981, 1134, 1222, 1237, 1239, 1434, 1438, 1452, 1514, 1797, 1813, 1873, 1883, 1928, 1994]
logs_monomial/n11_monomial5.txt.bz2.greedyext.20260223_083633.txt

69 99 193 258 266 321 378 532 640 746 894 923 944 946 989 1080 1095 1130 1356 1468 1533 1581 1642 1652 1772 1785
Iter#24445 New set #20 of size 26 (1222.2 its/hit = 0.100s/hit): seed=7701193340938418579 [69, 99, 193, 258, 266, 321, 378, 532, 640, 746, 894, 923, 944, 946, 989, 1080, 1095, 1130, 1356, 1468, 1533, 1581, 1642, 1652, 1772, 1785]
logs_monomial/n11_monomial5.txt.bz2.greedyext.20260222_000855.txt

39 97 124 203 223 294 441 451 596 628 647 663 677 700 750 1027 1033 1303 1330 1338 1606 1663 1716 1747 1827 1951
Iter#77264 New set #50 of size 26 (1545.3 its/hit = 0.260s/hit): seed=9949446363881990006 [39, 97, 124, 203, 223, 294, 441, 451, 596, 628, 647, 663, 677, 700, 750, 1027, 1033, 1303, 1330, 1338, 1606, 1663, 1716, 1747, 1827, 1951]
logs_monomial/n11_monomial5.txt.bz2.greedyext.20260223_083631.txt

82 123 187 199 343 498 507 653 702 744 780 820 908 951 1056 1250 1276 1302 1554 1584 1693 1774 1792 1928 1950 1972
Iter#17261 New set #8 of size 26 (2157.6 its/hit = 0.250s/hit): seed=16227565782845046577 [82, 123, 187, 199, 343, 498, 507, 653, 702, 744, 780, 820, 908, 951, 1056, 1250, 1276, 1302, 1554, 1584, 1693, 1774, 1792, 1928, 1950, 1972]
logs_monomial/n11_monomial5.txt.bz2.greedyext.20260223_083632.txt

28 268 416 448 459 589 592 712 717 783 837 917 1017 1151 1223 1224 1329 1362 1379 1412 1485 1575 1692 1715 1840 1868
Iter#2698 New set #1 of size 26 (2698.0 its/hit = 0.000s/hit): seed=6247566761394915748 [28, 268, 416, 448, 459, 589, 592, 712, 717, 783, 837, 917, 1017, 1151, 1223, 1224, 1329, 1362, 1379, 1412, 1485, 1575, 1692, 1715, 1840, 1868]
logs_monomial/n11_monomial5.txt.bz2.greedyext.20260220_210834.txt

79 371 419 462 599 744 872 897 908 959 1146 1211 1269 1343 1486 1501 1522 1617 1744 1840 1842 1857 1881 1928 1975 2029
Iter#167276 New set #100 of size 26 (1672.8 its/hit = 0.290s/hit): seed=12176528386657121444 [79, 371, 419, 462, 599, 744, 872, 897, 908, 959, 1146, 1211, 1269, 1343, 1486, 1501, 1522, 1617, 1744, 1840, 1842, 1857, 1881, 1928, 1975, 2029]
logs_monomial/n11_monomial5.txt.bz2.greedyext.20260223_083631.txt

126 135 214 304 404 448 531 599 640 667 692 924 955 971 1026 1043 1066 1093 1174 1459 1469 1543 1589 1675 2035 2044
Iter#3199400 New set #2000 of size 26 (1599.7 its/hit = 0.215s/hit): seed=18289199851642043219 [126, 135, 214, 304, 404, 448, 531, 599, 640, 667, 692, 924, 955, 971, 1026, 1043, 1066, 1093, 1174, 1459, 1469, 1543, 1589, 1675, 2035, 2044]
logs_monomial/n11_monomial5.txt.bz2.greedyext.20260220_210834.txt

12 226 272 339 356 405 487 799 915 995 1033 1260 1281 1363 1398 1403 1490 1577 1582 1596 1598 1616 1856 1953 2002 2046
Iter#15732 New set #6 of size 26 (2622.0 its/hit = 0.333s/hit): seed=17324444614874289676 [12, 226, 272, 339, 356, 405, 487, 799, 915, 995, 1033, 1260, 1281, 1363, 1398, 1403, 1490, 1577, 1582, 1596, 1598, 1616, 1856, 1953, 2002, 2046]
logs_monomial/n11_monomial5.txt.bz2.greedyext.20260220_210834.txt

57 173 186 374 385 584 750 753 832 874 944 1283 1305 1504 1541 1611 1621 1734 1757 1794 1806 1814 1855 1877 1888 1959
Iter#6282 New set #5 of size 26 (1256.4 its/hit = 0.000s/hit): seed=3400915663812107583 [57, 173, 186, 374, 385, 584, 750, 753, 832, 874, 944, 1283, 1305, 1504, 1541, 1611, 1621, 1734, 1757, 1794, 1806, 1814, 1855, 1877, 1888, 1959]
logs_monomial/n11_monomial5.txt.bz2.greedyext.20260222_000855.txt

20 218 316 366 475 538 673 701 705 754 759 988 1144 1188 1243 1273 1298 1515 1633 1639 1672 1807 1816 1869 1926 2035
Iter#53363 New set #30 of size 26 (1778.8 its/hit = 0.433s/hit): seed=17603183753651709781 [20, 218, 316, 366, 475, 538, 673, 701, 705, 754, 759, 988, 1144, 1188, 1243, 1273, 1298, 1515, 1633, 1639, 1672, 1807, 1816, 1869, 1926, 2035]
logs_monomial/n11_monomial5.txt.bz2.greedyext.20260223_083633.txt

36 48 99 128 178 266 290 293 308 414 548 700 825 951 967 969 1022 1152 1350 1374 1543 1704 1892 1952 1960 1997
Iter#120586 New set #70 of size 26 (1722.7 its/hit = 0.229s/hit): seed=683329198077613697 [36, 48, 99, 128, 178, 266, 290, 293, 308, 414, 548, 700, 825, 951, 967, 969, 1022, 1152, 1350, 1374, 1543, 1704, 1892, 1952, 1960, 1997]
logs_monomial/n11_monomial5.txt.bz2.greedyext.20260220_210834.txt

97 117 125 197 248 251 353 493 588 641 821 847 972 1056 1125 1166 1199 1204 1226 1304 1359 1618 1649 1743 1872 1965
Iter#18614 New set #9 of size 26 (2068.2 its/hit = 0.222s/hit): seed=18017009393866254042 [97, 117, 125, 197, 248, 251, 353, 493, 588, 641, 821, 847, 972, 1056, 1125, 1166, 1199, 1204, 1226, 1304, 1359, 1618, 1649, 1743, 1872, 1965]
logs_monomial/n11_monomial5.txt.bz2.greedyext.20260223_083632.txt

41 128 136 235 340 412 445 495 507 524 740 987 997 1017 1068 1104 1160 1327 1558 1575 1817 1844 1861 1934 1937 2005
Iter#420872 New set #300 of size 26 (1402.9 its/hit = 0.220s/hit): seed=13896117440662621136 [41, 128, 136, 235, 340, 412, 445, 495, 507, 524, 740, 987, 997, 1017, 1068, 1104, 1160, 1327, 1558, 1575, 1817, 1844, 1861, 1934, 1937, 2005]
logs_monomial/n11_monomial5.txt.bz2.greedyext.20260223_083632.txt

138 354 362 371 405 514 526 538 572 580 627 648 802 871 1239 1383 1423 1520 1572 1592 1595 1620 1782 1924 1969 2040
Iter#9245 New set #6 of size 26 (1540.8 its/hit = 0.167s/hit): seed=5501262195834578092 [138, 354, 362, 371, 405, 514, 526, 538, 572, 580, 627, 648, 802, 871, 1239, 1383, 1423, 1520, 1572, 1592, 1595, 1620, 1782, 1924, 1969, 2040]
logs_monomial/n11_monomial5.txt.bz2.greedyext.20260223_083632.txt

