13 30 33 108 124 369 519 526 544 617 665 707 809 850 944 948 1123 1178 1245 1352 1539 1744 1872 1890 1897 1917 2017 2040
Iter#5334082 New set #600 of size 28 (8890.1 its/hit = 1.215s/hit): seed=5002453262259849057 [13, 30, 33, 108, 124, 369, 519, 526, 544, 617, 665, 707, 809, 850, 944, 948, 1123, 1178, 1245, 1352, 1539, 1744, 1872, 1890, 1897, 1917, 2017, 2040]
logs_monomial/n11_monomial3.txt.bz2.greedyext.20260222_000855.txt

121 148 197 266 351 394 400 413 512 655 698 1222 1235 1252 1275 1310 1313 1565 1698 1715 1743 1769 1799 1800 1803 1997 2003 2045
Iter#42499 New set #7 of size 28 (6071.3 its/hit = 1.429s/hit): seed=5580827347909554813 [121, 148, 197, 266, 351, 394, 400, 413, 512, 655, 698, 1222, 1235, 1252, 1275, 1310, 1313, 1565, 1698, 1715, 1743, 1769, 1799, 1800, 1803, 1997, 2003, 2045]
logs_monomial/n11_monomial3.txt.bz2.greedyext.20260223_083633.txt

107 165 288 410 476 479 480 598 659 823 870 953 1018 1063 1065 1140 1202 1234 1299 1334 1652 1653 1691 1791 1922 1997 2010 2036
Iter#26763920 New set #3000 of size 28 (8921.3 its/hit = 1.219s/hit): seed=864952241783783972 [107, 165, 288, 410, 476, 479, 480, 598, 659, 823, 870, 953, 1018, 1063, 1065, 1140, 1202, 1234, 1299, 1334, 1652, 1653, 1691, 1791, 1922, 1997, 2010, 2036]
logs_monomial/n11_monomial3.txt.bz2.greedyext.20260222_000855.txt

75 161 201 218 265 291 404 663 670 733 765 844 950 1060 1214 1260 1408 1452 1463 1464 1625 1627 1751 1770 1776 1803 1820 1984
Iter#7508751 New set #800 of size 28 (9385.9 its/hit = 0.998s/hit): seed=4860726129333479858 [75, 161, 201, 218, 265, 291, 404, 663, 670, 733, 765, 844, 950, 1060, 1214, 1260, 1408, 1452, 1463, 1464, 1625, 1627, 1751, 1770, 1776, 1803, 1820, 1984]
logs_monomial/n11_monomial3.txt.bz2.greedyext.20260220_210834.txt

2 72 75 216 391 489 632 720 724 725 816 836 896 919 1131 1172 1178 1225 1256 1330 1511 1523 1590 1616 1708 1740 1953 1994
Iter#339643 New set #40 of size 28 (8491.1 its/hit = 1.175s/hit): seed=12680931260923797608 [2, 72, 75, 216, 391, 489, 632, 720, 724, 725, 816, 836, 896, 919, 1131, 1172, 1178, 1225, 1256, 1330, 1511, 1523, 1590, 1616, 1708, 1740, 1953, 1994]
logs_monomial/n11_monomial3.txt.bz2.greedyext.20260222_000855.txt

88 118 119 142 260 279 349 364 369 384 470 550 570 573 581 589 627 950 1098 1128 1201 1213 1282 1398 1424 1524 1724 1766
Iter#46632 New set #4 of size 28 (11658.0 its/hit = 1.250s/hit): seed=7733931071829236372 [88, 118, 119, 142, 260, 279, 349, 364, 369, 384, 470, 550, 570, 573, 581, 589, 627, 950, 1098, 1128, 1201, 1213, 1282, 1398, 1424, 1524, 1724, 1766]
logs_monomial/n11_monomial3.txt.bz2.greedyext.20260223_083632.txt

2 15 177 228 243 515 544 563 576 586 596 804 840 906 941 1099 1133 1162 1195 1286 1294 1368 1534 1536 1578 1648 1779 1938
Iter#300449 New set #30 of size 28 (10015.0 its/hit = 1.467s/hit): seed=17559059065117003372 [2, 15, 177, 228, 243, 515, 544, 563, 576, 586, 596, 804, 840, 906, 941, 1099, 1133, 1162, 1195, 1286, 1294, 1368, 1534, 1536, 1578, 1648, 1779, 1938]
logs_monomial/n11_monomial3.txt.bz2.greedyext.20260223_083632.txt

353 358 375 450 545 574 597 614 615 663 769 807 1005 1034 1058 1103 1197 1242 1270 1280 1305 1428 1498 1659 1766 1909 2019 2046
Iter#367343 New set #40 of size 28 (9183.6 its/hit = 1.800s/hit): seed=11194391410192068612 [353, 358, 375, 450, 545, 574, 597, 614, 615, 663, 769, 807, 1005, 1034, 1058, 1103, 1197, 1242, 1270, 1280, 1305, 1428, 1498, 1659, 1766, 1909, 2019, 2046]
logs_monomial/n11_monomial3.txt.bz2.greedyext.20260223_083631.txt

96 142 152 170 225 428 445 455 592 729 823 826 966 992 1110 1169 1202 1206 1306 1403 1617 1704 1801 1857 1874 1886 1918 2000
Iter#3724304 New set #400 of size 28 (9310.8 its/hit = 1.275s/hit): seed=3044134686595674486 [96, 142, 152, 170, 225, 428, 445, 455, 592, 729, 823, 826, 966, 992, 1110, 1169, 1202, 1206, 1306, 1403, 1617, 1704, 1801, 1857, 1874, 1886, 1918, 2000]
logs_monomial/n11_monomial3.txt.bz2.greedyext.20260222_000855.txt

24 94 126 166 259 310 402 469 535 672 760 856 900 913 1003 1082 1265 1268 1331 1359 1522 1632 1644 1668 1687 1699 1793 1949
Iter#226887 New set #30 of size 28 (7562.9 its/hit = 1.700s/hit): seed=1442658091622999791 [24, 94, 126, 166, 259, 310, 402, 469, 535, 672, 760, 856, 900, 913, 1003, 1082, 1265, 1268, 1331, 1359, 1522, 1632, 1644, 1668, 1687, 1699, 1793, 1949]
logs_monomial/n11_monomial3.txt.bz2.greedyext.20260223_083633.txt

26 43 170 248 268 329 340 416 712 747 783 794 970 986 1026 1093 1125 1186 1192 1209 1219 1538 1542 1584 1618 1814 1878 1899
Iter#91771 New set #8 of size 28 (11471.4 its/hit = 2.250s/hit): seed=8940355431152785936 [26, 43, 170, 248, 268, 329, 340, 416, 712, 747, 783, 794, 970, 986, 1026, 1093, 1125, 1186, 1192, 1209, 1219, 1538, 1542, 1584, 1618, 1814, 1878, 1899]
logs_monomial/n11_monomial3.txt.bz2.greedyext.20260223_083631.txt

20 278 299 333 487 498 556 688 737 768 808 810 837 954 1063 1111 1218 1314 1330 1556 1682 1685 1730 1756 1831 1838 1874 2038
Iter#35894372 New set #4000 of size 28 (8973.6 its/hit = 1.226s/hit): seed=17308430789345628876 [20, 278, 299, 333, 487, 498, 556, 688, 737, 768, 808, 810, 837, 954, 1063, 1111, 1218, 1314, 1330, 1556, 1682, 1685, 1730, 1756, 1831, 1838, 1874, 2038]
logs_monomial/n11_monomial3.txt.bz2.greedyext.20260222_000855.txt

184 404 484 503 535 704 728 921 952 966 1034 1219 1238 1275 1340 1344 1348 1391 1414 1542 1617 1639 1747 1763 1766 1769 1969 1986
Iter#2564309 New set #300 of size 28 (8547.7 its/hit = 0.913s/hit): seed=14928751649296993594 [184, 404, 484, 503, 535, 704, 728, 921, 952, 966, 1034, 1219, 1238, 1275, 1340, 1344, 1348, 1391, 1414, 1542, 1617, 1639, 1747, 1763, 1766, 1769, 1969, 1986]
logs_monomial/n11_monomial3.txt.bz2.greedyext.20260220_210834.txt

110 216 223 234 329 343 386 407 448 494 589 809 810 877 881 966 1036 1054 1075 1166 1219 1528 1642 1740 1828 1928 1997 2036
Iter#228153 New set #20 of size 28 (11407.7 its/hit = 1.600s/hit): seed=4560547968225914145 [110, 216, 223, 234, 329, 343, 386, 407, 448, 494, 589, 809, 810, 877, 881, 966, 1036, 1054, 1075, 1166, 1219, 1528, 1642, 1740, 1828, 1928, 1997, 2036]
logs_monomial/n11_monomial3.txt.bz2.greedyext.20260223_083632.txt

53 76 197 201 211 312 421 464 502 599 698 755 1051 1079 1107 1155 1279 1291 1292 1323 1361 1411 1603 1617 1854 1888 1922 1927
Iter#67193 New set #7 of size 28 (9599.0 its/hit = 1.286s/hit): seed=11988351576984455541 [53, 76, 197, 201, 211, 312, 421, 464, 502, 599, 698, 755, 1051, 1079, 1107, 1155, 1279, 1291, 1292, 1323, 1361, 1411, 1603, 1617, 1854, 1888, 1922, 1927]
logs_monomial/n11_monomial3.txt.bz2.greedyext.20260222_000855.txt

3 166 359 370 441 452 547 689 741 758 913 989 1127 1133 1153 1181 1217 1270 1321 1534 1654 1695 1838 1843 1864 1891 1905 2028
Iter#6078056 New set #700 of size 28 (8682.9 its/hit = 1.187s/hit): seed=18038486828841484483 [3, 166, 359, 370, 441, 452, 547, 689, 741, 758, 913, 989, 1127, 1133, 1153, 1181, 1217, 1270, 1321, 1534, 1654, 1695, 1838, 1843, 1864, 1891, 1905, 2028]
logs_monomial/n11_monomial3.txt.bz2.greedyext.20260222_000855.txt

90 132 188 198 204 246 611 674 706 763 840 898 964 1344 1464 1478 1524 1537 1561 1626 1683 1704 1715 1757 1832 1841 1904 1937
Iter#82155 New set #6 of size 28 (13692.5 its/hit = 2.667s/hit): seed=5445921496430145308 [90, 132, 188, 198, 204, 246, 611, 674, 706, 763, 840, 898, 964, 1344, 1464, 1478, 1524, 1537, 1561, 1626, 1683, 1704, 1715, 1757, 1832, 1841, 1904, 1937]
logs_monomial/n11_monomial3.txt.bz2.greedyext.20260223_083631.txt

10 125 126 470 570 654 701 726 739 881 1007 1027 1042 1105 1155 1226 1433 1511 1629 1675 1710 1772 1790 1825 1889 1940 1947 1998
Iter#31850 New set #3 of size 28 (10616.7 its/hit = 1.333s/hit): seed=7427209507496357644 [10, 125, 126, 470, 570, 654, 701, 726, 739, 881, 1007, 1027, 1042, 1105, 1155, 1226, 1433, 1511, 1629, 1675, 1710, 1772, 1790, 1825, 1889, 1940, 1947, 1998]
logs_monomial/n11_monomial3.txt.bz2.greedyext.20260222_000855.txt

24 323 532 681 690 711 728 861 867 953 1126 1134 1217 1353 1384 1400 1410 1419 1630 1645 1659 1714 1718 1783 1845 1983 2012 2020
Iter#104313 New set #10 of size 28 (10431.3 its/hit = 1.400s/hit): seed=2338460996499749411 [24, 323, 532, 681, 690, 711, 728, 861, 867, 953, 1126, 1134, 1217, 1353, 1384, 1400, 1410, 1419, 1630, 1645, 1659, 1714, 1718, 1783, 1845, 1983, 2012, 2020]
logs_monomial/n11_monomial3.txt.bz2.greedyext.20260222_000855.txt

93 113 120 121 153 198 296 377 410 540 564 583 734 779 834 866 1111 1172 1371 1381 1393 1471 1479 1732 1894 1942 1998 2039
Iter#702486 New set #80 of size 28 (8781.1 its/hit = 1.650s/hit): seed=14704676753927636382 [93, 113, 120, 121, 153, 198, 296, 377, 410, 540, 564, 583, 734, 779, 834, 866, 1111, 1172, 1371, 1381, 1393, 1471, 1479, 1732, 1894, 1942, 1998, 2039]
logs_monomial/n11_monomial3.txt.bz2.greedyext.20260223_083631.txt

18 81 129 204 268 281 385 425 482 577 734 735 766 900 1081 1224 1421 1425 1436 1487 1525 1590 1655 1891 1964 2000 2016 2024
Iter#412210 New set #40 of size 28 (10305.2 its/hit = 1.600s/hit): seed=2176437386417759320 [18, 81, 129, 204, 268, 281, 385, 425, 482, 577, 734, 735, 766, 900, 1081, 1224, 1421, 1425, 1436, 1487, 1525, 1590, 1655, 1891, 1964, 2000, 2016, 2024]
logs_monomial/n11_monomial3.txt.bz2.greedyext.20260223_083632.txt

15 48 88 101 235 246 354 382 422 432 445 537 698 708 724 940 982 996 1099 1187 1211 1391 1426 1434 1446 1683 1726 1930
Iter#259254 New set #30 of size 28 (8641.8 its/hit = 1.200s/hit): seed=13092928721178289591 [15, 48, 88, 101, 235, 246, 354, 382, 422, 432, 445, 537, 698, 708, 724, 940, 982, 996, 1099, 1187, 1211, 1391, 1426, 1434, 1446, 1683, 1726, 1930]
logs_monomial/n11_monomial3.txt.bz2.greedyext.20260222_000855.txt

6 38 39 58 180 432 487 605 652 690 752 803 859 955 1007 1083 1149 1153 1260 1352 1361 1371 1386 1394 1429 1533 1592 1756
Iter#287476 New set #30 of size 28 (9582.5 its/hit = 1.000s/hit): seed=163581394344895708 [6, 38, 39, 58, 180, 432, 487, 605, 652, 690, 752, 803, 859, 955, 1007, 1083, 1149, 1153, 1260, 1352, 1361, 1371, 1386, 1394, 1429, 1533, 1592, 1756]
logs_monomial/n11_monomial3.txt.bz2.greedyext.20260220_210834.txt

23 216 236 357 365 400 483 511 518 568 606 891 931 1120 1137 1236 1245 1327 1462 1482 1483 1561 1593 1666 1751 1877 1902 1978
Iter#555058 New set #50 of size 28 (11101.2 its/hit = 1.780s/hit): seed=10285679216447356908 [23, 216, 236, 357, 365, 400, 483, 511, 518, 568, 606, 891, 931, 1120, 1137, 1236, 1245, 1327, 1462, 1482, 1483, 1561, 1593, 1666, 1751, 1877, 1902, 1978]
logs_monomial/n11_monomial3.txt.bz2.greedyext.20260223_083632.txt

7 90 149 205 232 409 422 431 463 584 660 733 741 858 933 937 1091 1109 1309 1415 1525 1559 1604 1793 1875 1937 2006 2045
Iter#200042 New set #20 of size 28 (10002.1 its/hit = 1.050s/hit): seed=4054732823145351814 [7, 90, 149, 205, 232, 409, 422, 431, 463, 584, 660, 733, 741, 858, 933, 937, 1091, 1109, 1309, 1415, 1525, 1559, 1604, 1793, 1875, 1937, 2006, 2045]
logs_monomial/n11_monomial3.txt.bz2.greedyext.20260220_210834.txt

74 119 239 260 348 381 539 609 615 622 660 787 805 891 1038 1171 1365 1369 1387 1456 1522 1570 1710 1763 1853 1876 1930 1934
Iter#2932677 New set #300 of size 28 (9775.6 its/hit = 1.340s/hit): seed=194712072421091461 [74, 119, 239, 260, 348, 381, 539, 609, 615, 622, 660, 787, 805, 891, 1038, 1171, 1365, 1369, 1387, 1456, 1522, 1570, 1710, 1763, 1853, 1876, 1930, 1934]
logs_monomial/n11_monomial3.txt.bz2.greedyext.20260222_000855.txt

37 94 108 142 577 728 811 846 906 1068 1093 1163 1227 1269 1396 1521 1560 1593 1644 1687 1722 1785 1860 1907 1986 2035 2041 2047
Iter#386872 New set #50 of size 28 (7737.4 its/hit = 1.500s/hit): seed=1189809960610383984 [37, 94, 108, 142, 577, 728, 811, 846, 906, 1068, 1093, 1163, 1227, 1269, 1396, 1521, 1560, 1593, 1644, 1687, 1722, 1785, 1860, 1907, 1986, 2035, 2041, 2047]
logs_monomial/n11_monomial3.txt.bz2.greedyext.20260223_083633.txt

282 320 345 350 396 453 499 577 606 626 662 894 903 1001 1003 1058 1078 1224 1242 1318 1356 1403 1583 1608 1648 1770 1824 1969
Iter#26192 New set #2 of size 28 (13096.0 its/hit = 2.000s/hit): seed=17515999776403735691 [282, 320, 345, 350, 396, 453, 499, 577, 606, 626, 662, 894, 903, 1001, 1003, 1058, 1078, 1224, 1242, 1318, 1356, 1403, 1583, 1608, 1648, 1770, 1824, 1969]
logs_monomial/n11_monomial3.txt.bz2.greedyext.20260223_083631.txt

27 97 180 257 260 276 289 328 385 592 609 708 758 820 827 1045 1062 1240 1294 1309 1329 1579 1695 1714 1721 1763 1824 1993
Iter#594832 New set #70 of size 28 (8497.6 its/hit = 1.171s/hit): seed=8240475469931934531 [27, 97, 180, 257, 260, 276, 289, 328, 385, 592, 609, 708, 758, 820, 827, 1045, 1062, 1240, 1294, 1309, 1329, 1579, 1695, 1714, 1721, 1763, 1824, 1993]
logs_monomial/n11_monomial3.txt.bz2.greedyext.20260222_000855.txt

102 134 294 364 390 405 485 524 546 555 579 620 761 773 1029 1100 1118 1188 1273 1372 1483 1650 1693 1730 1783 1859 1998 2047
Iter#186045 New set #20 of size 28 (9302.2 its/hit = 1.950s/hit): seed=5554816062470074709 [102, 134, 294, 364, 390, 405, 485, 524, 546, 555, 579, 620, 761, 773, 1029, 1100, 1118, 1188, 1273, 1372, 1483, 1650, 1693, 1730, 1783, 1859, 1998, 2047]
logs_monomial/n11_monomial3.txt.bz2.greedyext.20260223_083631.txt

66 114 186 228 415 441 525 823 849 852 890 939 1144 1254 1314 1364 1372 1384 1462 1557 1594 1621 1626 1674 1767 1818 1858 1954
Iter#34978 New set #3 of size 28 (11659.3 its/hit = 1.333s/hit): seed=14369569068924121896 [66, 114, 186, 228, 415, 441, 525, 823, 849, 852, 890, 939, 1144, 1254, 1314, 1364, 1372, 1384, 1462, 1557, 1594, 1621, 1626, 1674, 1767, 1818, 1858, 1954]
logs_monomial/n11_monomial3.txt.bz2.greedyext.20260223_083632.txt

13 24 25 37 145 390 758 800 819 825 928 941 967 1030 1106 1145 1250 1259 1293 1366 1501 1664 1679 1785 1889 1918 1949 1960
Iter#54416 New set #4 of size 28 (13604.0 its/hit = 2.500s/hit): seed=12008048076938172646 [13, 24, 25, 37, 145, 390, 758, 800, 819, 825, 928, 941, 967, 1030, 1106, 1145, 1250, 1259, 1293, 1366, 1501, 1664, 1679, 1785, 1889, 1918, 1949, 1960]
logs_monomial/n11_monomial3.txt.bz2.greedyext.20260223_083631.txt

18 38 49 212 351 611 626 680 805 1067 1075 1094 1096 1127 1278 1336 1369 1376 1597 1614 1709 1786 1901 1920 1921 1981 1994 2020
Iter#4378650 New set #500 of size 28 (8757.3 its/hit = 1.198s/hit): seed=14911782586226698713 [18, 38, 49, 212, 351, 611, 626, 680, 805, 1067, 1075, 1094, 1096, 1127, 1278, 1336, 1369, 1376, 1597, 1614, 1709, 1786, 1901, 1920, 1921, 1981, 1994, 2020]
logs_monomial/n11_monomial3.txt.bz2.greedyext.20260222_000855.txt

39 97 115 162 199 445 453 456 475 495 530 597 608 619 703 776 947 949 1005 1055 1135 1226 1407 1574 1780 1830 1924 2025
Iter#36469 New set #4 of size 28 (9117.2 its/hit = 1.000s/hit): seed=8817961085566133164 [39, 97, 115, 162, 199, 445, 453, 456, 475, 495, 530, 597, 608, 619, 703, 776, 947, 949, 1005, 1055, 1135, 1226, 1407, 1574, 1780, 1830, 1924, 2025]
logs_monomial/n11_monomial3.txt.bz2.greedyext.20260222_000855.txt

126 187 289 323 374 483 555 599 795 809 1039 1126 1144 1435 1472 1625 1720 1781 1794 1825 1834 1837 1849 1853 1907 1924 1955 2001
Iter#728484 New set #90 of size 28 (8094.3 its/hit = 0.867s/hit): seed=5369581192938653381 [126, 187, 289, 323, 374, 483, 555, 599, 795, 809, 1039, 1126, 1144, 1435, 1472, 1625, 1720, 1781, 1794, 1825, 1834, 1837, 1849, 1853, 1907, 1924, 1955, 2001]
logs_monomial/n11_monomial3.txt.bz2.greedyext.20260220_210834.txt

66 89 91 167 293 294 331 479 518 546 636 813 917 951 1020 1207 1233 1351 1388 1389 1448 1598 1607 1668 1687 1750 1977 1995
Iter#144685 New set #10 of size 28 (14468.5 its/hit = 1.800s/hit): seed=15836153205772905576 [66, 89, 91, 167, 293, 294, 331, 479, 518, 546, 636, 813, 917, 951, 1020, 1207, 1233, 1351, 1388, 1389, 1448, 1598, 1607, 1668, 1687, 1750, 1977, 1995]
logs_monomial/n11_monomial3.txt.bz2.greedyext.20260223_083632.txt

172 311 460 503 538 624 670 682 851 861 907 939 954 1054 1118 1213 1261 1377 1412 1483 1567 1712 1721 1741 1778 1796 1927 2037
Iter#1910479 New set #200 of size 28 (9552.4 its/hit = 1.310s/hit): seed=9923650942555490356 [172, 311, 460, 503, 538, 624, 670, 682, 851, 861, 907, 939, 954, 1054, 1118, 1213, 1261, 1377, 1412, 1483, 1567, 1712, 1721, 1741, 1778, 1796, 1927, 2037]
logs_monomial/n11_monomial3.txt.bz2.greedyext.20260222_000855.txt

186 294 376 429 495 513 545 561 606 618 685 735 905 920 1034 1036 1079 1189 1199 1258 1283 1371 1496 1532 1597 1702 1707 2030
Iter#22691 New set #5 of size 28 (4538.2 its/hit = 1.000s/hit): seed=4071491518079873323 [186, 294, 376, 429, 495, 513, 545, 561, 606, 618, 685, 735, 905, 920, 1034, 1036, 1079, 1189, 1199, 1258, 1283, 1371, 1496, 1532, 1597, 1702, 1707, 2030]
logs_monomial/n11_monomial3.txt.bz2.greedyext.20260223_083633.txt

6 37 40 210 266 344 406 435 461 622 658 669 717 820 860 877 1034 1126 1143 1176 1276 1390 1518 1736 1809 1860 1862 2020
Iter#8373026 New set #900 of size 28 (9303.4 its/hit = 0.989s/hit): seed=13724845231052024637 [6, 37, 40, 210, 266, 344, 406, 435, 461, 622, 658, 669, 717, 820, 860, 877, 1034, 1126, 1143, 1176, 1276, 1390, 1518, 1736, 1809, 1860, 1862, 2020]
logs_monomial/n11_monomial3.txt.bz2.greedyext.20260220_210834.txt

8 96 145 300 316 332 403 416 513 589 614 768 790 887 986 1034 1095 1263 1267 1286 1314 1376 1649 1651 1927 1983 1985 2025
Iter#731 New set #1 of size 28 (731.0 its/hit = 0.000s/hit): seed=17590456814358379941 [8, 96, 145, 300, 316, 332, 403, 416, 513, 589, 614, 768, 790, 887, 986, 1034, 1095, 1263, 1267, 1286, 1314, 1376, 1649, 1651, 1927, 1983, 1985, 2025]
logs_monomial/n11_monomial3.txt.bz2.greedyext.20260220_210834.txt

130 141 176 244 254 424 508 519 776 786 1153 1217 1255 1315 1353 1377 1380 1404 1539 1549 1810 1879 1909 1918 1980 1992 2009 2039
Iter#44844821 New set #5000 of size 28 (8969.0 its/hit = 1.228s/hit): seed=17457808870325693037 [130, 141, 176, 244, 254, 424, 508, 519, 776, 786, 1153, 1217, 1255, 1315, 1353, 1377, 1380, 1404, 1539, 1549, 1810, 1879, 1909, 1918, 1980, 1992, 2009, 2039]
logs_monomial/n11_monomial3.txt.bz2.greedyext.20260222_000855.txt

19 46 194 223 227 274 326 377 469 834 882 935 991 1078 1199 1234 1258 1339 1351 1387 1468 1534 1618 1775 1788 1834 1980 2015
Iter#881665 New set #90 of size 28 (9796.3 its/hit = 1.822s/hit): seed=4724859789268666341 [19, 46, 194, 223, 227, 274, 326, 377, 469, 834, 882, 935, 991, 1078, 1199, 1234, 1258, 1339, 1351, 1387, 1468, 1534, 1618, 1775, 1788, 1834, 1980, 2015]
logs_monomial/n11_monomial3.txt.bz2.greedyext.20260223_083632.txt

149 150 204 215 278 349 397 447 452 464 466 504 648 959 1109 1175 1241 1382 1458 1509 1528 1628 1820 1828 1935 1966 2017 2024
Iter#61053 New set #10 of size 28 (6105.3 its/hit = 1.400s/hit): seed=7845580279225822565 [149, 150, 204, 215, 278, 349, 397, 447, 452, 464, 466, 504, 648, 959, 1109, 1175, 1241, 1382, 1458, 1509, 1528, 1628, 1820, 1828, 1935, 1966, 2017, 2024]
logs_monomial/n11_monomial3.txt.bz2.greedyext.20260223_083633.txt

96 134 174 208 220 234 311 435 462 627 756 800 811 815 906 967 1188 1232 1273 1691 1768 1777 1788 1899 1924 2001 2033 2035
Iter#19584 New set #3 of size 28 (6528.0 its/hit = 1.333s/hit): seed=15604441536505161286 [96, 134, 174, 208, 220, 234, 311, 435, 462, 627, 756, 800, 811, 815, 906, 967, 1188, 1232, 1273, 1691, 1768, 1777, 1788, 1899, 1924, 2001, 2033, 2035]
logs_monomial/n11_monomial3.txt.bz2.greedyext.20260223_083633.txt

5 65 122 218 234 454 551 599 613 614 634 685 981 1019 1096 1138 1178 1247 1294 1331 1377 1397 1542 1699 1723 1792 2038 2047
Iter#654106 New set #60 of size 28 (10901.8 its/hit = 1.850s/hit): seed=7578788504467503758 [5, 65, 122, 218, 234, 454, 551, 599, 613, 614, 634, 685, 981, 1019, 1096, 1138, 1178, 1247, 1294, 1331, 1377, 1397, 1542, 1699, 1723, 1792, 2038, 2047]
logs_monomial/n11_monomial3.txt.bz2.greedyext.20260223_083632.txt

4 369 457 468 557 630 665 713 732 768 806 816 874 878 974 1084 1237 1248 1255 1466 1499 1590 1721 1727 1739 1839 1840 1843
Iter#4384067 New set #500 of size 28 (8768.1 its/hit = 0.934s/hit): seed=4754218163597116562 [4, 369, 457, 468, 557, 630, 665, 713, 732, 768, 806, 816, 874, 878, 974, 1084, 1237, 1248, 1255, 1466, 1499, 1590, 1721, 1727, 1739, 1839, 1840, 1843]
logs_monomial/n11_monomial3.txt.bz2.greedyext.20260220_210834.txt

8 50 90 116 177 219 314 464 500 684 692 777 822 901 909 1032 1098 1169 1279 1334 1339 1570 1757 1880 1937 1956 1958 2040
Iter#710444 New set #70 of size 28 (10149.2 its/hit = 1.771s/hit): seed=1256507382298123463 [8, 50, 90, 116, 177, 219, 314, 464, 500, 684, 692, 777, 822, 901, 909, 1032, 1098, 1169, 1279, 1334, 1339, 1570, 1757, 1880, 1937, 1956, 1958, 2040]
logs_monomial/n11_monomial3.txt.bz2.greedyext.20260223_083632.txt

10 67 97 206 335 427 470 485 558 577 737 799 993 1068 1076 1291 1314 1546 1632 1645 1707 1718 1776 1777 1782 1786 1943 2029
Iter#17981263 New set #2000 of size 28 (8990.6 its/hit = 1.227s/hit): seed=17879028307837761641 [10, 67, 97, 206, 335, 427, 470, 485, 558, 577, 737, 799, 993, 1068, 1076, 1291, 1314, 1546, 1632, 1645, 1707, 1718, 1776, 1777, 1782, 1786, 1943, 2029]
logs_monomial/n11_monomial3.txt.bz2.greedyext.20260222_000855.txt

72 127 191 292 397 402 426 443 458 627 681 723 875 1222 1324 1372 1405 1493 1500 1564 1664 1721 1758 1909 1918 1921 1923 2003
Iter#5520742 New set #600 of size 28 (9201.2 its/hit = 0.978s/hit): seed=14623591980416802987 [72, 127, 191, 292, 397, 402, 426, 443, 458, 627, 681, 723, 875, 1222, 1324, 1372, 1405, 1493, 1500, 1564, 1664, 1721, 1758, 1909, 1918, 1921, 1923, 2003]
logs_monomial/n11_monomial3.txt.bz2.greedyext.20260220_210834.txt

50 52 112 145 262 295 393 471 576 755 799 955 1041 1065 1157 1199 1390 1493 1551 1560 1601 1659 1710 1823 1941 1963 1973 2030
Iter#8501 New set #1 of size 28 (8501.0 its/hit = 1.000s/hit): seed=7807174254582857780 [50, 52, 112, 145, 262, 295, 393, 471, 576, 755, 799, 955, 1041, 1065, 1157, 1199, 1390, 1493, 1551, 1560, 1601, 1659, 1710, 1823, 1941, 1963, 1973, 2030]
logs_monomial/n11_monomial3.txt.bz2.greedyext.20260223_083632.txt

39 114 146 314 417 425 447 506 518 524 584 660 715 830 925 1051 1306 1432 1450 1454 1470 1558 1598 1600 1661 1769 1869 2018
Iter#113689 New set #9 of size 28 (12632.1 its/hit = 1.556s/hit): seed=15472787205461090328 [39, 114, 146, 314, 417, 425, 447, 506, 518, 524, 584, 660, 715, 830, 925, 1051, 1306, 1432, 1450, 1454, 1470, 1558, 1598, 1600, 1661, 1769, 1869, 2018]
logs_monomial/n11_monomial3.txt.bz2.greedyext.20260223_083632.txt

26 72 111 117 210 276 304 388 411 732 837 920 944 1011 1148 1221 1392 1480 1491 1513 1529 1530 1629 1669 1759 1815 1871 1880
Iter#6577639 New set #700 of size 28 (9396.6 its/hit = 0.999s/hit): seed=3790073342526511814 [26, 72, 111, 117, 210, 276, 304, 388, 411, 732, 837, 920, 944, 1011, 1148, 1221, 1392, 1480, 1491, 1513, 1529, 1530, 1629, 1669, 1759, 1815, 1871, 1880]
logs_monomial/n11_monomial3.txt.bz2.greedyext.20260220_210834.txt

6 63 89 471 623 713 762 898 1002 1003 1095 1098 1158 1192 1294 1412 1426 1472 1482 1602 1623 1632 1692 1703 1733 1753 1838 1893
Iter#483984 New set #60 of size 28 (8066.4 its/hit = 1.533s/hit): seed=6218597219159881156 [6, 63, 89, 471, 623, 713, 762, 898, 1002, 1003, 1095, 1098, 1158, 1192, 1294, 1412, 1426, 1472, 1482, 1602, 1623, 1632, 1692, 1703, 1733, 1753, 1838, 1893]
logs_monomial/n11_monomial3.txt.bz2.greedyext.20260223_083631.txt

88 110 203 244 299 338 349 367 375 393 444 468 478 548 666 818 962 1075 1223 1277 1288 1447 1534 1566 1577 1600 1707 1946
Iter#554790 New set #70 of size 28 (7925.6 its/hit = 0.843s/hit): seed=13485275107227500328 [88, 110, 203, 244, 299, 338, 349, 367, 375, 393, 444, 468, 478, 548, 666, 818, 962, 1075, 1223, 1277, 1288, 1447, 1534, 1566, 1577, 1600, 1707, 1946]
logs_monomial/n11_monomial3.txt.bz2.greedyext.20260220_210834.txt

32 172 211 425 488 643 820 903 957 963 1038 1125 1301 1405 1409 1416 1439 1491 1508 1531 1576 1648 1686 1702 1791 1816 1842 1971
Iter#423148 New set #50 of size 28 (8463.0 its/hit = 1.620s/hit): seed=16099877835143916985 [32, 172, 211, 425, 488, 643, 820, 903, 957, 963, 1038, 1125, 1301, 1405, 1409, 1416, 1439, 1491, 1508, 1531, 1576, 1648, 1686, 1702, 1791, 1816, 1842, 1971]
logs_monomial/n11_monomial3.txt.bz2.greedyext.20260223_083631.txt

39 141 203 288 313 324 336 357 409 432 480 612 623 649 758 938 1008 1135 1194 1198 1208 1229 1534 1646 1647 1680 1736 1935
Iter#8517206 New set #1000 of size 28 (8517.2 its/hit = 1.164s/hit): seed=12016826939170509545 [39, 141, 203, 288, 313, 324, 336, 357, 409, 432, 480, 612, 623, 649, 758, 938, 1008, 1135, 1194, 1198, 1208, 1229, 1534, 1646, 1647, 1680, 1736, 1935]
logs_monomial/n11_monomial3.txt.bz2.greedyext.20260222_000855.txt

204 213 248 271 356 358 392 423 501 645 776 842 899 908 962 1001 1078 1139 1172 1254 1255 1263 1307 1724 1846 1883 1929 1965
Iter#27496329 New set #3000 of size 28 (9165.4 its/hit = 0.975s/hit): seed=7063559699601477825 [204, 213, 248, 271, 356, 358, 392, 423, 501, 645, 776, 842, 899, 908, 962, 1001, 1078, 1139, 1172, 1254, 1255, 1263, 1307, 1724, 1846, 1883, 1929, 1965]
logs_monomial/n11_monomial3.txt.bz2.greedyext.20260220_210834.txt

37 87 210 294 472 533 611 628 681 865 917 949 961 985 1031 1255 1347 1409 1512 1545 1590 1633 1672 1710 1816 1861 1887 2020
Iter#576352 New set #70 of size 28 (8233.6 its/hit = 1.529s/hit): seed=4223187674245494762 [37, 87, 210, 294, 472, 533, 611, 628, 681, 865, 917, 949, 961, 985, 1031, 1255, 1347, 1409, 1512, 1545, 1590, 1633, 1672, 1710, 1816, 1861, 1887, 2020]
logs_monomial/n11_monomial3.txt.bz2.greedyext.20260223_083631.txt

115 127 220 400 484 619 705 770 799 879 884 885 1001 1034 1075 1088 1102 1104 1151 1179 1230 1380 1516 1581 1659 1816 1885 2000
Iter#766953 New set #80 of size 28 (9586.9 its/hit = 1.700s/hit): seed=239603428847936330 [115, 127, 220, 400, 484, 619, 705, 770, 799, 879, 884, 885, 1001, 1034, 1075, 1088, 1102, 1104, 1151, 1179, 1230, 1380, 1516, 1581, 1659, 1816, 1885, 2000]
logs_monomial/n11_monomial3.txt.bz2.greedyext.20260223_083632.txt

62 118 219 340 385 391 507 582 593 612 691 750 787 895 1037 1092 1099 1106 1149 1206 1236 1338 1563 1577 1746 1754 1798 1987
Iter#3409710 New set #400 of size 28 (8524.3 its/hit = 0.908s/hit): seed=7914632392317903150 [62, 118, 219, 340, 385, 391, 507, 582, 593, 612, 691, 750, 787, 895, 1037, 1092, 1099, 1106, 1149, 1206, 1236, 1338, 1563, 1577, 1746, 1754, 1798, 1987]
logs_monomial/n11_monomial3.txt.bz2.greedyext.20260220_210834.txt

21 48 178 268 399 453 676 682 744 907 913 944 972 1034 1049 1137 1162 1171 1194 1260 1315 1621 1706 1731 1748 1770 1847 2002
Iter#554363 New set #70 of size 28 (7919.5 its/hit = 1.514s/hit): seed=7881080443989923996 [21, 48, 178, 268, 399, 453, 676, 682, 744, 907, 913, 944, 972, 1034, 1049, 1137, 1162, 1171, 1194, 1260, 1315, 1621, 1706, 1731, 1748, 1770, 1847, 2002]
logs_monomial/n11_monomial3.txt.bz2.greedyext.20260223_083633.txt

26 134 155 334 359 433 583 644 694 741 820 923 953 1066 1203 1395 1459 1498 1499 1517 1556 1662 1682 1817 1892 1914 2035 2041
Iter#644589 New set #80 of size 28 (8057.4 its/hit = 0.862s/hit): seed=16424923289941603946 [26, 134, 155, 334, 359, 433, 583, 644, 694, 741, 820, 923, 953, 1066, 1203, 1395, 1459, 1498, 1499, 1517, 1556, 1662, 1682, 1817, 1892, 1914, 2035, 2041]
logs_monomial/n11_monomial3.txt.bz2.greedyext.20260220_210834.txt

153 279 308 363 428 507 515 566 635 644 798 804 901 914 967 1234 1287 1350 1413 1590 1598 1711 1727 1880 1904 1929 1958 1989
Iter#106466 New set #8 of size 28 (13308.2 its/hit = 1.375s/hit): seed=8043862203932987513 [153, 279, 308, 363, 428, 507, 515, 566, 635, 644, 798, 804, 901, 914, 967, 1234, 1287, 1350, 1413, 1590, 1598, 1711, 1727, 1880, 1904, 1929, 1958, 1989]
logs_monomial/n11_monomial3.txt.bz2.greedyext.20260220_210834.txt

27 117 154 181 268 403 407 451 454 479 533 612 684 845 855 856 882 913 1022 1024 1118 1347 1354 1394 1409 1472 1793 1839
Iter#767819 New set #90 of size 28 (8531.3 its/hit = 1.178s/hit): seed=12798934143367100379 [27, 117, 154, 181, 268, 403, 407, 451, 454, 479, 533, 612, 684, 845, 855, 856, 882, 913, 1022, 1024, 1118, 1347, 1354, 1394, 1409, 1472, 1793, 1839]
logs_monomial/n11_monomial3.txt.bz2.greedyext.20260222_000855.txt

21 28 51 129 142 143 149 227 269 277 473 632 653 699 811 829 969 1087 1127 1317 1325 1406 1480 1485 1520 1544 1569 1968
Iter#770564 New set #90 of size 28 (8561.8 its/hit = 1.644s/hit): seed=7232830064194828995 [21, 28, 51, 129, 142, 143, 149, 227, 269, 277, 473, 632, 653, 699, 811, 829, 969, 1087, 1127, 1317, 1325, 1406, 1480, 1485, 1520, 1544, 1569, 1968]
logs_monomial/n11_monomial3.txt.bz2.greedyext.20260223_083631.txt

27 43 128 133 139 153 233 241 301 367 568 595 607 728 743 874 909 932 948 1082 1301 1326 1477 1498 1564 1705 1851 1962
Iter#97836 New set #6 of size 28 (16306.0 its/hit = 2.000s/hit): seed=18106290338972127917 [27, 43, 128, 133, 139, 153, 233, 241, 301, 367, 568, 595, 607, 728, 743, 874, 909, 932, 948, 1082, 1301, 1326, 1477, 1498, 1564, 1705, 1851, 1962]
logs_monomial/n11_monomial3.txt.bz2.greedyext.20260223_083632.txt

65 68 103 137 160 291 358 456 598 704 758 794 858 1013 1039 1107 1113 1134 1144 1258 1280 1363 1594 1600 1662 1714 1889 1944
Iter#493169 New set #60 of size 28 (8219.5 its/hit = 1.550s/hit): seed=616917749079746616 [65, 68, 103, 137, 160, 291, 358, 456, 598, 704, 758, 794, 858, 1013, 1039, 1107, 1113, 1134, 1144, 1258, 1280, 1363, 1594, 1600, 1662, 1714, 1889, 1944]
logs_monomial/n11_monomial3.txt.bz2.greedyext.20260223_083633.txt

249 305 536 549 571 631 649 772 850 904 1006 1248 1371 1420 1432 1487 1490 1526 1550 1576 1594 1627 1639 1705 1879 1909 1985 2029
Iter#77405 New set #7 of size 28 (11057.9 its/hit = 1.143s/hit): seed=2152732656602473905 [249, 305, 536, 549, 571, 631, 649, 772, 850, 904, 1006, 1248, 1371, 1420, 1432, 1487, 1490, 1526, 1550, 1576, 1594, 1627, 1639, 1705, 1879, 1909, 1985, 2029]
logs_monomial/n11_monomial3.txt.bz2.greedyext.20260220_210834.txt

69 72 151 268 300 321 324 497 565 706 767 879 1007 1113 1200 1206 1408 1484 1641 1645 1669 1682 1782 1848 1851 1866 1926 1965
Iter#333835 New set #40 of size 28 (8345.9 its/hit = 0.875s/hit): seed=8134528499408984069 [69, 72, 151, 268, 300, 321, 324, 497, 565, 706, 767, 879, 1007, 1113, 1200, 1206, 1408, 1484, 1641, 1645, 1669, 1682, 1782, 1848, 1851, 1866, 1926, 1965]
logs_monomial/n11_monomial3.txt.bz2.greedyext.20260220_210834.txt

29 94 171 187 212 361 440 516 675 852 857 896 1081 1082 1178 1291 1422 1429 1477 1708 1887 1906 1954 1986 1987 2007 2021 2027
Iter#7731321 New set #900 of size 28 (8590.4 its/hit = 1.174s/hit): seed=13192428845198856745 [29, 94, 171, 187, 212, 361, 440, 516, 675, 852, 857, 896, 1081, 1082, 1178, 1291, 1422, 1429, 1477, 1708, 1887, 1906, 1954, 1986, 1987, 2007, 2021, 2027]
logs_monomial/n11_monomial3.txt.bz2.greedyext.20260222_000855.txt

128 233 315 354 443 509 659 660 948 986 1035 1063 1137 1173 1227 1256 1304 1330 1368 1498 1635 1766 1888 1896 1902 1925 1936 1951
Iter#18653 New set #2 of size 28 (9326.5 its/hit = 2.000s/hit): seed=15092399044632635918 [128, 233, 315, 354, 443, 509, 659, 660, 948, 986, 1035, 1063, 1137, 1173, 1227, 1256, 1304, 1330, 1368, 1498, 1635, 1766, 1888, 1896, 1902, 1925, 1936, 1951]
logs_monomial/n11_monomial3.txt.bz2.greedyext.20260223_083633.txt

0 146 165 203 267 475 523 558 584 663 670 683 889 986 1064 1089 1200 1201 1289 1345 1445 1471 1645 1650 1735 1858 1896 1904
Iter#89929 New set #8 of size 28 (11241.1 its/hit = 1.500s/hit): seed=16407668787650662913 [0, 146, 165, 203, 267, 475, 523, 558, 584, 663, 670, 683, 889, 986, 1064, 1089, 1200, 1201, 1289, 1345, 1445, 1471, 1645, 1650, 1735, 1858, 1896, 1904]
logs_monomial/n11_monomial3.txt.bz2.greedyext.20260222_000855.txt

17 88 97 176 478 743 784 878 930 958 1077 1119 1128 1309 1332 1353 1409 1476 1604 1650 1667 1673 1755 1809 1988 2019 2030 2039
Iter#755504 New set #100 of size 28 (7555.0 its/hit = 1.470s/hit): seed=15040588944928139843 [17, 88, 97, 176, 478, 743, 784, 878, 930, 958, 1077, 1119, 1128, 1309, 1332, 1353, 1409, 1476, 1604, 1650, 1667, 1673, 1755, 1809, 1988, 2019, 2030, 2039]
logs_monomial/n11_monomial3.txt.bz2.greedyext.20260223_083633.txt

5 11 19 66 193 227 272 409 489 681 782 831 867 969 1030 1056 1249 1310 1430 1555 1660 1687 1755 1855 1882 1890 1942 1951
Iter#6667 New set #1 of size 28 (6667.0 its/hit = 1.000s/hit): seed=2534393564174950276 [5, 11, 19, 66, 193, 227, 272, 409, 489, 681, 782, 831, 867, 969, 1030, 1056, 1249, 1310, 1430, 1555, 1660, 1687, 1755, 1855, 1882, 1890, 1942, 1951]
logs_monomial/n11_monomial3.txt.bz2.greedyext.20260223_083633.txt

107 122 149 442 522 545 593 630 760 937 973 974 992 996 1098 1129 1209 1215 1309 1347 1506 1530 1770 1812 1908 1948 1962 1972
Iter#28912 New set #3 of size 28 (9637.3 its/hit = 1.667s/hit): seed=16215087324595329876 [107, 122, 149, 442, 522, 545, 593, 630, 760, 937, 973, 974, 992, 996, 1098, 1129, 1209, 1215, 1309, 1347, 1506, 1530, 1770, 1812, 1908, 1948, 1962, 1972]
logs_monomial/n11_monomial3.txt.bz2.greedyext.20260223_083631.txt

14 140 226 375 539 604 612 673 747 800 814 838 909 1022 1146 1147 1156 1191 1257 1326 1362 1440 1599 1866 1928 1983 2026 2035
Iter#823593 New set #100 of size 28 (8235.9 its/hit = 0.880s/hit): seed=13663763447259333806 [14, 140, 226, 375, 539, 604, 612, 673, 747, 800, 814, 838, 909, 1022, 1146, 1147, 1156, 1191, 1257, 1326, 1362, 1440, 1599, 1866, 1928, 1983, 2026, 2035]
logs_monomial/n11_monomial3.txt.bz2.greedyext.20260220_210834.txt

14 21 129 237 345 422 619 666 716 755 780 787 829 1015 1055 1103 1257 1405 1660 1696 1704 1745 1858 1862 1871 1908 1941 2033
Iter#51689 New set #5 of size 28 (10337.8 its/hit = 1.400s/hit): seed=16369453392966729763 [14, 21, 129, 237, 345, 422, 619, 666, 716, 755, 780, 787, 829, 1015, 1055, 1103, 1257, 1405, 1660, 1696, 1704, 1745, 1858, 1862, 1871, 1908, 1941, 2033]
logs_monomial/n11_monomial3.txt.bz2.greedyext.20260222_000855.txt

55 84 259 288 300 354 415 542 591 635 649 756 828 867 992 1031 1074 1119 1145 1386 1399 1614 1647 1808 1825 1836 1842 1920
Iter#26476 New set #2 of size 28 (13238.0 its/hit = 1.500s/hit): seed=14211400069189802718 [55, 84, 259, 288, 300, 354, 415, 542, 591, 635, 649, 756, 828, 867, 992, 1031, 1074, 1119, 1145, 1386, 1399, 1614, 1647, 1808, 1825, 1836, 1842, 1920]
logs_monomial/n11_monomial3.txt.bz2.greedyext.20260222_000855.txt

91 134 167 219 314 372 508 517 519 625 733 855 976 1144 1152 1267 1280 1341 1342 1356 1489 1551 1652 1658 1782 1853 1906 1964
Iter#22092 New set #2 of size 28 (11046.0 its/hit = 1.000s/hit): seed=13664638880288756670 [91, 134, 167, 219, 314, 372, 508, 517, 519, 625, 733, 855, 976, 1144, 1152, 1267, 1280, 1341, 1342, 1356, 1489, 1551, 1652, 1658, 1782, 1853, 1906, 1964]
logs_monomial/n11_monomial3.txt.bz2.greedyext.20260223_083632.txt

1 75 128 260 368 385 518 529 572 583 624 680 705 804 805 816 867 901 988 1147 1192 1261 1266 1354 1363 1410 1745 1749
Iter#21405 New set #4 of size 28 (5351.2 its/hit = 1.250s/hit): seed=9421013504131744126 [1, 75, 128, 260, 368, 385, 518, 529, 572, 583, 624, 680, 705, 804, 805, 816, 867, 901, 988, 1147, 1192, 1261, 1266, 1354, 1363, 1410, 1745, 1749]
logs_monomial/n11_monomial3.txt.bz2.greedyext.20260223_083633.txt

80 82 178 291 375 394 486 640 687 714 743 838 844 888 898 944 1032 1075 1138 1139 1140 1349 1417 1529 1566 1656 1681 1741
Iter#97192 New set #10 of size 28 (9719.2 its/hit = 2.000s/hit): seed=11100688268961661472 [80, 82, 178, 291, 375, 394, 486, 640, 687, 714, 743, 838, 844, 888, 898, 944, 1032, 1075, 1138, 1139, 1140, 1349, 1417, 1529, 1566, 1656, 1681, 1741]
logs_monomial/n11_monomial3.txt.bz2.greedyext.20260223_083631.txt

5 79 203 219 277 404 476 477 518 586 600 689 724 754 826 943 944 947 1185 1404 1566 1708 1763 1795 1832 1834 1957 2044
Iter#23025 New set #2 of size 28 (11512.5 its/hit = 1.000s/hit): seed=983280878258220511 [5, 79, 203, 219, 277, 404, 476, 477, 518, 586, 600, 689, 724, 754, 826, 943, 944, 947, 1185, 1404, 1566, 1708, 1763, 1795, 1832, 1834, 1957, 2044]
logs_monomial/n11_monomial3.txt.bz2.greedyext.20260220_210834.txt

16 128 218 220 359 500 583 618 683 764 888 1010 1083 1084 1256 1322 1434 1455 1458 1497 1507 1560 1641 1688 1800 1832 1835 1894
Iter#42783 New set #4 of size 28 (10695.8 its/hit = 1.000s/hit): seed=4081168768126309780 [16, 128, 218, 220, 359, 500, 583, 618, 683, 764, 888, 1010, 1083, 1084, 1256, 1322, 1434, 1455, 1458, 1497, 1507, 1560, 1641, 1688, 1800, 1832, 1835, 1894]
logs_monomial/n11_monomial3.txt.bz2.greedyext.20260220_210834.txt

66 85 200 216 240 289 392 560 667 673 726 739 848 1035 1179 1267 1279 1351 1379 1410 1477 1555 1576 1625 1676 1933 1962 2047
Iter#464843 New set #60 of size 28 (7747.4 its/hit = 0.817s/hit): seed=2338187928133185750 [66, 85, 200, 216, 240, 289, 392, 560, 667, 673, 726, 739, 848, 1035, 1179, 1267, 1279, 1351, 1379, 1410, 1477, 1555, 1576, 1625, 1676, 1933, 1962, 2047]
logs_monomial/n11_monomial3.txt.bz2.greedyext.20260220_210834.txt

0 111 143 214 278 400 418 522 632 649 654 685 842 890 1009 1030 1032 1085 1138 1190 1262 1449 1557 1745 1869 1892 1934 1935
Iter#691666 New set #90 of size 28 (7685.2 its/hit = 1.511s/hit): seed=3120531637647439672 [0, 111, 143, 214, 278, 400, 418, 522, 632, 649, 654, 685, 842, 890, 1009, 1030, 1032, 1085, 1138, 1190, 1262, 1449, 1557, 1745, 1869, 1892, 1934, 1935]
logs_monomial/n11_monomial3.txt.bz2.greedyext.20260223_083633.txt

48 107 203 250 274 386 549 683 747 798 812 856 890 966 1034 1338 1351 1422 1476 1541 1570 1620 1658 1720 1747 1798 1842 1865
Iter#26530 New set #6 of size 28 (4421.7 its/hit = 1.000s/hit): seed=5930370688557194075 [48, 107, 203, 250, 274, 386, 549, 683, 747, 798, 812, 856, 890, 966, 1034, 1338, 1351, 1422, 1476, 1541, 1570, 1620, 1658, 1720, 1747, 1798, 1842, 1865]
logs_monomial/n11_monomial3.txt.bz2.greedyext.20260223_083633.txt

233 287 376 465 537 654 659 797 867 900 947 1013 1059 1187 1230 1292 1296 1298 1320 1337 1350 1357 1381 1423 1537 1684 1755 1809
Iter#9208719 New set #1000 of size 28 (9208.7 its/hit = 0.979s/hit): seed=3228642591277249386 [233, 287, 376, 465, 537, 654, 659, 797, 867, 900, 947, 1013, 1059, 1187, 1230, 1292, 1296, 1298, 1320, 1337, 1350, 1357, 1381, 1423, 1537, 1684, 1755, 1809]
logs_monomial/n11_monomial3.txt.bz2.greedyext.20260220_210834.txt

214 227 350 380 472 560 563 588 593 672 683 746 782 845 1048 1149 1185 1357 1398 1407 1457 1482 1530 1675 1679 1878 1896 1915
Iter#53770 New set #5 of size 28 (10754.0 its/hit = 1.200s/hit): seed=17205814891306111204 [214, 227, 350, 380, 472, 560, 563, 588, 593, 672, 683, 746, 782, 845, 1048, 1149, 1185, 1357, 1398, 1407, 1457, 1482, 1530, 1675, 1679, 1878, 1896, 1915]
logs_monomial/n11_monomial3.txt.bz2.greedyext.20260223_083632.txt

29 44 232 321 327 330 333 394 466 496 616 847 855 923 952 982 1043 1146 1160 1282 1293 1360 1753 1769 1788 1872 2028 2037
Iter#158259 New set #20 of size 28 (7913.0 its/hit = 1.850s/hit): seed=5593445031710538265 [29, 44, 232, 321, 327, 330, 333, 394, 466, 496, 616, 847, 855, 923, 952, 982, 1043, 1146, 1160, 1282, 1293, 1360, 1753, 1769, 1788, 1872, 2028, 2037]
logs_monomial/n11_monomial3.txt.bz2.greedyext.20260223_083633.txt

0 1 23 81 172 218 220 237 332 353 368 386 700 735 1100 1128 1137 1337 1381 1383 1531 1631 1725 1826 1868 1886 1893 2038
Iter#170639 New set #20 of size 28 (8532.0 its/hit = 1.150s/hit): seed=7367472090011911085 [0, 1, 23, 81, 172, 218, 220, 237, 332, 353, 368, 386, 700, 735, 1100, 1128, 1137, 1337, 1381, 1383, 1531, 1631, 1725, 1826, 1868, 1886, 1893, 2038]
logs_monomial/n11_monomial3.txt.bz2.greedyext.20260222_000855.txt

130 193 205 242 285 321 399 408 541 569 632 776 792 847 873 980 995 1072 1092 1728 1774 1806 1891 1893 1930 1955 2030 2038
Iter#55652 New set #9 of size 28 (6183.6 its/hit = 1.444s/hit): seed=5951993709680838059 [130, 193, 205, 242, 285, 321, 399, 408, 541, 569, 632, 776, 792, 847, 873, 980, 995, 1072, 1092, 1728, 1774, 1806, 1891, 1893, 1930, 1955, 2030, 2038]
logs_monomial/n11_monomial3.txt.bz2.greedyext.20260223_083633.txt

79 120 208 331 334 498 554 557 565 752 799 913 940 976 1162 1359 1421 1425 1437 1449 1458 1594 1631 1796 1856 1918 2021 2026
Iter#6912008 New set #800 of size 28 (8640.0 its/hit = 1.181s/hit): seed=6665537388108511937 [79, 120, 208, 331, 334, 498, 554, 557, 565, 752, 799, 913, 940, 976, 1162, 1359, 1421, 1425, 1437, 1449, 1458, 1594, 1631, 1796, 1856, 1918, 2021, 2026]
logs_monomial/n11_monomial3.txt.bz2.greedyext.20260222_000855.txt

11 108 143 197 333 524 563 734 772 845 912 979 1116 1236 1239 1264 1431 1458 1599 1625 1667 1761 1828 1849 1892 1946 1960 1979
Iter#392294 New set #50 of size 28 (7845.9 its/hit = 0.840s/hit): seed=22679758543424661 [11, 108, 143, 197, 333, 524, 563, 734, 772, 845, 912, 979, 1116, 1236, 1239, 1264, 1431, 1458, 1599, 1625, 1667, 1761, 1828, 1849, 1892, 1946, 1960, 1979]
logs_monomial/n11_monomial3.txt.bz2.greedyext.20260220_210834.txt

177 320 334 366 479 561 604 679 712 812 841 845 900 1035 1085 1167 1176 1278 1287 1336 1366 1469 1529 1657 1790 1827 1836 1846
Iter#1645173 New set #200 of size 28 (8225.9 its/hit = 0.875s/hit): seed=1169604932124665690 [177, 320, 334, 366, 479, 561, 604, 679, 712, 812, 841, 845, 900, 1035, 1085, 1167, 1176, 1278, 1287, 1336, 1366, 1469, 1529, 1657, 1790, 1827, 1836, 1846]
logs_monomial/n11_monomial3.txt.bz2.greedyext.20260220_210834.txt

73 113 116 139 175 226 383 430 463 583 595 626 775 798 804 821 832 903 953 963 1187 1392 1393 1446 1457 1478 1704 2011
Iter#678804 New set #80 of size 28 (8485.0 its/hit = 1.175s/hit): seed=232054291695574834 [73, 113, 116, 139, 175, 226, 383, 430, 463, 583, 595, 626, 775, 798, 804, 821, 832, 903, 953, 963, 1187, 1392, 1393, 1446, 1457, 1478, 1704, 2011]
logs_monomial/n11_monomial3.txt.bz2.greedyext.20260222_000855.txt

1 51 53 72 127 238 254 267 371 555 563 574 586 695 783 1255 1286 1301 1347 1463 1492 1631 1633 1740 1757 1781 1840 1847
Iter#992244 New set #100 of size 28 (9922.4 its/hit = 1.830s/hit): seed=2941733964641282151 [1, 51, 53, 72, 127, 238, 254, 267, 371, 555, 563, 574, 586, 695, 783, 1255, 1286, 1301, 1347, 1463, 1492, 1631, 1633, 1740, 1757, 1781, 1840, 1847]
logs_monomial/n11_monomial3.txt.bz2.greedyext.20260223_083632.txt

73 194 206 251 331 390 455 474 490 516 716 783 838 951 992 1007 1013 1042 1152 1170 1219 1407 1673 1705 1823 1865 1903 2000
Iter#483904 New set #60 of size 28 (8065.1 its/hit = 1.117s/hit): seed=8248563227489267461 [73, 194, 206, 251, 331, 390, 455, 474, 490, 516, 716, 783, 838, 951, 992, 1007, 1013, 1042, 1152, 1170, 1219, 1407, 1673, 1705, 1823, 1865, 1903, 2000]
logs_monomial/n11_monomial3.txt.bz2.greedyext.20260222_000855.txt

41 54 125 277 336 351 587 600 657 720 882 1038 1075 1251 1265 1300 1314 1327 1333 1449 1511 1583 1727 1782 1880 1940 2002 2024
Iter#877600 New set #100 of size 28 (8776.0 its/hit = 1.210s/hit): seed=4221626633844923287 [41, 54, 125, 277, 336, 351, 587, 600, 657, 720, 882, 1038, 1075, 1251, 1265, 1300, 1314, 1327, 1333, 1449, 1511, 1583, 1727, 1782, 1880, 1940, 2002, 2024]
logs_monomial/n11_monomial3.txt.bz2.greedyext.20260222_000855.txt

44 56 151 333 365 381 473 628 638 688 718 773 894 935 960 967 1066 1094 1318 1384 1461 1584 1635 1681 1725 1727 1768 1993
Iter#85783 New set #7 of size 28 (12254.7 its/hit = 2.429s/hit): seed=17709319730344758477 [44, 56, 151, 333, 365, 381, 473, 628, 638, 688, 718, 773, 894, 935, 960, 967, 1066, 1094, 1318, 1384, 1461, 1584, 1635, 1681, 1725, 1727, 1768, 1993]
logs_monomial/n11_monomial3.txt.bz2.greedyext.20260223_083631.txt

38 56 104 117 122 321 459 571 900 911 946 975 1090 1179 1188 1292 1380 1427 1437 1508 1536 1579 1625 1733 1792 1879 1974 2010
Iter#62146 New set #6 of size 28 (10357.7 its/hit = 1.333s/hit): seed=668026659851597388 [38, 56, 104, 117, 122, 321, 459, 571, 900, 911, 946, 975, 1090, 1179, 1188, 1292, 1380, 1427, 1437, 1508, 1536, 1579, 1625, 1733, 1792, 1879, 1974, 2010]
logs_monomial/n11_monomial3.txt.bz2.greedyext.20260222_000855.txt

18 68 95 261 331 425 513 554 634 715 750 896 922 1043 1096 1260 1332 1374 1414 1433 1515 1540 1565 1600 1605 1687 1828 2017
Iter#313976 New set #40 of size 28 (7849.4 its/hit = 1.600s/hit): seed=9919654289958153649 [18, 68, 95, 261, 331, 425, 513, 554, 634, 715, 750, 896, 922, 1043, 1096, 1260, 1332, 1374, 1414, 1433, 1515, 1540, 1565, 1600, 1605, 1687, 1828, 2017]
logs_monomial/n11_monomial3.txt.bz2.greedyext.20260223_083633.txt

59 258 303 322 344 407 411 460 482 535 651 757 907 968 1066 1079 1131 1141 1153 1232 1287 1311 1475 1643 1688 1929 1981 2038
Iter#377712 New set #50 of size 28 (7554.2 its/hit = 1.040s/hit): seed=7337602819158265827 [59, 258, 303, 322, 344, 407, 411, 460, 482, 535, 651, 757, 907, 968, 1066, 1079, 1131, 1141, 1153, 1232, 1287, 1311, 1475, 1643, 1688, 1929, 1981, 2038]
logs_monomial/n11_monomial3.txt.bz2.greedyext.20260222_000855.txt

143 170 339 466 491 562 801 812 870 985 996 1054 1061 1069 1104 1165 1172 1387 1591 1604 1624 1660 1686 1933 1956 1985 2003 2029
Iter#7928 New set #1 of size 28 (7928.0 its/hit = 0.000s/hit): seed=5976124810610539982 [143, 170, 339, 466, 491, 562, 801, 812, 870, 985, 996, 1054, 1061, 1069, 1104, 1165, 1172, 1387, 1591, 1604, 1624, 1660, 1686, 1933, 1956, 1985, 2003, 2029]
logs_monomial/n11_monomial3.txt.bz2.greedyext.20260222_000855.txt

17 32 66 79 266 352 378 413 583 736 766 838 938 945 973 1072 1082 1166 1193 1194 1399 1581 1598 1819 1979 2033 2037 2041
Iter#902173 New set #100 of size 28 (9021.7 its/hit = 1.780s/hit): seed=2357945171405727396 [17, 32, 66, 79, 266, 352, 378, 413, 583, 736, 766, 838, 938, 945, 973, 1072, 1082, 1166, 1193, 1194, 1399, 1581, 1598, 1819, 1979, 2033, 2037, 2041]
logs_monomial/n11_monomial3.txt.bz2.greedyext.20260223_083631.txt

29 343 374 412 428 717 856 870 899 975 979 985 1002 1062 1140 1151 1181 1230 1257 1292 1436 1464 1607 1628 1689 1817 1884 1981
Iter#106565 New set #8 of size 28 (13320.6 its/hit = 1.625s/hit): seed=14391346709193924322 [29, 343, 374, 412, 428, 717, 856, 870, 899, 975, 979, 985, 1002, 1062, 1140, 1151, 1181, 1230, 1257, 1292, 1436, 1464, 1607, 1628, 1689, 1817, 1884, 1981]
logs_monomial/n11_monomial3.txt.bz2.greedyext.20260223_083632.txt

92 139 143 218 315 340 463 496 721 742 806 918 932 981 1068 1178 1191 1253 1356 1431 1480 1491 1506 1648 1766 1881 1919 2028
Iter#115205 New set #10 of size 28 (11520.5 its/hit = 1.200s/hit): seed=11723189145081889845 [92, 139, 143, 218, 315, 340, 463, 496, 721, 742, 806, 918, 932, 981, 1068, 1178, 1191, 1253, 1356, 1431, 1480, 1491, 1506, 1648, 1766, 1881, 1919, 2028]
logs_monomial/n11_monomial3.txt.bz2.greedyext.20260220_210834.txt

194 258 309 393 444 502 562 715 751 763 853 876 1017 1077 1139 1238 1258 1455 1476 1510 1693 1734 1745 1784 1789 1829 1869 2014
Iter#42264 New set #3 of size 28 (14088.0 its/hit = 1.333s/hit): seed=5266468451325646152 [194, 258, 309, 393, 444, 502, 562, 715, 751, 763, 853, 876, 1017, 1077, 1139, 1238, 1258, 1455, 1476, 1510, 1693, 1734, 1745, 1784, 1789, 1829, 1869, 2014]
logs_monomial/n11_monomial3.txt.bz2.greedyext.20260220_210834.txt

167 183 195 285 306 328 364 507 548 675 687 853 949 1019 1031 1061 1194 1224 1293 1333 1381 1505 1618 1690 1696 1737 1759 1842
Iter#63092 New set #5 of size 28 (12618.4 its/hit = 2.400s/hit): seed=772937939318938889 [167, 183, 195, 285, 306, 328, 364, 507, 548, 675, 687, 853, 949, 1019, 1031, 1061, 1194, 1224, 1293, 1333, 1381, 1505, 1618, 1690, 1696, 1737, 1759, 1842]
logs_monomial/n11_monomial3.txt.bz2.greedyext.20260223_083631.txt

36 215 342 594 598 627 729 811 888 957 992 1107 1153 1168 1269 1279 1436 1463 1649 1780 1844 1860 1890 1891 1898 1920 1978 1981
Iter#52721 New set #5 of size 28 (10544.2 its/hit = 1.000s/hit): seed=13043662553346571938 [36, 215, 342, 594, 598, 627, 729, 811, 888, 957, 992, 1107, 1153, 1168, 1269, 1279, 1436, 1463, 1649, 1780, 1844, 1860, 1890, 1891, 1898, 1920, 1978, 1981]
logs_monomial/n11_monomial3.txt.bz2.greedyext.20260220_210834.txt

10 93 151 284 321 447 528 597 688 777 807 815 857 939 971 1012 1084 1089 1126 1141 1272 1460 1639 1721 1757 1819 1823 1829
Iter#290614 New set #30 of size 28 (9687.1 its/hit = 1.967s/hit): seed=15402072194536620439 [10, 93, 151, 284, 321, 447, 528, 597, 688, 777, 807, 815, 857, 939, 971, 1012, 1084, 1089, 1126, 1141, 1272, 1460, 1639, 1721, 1757, 1819, 1823, 1829]
logs_monomial/n11_monomial3.txt.bz2.greedyext.20260223_083631.txt

5 62 264 342 385 540 552 628 642 693 779 792 895 1120 1127 1180 1214 1258 1267 1310 1325 1353 1555 1811 1836 1868 1918 1956
Iter#75393 New set #6 of size 28 (12565.5 its/hit = 1.333s/hit): seed=10978378656911945193 [5, 62, 264, 342, 385, 540, 552, 628, 642, 693, 779, 792, 895, 1120, 1127, 1180, 1214, 1258, 1267, 1310, 1325, 1353, 1555, 1811, 1836, 1868, 1918, 1956]
logs_monomial/n11_monomial3.txt.bz2.greedyext.20260220_210834.txt

103 153 234 277 286 382 421 776 890 976 1012 1157 1188 1267 1308 1331 1370 1517 1523 1622 1654 1673 1712 1763 1826 1834 1916 1934
Iter#18836227 New set #2000 of size 28 (9418.1 its/hit = 1.001s/hit): seed=9718564305807531368 [103, 153, 234, 277, 286, 382, 421, 776, 890, 976, 1012, 1157, 1188, 1267, 1308, 1331, 1370, 1517, 1523, 1622, 1654, 1673, 1712, 1763, 1826, 1834, 1916, 1934]
logs_monomial/n11_monomial3.txt.bz2.greedyext.20260220_210834.txt

62 179 299 362 576 654 688 707 709 900 948 1067 1075 1129 1175 1188 1189 1217 1322 1398 1401 1599 1677 1826 1843 1849 1874 1910
Iter#97965 New set #9 of size 28 (10885.0 its/hit = 1.444s/hit): seed=125276899126150349 [62, 179, 299, 362, 576, 654, 688, 707, 709, 900, 948, 1067, 1075, 1129, 1175, 1188, 1189, 1217, 1322, 1398, 1401, 1599, 1677, 1826, 1843, 1849, 1874, 1910]
logs_monomial/n11_monomial3.txt.bz2.greedyext.20260222_000855.txt

53 283 287 395 425 432 532 549 657 685 694 704 720 835 1008 1152 1210 1294 1306 1411 1429 1484 1485 1487 1508 1907 1915 2042
Iter#46356 New set #8 of size 28 (5794.5 its/hit = 1.375s/hit): seed=185373237891703575 [53, 283, 287, 395, 425, 432, 532, 549, 657, 685, 694, 704, 720, 835, 1008, 1152, 1210, 1294, 1306, 1411, 1429, 1484, 1485, 1487, 1508, 1907, 1915, 2042]
logs_monomial/n11_monomial3.txt.bz2.greedyext.20260223_083633.txt

47 124 291 362 374 427 499 534 718 831 843 903 936 973 1126 1203 1286 1300 1332 1350 1517 1542 1546 1582 1604 1657 1776 1781
Iter#18511 New set #1 of size 28 (18511.0 its/hit = 3.000s/hit): seed=16673673378730051189 [47, 124, 291, 362, 374, 427, 499, 534, 718, 831, 843, 903, 936, 973, 1126, 1203, 1286, 1300, 1332, 1350, 1517, 1542, 1546, 1582, 1604, 1657, 1776, 1781]
logs_monomial/n11_monomial3.txt.bz2.greedyext.20260223_083631.txt

60 72 175 202 255 256 282 284 307 378 455 701 737 867 879 956 957 970 974 1089 1129 1399 1402 1459 1505 1532 1798 2042
Iter#630804 New set #80 of size 28 (7885.0 its/hit = 1.525s/hit): seed=4393908263242773717 [60, 72, 175, 202, 255, 256, 282, 284, 307, 378, 455, 701, 737, 867, 879, 956, 957, 970, 974, 1089, 1129, 1399, 1402, 1459, 1505, 1532, 1798, 2042]
logs_monomial/n11_monomial3.txt.bz2.greedyext.20260223_083633.txt

16 26 27 131 425 455 729 745 799 805 819 823 965 1037 1139 1195 1214 1348 1370 1440 1478 1599 1763 1787 1900 1905 2009 2020
Iter#111813 New set #9 of size 28 (12423.7 its/hit = 1.222s/hit): seed=1384275708210708506 [16, 26, 27, 131, 425, 455, 729, 745, 799, 805, 819, 823, 965, 1037, 1139, 1195, 1214, 1348, 1370, 1440, 1478, 1599, 1763, 1787, 1900, 1905, 2009, 2020]
logs_monomial/n11_monomial3.txt.bz2.greedyext.20260220_210834.txt

52 115 125 285 299 406 510 518 547 642 696 721 1098 1126 1212 1338 1339 1402 1425 1510 1544 1614 1668 1671 1692 1760 1909 1953
Iter#103288 New set #7 of size 28 (14755.4 its/hit = 1.857s/hit): seed=10945404613181612336 [52, 115, 125, 285, 299, 406, 510, 518, 547, 642, 696, 721, 1098, 1126, 1212, 1338, 1339, 1402, 1425, 1510, 1544, 1614, 1668, 1671, 1692, 1760, 1909, 1953]
logs_monomial/n11_monomial3.txt.bz2.greedyext.20260223_083632.txt

46 86 147 225 258 374 409 489 622 781 850 855 860 1045 1195 1202 1351 1518 1577 1602 1623 1659 1704 1826 1859 1871 1881 2038
Iter#96272 New set #9 of size 28 (10696.9 its/hit = 2.111s/hit): seed=118373396594433353 [46, 86, 147, 225, 258, 374, 409, 489, 622, 781, 850, 855, 860, 1045, 1195, 1202, 1351, 1518, 1577, 1602, 1623, 1659, 1704, 1826, 1859, 1871, 1881, 2038]
logs_monomial/n11_monomial3.txt.bz2.greedyext.20260223_083631.txt

