213 215 242 246 262 331 426 443 449 483 577 661 1023 1063 1089 1153 1207 1223 1245 1359 1377 1596 1607 1687 1732 1792 1830 1886 1924 1927
Iter#355637 New set #5 of size 30 (71127.4 its/hit = 7.600s/hit): seed=5527443328112974998 [213, 215, 242, 246, 262, 331, 426, 443, 449, 483, 577, 661, 1023, 1063, 1089, 1153, 1207, 1223, 1245, 1359, 1377, 1596, 1607, 1687, 1732, 1792, 1830, 1886, 1924, 1927]
logs_monomial/n11_monomialInverse.txt.bz2.greedyext.20260220_210834.txt

43 55 122 137 167 229 363 372 414 508 516 550 560 561 589 600 649 924 931 932 1028 1310 1319 1374 1459 1465 1483 1569 1764 1850
Iter#4917160 New set #70 of size 30 (70245.1 its/hit = 7.829s/hit): seed=18371234128229469355 [43, 55, 122, 137, 167, 229, 363, 372, 414, 508, 516, 550, 560, 561, 589, 600, 649, 924, 931, 932, 1028, 1310, 1319, 1374, 1459, 1465, 1483, 1569, 1764, 1850]
logs_monomial/n11_monomialInverse.txt.bz2.greedyext.20260222_000855.txt

15 126 262 369 513 575 611 621 807 872 894 908 920 936 973 978 998 1003 1049 1124 1221 1232 1261 1418 1487 1594 1637 1713 1783 1959
Iter#1807321 New set #30 of size 30 (60244.0 its/hit = 7.933s/hit): seed=902359363975490706 [15, 126, 262, 369, 513, 575, 611, 621, 807, 872, 894, 908, 920, 936, 973, 978, 998, 1003, 1049, 1124, 1221, 1232, 1261, 1418, 1487, 1594, 1637, 1713, 1783, 1959]
logs_monomial/n11_monomialInverse.txt.bz2.greedyext.20260223_083631.txt

169 202 251 388 448 535 712 843 847 889 968 984 1004 1136 1285 1358 1369 1422 1469 1508 1531 1562 1629 1651 1659 1701 1771 2004 2013 2026
Iter#1256683 New set #20 of size 30 (62834.1 its/hit = 8.150s/hit): seed=12344913593136460031 [169, 202, 251, 388, 448, 535, 712, 843, 847, 889, 968, 984, 1004, 1136, 1285, 1358, 1369, 1422, 1469, 1508, 1531, 1562, 1629, 1651, 1659, 1701, 1771, 2004, 2013, 2026]
logs_monomial/n11_monomialInverse.txt.bz2.greedyext.20260223_083631.txt

4 20 106 140 163 241 335 345 350 362 558 750 782 795 810 898 926 944 1248 1456 1468 1535 1541 1704 1787 1830 1865 1945 1951 1986
Iter#364395 New set #5 of size 30 (72879.0 its/hit = 10.000s/hit): seed=3240223709693887479 [4, 20, 106, 140, 163, 241, 335, 345, 350, 362, 558, 750, 782, 795, 810, 898, 926, 944, 1248, 1456, 1468, 1535, 1541, 1704, 1787, 1830, 1865, 1945, 1951, 1986]
logs_monomial/n11_monomialInverse.txt.bz2.greedyext.20260223_083632.txt

4 42 115 135 155 247 255 484 518 767 790 811 814 856 879 919 932 1167 1226 1232 1302 1349 1454 1491 1535 1659 1754 1809 1944 2046
Iter#468457 New set #5 of size 30 (93691.4 its/hit = 10.400s/hit): seed=14871425674233902870 [4, 42, 115, 135, 155, 247, 255, 484, 518, 767, 790, 811, 814, 856, 879, 919, 932, 1167, 1226, 1232, 1302, 1349, 1454, 1491, 1535, 1659, 1754, 1809, 1944, 2046]
logs_monomial/n11_monomialInverse.txt.bz2.greedyext.20260222_000855.txt

83 125 141 196 313 351 440 505 532 689 729 784 983 1218 1267 1297 1396 1452 1468 1496 1508 1551 1613 1622 1663 1744 1806 1869 1875 2007
Iter#385399 New set #2 of size 30 (192699.5 its/hit = 43.000s/hit): seed=3469554532252717530 [83, 125, 141, 196, 313, 351, 440, 505, 532, 689, 729, 784, 983, 1218, 1267, 1297, 1396, 1452, 1468, 1496, 1508, 1551, 1613, 1622, 1663, 1744, 1806, 1869, 1875, 2007]
logs_monomial/n11_monomialInverse.txt.bz2.greedyext.20260223_083633.txt

79 184 313 397 429 553 558 559 560 576 824 888 909 976 1050 1093 1096 1217 1229 1282 1407 1479 1490 1555 1630 1638 1655 1667 1843 1849
Iter#186571 New set #4 of size 30 (46642.8 its/hit = 9.000s/hit): seed=213386005075924557 [79, 184, 313, 397, 429, 553, 558, 559, 560, 576, 824, 888, 909, 976, 1050, 1093, 1096, 1217, 1229, 1282, 1407, 1479, 1490, 1555, 1630, 1638, 1655, 1667, 1843, 1849]
logs_monomial/n11_monomialInverse.txt.bz2.greedyext.20260223_083631.txt

129 157 175 195 245 284 348 393 461 462 510 523 751 869 892 919 947 960 1000 1159 1351 1436 1453 1469 1505 1545 1620 1632 1709 1956
Iter#648798 New set #6 of size 30 (108133.0 its/hit = 23.500s/hit): seed=2217480208096718897 [129, 157, 175, 195, 245, 284, 348, 393, 461, 462, 510, 523, 751, 869, 892, 919, 947, 960, 1000, 1159, 1351, 1436, 1453, 1469, 1505, 1545, 1620, 1632, 1709, 1956]
logs_monomial/n11_monomialInverse.txt.bz2.greedyext.20260223_083633.txt

161 213 269 349 486 496 517 533 566 580 641 713 815 867 892 915 921 949 1100 1113 1210 1228 1261 1293 1363 1613 1732 1927 1935 2022
Iter#25348 New set #2 of size 30 (12674.0 its/hit = 1.500s/hit): seed=1900646042749825752 [161, 213, 269, 349, 486, 496, 517, 533, 566, 580, 641, 713, 815, 867, 892, 915, 921, 949, 1100, 1113, 1210, 1228, 1261, 1293, 1363, 1613, 1732, 1927, 1935, 2022]
logs_monomial/n11_monomialInverse.txt.bz2.greedyext.20260223_083631.txt

37 84 160 241 314 323 380 396 479 519 686 725 769 773 1190 1272 1425 1456 1491 1542 1569 1601 1766 1787 1843 1848 1969 1970 1999 2004
Iter#23770 New set #1 of size 30 (23770.0 its/hit = 3.000s/hit): seed=10515160966137798453 [37, 84, 160, 241, 314, 323, 380, 396, 479, 519, 686, 725, 769, 773, 1190, 1272, 1425, 1456, 1491, 1542, 1569, 1601, 1766, 1787, 1843, 1848, 1969, 1970, 1999, 2004]
logs_monomial/n11_monomialInverse.txt.bz2.greedyext.20260223_083631.txt

30 135 149 324 333 335 366 458 497 579 711 801 827 873 893 898 908 957 1002 1119 1230 1239 1312 1347 1359 1466 1617 1655 1758 2046
Iter#634024 New set #8 of size 30 (79253.0 its/hit = 8.875s/hit): seed=4024135785056408833 [30, 135, 149, 324, 333, 335, 366, 458, 497, 579, 711, 801, 827, 873, 893, 898, 908, 957, 1002, 1119, 1230, 1239, 1312, 1347, 1359, 1466, 1617, 1655, 1758, 2046]
logs_monomial/n11_monomialInverse.txt.bz2.greedyext.20260222_000855.txt

47 57 88 144 250 255 258 352 521 791 926 939 1025 1055 1091 1125 1164 1179 1294 1303 1317 1342 1498 1657 1677 1681 1863 1890 1937 1981
Iter#355753 New set #7 of size 30 (50821.9 its/hit = 8.429s/hit): seed=7102049480458329336 [47, 57, 88, 144, 250, 255, 258, 352, 521, 791, 926, 939, 1025, 1055, 1091, 1125, 1164, 1179, 1294, 1303, 1317, 1342, 1498, 1657, 1677, 1681, 1863, 1890, 1937, 1981]
logs_monomial/n11_monomialInverse.txt.bz2.greedyext.20260223_083631.txt

101 140 282 291 396 440 483 595 612 683 746 841 930 979 1137 1312 1319 1353 1411 1480 1541 1552 1566 1567 1717 1726 1728 1763 1771 1836
Iter#821239 New set #9 of size 30 (91248.8 its/hit = 12.889s/hit): seed=6772250460815355783 [101, 140, 282, 291, 396, 440, 483, 595, 612, 683, 746, 841, 930, 979, 1137, 1312, 1319, 1353, 1411, 1480, 1541, 1552, 1566, 1567, 1717, 1726, 1728, 1763, 1771, 1836]
logs_monomial/n11_monomialInverse.txt.bz2.greedyext.20260223_083632.txt

70 215 325 391 403 483 489 491 492 550 639 747 760 1111 1146 1150 1224 1254 1284 1304 1315 1332 1465 1466 1508 1517 1618 1674 1842 1952
Iter#491766 New set #4 of size 30 (122941.5 its/hit = 27.000s/hit): seed=15346597540055839960 [70, 215, 325, 391, 403, 483, 489, 491, 492, 550, 639, 747, 760, 1111, 1146, 1150, 1224, 1254, 1284, 1304, 1315, 1332, 1465, 1466, 1508, 1517, 1618, 1674, 1842, 1952]
logs_monomial/n11_monomialInverse.txt.bz2.greedyext.20260223_083633.txt

86 104 112 133 213 224 342 392 404 459 473 591 659 852 919 955 1058 1060 1100 1128 1294 1389 1390 1492 1503 1766 1771 1838 1850 2014
Iter#3975180 New set #50 of size 30 (79503.6 its/hit = 8.840s/hit): seed=15750805644442648845 [86, 104, 112, 133, 213, 224, 342, 392, 404, 459, 473, 591, 659, 852, 919, 955, 1058, 1060, 1100, 1128, 1294, 1389, 1390, 1492, 1503, 1766, 1771, 1838, 1850, 2014]
logs_monomial/n11_monomialInverse.txt.bz2.greedyext.20260222_000855.txt

13 23 25 285 339 364 390 470 479 501 625 651 1037 1050 1170 1243 1245 1282 1339 1423 1449 1465 1540 1694 1710 1846 1859 1931 1966 2038
Iter#198813 New set #1 of size 30 (198813.0 its/hit = 39.000s/hit): seed=11052366835122706111 [13, 23, 25, 285, 339, 364, 390, 470, 479, 501, 625, 651, 1037, 1050, 1170, 1243, 1245, 1282, 1339, 1423, 1449, 1465, 1540, 1694, 1710, 1846, 1859, 1931, 1966, 2038]
logs_monomial/n11_monomialInverse.txt.bz2.greedyext.20260223_083633.txt

17 42 77 249 319 343 349 352 475 522 560 577 670 687 719 801 920 921 927 977 1025 1125 1176 1325 1463 1657 1691 1887 1978 1982
Iter#6475175 New set #70 of size 30 (92502.5 its/hit = 9.914s/hit): seed=11765801081157958036 [17, 42, 77, 249, 319, 343, 349, 352, 475, 522, 560, 577, 670, 687, 719, 801, 920, 921, 927, 977, 1025, 1125, 1176, 1325, 1463, 1657, 1691, 1887, 1978, 1982]
logs_monomial/n11_monomialInverse.txt.bz2.greedyext.20260220_210834.txt

19 79 89 169 182 236 364 376 458 497 527 603 623 704 864 952 1159 1182 1200 1244 1354 1392 1454 1573 1701 1773 1812 1876 2014 2037
Iter#5742926 New set #80 of size 30 (71786.6 its/hit = 8.000s/hit): seed=10627360855703986002 [19, 79, 89, 169, 182, 236, 364, 376, 458, 497, 527, 603, 623, 704, 864, 952, 1159, 1182, 1200, 1244, 1354, 1392, 1454, 1573, 1701, 1773, 1812, 1876, 2014, 2037]
logs_monomial/n11_monomialInverse.txt.bz2.greedyext.20260222_000855.txt

165 213 313 340 402 565 622 917 943 1001 1050 1072 1114 1154 1259 1277 1295 1299 1417 1491 1543 1546 1574 1586 1710 1826 1879 1922 1944 2016
Iter#54390544 New set #700 of size 30 (77700.8 its/hit = 8.797s/hit): seed=805274095142323472 [165, 213, 313, 340, 402, 565, 622, 917, 943, 1001, 1050, 1072, 1114, 1154, 1259, 1277, 1295, 1299, 1417, 1491, 1543, 1546, 1574, 1586, 1710, 1826, 1879, 1922, 1944, 2016]
logs_monomial/n11_monomialInverse.txt.bz2.greedyext.20260222_000855.txt

24 39 110 162 236 269 272 327 386 594 726 732 845 871 1066 1219 1282 1304 1310 1350 1363 1410 1472 1643 1665 1678 1762 1776 1805 1853
Iter#7818870 New set #100 of size 30 (78188.7 its/hit = 8.740s/hit): seed=3205057789753147899 [24, 39, 110, 162, 236, 269, 272, 327, 386, 594, 726, 732, 845, 871, 1066, 1219, 1282, 1304, 1310, 1350, 1363, 1410, 1472, 1643, 1665, 1678, 1762, 1776, 1805, 1853]
logs_monomial/n11_monomialInverse.txt.bz2.greedyext.20260222_000855.txt

193 211 348 370 387 391 402 440 458 510 636 740 857 995 1225 1232 1238 1309 1315 1324 1327 1542 1614 1620 1755 1803 1820 1903 1999 2026
Iter#2800992 New set #40 of size 30 (70024.8 its/hit = 7.800s/hit): seed=14815949202837502928 [193, 211, 348, 370, 387, 391, 402, 440, 458, 510, 636, 740, 857, 995, 1225, 1232, 1238, 1309, 1315, 1324, 1327, 1542, 1614, 1620, 1755, 1803, 1820, 1903, 1999, 2026]
logs_monomial/n11_monomialInverse.txt.bz2.greedyext.20260222_000855.txt

95 414 490 520 595 651 722 763 778 962 991 1038 1223 1329 1347 1408 1483 1488 1496 1509 1589 1590 1735 1736 1855 1902 1946 1952 1963 2020
Iter#564632 New set #7 of size 30 (80661.7 its/hit = 8.714s/hit): seed=2871118563420873809 [95, 414, 490, 520, 595, 651, 722, 763, 778, 962, 991, 1038, 1223, 1329, 1347, 1408, 1483, 1488, 1496, 1509, 1589, 1590, 1735, 1736, 1855, 1902, 1946, 1952, 1963, 2020]
logs_monomial/n11_monomialInverse.txt.bz2.greedyext.20260220_210834.txt

68 102 210 279 318 493 521 829 833 1014 1028 1206 1207 1213 1253 1276 1392 1537 1570 1572 1578 1608 1613 1634 1669 1723 1782 1803 1884 1929
Iter#5044135 New set #60 of size 30 (84068.9 its/hit = 9.017s/hit): seed=7278849825014751886 [68, 102, 210, 279, 318, 493, 521, 829, 833, 1014, 1028, 1206, 1207, 1213, 1253, 1276, 1392, 1537, 1570, 1572, 1578, 1608, 1613, 1634, 1669, 1723, 1782, 1803, 1884, 1929]
logs_monomial/n11_monomialInverse.txt.bz2.greedyext.20260220_210834.txt

75 105 177 232 400 422 449 504 509 692 705 851 862 1175 1242 1440 1474 1478 1481 1489 1514 1532 1550 1562 1645 1816 1818 1866 1873 2001
Iter#33400301 New set #400 of size 30 (83500.8 its/hit = 8.952s/hit): seed=10659316372751586052 [75, 105, 177, 232, 400, 422, 449, 504, 509, 692, 705, 851, 862, 1175, 1242, 1440, 1474, 1478, 1481, 1489, 1514, 1532, 1550, 1562, 1645, 1816, 1818, 1866, 1873, 2001]
logs_monomial/n11_monomialInverse.txt.bz2.greedyext.20260220_210834.txt

3 219 221 288 290 418 433 475 557 593 701 810 844 872 904 925 1043 1061 1164 1196 1298 1432 1488 1535 1623 1665 1704 1729 1969 2030
Iter#4093188 New set #50 of size 30 (81863.8 its/hit = 8.780s/hit): seed=625425559021850885 [3, 219, 221, 288, 290, 418, 433, 475, 557, 593, 701, 810, 844, 872, 904, 925, 1043, 1061, 1164, 1196, 1298, 1432, 1488, 1535, 1623, 1665, 1704, 1729, 1969, 2030]
logs_monomial/n11_monomialInverse.txt.bz2.greedyext.20260220_210834.txt

30 162 181 223 244 302 307 316 469 494 496 518 616 798 846 871 918 982 1129 1181 1306 1375 1397 1475 1658 1686 1756 1892 1966 1989
Iter#480287 New set #3 of size 30 (160095.7 its/hit = 35.333s/hit): seed=12793320608841804874 [30, 162, 181, 223, 244, 302, 307, 316, 469, 494, 496, 518, 616, 798, 846, 871, 918, 982, 1129, 1181, 1306, 1375, 1397, 1475, 1658, 1686, 1756, 1892, 1966, 1989]
logs_monomial/n11_monomialInverse.txt.bz2.greedyext.20260223_083633.txt

64 104 416 493 554 569 685 689 703 707 765 843 921 1027 1130 1132 1318 1324 1350 1388 1520 1608 1630 1631 1678 1721 1863 1884 1918 2032
Iter#1483907 New set #20 of size 30 (74195.4 its/hit = 8.250s/hit): seed=12393129626559514715 [64, 104, 416, 493, 554, 569, 685, 689, 703, 707, 765, 843, 921, 1027, 1130, 1132, 1318, 1324, 1350, 1388, 1520, 1608, 1630, 1631, 1678, 1721, 1863, 1884, 1918, 2032]
logs_monomial/n11_monomialInverse.txt.bz2.greedyext.20260222_000855.txt

3 197 246 291 491 506 544 597 683 708 712 758 862 959 1001 1079 1224 1230 1292 1348 1403 1531 1543 1724 1814 1863 1925 1963 1985 2009
Iter#285210 New set #4 of size 30 (71302.5 its/hit = 9.750s/hit): seed=6829791246243915229 [3, 197, 246, 291, 491, 506, 544, 597, 683, 708, 712, 758, 862, 959, 1001, 1079, 1224, 1230, 1292, 1348, 1403, 1531, 1543, 1724, 1814, 1863, 1925, 1963, 1985, 2009]
logs_monomial/n11_monomialInverse.txt.bz2.greedyext.20260223_083632.txt

17 40 144 190 246 384 469 526 611 697 855 1015 1033 1134 1297 1308 1465 1475 1506 1509 1544 1651 1716 1859 1867 1913 1925 1946 1971 1974
Iter#14411352 New set #200 of size 30 (72056.8 its/hit = 8.100s/hit): seed=11357588172121964429 [17, 40, 144, 190, 246, 384, 469, 526, 611, 697, 855, 1015, 1033, 1134, 1297, 1308, 1465, 1475, 1506, 1509, 1544, 1651, 1716, 1859, 1867, 1913, 1925, 1946, 1971, 1974]
logs_monomial/n11_monomialInverse.txt.bz2.greedyext.20260222_000855.txt

5 18 27 87 150 200 353 355 401 533 544 594 606 891 926 928 1026 1086 1111 1232 1272 1281 1322 1398 1415 1504 1799 1820 2009 2014
Iter#154368 New set #2 of size 30 (77184.0 its/hit = 10.000s/hit): seed=11237581721717349263 [5, 18, 27, 87, 150, 200, 353, 355, 401, 533, 544, 594, 606, 891, 926, 928, 1026, 1086, 1111, 1232, 1272, 1281, 1322, 1398, 1415, 1504, 1799, 1820, 2009, 2014]
logs_monomial/n11_monomialInverse.txt.bz2.greedyext.20260223_083632.txt

109 162 171 177 200 274 280 405 449 474 553 582 668 801 889 929 1140 1177 1296 1448 1478 1491 1552 1572 1650 1654 1760 1823 1957 2038
Iter#142556 New set #1 of size 30 (142556.0 its/hit = 15.000s/hit): seed=11940979872212209625 [109, 162, 171, 177, 200, 274, 280, 405, 449, 474, 553, 582, 668, 801, 889, 929, 1140, 1177, 1296, 1448, 1478, 1491, 1552, 1572, 1650, 1654, 1760, 1823, 1957, 2038]
logs_monomial/n11_monomialInverse.txt.bz2.greedyext.20260222_000855.txt

29 38 144 161 218 228 360 464 576 579 658 739 754 788 848 876 963 1070 1072 1203 1430 1472 1484 1563 1734 1792 1893 1932 2031 2043
Iter#886977 New set #10 of size 30 (88697.7 its/hit = 18.500s/hit): seed=5072398490947339545 [29, 38, 144, 161, 218, 228, 360, 464, 576, 579, 658, 739, 754, 788, 848, 876, 963, 1070, 1072, 1203, 1430, 1472, 1484, 1563, 1734, 1792, 1893, 1932, 2031, 2043]
logs_monomial/n11_monomialInverse.txt.bz2.greedyext.20260223_083633.txt

38 80 85 141 256 297 314 348 364 411 445 498 575 584 604 636 847 854 1000 1074 1113 1322 1379 1500 1572 1627 1649 1681 2016 2042
Iter#293737 New set #3 of size 30 (97912.3 its/hit = 10.333s/hit): seed=2240825988704471546 [38, 80, 85, 141, 256, 297, 314, 348, 364, 411, 445, 498, 575, 584, 604, 636, 847, 854, 1000, 1074, 1113, 1322, 1379, 1500, 1572, 1627, 1649, 1681, 2016, 2042]
logs_monomial/n11_monomialInverse.txt.bz2.greedyext.20260220_210834.txt

13 49 92 241 373 444 462 488 505 583 675 727 760 866 988 1167 1183 1336 1373 1588 1594 1630 1762 1790 1792 1795 1854 1909 1916 2002
Iter#7942777 New set #90 of size 30 (88253.1 its/hit = 9.456s/hit): seed=7724942828878343526 [13, 49, 92, 241, 373, 444, 462, 488, 505, 583, 675, 727, 760, 866, 988, 1167, 1183, 1336, 1373, 1588, 1594, 1630, 1762, 1790, 1792, 1795, 1854, 1909, 1916, 2002]
logs_monomial/n11_monomialInverse.txt.bz2.greedyext.20260220_210834.txt

66 129 173 238 342 409 460 471 578 589 613 765 830 1268 1270 1272 1342 1432 1490 1505 1532 1605 1683 1758 1766 1799 1856 1934 1955 1957
Iter#574869 New set #8 of size 30 (71858.6 its/hit = 7.750s/hit): seed=3382877713258123394 [66, 129, 173, 238, 342, 409, 460, 471, 578, 589, 613, 765, 830, 1268, 1270, 1272, 1342, 1432, 1490, 1505, 1532, 1605, 1683, 1758, 1766, 1799, 1856, 1934, 1955, 1957]
logs_monomial/n11_monomialInverse.txt.bz2.greedyext.20260220_210834.txt

81 97 106 175 271 277 400 474 546 668 690 768 801 838 890 933 938 1083 1303 1347 1393 1593 1699 1759 1844 1920 1928 2013 2024 2038
Iter#618005 New set #9 of size 30 (68667.2 its/hit = 7.333s/hit): seed=8963293559755359004 [81, 97, 106, 175, 271, 277, 400, 474, 546, 668, 690, 768, 801, 838, 890, 933, 938, 1083, 1303, 1347, 1393, 1593, 1699, 1759, 1844, 1920, 1928, 2013, 2024, 2038]
logs_monomial/n11_monomialInverse.txt.bz2.greedyext.20260220_210834.txt

20 235 274 305 420 527 660 704 765 856 986 988 1050 1264 1284 1298 1330 1467 1468 1475 1633 1715 1787 1845 1857 1937 1957 1958 1997 2018
Iter#38465780 New set #500 of size 30 (76931.6 its/hit = 8.690s/hit): seed=11004040483918534003 [20, 235, 274, 305, 420, 527, 660, 704, 765, 856, 986, 988, 1050, 1264, 1284, 1298, 1330, 1467, 1468, 1475, 1633, 1715, 1787, 1845, 1857, 1937, 1957, 1958, 1997, 2018]
logs_monomial/n11_monomialInverse.txt.bz2.greedyext.20260222_000855.txt

57 142 241 283 426 581 637 708 830 837 841 1011 1100 1141 1282 1365 1398 1444 1468 1486 1578 1625 1637 1639 1656 1782 1860 1940 1957 2013
Iter#29964942 New set #400 of size 30 (74912.4 its/hit = 8.452s/hit): seed=5016255564692764135 [57, 142, 241, 283, 426, 581, 637, 708, 830, 837, 841, 1011, 1100, 1141, 1282, 1365, 1398, 1444, 1468, 1486, 1578, 1625, 1637, 1639, 1656, 1782, 1860, 1940, 1957, 2013]
logs_monomial/n11_monomialInverse.txt.bz2.greedyext.20260222_000855.txt

266 381 384 401 432 522 553 566 590 616 802 826 913 985 1029 1033 1082 1135 1157 1218 1303 1352 1445 1477 1550 1577 1721 1841 2024 2030
Iter#285283 New set #2 of size 30 (142641.5 its/hit = 15.500s/hit): seed=13687615517180648507 [266, 381, 384, 401, 432, 522, 553, 566, 590, 616, 802, 826, 913, 985, 1029, 1033, 1082, 1135, 1157, 1218, 1303, 1352, 1445, 1477, 1550, 1577, 1721, 1841, 2024, 2030]
logs_monomial/n11_monomialInverse.txt.bz2.greedyext.20260222_000855.txt

72 154 182 402 443 594 824 882 967 1027 1056 1212 1309 1328 1361 1392 1425 1473 1498 1510 1538 1642 1651 1661 1743 1897 1924 1937 1947 2039
Iter#8975516 New set #100 of size 30 (89755.2 its/hit = 9.600s/hit): seed=5851884559522599140 [72, 154, 182, 402, 443, 594, 824, 882, 967, 1027, 1056, 1212, 1309, 1328, 1361, 1392, 1425, 1473, 1498, 1510, 1538, 1642, 1651, 1661, 1743, 1897, 1924, 1937, 1947, 2039]
logs_monomial/n11_monomialInverse.txt.bz2.greedyext.20260220_210834.txt

166 315 339 388 529 569 652 776 794 875 900 936 1001 1079 1163 1266 1291 1346 1378 1405 1479 1509 1512 1525 1785 1805 1869 1995 2007 2031
Iter#103763 New set #1 of size 30 (103763.0 its/hit = 11.000s/hit): seed=1703268160310124993 [166, 315, 339, 388, 529, 569, 652, 776, 794, 875, 900, 936, 1001, 1079, 1163, 1266, 1291, 1346, 1378, 1405, 1479, 1509, 1512, 1525, 1785, 1805, 1869, 1995, 2007, 2031]
logs_monomial/n11_monomialInverse.txt.bz2.greedyext.20260220_210834.txt

24 93 170 209 321 372 422 439 517 592 627 641 677 689 790 809 830 870 883 976 1153 1303 1351 1371 1501 1545 1634 1792 1917 2046
Iter#633866 New set #7 of size 30 (90552.3 its/hit = 10.143s/hit): seed=17244410205438454015 [24, 93, 170, 209, 321, 372, 422, 439, 517, 592, 627, 641, 677, 689, 790, 809, 830, 870, 883, 976, 1153, 1303, 1351, 1371, 1501, 1545, 1634, 1792, 1917, 2046]
logs_monomial/n11_monomialInverse.txt.bz2.greedyext.20260222_000855.txt

48 72 132 185 295 479 593 633 644 661 714 737 797 872 879 885 949 959 1026 1057 1152 1180 1643 1665 1674 1700 1809 1846 1928 2040
Iter#529287 New set #6 of size 30 (88214.5 its/hit = 9.833s/hit): seed=15495671852403668104 [48, 72, 132, 185, 295, 479, 593, 633, 644, 661, 714, 737, 797, 872, 879, 885, 949, 959, 1026, 1057, 1152, 1180, 1643, 1665, 1674, 1700, 1809, 1846, 1928, 2040]
logs_monomial/n11_monomialInverse.txt.bz2.greedyext.20260222_000855.txt

8 29 34 310 339 400 407 463 564 674 804 917 932 944 988 1085 1228 1294 1429 1564 1624 1626 1677 1774 1775 1777 1780 1815 1856 1985
Iter#1548038 New set #20 of size 30 (77401.9 its/hit = 10.600s/hit): seed=1370890688168756624 [8, 29, 34, 310, 339, 400, 407, 463, 564, 674, 804, 917, 932, 944, 988, 1085, 1228, 1294, 1429, 1564, 1624, 1626, 1677, 1774, 1775, 1777, 1780, 1815, 1856, 1985]
logs_monomial/n11_monomialInverse.txt.bz2.greedyext.20260223_083632.txt

123 223 249 364 610 611 767 787 938 978 1034 1048 1088 1113 1181 1189 1236 1293 1432 1453 1617 1706 1726 1728 1798 1865 1882 1902 1975 1978
Iter#701644 New set #9 of size 30 (77960.4 its/hit = 8.667s/hit): seed=6862165962415521384 [123, 223, 249, 364, 610, 611, 767, 787, 938, 978, 1034, 1048, 1088, 1113, 1181, 1189, 1236, 1293, 1432, 1453, 1617, 1706, 1726, 1728, 1798, 1865, 1882, 1902, 1975, 1978]
logs_monomial/n11_monomialInverse.txt.bz2.greedyext.20260222_000855.txt

48 112 178 185 207 352 414 634 693 753 771 798 866 927 937 958 1016 1041 1232 1367 1399 1401 1411 1529 1564 1609 1652 1775 1943 2028
Iter#535506 New set #5 of size 30 (107101.2 its/hit = 23.400s/hit): seed=16589990487950956882 [48, 112, 178, 185, 207, 352, 414, 634, 693, 753, 771, 798, 866, 927, 937, 958, 1016, 1041, 1232, 1367, 1399, 1401, 1411, 1529, 1564, 1609, 1652, 1775, 1943, 2028]
logs_monomial/n11_monomialInverse.txt.bz2.greedyext.20260223_083633.txt

21 77 111 170 212 241 388 460 461 628 690 754 834 884 948 1069 1215 1246 1361 1477 1548 1618 1731 1749 1752 1754 1944 1991 2039 2045
Iter#61265227 New set #800 of size 30 (76581.5 its/hit = 8.671s/hit): seed=8548401809239922083 [21, 77, 111, 170, 212, 241, 388, 460, 461, 628, 690, 754, 834, 884, 948, 1069, 1215, 1246, 1361, 1477, 1548, 1618, 1731, 1749, 1752, 1754, 1944, 1991, 2039, 2045]
logs_monomial/n11_monomialInverse.txt.bz2.greedyext.20260222_000855.txt

37 56 57 87 110 193 242 667 743 799 814 884 988 1075 1115 1183 1344 1477 1520 1522 1528 1538 1634 1656 1740 1769 1845 1892 1930 1999
Iter#280947 New set #3 of size 30 (93649.0 its/hit = 12.667s/hit): seed=5702295938392519827 [37, 56, 57, 87, 110, 193, 242, 667, 743, 799, 814, 884, 988, 1075, 1115, 1183, 1344, 1477, 1520, 1522, 1528, 1538, 1634, 1656, 1740, 1769, 1845, 1892, 1930, 1999]
logs_monomial/n11_monomialInverse.txt.bz2.greedyext.20260223_083632.txt

11 18 128 202 254 319 407 490 553 594 793 860 913 976 1014 1034 1141 1170 1191 1276 1373 1422 1475 1491 1517 1518 1635 1640 1810 1971
Iter#709393 New set #7 of size 30 (101341.9 its/hit = 21.571s/hit): seed=2830003484648576236 [11, 18, 128, 202, 254, 319, 407, 490, 553, 594, 793, 860, 913, 976, 1014, 1034, 1141, 1170, 1191, 1276, 1373, 1422, 1475, 1491, 1517, 1518, 1635, 1640, 1810, 1971]
logs_monomial/n11_monomialInverse.txt.bz2.greedyext.20260223_083633.txt

54 158 300 306 345 431 487 604 689 720 737 744 772 777 899 966 1133 1160 1238 1291 1382 1435 1457 1494 1748 1799 1923 1968 1973 2031
Iter#417553 New set #4 of size 30 (104388.2 its/hit = 11.500s/hit): seed=353957650059554712 [54, 158, 300, 306, 345, 431, 487, 604, 689, 720, 737, 744, 772, 777, 899, 966, 1133, 1160, 1238, 1291, 1382, 1435, 1457, 1494, 1748, 1799, 1923, 1968, 1973, 2031]
logs_monomial/n11_monomialInverse.txt.bz2.greedyext.20260222_000855.txt

98 158 190 268 341 510 562 659 751 884 892 931 1046 1066 1119 1200 1245 1260 1263 1353 1431 1453 1468 1487 1495 1577 1636 1651 1764 1868
Iter#21872530 New set #300 of size 30 (72908.4 its/hit = 8.213s/hit): seed=11363729847710564501 [98, 158, 190, 268, 341, 510, 562, 659, 751, 884, 892, 931, 1046, 1066, 1119, 1200, 1245, 1260, 1263, 1353, 1431, 1453, 1468, 1487, 1495, 1577, 1636, 1651, 1764, 1868]
logs_monomial/n11_monomialInverse.txt.bz2.greedyext.20260222_000855.txt

73 264 326 460 540 552 615 617 650 660 793 822 882 951 1005 1021 1045 1055 1063 1084 1122 1127 1166 1328 1361 1436 1771 1817 1823 1824
Iter#416910 New set #6 of size 30 (69485.0 its/hit = 9.833s/hit): seed=12996056992789367312 [73, 264, 326, 460, 540, 552, 615, 617, 650, 660, 793, 822, 882, 951, 1005, 1021, 1045, 1055, 1063, 1084, 1122, 1127, 1166, 1328, 1361, 1436, 1771, 1817, 1823, 1824]
logs_monomial/n11_monomialInverse.txt.bz2.greedyext.20260223_083632.txt

67 179 376 390 484 491 549 610 774 814 1009 1021 1025 1032 1050 1088 1212 1222 1294 1349 1370 1395 1468 1552 1575 1711 1736 1847 1933 1982
Iter#827409 New set #10 of size 30 (82740.9 its/hit = 11.600s/hit): seed=16698699701981476295 [67, 179, 376, 390, 484, 491, 549, 610, 774, 814, 1009, 1021, 1025, 1032, 1050, 1088, 1212, 1222, 1294, 1349, 1370, 1395, 1468, 1552, 1575, 1711, 1736, 1847, 1933, 1982]
logs_monomial/n11_monomialInverse.txt.bz2.greedyext.20260223_083632.txt

93 94 153 160 176 208 266 365 402 414 419 508 551 695 757 827 846 885 927 1024 1039 1161 1523 1601 1674 1682 1695 1806 1963 1991
Iter#25780258 New set #300 of size 30 (85934.2 its/hit = 9.210s/hit): seed=6286160156075778490 [93, 94, 153, 160, 176, 208, 266, 365, 402, 414, 419, 508, 551, 695, 757, 827, 846, 885, 927, 1024, 1039, 1161, 1523, 1601, 1674, 1682, 1695, 1806, 1963, 1991]
logs_monomial/n11_monomialInverse.txt.bz2.greedyext.20260220_210834.txt

4 48 194 272 369 472 548 610 622 708 720 758 835 845 898 1000 1042 1072 1078 1113 1128 1141 1150 1157 1165 1253 1317 1459 1928 1970
Iter#213541 New set #5 of size 30 (42708.2 its/hit = 8.200s/hit): seed=4729938676889439259 [4, 48, 194, 272, 369, 472, 548, 610, 622, 708, 720, 758, 835, 845, 898, 1000, 1042, 1072, 1078, 1113, 1128, 1141, 1150, 1157, 1165, 1253, 1317, 1459, 1928, 1970]
logs_monomial/n11_monomialInverse.txt.bz2.greedyext.20260223_083631.txt

73 130 142 157 246 293 336 427 432 522 651 683 719 721 826 938 1055 1058 1200 1254 1396 1478 1527 1544 1567 1629 1684 1887 1975 2008
Iter#337439 New set #3 of size 30 (112479.7 its/hit = 12.333s/hit): seed=5774286853449487908 [73, 130, 142, 157, 246, 293, 336, 427, 432, 522, 651, 683, 719, 721, 826, 938, 1055, 1058, 1200, 1254, 1396, 1478, 1527, 1544, 1567, 1629, 1684, 1887, 1975, 2008]
logs_monomial/n11_monomialInverse.txt.bz2.greedyext.20260222_000855.txt

20 46 117 216 278 303 351 354 376 390 533 543 563 606 641 910 961 993 1029 1146 1161 1245 1303 1364 1427 1525 1616 1704 1754 1759
Iter#603649 New set #7 of size 30 (86235.6 its/hit = 12.571s/hit): seed=3883990831718215150 [20, 46, 117, 216, 278, 303, 351, 354, 376, 390, 533, 543, 563, 606, 641, 910, 961, 993, 1029, 1146, 1161, 1245, 1303, 1364, 1427, 1525, 1616, 1704, 1754, 1759]
logs_monomial/n11_monomialInverse.txt.bz2.greedyext.20260223_083632.txt

25 117 129 142 149 215 324 415 459 473 509 512 518 696 719 781 800 908 967 1050 1259 1275 1355 1356 1548 1612 1622 1645 1936 1991
Iter#776929 New set #8 of size 30 (97116.1 its/hit = 13.750s/hit): seed=11965539875035795509 [25, 117, 129, 142, 149, 215, 324, 415, 459, 473, 509, 512, 518, 696, 719, 781, 800, 908, 967, 1050, 1259, 1275, 1355, 1356, 1548, 1612, 1622, 1645, 1936, 1991]
logs_monomial/n11_monomialInverse.txt.bz2.greedyext.20260223_083632.txt

171 386 438 592 598 686 688 710 811 838 989 1002 1023 1055 1071 1148 1186 1252 1335 1351 1366 1686 1725 1782 1856 1900 1909 1928 1969 2007
Iter#296453 New set #4 of size 30 (74113.2 its/hit = 8.000s/hit): seed=7636886762560321555 [171, 386, 438, 592, 598, 686, 688, 710, 811, 838, 989, 1002, 1023, 1055, 1071, 1148, 1186, 1252, 1335, 1351, 1366, 1686, 1725, 1782, 1856, 1900, 1909, 1928, 1969, 2007]
logs_monomial/n11_monomialInverse.txt.bz2.greedyext.20260220_210834.txt

36 115 195 335 348 358 405 413 527 652 681 778 1107 1134 1167 1193 1257 1337 1524 1617 1723 1756 1767 1819 1840 1845 1852 1934 1938 2003
Iter#774416 New set #9 of size 30 (86046.2 its/hit = 18.222s/hit): seed=9518177426599720865 [36, 115, 195, 335, 348, 358, 405, 413, 527, 652, 681, 778, 1107, 1134, 1167, 1193, 1257, 1337, 1524, 1617, 1723, 1756, 1767, 1819, 1840, 1845, 1852, 1934, 1938, 2003]
logs_monomial/n11_monomialInverse.txt.bz2.greedyext.20260223_083633.txt

98 125 136 198 326 467 602 629 632 692 729 848 866 870 991 1002 1051 1197 1198 1234 1396 1428 1495 1497 1572 1718 1752 1776 1865 1881
Iter#2434287 New set #30 of size 30 (81142.9 its/hit = 9.033s/hit): seed=16005816442381585985 [98, 125, 136, 198, 326, 467, 602, 629, 632, 692, 729, 848, 866, 870, 991, 1002, 1051, 1197, 1198, 1234, 1396, 1428, 1495, 1497, 1572, 1718, 1752, 1776, 1865, 1881]
logs_monomial/n11_monomialInverse.txt.bz2.greedyext.20260222_000855.txt

200 224 315 380 384 470 494 546 668 681 776 966 1032 1107 1138 1142 1164 1195 1220 1232 1295 1365 1503 1505 1549 1645 1830 1919 2032 2045
Iter#418175 New set #9 of size 30 (46463.9 its/hit = 7.333s/hit): seed=1061971227089095404 [200, 224, 315, 380, 384, 470, 494, 546, 668, 681, 776, 966, 1032, 1107, 1138, 1142, 1164, 1195, 1220, 1232, 1295, 1365, 1503, 1505, 1549, 1645, 1830, 1919, 2032, 2045]
logs_monomial/n11_monomialInverse.txt.bz2.greedyext.20260223_083631.txt

48 70 74 109 118 142 230 345 508 512 602 811 828 846 879 949 982 1056 1136 1212 1367 1389 1412 1420 1699 1861 1954 1987 2026 2039
Iter#3297606 New set #40 of size 30 (82440.1 its/hit = 8.825s/hit): seed=17793398106894417155 [48, 70, 74, 109, 118, 142, 230, 345, 508, 512, 602, 811, 828, 846, 879, 949, 982, 1056, 1136, 1212, 1367, 1389, 1412, 1420, 1699, 1861, 1954, 1987, 2026, 2039]
logs_monomial/n11_monomialInverse.txt.bz2.greedyext.20260220_210834.txt

12 91 122 196 280 405 439 440 460 529 540 589 630 663 735 953 1095 1110 1185 1187 1321 1398 1453 1486 1599 1793 1830 1864 1942 2031
Iter#4296756 New set #60 of size 30 (71612.6 its/hit = 7.983s/hit): seed=17760169661161793312 [12, 91, 122, 196, 280, 405, 439, 440, 460, 529, 540, 589, 630, 663, 735, 953, 1095, 1110, 1185, 1187, 1321, 1398, 1453, 1486, 1599, 1793, 1830, 1864, 1942, 2031]
logs_monomial/n11_monomialInverse.txt.bz2.greedyext.20260222_000855.txt

145 182 187 362 387 471 514 581 583 656 694 736 741 790 819 1115 1139 1140 1296 1306 1308 1357 1360 1361 1389 1506 1565 1709 1747 1974
Iter#324999 New set #6 of size 30 (54166.5 its/hit = 9.167s/hit): seed=15711696190395742792 [145, 182, 187, 362, 387, 471, 514, 581, 583, 656, 694, 736, 741, 790, 819, 1115, 1139, 1140, 1296, 1306, 1308, 1357, 1360, 1361, 1389, 1506, 1565, 1709, 1747, 1974]
logs_monomial/n11_monomialInverse.txt.bz2.greedyext.20260223_083631.txt

10 99 117 159 165 249 303 352 385 445 454 473 479 555 784 955 971 1019 1132 1167 1188 1228 1245 1373 1585 1652 1740 1787 1973 2010
Iter#633046 New set #10 of size 30 (63304.6 its/hit = 6.800s/hit): seed=16920698829058581166 [10, 99, 117, 159, 165, 249, 303, 352, 385, 445, 454, 473, 479, 555, 784, 955, 971, 1019, 1132, 1167, 1188, 1228, 1245, 1373, 1585, 1652, 1740, 1787, 1973, 2010]
logs_monomial/n11_monomialInverse.txt.bz2.greedyext.20260220_210834.txt

110 143 263 441 455 460 510 551 604 605 760 829 1031 1043 1069 1230 1255 1268 1331 1560 1581 1590 1690 1736 1781 1783 1849 1921 1965 2001
Iter#18187696 New set #200 of size 30 (90938.5 its/hit = 9.740s/hit): seed=8657710710561635549 [110, 143, 263, 441, 455, 460, 510, 551, 604, 605, 760, 829, 1031, 1043, 1069, 1230, 1255, 1268, 1331, 1560, 1581, 1590, 1690, 1736, 1781, 1783, 1849, 1921, 1965, 2001]
logs_monomial/n11_monomialInverse.txt.bz2.greedyext.20260220_210834.txt

17 57 96 164 324 345 645 749 915 959 996 1121 1131 1197 1227 1258 1373 1508 1534 1604 1609 1652 1674 1681 1683 1695 1709 1731 1803 1945
Iter#2371493 New set #30 of size 30 (79049.8 its/hit = 8.467s/hit): seed=8819447965635125317 [17, 57, 96, 164, 324, 345, 645, 749, 915, 959, 996, 1121, 1131, 1197, 1227, 1258, 1373, 1508, 1534, 1604, 1609, 1652, 1674, 1681, 1683, 1695, 1709, 1731, 1803, 1945]
logs_monomial/n11_monomialInverse.txt.bz2.greedyext.20260220_210834.txt

120 269 275 369 509 542 613 676 683 1014 1055 1081 1132 1157 1208 1222 1223 1383 1430 1474 1483 1542 1574 1672 1689 1777 1788 1893 1939 1957
Iter#94771 New set #3 of size 30 (31590.3 its/hit = 5.667s/hit): seed=5202723139294334175 [120, 269, 275, 369, 509, 542, 613, 676, 683, 1014, 1055, 1081, 1132, 1157, 1208, 1222, 1223, 1383, 1430, 1474, 1483, 1542, 1574, 1672, 1689, 1777, 1788, 1893, 1939, 1957]
logs_monomial/n11_monomialInverse.txt.bz2.greedyext.20260223_083631.txt

124 142 300 437 501 510 513 515 628 766 770 792 822 836 868 875 927 1009 1012 1047 1164 1194 1299 1525 1775 1814 1825 1908 1924 1994
Iter#84646 New set #1 of size 30 (84646.0 its/hit = 10.000s/hit): seed=1710906478857745920 [124, 142, 300, 437, 501, 510, 513, 515, 628, 766, 770, 792, 822, 836, 868, 875, 927, 1009, 1012, 1047, 1164, 1194, 1299, 1525, 1775, 1814, 1825, 1908, 1924, 1994]
logs_monomial/n11_monomialInverse.txt.bz2.greedyext.20260223_083632.txt

101 130 149 253 324 479 487 697 745 816 900 907 921 925 961 1037 1210 1497 1548 1582 1610 1644 1648 1694 1778 1808 1865 1888 1909 1923
Iter#7260777 New set #80 of size 30 (90759.7 its/hit = 9.725s/hit): seed=2158494489956707659 [101, 130, 149, 253, 324, 479, 487, 697, 745, 816, 900, 907, 921, 925, 961, 1037, 1210, 1497, 1548, 1582, 1610, 1644, 1648, 1694, 1778, 1808, 1865, 1888, 1909, 1923]
logs_monomial/n11_monomialInverse.txt.bz2.greedyext.20260220_210834.txt

86 97 131 206 285 293 375 395 475 502 621 669 781 817 841 847 872 1377 1434 1483 1522 1597 1629 1646 1668 1717 1799 1822 1979 2034
Iter#46498403 New set #600 of size 30 (77497.3 its/hit = 8.767s/hit): seed=1997904841970058950 [86, 97, 131, 206, 285, 293, 375, 395, 475, 502, 621, 669, 781, 817, 841, 847, 872, 1377, 1434, 1483, 1522, 1597, 1629, 1646, 1668, 1717, 1799, 1822, 1979, 2034]
logs_monomial/n11_monomialInverse.txt.bz2.greedyext.20260222_000855.txt

26 67 89 356 502 520 542 552 607 615 720 750 900 1013 1049 1123 1126 1133 1248 1286 1298 1338 1367 1420 1483 1655 1690 1692 1813 1886
Iter#361100 New set #8 of size 30 (45137.5 its/hit = 7.375s/hit): seed=3071604200258922574 [26, 67, 89, 356, 502, 520, 542, 552, 607, 615, 720, 750, 900, 1013, 1049, 1123, 1126, 1133, 1248, 1286, 1298, 1338, 1367, 1420, 1483, 1655, 1690, 1692, 1813, 1886]
logs_monomial/n11_monomialInverse.txt.bz2.greedyext.20260223_083631.txt

11 149 187 274 451 452 491 569 583 650 716 876 969 990 1108 1109 1178 1342 1415 1428 1438 1471 1522 1534 1574 1733 1775 1866 1989 2044
Iter#1201952 New set #20 of size 30 (60097.6 its/hit = 6.450s/hit): seed=14027256845912086687 [11, 149, 187, 274, 451, 452, 491, 569, 583, 650, 716, 876, 969, 990, 1108, 1109, 1178, 1342, 1415, 1428, 1438, 1471, 1522, 1534, 1574, 1733, 1775, 1866, 1989, 2044]
logs_monomial/n11_monomialInverse.txt.bz2.greedyext.20260220_210834.txt

10 69 177 394 397 451 601 665 704 728 859 979 999 1012 1050 1105 1263 1266 1308 1354 1487 1588 1654 1712 1757 1805 1841 1863 1900 1965
Iter#724686 New set #8 of size 30 (90585.8 its/hit = 19.250s/hit): seed=8454475750564538776 [10, 69, 177, 394, 397, 451, 601, 665, 704, 728, 859, 979, 999, 1012, 1050, 1105, 1263, 1266, 1308, 1354, 1487, 1588, 1654, 1712, 1757, 1805, 1841, 1863, 1900, 1965]
logs_monomial/n11_monomialInverse.txt.bz2.greedyext.20260223_083633.txt

68 101 138 240 251 259 363 374 390 689 752 949 955 1013 1029 1056 1079 1182 1195 1329 1351 1362 1415 1544 1569 1778 1821 1847 1883 2007
Iter#703302 New set #10 of size 30 (70330.2 its/hit = 7.900s/hit): seed=1048697631088046021 [68, 101, 138, 240, 251, 259, 363, 374, 390, 689, 752, 949, 955, 1013, 1029, 1056, 1079, 1182, 1195, 1329, 1351, 1362, 1415, 1544, 1569, 1778, 1821, 1847, 1883, 2007]
logs_monomial/n11_monomialInverse.txt.bz2.greedyext.20260222_000855.txt

110 154 294 357 377 398 479 500 508 546 622 629 715 843 980 1001 1198 1201 1366 1398 1447 1537 1584 1702 1734 1807 1824 1906 2008 2028
Iter#242359 New set #2 of size 30 (121179.5 its/hit = 13.000s/hit): seed=15816056470504771133 [110, 154, 294, 357, 377, 398, 479, 500, 508, 546, 622, 629, 715, 843, 980, 1001, 1198, 1201, 1366, 1398, 1447, 1537, 1584, 1702, 1734, 1807, 1824, 1906, 2008, 2028]
logs_monomial/n11_monomialInverse.txt.bz2.greedyext.20260220_210834.txt

132 163 260 293 448 496 603 648 692 764 768 856 962 988 1032 1168 1348 1417 1442 1505 1601 1635 1657 1678 1781 1838 1891 1898 1915 1967
Iter#6742170 New set #90 of size 30 (74913.0 its/hit = 8.367s/hit): seed=2971729511696768813 [132, 163, 260, 293, 448, 496, 603, 648, 692, 764, 768, 856, 962, 988, 1032, 1168, 1348, 1417, 1442, 1505, 1601, 1635, 1657, 1678, 1781, 1838, 1891, 1898, 1915, 1967]
logs_monomial/n11_monomialInverse.txt.bz2.greedyext.20260222_000855.txt

52 246 261 270 281 395 457 477 502 508 641 678 775 803 871 1017 1111 1163 1211 1226 1667 1692 1741 1764 1801 1819 1833 1839 1841 2002
Iter#450126 New set #6 of size 30 (75021.0 its/hit = 8.000s/hit): seed=3465019217108496721 [52, 246, 261, 270, 281, 395, 457, 477, 502, 508, 641, 678, 775, 803, 871, 1017, 1111, 1163, 1211, 1226, 1667, 1692, 1741, 1764, 1801, 1819, 1833, 1839, 1841, 2002]
logs_monomial/n11_monomialInverse.txt.bz2.greedyext.20260220_210834.txt

100 124 169 186 242 243 315 329 396 505 545 574 648 679 741 1197 1275 1284 1351 1509 1575 1612 1614 1624 1698 1741 1748 1965 2025 2044
Iter#661064 New set #10 of size 30 (66106.4 its/hit = 9.400s/hit): seed=10868030253983579402 [100, 124, 169, 186, 242, 243, 315, 329, 396, 505, 545, 574, 648, 679, 741, 1197, 1275, 1284, 1351, 1509, 1575, 1612, 1614, 1624, 1698, 1741, 1748, 1965, 2025, 2044]
logs_monomial/n11_monomialInverse.txt.bz2.greedyext.20260223_083631.txt

