134 161 201 271 459 490 515 567 579 729 888 905 946 984 1029 1081 1089 1302 1477 1574 1627 1693 1734 1987 1990 1995 1996
Iter#150933 New set #7 of size 27 (21561.9 its/hit = 3.714s/hit): seed=15409460331069630822 [134, 161, 201, 271, 459, 490, 515, 567, 579, 729, 888, 905, 946, 984, 1029, 1081, 1089, 1302, 1477, 1574, 1627, 1693, 1734, 1987, 1990, 1995, 1996]
logs_monomial/n11_monomial9.txt.bz2.greedyext.20260223_083631.txt

17 265 290 307 321 356 433 488 504 531 548 746 813 1059 1097 1107 1220 1230 1292 1360 1396 1493 1609 1824 1843 1904 2032
Iter#23661840 New set #1000 of size 27 (23661.8 its/hit = 2.565s/hit): seed=6608644516658193008 [17, 265, 290, 307, 321, 356, 433, 488, 504, 531, 548, 746, 813, 1059, 1097, 1107, 1220, 1230, 1292, 1360, 1396, 1493, 1609, 1824, 1843, 1904, 2032]
logs_monomial/n11_monomial9.txt.bz2.greedyext.20260220_210834.txt

51 99 187 255 333 470 571 693 738 875 993 1101 1236 1245 1296 1416 1426 1514 1537 1614 1646 1650 1705 1710 1833 1912 2006
Iter#48009081 New set #2000 of size 27 (24004.5 its/hit = 3.054s/hit): seed=6132548499308064440 [51, 99, 187, 255, 333, 470, 571, 693, 738, 875, 993, 1101, 1236, 1245, 1296, 1416, 1426, 1514, 1537, 1614, 1646, 1650, 1705, 1710, 1833, 1912, 2006]
logs_monomial/n11_monomial9.txt.bz2.greedyext.20260222_000855.txt

140 157 185 244 251 448 604 637 725 897 914 927 1089 1131 1367 1407 1512 1532 1554 1595 1615 1653 1699 1716 1778 1783 1812
Iter#32979 New set #3 of size 27 (10993.0 its/hit = 1.000s/hit): seed=1035341963134760946 [140, 157, 185, 244, 251, 448, 604, 637, 725, 897, 914, 927, 1089, 1131, 1367, 1407, 1512, 1532, 1554, 1595, 1615, 1653, 1699, 1716, 1778, 1783, 1812]
logs_monomial/n11_monomial9.txt.bz2.greedyext.20260222_000855.txt

110 129 150 178 197 371 441 540 548 589 753 852 925 1081 1138 1244 1284 1372 1385 1471 1478 1668 1672 1730 1965 2002 2045
Iter#22102003 New set #900 of size 27 (24557.8 its/hit = 2.878s/hit): seed=7537963109173162016 [110, 129, 150, 178, 197, 371, 441, 540, 548, 589, 753, 852, 925, 1081, 1138, 1244, 1284, 1372, 1385, 1471, 1478, 1668, 1672, 1730, 1965, 2002, 2045]
logs_monomial/n11_monomial9.txt.bz2.greedyext.20260222_000855.txt

146 280 387 418 450 489 556 578 658 689 699 838 875 926 966 1057 1091 1146 1358 1435 1559 1568 1585 1825 1860 1964 1977
Iter#2564427 New set #100 of size 27 (25644.3 its/hit = 2.920s/hit): seed=10851644033273910979 [146, 280, 387, 418, 450, 489, 556, 578, 658, 689, 699, 838, 875, 926, 966, 1057, 1091, 1146, 1358, 1435, 1559, 1568, 1585, 1825, 1860, 1964, 1977]
logs_monomial/n11_monomial9.txt.bz2.greedyext.20260222_000855.txt

37 60 112 157 244 248 282 331 385 454 657 731 857 946 991 1031 1056 1255 1341 1356 1490 1603 1812 1949 2002 2004 2026
Iter#1381621 New set #70 of size 27 (19737.4 its/hit = 2.114s/hit): seed=3061378486836560725 [37, 60, 112, 157, 244, 248, 282, 331, 385, 454, 657, 731, 857, 946, 991, 1031, 1056, 1255, 1341, 1356, 1490, 1603, 1812, 1949, 2002, 2004, 2026]
logs_monomial/n11_monomial9.txt.bz2.greedyext.20260220_210834.txt

163 174 386 460 465 552 561 790 940 1079 1207 1247 1255 1399 1434 1511 1542 1558 1564 1691 1695 1804 1877 1923 1962 2004 2040
Iter#131516 New set #6 of size 27 (21919.3 its/hit = 3.500s/hit): seed=58688048746997236 [163, 174, 386, 460, 465, 552, 561, 790, 940, 1079, 1207, 1247, 1255, 1399, 1434, 1511, 1542, 1558, 1564, 1691, 1695, 1804, 1877, 1923, 1962, 2004, 2040]
logs_monomial/n11_monomial9.txt.bz2.greedyext.20260223_083633.txt

72 102 104 203 242 354 482 638 701 954 1363 1369 1408 1496 1508 1523 1531 1574 1623 1638 1651 1720 1973 1976 2006 2017 2020
Iter#413396 New set #20 of size 27 (20669.8 its/hit = 3.550s/hit): seed=7632466278376895798 [72, 102, 104, 203, 242, 354, 482, 638, 701, 954, 1363, 1369, 1408, 1496, 1508, 1523, 1531, 1574, 1623, 1638, 1651, 1720, 1973, 1976, 2006, 2017, 2020]
logs_monomial/n11_monomial9.txt.bz2.greedyext.20260223_083631.txt

61 216 258 359 560 587 637 678 690 859 882 920 940 1017 1098 1232 1264 1287 1300 1407 1466 1512 1615 1689 1738 1831 1966
Iter#188283 New set #10 of size 27 (18828.3 its/hit = 3.700s/hit): seed=5009288165574433556 [61, 216, 258, 359, 560, 587, 637, 678, 690, 859, 882, 920, 940, 1017, 1098, 1232, 1264, 1287, 1300, 1407, 1466, 1512, 1615, 1689, 1738, 1831, 1966]
logs_monomial/n11_monomial9.txt.bz2.greedyext.20260223_083632.txt

102 291 324 334 437 445 561 589 748 757 771 811 856 1001 1025 1082 1087 1137 1141 1471 1499 1558 1671 1784 1859 2015 2036
Iter#40546 New set #4 of size 27 (10136.5 its/hit = 1.000s/hit): seed=16648575763636367360 [102, 291, 324, 334, 437, 445, 561, 589, 748, 757, 771, 811, 856, 1001, 1025, 1082, 1087, 1137, 1141, 1471, 1499, 1558, 1671, 1784, 1859, 2015, 2036]
logs_monomial/n11_monomial9.txt.bz2.greedyext.20260222_000855.txt

198 265 331 419 493 550 561 755 815 833 846 941 1117 1139 1256 1308 1346 1492 1569 1608 1629 1679 1687 1736 1800 1887 1922
Iter#232449 New set #9 of size 27 (25827.7 its/hit = 2.667s/hit): seed=4718246577457680033 [198, 265, 331, 419, 493, 550, 561, 755, 815, 833, 846, 941, 1117, 1139, 1256, 1308, 1346, 1492, 1569, 1608, 1629, 1679, 1687, 1736, 1800, 1887, 1922]
logs_monomial/n11_monomial9.txt.bz2.greedyext.20260220_210834.txt

212 221 267 346 380 396 464 466 523 546 583 593 706 945 977 1122 1160 1242 1246 1408 1424 1450 1747 1775 1827 1932 1978
Iter#1504793 New set #60 of size 27 (25079.9 its/hit = 2.850s/hit): seed=15702793392867217387 [212, 221, 267, 346, 380, 396, 464, 466, 523, 546, 583, 593, 706, 945, 977, 1122, 1160, 1242, 1246, 1408, 1424, 1450, 1747, 1775, 1827, 1932, 1978]
logs_monomial/n11_monomial9.txt.bz2.greedyext.20260222_000855.txt

82 158 179 335 450 509 742 784 808 870 877 889 935 985 1115 1166 1232 1273 1299 1305 1474 1561 1799 1863 1972 1991 2004
Iter#39740 New set #3 of size 27 (13246.7 its/hit = 2.667s/hit): seed=13436767647540101728 [82, 158, 179, 335, 450, 509, 742, 784, 808, 870, 877, 889, 935, 985, 1115, 1166, 1232, 1273, 1299, 1305, 1474, 1561, 1799, 1863, 1972, 1991, 2004]
logs_monomial/n11_monomial9.txt.bz2.greedyext.20260223_083632.txt

57 194 203 269 342 359 445 525 570 668 690 724 849 876 967 1041 1103 1162 1263 1304 1585 1618 1701 1725 1834 1928 2040
Iter#24763 New set #2 of size 27 (12381.5 its/hit = 1.000s/hit): seed=15140297336556534287 [57, 194, 203, 269, 342, 359, 445, 525, 570, 668, 690, 724, 849, 876, 967, 1041, 1103, 1162, 1263, 1304, 1585, 1618, 1701, 1725, 1834, 1928, 2040]
logs_monomial/n11_monomial9.txt.bz2.greedyext.20260220_210834.txt

92 105 220 367 380 386 400 487 488 611 651 680 748 850 1191 1240 1298 1327 1355 1606 1652 1699 1744 1745 1838 1841 1975
Iter#6805743 New set #300 of size 27 (22685.8 its/hit = 2.453s/hit): seed=1735970537468118835 [92, 105, 220, 367, 380, 386, 400, 487, 488, 611, 651, 680, 748, 850, 1191, 1240, 1298, 1327, 1355, 1606, 1652, 1699, 1744, 1745, 1838, 1841, 1975]
logs_monomial/n11_monomial9.txt.bz2.greedyext.20260220_210834.txt

69 95 104 113 269 340 403 593 653 797 822 916 929 1107 1156 1174 1210 1241 1431 1598 1632 1687 1774 1776 1781 1953 1985
Iter#202367 New set #9 of size 27 (22485.2 its/hit = 3.889s/hit): seed=1255102544432101252 [69, 95, 104, 113, 269, 340, 403, 593, 653, 797, 822, 916, 929, 1107, 1156, 1174, 1210, 1241, 1431, 1598, 1632, 1687, 1774, 1776, 1781, 1953, 1985]
logs_monomial/n11_monomial9.txt.bz2.greedyext.20260223_083631.txt

45 136 233 338 409 420 421 449 557 574 706 1042 1060 1205 1278 1323 1328 1350 1397 1581 1816 1872 1880 1924 1952 1998 2007
Iter#101983 New set #5 of size 27 (20396.6 its/hit = 3.600s/hit): seed=3014940294139146841 [45, 136, 233, 338, 409, 420, 421, 449, 557, 574, 706, 1042, 1060, 1205, 1278, 1323, 1328, 1350, 1397, 1581, 1816, 1872, 1880, 1924, 1952, 1998, 2007]
logs_monomial/n11_monomial9.txt.bz2.greedyext.20260223_083632.txt

50 205 341 380 410 456 470 545 571 574 819 849 883 941 1263 1412 1445 1518 1579 1623 1626 1636 1729 1847 1927 1973 2020
Iter#11459501 New set #500 of size 27 (22919.0 its/hit = 2.602s/hit): seed=8200187011304101765 [50, 205, 341, 380, 410, 456, 470, 545, 571, 574, 819, 849, 883, 941, 1263, 1412, 1445, 1518, 1579, 1623, 1626, 1636, 1729, 1847, 1927, 1973, 2020]
logs_monomial/n11_monomial9.txt.bz2.greedyext.20260222_000855.txt

31 169 224 240 390 398 460 472 504 517 522 534 544 556 578 665 673 906 955 992 1045 1272 1314 1499 1524 1558 1783
Iter#50067 New set #6 of size 27 (8344.5 its/hit = 0.833s/hit): seed=2171628726149914812 [31, 169, 224, 240, 390, 398, 460, 472, 504, 517, 522, 534, 544, 556, 578, 665, 673, 906, 955, 992, 1045, 1272, 1314, 1499, 1524, 1558, 1783]
logs_monomial/n11_monomial9.txt.bz2.greedyext.20260222_000855.txt

117 168 175 187 224 236 410 433 476 573 628 700 931 952 1086 1243 1405 1497 1521 1568 1579 1594 1602 1631 1716 1804 1927
Iter#106691 New set #6 of size 27 (17781.8 its/hit = 3.167s/hit): seed=6067332259357906626 [117, 168, 175, 187, 224, 236, 410, 433, 476, 573, 628, 700, 931, 952, 1086, 1243, 1405, 1497, 1521, 1568, 1579, 1594, 1602, 1631, 1716, 1804, 1927]
logs_monomial/n11_monomial9.txt.bz2.greedyext.20260223_083632.txt

222 335 402 442 483 537 557 566 618 746 768 791 880 925 985 1058 1249 1269 1405 1434 1548 1672 1892 1939 1984 1985 2042
Iter#88454 New set #2 of size 27 (44227.0 its/hit = 7.000s/hit): seed=1157402319306340437 [222, 335, 402, 442, 483, 537, 557, 566, 618, 746, 768, 791, 880, 925, 985, 1058, 1249, 1269, 1405, 1434, 1548, 1672, 1892, 1939, 1984, 1985, 2042]
logs_monomial/n11_monomial9.txt.bz2.greedyext.20260223_083633.txt

99 175 225 227 578 599 637 652 744 792 906 1004 1010 1034 1125 1215 1272 1303 1330 1405 1433 1491 1518 1630 1900 1920 1956
Iter#945260 New set #40 of size 27 (23631.5 its/hit = 2.525s/hit): seed=10407761914338933358 [99, 175, 225, 227, 578, 599, 637, 652, 744, 792, 906, 1004, 1010, 1034, 1125, 1215, 1272, 1303, 1330, 1405, 1433, 1491, 1518, 1630, 1900, 1920, 1956]
logs_monomial/n11_monomial9.txt.bz2.greedyext.20260220_210834.txt

159 225 245 257 457 492 496 734 779 784 807 937 1024 1137 1151 1165 1189 1237 1332 1481 1515 1543 1554 1643 1652 1683 1915
Iter#194002 New set #8 of size 27 (24250.2 its/hit = 4.125s/hit): seed=5582845680471505642 [159, 225, 245, 257, 457, 492, 496, 734, 779, 784, 807, 937, 1024, 1137, 1151, 1165, 1189, 1237, 1332, 1481, 1515, 1543, 1554, 1643, 1652, 1683, 1915]
logs_monomial/n11_monomial9.txt.bz2.greedyext.20260223_083631.txt

210 236 284 484 534 556 619 658 859 870 872 898 921 924 968 975 981 1021 1076 1117 1312 1627 1753 1847 1881 1948 1980
Iter#16967071 New set #700 of size 27 (24238.7 its/hit = 2.757s/hit): seed=13090471524377864971 [210, 236, 284, 484, 534, 556, 619, 658, 859, 870, 872, 898, 921, 924, 968, 975, 981, 1021, 1076, 1117, 1312, 1627, 1753, 1847, 1881, 1948, 1980]
logs_monomial/n11_monomial9.txt.bz2.greedyext.20260222_000855.txt

16 23 114 239 248 259 265 271 328 454 633 663 679 698 992 1269 1283 1292 1386 1391 1454 1496 1535 1582 1708 1782 1859
Iter#66346 New set #7 of size 27 (9478.0 its/hit = 1.000s/hit): seed=14161272367982682877 [16, 23, 114, 239, 248, 259, 265, 271, 328, 454, 633, 663, 679, 698, 992, 1269, 1283, 1292, 1386, 1391, 1454, 1496, 1535, 1582, 1708, 1782, 1859]
logs_monomial/n11_monomial9.txt.bz2.greedyext.20260222_000855.txt

4 100 111 324 354 429 478 563 631 635 760 777 846 1038 1092 1277 1305 1333 1348 1399 1425 1458 1596 1772 1904 1905 1984
Iter#2057017 New set #100 of size 27 (20570.2 its/hit = 2.200s/hit): seed=8121193812983001305 [4, 100, 111, 324, 354, 429, 478, 563, 631, 635, 760, 777, 846, 1038, 1092, 1277, 1305, 1333, 1348, 1399, 1425, 1458, 1596, 1772, 1904, 1905, 1984]
logs_monomial/n11_monomial9.txt.bz2.greedyext.20260220_210834.txt

161 216 243 343 448 529 618 719 752 854 888 901 930 959 1030 1105 1195 1205 1246 1253 1312 1357 1503 1694 1754 1881 1997
Iter#1178135 New set #40 of size 27 (29453.4 its/hit = 5.825s/hit): seed=11844019330824061310 [161, 216, 243, 343, 448, 529, 618, 719, 752, 854, 888, 901, 930, 959, 1030, 1105, 1195, 1205, 1246, 1253, 1312, 1357, 1503, 1694, 1754, 1881, 1997]
logs_monomial/n11_monomial9.txt.bz2.greedyext.20260223_083632.txt

129 195 260 282 390 409 469 515 586 637 817 828 839 1142 1151 1182 1282 1405 1551 1755 1761 1775 1814 1831 1944 1949 1970
Iter#229705 New set #8 of size 27 (28713.1 its/hit = 3.000s/hit): seed=18292413929758041165 [129, 195, 260, 282, 390, 409, 469, 515, 586, 637, 817, 828, 839, 1142, 1151, 1182, 1282, 1405, 1551, 1755, 1761, 1775, 1814, 1831, 1944, 1949, 1970]
logs_monomial/n11_monomial9.txt.bz2.greedyext.20260220_210834.txt

60 158 304 318 382 440 468 622 649 753 756 964 1005 1047 1053 1063 1123 1139 1221 1324 1343 1466 1542 1705 1825 1984 2040
Iter#26257 New set #2 of size 27 (13128.5 its/hit = 2.000s/hit): seed=2868193897288923743 [60, 158, 304, 318, 382, 440, 468, 622, 649, 753, 756, 964, 1005, 1047, 1053, 1063, 1123, 1139, 1221, 1324, 1343, 1466, 1542, 1705, 1825, 1984, 2040]
logs_monomial/n11_monomial9.txt.bz2.greedyext.20260223_083632.txt

12 35 168 230 380 512 533 535 550 586 669 710 794 818 919 977 1003 1114 1193 1208 1272 1337 1371 1549 1614 1806 1865
Iter#276932 New set #10 of size 27 (27693.2 its/hit = 4.500s/hit): seed=12756884191858921011 [12, 35, 168, 230, 380, 512, 533, 535, 550, 586, 669, 710, 794, 818, 919, 977, 1003, 1114, 1193, 1208, 1272, 1337, 1371, 1549, 1614, 1806, 1865]
logs_monomial/n11_monomial9.txt.bz2.greedyext.20260223_083633.txt

157 219 243 284 466 478 523 746 799 870 1012 1064 1079 1080 1124 1171 1175 1205 1207 1292 1297 1374 1596 1616 1686 1984 2021
Iter#736628 New set #30 of size 27 (24554.3 its/hit = 3.967s/hit): seed=11179195595827329740 [157, 219, 243, 284, 466, 478, 523, 746, 799, 870, 1012, 1064, 1079, 1080, 1124, 1171, 1175, 1205, 1207, 1292, 1297, 1374, 1596, 1616, 1686, 1984, 2021]
logs_monomial/n11_monomial9.txt.bz2.greedyext.20260223_083633.txt

8 20 92 152 220 334 348 501 644 713 754 757 765 834 835 1188 1204 1242 1302 1373 1403 1528 1577 1668 1838 2015 2017
Iter#120064 New set #5 of size 27 (24012.8 its/hit = 4.200s/hit): seed=6485898203288131823 [8, 20, 92, 152, 220, 334, 348, 501, 644, 713, 754, 757, 765, 834, 835, 1188, 1204, 1242, 1302, 1373, 1403, 1528, 1577, 1668, 1838, 2015, 2017]
logs_monomial/n11_monomial9.txt.bz2.greedyext.20260223_083631.txt

5 61 87 121 152 190 428 648 742 774 792 944 945 1042 1097 1122 1251 1262 1338 1355 1385 1400 1402 1477 1547 1676 1840
Iter#158604 New set #10 of size 27 (15860.4 its/hit = 1.800s/hit): seed=8725758045341331119 [5, 61, 87, 121, 152, 190, 428, 648, 742, 774, 792, 944, 945, 1042, 1097, 1122, 1251, 1262, 1338, 1355, 1385, 1400, 1402, 1477, 1547, 1676, 1840]
logs_monomial/n11_monomial9.txt.bz2.greedyext.20260222_000855.txt

9 35 58 87 150 184 264 285 406 477 784 808 843 872 954 1116 1221 1381 1389 1631 1632 1703 1768 1784 1818 1839 1926
Iter#18282 New set #1 of size 27 (18282.0 its/hit = 3.000s/hit): seed=399105219647645457 [9, 35, 58, 87, 150, 184, 264, 285, 406, 477, 784, 808, 843, 872, 954, 1116, 1221, 1381, 1389, 1631, 1632, 1703, 1768, 1784, 1818, 1839, 1926]
logs_monomial/n11_monomial9.txt.bz2.greedyext.20260223_083631.txt

73 114 286 295 388 486 507 702 818 868 923 1059 1129 1200 1284 1304 1326 1397 1530 1540 1543 1602 1633 1705 1712 1721 1937
Iter#206159 New set #10 of size 27 (20615.9 its/hit = 3.500s/hit): seed=5010456192479704640 [73, 114, 286, 295, 388, 486, 507, 702, 818, 868, 923, 1059, 1129, 1200, 1284, 1304, 1326, 1397, 1530, 1540, 1543, 1602, 1633, 1705, 1712, 1721, 1937]
logs_monomial/n11_monomial9.txt.bz2.greedyext.20260223_083631.txt

19 71 146 187 302 330 553 581 631 692 715 751 907 911 964 1088 1396 1449 1624 1656 1734 1771 1876 1884 1919 1940 2025
Iter#114347 New set #6 of size 27 (19057.8 its/hit = 2.000s/hit): seed=6343789604462041840 [19, 71, 146, 187, 302, 330, 553, 581, 631, 692, 715, 751, 907, 911, 964, 1088, 1396, 1449, 1624, 1656, 1734, 1771, 1876, 1884, 1919, 1940, 2025]
logs_monomial/n11_monomial9.txt.bz2.greedyext.20260220_210834.txt

28 97 137 176 321 332 362 417 457 467 525 676 840 902 1015 1266 1280 1347 1353 1355 1400 1403 1505 1681 1714 1733 1853
Iter#16620108 New set #700 of size 27 (23743.0 its/hit = 2.571s/hit): seed=9657475227766735759 [28, 97, 137, 176, 321, 332, 362, 417, 457, 467, 525, 676, 840, 902, 1015, 1266, 1280, 1347, 1353, 1355, 1400, 1403, 1505, 1681, 1714, 1733, 1853]
logs_monomial/n11_monomial9.txt.bz2.greedyext.20260220_210834.txt

15 138 147 149 217 371 474 477 512 544 579 683 753 767 795 904 905 956 1223 1268 1398 1401 1493 1641 1725 1875 1939
Iter#8938 New set #1 of size 27 (8938.0 its/hit = 1.000s/hit): seed=596323883231752322 [15, 138, 147, 149, 217, 371, 474, 477, 512, 544, 579, 683, 753, 767, 795, 904, 905, 956, 1223, 1268, 1398, 1401, 1493, 1641, 1725, 1875, 1939]
logs_monomial/n11_monomial9.txt.bz2.greedyext.20260222_000855.txt

18 214 357 495 505 578 629 634 651 661 693 701 736 869 898 1039 1185 1225 1375 1483 1539 1685 1712 1719 1722 1937 2022
Iter#4995 New set #1 of size 27 (4995.0 its/hit = 0.000s/hit): seed=2974524729687105211 [18, 214, 357, 495, 505, 578, 629, 634, 651, 661, 693, 701, 736, 869, 898, 1039, 1185, 1225, 1375, 1483, 1539, 1685, 1712, 1719, 1722, 1937, 2022]
logs_monomial/n11_monomial9.txt.bz2.greedyext.20260220_210834.txt

68 94 214 446 448 672 738 840 885 893 907 972 1027 1173 1310 1337 1378 1422 1439 1443 1466 1485 1546 1567 1773 1800 1864
Iter#1192648 New set #50 of size 27 (23853.0 its/hit = 2.700s/hit): seed=16430345644141808453 [68, 94, 214, 446, 448, 672, 738, 840, 885, 893, 907, 972, 1027, 1173, 1310, 1337, 1378, 1422, 1439, 1443, 1466, 1485, 1546, 1567, 1773, 1800, 1864]
logs_monomial/n11_monomial9.txt.bz2.greedyext.20260222_000855.txt

264 300 332 447 448 579 585 601 645 649 670 706 724 772 797 875 884 1238 1285 1421 1443 1480 1523 1636 1647 1922 1970
Iter#46336 New set #2 of size 27 (23168.0 its/hit = 4.000s/hit): seed=15360176507324450306 [264, 300, 332, 447, 448, 579, 585, 601, 645, 649, 670, 706, 724, 772, 797, 875, 884, 1238, 1285, 1421, 1443, 1480, 1523, 1636, 1647, 1922, 1970]
logs_monomial/n11_monomial9.txt.bz2.greedyext.20260223_083631.txt

114 182 200 252 416 554 649 756 788 817 839 895 938 978 1001 1082 1158 1178 1259 1303 1357 1472 1557 1859 1868 1881 1903
Iter#871832 New set #30 of size 27 (29061.1 its/hit = 5.700s/hit): seed=1341988764365353793 [114, 182, 200, 252, 416, 554, 649, 756, 788, 817, 839, 895, 938, 978, 1001, 1082, 1158, 1178, 1259, 1303, 1357, 1472, 1557, 1859, 1868, 1881, 1903]
logs_monomial/n11_monomial9.txt.bz2.greedyext.20260223_083632.txt

86 166 186 461 561 607 674 689 707 727 755 775 791 922 950 974 995 1079 1208 1249 1355 1745 1896 1931 1986 2011 2032
Iter#388237 New set #20 of size 27 (19411.8 its/hit = 2.050s/hit): seed=8616299293937781336 [86, 166, 186, 461, 561, 607, 674, 689, 707, 727, 755, 775, 791, 922, 950, 974, 995, 1079, 1208, 1249, 1355, 1745, 1896, 1931, 1986, 2011, 2032]
logs_monomial/n11_monomial9.txt.bz2.greedyext.20260220_210834.txt

84 99 181 221 223 336 415 586 748 779 802 902 909 984 1025 1040 1123 1184 1246 1454 1492 1511 1568 1691 1743 1750 2016
Iter#4290822 New set #200 of size 27 (21454.1 its/hit = 2.315s/hit): seed=2772102025611458335 [84, 99, 181, 221, 223, 336, 415, 586, 748, 779, 802, 902, 909, 984, 1025, 1040, 1123, 1184, 1246, 1454, 1492, 1511, 1568, 1691, 1743, 1750, 2016]
logs_monomial/n11_monomial9.txt.bz2.greedyext.20260220_210834.txt

13 156 243 257 267 291 364 391 395 440 596 906 984 1016 1113 1116 1188 1221 1236 1376 1398 1450 1533 1588 1812 2021 2046
Iter#1132943 New set #60 of size 27 (18882.4 its/hit = 3.417s/hit): seed=4265927038244563832 [13, 156, 243, 257, 267, 291, 364, 391, 395, 440, 596, 906, 984, 1016, 1113, 1116, 1188, 1221, 1236, 1376, 1398, 1450, 1533, 1588, 1812, 2021, 2046]
logs_monomial/n11_monomial9.txt.bz2.greedyext.20260223_083631.txt

153 258 445 476 512 520 555 587 713 744 762 954 980 1188 1329 1433 1484 1556 1561 1621 1670 1680 1779 1820 1866 1939 2003
Iter#9338738 New set #400 of size 27 (23346.8 its/hit = 2.525s/hit): seed=1178163559816410333 [153, 258, 445, 476, 512, 520, 555, 587, 713, 744, 762, 954, 980, 1188, 1329, 1433, 1484, 1556, 1561, 1621, 1670, 1680, 1779, 1820, 1866, 1939, 2003]
logs_monomial/n11_monomial9.txt.bz2.greedyext.20260220_210834.txt

69 196 225 328 369 388 599 682 810 891 956 1015 1140 1173 1178 1477 1537 1622 1700 1738 1765 1822 1846 1855 1885 1901 2013
Iter#2071890 New set #80 of size 27 (25898.6 its/hit = 2.938s/hit): seed=12930156850624330304 [69, 196, 225, 328, 369, 388, 599, 682, 810, 891, 956, 1015, 1140, 1173, 1178, 1477, 1537, 1622, 1700, 1738, 1765, 1822, 1846, 1855, 1885, 1901, 2013]
logs_monomial/n11_monomial9.txt.bz2.greedyext.20260222_000855.txt

64 265 307 398 455 503 540 684 787 798 816 882 920 1109 1196 1356 1406 1560 1571 1618 1681 1689 1833 1846 1858 1949 2011
Iter#91262 New set #3 of size 27 (30420.7 its/hit = 5.333s/hit): seed=2876877411881626562 [64, 265, 307, 398, 455, 503, 540, 684, 787, 798, 816, 882, 920, 1109, 1196, 1356, 1406, 1560, 1571, 1618, 1681, 1689, 1833, 1846, 1858, 1949, 2011]
logs_monomial/n11_monomial9.txt.bz2.greedyext.20260223_083631.txt

33 47 61 143 274 304 424 484 527 573 642 749 750 796 932 963 987 1128 1175 1231 1330 1514 1586 1649 1790 1800 1847
Iter#63780 New set #4 of size 27 (15945.0 its/hit = 1.500s/hit): seed=17300418820384013700 [33, 47, 61, 143, 274, 304, 424, 484, 527, 573, 642, 749, 750, 796, 932, 963, 987, 1128, 1175, 1231, 1330, 1514, 1586, 1649, 1790, 1800, 1847]
logs_monomial/n11_monomial9.txt.bz2.greedyext.20260220_210834.txt

34 49 202 239 241 262 290 369 423 518 526 575 606 675 685 778 885 977 1026 1311 1496 1531 1672 1901 1934 1967 1972
Iter#107636 New set #5 of size 27 (21527.2 its/hit = 2.200s/hit): seed=27737184270684890 [34, 49, 202, 239, 241, 262, 290, 369, 423, 518, 526, 575, 606, 675, 685, 778, 885, 977, 1026, 1311, 1496, 1531, 1672, 1901, 1934, 1967, 1972]
logs_monomial/n11_monomial9.txt.bz2.greedyext.20260220_210834.txt

6 22 70 115 152 158 268 292 500 522 647 700 880 1031 1040 1102 1175 1194 1300 1334 1507 1677 1727 1777 1851 1900 2045
Iter#498538 New set #20 of size 27 (24926.9 its/hit = 4.900s/hit): seed=15474679240486188817 [6, 22, 70, 115, 152, 158, 268, 292, 500, 522, 647, 700, 880, 1031, 1040, 1102, 1175, 1194, 1300, 1334, 1507, 1677, 1727, 1777, 1851, 1900, 2045]
logs_monomial/n11_monomial9.txt.bz2.greedyext.20260223_083632.txt

21 44 177 261 382 398 541 731 804 819 839 856 858 1021 1242 1254 1271 1280 1349 1459 1614 1628 1636 1646 1674 1740 1855
Iter#13946580 New set #600 of size 27 (23244.3 its/hit = 2.515s/hit): seed=11590196254646153187 [21, 44, 177, 261, 382, 398, 541, 731, 804, 819, 839, 856, 858, 1021, 1242, 1254, 1271, 1280, 1349, 1459, 1614, 1628, 1636, 1646, 1674, 1740, 1855]
logs_monomial/n11_monomial9.txt.bz2.greedyext.20260220_210834.txt

75 191 201 298 394 396 415 575 790 883 947 984 1179 1206 1263 1308 1459 1585 1619 1632 1665 1666 1667 1773 1799 1983 2047
Iter#46267 New set #5 of size 27 (9253.4 its/hit = 1.000s/hit): seed=17922618451342381746 [75, 191, 201, 298, 394, 396, 415, 575, 790, 883, 947, 984, 1179, 1206, 1263, 1308, 1459, 1585, 1619, 1632, 1665, 1666, 1667, 1773, 1799, 1983, 2047]
logs_monomial/n11_monomial9.txt.bz2.greedyext.20260222_000855.txt

159 230 264 310 360 408 556 696 697 715 874 1011 1071 1186 1367 1418 1570 1685 1745 1839 1880 1910 1920 1935 1972 1977 2042
Iter#11562846 New set #500 of size 27 (23125.7 its/hit = 2.502s/hit): seed=11817159519623101885 [159, 230, 264, 310, 360, 408, 556, 696, 697, 715, 874, 1011, 1071, 1186, 1367, 1418, 1570, 1685, 1745, 1839, 1880, 1910, 1920, 1935, 1972, 1977, 2042]
logs_monomial/n11_monomial9.txt.bz2.greedyext.20260220_210834.txt

32 207 234 303 308 374 388 390 398 465 501 525 559 577 615 680 715 834 852 892 1040 1119 1416 1580 1696 1992 2019
Iter#21573119 New set #900 of size 27 (23970.1 its/hit = 2.598s/hit): seed=3345840373394365629 [32, 207, 234, 303, 308, 374, 388, 390, 398, 465, 501, 525, 559, 577, 615, 680, 715, 834, 852, 892, 1040, 1119, 1416, 1580, 1696, 1992, 2019]
logs_monomial/n11_monomial9.txt.bz2.greedyext.20260220_210834.txt

2 16 28 72 93 107 233 383 622 875 892 925 1094 1115 1236 1276 1328 1372 1436 1552 1586 1600 1667 1687 1733 2014 2021
Iter#181001 New set #8 of size 27 (22625.1 its/hit = 4.375s/hit): seed=12086109401044849684 [2, 16, 28, 72, 93, 107, 233, 383, 622, 875, 892, 925, 1094, 1115, 1236, 1276, 1328, 1372, 1436, 1552, 1586, 1600, 1667, 1687, 1733, 2014, 2021]
logs_monomial/n11_monomial9.txt.bz2.greedyext.20260223_083632.txt

78 172 177 247 258 259 285 330 532 622 728 736 823 999 1080 1133 1198 1240 1249 1482 1496 1499 1582 1636 1765 1831 1952
Iter#253570 New set #10 of size 27 (25357.0 its/hit = 2.700s/hit): seed=14785240543114673410 [78, 172, 177, 247, 258, 259, 285, 330, 532, 622, 728, 736, 823, 999, 1080, 1133, 1198, 1240, 1249, 1482, 1496, 1499, 1582, 1636, 1765, 1831, 1952]
logs_monomial/n11_monomial9.txt.bz2.greedyext.20260220_210834.txt

42 150 244 325 353 370 390 485 523 707 877 891 943 1009 1066 1305 1318 1530 1550 1577 1590 1647 1665 1733 1766 1810 1836
Iter#6917153 New set #300 of size 27 (23057.2 its/hit = 2.617s/hit): seed=11419534493064550802 [42, 150, 244, 325, 353, 370, 390, 485, 523, 707, 877, 891, 943, 1009, 1066, 1305, 1318, 1530, 1550, 1577, 1590, 1647, 1665, 1733, 1766, 1810, 1836]
logs_monomial/n11_monomial9.txt.bz2.greedyext.20260222_000855.txt

103 270 337 385 390 424 454 604 848 852 922 959 1056 1068 1082 1087 1150 1190 1259 1350 1419 1494 1700 1802 1832 1944 1975
Iter#2267855 New set #90 of size 27 (25198.4 its/hit = 2.867s/hit): seed=1309087581482083841 [103, 270, 337, 385, 390, 424, 454, 604, 848, 852, 922, 959, 1056, 1068, 1082, 1087, 1150, 1190, 1259, 1350, 1419, 1494, 1700, 1802, 1832, 1944, 1975]
logs_monomial/n11_monomial9.txt.bz2.greedyext.20260222_000855.txt

123 287 332 348 387 512 590 754 798 846 854 871 901 1110 1228 1414 1502 1573 1603 1614 1621 1698 1760 1790 1830 1886 1982
Iter#117436 New set #4 of size 27 (29359.0 its/hit = 5.000s/hit): seed=409260427718217045 [123, 287, 332, 348, 387, 512, 590, 754, 798, 846, 854, 871, 901, 1110, 1228, 1414, 1502, 1573, 1603, 1614, 1621, 1698, 1760, 1790, 1830, 1886, 1982]
logs_monomial/n11_monomial9.txt.bz2.greedyext.20260223_083631.txt

155 165 340 344 366 382 466 487 566 623 731 805 823 992 995 1016 1078 1193 1271 1496 1538 1546 1604 1659 1744 1840 1922
Iter#1080577 New set #40 of size 27 (27014.4 its/hit = 3.075s/hit): seed=3877632778369121108 [155, 165, 340, 344, 366, 382, 466, 487, 566, 623, 731, 805, 823, 992, 995, 1016, 1078, 1193, 1271, 1496, 1538, 1546, 1604, 1659, 1744, 1840, 1922]
logs_monomial/n11_monomial9.txt.bz2.greedyext.20260222_000855.txt

22 33 289 330 464 512 647 656 681 700 806 837 1161 1206 1305 1345 1360 1458 1471 1541 1553 1565 1613 1622 1801 1866 1911
Iter#1866351 New set #70 of size 27 (26662.2 its/hit = 3.029s/hit): seed=17720988533292450909 [22, 33, 289, 330, 464, 512, 647, 656, 681, 700, 806, 837, 1161, 1206, 1305, 1345, 1360, 1458, 1471, 1541, 1553, 1565, 1613, 1622, 1801, 1866, 1911]
logs_monomial/n11_monomial9.txt.bz2.greedyext.20260222_000855.txt

212 296 302 380 418 448 579 731 737 758 782 916 939 968 1051 1108 1281 1422 1497 1553 1706 1819 1843 1885 1905 1950 2005
Iter#717596 New set #30 of size 27 (23919.9 its/hit = 2.700s/hit): seed=10147709533223845903 [212, 296, 302, 380, 418, 448, 579, 731, 737, 758, 782, 916, 939, 968, 1051, 1108, 1281, 1422, 1497, 1553, 1706, 1819, 1843, 1885, 1905, 1950, 2005]
logs_monomial/n11_monomial9.txt.bz2.greedyext.20260222_000855.txt

25 54 141 214 215 268 368 404 456 516 835 982 1062 1073 1078 1153 1154 1207 1270 1374 1417 1506 1523 1642 1744 1783 1821
Iter#24894139 New set #1000 of size 27 (24894.1 its/hit = 2.970s/hit): seed=3283290693981468869 [25, 54, 141, 214, 215, 268, 368, 404, 456, 516, 835, 982, 1062, 1073, 1078, 1153, 1154, 1207, 1270, 1374, 1417, 1506, 1523, 1642, 1744, 1783, 1821]
logs_monomial/n11_monomial9.txt.bz2.greedyext.20260222_000855.txt

15 89 196 338 354 355 377 415 502 707 929 953 994 1061 1233 1294 1297 1456 1483 1593 1673 1679 1737 1754 1812 1944 1999
Iter#18688 New set #1 of size 27 (18688.0 its/hit = 3.000s/hit): seed=2507419058089415894 [15, 89, 196, 338, 354, 355, 377, 415, 502, 707, 929, 953, 994, 1061, 1233, 1294, 1297, 1456, 1483, 1593, 1673, 1679, 1737, 1754, 1812, 1944, 1999]
logs_monomial/n11_monomial9.txt.bz2.greedyext.20260223_083632.txt

33 103 319 373 520 564 577 611 634 656 713 959 1072 1141 1144 1210 1393 1397 1471 1476 1520 1575 1585 1676 1756 1824 1958
Iter#19182210 New set #800 of size 27 (23977.8 its/hit = 2.600s/hit): seed=11680537179197726417 [33, 103, 319, 373, 520, 564, 577, 611, 634, 656, 713, 959, 1072, 1141, 1144, 1210, 1393, 1397, 1471, 1476, 1520, 1575, 1585, 1676, 1756, 1824, 1958]
logs_monomial/n11_monomial9.txt.bz2.greedyext.20260220_210834.txt

40 109 144 257 343 523 636 695 697 971 1014 1086 1145 1179 1232 1314 1454 1485 1501 1532 1608 1692 1795 1875 1913 1952 2002
Iter#449991 New set #20 of size 27 (22499.6 its/hit = 4.000s/hit): seed=5804082981102384938 [40, 109, 144, 257, 343, 523, 636, 695, 697, 971, 1014, 1086, 1145, 1179, 1232, 1314, 1454, 1485, 1501, 1532, 1608, 1692, 1795, 1875, 1913, 1952, 2002]
logs_monomial/n11_monomial9.txt.bz2.greedyext.20260223_083633.txt

161 438 515 826 886 952 982 1014 1027 1056 1209 1320 1389 1462 1534 1610 1700 1726 1737 1786 1794 1883 1919 1929 1942 1960 2031
Iter#1095479 New set #50 of size 27 (21909.6 its/hit = 2.340s/hit): seed=9905545233925654523 [161, 438, 515, 826, 886, 952, 982, 1014, 1027, 1056, 1209, 1320, 1389, 1462, 1534, 1610, 1700, 1726, 1737, 1786, 1794, 1883, 1919, 1929, 1942, 1960, 2031]
logs_monomial/n11_monomial9.txt.bz2.greedyext.20260220_210834.txt

15 65 129 284 305 429 482 564 774 926 1026 1076 1096 1141 1155 1238 1272 1293 1343 1491 1500 1520 1532 1721 1827 1864 1921
Iter#74402 New set #1 of size 27 (74402.0 its/hit = 12.000s/hit): seed=1584924117014501555 [15, 65, 129, 284, 305, 429, 482, 564, 774, 926, 1026, 1076, 1096, 1141, 1155, 1238, 1272, 1293, 1343, 1491, 1500, 1520, 1532, 1721, 1827, 1864, 1921]
logs_monomial/n11_monomial9.txt.bz2.greedyext.20260223_083633.txt

20 163 203 224 234 300 370 532 546 559 578 634 660 683 930 1026 1046 1146 1528 1586 1729 1767 1777 1807 1961 2004 2013
Iter#1259616 New set #50 of size 27 (25192.3 its/hit = 3.840s/hit): seed=16423646552324280092 [20, 163, 203, 224, 234, 300, 370, 532, 546, 559, 578, 634, 660, 683, 930, 1026, 1046, 1146, 1528, 1586, 1729, 1767, 1777, 1807, 1961, 2004, 2013]
logs_monomial/n11_monomial9.txt.bz2.greedyext.20260223_083633.txt

25 68 192 205 260 283 312 445 472 517 536 802 910 916 954 966 1089 1139 1201 1280 1298 1523 1530 1671 1808 1832 2023
Iter#122216 New set #5 of size 27 (24443.2 its/hit = 3.800s/hit): seed=11646365928059034850 [25, 68, 192, 205, 260, 283, 312, 445, 472, 517, 536, 802, 910, 916, 954, 966, 1089, 1139, 1201, 1280, 1298, 1523, 1530, 1671, 1808, 1832, 2023]
logs_monomial/n11_monomial9.txt.bz2.greedyext.20260223_083633.txt

117 193 577 600 601 618 655 708 756 823 836 867 869 874 1004 1069 1197 1299 1385 1531 1601 1696 1722 1811 1886 1968 2012
Iter#855828 New set #40 of size 27 (21395.7 its/hit = 3.750s/hit): seed=13193926950255192116 [117, 193, 577, 600, 601, 618, 655, 708, 756, 823, 836, 867, 869, 874, 1004, 1069, 1197, 1299, 1385, 1531, 1601, 1696, 1722, 1811, 1886, 1968, 2012]
logs_monomial/n11_monomial9.txt.bz2.greedyext.20260223_083631.txt

10 27 151 242 263 305 353 400 423 570 620 729 777 981 993 1190 1193 1229 1348 1377 1408 1419 1506 1581 1974 1992 2012
Iter#4781996 New set #200 of size 27 (23910.0 its/hit = 2.720s/hit): seed=12676539440946685688 [10, 27, 151, 242, 263, 305, 353, 400, 423, 570, 620, 729, 777, 981, 993, 1190, 1193, 1229, 1348, 1377, 1408, 1419, 1506, 1581, 1974, 1992, 2012]
logs_monomial/n11_monomial9.txt.bz2.greedyext.20260222_000855.txt

42 274 330 391 468 494 511 526 567 597 636 734 805 845 873 960 963 1009 1078 1389 1466 1511 1516 1661 1689 1911 1942
Iter#1577859 New set #80 of size 27 (19723.2 its/hit = 2.112s/hit): seed=9400461989094517888 [42, 274, 330, 391, 468, 494, 511, 526, 567, 597, 636, 734, 805, 845, 873, 960, 963, 1009, 1078, 1389, 1466, 1511, 1516, 1661, 1689, 1911, 1942]
logs_monomial/n11_monomial9.txt.bz2.greedyext.20260220_210834.txt

86 143 280 328 520 689 718 848 1059 1101 1294 1328 1351 1421 1428 1467 1492 1678 1686 1713 1795 1854 1987 1999 2013 2017 2043
Iter#104881 New set #4 of size 27 (26220.2 its/hit = 4.000s/hit): seed=14516992663859687201 [86, 143, 280, 328, 520, 689, 718, 848, 1059, 1101, 1294, 1328, 1351, 1421, 1428, 1467, 1492, 1678, 1686, 1713, 1795, 1854, 1987, 1999, 2013, 2017, 2043]
logs_monomial/n11_monomial9.txt.bz2.greedyext.20260223_083633.txt

30 41 73 108 155 274 338 354 465 473 602 649 760 849 972 1179 1197 1205 1309 1363 1434 1459 1482 1713 1755 1798 1969
Iter#102624 New set #8 of size 27 (12828.0 its/hit = 1.375s/hit): seed=8367790414614665008 [30, 41, 73, 108, 155, 274, 338, 354, 465, 473, 602, 649, 760, 849, 972, 1179, 1197, 1205, 1309, 1363, 1434, 1459, 1482, 1713, 1755, 1798, 1969]
logs_monomial/n11_monomial9.txt.bz2.greedyext.20260222_000855.txt

1 131 154 207 421 600 699 776 936 1045 1087 1093 1164 1230 1333 1447 1499 1508 1540 1549 1567 1598 1827 1836 1858 1970 2008
Iter#1812059 New set #90 of size 27 (20134.0 its/hit = 2.156s/hit): seed=9136187716341057938 [1, 131, 154, 207, 421, 600, 699, 776, 936, 1045, 1087, 1093, 1164, 1230, 1333, 1447, 1499, 1508, 1540, 1549, 1567, 1598, 1827, 1836, 1858, 1970, 2008]
logs_monomial/n11_monomial9.txt.bz2.greedyext.20260220_210834.txt

32 113 206 292 294 319 391 490 704 845 870 1044 1048 1081 1086 1091 1253 1311 1404 1538 1567 1568 1648 1686 1826 1934 1986
Iter#9013 New set #2 of size 27 (4506.5 its/hit = 0.500s/hit): seed=4417643910258972635 [32, 113, 206, 292, 294, 319, 391, 490, 704, 845, 870, 1044, 1048, 1081, 1086, 1091, 1253, 1311, 1404, 1538, 1567, 1568, 1648, 1686, 1826, 1934, 1986]
logs_monomial/n11_monomial9.txt.bz2.greedyext.20260222_000855.txt

136 150 218 235 363 379 478 506 614 668 728 740 921 959 1001 1119 1247 1288 1365 1373 1394 1405 1427 1457 1716 1755 1923
Iter#216230 New set #8 of size 27 (27028.8 its/hit = 4.250s/hit): seed=4071546331178832344 [136, 150, 218, 235, 363, 379, 478, 506, 614, 668, 728, 740, 921, 959, 1001, 1119, 1247, 1288, 1365, 1373, 1394, 1405, 1427, 1457, 1716, 1755, 1923]
logs_monomial/n11_monomial9.txt.bz2.greedyext.20260223_083633.txt

29 67 121 265 328 431 534 689 718 782 837 893 1026 1064 1079 1195 1250 1278 1293 1414 1421 1497 1655 1875 1911 1938 1948
Iter#672756 New set #30 of size 27 (22425.2 its/hit = 3.833s/hit): seed=15108678964311881086 [29, 67, 121, 265, 328, 431, 534, 689, 718, 782, 837, 893, 1026, 1064, 1079, 1195, 1250, 1278, 1293, 1414, 1421, 1497, 1655, 1875, 1911, 1938, 1948]
logs_monomial/n11_monomial9.txt.bz2.greedyext.20260223_083631.txt

44 260 262 288 346 371 457 462 474 571 632 733 931 1099 1130 1329 1365 1443 1446 1508 1585 1589 1608 1626 1728 2022 2038
Iter#101383 New set #3 of size 27 (33794.3 its/hit = 5.333s/hit): seed=6057857190438662459 [44, 260, 262, 288, 346, 371, 457, 462, 474, 571, 632, 733, 931, 1099, 1130, 1329, 1365, 1443, 1446, 1508, 1585, 1589, 1608, 1626, 1728, 2022, 2038]
logs_monomial/n11_monomial9.txt.bz2.greedyext.20260223_083633.txt

51 171 220 326 409 420 452 465 466 609 668 679 704 1087 1139 1178 1313 1333 1370 1407 1416 1548 1552 1653 1782 1809 1848
Iter#151392 New set #7 of size 27 (21627.4 its/hit = 2.286s/hit): seed=11570011491266018895 [51, 171, 220, 326, 409, 420, 452, 465, 466, 609, 668, 679, 704, 1087, 1139, 1178, 1313, 1333, 1370, 1407, 1416, 1548, 1552, 1653, 1782, 1809, 1848]
logs_monomial/n11_monomial9.txt.bz2.greedyext.20260220_210834.txt

103 114 431 436 552 553 579 580 597 611 703 793 894 969 1132 1139 1221 1261 1313 1365 1392 1650 1657 1684 1730 1907 1974
Iter#993055 New set #40 of size 27 (24826.4 its/hit = 3.875s/hit): seed=11137658165063465028 [103, 114, 431, 436, 552, 553, 579, 580, 597, 611, 703, 793, 894, 969, 1132, 1139, 1221, 1261, 1313, 1365, 1392, 1650, 1657, 1684, 1730, 1907, 1974]
logs_monomial/n11_monomial9.txt.bz2.greedyext.20260223_083633.txt

38 92 140 154 354 362 425 631 664 743 917 1010 1113 1203 1272 1286 1326 1562 1600 1631 1649 1663 1690 1809 1818 2008 2022
Iter#992914 New set #50 of size 27 (19858.3 its/hit = 3.640s/hit): seed=2691782890972646804 [38, 92, 140, 154, 354, 362, 425, 631, 664, 743, 917, 1010, 1113, 1203, 1272, 1286, 1326, 1562, 1600, 1631, 1649, 1663, 1690, 1809, 1818, 2008, 2022]
logs_monomial/n11_monomial9.txt.bz2.greedyext.20260223_083631.txt

24 43 181 194 576 588 590 754 759 978 1061 1135 1147 1152 1198 1302 1307 1321 1403 1503 1616 1638 1719 1802 1850 1989 2028
Iter#135173 New set #7 of size 27 (19310.4 its/hit = 3.429s/hit): seed=7972062603676459158 [24, 43, 181, 194, 576, 588, 590, 754, 759, 978, 1061, 1135, 1147, 1152, 1198, 1302, 1307, 1321, 1403, 1503, 1616, 1638, 1719, 1802, 1850, 1989, 2028]
logs_monomial/n11_monomial9.txt.bz2.greedyext.20260223_083632.txt

89 155 291 312 403 446 450 471 478 492 866 867 1050 1155 1231 1330 1367 1370 1470 1535 1584 1623 1643 1783 1796 1899 1950
Iter#265543 New set #9 of size 27 (29504.8 its/hit = 4.778s/hit): seed=14703014706709531153 [89, 155, 291, 312, 403, 446, 450, 471, 478, 492, 866, 867, 1050, 1155, 1231, 1330, 1367, 1370, 1470, 1535, 1584, 1623, 1643, 1783, 1796, 1899, 1950]
logs_monomial/n11_monomial9.txt.bz2.greedyext.20260223_083633.txt

304 428 461 543 747 832 846 886 915 920 981 1053 1102 1155 1170 1271 1369 1387 1404 1458 1539 1669 1706 1822 1939 1956 2041
Iter#539127 New set #30 of size 27 (17970.9 its/hit = 1.933s/hit): seed=5327519237189108097 [304, 428, 461, 543, 747, 832, 846, 886, 915, 920, 981, 1053, 1102, 1155, 1170, 1271, 1369, 1387, 1404, 1458, 1539, 1669, 1706, 1822, 1939, 1956, 2041]
logs_monomial/n11_monomial9.txt.bz2.greedyext.20260220_210834.txt

220 244 280 440 474 511 567 658 759 823 961 1012 1035 1115 1160 1165 1252 1301 1412 1496 1497 1509 1615 1663 1804 1956 1966
Iter#149380 New set #6 of size 27 (24896.7 its/hit = 4.333s/hit): seed=9355327439677675079 [220, 244, 280, 440, 474, 511, 567, 658, 759, 823, 961, 1012, 1035, 1115, 1160, 1165, 1252, 1301, 1412, 1496, 1497, 1509, 1615, 1663, 1804, 1956, 1966]
logs_monomial/n11_monomial9.txt.bz2.greedyext.20260223_083631.txt

5 62 108 127 173 210 342 494 555 630 652 881 900 928 998 1014 1111 1112 1243 1277 1304 1356 1460 1599 1740 1801 1965
Iter#33228 New set #3 of size 27 (11076.0 its/hit = 1.000s/hit): seed=6547520973835038 [5, 62, 108, 127, 173, 210, 342, 494, 555, 630, 652, 881, 900, 928, 998, 1014, 1111, 1112, 1243, 1277, 1304, 1356, 1460, 1599, 1740, 1801, 1965]
logs_monomial/n11_monomial9.txt.bz2.greedyext.20260220_210834.txt

2 178 197 228 383 390 403 513 557 593 617 621 723 860 877 889 925 976 1045 1133 1250 1256 1318 1493 1887 1955 1993
Iter#138060 New set #9 of size 27 (15340.0 its/hit = 1.667s/hit): seed=15122359492033398184 [2, 178, 197, 228, 383, 390, 403, 513, 557, 593, 617, 621, 723, 860, 877, 889, 925, 976, 1045, 1133, 1250, 1256, 1318, 1493, 1887, 1955, 1993]
logs_monomial/n11_monomial9.txt.bz2.greedyext.20260222_000855.txt

56 114 116 234 287 566 599 684 782 840 888 953 989 1097 1166 1210 1234 1303 1325 1347 1357 1448 1632 1690 1882 1982 2019
Iter#9130975 New set #400 of size 27 (22827.4 its/hit = 2.590s/hit): seed=594723742604538406 [56, 114, 116, 234, 287, 566, 599, 684, 782, 840, 888, 953, 989, 1097, 1166, 1210, 1234, 1303, 1325, 1347, 1357, 1448, 1632, 1690, 1882, 1982, 2019]
logs_monomial/n11_monomial9.txt.bz2.greedyext.20260222_000855.txt

125 315 360 376 401 408 502 623 670 910 1040 1141 1316 1441 1446 1471 1519 1578 1596 1611 1651 1669 1687 1792 1831 1909 1978
Iter#46141 New set #4 of size 27 (11535.2 its/hit = 2.250s/hit): seed=11896762241994418154 [125, 315, 360, 376, 401, 408, 502, 623, 670, 910, 1040, 1141, 1316, 1441, 1446, 1471, 1519, 1578, 1596, 1611, 1651, 1669, 1687, 1792, 1831, 1909, 1978]
logs_monomial/n11_monomial9.txt.bz2.greedyext.20260223_083632.txt

37 52 177 263 342 355 507 528 536 558 562 609 676 738 1085 1115 1215 1502 1509 1541 1690 1747 1801 1815 1865 1943 1962
Iter#1554567 New set #60 of size 27 (25909.4 its/hit = 3.883s/hit): seed=11502229389775474832 [37, 52, 177, 263, 342, 355, 507, 528, 536, 558, 562, 609, 676, 738, 1085, 1115, 1215, 1502, 1509, 1541, 1690, 1747, 1801, 1815, 1865, 1943, 1962]
logs_monomial/n11_monomial9.txt.bz2.greedyext.20260223_083633.txt

3 15 186 219 319 336 419 496 519 654 714 719 753 771 780 1020 1179 1354 1365 1398 1436 1499 1587 1688 1808 1830 1846
Iter#463662 New set #20 of size 27 (23183.1 its/hit = 2.600s/hit): seed=17049094463224160610 [3, 15, 186, 219, 319, 336, 419, 496, 519, 654, 714, 719, 753, 771, 780, 1020, 1179, 1354, 1365, 1398, 1436, 1499, 1587, 1688, 1808, 1830, 1846]
logs_monomial/n11_monomial9.txt.bz2.greedyext.20260222_000855.txt

81 172 382 392 459 460 505 517 518 521 605 765 887 940 1014 1108 1124 1185 1310 1494 1673 1681 1879 1909 2003 2020 2047
Iter#14469175 New set #600 of size 27 (24115.3 its/hit = 2.738s/hit): seed=4676848726882653250 [81, 172, 382, 392, 459, 460, 505, 517, 518, 521, 605, 765, 887, 940, 1014, 1108, 1124, 1185, 1310, 1494, 1673, 1681, 1879, 1909, 2003, 2020, 2047]
logs_monomial/n11_monomial9.txt.bz2.greedyext.20260222_000855.txt

249 312 402 544 582 614 743 777 792 805 910 940 955 982 1227 1368 1377 1388 1464 1551 1580 1702 1825 1866 1965 2038 2047
Iter#196589 New set #7 of size 27 (28084.1 its/hit = 4.429s/hit): seed=9931442738729085047 [249, 312, 402, 544, 582, 614, 743, 777, 792, 805, 910, 940, 955, 982, 1227, 1368, 1377, 1388, 1464, 1551, 1580, 1702, 1825, 1866, 1965, 2038, 2047]
logs_monomial/n11_monomial9.txt.bz2.greedyext.20260223_083633.txt

136 178 313 413 419 457 461 509 558 733 770 834 899 977 994 1055 1140 1155 1177 1347 1363 1413 1585 1657 1679 1911 1986
Iter#181997 New set #9 of size 27 (20221.9 its/hit = 3.889s/hit): seed=16917648068330271720 [136, 178, 313, 413, 419, 457, 461, 509, 558, 733, 770, 834, 899, 977, 994, 1055, 1140, 1155, 1177, 1347, 1363, 1413, 1585, 1657, 1679, 1911, 1986]
logs_monomial/n11_monomial9.txt.bz2.greedyext.20260223_083632.txt

10 121 350 403 406 462 510 688 783 821 840 880 900 912 939 1020 1147 1199 1237 1299 1524 1528 1756 1761 1837 1848 1921
Iter#19491208 New set #800 of size 27 (24364.0 its/hit = 2.795s/hit): seed=9865600152641741859 [10, 121, 350, 403, 406, 462, 510, 688, 783, 821, 840, 880, 900, 912, 939, 1020, 1147, 1199, 1237, 1299, 1524, 1528, 1756, 1761, 1837, 1848, 1921]
logs_monomial/n11_monomial9.txt.bz2.greedyext.20260222_000855.txt

46 116 178 300 395 451 459 561 641 643 782 915 983 1012 1071 1232 1239 1260 1344 1434 1458 1599 1630 1660 1734 1940 1999
Iter#1220331 New set #60 of size 27 (20338.8 its/hit = 2.183s/hit): seed=9910007760607012869 [46, 116, 178, 300, 395, 451, 459, 561, 641, 643, 782, 915, 983, 1012, 1071, 1232, 1239, 1260, 1344, 1434, 1458, 1599, 1630, 1660, 1734, 1940, 1999]
logs_monomial/n11_monomial9.txt.bz2.greedyext.20260220_210834.txt

