66 75 79 84 189 211 242 266 319 387 453 563 589 635 636 654 696 705 803 864 882 987 1107 1388 1566 1581 1715 1723 1825 1923 1981 2009
Iter#829599 New set #8 of size 32 (103699.9 its/hit = 10.250s/hit): seed=12208972250907132187 [66, 75, 79, 84, 189, 211, 242, 266, 319, 387, 453, 563, 589, 635, 636, 654, 696, 705, 803, 864, 882, 987, 1107, 1388, 1566, 1581, 1715, 1723, 1825, 1923, 1981, 2009]
logs_monomial/n11_monomial7.txt.bz2.greedyext.20260220_210834.txt

5 230 294 366 383 409 484 519 542 620 641 694 754 850 1057 1091 1103 1193 1260 1270 1328 1348 1389 1447 1494 1639 1781 1809 1871 1967 1996 2014
Iter#272419 New set #4 of size 32 (68104.8 its/hit = 11.000s/hit): seed=428283294657646613 [5, 230, 294, 366, 383, 409, 484, 519, 542, 620, 641, 694, 754, 850, 1057, 1091, 1103, 1193, 1260, 1270, 1328, 1348, 1389, 1447, 1494, 1639, 1781, 1809, 1871, 1967, 1996, 2014]
logs_monomial/n11_monomial7.txt.bz2.greedyext.20260223_083631.txt

94 194 326 464 468 635 738 780 818 834 888 974 1014 1271 1319 1320 1321 1369 1435 1536 1557 1560 1621 1650 1662 1687 1689 1822 1883 1963 1989 2034
Iter#168056 New set #4 of size 32 (42014.0 its/hit = 5.000s/hit): seed=12801618803577683441 [94, 194, 326, 464, 468, 635, 738, 780, 818, 834, 888, 974, 1014, 1271, 1319, 1320, 1321, 1369, 1435, 1536, 1557, 1560, 1621, 1650, 1662, 1687, 1689, 1822, 1883, 1963, 1989, 2034]
logs_monomial/n11_monomial7.txt.bz2.greedyext.20260223_083632.txt

35 61 169 253 283 352 430 458 463 464 498 513 736 915 1013 1019 1029 1052 1165 1223 1265 1274 1288 1333 1392 1430 1645 1718 1756 1770 1792 1910
Iter#370713 New set #5 of size 32 (74142.6 its/hit = 11.200s/hit): seed=8100767063830494681 [35, 61, 169, 253, 283, 352, 430, 458, 463, 464, 498, 513, 736, 915, 1013, 1019, 1029, 1052, 1165, 1223, 1265, 1274, 1288, 1333, 1392, 1430, 1645, 1718, 1756, 1770, 1792, 1910]
logs_monomial/n11_monomial7.txt.bz2.greedyext.20260223_083631.txt

35 40 74 98 383 458 487 716 778 826 900 922 935 1062 1147 1164 1234 1265 1275 1278 1529 1538 1552 1592 1596 1626 1650 1669 1846 1878 1909 1978
Iter#386969 New set #4 of size 32 (96742.2 its/hit = 9.500s/hit): seed=10660822286873117420 [35, 40, 74, 98, 383, 458, 487, 716, 778, 826, 900, 922, 935, 1062, 1147, 1164, 1234, 1265, 1275, 1278, 1529, 1538, 1552, 1592, 1596, 1626, 1650, 1669, 1846, 1878, 1909, 1978]
logs_monomial/n11_monomial7.txt.bz2.greedyext.20260220_210834.txt

122 129 176 183 222 234 358 364 493 558 607 680 815 965 983 1011 1027 1028 1112 1241 1262 1332 1352 1383 1433 1461 1485 1540 1651 1736 1835 1985
Iter#21205618 New set #300 of size 32 (70685.4 its/hit = 6.937s/hit): seed=6356001227793710472 [122, 129, 176, 183, 222, 234, 358, 364, 493, 558, 607, 680, 815, 965, 983, 1011, 1027, 1028, 1112, 1241, 1262, 1332, 1352, 1383, 1433, 1461, 1485, 1540, 1651, 1736, 1835, 1985]
logs_monomial/n11_monomial7.txt.bz2.greedyext.20260220_210834.txt

15 58 178 223 224 233 420 427 461 494 503 589 660 686 707 716 717 792 809 857 867 871 872 932 1220 1264 1320 1381 1438 1556 1652 2044
Iter#504842 New set #7 of size 32 (72120.3 its/hit = 9.143s/hit): seed=10266973377525644824 [15, 58, 178, 223, 224, 233, 420, 427, 461, 494, 503, 589, 660, 686, 707, 716, 717, 792, 809, 857, 867, 871, 872, 932, 1220, 1264, 1320, 1381, 1438, 1556, 1652, 2044]
logs_monomial/n11_monomial7.txt.bz2.greedyext.20260222_000855.txt

84 91 177 190 240 280 297 339 425 670 912 931 938 1009 1058 1077 1134 1171 1338 1395 1419 1484 1490 1553 1599 1786 1846 1884 1920 1939 1951 1988
Iter#3232920 New set #70 of size 32 (46184.6 its/hit = 5.786s/hit): seed=18340742851046622889 [84, 91, 177, 190, 240, 280, 297, 339, 425, 670, 912, 931, 938, 1009, 1058, 1077, 1134, 1171, 1338, 1395, 1419, 1484, 1490, 1553, 1599, 1786, 1846, 1884, 1920, 1939, 1951, 1988]
logs_monomial/n11_monomial7.txt.bz2.greedyext.20260222_000855.txt

53 83 102 125 128 133 136 449 520 677 795 816 915 947 1090 1195 1321 1343 1344 1380 1429 1440 1463 1478 1523 1572 1708 1749 1793 1877 1899 1994
Iter#18412173 New set #300 of size 32 (61373.9 its/hit = 7.683s/hit): seed=6257357579197327041 [53, 83, 102, 125, 128, 133, 136, 449, 520, 677, 795, 816, 915, 947, 1090, 1195, 1321, 1343, 1344, 1380, 1429, 1440, 1463, 1478, 1523, 1572, 1708, 1749, 1793, 1877, 1899, 1994]
logs_monomial/n11_monomial7.txt.bz2.greedyext.20260222_000855.txt

6 44 81 139 248 278 419 483 665 707 774 800 802 829 847 1022 1236 1335 1339 1475 1559 1597 1655 1678 1694 1733 1827 1865 1867 1983 1995 2036
Iter#1809963 New set #30 of size 32 (60332.1 its/hit = 7.800s/hit): seed=10552753479626295939 [6, 44, 81, 139, 248, 278, 419, 483, 665, 707, 774, 800, 802, 829, 847, 1022, 1236, 1335, 1339, 1475, 1559, 1597, 1655, 1678, 1694, 1733, 1827, 1865, 1867, 1983, 1995, 2036]
logs_monomial/n11_monomial7.txt.bz2.greedyext.20260223_083633.txt

81 146 229 253 401 506 541 706 750 863 895 930 970 1071 1145 1160 1214 1234 1278 1329 1383 1512 1576 1687 1798 1883 1890 1892 1904 1905 1933 1984
Iter#326294 New set #9 of size 32 (36254.9 its/hit = 6.000s/hit): seed=9632516776442614890 [81, 146, 229, 253, 401, 506, 541, 706, 750, 863, 895, 930, 970, 1071, 1145, 1160, 1214, 1234, 1278, 1329, 1383, 1512, 1576, 1687, 1798, 1883, 1890, 1892, 1904, 1905, 1933, 1984]
logs_monomial/n11_monomial7.txt.bz2.greedyext.20260223_083633.txt

57 70 84 111 121 150 182 184 212 409 467 610 637 645 918 976 978 996 1033 1221 1285 1305 1325 1347 1424 1652 1683 1749 1783 1832 1841 2029
Iter#24775501 New set #400 of size 32 (61938.8 its/hit = 7.768s/hit): seed=17190394215796408257 [57, 70, 84, 111, 121, 150, 182, 184, 212, 409, 467, 610, 637, 645, 918, 976, 978, 996, 1033, 1221, 1285, 1305, 1325, 1347, 1424, 1652, 1683, 1749, 1783, 1832, 1841, 2029]
logs_monomial/n11_monomial7.txt.bz2.greedyext.20260222_000855.txt

42 169 339 416 541 550 555 588 603 861 887 907 1106 1121 1138 1214 1279 1357 1368 1394 1473 1489 1541 1575 1582 1583 1610 1863 1937 1942 2014 2026
Iter#5143992 New set #100 of size 32 (51439.9 its/hit = 6.450s/hit): seed=4585191621281714780 [42, 169, 339, 416, 541, 550, 555, 588, 603, 861, 887, 907, 1106, 1121, 1138, 1214, 1279, 1357, 1368, 1394, 1473, 1489, 1541, 1575, 1582, 1583, 1610, 1863, 1937, 1942, 2014, 2026]
logs_monomial/n11_monomial7.txt.bz2.greedyext.20260222_000855.txt

35 44 365 419 444 446 453 471 601 625 717 772 794 808 933 1150 1256 1332 1343 1353 1381 1491 1496 1573 1598 1613 1633 1641 1651 1671 1783 2034
Iter#78465 New set #1 of size 32 (78465.0 its/hit = 12.000s/hit): seed=6804525880251659106 [35, 44, 365, 419, 444, 446, 453, 471, 601, 625, 717, 772, 794, 808, 933, 1150, 1256, 1332, 1343, 1353, 1381, 1491, 1496, 1573, 1598, 1613, 1633, 1641, 1651, 1671, 1783, 2034]
logs_monomial/n11_monomial7.txt.bz2.greedyext.20260223_083631.txt

18 22 23 31 132 172 313 364 371 524 536 545 592 593 755 791 872 1003 1065 1172 1244 1432 1438 1453 1733 1758 1766 1785 1904 1930 1941 2044
Iter#381479 New set #8 of size 32 (47684.9 its/hit = 6.500s/hit): seed=2695956481362419684 [18, 22, 23, 31, 132, 172, 313, 364, 371, 524, 536, 545, 592, 593, 755, 791, 872, 1003, 1065, 1172, 1244, 1432, 1438, 1453, 1733, 1758, 1766, 1785, 1904, 1930, 1941, 2044]
logs_monomial/n11_monomial7.txt.bz2.greedyext.20260223_083632.txt

3 13 20 25 78 93 98 170 200 275 332 355 365 369 441 475 522 755 879 948 1130 1173 1282 1479 1489 1573 1866 1896 1987 1998 2007 2010
Iter#119667 New set #5 of size 32 (23933.4 its/hit = 4.000s/hit): seed=11559938753321873200 [3, 13, 20, 25, 78, 93, 98, 170, 200, 275, 332, 355, 365, 369, 441, 475, 522, 755, 879, 948, 1130, 1173, 1282, 1479, 1489, 1573, 1866, 1896, 1987, 1998, 2007, 2010]
logs_monomial/n11_monomial7.txt.bz2.greedyext.20260223_083633.txt

52 83 154 201 415 441 464 485 554 633 688 712 739 746 783 880 987 1064 1199 1284 1354 1401 1417 1448 1477 1605 1734 1815 1870 1929 1952 2029
Iter#669469 New set #6 of size 32 (111578.2 its/hit = 16.333s/hit): seed=5749921225781893488 [52, 83, 154, 201, 415, 441, 464, 485, 554, 633, 688, 712, 739, 746, 783, 880, 987, 1064, 1199, 1284, 1354, 1401, 1417, 1448, 1477, 1605, 1734, 1815, 1870, 1929, 1952, 2029]
logs_monomial/n11_monomial7.txt.bz2.greedyext.20260223_083631.txt

39 152 191 197 208 289 389 454 494 569 604 620 635 667 682 708 739 824 841 885 943 949 1099 1138 1140 1307 1436 1685 1769 1799 1879 1890
Iter#1179901 New set #20 of size 32 (58995.1 its/hit = 8.900s/hit): seed=4972821905150108569 [39, 152, 191, 197, 208, 289, 389, 454, 494, 569, 604, 620, 635, 667, 682, 708, 739, 824, 841, 885, 943, 949, 1099, 1138, 1140, 1307, 1436, 1685, 1769, 1799, 1879, 1890]
logs_monomial/n11_monomial7.txt.bz2.greedyext.20260223_083631.txt

79 80 98 115 147 170 272 326 368 417 494 519 521 555 614 632 889 1134 1169 1243 1246 1301 1307 1310 1328 1407 1426 1639 1815 1916 1987 2045
Iter#217535 New set #2 of size 32 (108767.5 its/hit = 10.500s/hit): seed=3983734800330910646 [79, 80, 98, 115, 147, 170, 272, 326, 368, 417, 494, 519, 521, 555, 614, 632, 889, 1134, 1169, 1243, 1246, 1301, 1307, 1310, 1328, 1407, 1426, 1639, 1815, 1916, 1987, 2045]
logs_monomial/n11_monomial7.txt.bz2.greedyext.20260220_210834.txt

14 43 56 88 93 241 356 400 538 732 792 796 804 894 943 1193 1264 1423 1428 1463 1515 1683 1707 1759 1770 1772 1803 1829 1872 1934 1937 2026
Iter#246588 New set #3 of size 32 (82196.0 its/hit = 8.000s/hit): seed=14820732230690092500 [14, 43, 56, 88, 93, 241, 356, 400, 538, 732, 792, 796, 804, 894, 943, 1193, 1264, 1423, 1428, 1463, 1515, 1683, 1707, 1759, 1770, 1772, 1803, 1829, 1872, 1934, 1937, 2026]
logs_monomial/n11_monomial7.txt.bz2.greedyext.20260220_210834.txt

42 95 120 140 335 456 469 529 567 669 742 745 893 923 942 960 994 1071 1114 1174 1195 1238 1491 1530 1560 1611 1723 1735 1802 1821 1995 1997
Iter#378994 New set #7 of size 32 (54142.0 its/hit = 7.429s/hit): seed=2458238575500185363 [42, 95, 120, 140, 335, 456, 469, 529, 567, 669, 742, 745, 893, 923, 942, 960, 994, 1071, 1114, 1174, 1195, 1238, 1491, 1530, 1560, 1611, 1723, 1735, 1802, 1821, 1995, 1997]
logs_monomial/n11_monomial7.txt.bz2.greedyext.20260223_083632.txt

71 164 237 342 348 432 478 481 504 586 632 677 777 866 934 1151 1207 1235 1278 1318 1374 1385 1573 1630 1743 1786 1794 1809 1849 1901 1927 1958
Iter#61833 New set #3 of size 32 (20611.0 its/hit = 3.333s/hit): seed=9510218826472664339 [71, 164, 237, 342, 348, 432, 478, 481, 504, 586, 632, 677, 777, 866, 934, 1151, 1207, 1235, 1278, 1318, 1374, 1385, 1573, 1630, 1743, 1786, 1794, 1809, 1849, 1901, 1927, 1958]
logs_monomial/n11_monomial7.txt.bz2.greedyext.20260223_083633.txt

3 26 170 190 537 578 764 835 853 911 1001 1048 1121 1247 1285 1295 1307 1442 1453 1455 1571 1606 1633 1689 1693 1700 1716 1741 1772 1922 1927 1985
Iter#788635 New set #9 of size 32 (87626.1 its/hit = 13.556s/hit): seed=3759626486342320385 [3, 26, 170, 190, 537, 578, 764, 835, 853, 911, 1001, 1048, 1121, 1247, 1285, 1295, 1307, 1442, 1453, 1455, 1571, 1606, 1633, 1689, 1693, 1700, 1716, 1741, 1772, 1922, 1927, 1985]
logs_monomial/n11_monomial7.txt.bz2.greedyext.20260223_083631.txt

37 67 273 290 292 308 421 583 658 757 795 821 944 991 1036 1187 1204 1213 1251 1409 1502 1585 1623 1640 1729 1757 1776 1784 1811 1985 1996 2025
Iter#37917306 New set #600 of size 32 (63195.5 its/hit = 7.917s/hit): seed=3074747455105700365 [37, 67, 273, 290, 292, 308, 421, 583, 658, 757, 795, 821, 944, 991, 1036, 1187, 1204, 1213, 1251, 1409, 1502, 1585, 1623, 1640, 1729, 1757, 1776, 1784, 1811, 1985, 1996, 2025]
logs_monomial/n11_monomial7.txt.bz2.greedyext.20260222_000855.txt

16 32 34 74 214 337 489 610 628 675 691 710 771 841 860 967 1024 1235 1250 1266 1282 1297 1352 1464 1537 1544 1601 1611 1617 1658 1964 2046
Iter#883835 New set #9 of size 32 (98203.9 its/hit = 9.667s/hit): seed=3566030678879849977 [16, 32, 34, 74, 214, 337, 489, 610, 628, 675, 691, 710, 771, 841, 860, 967, 1024, 1235, 1250, 1266, 1282, 1297, 1352, 1464, 1537, 1544, 1601, 1611, 1617, 1658, 1964, 2046]
logs_monomial/n11_monomial7.txt.bz2.greedyext.20260220_210834.txt

50 197 211 331 361 408 428 539 552 581 640 712 718 776 812 848 899 977 1001 1082 1205 1208 1218 1239 1335 1605 1761 1769 1784 1843 1847 1848
Iter#5669925 New set #80 of size 32 (70874.1 its/hit = 6.963s/hit): seed=2008501183716584901 [50, 197, 211, 331, 361, 408, 428, 539, 552, 581, 640, 712, 718, 776, 812, 848, 899, 977, 1001, 1082, 1205, 1208, 1218, 1239, 1335, 1605, 1761, 1769, 1784, 1843, 1847, 1848]
logs_monomial/n11_monomial7.txt.bz2.greedyext.20260220_210834.txt

79 169 174 191 198 384 516 612 694 714 768 829 867 966 1059 1101 1165 1166 1267 1369 1439 1487 1512 1607 1612 1625 1631 1695 1769 1816 1919 1925
Iter#223201 New set #3 of size 32 (74400.3 its/hit = 12.333s/hit): seed=9913273682453538326 [79, 169, 174, 191, 198, 384, 516, 612, 694, 714, 768, 829, 867, 966, 1059, 1101, 1165, 1166, 1267, 1369, 1439, 1487, 1512, 1607, 1612, 1625, 1631, 1695, 1769, 1816, 1919, 1925]
logs_monomial/n11_monomial7.txt.bz2.greedyext.20260223_083631.txt

44 160 173 189 193 196 400 518 591 604 769 821 830 846 911 942 1003 1018 1228 1294 1385 1436 1453 1487 1517 1560 1600 1623 1665 1674 1683 2001
Iter#452152 New set #5 of size 32 (90430.4 its/hit = 11.400s/hit): seed=3424917242931551040 [44, 160, 173, 189, 193, 196, 400, 518, 591, 604, 769, 821, 830, 846, 911, 942, 1003, 1018, 1228, 1294, 1385, 1436, 1453, 1487, 1517, 1560, 1600, 1623, 1665, 1674, 1683, 2001]
logs_monomial/n11_monomial7.txt.bz2.greedyext.20260222_000855.txt

165 382 418 471 475 531 656 665 673 771 904 995 1004 1011 1135 1235 1273 1274 1337 1368 1599 1605 1627 1690 1803 1807 1820 1857 1933 2002 2020 2041
Iter#28368962 New set #400 of size 32 (70922.4 its/hit = 6.965s/hit): seed=17905302811791840771 [165, 382, 418, 471, 475, 531, 656, 665, 673, 771, 904, 995, 1004, 1011, 1135, 1235, 1273, 1274, 1337, 1368, 1599, 1605, 1627, 1690, 1803, 1807, 1820, 1857, 1933, 2002, 2020, 2041]
logs_monomial/n11_monomial7.txt.bz2.greedyext.20260220_210834.txt

383 448 492 518 542 679 721 752 774 816 843 952 1007 1034 1129 1131 1146 1174 1225 1360 1366 1415 1425 1568 1638 1736 1740 1777 1824 1836 1931 1958
Iter#4785927 New set #70 of size 32 (68370.4 its/hit = 6.714s/hit): seed=18180969968777455503 [383, 448, 492, 518, 542, 679, 721, 752, 774, 816, 843, 952, 1007, 1034, 1129, 1131, 1146, 1174, 1225, 1360, 1366, 1415, 1425, 1568, 1638, 1736, 1740, 1777, 1824, 1836, 1931, 1958]
logs_monomial/n11_monomial7.txt.bz2.greedyext.20260220_210834.txt

7 42 167 170 279 288 293 317 482 603 604 647 668 685 687 711 737 912 954 1007 1031 1073 1089 1094 1172 1562 1565 1608 1649 1726 1965 2030
Iter#2756356 New set #60 of size 32 (45939.3 its/hit = 5.750s/hit): seed=18029913764880253888 [7, 42, 167, 170, 279, 288, 293, 317, 482, 603, 604, 647, 668, 685, 687, 711, 737, 912, 954, 1007, 1031, 1073, 1089, 1094, 1172, 1562, 1565, 1608, 1649, 1726, 1965, 2030]
logs_monomial/n11_monomial7.txt.bz2.greedyext.20260222_000855.txt

14 17 48 57 175 364 382 390 407 485 542 575 646 656 663 768 785 805 845 901 1332 1403 1492 1638 1658 1745 1781 1821 1841 1860 1964 2027
Iter#111629 New set #4 of size 32 (27907.2 its/hit = 4.750s/hit): seed=15094469440213778679 [14, 17, 48, 57, 175, 364, 382, 390, 407, 485, 542, 575, 646, 656, 663, 768, 785, 805, 845, 901, 1332, 1403, 1492, 1638, 1658, 1745, 1781, 1821, 1841, 1860, 1964, 2027]
logs_monomial/n11_monomial7.txt.bz2.greedyext.20260223_083633.txt

75 151 158 166 174 250 311 327 489 567 623 681 705 808 836 902 945 1063 1077 1093 1195 1299 1313 1485 1538 1635 1636 1690 1692 1773 1914 1975
Iter#50996723 New set #800 of size 32 (63745.9 its/hit = 7.980s/hit): seed=7209148607589797284 [75, 151, 158, 166, 174, 250, 311, 327, 489, 567, 623, 681, 705, 808, 836, 902, 945, 1063, 1077, 1093, 1195, 1299, 1313, 1485, 1538, 1635, 1636, 1690, 1692, 1773, 1914, 1975]
logs_monomial/n11_monomial7.txt.bz2.greedyext.20260222_000855.txt

2 147 286 376 399 474 504 574 584 685 688 758 942 998 1038 1052 1192 1296 1315 1374 1447 1456 1600 1685 1704 1726 1821 1844 1915 1934 1936 1952
Iter#167106 New set #1 of size 32 (167106.0 its/hit = 16.000s/hit): seed=13614723780810706968 [2, 147, 286, 376, 399, 474, 504, 574, 584, 685, 688, 758, 942, 998, 1038, 1052, 1192, 1296, 1315, 1374, 1447, 1456, 1600, 1685, 1704, 1726, 1821, 1844, 1915, 1934, 1936, 1952]
logs_monomial/n11_monomial7.txt.bz2.greedyext.20260220_210834.txt

82 144 170 209 258 272 314 342 400 492 516 564 587 676 718 889 902 1101 1110 1245 1276 1283 1388 1478 1588 1657 1660 1741 1769 1816 1848 2015
Iter#844899 New set #10 of size 32 (84489.9 its/hit = 13.000s/hit): seed=16744887259081167365 [82, 144, 170, 209, 258, 272, 314, 342, 400, 492, 516, 564, 587, 676, 718, 889, 902, 1101, 1110, 1245, 1276, 1283, 1388, 1478, 1588, 1657, 1660, 1741, 1769, 1816, 1848, 2015]
logs_monomial/n11_monomial7.txt.bz2.greedyext.20260223_083631.txt

18 80 96 185 231 455 508 676 788 879 924 941 972 1215 1259 1365 1382 1422 1423 1452 1502 1516 1526 1554 1601 1602 1694 1703 1769 1784 1793 1854
Iter#553524 New set #10 of size 32 (55352.4 its/hit = 7.000s/hit): seed=17591716345699997915 [18, 80, 96, 185, 231, 455, 508, 676, 788, 879, 924, 941, 972, 1215, 1259, 1365, 1382, 1422, 1423, 1452, 1502, 1516, 1526, 1554, 1601, 1602, 1694, 1703, 1769, 1784, 1793, 1854]
logs_monomial/n11_monomial7.txt.bz2.greedyext.20260222_000855.txt

29 51 202 264 353 364 576 683 689 699 763 786 922 984 1076 1153 1201 1259 1278 1283 1361 1469 1504 1602 1658 1694 1725 1819 1830 1980 2028 2036
Iter#2228527 New set #50 of size 32 (44570.5 its/hit = 5.580s/hit): seed=9291799670332805421 [29, 51, 202, 264, 353, 364, 576, 683, 689, 699, 763, 786, 922, 984, 1076, 1153, 1201, 1259, 1278, 1283, 1361, 1469, 1504, 1602, 1658, 1694, 1725, 1819, 1830, 1980, 2028, 2036]
logs_monomial/n11_monomial7.txt.bz2.greedyext.20260222_000855.txt

64 80 140 366 390 392 454 505 560 563 647 673 678 687 742 753 791 800 864 1002 1066 1219 1288 1291 1371 1489 1551 1696 1746 1962 2033 2042
Iter#260758 New set #5 of size 32 (52151.6 its/hit = 6.200s/hit): seed=1937984959524894427 [64, 80, 140, 366, 390, 392, 454, 505, 560, 563, 647, 673, 678, 687, 742, 753, 791, 800, 864, 1002, 1066, 1219, 1288, 1291, 1371, 1489, 1551, 1696, 1746, 1962, 2033, 2042]
logs_monomial/n11_monomial7.txt.bz2.greedyext.20260223_083632.txt

86 136 141 155 173 177 213 356 397 457 531 548 557 649 663 685 687 763 809 832 1005 1241 1311 1353 1455 1572 1667 1671 1940 1952 1970 2020
Iter#883865 New set #20 of size 32 (44193.2 its/hit = 6.100s/hit): seed=7347016475406707866 [86, 136, 141, 155, 173, 177, 213, 356, 397, 457, 531, 548, 557, 649, 663, 685, 687, 763, 809, 832, 1005, 1241, 1311, 1353, 1455, 1572, 1667, 1671, 1940, 1952, 1970, 2020]
logs_monomial/n11_monomial7.txt.bz2.greedyext.20260223_083633.txt

2 17 99 158 248 402 417 429 497 730 838 843 855 999 1057 1101 1116 1153 1170 1265 1280 1315 1379 1490 1645 1674 1683 1742 1758 1803 1811 1818
Iter#6655782 New set #100 of size 32 (66557.8 its/hit = 6.540s/hit): seed=7158231366537749262 [2, 17, 99, 158, 248, 402, 417, 429, 497, 730, 838, 843, 855, 999, 1057, 1101, 1116, 1153, 1170, 1265, 1280, 1315, 1379, 1490, 1645, 1674, 1683, 1742, 1758, 1803, 1811, 1818]
logs_monomial/n11_monomial7.txt.bz2.greedyext.20260220_210834.txt

46 85 104 148 213 215 260 404 508 513 529 532 559 803 1031 1099 1135 1195 1420 1427 1437 1442 1531 1602 1682 1754 1762 1812 1833 1840 1933 1955
Iter#101374 New set #1 of size 32 (101374.0 its/hit = 12.000s/hit): seed=14248934338875865462 [46, 85, 104, 148, 213, 215, 260, 404, 508, 513, 529, 532, 559, 803, 1031, 1099, 1135, 1195, 1420, 1427, 1437, 1442, 1531, 1602, 1682, 1754, 1762, 1812, 1833, 1840, 1933, 1955]
logs_monomial/n11_monomial7.txt.bz2.greedyext.20260222_000855.txt

43 68 178 274 416 786 970 976 985 1010 1092 1103 1108 1114 1128 1220 1254 1291 1300 1350 1353 1364 1365 1407 1430 1524 1646 1677 1702 1749 1857 1859
Iter#31285484 New set #500 of size 32 (62571.0 its/hit = 7.842s/hit): seed=11484243626027078852 [43, 68, 178, 274, 416, 786, 970, 976, 985, 1010, 1092, 1103, 1108, 1114, 1128, 1220, 1254, 1291, 1300, 1350, 1353, 1364, 1365, 1407, 1430, 1524, 1646, 1677, 1702, 1749, 1857, 1859]
logs_monomial/n11_monomial7.txt.bz2.greedyext.20260222_000855.txt

165 171 307 389 450 552 568 579 644 779 864 926 966 1032 1045 1063 1087 1292 1424 1479 1483 1502 1543 1604 1622 1661 1813 1838 1844 1932 2003 2009
Iter#350768 New set #10 of size 32 (35076.8 its/hit = 5.700s/hit): seed=6392073410159296222 [165, 171, 307, 389, 450, 552, 568, 579, 644, 779, 864, 926, 966, 1032, 1045, 1063, 1087, 1292, 1424, 1479, 1483, 1502, 1543, 1604, 1622, 1661, 1813, 1838, 1844, 1932, 2003, 2009]
logs_monomial/n11_monomial7.txt.bz2.greedyext.20260223_083633.txt

4 34 38 118 160 259 263 288 289 293 303 337 378 495 576 723 760 784 805 983 1106 1268 1327 1331 1332 1438 1499 1548 1743 1758 1820 1827
Iter#947829 New set #10 of size 32 (94782.9 its/hit = 9.300s/hit): seed=749505845833422940 [4, 34, 38, 118, 160, 259, 263, 288, 289, 293, 303, 337, 378, 495, 576, 723, 760, 784, 805, 983, 1106, 1268, 1327, 1331, 1332, 1438, 1499, 1548, 1743, 1758, 1820, 1827]
logs_monomial/n11_monomial7.txt.bz2.greedyext.20260220_210834.txt

100 238 386 604 626 661 691 727 749 791 915 916 919 968 988 1051 1169 1233 1286 1357 1378 1402 1433 1464 1582 1678 1804 1866 1971 1973 2001 2033
Iter#111925 New set #2 of size 32 (55962.5 its/hit = 7.000s/hit): seed=14109227248981501845 [100, 238, 386, 604, 626, 661, 691, 727, 749, 791, 915, 916, 919, 968, 988, 1051, 1169, 1233, 1286, 1357, 1378, 1402, 1433, 1464, 1582, 1678, 1804, 1866, 1971, 1973, 2001, 2033]
logs_monomial/n11_monomial7.txt.bz2.greedyext.20260222_000855.txt

184 214 264 311 341 345 370 450 544 548 570 619 714 839 860 919 920 977 1023 1089 1171 1316 1436 1444 1635 1755 1764 1784 1882 1888 1954 1999
Iter#12000920 New set #200 of size 32 (60004.6 its/hit = 7.515s/hit): seed=17117457972122742625 [184, 214, 264, 311, 341, 345, 370, 450, 544, 548, 570, 619, 714, 839, 860, 919, 920, 977, 1023, 1089, 1171, 1316, 1436, 1444, 1635, 1755, 1764, 1784, 1882, 1888, 1954, 1999]
logs_monomial/n11_monomial7.txt.bz2.greedyext.20260222_000855.txt

16 103 129 153 189 280 328 409 612 656 659 686 688 694 714 755 813 981 1022 1059 1165 1387 1501 1639 1651 1685 1747 1766 1919 1932 2013 2046
Iter#774532 New set #7 of size 32 (110647.4 its/hit = 10.857s/hit): seed=9275169615943885356 [16, 103, 129, 153, 189, 280, 328, 409, 612, 656, 659, 686, 688, 694, 714, 755, 813, 981, 1022, 1059, 1165, 1387, 1501, 1639, 1651, 1685, 1747, 1766, 1919, 1932, 2013, 2046]
logs_monomial/n11_monomial7.txt.bz2.greedyext.20260220_210834.txt

117 162 165 192 215 269 274 313 376 418 431 474 631 756 779 854 916 961 1073 1076 1084 1142 1176 1256 1322 1354 1564 1646 1707 1878 1982 2031
Iter#521324 New set #8 of size 32 (65165.5 its/hit = 8.250s/hit): seed=10685875548319320774 [117, 162, 165, 192, 215, 269, 274, 313, 376, 418, 431, 474, 631, 756, 779, 854, 916, 961, 1073, 1076, 1084, 1142, 1176, 1256, 1322, 1354, 1564, 1646, 1707, 1878, 1982, 2031]
logs_monomial/n11_monomial7.txt.bz2.greedyext.20260222_000855.txt

36 173 199 232 480 501 576 647 691 707 708 733 759 822 855 1016 1080 1126 1185 1285 1298 1323 1359 1362 1485 1540 1574 1761 1787 1806 1856 1998
Iter#1186757 New set #30 of size 32 (39558.6 its/hit = 4.967s/hit): seed=2910401130430201393 [36, 173, 199, 232, 480, 501, 576, 647, 691, 707, 708, 733, 759, 822, 855, 1016, 1080, 1126, 1185, 1285, 1298, 1323, 1359, 1362, 1485, 1540, 1574, 1761, 1787, 1806, 1856, 1998]
logs_monomial/n11_monomial7.txt.bz2.greedyext.20260222_000855.txt

60 120 155 192 596 616 622 666 686 716 761 781 1053 1057 1066 1067 1068 1149 1181 1206 1259 1292 1318 1407 1541 1605 1609 1653 1669 1797 1851 1882
Iter#379238 New set #4 of size 32 (94809.5 its/hit = 12.000s/hit): seed=3530938247864479350 [60, 120, 155, 192, 596, 616, 622, 666, 686, 716, 761, 781, 1053, 1057, 1066, 1067, 1068, 1149, 1181, 1206, 1259, 1292, 1318, 1407, 1541, 1605, 1609, 1653, 1669, 1797, 1851, 1882]
logs_monomial/n11_monomial7.txt.bz2.greedyext.20260222_000855.txt

51 120 151 449 556 629 677 678 724 743 753 774 797 802 868 915 1071 1153 1156 1268 1295 1340 1344 1514 1523 1572 1585 1912 1981 2011 2021 2024
Iter#128683 New set #6 of size 32 (21447.2 its/hit = 3.667s/hit): seed=16044261929908396346 [51, 120, 151, 449, 556, 629, 677, 678, 724, 743, 753, 774, 797, 802, 868, 915, 1071, 1153, 1156, 1268, 1295, 1340, 1344, 1514, 1523, 1572, 1585, 1912, 1981, 2011, 2021, 2024]
logs_monomial/n11_monomial7.txt.bz2.greedyext.20260223_083633.txt

4 246 270 298 400 401 538 702 705 842 907 941 944 979 1006 1070 1131 1208 1214 1265 1283 1299 1312 1376 1382 1422 1559 1604 1680 1771 1914 1950
Iter#537847 New set #9 of size 32 (59760.8 its/hit = 7.556s/hit): seed=3644518674508641822 [4, 246, 270, 298, 400, 401, 538, 702, 705, 842, 907, 941, 944, 979, 1006, 1070, 1131, 1208, 1214, 1265, 1283, 1299, 1312, 1376, 1382, 1422, 1559, 1604, 1680, 1771, 1914, 1950]
logs_monomial/n11_monomial7.txt.bz2.greedyext.20260222_000855.txt

325 345 346 363 381 520 561 577 595 753 790 880 922 929 1045 1049 1067 1082 1096 1361 1372 1437 1490 1495 1531 1598 1610 1739 1807 1952 2004 2009
Iter#30613 New set #1 of size 32 (30613.0 its/hit = 5.000s/hit): seed=4750751752610792553 [325, 345, 346, 363, 381, 520, 561, 577, 595, 753, 790, 880, 922, 929, 1045, 1049, 1067, 1082, 1096, 1361, 1372, 1437, 1490, 1495, 1531, 1598, 1610, 1739, 1807, 1952, 2004, 2009]
logs_monomial/n11_monomial7.txt.bz2.greedyext.20260223_083633.txt

49 58 73 130 158 290 402 527 545 553 582 609 863 961 1032 1075 1128 1157 1270 1281 1298 1355 1367 1371 1395 1433 1588 1732 1821 1847 1876 1961
Iter#1610487 New set #20 of size 32 (80524.4 its/hit = 7.900s/hit): seed=16186744391887523878 [49, 58, 73, 130, 158, 290, 402, 527, 545, 553, 582, 609, 863, 961, 1032, 1075, 1128, 1157, 1270, 1281, 1298, 1355, 1367, 1371, 1395, 1433, 1588, 1732, 1821, 1847, 1876, 1961]
logs_monomial/n11_monomial7.txt.bz2.greedyext.20260220_210834.txt

80 138 189 207 212 352 405 414 431 453 457 515 538 558 627 724 725 851 890 949 956 959 987 1052 1100 1304 1362 1417 1446 1497 1657 1760
Iter#754519 New set #6 of size 32 (125753.2 its/hit = 12.333s/hit): seed=4235755835001139581 [80, 138, 189, 207, 212, 352, 405, 414, 431, 453, 457, 515, 538, 558, 627, 724, 725, 851, 890, 949, 956, 959, 987, 1052, 1100, 1304, 1362, 1417, 1446, 1497, 1657, 1760]
logs_monomial/n11_monomial7.txt.bz2.greedyext.20260220_210834.txt

174 237 344 371 479 515 593 658 690 692 870 910 961 1039 1121 1157 1315 1356 1370 1385 1404 1587 1624 1641 1692 1725 1748 1803 1847 1955 1998 2001
Iter#306697 New set #6 of size 32 (51116.2 its/hit = 6.500s/hit): seed=17456239167998564987 [174, 237, 344, 371, 479, 515, 593, 658, 690, 692, 870, 910, 961, 1039, 1121, 1157, 1315, 1356, 1370, 1385, 1404, 1587, 1624, 1641, 1692, 1725, 1748, 1803, 1847, 1955, 1998, 2001]
logs_monomial/n11_monomial7.txt.bz2.greedyext.20260223_083632.txt

104 141 222 243 334 567 573 683 770 824 883 946 998 1017 1047 1094 1107 1176 1201 1272 1364 1535 1564 1577 1676 1760 1918 1923 1949 1952 1986 2024
Iter#3613452 New set #50 of size 32 (72269.0 its/hit = 7.100s/hit): seed=5800044145048197557 [104, 141, 222, 243, 334, 567, 573, 683, 770, 824, 883, 946, 998, 1017, 1047, 1094, 1107, 1176, 1201, 1272, 1364, 1535, 1564, 1577, 1676, 1760, 1918, 1923, 1949, 1952, 1986, 2024]
logs_monomial/n11_monomial7.txt.bz2.greedyext.20260220_210834.txt

35 75 107 185 226 273 369 370 437 480 497 546 648 663 707 743 794 814 972 1133 1187 1205 1278 1285 1288 1514 1574 1597 1654 1675 1732 1916
Iter#907479 New set #20 of size 32 (45373.9 its/hit = 5.700s/hit): seed=6135725101892088666 [35, 75, 107, 185, 226, 273, 369, 370, 437, 480, 497, 546, 648, 663, 707, 743, 794, 814, 972, 1133, 1187, 1205, 1278, 1285, 1288, 1514, 1574, 1597, 1654, 1675, 1732, 1916]
logs_monomial/n11_monomial7.txt.bz2.greedyext.20260222_000855.txt

158 218 219 276 322 327 408 486 574 601 649 740 836 844 880 892 927 934 997 1025 1108 1125 1167 1611 1635 1645 1657 1696 1785 1808 1821 1995
Iter#141355 New set #3 of size 32 (47118.3 its/hit = 5.667s/hit): seed=4826163835561790135 [158, 218, 219, 276, 322, 327, 408, 486, 574, 601, 649, 740, 836, 844, 880, 892, 927, 934, 997, 1025, 1108, 1125, 1167, 1611, 1635, 1645, 1657, 1696, 1785, 1808, 1821, 1995]
logs_monomial/n11_monomial7.txt.bz2.greedyext.20260222_000855.txt

18 108 303 371 411 474 503 524 636 675 738 851 1071 1094 1122 1209 1215 1271 1275 1349 1351 1357 1467 1566 1719 1736 1755 1814 1836 1841 1856 1863
Iter#3597533 New set #80 of size 32 (44969.2 its/hit = 5.638s/hit): seed=17411279126002378489 [18, 108, 303, 371, 411, 474, 503, 524, 636, 675, 738, 851, 1071, 1094, 1122, 1209, 1215, 1271, 1275, 1349, 1351, 1357, 1467, 1566, 1719, 1736, 1755, 1814, 1836, 1841, 1856, 1863]
logs_monomial/n11_monomial7.txt.bz2.greedyext.20260222_000855.txt

6 129 150 156 180 198 267 379 445 545 628 743 855 858 924 953 959 1080 1138 1274 1320 1344 1406 1433 1439 1568 1574 1578 1689 1865 2008 2020
Iter#269863 New set #8 of size 32 (33732.9 its/hit = 5.750s/hit): seed=7846808421361160176 [6, 129, 150, 156, 180, 198, 267, 379, 445, 545, 628, 743, 855, 858, 924, 953, 959, 1080, 1138, 1274, 1320, 1344, 1406, 1433, 1439, 1568, 1574, 1578, 1689, 1865, 2008, 2020]
logs_monomial/n11_monomial7.txt.bz2.greedyext.20260223_083633.txt

120 146 218 261 404 479 506 528 585 691 732 737 813 872 913 934 990 994 1059 1085 1095 1112 1125 1215 1293 1376 1397 1466 1537 1628 1707 1747
Iter#466732 New set #6 of size 32 (77788.7 its/hit = 9.833s/hit): seed=9380044533282973273 [120, 146, 218, 261, 404, 479, 506, 528, 585, 691, 732, 737, 813, 872, 913, 934, 990, 994, 1059, 1085, 1095, 1112, 1125, 1215, 1293, 1376, 1397, 1466, 1537, 1628, 1707, 1747]
logs_monomial/n11_monomial7.txt.bz2.greedyext.20260222_000855.txt

44 231 268 278 318 422 497 512 577 581 589 619 995 1076 1101 1207 1228 1235 1314 1332 1386 1425 1465 1477 1504 1596 1614 1673 1766 1839 1845 1901
Iter#176753 New set #2 of size 32 (88376.5 its/hit = 14.500s/hit): seed=17676995231028150247 [44, 231, 268, 278, 318, 422, 497, 512, 577, 581, 589, 619, 995, 1076, 1101, 1207, 1228, 1235, 1314, 1332, 1386, 1425, 1465, 1477, 1504, 1596, 1614, 1673, 1766, 1839, 1845, 1901]
logs_monomial/n11_monomial7.txt.bz2.greedyext.20260223_083631.txt

18 209 218 244 378 628 640 641 663 773 914 982 991 1104 1113 1197 1269 1313 1405 1447 1512 1519 1527 1581 1613 1656 1696 1698 1706 1751 1753 1822
Iter#40578 New set #2 of size 32 (20289.0 its/hit = 3.000s/hit): seed=2757844034235219142 [18, 209, 218, 244, 378, 628, 640, 641, 663, 773, 914, 982, 991, 1104, 1113, 1197, 1269, 1313, 1405, 1447, 1512, 1519, 1527, 1581, 1613, 1656, 1696, 1698, 1706, 1751, 1753, 1822]
logs_monomial/n11_monomial7.txt.bz2.greedyext.20260223_083633.txt

53 75 97 110 217 288 349 350 370 628 793 850 967 1010 1025 1032 1154 1182 1352 1369 1388 1390 1420 1479 1685 1694 1707 1739 1758 1810 1824 1866
Iter#44834923 New set #700 of size 32 (64049.9 its/hit = 8.023s/hit): seed=15439817474784778257 [53, 75, 97, 110, 217, 288, 349, 350, 370, 628, 793, 850, 967, 1010, 1025, 1032, 1154, 1182, 1352, 1369, 1388, 1390, 1420, 1479, 1685, 1694, 1707, 1739, 1758, 1810, 1824, 1866]
logs_monomial/n11_monomial7.txt.bz2.greedyext.20260222_000855.txt

187 269 313 380 455 472 527 610 726 770 789 856 955 1190 1196 1240 1274 1297 1390 1399 1440 1451 1507 1514 1582 1652 1685 1705 1874 1956 1979 2025
Iter#702030 New set #7 of size 32 (100290.0 its/hit = 15.000s/hit): seed=2252739393090035643 [187, 269, 313, 380, 455, 472, 527, 610, 726, 770, 789, 856, 955, 1190, 1196, 1240, 1274, 1297, 1390, 1399, 1440, 1451, 1507, 1514, 1582, 1652, 1685, 1705, 1874, 1956, 1979, 2025]
logs_monomial/n11_monomial7.txt.bz2.greedyext.20260223_083631.txt

20 144 158 229 277 314 330 423 444 474 492 504 565 631 677 895 930 1007 1027 1047 1051 1253 1378 1443 1462 1519 1525 1531 1738 1751 1894 1921
Iter#138941 New set #3 of size 32 (46313.7 its/hit = 5.333s/hit): seed=17251973583998354625 [20, 144, 158, 229, 277, 314, 330, 423, 444, 474, 492, 504, 565, 631, 677, 895, 930, 1007, 1027, 1047, 1051, 1253, 1378, 1443, 1462, 1519, 1525, 1531, 1738, 1751, 1894, 1921]
logs_monomial/n11_monomial7.txt.bz2.greedyext.20260223_083632.txt

11 111 144 346 396 403 458 595 665 666 790 930 1048 1079 1280 1324 1428 1451 1536 1581 1650 1666 1680 1711 1719 1770 1806 1823 1878 1882 1980 1994
Iter#754922 New set #8 of size 32 (94365.2 its/hit = 14.375s/hit): seed=13332333163047973524 [11, 111, 144, 346, 396, 403, 458, 595, 665, 666, 790, 930, 1048, 1079, 1280, 1324, 1428, 1451, 1536, 1581, 1650, 1666, 1680, 1711, 1719, 1770, 1806, 1823, 1878, 1882, 1980, 1994]
logs_monomial/n11_monomial7.txt.bz2.greedyext.20260223_083631.txt

96 158 270 319 417 434 456 550 553 671 715 884 920 993 1115 1116 1134 1218 1247 1342 1379 1382 1427 1533 1617 1625 1648 1650 1664 1807 1834 1978
Iter#6093600 New set #90 of size 32 (67706.7 its/hit = 6.656s/hit): seed=11006346969317803107 [96, 158, 270, 319, 417, 434, 456, 550, 553, 671, 715, 884, 920, 993, 1115, 1116, 1134, 1218, 1247, 1342, 1379, 1382, 1427, 1533, 1617, 1625, 1648, 1650, 1664, 1807, 1834, 1978]
logs_monomial/n11_monomial7.txt.bz2.greedyext.20260220_210834.txt

48 56 118 127 171 201 215 221 240 291 307 467 614 698 778 812 1032 1079 1205 1250 1272 1295 1323 1336 1358 1424 1427 1499 1509 1588 2043 2047
Iter#608502 New set #5 of size 32 (121700.4 its/hit = 12.000s/hit): seed=305555212728021596 [48, 56, 118, 127, 171, 201, 215, 221, 240, 291, 307, 467, 614, 698, 778, 812, 1032, 1079, 1205, 1250, 1272, 1295, 1323, 1336, 1358, 1424, 1427, 1499, 1509, 1588, 2043, 2047]
logs_monomial/n11_monomial7.txt.bz2.greedyext.20260220_210834.txt

128 136 195 198 259 346 391 423 620 708 820 822 825 861 933 967 1059 1077 1116 1286 1334 1584 1593 1636 1672 1705 1774 1777 1778 1802 1898 2034
Iter#57183990 New set #900 of size 32 (63537.8 its/hit = 7.939s/hit): seed=917814728181706342 [128, 136, 195, 198, 259, 346, 391, 423, 620, 708, 820, 822, 825, 861, 933, 967, 1059, 1077, 1116, 1286, 1334, 1584, 1593, 1636, 1672, 1705, 1774, 1777, 1778, 1802, 1898, 2034]
logs_monomial/n11_monomial7.txt.bz2.greedyext.20260222_000855.txt

30 49 85 89 102 142 215 329 376 531 576 930 1014 1051 1061 1066 1081 1210 1246 1255 1362 1379 1426 1572 1695 1728 1823 1852 1862 1937 1940 1992
Iter#1308565 New set #20 of size 32 (65428.2 its/hit = 8.850s/hit): seed=17570031306181339402 [30, 49, 85, 89, 102, 142, 215, 329, 376, 531, 576, 930, 1014, 1051, 1061, 1066, 1081, 1210, 1246, 1255, 1362, 1379, 1426, 1572, 1695, 1728, 1823, 1852, 1862, 1937, 1940, 1992]
logs_monomial/n11_monomial7.txt.bz2.greedyext.20260223_083632.txt

42 65 230 261 318 476 483 643 648 693 754 756 799 949 1069 1228 1292 1334 1377 1412 1477 1567 1580 1625 1727 1784 1823 1841 1884 1904 1978 1997
Iter#4361590 New set #90 of size 32 (48462.1 its/hit = 6.067s/hit): seed=9189396822223834681 [42, 65, 230, 261, 318, 476, 483, 643, 648, 693, 754, 756, 799, 949, 1069, 1228, 1292, 1334, 1377, 1412, 1477, 1567, 1580, 1625, 1727, 1784, 1823, 1841, 1884, 1904, 1978, 1997]
logs_monomial/n11_monomial7.txt.bz2.greedyext.20260222_000855.txt

77 111 175 186 247 337 362 430 449 495 556 560 637 650 711 759 851 866 1079 1150 1152 1195 1248 1256 1263 1326 1345 1435 1449 1787 1935 2043
Iter#1704913 New set #40 of size 32 (42622.8 its/hit = 5.325s/hit): seed=17109616897853762765 [77, 111, 175, 186, 247, 337, 362, 430, 449, 495, 556, 560, 637, 650, 711, 759, 851, 866, 1079, 1150, 1152, 1195, 1248, 1256, 1263, 1326, 1345, 1435, 1449, 1787, 1935, 2043]
logs_monomial/n11_monomial7.txt.bz2.greedyext.20260222_000855.txt

71 102 346 413 419 439 484 592 667 686 729 745 774 781 842 856 1063 1218 1267 1294 1390 1403 1450 1505 1513 1586 1640 1933 1934 1966 2026 2037
Iter#3042295 New set #40 of size 32 (76057.4 its/hit = 7.475s/hit): seed=4736468364006739 [71, 102, 346, 413, 419, 439, 484, 592, 667, 686, 729, 745, 774, 781, 842, 856, 1063, 1218, 1267, 1294, 1390, 1403, 1450, 1505, 1513, 1586, 1640, 1933, 1934, 1966, 2026, 2037]
logs_monomial/n11_monomial7.txt.bz2.greedyext.20260220_210834.txt

3 32 44 56 132 149 586 627 694 725 735 891 895 924 962 1023 1041 1103 1173 1242 1314 1508 1510 1541 1617 1680 1748 1831 1853 1869 1898 2030
Iter#53982 New set #2 of size 32 (26991.0 its/hit = 3.000s/hit): seed=3549431110739580716 [3, 32, 44, 56, 132, 149, 586, 627, 694, 725, 735, 891, 895, 924, 962, 1023, 1041, 1103, 1173, 1242, 1314, 1508, 1510, 1541, 1617, 1680, 1748, 1831, 1853, 1869, 1898, 2030]
logs_monomial/n11_monomial7.txt.bz2.greedyext.20260223_083632.txt

30 99 177 300 385 413 487 578 634 703 715 854 917 972 978 999 1064 1136 1152 1197 1224 1238 1510 1572 1606 1621 1796 1810 1818 1873 1927 1996
Iter#34883272 New set #500 of size 32 (69766.5 its/hit = 6.856s/hit): seed=5919793139400761527 [30, 99, 177, 300, 385, 413, 487, 578, 634, 703, 715, 854, 917, 972, 978, 999, 1064, 1136, 1152, 1197, 1224, 1238, 1510, 1572, 1606, 1621, 1796, 1810, 1818, 1873, 1927, 1996]
logs_monomial/n11_monomial7.txt.bz2.greedyext.20260220_210834.txt

22 43 93 209 298 311 331 357 517 603 730 741 850 864 865 887 1097 1125 1200 1324 1354 1372 1441 1579 1597 1608 1612 1829 1833 1859 1889 1945
Iter#42144 New set #1 of size 32 (42144.0 its/hit = 5.000s/hit): seed=12032035557055790290 [22, 43, 93, 209, 298, 311, 331, 357, 517, 603, 730, 741, 850, 864, 865, 887, 1097, 1125, 1200, 1324, 1354, 1372, 1441, 1579, 1597, 1608, 1612, 1829, 1833, 1859, 1889, 1945]
logs_monomial/n11_monomial7.txt.bz2.greedyext.20260223_083632.txt

17 88 137 222 249 287 349 387 397 401 426 517 541 547 604 642 769 815 887 991 1012 1028 1055 1076 1105 1131 1132 1208 1456 1616 1819 1859
Iter#14526129 New set #200 of size 32 (72630.6 its/hit = 7.120s/hit): seed=4282796180798400738 [17, 88, 137, 222, 249, 287, 349, 387, 397, 401, 426, 517, 541, 547, 604, 642, 769, 815, 887, 991, 1012, 1028, 1055, 1076, 1105, 1131, 1132, 1208, 1456, 1616, 1819, 1859]
logs_monomial/n11_monomial7.txt.bz2.greedyext.20260220_210834.txt

222 273 331 395 397 401 465 467 505 717 735 741 884 902 925 1141 1161 1178 1211 1243 1304 1424 1453 1530 1558 1565 1587 1644 1786 1885 1960 2045
Iter#853521 New set #10 of size 32 (85352.1 its/hit = 10.800s/hit): seed=2858512147838810094 [222, 273, 331, 395, 397, 401, 465, 467, 505, 717, 735, 741, 884, 902, 925, 1141, 1161, 1178, 1211, 1243, 1304, 1424, 1453, 1530, 1558, 1565, 1587, 1644, 1786, 1885, 1960, 2045]
logs_monomial/n11_monomial7.txt.bz2.greedyext.20260223_083632.txt

71 123 135 142 173 302 361 458 538 638 669 874 903 1062 1070 1179 1193 1244 1294 1461 1498 1522 1588 1656 1661 1715 1754 1826 1836 1928 2002 2045
Iter#2074040 New set #30 of size 32 (69134.7 its/hit = 6.767s/hit): seed=1346847783746623656 [71, 123, 135, 142, 173, 302, 361, 458, 538, 638, 669, 874, 903, 1062, 1070, 1179, 1193, 1244, 1294, 1461, 1498, 1522, 1588, 1656, 1661, 1715, 1754, 1826, 1836, 1928, 2002, 2045]
logs_monomial/n11_monomial7.txt.bz2.greedyext.20260220_210834.txt

41 70 138 198 204 238 255 289 336 356 463 481 522 603 617 631 702 740 811 874 965 1054 1099 1178 1317 1560 1591 1625 1630 1682 1748 1751
Iter#190278 New set #7 of size 32 (27182.6 its/hit = 4.714s/hit): seed=7193229745354627106 [41, 70, 138, 198, 204, 238, 255, 289, 336, 356, 463, 481, 522, 603, 617, 631, 702, 740, 811, 874, 965, 1054, 1099, 1178, 1317, 1560, 1591, 1625, 1630, 1682, 1748, 1751]
logs_monomial/n11_monomial7.txt.bz2.greedyext.20260223_083633.txt

129 221 269 274 434 497 689 728 827 920 941 954 956 994 1032 1051 1060 1285 1326 1455 1484 1557 1606 1644 1684 1721 1764 1772 1807 1972 1994 2000
Iter#700122 New set #9 of size 32 (77791.3 its/hit = 9.889s/hit): seed=6872201646705208067 [129, 221, 269, 274, 434, 497, 689, 728, 827, 920, 941, 954, 956, 994, 1032, 1051, 1060, 1285, 1326, 1455, 1484, 1557, 1606, 1644, 1684, 1721, 1764, 1772, 1807, 1972, 1994, 2000]
logs_monomial/n11_monomial7.txt.bz2.greedyext.20260223_083632.txt

