0 36 145 236 290 314 340 456 585 589 624 699 888 946 1149 1182 1509 1525 1577 1637 1707 1747 1952 1983 2121 2313 2455 2510 2657 2839 2909 2947 2980 3021 3221 3408 3490 3598 3619 3793 3844 3850 3869
Iter#841 New set #4 of size 43 (210.2 its/hit = 0.000s/hit): seed=11966670612972820374 [0, 36, 145, 236, 290, 314, 340, 456, 585, 589, 624, 699, 888, 946, 1149, 1182, 1509, 1525, 1577, 1637, 1707, 1747, 1952, 1983, 2121, 2313, 2455, 2510, 2657, 2839, 2909, 2947, 2980, 3021, 3221, 3408, 3490, 3598, 3619, 3793, 3844, 3850, 3869]
logs_monomial/n12_monomial9.txt.bz2.greedyext.20260220_220834.txt

0 16 37 247 360 592 756 805 845 864 1177 1374 1472 1510 1514 1603 1806 1832 1894 2199 2225 2254 2267 2309 2435 2464 2615 2623 2649 2687 2835 2901 2939 3163 3361 3534 3595 3673 3752 3896 3920 4037 4069
Iter#292226 New set #1000 of size 43 (292.2 its/hit = 0.099s/hit): seed=6651719840965681281 [0, 16, 37, 247, 360, 592, 756, 805, 845, 864, 1177, 1374, 1472, 1510, 1514, 1603, 1806, 1832, 1894, 2199, 2225, 2254, 2267, 2309, 2435, 2464, 2615, 2623, 2649, 2687, 2835, 2901, 2939, 3163, 3361, 3534, 3595, 3673, 3752, 3896, 3920, 4037, 4069]
logs_monomial/n12_monomial9.txt.bz2.greedyext.20260220_220834.txt

0 3 14 354 637 662 667 773 925 948 1082 1116 1184 1312 1330 1343 1393 1500 1575 1755 1759 1831 1883 1907 1959 1962 2035 2307 2319 2391 2435 2519 2525 2624 2691 3033 3067 3356 3559 3617 3706 3929 4042
Iter#13843233 New set #50000 of size 43 (276.9 its/hit = 0.112s/hit): seed=15539916602218931750 [0, 3, 14, 354, 637, 662, 667, 773, 925, 948, 1082, 1116, 1184, 1312, 1330, 1343, 1393, 1500, 1575, 1755, 1759, 1831, 1883, 1907, 1959, 1962, 2035, 2307, 2319, 2391, 2435, 2519, 2525, 2624, 2691, 3033, 3067, 3356, 3559, 3617, 3706, 3929, 4042]
logs_monomial/n12_monomial9.txt.bz2.greedyext.20260223_084058.txt

0 147 232 289 442 480 568 579 603 830 1218 1312 1507 1516 1549 2046 2150 2200 2483 2489 2498 2648 2672 2682 2685 2834 2919 2921 2978 3073 3162 3415 3421 3449 3451 3550 3567 3598 3610 3732 3742 4007 4037
Iter#17173 New set #80 of size 43 (214.7 its/hit = 0.062s/hit): seed=12483111507080334637 [0, 147, 232, 289, 442, 480, 568, 579, 603, 830, 1218, 1312, 1507, 1516, 1549, 2046, 2150, 2200, 2483, 2489, 2498, 2648, 2672, 2682, 2685, 2834, 2919, 2921, 2978, 3073, 3162, 3415, 3421, 3449, 3451, 3550, 3567, 3598, 3610, 3732, 3742, 4007, 4037]
logs_monomial/n12_monomial9.txt.bz2.greedyext.20260222_020855.txt

0 42 144 303 465 557 590 631 726 829 935 968 973 974 1072 1224 1399 1442 1506 1583 1719 1855 1936 2105 2308 2422 2442 2542 2761 2810 2965 2996 3050 3179 3302 3351 3471 3505 3644 3700 3832 3883 4072
Iter#19410856 New set #70000 of size 43 (277.3 its/hit = 0.112s/hit): seed=15276556761988427148 [0, 42, 144, 303, 465, 557, 590, 631, 726, 829, 935, 968, 973, 974, 1072, 1224, 1399, 1442, 1506, 1583, 1719, 1855, 1936, 2105, 2308, 2422, 2442, 2542, 2761, 2810, 2965, 2996, 3050, 3179, 3302, 3351, 3471, 3505, 3644, 3700, 3832, 3883, 4072]
logs_monomial/n12_monomial9.txt.bz2.greedyext.20260223_084058.txt

0 550 557 574 796 842 857 924 1005 1016 1446 1562 1614 1630 1643 1908 2203 2259 2283 2308 2389 2421 2465 2654 2662 2733 3197 3202 3275 3296 3315 3361 3463 3476 3503 3529 3654 3681 3710 3823 3851 3901 4019
Iter#14860 New set #50 of size 43 (297.2 its/hit = 0.100s/hit): seed=7688308699406801750 [0, 550, 557, 574, 796, 842, 857, 924, 1005, 1016, 1446, 1562, 1614, 1630, 1643, 1908, 2203, 2259, 2283, 2308, 2389, 2421, 2465, 2654, 2662, 2733, 3197, 3202, 3275, 3296, 3315, 3361, 3463, 3476, 3503, 3529, 3654, 3681, 3710, 3823, 3851, 3901, 4019]
logs_monomial/n12_monomial9.txt.bz2.greedyext.20260223_084058.txt

0 28 199 292 488 513 638 817 887 888 1178 1236 1450 1461 1464 1526 1984 2029 2046 2120 2281 2364 2368 2502 2586 2635 2755 2860 3059 3160 3252 3278 3326 3432 3483 3494 3628 3682 3793 3854 3904 4004 4010
Iter#19437956 New set #70000 of size 43 (277.7 its/hit = 0.094s/hit): seed=1920563137917669224 [0, 28, 199, 292, 488, 513, 638, 817, 887, 888, 1178, 1236, 1450, 1461, 1464, 1526, 1984, 2029, 2046, 2120, 2281, 2364, 2368, 2502, 2586, 2635, 2755, 2860, 3059, 3160, 3252, 3278, 3326, 3432, 3483, 3494, 3628, 3682, 3793, 3854, 3904, 4004, 4010]
logs_monomial/n12_monomial9.txt.bz2.greedyext.20260220_220834.txt

0 29 133 198 405 483 508 641 723 740 777 815 829 1010 1030 1055 1503 1661 1880 1896 2489 2584 2749 2766 2968 3009 3078 3128 3146 3243 3295 3322 3363 3409 3588 3596 3639 3668 3702 3871 3949 4031 4080
Iter#5579810 New set #20000 of size 43 (279.0 its/hit = 0.095s/hit): seed=1199807834416118654 [0, 29, 133, 198, 405, 483, 508, 641, 723, 740, 777, 815, 829, 1010, 1030, 1055, 1503, 1661, 1880, 1896, 2489, 2584, 2749, 2766, 2968, 3009, 3078, 3128, 3146, 3243, 3295, 3322, 3363, 3409, 3588, 3596, 3639, 3668, 3702, 3871, 3949, 4031, 4080]
logs_monomial/n12_monomial9.txt.bz2.greedyext.20260222_020855.txt

0 340 364 465 554 705 730 979 1179 1183 1184 1233 1562 1569 1605 1636 1688 1761 1889 1916 2105 2137 2146 2382 2613 2662 2776 2787 2842 2851 3061 3238 3315 3414 3539 3665 3680 3708 3766 3934 3958 4000 4008
Iter#27881250 New set #100000 of size 43 (278.8 its/hit = 0.104s/hit): seed=12705287165692278559 [0, 340, 364, 465, 554, 705, 730, 979, 1179, 1183, 1184, 1233, 1562, 1569, 1605, 1636, 1688, 1761, 1889, 1916, 2105, 2137, 2146, 2382, 2613, 2662, 2776, 2787, 2842, 2851, 3061, 3238, 3315, 3414, 3539, 3665, 3680, 3708, 3766, 3934, 3958, 4000, 4008]
logs_monomial/n12_monomial9.txt.bz2.greedyext.20260222_020855.txt

0 172 245 251 533 643 772 799 979 982 1122 1293 1398 1415 1441 1611 1865 1903 2009 2256 2257 2274 2294 2337 2521 2590 2606 2611 2616 2690 2729 2902 2945 3213 3364 3467 3571 3733 3875 3926 3943 3983 4083
Iter#11188440 New set #40000 of size 43 (279.7 its/hit = 0.096s/hit): seed=13583751436829295296 [0, 172, 245, 251, 533, 643, 772, 799, 979, 982, 1122, 1293, 1398, 1415, 1441, 1611, 1865, 1903, 2009, 2256, 2257, 2274, 2294, 2337, 2521, 2590, 2606, 2611, 2616, 2690, 2729, 2902, 2945, 3213, 3364, 3467, 3571, 3733, 3875, 3926, 3943, 3983, 4083]
logs_monomial/n12_monomial9.txt.bz2.greedyext.20260222_020855.txt

0 349 399 583 764 861 897 977 1081 1114 1180 1261 1291 1335 1378 1414 1506 1609 1659 1750 1806 1842 1844 1952 2165 2234 2271 2312 2384 2614 2684 2918 3122 3174 3239 3264 3457 3517 3620 3889 3972 4024 4095
Iter#10984036 New set #40000 of size 43 (274.6 its/hit = 0.093s/hit): seed=16948565721317983086 [0, 349, 399, 583, 764, 861, 897, 977, 1081, 1114, 1180, 1261, 1291, 1335, 1378, 1414, 1506, 1609, 1659, 1750, 1806, 1842, 1844, 1952, 2165, 2234, 2271, 2312, 2384, 2614, 2684, 2918, 3122, 3174, 3239, 3264, 3457, 3517, 3620, 3889, 3972, 4024, 4095]
logs_monomial/n12_monomial9.txt.bz2.greedyext.20260220_220834.txt

0 9 53 89 239 643 662 821 1049 1051 1081 1085 1203 1341 1377 1397 1519 1569 1711 1791 1917 1929 2035 2060 2140 2171 2242 2287 2512 2532 2649 2678 2886 2896 2977 3267 3553 3561 3643 3701 3754 3834 3967
Iter#1139139 New set #4000 of size 43 (284.8 its/hit = 0.097s/hit): seed=736313848355641042 [0, 9, 53, 89, 239, 643, 662, 821, 1049, 1051, 1081, 1085, 1203, 1341, 1377, 1397, 1519, 1569, 1711, 1791, 1917, 1929, 2035, 2060, 2140, 2171, 2242, 2287, 2512, 2532, 2649, 2678, 2886, 2896, 2977, 3267, 3553, 3561, 3643, 3701, 3754, 3834, 3967]
logs_monomial/n12_monomial9.txt.bz2.greedyext.20260220_220834.txt

0 24 25 175 350 370 424 473 654 672 791 950 959 993 1032 1038 1057 1240 1278 1288 1601 1719 1898 2154 2293 2299 2425 2487 2504 2626 2838 2890 2910 3192 3308 3569 3581 3607 3650 3669 3698 3943 4015
Iter#81425 New set #300 of size 43 (271.4 its/hit = 0.110s/hit): seed=5471203067542451121 [0, 24, 25, 175, 350, 370, 424, 473, 654, 672, 791, 950, 959, 993, 1032, 1038, 1057, 1240, 1278, 1288, 1601, 1719, 1898, 2154, 2293, 2299, 2425, 2487, 2504, 2626, 2838, 2890, 2910, 3192, 3308, 3569, 3581, 3607, 3650, 3669, 3698, 3943, 4015]
logs_monomial/n12_monomial9.txt.bz2.greedyext.20260223_084058.txt

0 35 57 60 207 300 384 600 604 859 1086 1128 1202 1326 1359 1569 1643 1802 1815 1992 2136 2283 2392 2555 2656 2713 2755 2920 2979 3107 3200 3252 3305 3462 3498 3577 3600 3784 3820 3861 3867 4019 4024
Iter#1806 New set #10 of size 43 (180.6 its/hit = 0.000s/hit): seed=8624932877469098066 [0, 35, 57, 60, 207, 300, 384, 600, 604, 859, 1086, 1128, 1202, 1326, 1359, 1569, 1643, 1802, 1815, 1992, 2136, 2283, 2392, 2555, 2656, 2713, 2755, 2920, 2979, 3107, 3200, 3252, 3305, 3462, 3498, 3577, 3600, 3784, 3820, 3861, 3867, 4019, 4024]
logs_monomial/n12_monomial9.txt.bz2.greedyext.20260220_220834.txt

0 276 292 313 404 406 473 532 610 639 1083 1239 1429 1431 1475 2038 2254 2269 2363 2442 2464 2506 2528 2597 2660 2801 2803 2832 2865 2961 3160 3391 3497 3501 3508 3736 3762 3800 3823 3824 3826 3847 4070
Iter#116633 New set #400 of size 43 (291.6 its/hit = 0.117s/hit): seed=8066021406730618235 [0, 276, 292, 313, 404, 406, 473, 532, 610, 639, 1083, 1239, 1429, 1431, 1475, 2038, 2254, 2269, 2363, 2442, 2464, 2506, 2528, 2597, 2660, 2801, 2803, 2832, 2865, 2961, 3160, 3391, 3497, 3501, 3508, 3736, 3762, 3800, 3823, 3824, 3826, 3847, 4070]
logs_monomial/n12_monomial9.txt.bz2.greedyext.20260223_084058.txt

0 49 154 465 534 543 610 944 1032 1106 1114 1437 1452 1487 1504 1608 1711 1789 1809 1850 1896 1927 2044 2071 2086 2122 2356 2429 2437 2569 2640 2676 2901 2975 3057 3194 3448 3466 3467 3515 3574 3830 3865
Iter#2760107 New set #10000 of size 43 (276.0 its/hit = 0.094s/hit): seed=2522159608331333665 [0, 49, 154, 465, 534, 543, 610, 944, 1032, 1106, 1114, 1437, 1452, 1487, 1504, 1608, 1711, 1789, 1809, 1850, 1896, 1927, 2044, 2071, 2086, 2122, 2356, 2429, 2437, 2569, 2640, 2676, 2901, 2975, 3057, 3194, 3448, 3466, 3467, 3515, 3574, 3830, 3865]
logs_monomial/n12_monomial9.txt.bz2.greedyext.20260222_020855.txt

0 56 191 209 210 217 313 372 416 653 693 862 964 1048 1056 1121 1166 1224 1407 1535 1549 1685 1709 1726 1730 1770 1947 2205 2257 2367 2422 2485 2779 2810 2814 2833 3033 3238 3341 3380 3756 3829 3937
Iter#25166145 New set #90000 of size 43 (279.6 its/hit = 0.104s/hit): seed=3398903597457890620 [0, 56, 191, 209, 210, 217, 313, 372, 416, 653, 693, 862, 964, 1048, 1056, 1121, 1166, 1224, 1407, 1535, 1549, 1685, 1709, 1726, 1730, 1770, 1947, 2205, 2257, 2367, 2422, 2485, 2779, 2810, 2814, 2833, 3033, 3238, 3341, 3380, 3756, 3829, 3937]
logs_monomial/n12_monomial9.txt.bz2.greedyext.20260222_020855.txt

0 54 56 134 237 319 697 901 997 1009 1046 1052 1082 1103 1130 1276 1310 1320 1412 1441 1899 1963 1980 2036 2260 2382 2490 2500 2630 2681 2765 2889 2898 2943 3360 3423 3537 3562 3671 3681 3698 3996 4025
Iter#3755 New set #10 of size 43 (375.5 its/hit = 0.100s/hit): seed=17480681726998062754 [0, 54, 56, 134, 237, 319, 697, 901, 997, 1009, 1046, 1052, 1082, 1103, 1130, 1276, 1310, 1320, 1412, 1441, 1899, 1963, 1980, 2036, 2260, 2382, 2490, 2500, 2630, 2681, 2765, 2889, 2898, 2943, 3360, 3423, 3537, 3562, 3671, 3681, 3698, 3996, 4025]
logs_monomial/n12_monomial9.txt.bz2.greedyext.20260223_084058.txt

0 28 176 252 259 279 316 367 524 528 667 797 878 880 909 957 1293 1356 1428 1439 1696 1814 1829 1914 2194 2227 2351 2355 2392 2446 2772 2851 2879 2899 3052 3357 3366 3370 3375 3398 3534 3714 3991
Iter#26824 New set #100 of size 43 (268.2 its/hit = 0.100s/hit): seed=3543586322393099795 [0, 28, 176, 252, 259, 279, 316, 367, 524, 528, 667, 797, 878, 880, 909, 957, 1293, 1356, 1428, 1439, 1696, 1814, 1829, 1914, 2194, 2227, 2351, 2355, 2392, 2446, 2772, 2851, 2879, 2899, 3052, 3357, 3366, 3370, 3375, 3398, 3534, 3714, 3991]
logs_monomial/n12_monomial9.txt.bz2.greedyext.20260223_084058.txt

0 227 243 462 475 552 596 791 864 874 1035 1343 1389 1395 1438 1572 1754 1819 1986 2039 2409 2791 2793 2796 2801 2805 2859 3008 3032 3251 3276 3463 3521 3553 3654 3765 3780 3804 3819 3952 4052 4077 4085
Iter#18817 New set #80 of size 43 (235.2 its/hit = 0.075s/hit): seed=14987929212228588497 [0, 227, 243, 462, 475, 552, 596, 791, 864, 874, 1035, 1343, 1389, 1395, 1438, 1572, 1754, 1819, 1986, 2039, 2409, 2791, 2793, 2796, 2801, 2805, 2859, 3008, 3032, 3251, 3276, 3463, 3521, 3553, 3654, 3765, 3780, 3804, 3819, 3952, 4052, 4077, 4085]
logs_monomial/n12_monomial9.txt.bz2.greedyext.20260220_220834.txt

0 275 577 593 615 673 782 825 842 946 1118 1194 1395 1448 1634 1647 1763 1853 1901 1947 2161 2251 2396 2461 2569 2751 2778 2902 2956 3015 3106 3234 3287 3444 3488 3524 3613 3635 3642 3656 3687 3702 3941
Iter#3228 New set #7 of size 43 (461.1 its/hit = 0.143s/hit): seed=1701997687433357985 [0, 275, 577, 593, 615, 673, 782, 825, 842, 946, 1118, 1194, 1395, 1448, 1634, 1647, 1763, 1853, 1901, 1947, 2161, 2251, 2396, 2461, 2569, 2751, 2778, 2902, 2956, 3015, 3106, 3234, 3287, 3444, 3488, 3524, 3613, 3635, 3642, 3656, 3687, 3702, 3941]
logs_monomial/n12_monomial9.txt.bz2.greedyext.20260223_084058.txt

0 30 32 410 778 919 1093 1097 1115 1136 1283 1519 1753 1846 1991 2010 2051 2062 2183 2273 2386 2402 2409 2423 2584 2673 2710 2715 2773 3021 3303 3372 3378 3391 3550 3704 3717 3847 4002 4007 4010 4013 4075
Iter#230732 New set #800 of size 43 (288.4 its/hit = 0.117s/hit): seed=9296374592558903525 [0, 30, 32, 410, 778, 919, 1093, 1097, 1115, 1136, 1283, 1519, 1753, 1846, 1991, 2010, 2051, 2062, 2183, 2273, 2386, 2402, 2409, 2423, 2584, 2673, 2710, 2715, 2773, 3021, 3303, 3372, 3378, 3391, 3550, 3704, 3717, 3847, 4002, 4007, 4010, 4013, 4075]
logs_monomial/n12_monomial9.txt.bz2.greedyext.20260223_084058.txt

0 204 281 355 357 395 425 538 559 688 1082 1191 1398 1481 1500 1550 1683 1791 1905 1945 2190 2321 2444 2577 2781 2834 2853 2896 2932 2962 3000 3026 3064 3166 3198 3200 3242 3264 3284 3306 3394 3498 3944
Iter#12306 New set #50 of size 43 (246.1 its/hit = 0.080s/hit): seed=14489551986790470384 [0, 204, 281, 355, 357, 395, 425, 538, 559, 688, 1082, 1191, 1398, 1481, 1500, 1550, 1683, 1791, 1905, 1945, 2190, 2321, 2444, 2577, 2781, 2834, 2853, 2896, 2932, 2962, 3000, 3026, 3064, 3166, 3198, 3200, 3242, 3264, 3284, 3306, 3394, 3498, 3944]
logs_monomial/n12_monomial9.txt.bz2.greedyext.20260220_220834.txt

0 26 123 173 201 315 368 388 498 553 726 736 786 987 1003 1075 1282 1507 1638 1662 1817 1992 2046 2211 2403 2416 2463 2472 2473 2512 2616 2740 2862 2867 2954 3201 3209 3255 3414 3581 3634 3699 4016
Iter#14935 New set #70 of size 43 (213.4 its/hit = 0.071s/hit): seed=4496599554445516762 [0, 26, 123, 173, 201, 315, 368, 388, 498, 553, 726, 736, 786, 987, 1003, 1075, 1282, 1507, 1638, 1662, 1817, 1992, 2046, 2211, 2403, 2416, 2463, 2472, 2473, 2512, 2616, 2740, 2862, 2867, 2954, 3201, 3209, 3255, 3414, 3581, 3634, 3699, 4016]
logs_monomial/n12_monomial9.txt.bz2.greedyext.20260222_020855.txt

0 68 135 138 151 217 303 317 394 414 418 698 799 850 1231 1351 1496 1638 1675 1717 1756 1858 1860 1926 2069 2186 2246 2328 2443 2480 2597 2944 2974 3075 3183 3312 3609 3639 3785 3812 3860 3927 3976
Iter#2764324 New set #10000 of size 43 (276.4 its/hit = 0.094s/hit): seed=14608121469371090298 [0, 68, 135, 138, 151, 217, 303, 317, 394, 414, 418, 698, 799, 850, 1231, 1351, 1496, 1638, 1675, 1717, 1756, 1858, 1860, 1926, 2069, 2186, 2246, 2328, 2443, 2480, 2597, 2944, 2974, 3075, 3183, 3312, 3609, 3639, 3785, 3812, 3860, 3927, 3976]
logs_monomial/n12_monomial9.txt.bz2.greedyext.20260220_220834.txt

0 205 471 776 792 815 829 905 1073 1174 1259 1476 1532 1558 1563 1630 1804 1851 1933 2208 2294 2359 2540 2546 2570 2591 2664 2718 2874 3009 3062 3256 3334 3503 3611 3629 3643 3656 3738 3895 3935 4053 4066
Iter#24142 New set #100 of size 43 (241.4 its/hit = 0.080s/hit): seed=18186643437837260621 [0, 205, 471, 776, 792, 815, 829, 905, 1073, 1174, 1259, 1476, 1532, 1558, 1563, 1630, 1804, 1851, 1933, 2208, 2294, 2359, 2540, 2546, 2570, 2591, 2664, 2718, 2874, 3009, 3062, 3256, 3334, 3503, 3611, 3629, 3643, 3656, 3738, 3895, 3935, 4053, 4066]
logs_monomial/n12_monomial9.txt.bz2.greedyext.20260220_220834.txt

0 71 240 536 586 609 833 959 1007 1012 1038 1125 1427 1444 1448 1464 1513 1542 1602 1674 1767 1800 1894 1923 2207 2228 2392 2421 2707 2898 2907 2994 3067 3110 3325 3421 3530 3564 3747 3762 3910 3949 4091
Iter#1655159 New set #6000 of size 43 (275.9 its/hit = 0.094s/hit): seed=12708011383248793844 [0, 71, 240, 536, 586, 609, 833, 959, 1007, 1012, 1038, 1125, 1427, 1444, 1448, 1464, 1513, 1542, 1602, 1674, 1767, 1800, 1894, 1923, 2207, 2228, 2392, 2421, 2707, 2898, 2907, 2994, 3067, 3110, 3325, 3421, 3530, 3564, 3747, 3762, 3910, 3949, 4091]
logs_monomial/n12_monomial9.txt.bz2.greedyext.20260222_020855.txt

0 4 79 318 322 426 476 560 667 711 785 806 877 1105 1193 1283 1292 1396 1646 1683 1893 1988 1989 2169 2414 2447 2476 2535 2648 2702 2757 2821 3039 3129 3185 3253 3273 3428 3463 3526 3738 3814 3959
Iter#135854 New set #500 of size 43 (271.7 its/hit = 0.092s/hit): seed=16119226669132646880 [0, 4, 79, 318, 322, 426, 476, 560, 667, 711, 785, 806, 877, 1105, 1193, 1283, 1292, 1396, 1646, 1683, 1893, 1988, 1989, 2169, 2414, 2447, 2476, 2535, 2648, 2702, 2757, 2821, 3039, 3129, 3185, 3253, 3273, 3428, 3463, 3526, 3738, 3814, 3959]
logs_monomial/n12_monomial9.txt.bz2.greedyext.20260220_220834.txt

0 96 147 204 245 346 402 457 741 867 913 972 1081 1139 1174 1288 1389 1473 1663 1815 2073 2084 2161 2209 2222 2230 2638 2786 2962 3013 3015 3033 3111 3124 3232 3317 3609 3722 3862 3907 4048 4076 4079
Iter#1840 New set #10 of size 43 (184.0 its/hit = 0.000s/hit): seed=15851710780587654722 [0, 96, 147, 204, 245, 346, 402, 457, 741, 867, 913, 972, 1081, 1139, 1174, 1288, 1389, 1473, 1663, 1815, 2073, 2084, 2161, 2209, 2222, 2230, 2638, 2786, 2962, 3013, 3015, 3033, 3111, 3124, 3232, 3317, 3609, 3722, 3862, 3907, 4048, 4076, 4079]
logs_monomial/n12_monomial9.txt.bz2.greedyext.20260222_020855.txt

0 30 34 429 483 517 651 664 680 964 1004 1023 1068 1093 1115 1833 2129 2227 2409 2423 2468 2811 2830 2998 3142 3157 3271 3315 3361 3372 3378 3413 3465 3566 3639 3693 3796 3861 3899 3932 3968 3992 4071
Iter#2467 New set #4 of size 43 (616.8 its/hit = 0.000s/hit): seed=6130974875742435278 [0, 30, 34, 429, 483, 517, 651, 664, 680, 964, 1004, 1023, 1068, 1093, 1115, 1833, 2129, 2227, 2409, 2423, 2468, 2811, 2830, 2998, 3142, 3157, 3271, 3315, 3361, 3372, 3378, 3413, 3465, 3566, 3639, 3693, 3796, 3861, 3899, 3932, 3968, 3992, 4071]
logs_monomial/n12_monomial9.txt.bz2.greedyext.20260223_084058.txt

0 102 285 428 587 1005 1041 1053 1246 1466 1500 1522 1628 1700 1919 1968 2158 2209 2227 2247 2554 2743 2784 2816 2987 3001 3023 3052 3063 3150 3276 3344 3355 3436 3453 3454 3479 3686 3700 3802 3864 3921 3969
Iter#1509 New set #7 of size 43 (215.6 its/hit = 0.000s/hit): seed=4885518727806371535 [0, 102, 285, 428, 587, 1005, 1041, 1053, 1246, 1466, 1500, 1522, 1628, 1700, 1919, 1968, 2158, 2209, 2227, 2247, 2554, 2743, 2784, 2816, 2987, 3001, 3023, 3052, 3063, 3150, 3276, 3344, 3355, 3436, 3453, 3454, 3479, 3686, 3700, 3802, 3864, 3921, 3969]
logs_monomial/n12_monomial9.txt.bz2.greedyext.20260222_020855.txt

0 23 165 166 699 792 846 924 1020 1084 1163 1164 1177 1396 1540 1543 1846 1898 1973 2102 2160 2163 2178 2180 2235 2393 2716 2788 2823 2927 2946 2978 3037 3218 3411 3447 3786 3793 3794 3899 3917 3998 4011
Iter#1083 New set #5 of size 43 (216.6 its/hit = 0.000s/hit): seed=9265765667213755672 [0, 23, 165, 166, 699, 792, 846, 924, 1020, 1084, 1163, 1164, 1177, 1396, 1540, 1543, 1846, 1898, 1973, 2102, 2160, 2163, 2178, 2180, 2235, 2393, 2716, 2788, 2823, 2927, 2946, 2978, 3037, 3218, 3411, 3447, 3786, 3793, 3794, 3899, 3917, 3998, 4011]
logs_monomial/n12_monomial9.txt.bz2.greedyext.20260220_220834.txt

0 118 129 310 440 598 628 802 961 984 1221 1459 1481 1515 1528 1643 1708 1724 1753 1902 2195 2310 2332 2340 2672 2812 2909 2961 2985 3161 3223 3242 3332 3388 3616 3737 3771 3787 3919 3964 3977 4017 4094
Iter#394 New set #2 of size 43 (197.0 its/hit = 0.000s/hit): seed=13780685824370260170 [0, 118, 129, 310, 440, 598, 628, 802, 961, 984, 1221, 1459, 1481, 1515, 1528, 1643, 1708, 1724, 1753, 1902, 2195, 2310, 2332, 2340, 2672, 2812, 2909, 2961, 2985, 3161, 3223, 3242, 3332, 3388, 3616, 3737, 3771, 3787, 3919, 3964, 3977, 4017, 4094]
logs_monomial/n12_monomial9.txt.bz2.greedyext.20260222_020855.txt

0 17 38 205 521 555 597 661 747 780 859 888 907 970 988 1019 1343 1396 1623 1633 1638 1818 1900 2007 2179 2501 2829 2832 2845 2906 2915 2954 2979 3037 3052 3082 3232 3271 3482 3648 3697 3768 3780
Iter#255757 New set #900 of size 43 (284.2 its/hit = 0.116s/hit): seed=14730550432789000003 [0, 17, 38, 205, 521, 555, 597, 661, 747, 780, 859, 888, 907, 970, 988, 1019, 1343, 1396, 1623, 1633, 1638, 1818, 1900, 2007, 2179, 2501, 2829, 2832, 2845, 2906, 2915, 2954, 2979, 3037, 3052, 3082, 3232, 3271, 3482, 3648, 3697, 3768, 3780]
logs_monomial/n12_monomial9.txt.bz2.greedyext.20260223_084058.txt

0 40 230 366 446 469 487 765 805 866 1105 1113 1206 1214 1289 1452 1683 1843 1986 2067 2075 2224 2292 2300 2412 2498 2720 2745 2812 2851 2884 2980 2990 3290 3471 3475 3608 3612 3659 3776 3825 3859 3901
Iter#27833782 New set #100000 of size 43 (278.3 its/hit = 0.112s/hit): seed=948554699970987867 [0, 40, 230, 366, 446, 469, 487, 765, 805, 866, 1105, 1113, 1206, 1214, 1289, 1452, 1683, 1843, 1986, 2067, 2075, 2224, 2292, 2300, 2412, 2498, 2720, 2745, 2812, 2851, 2884, 2980, 2990, 3290, 3471, 3475, 3608, 3612, 3659, 3776, 3825, 3859, 3901]
logs_monomial/n12_monomial9.txt.bz2.greedyext.20260223_084058.txt

0 42 45 196 265 292 329 423 442 881 954 978 1054 1072 1279 1370 1388 1564 1688 1717 1763 1778 1886 1919 1937 1980 2041 2062 2127 2176 2228 2428 2687 2803 2849 2945 2956 3044 3054 3156 3743 4007 4047
Iter#814962 New set #3000 of size 43 (271.7 its/hit = 0.093s/hit): seed=15315759228479460875 [0, 42, 45, 196, 265, 292, 329, 423, 442, 881, 954, 978, 1054, 1072, 1279, 1370, 1388, 1564, 1688, 1717, 1763, 1778, 1886, 1919, 1937, 1980, 2041, 2062, 2127, 2176, 2228, 2428, 2687, 2803, 2849, 2945, 2956, 3044, 3054, 3156, 3743, 4007, 4047]
logs_monomial/n12_monomial9.txt.bz2.greedyext.20260222_020855.txt

0 187 322 414 496 532 558 646 1135 1176 1186 1237 1290 1294 1431 1536 1660 1716 1829 2005 2143 2195 2359 2366 2515 2692 2727 2752 2817 3039 3045 3177 3195 3407 3411 3422 3433 3499 3698 3871 3888 3961 3997
Iter#823702 New set #3000 of size 43 (274.6 its/hit = 0.111s/hit): seed=9624968970302817093 [0, 187, 322, 414, 496, 532, 558, 646, 1135, 1176, 1186, 1237, 1290, 1294, 1431, 1536, 1660, 1716, 1829, 2005, 2143, 2195, 2359, 2366, 2515, 2692, 2727, 2752, 2817, 3039, 3045, 3177, 3195, 3407, 3411, 3422, 3433, 3499, 3698, 3871, 3888, 3961, 3997]
logs_monomial/n12_monomial9.txt.bz2.greedyext.20260223_084058.txt

0 128 205 279 366 569 634 810 849 956 1150 1171 1311 1401 1411 1608 1818 1923 1982 2007 2119 2349 2538 2676 2781 2832 3001 3037 3069 3082 3091 3126 3135 3183 3270 3271 3282 3339 3490 3513 3817 3937 3972
Iter#3527 New set #9 of size 43 (391.9 its/hit = 0.111s/hit): seed=4301585271857433801 [0, 128, 205, 279, 366, 569, 634, 810, 849, 956, 1150, 1171, 1311, 1401, 1411, 1608, 1818, 1923, 1982, 2007, 2119, 2349, 2538, 2676, 2781, 2832, 3001, 3037, 3069, 3082, 3091, 3126, 3135, 3183, 3270, 3271, 3282, 3339, 3490, 3513, 3817, 3937, 3972]
logs_monomial/n12_monomial9.txt.bz2.greedyext.20260223_084058.txt

0 50 280 423 450 487 497 724 948 998 1092 1181 1228 1242 1264 1287 1413 1553 1763 1936 2124 2215 2303 2311 2321 2374 2401 2413 2495 2519 2544 2942 2968 3049 3101 3116 3130 3212 3243 3362 3625 3884 4078
Iter#1112260 New set #4000 of size 43 (278.1 its/hit = 0.112s/hit): seed=7956679980802923167 [0, 50, 280, 423, 450, 487, 497, 724, 948, 998, 1092, 1181, 1228, 1242, 1264, 1287, 1413, 1553, 1763, 1936, 2124, 2215, 2303, 2311, 2321, 2374, 2401, 2413, 2495, 2519, 2544, 2942, 2968, 3049, 3101, 3116, 3130, 3212, 3243, 3362, 3625, 3884, 4078]
logs_monomial/n12_monomial9.txt.bz2.greedyext.20260223_084058.txt

0 3 79 269 424 425 829 959 966 1009 1073 1211 1242 1254 1329 1418 1428 1439 1491 1523 1726 1804 1938 2035 2130 2339 2359 2370 2570 2630 2667 2675 2735 3135 3142 3334 3357 3638 3643 3731 3909 3990 4058
Iter#165642 New set #600 of size 43 (276.1 its/hit = 0.093s/hit): seed=17503469212828003649 [0, 3, 79, 269, 424, 425, 829, 959, 966, 1009, 1073, 1211, 1242, 1254, 1329, 1418, 1428, 1439, 1491, 1523, 1726, 1804, 1938, 2035, 2130, 2339, 2359, 2370, 2570, 2630, 2667, 2675, 2735, 3135, 3142, 3334, 3357, 3638, 3643, 3731, 3909, 3990, 4058]
logs_monomial/n12_monomial9.txt.bz2.greedyext.20260220_220834.txt

0 239 242 270 305 333 520 621 684 792 862 906 1193 1291 1357 1640 1665 1686 2033 2085 2125 2147 2275 2284 2456 2755 2862 2913 2914 2921 2929 3144 3169 3286 3560 3638 3682 3696 3717 3739 3879 3883 3915
Iter#1553 New set #7 of size 43 (221.9 its/hit = 0.000s/hit): seed=8377075213850486029 [0, 239, 242, 270, 305, 333, 520, 621, 684, 792, 862, 906, 1193, 1291, 1357, 1640, 1665, 1686, 2033, 2085, 2125, 2147, 2275, 2284, 2456, 2755, 2862, 2913, 2914, 2921, 2929, 3144, 3169, 3286, 3560, 3638, 3682, 3696, 3717, 3739, 3879, 3883, 3915]
logs_monomial/n12_monomial9.txt.bz2.greedyext.20260220_220834.txt

0 3 197 246 433 469 586 749 769 775 823 1012 1053 1124 1309 1437 1612 1623 1835 2047 2127 2146 2374 2411 2462 2665 2716 2849 2883 2953 3037 3399 3446 3491 3530 3799 3834 3900 3905 4062 4066 4081 4083
Iter#348 New set #2 of size 43 (174.0 its/hit = 0.000s/hit): seed=16672126602606155132 [0, 3, 197, 246, 433, 469, 586, 749, 769, 775, 823, 1012, 1053, 1124, 1309, 1437, 1612, 1623, 1835, 2047, 2127, 2146, 2374, 2411, 2462, 2665, 2716, 2849, 2883, 2953, 3037, 3399, 3446, 3491, 3530, 3799, 3834, 3900, 3905, 4062, 4066, 4081, 4083]
logs_monomial/n12_monomial9.txt.bz2.greedyext.20260220_220834.txt

0 149 161 222 312 419 433 571 582 765 973 979 1124 1166 1210 1329 1617 1840 2020 2051 2129 2310 2313 2386 2519 2522 2648 2753 2776 2792 2805 3103 3161 3437 3457 3507 3757 3802 3822 3878 3905 3946 4051
Iter#2801187 New set #10000 of size 43 (280.1 its/hit = 0.113s/hit): seed=217659940121957059 [0, 149, 161, 222, 312, 419, 433, 571, 582, 765, 973, 979, 1124, 1166, 1210, 1329, 1617, 1840, 2020, 2051, 2129, 2310, 2313, 2386, 2519, 2522, 2648, 2753, 2776, 2792, 2805, 3103, 3161, 3437, 3457, 3507, 3757, 3802, 3822, 3878, 3905, 3946, 4051]
logs_monomial/n12_monomial9.txt.bz2.greedyext.20260223_084058.txt

0 12 47 221 299 316 389 430 662 685 913 920 1045 1189 1274 1285 1313 1321 1691 1720 1891 1924 1995 2110 2263 2289 2434 2595 2899 2922 2928 3237 3321 3358 3454 3524 3559 3732 3815 3843 3900 3908 4071
Iter#154704 New set #600 of size 43 (257.8 its/hit = 0.088s/hit): seed=10439249011958231048 [0, 12, 47, 221, 299, 316, 389, 430, 662, 685, 913, 920, 1045, 1189, 1274, 1285, 1313, 1321, 1691, 1720, 1891, 1924, 1995, 2110, 2263, 2289, 2434, 2595, 2899, 2922, 2928, 3237, 3321, 3358, 3454, 3524, 3559, 3732, 3815, 3843, 3900, 3908, 4071]
logs_monomial/n12_monomial9.txt.bz2.greedyext.20260222_020855.txt

0 9 163 280 333 389 396 446 564 697 701 822 849 875 1297 1363 1372 1394 1501 1511 1597 1703 1900 2004 2066 2180 2414 2486 2707 2714 2720 2838 2847 3094 3116 3312 3413 3440 3519 3704 3716 3731 3915
Iter#8328541 New set #30000 of size 43 (277.6 its/hit = 0.112s/hit): seed=9784736557625305041 [0, 9, 163, 280, 333, 389, 396, 446, 564, 697, 701, 822, 849, 875, 1297, 1363, 1372, 1394, 1501, 1511, 1597, 1703, 1900, 2004, 2066, 2180, 2414, 2486, 2707, 2714, 2720, 2838, 2847, 3094, 3116, 3312, 3413, 3440, 3519, 3704, 3716, 3731, 3915]
logs_monomial/n12_monomial9.txt.bz2.greedyext.20260223_084058.txt

0 168 204 272 277 416 563 669 821 979 1116 1170 1183 1494 1582 1695 1804 1807 1867 2039 2096 2174 2397 2421 2457 2537 2582 2601 2633 2678 2792 2820 2974 3053 3089 3151 3393 3407 3725 3762 3794 3821 3851
Iter#9290 New set #40 of size 43 (232.2 its/hit = 0.075s/hit): seed=447603244753249201 [0, 168, 204, 272, 277, 416, 563, 669, 821, 979, 1116, 1170, 1183, 1494, 1582, 1695, 1804, 1807, 1867, 2039, 2096, 2174, 2397, 2421, 2457, 2537, 2582, 2601, 2633, 2678, 2792, 2820, 2974, 3053, 3089, 3151, 3393, 3407, 3725, 3762, 3794, 3821, 3851]
logs_monomial/n12_monomial9.txt.bz2.greedyext.20260222_020855.txt

0 8 42 120 321 360 406 415 427 480 517 649 687 706 1173 1193 1237 1298 1317 1378 1531 1533 1616 1850 2051 2104 2120 2198 2336 2765 2849 2922 3035 3116 3255 3293 3314 3362 3410 3447 3509 3634 3812
Iter#24808 New set #90 of size 43 (275.6 its/hit = 0.111s/hit): seed=78863521993844351 [0, 8, 42, 120, 321, 360, 406, 415, 427, 480, 517, 649, 687, 706, 1173, 1193, 1237, 1298, 1317, 1378, 1531, 1533, 1616, 1850, 2051, 2104, 2120, 2198, 2336, 2765, 2849, 2922, 3035, 3116, 3255, 3293, 3314, 3362, 3410, 3447, 3509, 3634, 3812]
logs_monomial/n12_monomial9.txt.bz2.greedyext.20260223_084058.txt

0 163 164 444 449 492 551 591 771 998 1113 1210 1318 1363 1445 1532 1641 1673 1689 1863 1879 1980 1996 1997 2214 2463 2633 2799 2932 3056 3097 3101 3270 3281 3344 3427 3814 3830 3880 3895 3896 3923 4073
Iter#5846 New set #30 of size 43 (194.9 its/hit = 0.033s/hit): seed=17224635414915714846 [0, 163, 164, 444, 449, 492, 551, 591, 771, 998, 1113, 1210, 1318, 1363, 1445, 1532, 1641, 1673, 1689, 1863, 1879, 1980, 1996, 1997, 2214, 2463, 2633, 2799, 2932, 3056, 3097, 3101, 3270, 3281, 3344, 3427, 3814, 3830, 3880, 3895, 3896, 3923, 4073]
logs_monomial/n12_monomial9.txt.bz2.greedyext.20260220_220834.txt

0 99 145 187 209 210 246 251 267 287 335 439 585 591 703 968 1041 1090 1366 1440 1584 1823 1923 1961 1977 1987 2025 2094 2202 2274 2330 2378 2551 2842 2865 3259 3396 3772 3788 3856 3861 4028 4076
Iter#258851 New set #900 of size 43 (287.6 its/hit = 0.097s/hit): seed=5310729901293677903 [0, 99, 145, 187, 209, 210, 246, 251, 267, 287, 335, 439, 585, 591, 703, 968, 1041, 1090, 1366, 1440, 1584, 1823, 1923, 1961, 1977, 1987, 2025, 2094, 2202, 2274, 2330, 2378, 2551, 2842, 2865, 3259, 3396, 3772, 3788, 3856, 3861, 4028, 4076]
logs_monomial/n12_monomial9.txt.bz2.greedyext.20260220_220834.txt

0 65 119 212 329 388 418 419 485 492 548 599 1092 1094 1116 1254 1256 1380 1469 1508 1609 1667 1791 1804 2216 2274 2321 2432 2604 2676 2765 2786 2919 2958 3019 3034 3087 3486 3690 3782 3922 3993 4040
Iter#5495198 New set #20000 of size 43 (274.8 its/hit = 0.093s/hit): seed=4936754326840052811 [0, 65, 119, 212, 329, 388, 418, 419, 485, 492, 548, 599, 1092, 1094, 1116, 1254, 1256, 1380, 1469, 1508, 1609, 1667, 1791, 1804, 2216, 2274, 2321, 2432, 2604, 2676, 2765, 2786, 2919, 2958, 3019, 3034, 3087, 3486, 3690, 3782, 3922, 3993, 4040]
logs_monomial/n12_monomial9.txt.bz2.greedyext.20260220_220834.txt

0 23 79 379 414 515 726 739 801 814 888 1011 1161 1185 1223 1345 1384 1521 1522 1674 1697 1761 2033 2232 2288 2432 2593 2612 2624 2742 2852 3119 3164 3340 3408 3487 3638 3676 3686 3743 3846 3852 3878
Iter#748 New set #3 of size 43 (249.3 its/hit = 0.000s/hit): seed=18435135540245444289 [0, 23, 79, 379, 414, 515, 726, 739, 801, 814, 888, 1011, 1161, 1185, 1223, 1345, 1384, 1521, 1522, 1674, 1697, 1761, 2033, 2232, 2288, 2432, 2593, 2612, 2624, 2742, 2852, 3119, 3164, 3340, 3408, 3487, 3638, 3676, 3686, 3743, 3846, 3852, 3878]
logs_monomial/n12_monomial9.txt.bz2.greedyext.20260223_084058.txt

0 35 240 402 563 830 855 879 1137 1218 1395 1468 1709 1788 1830 1919 2109 2237 2345 2447 2607 2643 2686 2906 2935 3020 3023 3095 3275 3302 3416 3493 3522 3567 3569 3599 3668 3743 3886 3890 4028 4070 4077
Iter#21788 New set #80 of size 43 (272.4 its/hit = 0.100s/hit): seed=11499199198486026912 [0, 35, 240, 402, 563, 830, 855, 879, 1137, 1218, 1395, 1468, 1709, 1788, 1830, 1919, 2109, 2237, 2345, 2447, 2607, 2643, 2686, 2906, 2935, 3020, 3023, 3095, 3275, 3302, 3416, 3493, 3522, 3567, 3569, 3599, 3668, 3743, 3886, 3890, 4028, 4070, 4077]
logs_monomial/n12_monomial9.txt.bz2.greedyext.20260223_084058.txt

0 12 206 642 654 684 691 789 801 927 945 1226 1385 1446 1745 1823 1838 1862 2026 2273 2285 2455 2659 2671 2693 2709 2724 2809 2834 2906 3035 3249 3279 3297 3327 3346 3538 3580 3763 3798 3848 3897 3905
Iter#2240370 New set #8000 of size 43 (280.0 its/hit = 0.113s/hit): seed=5301984468447472226 [0, 12, 206, 642, 654, 684, 691, 789, 801, 927, 945, 1226, 1385, 1446, 1745, 1823, 1838, 1862, 2026, 2273, 2285, 2455, 2659, 2671, 2693, 2709, 2724, 2809, 2834, 2906, 3035, 3249, 3279, 3297, 3327, 3346, 3538, 3580, 3763, 3798, 3848, 3897, 3905]
logs_monomial/n12_monomial9.txt.bz2.greedyext.20260223_084058.txt

0 216 473 625 660 723 770 940 1099 1171 1495 1564 1645 1663 1828 1980 2084 2145 2175 2179 2196 2210 2217 2233 2345 2373 2409 2458 2495 2628 2956 3054 3114 3314 3324 3346 3388 3456 3562 3579 3821 3911 3970
Iter#1394463 New set #5000 of size 43 (278.9 its/hit = 0.113s/hit): seed=3999949609382022373 [0, 216, 473, 625, 660, 723, 770, 940, 1099, 1171, 1495, 1564, 1645, 1663, 1828, 1980, 2084, 2145, 2175, 2179, 2196, 2210, 2217, 2233, 2345, 2373, 2409, 2458, 2495, 2628, 2956, 3054, 3114, 3314, 3324, 3346, 3388, 3456, 3562, 3579, 3821, 3911, 3970]
logs_monomial/n12_monomial9.txt.bz2.greedyext.20260223_084058.txt

0 13 66 421 538 616 642 696 755 930 1004 1023 1115 1123 1197 1258 1314 1326 1401 1476 1627 1757 1810 1978 2062 2288 2384 2426 2625 2691 2693 2799 2846 2969 3055 3060 3160 3250 3394 3817 4007 4025 4071
Iter#1951410 New set #7000 of size 43 (278.8 its/hit = 0.113s/hit): seed=13374142123565545252 [0, 13, 66, 421, 538, 616, 642, 696, 755, 930, 1004, 1023, 1115, 1123, 1197, 1258, 1314, 1326, 1401, 1476, 1627, 1757, 1810, 1978, 2062, 2288, 2384, 2426, 2625, 2691, 2693, 2799, 2846, 2969, 3055, 3060, 3160, 3250, 3394, 3817, 4007, 4025, 4071]
logs_monomial/n12_monomial9.txt.bz2.greedyext.20260223_084058.txt

0 76 162 182 263 271 460 574 764 966 1040 1060 1108 1165 1171 1556 1571 1572 1721 1756 1759 1787 1856 2036 2294 2330 2338 2363 2470 2717 2831 2905 2962 3146 3174 3184 3201 3433 3576 3581 3860 3917 3952
Iter#3059 New set #6 of size 43 (509.8 its/hit = 0.167s/hit): seed=1371424214849952728 [0, 76, 162, 182, 263, 271, 460, 574, 764, 966, 1040, 1060, 1108, 1165, 1171, 1556, 1571, 1572, 1721, 1756, 1759, 1787, 1856, 2036, 2294, 2330, 2338, 2363, 2470, 2717, 2831, 2905, 2962, 3146, 3174, 3184, 3201, 3433, 3576, 3581, 3860, 3917, 3952]
logs_monomial/n12_monomial9.txt.bz2.greedyext.20260223_084058.txt

0 57 128 408 465 499 539 673 707 722 1192 1419 1457 1517 1585 1616 1672 1915 1997 2131 2197 2354 2406 2438 2443 2682 2722 2751 2896 3081 3244 3503 3561 3613 3633 3724 3734 3817 3850 3898 3971 4041 4078
Iter#130277 New set #500 of size 43 (260.6 its/hit = 0.088s/hit): seed=10913440948401443341 [0, 57, 128, 408, 465, 499, 539, 673, 707, 722, 1192, 1419, 1457, 1517, 1585, 1616, 1672, 1915, 1997, 2131, 2197, 2354, 2406, 2438, 2443, 2682, 2722, 2751, 2896, 3081, 3244, 3503, 3561, 3613, 3633, 3724, 3734, 3817, 3850, 3898, 3971, 4041, 4078]
logs_monomial/n12_monomial9.txt.bz2.greedyext.20260222_020855.txt

0 52 106 186 203 218 239 318 438 699 763 866 901 938 1024 1104 1239 1372 1379 1383 1394 1606 1770 1950 2287 2292 2300 2506 2528 2639 2685 2912 2929 3291 3421 3444 3735 3784 3801 3833 3909 3995 4044
Iter#1225 New set #6 of size 43 (204.2 its/hit = 0.000s/hit): seed=1109094611766234352 [0, 52, 106, 186, 203, 218, 239, 318, 438, 699, 763, 866, 901, 938, 1024, 1104, 1239, 1372, 1379, 1383, 1394, 1606, 1770, 1950, 2287, 2292, 2300, 2506, 2528, 2639, 2685, 2912, 2929, 3291, 3421, 3444, 3735, 3784, 3801, 3833, 3909, 3995, 4044]
logs_monomial/n12_monomial9.txt.bz2.greedyext.20260220_220834.txt

0 20 118 129 264 293 338 574 585 614 762 772 775 791 1028 1102 1112 1157 1163 1338 1525 1667 1869 1918 2155 2280 2292 2327 2454 2529 2701 2709 2810 3090 3093 3347 3435 3474 3532 3567 3786 3791 4008
Iter#1931035 New set #7000 of size 43 (275.9 its/hit = 0.094s/hit): seed=11544897054893082291 [0, 20, 118, 129, 264, 293, 338, 574, 585, 614, 762, 772, 775, 791, 1028, 1102, 1112, 1157, 1163, 1338, 1525, 1667, 1869, 1918, 2155, 2280, 2292, 2327, 2454, 2529, 2701, 2709, 2810, 3090, 3093, 3347, 3435, 3474, 3532, 3567, 3786, 3791, 4008]
logs_monomial/n12_monomial9.txt.bz2.greedyext.20260222_020855.txt

0 9 155 274 291 313 987 1033 1043 1226 1245 1407 1521 1523 1682 1739 1760 1811 1954 2167 2251 2382 2439 2555 2743 2837 2881 2907 2917 3015 3052 3102 3125 3261 3407 3460 3664 3691 3697 3825 3923 3936 4013
Iter#559213 New set #2000 of size 43 (279.6 its/hit = 0.113s/hit): seed=6032512189862496145 [0, 9, 155, 274, 291, 313, 987, 1033, 1043, 1226, 1245, 1407, 1521, 1523, 1682, 1739, 1760, 1811, 1954, 2167, 2251, 2382, 2439, 2555, 2743, 2837, 2881, 2907, 2917, 3015, 3052, 3102, 3125, 3261, 3407, 3460, 3664, 3691, 3697, 3825, 3923, 3936, 4013]
logs_monomial/n12_monomial9.txt.bz2.greedyext.20260223_084058.txt

0 113 142 175 373 621 737 900 914 992 1156 1414 1461 1527 1678 1720 1740 1798 1812 2278 2283 2473 2583 2712 2765 2793 2890 2980 3006 3172 3240 3280 3457 3507 3523 3547 3635 3733 3770 3832 3836 3870 3951
Iter#49673 New set #200 of size 43 (248.4 its/hit = 0.085s/hit): seed=2632808641496821923 [0, 113, 142, 175, 373, 621, 737, 900, 914, 992, 1156, 1414, 1461, 1527, 1678, 1720, 1740, 1798, 1812, 2278, 2283, 2473, 2583, 2712, 2765, 2793, 2890, 2980, 3006, 3172, 3240, 3280, 3457, 3507, 3523, 3547, 3635, 3733, 3770, 3832, 3836, 3870, 3951]
logs_monomial/n12_monomial9.txt.bz2.greedyext.20260222_020855.txt

0 29 91 192 275 337 373 494 512 667 671 702 741 814 949 1428 1550 1551 1608 1748 1863 1872 2014 2109 2150 2228 2494 2536 2691 2759 2776 2848 2860 2918 2959 3111 3219 3379 3445 3547 3643 3811 3889
Iter#308 New set #2 of size 43 (154.0 its/hit = 0.000s/hit): seed=13702396765479985433 [0, 29, 91, 192, 275, 337, 373, 494, 512, 667, 671, 702, 741, 814, 949, 1428, 1550, 1551, 1608, 1748, 1863, 1872, 2014, 2109, 2150, 2228, 2494, 2536, 2691, 2759, 2776, 2848, 2860, 2918, 2959, 3111, 3219, 3379, 3445, 3547, 3643, 3811, 3889]
logs_monomial/n12_monomial9.txt.bz2.greedyext.20260223_084058.txt

0 66 106 169 243 277 313 353 385 500 502 666 749 753 976 1018 1030 1261 1417 1571 1614 1625 1774 1960 2226 2354 2373 2489 2553 2601 2654 2754 2788 2850 3023 3184 3220 3379 3442 3582 3693 3718 4000
Iter#1670549 New set #6000 of size 43 (278.4 its/hit = 0.113s/hit): seed=10055608919857328570 [0, 66, 106, 169, 243, 277, 313, 353, 385, 500, 502, 666, 749, 753, 976, 1018, 1030, 1261, 1417, 1571, 1614, 1625, 1774, 1960, 2226, 2354, 2373, 2489, 2553, 2601, 2654, 2754, 2788, 2850, 3023, 3184, 3220, 3379, 3442, 3582, 3693, 3718, 4000]
logs_monomial/n12_monomial9.txt.bz2.greedyext.20260223_084058.txt

0 92 108 126 528 877 879 1078 1087 1167 1451 1590 1732 1838 1845 1865 1900 1902 1980 2056 2058 2146 2191 2210 2238 2497 2542 2797 2931 3004 3021 3081 3083 3107 3164 3224 3337 3508 3559 3686 3767 3890 3951
Iter#25019214 New set #90000 of size 43 (278.0 its/hit = 0.112s/hit): seed=12953916479628107964 [0, 92, 108, 126, 528, 877, 879, 1078, 1087, 1167, 1451, 1590, 1732, 1838, 1845, 1865, 1900, 1902, 1980, 2056, 2058, 2146, 2191, 2210, 2238, 2497, 2542, 2797, 2931, 3004, 3021, 3081, 3083, 3107, 3164, 3224, 3337, 3508, 3559, 3686, 3767, 3890, 3951]
logs_monomial/n12_monomial9.txt.bz2.greedyext.20260223_084058.txt

0 109 423 458 546 556 586 624 699 892 1118 1227 1254 1402 1546 1585 1628 1690 1795 1807 1942 2032 2043 2231 2311 2450 2491 2650 2701 2767 2795 2844 2949 3165 3266 3409 3422 3630 3633 3752 3895 3921 4018
Iter#1623 New set #8 of size 43 (202.9 its/hit = 0.000s/hit): seed=11768916748995025522 [0, 109, 423, 458, 546, 556, 586, 624, 699, 892, 1118, 1227, 1254, 1402, 1546, 1585, 1628, 1690, 1795, 1807, 1942, 2032, 2043, 2231, 2311, 2450, 2491, 2650, 2701, 2767, 2795, 2844, 2949, 3165, 3266, 3409, 3422, 3630, 3633, 3752, 3895, 3921, 4018]
logs_monomial/n12_monomial9.txt.bz2.greedyext.20260220_220834.txt

0 138 177 265 303 349 481 657 798 996 1302 1354 1357 1645 1660 1819 1913 1960 2035 2212 2362 2495 2590 2638 2708 2822 2874 3009 3026 3368 3371 3431 3440 3496 3520 3565 3704 3747 3857 3884 3989 4046 4070
Iter#196704 New set #700 of size 43 (281.0 its/hit = 0.094s/hit): seed=1490154709674737531 [0, 138, 177, 265, 303, 349, 481, 657, 798, 996, 1302, 1354, 1357, 1645, 1660, 1819, 1913, 1960, 2035, 2212, 2362, 2495, 2590, 2638, 2708, 2822, 2874, 3009, 3026, 3368, 3371, 3431, 3440, 3496, 3520, 3565, 3704, 3747, 3857, 3884, 3989, 4046, 4070]
logs_monomial/n12_monomial9.txt.bz2.greedyext.20260220_220834.txt

0 70 81 201 393 510 618 669 704 794 836 920 1049 1064 1186 1437 1524 1531 1602 1688 1895 2030 2035 2041 2218 2237 2361 2606 2775 3038 3052 3221 3256 3264 3286 3667 3684 3839 3842 3861 3975 4059 4064
Iter#837053 New set #3000 of size 43 (279.0 its/hit = 0.095s/hit): seed=4935926028436861130 [0, 70, 81, 201, 393, 510, 618, 669, 704, 794, 836, 920, 1049, 1064, 1186, 1437, 1524, 1531, 1602, 1688, 1895, 2030, 2035, 2041, 2218, 2237, 2361, 2606, 2775, 3038, 3052, 3221, 3256, 3264, 3286, 3667, 3684, 3839, 3842, 3861, 3975, 4059, 4064]
logs_monomial/n12_monomial9.txt.bz2.greedyext.20260220_220834.txt

0 5 390 458 538 579 626 631 1071 1091 1192 1205 1422 1498 1564 1749 1850 1939 1978 2026 2086 2099 2161 2268 2284 2286 2391 2435 2449 2452 2700 2757 3025 3043 3046 3456 3471 3506 3514 3658 3690 3725 3775
Iter#2502051 New set #9000 of size 43 (278.0 its/hit = 0.094s/hit): seed=2443952611245009655 [0, 5, 390, 458, 538, 579, 626, 631, 1071, 1091, 1192, 1205, 1422, 1498, 1564, 1749, 1850, 1939, 1978, 2026, 2086, 2099, 2161, 2268, 2284, 2286, 2391, 2435, 2449, 2452, 2700, 2757, 3025, 3043, 3046, 3456, 3471, 3506, 3514, 3658, 3690, 3725, 3775]
logs_monomial/n12_monomial9.txt.bz2.greedyext.20260220_220834.txt

0 16 17 157 273 284 564 681 812 1018 1128 1176 1348 1413 1565 1710 1808 1894 1942 1976 2123 2179 2347 2364 2446 2494 2774 2785 2836 2838 3176 3196 3212 3293 3368 3371 3510 3519 3703 3727 3871 3954 3970
Iter#6317 New set #30 of size 43 (210.6 its/hit = 0.067s/hit): seed=2682655699966998460 [0, 16, 17, 157, 273, 284, 564, 681, 812, 1018, 1128, 1176, 1348, 1413, 1565, 1710, 1808, 1894, 1942, 1976, 2123, 2179, 2347, 2364, 2446, 2494, 2774, 2785, 2836, 2838, 3176, 3196, 3212, 3293, 3368, 3371, 3510, 3519, 3703, 3727, 3871, 3954, 3970]
logs_monomial/n12_monomial9.txt.bz2.greedyext.20260222_020855.txt

0 266 310 389 470 482 489 762 1289 1315 1318 1398 1485 1529 1543 1645 1719 1783 1795 2369 2403 2410 2459 2540 2575 2773 2870 2946 2960 2998 3049 3219 3357 3359 3472 3565 3603 3689 3811 3878 3993 4013 4089
Iter#1725 New set #9 of size 43 (191.7 its/hit = 0.000s/hit): seed=13122145798994295887 [0, 266, 310, 389, 470, 482, 489, 762, 1289, 1315, 1318, 1398, 1485, 1529, 1543, 1645, 1719, 1783, 1795, 2369, 2403, 2410, 2459, 2540, 2575, 2773, 2870, 2946, 2960, 2998, 3049, 3219, 3357, 3359, 3472, 3565, 3603, 3689, 3811, 3878, 3993, 4013, 4089]
logs_monomial/n12_monomial9.txt.bz2.greedyext.20260220_220834.txt

0 181 336 383 453 568 811 900 929 946 1048 1140 1392 1471 1533 1542 1589 1695 1864 1889 2160 2248 2342 2428 2538 2581 2632 2641 2672 2697 2700 2759 2965 3064 3093 3203 3328 3449 3558 3805 3896 4001 4014
Iter#3003 New set #5 of size 43 (600.6 its/hit = 0.200s/hit): seed=16504579358821479009 [0, 181, 336, 383, 453, 568, 811, 900, 929, 946, 1048, 1140, 1392, 1471, 1533, 1542, 1589, 1695, 1864, 1889, 2160, 2248, 2342, 2428, 2538, 2581, 2632, 2641, 2672, 2697, 2700, 2759, 2965, 3064, 3093, 3203, 3328, 3449, 3558, 3805, 3896, 4001, 4014]
logs_monomial/n12_monomial9.txt.bz2.greedyext.20260223_084058.txt

0 29 41 264 303 387 409 432 446 448 743 1061 1107 1111 1140 1148 1193 1203 1218 1253 1732 1833 1856 2073 2112 2198 2239 2319 2342 2345 2647 2656 3041 3044 3067 3257 3303 3389 3493 3580 3787 3793 3993
Iter#16620480 New set #60000 of size 43 (277.0 its/hit = 0.112s/hit): seed=11666846868192868633 [0, 29, 41, 264, 303, 387, 409, 432, 446, 448, 743, 1061, 1107, 1111, 1140, 1148, 1193, 1203, 1218, 1253, 1732, 1833, 1856, 2073, 2112, 2198, 2239, 2319, 2342, 2345, 2647, 2656, 3041, 3044, 3067, 3257, 3303, 3389, 3493, 3580, 3787, 3793, 3993]
logs_monomial/n12_monomial9.txt.bz2.greedyext.20260223_084058.txt

0 55 60 141 241 251 252 285 674 734 863 972 1081 1193 1375 1442 1586 1606 1683 1828 1849 1882 1952 2031 2085 2431 2588 2593 2665 2722 3015 3049 3185 3228 3334 3450 3505 3609 3766 3818 3881 3925 4065
Iter#474 New set #3 of size 43 (158.0 its/hit = 0.000s/hit): seed=16666121726017674209 [0, 55, 60, 141, 241, 251, 252, 285, 674, 734, 863, 972, 1081, 1193, 1375, 1442, 1586, 1606, 1683, 1828, 1849, 1882, 1952, 2031, 2085, 2431, 2588, 2593, 2665, 2722, 3015, 3049, 3185, 3228, 3334, 3450, 3505, 3609, 3766, 3818, 3881, 3925, 4065]
logs_monomial/n12_monomial9.txt.bz2.greedyext.20260222_020855.txt

0 35 360 604 616 651 760 935 1173 1233 1341 1347 1389 1411 1508 1533 1866 1875 1922 2120 2137 2336 2397 2421 2627 2771 2850 3083 3086 3095 3189 3203 3253 3275 3293 3398 3509 3542 3587 3744 3769 3836 3887
Iter#74415 New set #300 of size 43 (248.1 its/hit = 0.083s/hit): seed=7698482466749517880 [0, 35, 360, 604, 616, 651, 760, 935, 1173, 1233, 1341, 1347, 1389, 1411, 1508, 1533, 1866, 1875, 1922, 2120, 2137, 2336, 2397, 2421, 2627, 2771, 2850, 3083, 3086, 3095, 3189, 3203, 3253, 3275, 3293, 3398, 3509, 3542, 3587, 3744, 3769, 3836, 3887]
logs_monomial/n12_monomial9.txt.bz2.greedyext.20260222_020855.txt

0 168 256 362 386 424 703 734 740 841 1035 1088 1106 1128 1719 1833 1857 1890 1912 1936 2141 2279 2468 2475 2755 2837 2863 2905 2944 2993 3083 3157 3235 3296 3339 3403 3481 3491 3560 3713 3780 3786 3975
Iter#242619 New set #900 of size 43 (269.6 its/hit = 0.092s/hit): seed=7537609638376602656 [0, 168, 256, 362, 386, 424, 703, 734, 740, 841, 1035, 1088, 1106, 1128, 1719, 1833, 1857, 1890, 1912, 1936, 2141, 2279, 2468, 2475, 2755, 2837, 2863, 2905, 2944, 2993, 3083, 3157, 3235, 3296, 3339, 3403, 3481, 3491, 3560, 3713, 3780, 3786, 3975]
logs_monomial/n12_monomial9.txt.bz2.greedyext.20260222_020855.txt

0 3 17 74 101 104 371 522 523 630 1152 1448 1464 1465 1474 1503 1810 1897 1959 2109 2127 2174 2175 2210 2244 2308 2641 2987 3002 3219 3304 3319 3352 3454 3486 3534 3587 3602 3640 3651 3968 4044 4045
Iter#1416128 New set #5000 of size 43 (283.2 its/hit = 0.096s/hit): seed=5541775427257729021 [0, 3, 17, 74, 101, 104, 371, 522, 523, 630, 1152, 1448, 1464, 1465, 1474, 1503, 1810, 1897, 1959, 2109, 2127, 2174, 2175, 2210, 2244, 2308, 2641, 2987, 3002, 3219, 3304, 3319, 3352, 3454, 3486, 3534, 3587, 3602, 3640, 3651, 3968, 4044, 4045]
logs_monomial/n12_monomial9.txt.bz2.greedyext.20260220_220834.txt

0 5 29 58 225 288 305 710 775 804 838 859 970 1020 1482 1594 1626 1902 1903 1975 2235 2237 2254 2441 2518 2598 2840 2885 2925 2973 3072 3110 3120 3189 3213 3216 3569 3607 3810 3854 4003 4043 4054
Iter#1954644 New set #7000 of size 43 (279.2 its/hit = 0.095s/hit): seed=14510062859193621863 [0, 5, 29, 58, 225, 288, 305, 710, 775, 804, 838, 859, 970, 1020, 1482, 1594, 1626, 1902, 1903, 1975, 2235, 2237, 2254, 2441, 2518, 2598, 2840, 2885, 2925, 2973, 3072, 3110, 3120, 3189, 3213, 3216, 3569, 3607, 3810, 3854, 4003, 4043, 4054]
logs_monomial/n12_monomial9.txt.bz2.greedyext.20260220_220834.txt

0 120 200 341 349 386 587 737 798 931 963 1009 1060 1075 1131 1318 1375 1407 1418 1477 1613 1650 1990 2003 2191 2240 2337 2414 2522 2582 2595 2756 2766 2961 3044 3245 3390 3425 3496 3585 3594 3889 3967
Iter#21373 New set #90 of size 43 (237.5 its/hit = 0.078s/hit): seed=1117696179636914228 [0, 120, 200, 341, 349, 386, 587, 737, 798, 931, 963, 1009, 1060, 1075, 1131, 1318, 1375, 1407, 1418, 1477, 1613, 1650, 1990, 2003, 2191, 2240, 2337, 2414, 2522, 2582, 2595, 2756, 2766, 2961, 3044, 3245, 3390, 3425, 3496, 3585, 3594, 3889, 3967]
logs_monomial/n12_monomial9.txt.bz2.greedyext.20260220_220834.txt

0 15 43 79 265 363 532 636 770 788 1315 1495 1563 1577 1599 1623 1739 1876 1913 2062 2298 2594 2634 2684 2745 2834 2839 2965 2993 3042 3046 3060 3071 3139 3273 3368 3457 3471 3493 3593 3681 3785 3807
Iter#3988 New set #20 of size 43 (199.4 its/hit = 0.050s/hit): seed=10662815575225176528 [0, 15, 43, 79, 265, 363, 532, 636, 770, 788, 1315, 1495, 1563, 1577, 1599, 1623, 1739, 1876, 1913, 2062, 2298, 2594, 2634, 2684, 2745, 2834, 2839, 2965, 2993, 3042, 3046, 3060, 3071, 3139, 3273, 3368, 3457, 3471, 3493, 3593, 3681, 3785, 3807]
logs_monomial/n12_monomial9.txt.bz2.greedyext.20260222_020855.txt

0 28 75 260 333 425 454 524 528 633 663 665 668 677 884 885 1181 1230 1339 1563 1775 1797 1905 1994 2257 2274 2351 2355 2573 2700 2731 2791 2851 2879 3055 3131 3164 3242 3397 3469 3729 3890 3972
Iter#82357 New set #300 of size 43 (274.5 its/hit = 0.093s/hit): seed=3095882689626763251 [0, 28, 75, 260, 333, 425, 454, 524, 528, 633, 663, 665, 668, 677, 884, 885, 1181, 1230, 1339, 1563, 1775, 1797, 1905, 1994, 2257, 2274, 2351, 2355, 2573, 2700, 2731, 2791, 2851, 2879, 3055, 3131, 3164, 3242, 3397, 3469, 3729, 3890, 3972]
logs_monomial/n12_monomial9.txt.bz2.greedyext.20260220_220834.txt

0 58 104 132 199 430 864 931 1145 1370 1551 1612 1676 1718 1879 1905 2164 2192 2440 2507 2545 2694 2707 2755 2860 3014 3037 3116 3325 3391 3475 3494 3546 3787 3794 3819 3843 3890 3904 3911 3956 3965 4016
Iter#19912 New set #100 of size 43 (199.1 its/hit = 0.060s/hit): seed=13449762876723075850 [0, 58, 104, 132, 199, 430, 864, 931, 1145, 1370, 1551, 1612, 1676, 1718, 1879, 1905, 2164, 2192, 2440, 2507, 2545, 2694, 2707, 2755, 2860, 3014, 3037, 3116, 3325, 3391, 3475, 3494, 3546, 3787, 3794, 3819, 3843, 3890, 3904, 3911, 3956, 3965, 4016]
logs_monomial/n12_monomial9.txt.bz2.greedyext.20260222_020855.txt

0 40 284 409 473 851 890 891 908 920 1128 1231 1248 1539 1577 1631 2052 2151 2238 2260 2399 2578 2653 2709 2807 2889 3107 3167 3177 3191 3295 3378 3423 3429 3491 3508 3527 3672 3711 3748 3852 3876 4056
Iter#180922 New set #700 of size 43 (258.5 its/hit = 0.089s/hit): seed=15903625837751165897 [0, 40, 284, 409, 473, 851, 890, 891, 908, 920, 1128, 1231, 1248, 1539, 1577, 1631, 2052, 2151, 2238, 2260, 2399, 2578, 2653, 2709, 2807, 2889, 3107, 3167, 3177, 3191, 3295, 3378, 3423, 3429, 3491, 3508, 3527, 3672, 3711, 3748, 3852, 3876, 4056]
logs_monomial/n12_monomial9.txt.bz2.greedyext.20260222_020855.txt

1 58 287 463 548 613 640 642 699 815 862 911 1152 1191 1317 1394 1404 1482 1720 1765 1786 1854 1873 2019 2086 2117 2242 2445 2589 2772 2903 2911 3267 3320 3363 3411 3506 3650 3689 3705 3770 3937 3941
Iter#271379 New set #1000 of size 43 (271.4 its/hit = 0.092s/hit): seed=16979052342932839851 [1, 58, 287, 463, 548, 613, 640, 642, 699, 815, 862, 911, 1152, 1191, 1317, 1394, 1404, 1482, 1720, 1765, 1786, 1854, 1873, 2019, 2086, 2117, 2242, 2445, 2589, 2772, 2903, 2911, 3267, 3320, 3363, 3411, 3506, 3650, 3689, 3705, 3770, 3937, 3941]
logs_monomial/n12_monomial9.txt.bz2.greedyext.20260222_020855.txt

0 90 204 340 389 583 616 845 887 934 993 1090 1171 1178 1244 1331 1445 1473 1516 1531 1566 1633 1649 1672 1712 1902 2029 2084 2363 2364 2635 2693 2694 2748 2997 3082 3102 3120 3133 3362 3374 3494 3793
Iter#19572 New set #70 of size 43 (279.6 its/hit = 0.100s/hit): seed=18133591074750859623 [0, 90, 204, 340, 389, 583, 616, 845, 887, 934, 993, 1090, 1171, 1178, 1244, 1331, 1445, 1473, 1516, 1531, 1566, 1633, 1649, 1672, 1712, 1902, 2029, 2084, 2363, 2364, 2635, 2693, 2694, 2748, 2997, 3082, 3102, 3120, 3133, 3362, 3374, 3494, 3793]
logs_monomial/n12_monomial9.txt.bz2.greedyext.20260223_084058.txt

0 60 180 195 239 430 784 997 1049 1254 1477 1485 1568 1586 1647 1909 2191 2198 2262 2410 2453 2666 2672 2794 2802 2993 3049 3152 3255 3281 3299 3407 3474 3504 3552 3668 3743 3829 3912 3918 3996 4021 4022
Iter#595 New set #3 of size 43 (198.3 its/hit = 0.000s/hit): seed=16182438494497013908 [0, 60, 180, 195, 239, 430, 784, 997, 1049, 1254, 1477, 1485, 1568, 1586, 1647, 1909, 2191, 2198, 2262, 2410, 2453, 2666, 2672, 2794, 2802, 2993, 3049, 3152, 3255, 3281, 3299, 3407, 3474, 3504, 3552, 3668, 3743, 3829, 3912, 3918, 3996, 4021, 4022]
logs_monomial/n12_monomial9.txt.bz2.greedyext.20260220_220834.txt

0 100 114 137 337 472 480 516 644 645 761 833 918 962 1056 1104 1130 1142 1251 1268 1339 1458 1622 1676 1839 1902 1988 2162 2295 2355 2356 2557 2912 3115 3274 3368 3586 3588 3606 3766 3908 4032 4084
Iter#8235569 New set #30000 of size 43 (274.5 its/hit = 0.093s/hit): seed=7844346511169405154 [0, 100, 114, 137, 337, 472, 480, 516, 644, 645, 761, 833, 918, 962, 1056, 1104, 1130, 1142, 1251, 1268, 1339, 1458, 1622, 1676, 1839, 1902, 1988, 2162, 2295, 2355, 2356, 2557, 2912, 3115, 3274, 3368, 3586, 3588, 3606, 3766, 3908, 4032, 4084]
logs_monomial/n12_monomial9.txt.bz2.greedyext.20260220_220834.txt

0 70 211 357 622 659 1048 1123 1149 1201 1255 1287 1299 1315 1715 1736 1743 1774 1857 1905 2205 2347 2356 2471 2477 2536 2660 2670 2983 3008 3327 3378 3395 3401 3449 3712 3722 3867 3883 3937 3993 4058 4066
Iter#16244 New set #70 of size 43 (232.1 its/hit = 0.071s/hit): seed=15971676190522345873 [0, 70, 211, 357, 622, 659, 1048, 1123, 1149, 1201, 1255, 1287, 1299, 1315, 1715, 1736, 1743, 1774, 1857, 1905, 2205, 2347, 2356, 2471, 2477, 2536, 2660, 2670, 2983, 3008, 3327, 3378, 3395, 3401, 3449, 3712, 3722, 3867, 3883, 3937, 3993, 4058, 4066]
logs_monomial/n12_monomial9.txt.bz2.greedyext.20260220_220834.txt

0 109 121 125 236 423 458 914 1074 1109 1161 1222 1262 1314 1531 1574 1585 1595 1624 1628 1664 1767 1889 1942 1960 2002 2043 2058 2140 2171 2175 2239 2245 2353 2359 2379 2704 2850 2989 3474 3674 3678 3820
Iter#22233706 New set #80000 of size 43 (277.9 its/hit = 0.112s/hit): seed=1668742405161415640 [0, 109, 121, 125, 236, 423, 458, 914, 1074, 1109, 1161, 1222, 1262, 1314, 1531, 1574, 1585, 1595, 1624, 1628, 1664, 1767, 1889, 1942, 1960, 2002, 2043, 2058, 2140, 2171, 2175, 2239, 2245, 2353, 2359, 2379, 2704, 2850, 2989, 3474, 3674, 3678, 3820]
logs_monomial/n12_monomial9.txt.bz2.greedyext.20260223_084058.txt

0 12 33 183 253 261 296 298 675 801 875 924 1034 1062 1132 1286 1299 1387 1671 1684 1721 1745 1769 1949 1968 2014 2042 2106 2395 2501 2544 2785 2886 2918 2944 3286 3548 3701 3759 3777 3946 3992 4086
Iter#9545 New set #30 of size 43 (318.2 its/hit = 0.100s/hit): seed=15605955194053049257 [0, 12, 33, 183, 253, 261, 296, 298, 675, 801, 875, 924, 1034, 1062, 1132, 1286, 1299, 1387, 1671, 1684, 1721, 1745, 1769, 1949, 1968, 2014, 2042, 2106, 2395, 2501, 2544, 2785, 2886, 2918, 2944, 3286, 3548, 3701, 3759, 3777, 3946, 3992, 4086]
logs_monomial/n12_monomial9.txt.bz2.greedyext.20260223_084058.txt

0 86 155 302 313 437 519 570 603 607 704 765 885 886 1006 1094 1135 1573 1698 1722 1785 1812 1983 2393 2438 2702 2720 2832 2872 2935 3048 3110 3331 3390 3519 3524 3577 3820 3853 3881 3930 3986 4063
Iter#2473641 New set #9000 of size 43 (274.8 its/hit = 0.094s/hit): seed=5664847197479525801 [0, 86, 155, 302, 313, 437, 519, 570, 603, 607, 704, 765, 885, 886, 1006, 1094, 1135, 1573, 1698, 1722, 1785, 1812, 1983, 2393, 2438, 2702, 2720, 2832, 2872, 2935, 3048, 3110, 3331, 3390, 3519, 3524, 3577, 3820, 3853, 3881, 3930, 3986, 4063]
logs_monomial/n12_monomial9.txt.bz2.greedyext.20260222_020855.txt

0 118 140 195 290 291 354 365 412 480 508 798 939 1231 1264 1455 1520 1564 1663 1759 1855 2014 2044 2060 2203 2355 2500 2801 2896 3072 3111 3149 3176 3240 3391 3406 3465 3526 3564 3575 3579 3622 3731
Iter#199248 New set #700 of size 43 (284.6 its/hit = 0.116s/hit): seed=1454976927172362698 [0, 118, 140, 195, 290, 291, 354, 365, 412, 480, 508, 798, 939, 1231, 1264, 1455, 1520, 1564, 1663, 1759, 1855, 2014, 2044, 2060, 2203, 2355, 2500, 2801, 2896, 3072, 3111, 3149, 3176, 3240, 3391, 3406, 3465, 3526, 3564, 3575, 3579, 3622, 3731]
logs_monomial/n12_monomial9.txt.bz2.greedyext.20260223_084058.txt

1 85 215 349 460 511 574 648 658 762 824 1004 1046 1276 1366 1368 1407 1494 1595 1650 1937 1949 2004 2078 2339 2368 2401 2564 2614 2687 2700 2830 2941 2960 3033 3099 3254 3554 3571 3767 3931 3960 4047
Iter#143 New set #1 of size 43 (143.0 its/hit = 0.000s/hit): seed=296814199762232549 [1, 85, 215, 349, 460, 511, 574, 648, 658, 762, 824, 1004, 1046, 1276, 1366, 1368, 1407, 1494, 1595, 1650, 1937, 1949, 2004, 2078, 2339, 2368, 2401, 2564, 2614, 2687, 2700, 2830, 2941, 2960, 3033, 3099, 3254, 3554, 3571, 3767, 3931, 3960, 4047]
logs_monomial/n12_monomial9.txt.bz2.greedyext.20260222_020855.txt

0 21 57 159 218 357 474 499 584 592 691 734 855 887 1016 1020 1036 1145 1178 1552 1720 1779 1825 1975 2008 2029 2041 2364 2522 2524 2530 2635 2720 2751 3064 3226 3437 3494 3545 3631 3768 3770 3793
Iter#3287 New set #8 of size 43 (410.9 its/hit = 0.125s/hit): seed=997687627313205989 [0, 21, 57, 159, 218, 357, 474, 499, 584, 592, 691, 734, 855, 887, 1016, 1020, 1036, 1145, 1178, 1552, 1720, 1779, 1825, 1975, 2008, 2029, 2041, 2364, 2522, 2524, 2530, 2635, 2720, 2751, 3064, 3226, 3437, 3494, 3545, 3631, 3768, 3770, 3793]
logs_monomial/n12_monomial9.txt.bz2.greedyext.20260223_084058.txt

0 371 383 466 575 581 626 661 765 828 1029 1062 1312 1367 1369 1428 1595 1612 1617 1638 1726 1750 2011 2024 2080 2226 2671 2716 2723 2731 2734 2763 2911 3025 3271 3429 3475 3556 3720 3775 3808 3839 4087
Iter#16793930 New set #60000 of size 43 (279.9 its/hit = 0.100s/hit): seed=5171815536215514571 [0, 371, 383, 466, 575, 581, 626, 661, 765, 828, 1029, 1062, 1312, 1367, 1369, 1428, 1595, 1612, 1617, 1638, 1726, 1750, 2011, 2024, 2080, 2226, 2671, 2716, 2723, 2731, 2734, 2763, 2911, 3025, 3271, 3429, 3475, 3556, 3720, 3775, 3808, 3839, 4087]
logs_monomial/n12_monomial9.txt.bz2.greedyext.20260222_020855.txt

0 42 109 406 566 586 614 652 765 815 1035 1111 1283 1317 1343 1451 1473 1518 1536 1710 1798 1799 1850 1985 2152 2211 2356 2525 2609 2619 2673 2813 3030 3047 3253 3465 3509 3515 3622 3958 3963 3980 4016
Iter#168 New set #1 of size 43 (168.0 its/hit = 0.000s/hit): seed=6631619695031525838 [0, 42, 109, 406, 566, 586, 614, 652, 765, 815, 1035, 1111, 1283, 1317, 1343, 1451, 1473, 1518, 1536, 1710, 1798, 1799, 1850, 1985, 2152, 2211, 2356, 2525, 2609, 2619, 2673, 2813, 3030, 3047, 3253, 3465, 3509, 3515, 3622, 3958, 3963, 3980, 4016]
logs_monomial/n12_monomial9.txt.bz2.greedyext.20260223_084058.txt

0 336 411 512 517 572 693 780 795 802 822 824 848 989 1086 1105 1160 1408 1466 1548 1568 1579 1635 1864 2142 2208 2255 2301 2477 2706 2756 2759 2813 2965 2989 3034 3043 3147 3185 3405 3688 3840 4078
Iter#559922 New set #2000 of size 43 (280.0 its/hit = 0.095s/hit): seed=974546721991009245 [0, 336, 411, 512, 517, 572, 693, 780, 795, 802, 822, 824, 848, 989, 1086, 1105, 1160, 1408, 1466, 1548, 1568, 1579, 1635, 1864, 2142, 2208, 2255, 2301, 2477, 2706, 2756, 2759, 2813, 2965, 2989, 3034, 3043, 3147, 3185, 3405, 3688, 3840, 4078]
logs_monomial/n12_monomial9.txt.bz2.greedyext.20260220_220834.txt

0 9 103 116 153 389 396 512 529 611 652 696 884 941 1003 1125 1154 1402 1462 1579 1658 1922 1930 2088 2129 2360 2499 2639 2707 2714 2775 2838 2847 2980 3020 3098 3179 3281 3343 3643 3886 3902 4086
Iter#11133 New set #40 of size 43 (278.3 its/hit = 0.100s/hit): seed=4476773221534437970 [0, 9, 103, 116, 153, 389, 396, 512, 529, 611, 652, 696, 884, 941, 1003, 1125, 1154, 1402, 1462, 1579, 1658, 1922, 1930, 2088, 2129, 2360, 2499, 2639, 2707, 2714, 2775, 2838, 2847, 2980, 3020, 3098, 3179, 3281, 3343, 3643, 3886, 3902, 4086]
logs_monomial/n12_monomial9.txt.bz2.greedyext.20260223_084058.txt

0 338 559 573 585 677 1079 1177 1273 1422 1478 1481 1554 1582 1595 1689 1891 1931 1941 1942 1943 1954 1993 2035 2135 2544 2702 2719 2792 2802 3163 3172 3220 3373 3380 3473 3684 3716 3725 3757 3869 3892 3922
Iter#5558862 New set #20000 of size 43 (277.9 its/hit = 0.113s/hit): seed=6720333454432411300 [0, 338, 559, 573, 585, 677, 1079, 1177, 1273, 1422, 1478, 1481, 1554, 1582, 1595, 1689, 1891, 1931, 1941, 1942, 1943, 1954, 1993, 2035, 2135, 2544, 2702, 2719, 2792, 2802, 3163, 3172, 3220, 3373, 3380, 3473, 3684, 3716, 3725, 3757, 3869, 3892, 3922]
logs_monomial/n12_monomial9.txt.bz2.greedyext.20260223_084058.txt

0 185 239 240 248 323 325 345 473 732 758 769 774 793 925 981 1089 1118 1190 1218 1553 1562 1670 1746 1960 1975 1985 2238 2432 2538 2591 2610 2821 2981 3069 3229 3341 3513 3842 3893 3906 3931 4003
Iter#19573668 New set #70000 of size 43 (279.6 its/hit = 0.101s/hit): seed=11648587907717715037 [0, 185, 239, 240, 248, 323, 325, 345, 473, 732, 758, 769, 774, 793, 925, 981, 1089, 1118, 1190, 1218, 1553, 1562, 1670, 1746, 1960, 1975, 1985, 2238, 2432, 2538, 2591, 2610, 2821, 2981, 3069, 3229, 3341, 3513, 3842, 3893, 3906, 3931, 4003]
logs_monomial/n12_monomial9.txt.bz2.greedyext.20260222_020855.txt

0 240 250 267 425 630 782 788 864 962 963 1022 1096 1235 1322 2026 2068 2087 2104 2118 2143 2179 2276 2308 2438 2503 2605 2609 2646 2698 2703 2797 2842 3037 3050 3277 3643 3802 3832 3864 4024 4059 4084
Iter#1351 New set #6 of size 43 (225.2 its/hit = 0.000s/hit): seed=6336085095080865278 [0, 240, 250, 267, 425, 630, 782, 788, 864, 962, 963, 1022, 1096, 1235, 1322, 2026, 2068, 2087, 2104, 2118, 2143, 2179, 2276, 2308, 2438, 2503, 2605, 2609, 2646, 2698, 2703, 2797, 2842, 3037, 3050, 3277, 3643, 3802, 3832, 3864, 4024, 4059, 4084]
logs_monomial/n12_monomial9.txt.bz2.greedyext.20260222_020855.txt

0 134 225 255 375 386 460 511 527 944 1037 1039 1447 1532 1557 1584 1656 1752 1768 2014 2037 2042 2043 2047 2067 2201 2235 2408 2585 2807 2971 3034 3043 3060 3085 3090 3112 3169 3278 3526 3555 3603 3756
Iter#546291 New set #2000 of size 43 (273.1 its/hit = 0.093s/hit): seed=16796682439274107450 [0, 134, 225, 255, 375, 386, 460, 511, 527, 944, 1037, 1039, 1447, 1532, 1557, 1584, 1656, 1752, 1768, 2014, 2037, 2042, 2043, 2047, 2067, 2201, 2235, 2408, 2585, 2807, 2971, 3034, 3043, 3060, 3085, 3090, 3112, 3169, 3278, 3526, 3555, 3603, 3756]
logs_monomial/n12_monomial9.txt.bz2.greedyext.20260222_020855.txt

0 170 210 366 517 618 722 822 858 1020 1039 1057 1257 1269 1470 1520 1597 1657 1752 1764 1765 1785 1928 1963 2075 2148 2176 2197 2311 2445 2765 2808 2878 3024 3148 3526 3546 3712 3853 3970 4002 4042 4054
Iter#13071 New set #60 of size 43 (217.9 its/hit = 0.067s/hit): seed=7945842515804379839 [0, 170, 210, 366, 517, 618, 722, 822, 858, 1020, 1039, 1057, 1257, 1269, 1470, 1520, 1597, 1657, 1752, 1764, 1765, 1785, 1928, 1963, 2075, 2148, 2176, 2197, 2311, 2445, 2765, 2808, 2878, 3024, 3148, 3526, 3546, 3712, 3853, 3970, 4002, 4042, 4054]
logs_monomial/n12_monomial9.txt.bz2.greedyext.20260222_020855.txt

0 105 235 243 245 309 317 435 450 466 474 676 702 1044 1192 1222 1246 1372 1415 1519 1527 1592 1898 2267 2410 2446 2548 2580 2794 3206 3236 3336 3447 3455 3472 3480 3497 3639 3678 3692 3972 4058 4077
Iter#1689479 New set #6000 of size 43 (281.6 its/hit = 0.095s/hit): seed=16937085977449920150 [0, 105, 235, 243, 245, 309, 317, 435, 450, 466, 474, 676, 702, 1044, 1192, 1222, 1246, 1372, 1415, 1519, 1527, 1592, 1898, 2267, 2410, 2446, 2548, 2580, 2794, 3206, 3236, 3336, 3447, 3455, 3472, 3480, 3497, 3639, 3678, 3692, 3972, 4058, 4077]
logs_monomial/n12_monomial9.txt.bz2.greedyext.20260220_220834.txt

0 10 59 81 90 105 141 372 441 522 537 655 824 928 1057 1066 1094 1121 1210 1604 1684 1783 1890 1988 2211 2232 2330 2489 2500 2737 2746 2777 2819 3082 3108 3143 3187 3555 3697 3777 3786 3808 3956
Iter#101475 New set #400 of size 43 (253.7 its/hit = 0.085s/hit): seed=4941623991790972537 [0, 10, 59, 81, 90, 105, 141, 372, 441, 522, 537, 655, 824, 928, 1057, 1066, 1094, 1121, 1210, 1604, 1684, 1783, 1890, 1988, 2211, 2232, 2330, 2489, 2500, 2737, 2746, 2777, 2819, 3082, 3108, 3143, 3187, 3555, 3697, 3777, 3786, 3808, 3956]
logs_monomial/n12_monomial9.txt.bz2.greedyext.20260222_020855.txt

0 2 38 88 528 586 879 924 990 1053 1182 1265 1492 1623 1655 1739 1778 1887 1953 2097 2157 2324 2378 2411 2553 2754 2836 2849 2854 3308 3378 3432 3446 3448 3570 3722 3839 3872 3881 3900 3962 3998 4015
Iter#171010 New set #600 of size 43 (285.0 its/hit = 0.115s/hit): seed=12741671359557551223 [0, 2, 38, 88, 528, 586, 879, 924, 990, 1053, 1182, 1265, 1492, 1623, 1655, 1739, 1778, 1887, 1953, 2097, 2157, 2324, 2378, 2411, 2553, 2754, 2836, 2849, 2854, 3308, 3378, 3432, 3446, 3448, 3570, 3722, 3839, 3872, 3881, 3900, 3962, 3998, 4015]
logs_monomial/n12_monomial9.txt.bz2.greedyext.20260223_084058.txt

0 24 119 210 325 394 507 599 691 736 793 940 941 973 978 1012 1527 1553 1608 1614 1840 1867 1892 1921 2170 2234 2238 2433 2440 2605 2676 2791 2847 2899 3030 3267 3454 3508 3664 3792 3985 4014 4040
Iter#2524914 New set #9000 of size 43 (280.5 its/hit = 0.114s/hit): seed=2249973514695524670 [0, 24, 119, 210, 325, 394, 507, 599, 691, 736, 793, 940, 941, 973, 978, 1012, 1527, 1553, 1608, 1614, 1840, 1867, 1892, 1921, 2170, 2234, 2238, 2433, 2440, 2605, 2676, 2791, 2847, 2899, 3030, 3267, 3454, 3508, 3664, 3792, 3985, 4014, 4040]
logs_monomial/n12_monomial9.txt.bz2.greedyext.20260223_084058.txt

0 65 98 160 181 225 432 720 816 861 937 1087 1226 1276 1339 1645 1750 1781 1870 2142 2264 2479 2507 2846 2877 2906 2985 3238 3285 3341 3364 3404 3436 3446 3465 3480 3498 3501 3564 3696 3716 4055 4071
Iter#22371649 New set #80000 of size 43 (279.6 its/hit = 0.103s/hit): seed=13241404385927741742 [0, 65, 98, 160, 181, 225, 432, 720, 816, 861, 937, 1087, 1226, 1276, 1339, 1645, 1750, 1781, 1870, 2142, 2264, 2479, 2507, 2846, 2877, 2906, 2985, 3238, 3285, 3341, 3364, 3404, 3436, 3446, 3465, 3480, 3498, 3501, 3564, 3696, 3716, 4055, 4071]
logs_monomial/n12_monomial9.txt.bz2.greedyext.20260222_020855.txt

0 25 200 202 305 338 446 735 770 789 829 861 866 894 1173 1272 1494 1539 1875 1945 1958 1990 2041 2103 2146 2178 2297 2477 2605 2613 2815 2958 2968 3086 3205 3430 3500 3519 3786 3806 3836 3842 3942
Iter#2226963 New set #8000 of size 43 (278.4 its/hit = 0.094s/hit): seed=13620690843035669482 [0, 25, 200, 202, 305, 338, 446, 735, 770, 789, 829, 861, 866, 894, 1173, 1272, 1494, 1539, 1875, 1945, 1958, 1990, 2041, 2103, 2146, 2178, 2297, 2477, 2605, 2613, 2815, 2958, 2968, 3086, 3205, 3430, 3500, 3519, 3786, 3806, 3836, 3842, 3942]
logs_monomial/n12_monomial9.txt.bz2.greedyext.20260220_220834.txt

0 52 162 250 274 394 438 525 548 805 988 993 1052 1110 1185 1439 1474 1562 1612 1780 1828 1850 1975 1998 2051 2181 2227 2605 2965 2991 2995 3042 3157 3435 3453 3543 3822 3834 3939 3955 4020 4048 4050
Iter#8430199 New set #30000 of size 43 (281.0 its/hit = 0.096s/hit): seed=12578576812233911985 [0, 52, 162, 250, 274, 394, 438, 525, 548, 805, 988, 993, 1052, 1110, 1185, 1439, 1474, 1562, 1612, 1780, 1828, 1850, 1975, 1998, 2051, 2181, 2227, 2605, 2965, 2991, 2995, 3042, 3157, 3435, 3453, 3543, 3822, 3834, 3939, 3955, 4020, 4048, 4050]
logs_monomial/n12_monomial9.txt.bz2.greedyext.20260222_020855.txt

0 135 261 410 611 712 943 1022 1079 1120 1253 1330 1469 1526 1583 1596 1645 1695 1748 1820 2052 2094 2116 2158 2516 2554 2563 2638 2750 2799 2891 2971 3093 3166 3205 3379 3705 3862 3885 3895 3900 3926 3964
Iter#53790 New set #200 of size 43 (269.0 its/hit = 0.105s/hit): seed=8406483885061242764 [0, 135, 261, 410, 611, 712, 943, 1022, 1079, 1120, 1253, 1330, 1469, 1526, 1583, 1596, 1645, 1695, 1748, 1820, 2052, 2094, 2116, 2158, 2516, 2554, 2563, 2638, 2750, 2799, 2891, 2971, 3093, 3166, 3205, 3379, 3705, 3862, 3885, 3895, 3900, 3926, 3964]
logs_monomial/n12_monomial9.txt.bz2.greedyext.20260223_084058.txt

0 69 170 231 292 637 644 691 713 875 879 953 979 988 1166 1287 1295 1349 1354 1358 1757 1833 1892 2063 2163 2436 2443 2507 2921 2925 2956 3017 3044 3101 3400 3404 3715 3782 3836 3858 3869 3896 3978
Iter#16632791 New set #60000 of size 43 (277.2 its/hit = 0.094s/hit): seed=2063660605240249054 [0, 69, 170, 231, 292, 637, 644, 691, 713, 875, 879, 953, 979, 988, 1166, 1287, 1295, 1349, 1354, 1358, 1757, 1833, 1892, 2063, 2163, 2436, 2443, 2507, 2921, 2925, 2956, 3017, 3044, 3101, 3400, 3404, 3715, 3782, 3836, 3858, 3869, 3896, 3978]
logs_monomial/n12_monomial9.txt.bz2.greedyext.20260220_220834.txt

0 39 286 380 465 634 715 726 783 949 1043 1154 1432 1590 1593 1684 1733 1788 1864 1962 2077 2096 2157 2324 2341 2361 2368 2378 2541 2573 2606 2645 2747 2859 3198 3456 3532 3589 3717 3752 3980 4001 4054
Iter#17285 New set #60 of size 43 (288.1 its/hit = 0.100s/hit): seed=1941369160834839358 [0, 39, 286, 380, 465, 634, 715, 726, 783, 949, 1043, 1154, 1432, 1590, 1593, 1684, 1733, 1788, 1864, 1962, 2077, 2096, 2157, 2324, 2341, 2361, 2368, 2378, 2541, 2573, 2606, 2645, 2747, 2859, 3198, 3456, 3532, 3589, 3717, 3752, 3980, 4001, 4054]
logs_monomial/n12_monomial9.txt.bz2.greedyext.20260223_084058.txt

0 209 221 352 402 455 528 547 548 614 625 642 692 747 750 754 1302 1347 1435 1479 1512 1696 1730 1781 1845 1865 2020 2112 2334 2430 2547 2591 2762 2828 3058 3082 3316 3432 3467 3598 3715 3772 4052
Iter#14229 New set #60 of size 43 (237.1 its/hit = 0.067s/hit): seed=17426917144800187918 [0, 209, 221, 352, 402, 455, 528, 547, 548, 614, 625, 642, 692, 747, 750, 754, 1302, 1347, 1435, 1479, 1512, 1696, 1730, 1781, 1845, 1865, 2020, 2112, 2334, 2430, 2547, 2591, 2762, 2828, 3058, 3082, 3316, 3432, 3467, 3598, 3715, 3772, 4052]
logs_monomial/n12_monomial9.txt.bz2.greedyext.20260220_220834.txt

0 65 223 237 306 530 729 797 899 955 978 992 1023 1040 1063 1113 1173 1231 1400 1411 1457 1569 1624 1678 1724 1853 1973 2101 2187 2402 2556 2560 2611 2622 2720 2783 3055 3085 3277 3600 3787 3791 3945
Iter#3561 New set #20 of size 43 (178.1 its/hit = 0.050s/hit): seed=25486361329848691 [0, 65, 223, 237, 306, 530, 729, 797, 899, 955, 978, 992, 1023, 1040, 1063, 1113, 1173, 1231, 1400, 1411, 1457, 1569, 1624, 1678, 1724, 1853, 1973, 2101, 2187, 2402, 2556, 2560, 2611, 2622, 2720, 2783, 3055, 3085, 3277, 3600, 3787, 3791, 3945]
logs_monomial/n12_monomial9.txt.bz2.greedyext.20260220_220834.txt

0 35 87 102 138 197 384 679 810 862 1021 1276 1305 1309 1344 1470 1557 1573 1607 1670 1832 1950 2028 2213 2292 2521 2670 2823 2848 2967 3067 3202 3353 3387 3407 3516 3634 3654 3804 3810 3877 3926 4039
Iter#13970556 New set #50000 of size 43 (279.4 its/hit = 0.097s/hit): seed=14810445277638523532 [0, 35, 87, 102, 138, 197, 384, 679, 810, 862, 1021, 1276, 1305, 1309, 1344, 1470, 1557, 1573, 1607, 1670, 1832, 1950, 2028, 2213, 2292, 2521, 2670, 2823, 2848, 2967, 3067, 3202, 3353, 3387, 3407, 3516, 3634, 3654, 3804, 3810, 3877, 3926, 4039]
logs_monomial/n12_monomial9.txt.bz2.greedyext.20260222_020855.txt

0 14 121 208 262 264 351 499 612 764 770 805 1054 1085 1369 1393 1458 1479 1860 1920 2063 2144 2362 2432 2457 2498 2560 2562 2705 2721 3033 3039 3137 3298 3308 3387 3437 3556 3562 3603 3839 3961 4058
Iter#216147 New set #800 of size 43 (270.2 its/hit = 0.092s/hit): seed=10839261106874178306 [0, 14, 121, 208, 262, 264, 351, 499, 612, 764, 770, 805, 1054, 1085, 1369, 1393, 1458, 1479, 1860, 1920, 2063, 2144, 2362, 2432, 2457, 2498, 2560, 2562, 2705, 2721, 3033, 3039, 3137, 3298, 3308, 3387, 3437, 3556, 3562, 3603, 3839, 3961, 4058]
logs_monomial/n12_monomial9.txt.bz2.greedyext.20260222_020855.txt

0 12 196 334 394 453 645 944 1015 1047 1375 1397 1431 1463 1627 1695 1723 1731 1813 1828 1844 1978 2001 2071 2398 2411 2467 2505 2602 2772 2852 2952 3029 3117 3128 3192 3243 3268 3312 3498 3641 3929 4087
Iter#13820669 New set #50000 of size 43 (276.4 its/hit = 0.094s/hit): seed=5390467808552969014 [0, 12, 196, 334, 394, 453, 645, 944, 1015, 1047, 1375, 1397, 1431, 1463, 1627, 1695, 1723, 1731, 1813, 1828, 1844, 1978, 2001, 2071, 2398, 2411, 2467, 2505, 2602, 2772, 2852, 2952, 3029, 3117, 3128, 3192, 3243, 3268, 3312, 3498, 3641, 3929, 4087]
logs_monomial/n12_monomial9.txt.bz2.greedyext.20260220_220834.txt

0 7 87 349 381 510 577 735 900 924 1054 1205 1356 1392 1480 1597 1652 1890 1993 2141 2225 2254 2359 2420 2555 2697 2716 2931 3060 3196 3353 3427 3461 3509 3528 3615 3644 3653 3764 3905 3956 3968 3985
Iter#110182 New set #400 of size 43 (275.5 its/hit = 0.092s/hit): seed=18354214350118284489 [0, 7, 87, 349, 381, 510, 577, 735, 900, 924, 1054, 1205, 1356, 1392, 1480, 1597, 1652, 1890, 1993, 2141, 2225, 2254, 2359, 2420, 2555, 2697, 2716, 2931, 3060, 3196, 3353, 3427, 3461, 3509, 3528, 3615, 3644, 3653, 3764, 3905, 3956, 3968, 3985]
logs_monomial/n12_monomial9.txt.bz2.greedyext.20260220_220834.txt

0 25 62 145 399 430 536 547 555 571 656 708 716 831 1005 1018 1360 1527 1542 1955 2000 2002 2016 2028 2179 2273 2396 2402 2641 2739 2775 2917 3079 3134 3215 3290 3590 3681 3689 3718 3726 3760 3928
Iter#904 New set #4 of size 43 (226.0 its/hit = 0.000s/hit): seed=12209815104891122984 [0, 25, 62, 145, 399, 430, 536, 547, 555, 571, 656, 708, 716, 831, 1005, 1018, 1360, 1527, 1542, 1955, 2000, 2002, 2016, 2028, 2179, 2273, 2396, 2402, 2641, 2739, 2775, 2917, 3079, 3134, 3215, 3290, 3590, 3681, 3689, 3718, 3726, 3760, 3928]
logs_monomial/n12_monomial9.txt.bz2.greedyext.20260222_020855.txt

0 77 211 249 328 473 525 526 532 678 699 763 782 800 854 934 1074 1237 1263 1455 1584 1659 1676 1977 2244 2252 2471 2492 2675 2717 2766 2794 3079 3164 3181 3411 3537 3574 3589 3757 3845 3998 4013
Iter#1762 New set #9 of size 43 (195.8 its/hit = 0.000s/hit): seed=15612259471594044992 [0, 77, 211, 249, 328, 473, 525, 526, 532, 678, 699, 763, 782, 800, 854, 934, 1074, 1237, 1263, 1455, 1584, 1659, 1676, 1977, 2244, 2252, 2471, 2492, 2675, 2717, 2766, 2794, 3079, 3164, 3181, 3411, 3537, 3574, 3589, 3757, 3845, 3998, 4013]
logs_monomial/n12_monomial9.txt.bz2.greedyext.20260222_020855.txt

0 383 537 727 760 879 929 987 1006 1245 1393 1546 1547 1565 1597 1733 1753 1828 1841 1917 1971 2013 2034 2064 2178 2332 2517 2720 2818 2822 2857 2858 2969 3212 3322 3336 3574 3596 3619 3690 3876 3923 4063
Iter#11175 New set #50 of size 43 (223.5 its/hit = 0.060s/hit): seed=10716889655981793511 [0, 383, 537, 727, 760, 879, 929, 987, 1006, 1245, 1393, 1546, 1547, 1565, 1597, 1733, 1753, 1828, 1841, 1917, 1971, 2013, 2034, 2064, 2178, 2332, 2517, 2720, 2818, 2822, 2857, 2858, 2969, 3212, 3322, 3336, 3574, 3596, 3619, 3690, 3876, 3923, 4063]
logs_monomial/n12_monomial9.txt.bz2.greedyext.20260222_020855.txt

0 14 83 341 381 536 672 835 885 994 1121 1123 1149 1257 1336 1364 1377 1574 1653 1838 1847 1856 2045 2055 2122 2143 2177 2258 2373 2407 2431 2519 2654 2755 2891 2923 2927 3175 3282 3472 3695 3751 3828
Iter#1046 New set #5 of size 43 (209.2 its/hit = 0.000s/hit): seed=4786302469489982794 [0, 14, 83, 341, 381, 536, 672, 835, 885, 994, 1121, 1123, 1149, 1257, 1336, 1364, 1377, 1574, 1653, 1838, 1847, 1856, 2045, 2055, 2122, 2143, 2177, 2258, 2373, 2407, 2431, 2519, 2654, 2755, 2891, 2923, 2927, 3175, 3282, 3472, 3695, 3751, 3828]
logs_monomial/n12_monomial9.txt.bz2.greedyext.20260222_020855.txt

0 3 317 407 475 481 496 511 558 568 680 720 812 897 1097 1112 1308 1526 1617 1787 1797 1811 1862 1886 2101 2207 2221 2414 2565 2634 2651 2766 2776 2868 3292 3360 3419 3497 3599 3929 4066 4069 4083
Iter#283187 New set #1000 of size 43 (283.2 its/hit = 0.115s/hit): seed=4781735574094386604 [0, 3, 317, 407, 475, 481, 496, 511, 558, 568, 680, 720, 812, 897, 1097, 1112, 1308, 1526, 1617, 1787, 1797, 1811, 1862, 1886, 2101, 2207, 2221, 2414, 2565, 2634, 2651, 2766, 2776, 2868, 3292, 3360, 3419, 3497, 3599, 3929, 4066, 4069, 4083]
logs_monomial/n12_monomial9.txt.bz2.greedyext.20260223_084058.txt

0 41 55 137 226 338 347 405 435 535 554 760 849 943 1184 1249 1337 1499 1625 1699 1812 1839 2008 2107 2126 2268 2612 2746 2804 2828 2830 2910 3054 3218 3278 3543 3637 3642 3676 3799 3856 3864 3942
Iter#1374067 New set #5000 of size 43 (274.8 its/hit = 0.094s/hit): seed=4206404940717574129 [0, 41, 55, 137, 226, 338, 347, 405, 435, 535, 554, 760, 849, 943, 1184, 1249, 1337, 1499, 1625, 1699, 1812, 1839, 2008, 2107, 2126, 2268, 2612, 2746, 2804, 2828, 2830, 2910, 3054, 3218, 3278, 3543, 3637, 3642, 3676, 3799, 3856, 3864, 3942]
logs_monomial/n12_monomial9.txt.bz2.greedyext.20260222_020855.txt

0 57 149 475 545 751 1042 1215 1332 1432 1602 1616 1749 1826 1973 2024 2138 2345 2378 2551 2583 2593 2693 2728 2747 2771 2856 2928 2981 3065 3176 3296 3525 3573 3659 3706 3767 3778 3821 3866 3981 3987 4022
Iter#10324 New set #40 of size 43 (258.1 its/hit = 0.075s/hit): seed=11110341212747290629 [0, 57, 149, 475, 545, 751, 1042, 1215, 1332, 1432, 1602, 1616, 1749, 1826, 1973, 2024, 2138, 2345, 2378, 2551, 2583, 2593, 2693, 2728, 2747, 2771, 2856, 2928, 2981, 3065, 3176, 3296, 3525, 3573, 3659, 3706, 3767, 3778, 3821, 3866, 3981, 3987, 4022]
logs_monomial/n12_monomial9.txt.bz2.greedyext.20260220_220834.txt

0 258 271 668 681 919 921 922 953 970 1056 1075 1086 1164 1357 1369 1377 1702 1707 1898 1966 1979 2002 2141 2258 2394 2460 2519 2682 2686 2704 2926 3003 3131 3133 3301 3396 3552 3708 3766 3948 4047 4081
Iter#18663 New set #90 of size 43 (207.4 its/hit = 0.067s/hit): seed=12573072090371243118 [0, 258, 271, 668, 681, 919, 921, 922, 953, 970, 1056, 1075, 1086, 1164, 1357, 1369, 1377, 1702, 1707, 1898, 1966, 1979, 2002, 2141, 2258, 2394, 2460, 2519, 2682, 2686, 2704, 2926, 3003, 3131, 3133, 3301, 3396, 3552, 3708, 3766, 3948, 4047, 4081]
logs_monomial/n12_monomial9.txt.bz2.greedyext.20260222_020855.txt

0 56 76 83 512 817 837 868 873 933 954 1250 1257 1277 1316 1364 1436 1488 1649 1803 1812 1896 1985 2325 2382 2407 2569 2626 2629 2662 2905 3197 3199 3360 3412 3563 3625 3633 3677 3779 3930 3989 4057
Iter#11098961 New set #40000 of size 43 (277.5 its/hit = 0.112s/hit): seed=2156645079842991899 [0, 56, 76, 83, 512, 817, 837, 868, 873, 933, 954, 1250, 1257, 1277, 1316, 1364, 1436, 1488, 1649, 1803, 1812, 1896, 1985, 2325, 2382, 2407, 2569, 2626, 2629, 2662, 2905, 3197, 3199, 3360, 3412, 3563, 3625, 3633, 3677, 3779, 3930, 3989, 4057]
logs_monomial/n12_monomial9.txt.bz2.greedyext.20260223_084058.txt

0 39 56 461 540 653 676 693 747 773 815 1014 1048 1056 1342 1443 1465 1500 1522 1571 1637 1685 1708 1709 1930 1993 2014 2198 2201 2241 2268 2359 2397 2407 2535 2677 2721 2842 2899 3626 3690 3979 4014
Iter#53049 New set #200 of size 43 (265.2 its/hit = 0.090s/hit): seed=13936983480086540066 [0, 39, 56, 461, 540, 653, 676, 693, 747, 773, 815, 1014, 1048, 1056, 1342, 1443, 1465, 1500, 1522, 1571, 1637, 1685, 1708, 1709, 1930, 1993, 2014, 2198, 2201, 2241, 2268, 2359, 2397, 2407, 2535, 2677, 2721, 2842, 2899, 3626, 3690, 3979, 4014]
logs_monomial/n12_monomial9.txt.bz2.greedyext.20260220_220834.txt

0 180 198 354 443 467 499 519 525 529 560 714 759 888 1051 1424 1515 1517 1528 1561 1575 1598 1740 1884 2193 2323 2445 2512 2533 2596 2706 2909 3012 3056 3244 3337 3380 3494 3534 3571 3586 3642 3865
Iter#141593 New set #500 of size 43 (283.2 its/hit = 0.114s/hit): seed=11359805468476420905 [0, 180, 198, 354, 443, 467, 499, 519, 525, 529, 560, 714, 759, 888, 1051, 1424, 1515, 1517, 1528, 1561, 1575, 1598, 1740, 1884, 2193, 2323, 2445, 2512, 2533, 2596, 2706, 2909, 3012, 3056, 3244, 3337, 3380, 3494, 3534, 3571, 3586, 3642, 3865]
logs_monomial/n12_monomial9.txt.bz2.greedyext.20260223_084058.txt

0 34 346 382 495 726 838 842 1038 1043 1065 1152 1384 1469 1528 1590 1631 1674 1676 1733 2157 2268 2318 2468 2488 2747 2845 2870 3084 3198 3243 3334 3351 3429 3632 3650 3654 3752 3803 3883 3913 3929 3996
Iter#2200020 New set #8000 of size 43 (275.0 its/hit = 0.094s/hit): seed=15837516768873419213 [0, 34, 346, 382, 495, 726, 838, 842, 1038, 1043, 1065, 1152, 1384, 1469, 1528, 1590, 1631, 1674, 1676, 1733, 2157, 2268, 2318, 2468, 2488, 2747, 2845, 2870, 3084, 3198, 3243, 3334, 3351, 3429, 3632, 3650, 3654, 3752, 3803, 3883, 3913, 3929, 3996]
logs_monomial/n12_monomial9.txt.bz2.greedyext.20260222_020855.txt

0 109 142 196 248 283 303 309 541 623 732 742 816 933 1103 1104 1130 1281 1362 1470 1586 1620 1902 1939 2208 2267 2346 2536 2748 2767 2798 2839 2845 2861 3072 3152 3380 3483 3489 3689 3751 3836 4046
Iter#6330 New set #20 of size 43 (316.5 its/hit = 0.100s/hit): seed=5031053782624335552 [0, 109, 142, 196, 248, 283, 303, 309, 541, 623, 732, 742, 816, 933, 1103, 1104, 1130, 1281, 1362, 1470, 1586, 1620, 1902, 1939, 2208, 2267, 2346, 2536, 2748, 2767, 2798, 2839, 2845, 2861, 3072, 3152, 3380, 3483, 3489, 3689, 3751, 3836, 4046]
logs_monomial/n12_monomial9.txt.bz2.greedyext.20260223_084058.txt

0 187 304 343 815 892 1269 1289 1370 1442 1607 1996 2065 2102 2169 2176 2215 2264 2285 2350 2418 2486 2591 2732 2811 2855 2976 2990 2997 3069 3152 3185 3200 3212 3402 3437 3464 3547 3580 3734 3766 3868 4045
Iter#22 New set #1 of size 43 (22.0 its/hit = 0.000s/hit): seed=14088852015099341139 [0, 187, 304, 343, 815, 892, 1269, 1289, 1370, 1442, 1607, 1996, 2065, 2102, 2169, 2176, 2215, 2264, 2285, 2350, 2418, 2486, 2591, 2732, 2811, 2855, 2976, 2990, 2997, 3069, 3152, 3185, 3200, 3212, 3402, 3437, 3464, 3547, 3580, 3734, 3766, 3868, 4045]
logs_monomial/n12_monomial9.txt.bz2.greedyext.20260220_220834.txt

0 56 92 119 169 200 357 510 639 982 1026 1043 1229 1258 1324 1502 1713 1904 1953 2020 2232 2324 2366 2388 2430 2464 2538 2817 3021 3097 3178 3232 3354 3500 3524 3590 3628 3654 3666 3692 3754 3782 3807
Iter#227938 New set #800 of size 43 (284.9 its/hit = 0.096s/hit): seed=17804642686347867132 [0, 56, 92, 119, 169, 200, 357, 510, 639, 982, 1026, 1043, 1229, 1258, 1324, 1502, 1713, 1904, 1953, 2020, 2232, 2324, 2366, 2388, 2430, 2464, 2538, 2817, 3021, 3097, 3178, 3232, 3354, 3500, 3524, 3590, 3628, 3654, 3666, 3692, 3754, 3782, 3807]
logs_monomial/n12_monomial9.txt.bz2.greedyext.20260220_220834.txt

0 11 32 44 52 216 237 289 533 768 828 863 1150 1158 1300 1413 1540 1745 1839 1986 2113 2193 2220 2235 2257 2299 2393 2475 2573 2747 2853 3037 3219 3255 3287 3490 3734 3950 3963 3971 4009 4035 4073
Iter#1095447 New set #4000 of size 43 (273.9 its/hit = 0.094s/hit): seed=17633027860982032967 [0, 11, 32, 44, 52, 216, 237, 289, 533, 768, 828, 863, 1150, 1158, 1300, 1413, 1540, 1745, 1839, 1986, 2113, 2193, 2220, 2235, 2257, 2299, 2393, 2475, 2573, 2747, 2853, 3037, 3219, 3255, 3287, 3490, 3734, 3950, 3963, 3971, 4009, 4035, 4073]
logs_monomial/n12_monomial9.txt.bz2.greedyext.20260222_020855.txt

0 80 471 511 602 612 653 764 787 811 1105 1416 1462 1487 1678 1825 2093 2137 2476 2554 2664 2712 2713 2729 2769 2803 2822 2872 3063 3140 3191 3279 3284 3306 3386 3544 3546 3621 3685 3796 3915 3984 4026
Iter#1692 New set #8 of size 43 (211.5 its/hit = 0.000s/hit): seed=5502745702302293991 [0, 80, 471, 511, 602, 612, 653, 764, 787, 811, 1105, 1416, 1462, 1487, 1678, 1825, 2093, 2137, 2476, 2554, 2664, 2712, 2713, 2729, 2769, 2803, 2822, 2872, 3063, 3140, 3191, 3279, 3284, 3306, 3386, 3544, 3546, 3621, 3685, 3796, 3915, 3984, 4026]
logs_monomial/n12_monomial9.txt.bz2.greedyext.20260222_020855.txt

