193 268 592 658 685 1122 1309 1513 1519 1589 1647 1704 1741 1921 1938 1991 2127 2152 2281 2360 2538 2686 2808 2812 2944 3177 3224 3289 3545 3608 3610 3863 3925 3930 4082 4094
Iter#2172 New set #1 of size 36 (2172.0 its/hit = 0.000s/hit): seed=973456227403944591 [193, 268, 592, 658, 685, 1122, 1309, 1513, 1519, 1589, 1647, 1704, 1741, 1921, 1938, 1991, 2127, 2152, 2281, 2360, 2538, 2686, 2808, 2812, 2944, 3177, 3224, 3289, 3545, 3608, 3610, 3863, 3925, 3930, 4082, 4094]
logs_monomial/n12_monomial3.txt.bz2.greedyext.20260222_020855.txt

27 276 327 377 472 549 629 787 856 859 1116 1159 1235 1308 1660 1892 1894 1949 2118 2131 2278 2692 3000 3001 3102 3139 3170 3184 3196 3283 3418 3503 3561 3693 3958 4062
Iter#1516520 New set #800 of size 36 (1895.7 its/hit = 0.634s/hit): seed=10226391049971201016 [27, 276, 327, 377, 472, 549, 629, 787, 856, 859, 1116, 1159, 1235, 1308, 1660, 1892, 1894, 1949, 2118, 2131, 2278, 2692, 3000, 3001, 3102, 3139, 3170, 3184, 3196, 3283, 3418, 3503, 3561, 3693, 3958, 4062]
logs_monomial/n12_monomial3.txt.bz2.greedyext.20260220_220834.txt

47 123 210 316 340 399 451 472 752 755 1119 1214 1218 1452 1637 1669 1883 2047 2203 2214 2224 2453 2754 2819 2902 3158 3235 3259 3583 3683 3813 3818 3854 3873 3912 4015
Iter#6132 New set #3 of size 36 (2044.0 its/hit = 0.667s/hit): seed=7094861930635846633 [47, 123, 210, 316, 340, 399, 451, 472, 752, 755, 1119, 1214, 1218, 1452, 1637, 1669, 1883, 2047, 2203, 2214, 2224, 2453, 2754, 2819, 2902, 3158, 3235, 3259, 3583, 3683, 3813, 3818, 3854, 3873, 3912, 4015]
logs_monomial/n12_monomial3.txt.bz2.greedyext.20260222_020855.txt

31 165 650 729 983 987 1115 1157 1187 1352 1373 1435 1512 1593 1618 1910 1965 2109 2472 2567 2634 2671 2786 2875 2915 3024 3043 3318 3342 3345 3489 3565 3670 3684 3826 3858
Iter#98882 New set #50 of size 36 (1977.6 its/hit = 0.680s/hit): seed=2850355777053651028 [31, 165, 650, 729, 983, 987, 1115, 1157, 1187, 1352, 1373, 1435, 1512, 1593, 1618, 1910, 1965, 2109, 2472, 2567, 2634, 2671, 2786, 2875, 2915, 3024, 3043, 3318, 3342, 3345, 3489, 3565, 3670, 3684, 3826, 3858]
logs_monomial/n12_monomial3.txt.bz2.greedyext.20260223_084058.txt

24 450 461 474 517 882 887 902 929 1160 1317 1353 1438 1462 1604 1614 1642 1659 1738 1767 1873 2039 2216 2341 2375 2627 2770 3237 3581 3715 3723 3877 3945 4004 4013 4063
Iter#42072 New set #30 of size 36 (1402.4 its/hit = 0.467s/hit): seed=3248499433197553896 [24, 450, 461, 474, 517, 882, 887, 902, 929, 1160, 1317, 1353, 1438, 1462, 1604, 1614, 1642, 1659, 1738, 1767, 1873, 2039, 2216, 2341, 2375, 2627, 2770, 3237, 3581, 3715, 3723, 3877, 3945, 4004, 4013, 4063]
logs_monomial/n12_monomial3.txt.bz2.greedyext.20260223_084058.txt

64 169 328 387 420 467 480 700 798 803 1045 1133 1204 1241 1353 1428 1515 1644 1891 2219 2238 2475 2550 2598 2768 2810 2837 2954 3054 3220 3329 3507 3635 3697 3750 3762
Iter#189030 New set #100 of size 36 (1890.3 its/hit = 0.650s/hit): seed=16668280716937180086 [64, 169, 328, 387, 420, 467, 480, 700, 798, 803, 1045, 1133, 1204, 1241, 1353, 1428, 1515, 1644, 1891, 2219, 2238, 2475, 2550, 2598, 2768, 2810, 2837, 2954, 3054, 3220, 3329, 3507, 3635, 3697, 3750, 3762]
logs_monomial/n12_monomial3.txt.bz2.greedyext.20260223_084058.txt

88 124 125 311 458 838 911 924 958 1217 1249 1539 1660 1845 1959 2096 2152 2299 2312 2343 2445 2939 2976 3129 3224 3315 3413 3573 3642 3684 3761 3785 3787 3818 4068 4092
Iter#1702318 New set #900 of size 36 (1891.5 its/hit = 0.832s/hit): seed=5858623682989062665 [88, 124, 125, 311, 458, 838, 911, 924, 958, 1217, 1249, 1539, 1660, 1845, 1959, 2096, 2152, 2299, 2312, 2343, 2445, 2939, 2976, 3129, 3224, 3315, 3413, 3573, 3642, 3684, 3761, 3785, 3787, 3818, 4068, 4092]
logs_monomial/n12_monomial3.txt.bz2.greedyext.20260222_020855.txt

109 171 224 363 404 466 690 722 727 894 1058 1083 1104 1189 1311 1417 1492 1730 1941 2405 2420 2455 2516 2639 2812 2830 2986 3071 3124 3165 3193 3200 3828 3883 4054 4072
Iter#1371 New set #1 of size 36 (1371.0 its/hit = 0.000s/hit): seed=2404121092250740466 [109, 171, 224, 363, 404, 466, 690, 722, 727, 894, 1058, 1083, 1104, 1189, 1311, 1417, 1492, 1730, 1941, 2405, 2420, 2455, 2516, 2639, 2812, 2830, 2986, 3071, 3124, 3165, 3193, 3200, 3828, 3883, 4054, 4072]
logs_monomial/n12_monomial3.txt.bz2.greedyext.20260220_220834.txt

173 318 408 495 542 619 845 1254 1441 1497 1673 1682 2102 2173 2184 2200 2226 2295 2332 2389 2401 2422 2729 2740 2835 2884 2934 2948 2982 3165 3243 3544 3549 3742 3769 3916
Iter#4941 New set #3 of size 36 (1647.0 its/hit = 0.333s/hit): seed=10937518525863131575 [173, 318, 408, 495, 542, 619, 845, 1254, 1441, 1497, 1673, 1682, 2102, 2173, 2184, 2200, 2226, 2295, 2332, 2389, 2401, 2422, 2729, 2740, 2835, 2884, 2934, 2948, 2982, 3165, 3243, 3544, 3549, 3742, 3769, 3916]
logs_monomial/n12_monomial3.txt.bz2.greedyext.20260220_220834.txt

6 139 242 304 610 764 974 1091 1347 1385 1387 1440 1509 1546 1694 1702 1810 1979 1996 2061 2143 2168 2403 2540 2570 2679 2930 3185 3397 3579 3654 3675 3678 3821 3981 4006
Iter#14708 New set #7 of size 36 (2101.1 its/hit = 0.714s/hit): seed=10904697845798941029 [6, 139, 242, 304, 610, 764, 974, 1091, 1347, 1385, 1387, 1440, 1509, 1546, 1694, 1702, 1810, 1979, 1996, 2061, 2143, 2168, 2403, 2540, 2570, 2679, 2930, 3185, 3397, 3579, 3654, 3675, 3678, 3821, 3981, 4006]
logs_monomial/n12_monomial3.txt.bz2.greedyext.20260223_084058.txt

25 87 116 190 385 489 575 583 645 814 821 855 962 1077 1210 1303 1530 1765 1930 2011 2116 2145 2370 2423 2424 2510 2850 2936 3153 3161 3339 3346 3504 3648 3998 4038
Iter#600709 New set #300 of size 36 (2002.4 its/hit = 0.693s/hit): seed=14504918428994600967 [25, 87, 116, 190, 385, 489, 575, 583, 645, 814, 821, 855, 962, 1077, 1210, 1303, 1530, 1765, 1930, 2011, 2116, 2145, 2370, 2423, 2424, 2510, 2850, 2936, 3153, 3161, 3339, 3346, 3504, 3648, 3998, 4038]
logs_monomial/n12_monomial3.txt.bz2.greedyext.20260223_084058.txt

53 74 173 332 452 454 607 664 700 753 786 878 1111 1346 1631 1725 1871 1937 2357 2389 2463 2548 2549 2591 2666 2772 2956 3028 3058 3139 3228 3294 3546 3620 3641 4017
Iter#780799 New set #400 of size 36 (1952.0 its/hit = 0.653s/hit): seed=4596221556951285714 [53, 74, 173, 332, 452, 454, 607, 664, 700, 753, 786, 878, 1111, 1346, 1631, 1725, 1871, 1937, 2357, 2389, 2463, 2548, 2549, 2591, 2666, 2772, 2956, 3028, 3058, 3139, 3228, 3294, 3546, 3620, 3641, 4017]
logs_monomial/n12_monomial3.txt.bz2.greedyext.20260220_220834.txt

351 366 657 762 791 1048 1119 1133 1234 1262 1297 1429 1498 1781 1950 2110 2119 2195 2216 2220 2285 2299 2323 2463 2490 2717 2746 2966 3068 3114 3126 3788 3822 3886 3940 3984
Iter#139183 New set #80 of size 36 (1739.8 its/hit = 0.775s/hit): seed=692265391362928361 [351, 366, 657, 762, 791, 1048, 1119, 1133, 1234, 1262, 1297, 1429, 1498, 1781, 1950, 2110, 2119, 2195, 2216, 2220, 2285, 2299, 2323, 2463, 2490, 2717, 2746, 2966, 3068, 3114, 3126, 3788, 3822, 3886, 3940, 3984]
logs_monomial/n12_monomial3.txt.bz2.greedyext.20260222_020855.txt

434 882 1150 1207 1277 1397 1481 1529 1600 1643 1650 1681 1765 1845 1978 2144 2218 2420 2495 2524 2560 2682 2817 2930 2968 3023 3054 3072 3234 3323 3331 3372 3766 3861 3923 3973
Iter#159336 New set #80 of size 36 (1991.7 its/hit = 0.688s/hit): seed=5768041022106935664 [434, 882, 1150, 1207, 1277, 1397, 1481, 1529, 1600, 1643, 1650, 1681, 1765, 1845, 1978, 2144, 2218, 2420, 2495, 2524, 2560, 2682, 2817, 2930, 2968, 3023, 3054, 3072, 3234, 3323, 3331, 3372, 3766, 3861, 3923, 3973]
logs_monomial/n12_monomial3.txt.bz2.greedyext.20260223_084058.txt

101 177 280 321 349 514 526 614 989 1116 1162 1224 1271 1349 1391 1397 1745 1940 1955 1959 2128 2187 2259 2577 2601 2655 2659 2750 2810 3058 3295 3376 3436 3453 3744 4023
Iter#4743 New set #4 of size 36 (1185.8 its/hit = 0.250s/hit): seed=2112349374007864965 [101, 177, 280, 321, 349, 514, 526, 614, 989, 1116, 1162, 1224, 1271, 1349, 1391, 1397, 1745, 1940, 1955, 1959, 2128, 2187, 2259, 2577, 2601, 2655, 2659, 2750, 2810, 3058, 3295, 3376, 3436, 3453, 3744, 4023]
logs_monomial/n12_monomial3.txt.bz2.greedyext.20260223_084058.txt

223 284 374 421 424 632 912 924 993 1097 1236 1326 1498 1833 1957 2049 2157 2299 2469 2570 2714 2744 2872 2903 3022 3132 3147 3306 3382 3416 3617 3621 3679 3707 3781 3989
Iter#17437270 New set #9000 of size 36 (1937.5 its/hit = 0.867s/hit): seed=11509643104222012517 [223, 284, 374, 421, 424, 632, 912, 924, 993, 1097, 1236, 1326, 1498, 1833, 1957, 2049, 2157, 2299, 2469, 2570, 2714, 2744, 2872, 2903, 3022, 3132, 3147, 3306, 3382, 3416, 3617, 3621, 3679, 3707, 3781, 3989]
logs_monomial/n12_monomial3.txt.bz2.greedyext.20260222_020855.txt

71 72 164 203 438 558 569 599 703 792 801 993 1595 1884 1928 1996 2063 2085 2103 2127 2390 2441 2468 2891 2973 3068 3213 3365 3523 3604 3624 3745 3782 4017 4065 4070
Iter#39888192 New set #20000 of size 36 (1994.4 its/hit = 0.690s/hit): seed=10863766287772187608 [71, 72, 164, 203, 438, 558, 569, 599, 703, 792, 801, 993, 1595, 1884, 1928, 1996, 2063, 2085, 2103, 2127, 2390, 2441, 2468, 2891, 2973, 3068, 3213, 3365, 3523, 3604, 3624, 3745, 3782, 4017, 4065, 4070]
logs_monomial/n12_monomial3.txt.bz2.greedyext.20260223_084058.txt

179 462 627 813 920 928 1257 1290 1345 1385 1516 1614 1685 1696 1826 1898 2065 2216 2309 2362 2501 2593 2722 2813 2843 3240 3503 3703 3759 3781 3793 3836 3933 4022 4041 4074
Iter#8122150 New set #4000 of size 36 (2030.5 its/hit = 0.701s/hit): seed=645976247454533455 [179, 462, 627, 813, 920, 928, 1257, 1290, 1345, 1385, 1516, 1614, 1685, 1696, 1826, 1898, 2065, 2216, 2309, 2362, 2501, 2593, 2722, 2813, 2843, 3240, 3503, 3703, 3759, 3781, 3793, 3836, 3933, 4022, 4041, 4074]
logs_monomial/n12_monomial3.txt.bz2.greedyext.20260223_084058.txt

301 338 351 462 703 1145 1157 1245 1422 1565 1609 1707 1859 1984 2160 2197 2294 2465 2568 2644 2671 2861 2883 2942 3251 3380 3413 3584 3615 3752 3784 3792 3814 3991 4028 4073
Iter#49478 New set #30 of size 36 (1649.3 its/hit = 0.733s/hit): seed=1040063871796871982 [301, 338, 351, 462, 703, 1145, 1157, 1245, 1422, 1565, 1609, 1707, 1859, 1984, 2160, 2197, 2294, 2465, 2568, 2644, 2671, 2861, 2883, 2942, 3251, 3380, 3413, 3584, 3615, 3752, 3784, 3792, 3814, 3991, 4028, 4073]
logs_monomial/n12_monomial3.txt.bz2.greedyext.20260222_020855.txt

22 30 275 435 595 615 809 950 1050 1100 1347 1446 1459 1566 1656 1690 1724 1985 2120 2211 2237 2685 2709 3018 3107 3255 3619 3643 3647 3654 3699 3719 3721 3841 3883 3954
Iter#7718637 New set #4000 of size 36 (1929.7 its/hit = 0.857s/hit): seed=16742685150823238075 [22, 30, 275, 435, 595, 615, 809, 950, 1050, 1100, 1347, 1446, 1459, 1566, 1656, 1690, 1724, 1985, 2120, 2211, 2237, 2685, 2709, 3018, 3107, 3255, 3619, 3643, 3647, 3654, 3699, 3719, 3721, 3841, 3883, 3954]
logs_monomial/n12_monomial3.txt.bz2.greedyext.20260222_020855.txt

44 223 346 570 641 710 854 943 1004 1091 1214 1403 1407 1464 1481 1641 1862 1872 1881 2030 2087 2143 2227 2299 2459 2523 2735 3054 3126 3160 3319 3430 3634 3743 4020 4064
Iter#10707 New set #5 of size 36 (2141.4 its/hit = 0.600s/hit): seed=13544868473633795359 [44, 223, 346, 570, 641, 710, 854, 943, 1004, 1091, 1214, 1403, 1407, 1464, 1481, 1641, 1862, 1872, 1881, 2030, 2087, 2143, 2227, 2299, 2459, 2523, 2735, 3054, 3126, 3160, 3319, 3430, 3634, 3743, 4020, 4064]
logs_monomial/n12_monomial3.txt.bz2.greedyext.20260223_084058.txt

217 388 598 904 1024 1079 1202 1246 1490 1673 1798 2076 2104 2292 2299 2357 2404 2414 2415 2417 2492 2526 2661 2673 2733 2811 2917 2935 2993 3157 3169 3358 3717 3721 3882 4009
Iter#8613 New set #6 of size 36 (1435.5 its/hit = 0.333s/hit): seed=5629856153079361878 [217, 388, 598, 904, 1024, 1079, 1202, 1246, 1490, 1673, 1798, 2076, 2104, 2292, 2299, 2357, 2404, 2414, 2415, 2417, 2492, 2526, 2661, 2673, 2733, 2811, 2917, 2935, 2993, 3157, 3169, 3358, 3717, 3721, 3882, 4009]
logs_monomial/n12_monomial3.txt.bz2.greedyext.20260220_220834.txt

24 114 303 339 418 542 646 669 774 782 995 1111 1316 1386 1494 1583 1723 1960 2009 2200 2294 2324 2476 2548 2601 2758 2917 3034 3062 3183 3326 3611 3703 3743 4016 4031
Iter#11754394 New set #6000 of size 36 (1959.1 its/hit = 0.658s/hit): seed=11476015780074012882 [24, 114, 303, 339, 418, 542, 646, 669, 774, 782, 995, 1111, 1316, 1386, 1494, 1583, 1723, 1960, 2009, 2200, 2294, 2324, 2476, 2548, 2601, 2758, 2917, 3034, 3062, 3183, 3326, 3611, 3703, 3743, 4016, 4031]
logs_monomial/n12_monomial3.txt.bz2.greedyext.20260220_220834.txt

69 117 353 511 602 698 949 1086 1229 1291 1354 1535 1591 1660 1785 1841 1894 1913 1949 1953 2010 2226 2315 2335 2377 2512 2730 2900 2908 3159 3181 3393 3463 3589 3654 3900
Iter#317 New set #1 of size 36 (317.0 its/hit = 0.000s/hit): seed=15309246509507699094 [69, 117, 353, 511, 602, 698, 949, 1086, 1229, 1291, 1354, 1535, 1591, 1660, 1785, 1841, 1894, 1913, 1949, 1953, 2010, 2226, 2315, 2335, 2377, 2512, 2730, 2900, 2908, 3159, 3181, 3393, 3463, 3589, 3654, 3900]
logs_monomial/n12_monomial3.txt.bz2.greedyext.20260223_084058.txt

62 69 232 493 750 793 800 802 1070 1125 1166 1169 1292 1298 1625 1810 1949 2116 2244 2302 2515 2627 2862 2942 3079 3122 3225 3252 3266 3309 3403 3530 3691 3725 3897 3997
Iter#3903389 New set #2000 of size 36 (1951.7 its/hit = 0.653s/hit): seed=3727270537373899143 [62, 69, 232, 493, 750, 793, 800, 802, 1070, 1125, 1166, 1169, 1292, 1298, 1625, 1810, 1949, 2116, 2244, 2302, 2515, 2627, 2862, 2942, 3079, 3122, 3225, 3252, 3266, 3309, 3403, 3530, 3691, 3725, 3897, 3997]
logs_monomial/n12_monomial3.txt.bz2.greedyext.20260220_220834.txt

54 139 435 567 602 712 847 1105 1185 1239 1388 1429 1431 1535 1671 1831 2140 2222 2281 2291 2309 2338 2758 2806 2882 2923 2966 3258 3439 3449 3496 3511 3694 3815 3872 3991
Iter#825903 New set #400 of size 36 (2064.8 its/hit = 0.715s/hit): seed=6931258700411103948 [54, 139, 435, 567, 602, 712, 847, 1105, 1185, 1239, 1388, 1429, 1431, 1535, 1671, 1831, 2140, 2222, 2281, 2291, 2309, 2338, 2758, 2806, 2882, 2923, 2966, 3258, 3439, 3449, 3496, 3511, 3694, 3815, 3872, 3991]
logs_monomial/n12_monomial3.txt.bz2.greedyext.20260223_084058.txt

130 331 392 471 782 902 1119 1137 1190 1328 1389 1483 1710 1892 1965 1995 2104 2233 2261 2388 2471 2571 2830 2847 3186 3403 3439 3477 3503 3550 3623 3652 3717 3743 4021 4092
Iter#5874 New set #4 of size 36 (1468.5 its/hit = 0.250s/hit): seed=17167919517045629802 [130, 331, 392, 471, 782, 902, 1119, 1137, 1190, 1328, 1389, 1483, 1710, 1892, 1965, 1995, 2104, 2233, 2261, 2388, 2471, 2571, 2830, 2847, 3186, 3403, 3439, 3477, 3503, 3550, 3623, 3652, 3717, 3743, 4021, 4092]
logs_monomial/n12_monomial3.txt.bz2.greedyext.20260220_220834.txt

11 87 89 168 170 234 341 561 613 769 1003 1104 1400 1632 1648 1651 1701 1801 1876 1956 2021 2212 2510 2780 2821 2843 2891 3011 3160 3203 3272 3485 3654 3723 3783 3830
Iter#2323 New set #2 of size 36 (1161.5 its/hit = 0.000s/hit): seed=71313669775619082 [11, 87, 89, 168, 170, 234, 341, 561, 613, 769, 1003, 1104, 1400, 1632, 1648, 1651, 1701, 1801, 1876, 1956, 2021, 2212, 2510, 2780, 2821, 2843, 2891, 3011, 3160, 3203, 3272, 3485, 3654, 3723, 3783, 3830]
logs_monomial/n12_monomial3.txt.bz2.greedyext.20260223_084058.txt

100 238 429 571 588 766 852 936 1017 1026 1093 1097 1129 1360 1563 1638 1651 1745 1773 2207 2257 2402 2426 2552 2570 2810 2866 2932 3061 3219 3369 3506 3520 3700 3701 3995
Iter#12006626 New set #6000 of size 36 (2001.1 its/hit = 0.692s/hit): seed=5089366053915948865 [100, 238, 429, 571, 588, 766, 852, 936, 1017, 1026, 1093, 1097, 1129, 1360, 1563, 1638, 1651, 1745, 1773, 2207, 2257, 2402, 2426, 2552, 2570, 2810, 2866, 2932, 3061, 3219, 3369, 3506, 3520, 3700, 3701, 3995]
logs_monomial/n12_monomial3.txt.bz2.greedyext.20260223_084058.txt

667 668 879 914 959 1225 1261 1335 1342 1491 1541 1573 1664 1750 1767 1898 1984 2514 2528 2581 2748 2776 2867 2919 3101 3104 3151 3155 3206 3408 3411 3475 3663 3826 3838 3977
Iter#15706501 New set #8000 of size 36 (1963.3 its/hit = 0.660s/hit): seed=2693606368007442040 [667, 668, 879, 914, 959, 1225, 1261, 1335, 1342, 1491, 1541, 1573, 1664, 1750, 1767, 1898, 1984, 2514, 2528, 2581, 2748, 2776, 2867, 2919, 3101, 3104, 3151, 3155, 3206, 3408, 3411, 3475, 3663, 3826, 3838, 3977]
logs_monomial/n12_monomial3.txt.bz2.greedyext.20260220_220834.txt

33 49 50 427 623 689 698 722 828 1199 1382 1408 1503 1620 2137 2248 2406 2412 2534 2637 2810 2827 2851 3002 3032 3039 3081 3212 3348 3680 3744 3768 3783 3884 3907 4032
Iter#20020742 New set #10000 of size 36 (2002.1 its/hit = 0.692s/hit): seed=10344466971420338623 [33, 49, 50, 427, 623, 689, 698, 722, 828, 1199, 1382, 1408, 1503, 1620, 2137, 2248, 2406, 2412, 2534, 2637, 2810, 2827, 2851, 3002, 3032, 3039, 3081, 3212, 3348, 3680, 3744, 3768, 3783, 3884, 3907, 4032]
logs_monomial/n12_monomial3.txt.bz2.greedyext.20260223_084058.txt

213 349 499 534 720 743 899 921 1193 1290 1360 1449 1463 1575 1635 1646 1782 1812 1837 1949 1982 2095 2206 2399 2533 3057 3132 3144 3145 3272 3324 3368 3529 3631 3781 3901
Iter#1885409 New set #1000 of size 36 (1885.4 its/hit = 0.829s/hit): seed=3768462193672745085 [213, 349, 499, 534, 720, 743, 899, 921, 1193, 1290, 1360, 1449, 1463, 1575, 1635, 1646, 1782, 1812, 1837, 1949, 1982, 2095, 2206, 2399, 2533, 3057, 3132, 3144, 3145, 3272, 3324, 3368, 3529, 3631, 3781, 3901]
logs_monomial/n12_monomial3.txt.bz2.greedyext.20260222_020855.txt

8 40 113 162 177 257 321 474 483 723 864 1329 1437 1509 1743 1805 1852 1948 2032 2267 2407 2417 2614 2618 2729 2858 2871 2985 3103 3191 3240 3384 3621 3718 3790 4031
Iter#15278 New set #9 of size 36 (1697.6 its/hit = 0.556s/hit): seed=17285706945245986693 [8, 40, 113, 162, 177, 257, 321, 474, 483, 723, 864, 1329, 1437, 1509, 1743, 1805, 1852, 1948, 2032, 2267, 2407, 2417, 2614, 2618, 2729, 2858, 2871, 2985, 3103, 3191, 3240, 3384, 3621, 3718, 3790, 4031]
logs_monomial/n12_monomial3.txt.bz2.greedyext.20260223_084058.txt

1 56 484 769 882 948 978 997 1023 1064 1140 1288 1308 1379 1533 1581 1847 1865 1903 2087 2163 2247 2430 2585 2760 2767 2950 2985 3025 3041 3174 3360 3369 3473 3490 3872
Iter#183333 New set #100 of size 36 (1833.3 its/hit = 0.610s/hit): seed=15813706999449038245 [1, 56, 484, 769, 882, 948, 978, 997, 1023, 1064, 1140, 1288, 1308, 1379, 1533, 1581, 1847, 1865, 1903, 2087, 2163, 2247, 2430, 2585, 2760, 2767, 2950, 2985, 3025, 3041, 3174, 3360, 3369, 3473, 3490, 3872]
logs_monomial/n12_monomial3.txt.bz2.greedyext.20260220_220834.txt

127 133 420 448 491 546 568 620 649 783 805 830 921 959 1046 1087 1299 1330 1603 1820 2003 2061 2176 2344 2353 2377 2752 2910 3031 3166 3250 3352 3593 3715 3721 3842
Iter#3705 New set #3 of size 36 (1235.0 its/hit = 0.333s/hit): seed=14788750499099905429 [127, 133, 420, 448, 491, 546, 568, 620, 649, 783, 805, 830, 921, 959, 1046, 1087, 1299, 1330, 1603, 1820, 2003, 2061, 2176, 2344, 2353, 2377, 2752, 2910, 3031, 3166, 3250, 3352, 3593, 3715, 3721, 3842]
logs_monomial/n12_monomial3.txt.bz2.greedyext.20260223_084058.txt

13 63 114 264 355 442 672 685 784 887 950 1192 1255 1271 1496 1527 1665 1703 1761 1853 2030 2095 2513 2612 2751 2798 2998 3035 3085 3094 3668 3821 3833 3868 4007 4029
Iter#16620 New set #10 of size 36 (1662.0 its/hit = 0.500s/hit): seed=1930428310359079015 [13, 63, 114, 264, 355, 442, 672, 685, 784, 887, 950, 1192, 1255, 1271, 1496, 1527, 1665, 1703, 1761, 1853, 2030, 2095, 2513, 2612, 2751, 2798, 2998, 3035, 3085, 3094, 3668, 3821, 3833, 3868, 4007, 4029]
logs_monomial/n12_monomial3.txt.bz2.greedyext.20260223_084058.txt

51 192 306 393 488 507 548 669 761 814 885 1017 1088 1129 1244 1513 1585 1587 1597 1714 1733 1762 1925 1952 2248 2560 3253 3300 3491 3684 3788 3811 3830 3865 3891 4013
Iter#367584 New set #200 of size 36 (1837.9 its/hit = 0.810s/hit): seed=7548045171269502026 [51, 192, 306, 393, 488, 507, 548, 669, 761, 814, 885, 1017, 1088, 1129, 1244, 1513, 1585, 1587, 1597, 1714, 1733, 1762, 1925, 1952, 2248, 2560, 3253, 3300, 3491, 3684, 3788, 3811, 3830, 3865, 3891, 4013]
logs_monomial/n12_monomial3.txt.bz2.greedyext.20260222_020855.txt

27 367 641 782 824 932 1051 1065 1169 1246 1378 1392 1443 1552 1623 1955 2010 2022 2169 2256 2350 2410 2816 2879 2882 2909 3327 3331 3477 3558 3610 3650 3809 3865 3870 4058
Iter#41988 New set #30 of size 36 (1399.6 its/hit = 0.467s/hit): seed=12749440575004973299 [27, 367, 641, 782, 824, 932, 1051, 1065, 1169, 1246, 1378, 1392, 1443, 1552, 1623, 1955, 2010, 2022, 2169, 2256, 2350, 2410, 2816, 2879, 2882, 2909, 3327, 3331, 3477, 3558, 3610, 3650, 3809, 3865, 3870, 4058]
logs_monomial/n12_monomial3.txt.bz2.greedyext.20260220_220834.txt

106 147 190 227 483 565 687 715 909 1028 1286 1412 1460 1479 1501 1734 1956 1972 2079 2139 2379 2390 2401 2458 2787 2951 3024 3414 3480 3487 3497 3549 3758 3776 3957 4055
Iter#11632263 New set #6000 of size 36 (1938.7 its/hit = 0.865s/hit): seed=6041711061238692150 [106, 147, 190, 227, 483, 565, 687, 715, 909, 1028, 1286, 1412, 1460, 1479, 1501, 1734, 1956, 1972, 2079, 2139, 2379, 2390, 2401, 2458, 2787, 2951, 3024, 3414, 3480, 3487, 3497, 3549, 3758, 3776, 3957, 4055]
logs_monomial/n12_monomial3.txt.bz2.greedyext.20260222_020855.txt

271 310 374 413 514 600 625 689 738 1038 1311 1324 1343 1391 1465 1486 1534 1652 1845 2087 2225 2299 2329 2571 2895 3063 3115 3137 3522 3582 3718 3731 3852 3943 3966 3981
Iter#1148960 New set #600 of size 36 (1914.9 its/hit = 0.845s/hit): seed=3883535716002905973 [271, 310, 374, 413, 514, 600, 625, 689, 738, 1038, 1311, 1324, 1343, 1391, 1465, 1486, 1534, 1652, 1845, 2087, 2225, 2299, 2329, 2571, 2895, 3063, 3115, 3137, 3522, 3582, 3718, 3731, 3852, 3943, 3966, 3981]
logs_monomial/n12_monomial3.txt.bz2.greedyext.20260222_020855.txt

398 464 563 665 821 980 992 1002 1380 1466 1676 1749 1750 1799 1838 1951 1968 2232 2234 2422 2452 2548 2579 2760 2813 2953 2964 3064 3580 3725 3738 3754 3781 3837 3987 4009
Iter#19717168 New set #10000 of size 36 (1971.7 its/hit = 0.662s/hit): seed=4354946676625842185 [398, 464, 563, 665, 821, 980, 992, 1002, 1380, 1466, 1676, 1749, 1750, 1799, 1838, 1951, 1968, 2232, 2234, 2422, 2452, 2548, 2579, 2760, 2813, 2953, 2964, 3064, 3580, 3725, 3738, 3754, 3781, 3837, 3987, 4009]
logs_monomial/n12_monomial3.txt.bz2.greedyext.20260220_220834.txt

167 296 301 402 539 581 628 691 726 769 883 889 964 998 1625 1661 1779 1781 1874 1901 1971 2064 2257 2339 2528 2637 2735 3079 3229 3260 3458 3535 3546 3567 3774 3948
Iter#13689543 New set #7000 of size 36 (1955.6 its/hit = 0.657s/hit): seed=15128074891686102524 [167, 296, 301, 402, 539, 581, 628, 691, 726, 769, 883, 889, 964, 998, 1625, 1661, 1779, 1781, 1874, 1901, 1971, 2064, 2257, 2339, 2528, 2637, 2735, 3079, 3229, 3260, 3458, 3535, 3546, 3567, 3774, 3948]
logs_monomial/n12_monomial3.txt.bz2.greedyext.20260220_220834.txt

222 271 359 360 496 510 757 833 926 950 1120 1490 1553 1577 1586 1589 1862 1869 2128 2220 2277 2399 2425 2613 2686 3140 3475 3517 3642 3657 3767 3815 3827 3846 3947 4055
Iter#119296 New set #60 of size 36 (1988.3 its/hit = 0.683s/hit): seed=11839618904948139838 [222, 271, 359, 360, 496, 510, 757, 833, 926, 950, 1120, 1490, 1553, 1577, 1586, 1589, 1862, 1869, 2128, 2220, 2277, 2399, 2425, 2613, 2686, 3140, 3475, 3517, 3642, 3657, 3767, 3815, 3827, 3846, 3947, 4055]
logs_monomial/n12_monomial3.txt.bz2.greedyext.20260223_084058.txt

13 30 387 515 566 617 619 696 700 725 1192 1243 1264 1296 1375 1621 1763 1833 1855 2239 2479 2654 2679 2810 2885 2981 3026 3086 3220 3227 3240 3480 3615 3675 3743 4028
Iter#557558 New set #300 of size 36 (1858.5 its/hit = 0.820s/hit): seed=12769469851200332370 [13, 30, 387, 515, 566, 617, 619, 696, 700, 725, 1192, 1243, 1264, 1296, 1375, 1621, 1763, 1833, 1855, 2239, 2479, 2654, 2679, 2810, 2885, 2981, 3026, 3086, 3220, 3227, 3240, 3480, 3615, 3675, 3743, 4028]
logs_monomial/n12_monomial3.txt.bz2.greedyext.20260222_020855.txt

73 141 223 230 307 335 391 504 583 595 698 873 885 977 1043 1112 1166 1462 1483 1801 1904 1975 2175 2560 2600 2610 2671 2853 2918 3141 3290 3368 3482 3574 3773 3870
Iter#116617 New set #60 of size 36 (1943.6 its/hit = 0.650s/hit): seed=42402240119452924 [73, 141, 223, 230, 307, 335, 391, 504, 583, 595, 698, 873, 885, 977, 1043, 1112, 1166, 1462, 1483, 1801, 1904, 1975, 2175, 2560, 2600, 2610, 2671, 2853, 2918, 3141, 3290, 3368, 3482, 3574, 3773, 3870]
logs_monomial/n12_monomial3.txt.bz2.greedyext.20260220_220834.txt

48 233 305 503 666 839 909 1013 1269 1295 1843 1899 2005 2018 2035 2188 2231 2349 2386 2407 2562 2713 2768 2773 2838 2953 3117 3168 3251 3306 3617 3619 3647 3722 3846 3963
Iter#940583 New set #500 of size 36 (1881.2 its/hit = 0.628s/hit): seed=7840088398826352719 [48, 233, 305, 503, 666, 839, 909, 1013, 1269, 1295, 1843, 1899, 2005, 2018, 2035, 2188, 2231, 2349, 2386, 2407, 2562, 2713, 2768, 2773, 2838, 2953, 3117, 3168, 3251, 3306, 3617, 3619, 3647, 3722, 3846, 3963]
logs_monomial/n12_monomial3.txt.bz2.greedyext.20260220_220834.txt

25 143 144 319 354 382 435 499 537 616 1001 1067 1280 1283 1679 1710 1715 1771 1816 1821 1870 2200 2581 2633 2724 2750 2803 2871 3186 3694 3763 3774 3797 3921 3944 4019
Iter#118925 New set #70 of size 36 (1698.9 its/hit = 0.757s/hit): seed=10790883003280987052 [25, 143, 144, 319, 354, 382, 435, 499, 537, 616, 1001, 1067, 1280, 1283, 1679, 1710, 1715, 1771, 1816, 1821, 1870, 2200, 2581, 2633, 2724, 2750, 2803, 2871, 3186, 3694, 3763, 3774, 3797, 3921, 3944, 4019]
logs_monomial/n12_monomial3.txt.bz2.greedyext.20260222_020855.txt

134 424 425 692 768 774 931 932 1032 1343 1461 1625 1638 1679 1684 1957 1965 2054 2074 2095 2121 2364 2390 2436 2479 2776 2831 2913 3008 3150 3200 3649 3714 3771 3775 4095
Iter#175967 New set #100 of size 36 (1759.7 its/hit = 0.780s/hit): seed=273469450977211236 [134, 424, 425, 692, 768, 774, 931, 932, 1032, 1343, 1461, 1625, 1638, 1679, 1684, 1957, 1965, 2054, 2074, 2095, 2121, 2364, 2390, 2436, 2479, 2776, 2831, 2913, 3008, 3150, 3200, 3649, 3714, 3771, 3775, 4095]
logs_monomial/n12_monomial3.txt.bz2.greedyext.20260222_020855.txt

86 134 218 360 698 974 979 1012 1129 1452 1491 1724 1912 1944 1962 2025 2046 2058 2169 2358 2787 2867 3052 3075 3224 3285 3347 3402 3496 3504 3550 3747 3828 3993 4015 4078
Iter#1912735 New set #1000 of size 36 (1912.7 its/hit = 0.640s/hit): seed=4408320524312990498 [86, 134, 218, 360, 698, 974, 979, 1012, 1129, 1452, 1491, 1724, 1912, 1944, 1962, 2025, 2046, 2058, 2169, 2358, 2787, 2867, 3052, 3075, 3224, 3285, 3347, 3402, 3496, 3504, 3550, 3747, 3828, 3993, 4015, 4078]
logs_monomial/n12_monomial3.txt.bz2.greedyext.20260220_220834.txt

53 89 123 240 421 445 506 611 995 1210 1288 1325 1369 1402 1606 1653 2166 2245 2270 2275 2531 2574 2668 2685 2702 2875 3031 3109 3115 3640 3725 3762 3913 3998 4073 4079
Iter#170659 New set #90 of size 36 (1896.2 its/hit = 0.633s/hit): seed=4123445998398970072 [53, 89, 123, 240, 421, 445, 506, 611, 995, 1210, 1288, 1325, 1369, 1402, 1606, 1653, 2166, 2245, 2270, 2275, 2531, 2574, 2668, 2685, 2702, 2875, 3031, 3109, 3115, 3640, 3725, 3762, 3913, 3998, 4073, 4079]
logs_monomial/n12_monomial3.txt.bz2.greedyext.20260220_220834.txt

127 348 394 403 617 961 1054 1104 1415 1442 1473 1501 1674 1704 1757 1966 2333 2343 2551 2679 2758 2838 3080 3105 3153 3226 3317 3384 3507 3645 3709 3889 3950 3971 3997 4081
Iter#19373873 New set #10000 of size 36 (1937.4 its/hit = 0.867s/hit): seed=13417017110112194987 [127, 348, 394, 403, 617, 961, 1054, 1104, 1415, 1442, 1473, 1501, 1674, 1704, 1757, 1966, 2333, 2343, 2551, 2679, 2758, 2838, 3080, 3105, 3153, 3226, 3317, 3384, 3507, 3645, 3709, 3889, 3950, 3971, 3997, 4081]
logs_monomial/n12_monomial3.txt.bz2.greedyext.20260222_020855.txt

136 206 283 345 347 435 445 719 731 756 779 876 915 943 1019 1046 1180 1767 1804 1848 1923 2359 2372 2432 2436 2619 2661 2679 2746 2955 3049 3535 3740 3820 3850 3915
Iter#2057176 New set #1000 of size 36 (2057.2 its/hit = 0.711s/hit): seed=903405903923800086 [136, 206, 283, 345, 347, 435, 445, 719, 731, 756, 779, 876, 915, 943, 1019, 1046, 1180, 1767, 1804, 1848, 1923, 2359, 2372, 2432, 2436, 2619, 2661, 2679, 2746, 2955, 3049, 3535, 3740, 3820, 3850, 3915]
logs_monomial/n12_monomial3.txt.bz2.greedyext.20260223_084058.txt

5 204 221 234 361 375 401 403 986 1008 1122 1357 1595 1799 1815 1818 1861 1878 2162 2192 2297 2369 2392 2410 2472 2523 2618 2726 2749 2938 3133 3141 3363 3692 3736 3829
Iter#23502 New set #20 of size 36 (1175.1 its/hit = 0.350s/hit): seed=13630762542590072189 [5, 204, 221, 234, 361, 375, 401, 403, 986, 1008, 1122, 1357, 1595, 1799, 1815, 1818, 1861, 1878, 2162, 2192, 2297, 2369, 2392, 2410, 2472, 2523, 2618, 2726, 2749, 2938, 3133, 3141, 3363, 3692, 3736, 3829]
logs_monomial/n12_monomial3.txt.bz2.greedyext.20260220_220834.txt

16 82 109 348 363 440 544 573 598 625 808 810 1584 1603 1740 1881 1937 1992 2101 2228 2554 2660 2740 2785 2846 2875 3154 3170 3174 3185 3471 3476 3552 3729 3821 3901
Iter#13924414 New set #7000 of size 36 (1989.2 its/hit = 0.688s/hit): seed=655075849934690462 [16, 82, 109, 348, 363, 440, 544, 573, 598, 625, 808, 810, 1584, 1603, 1740, 1881, 1937, 1992, 2101, 2228, 2554, 2660, 2740, 2785, 2846, 2875, 3154, 3170, 3174, 3185, 3471, 3476, 3552, 3729, 3821, 3901]
logs_monomial/n12_monomial3.txt.bz2.greedyext.20260223_084058.txt

55 241 248 415 440 647 710 993 1182 1218 1586 1653 1889 2158 2197 2251 2298 2397 2422 2474 2504 2551 2636 2730 2815 2896 3033 3220 3222 3282 3303 3446 3673 3722 3938 3995
Iter#3927 New set #2 of size 36 (1963.5 its/hit = 0.500s/hit): seed=16917975757692725884 [55, 241, 248, 415, 440, 647, 710, 993, 1182, 1218, 1586, 1653, 1889, 2158, 2197, 2251, 2298, 2397, 2422, 2474, 2504, 2551, 2636, 2730, 2815, 2896, 3033, 3220, 3222, 3282, 3303, 3446, 3673, 3722, 3938, 3995]
logs_monomial/n12_monomial3.txt.bz2.greedyext.20260220_220834.txt

20 29 32 82 115 153 647 814 870 890 932 943 981 1131 1307 1594 1613 1666 1749 1789 1995 2256 2294 2328 2392 3205 3217 3273 3350 3404 3451 3552 3665 3901 3931 4042
Iter#5864405 New set #3000 of size 36 (1954.8 its/hit = 0.656s/hit): seed=8287428047811089135 [20, 29, 32, 82, 115, 153, 647, 814, 870, 890, 932, 943, 981, 1131, 1307, 1594, 1613, 1666, 1749, 1789, 1995, 2256, 2294, 2328, 2392, 3205, 3217, 3273, 3350, 3404, 3451, 3552, 3665, 3901, 3931, 4042]
logs_monomial/n12_monomial3.txt.bz2.greedyext.20260220_220834.txt

216 234 282 399 505 543 638 655 720 727 788 919 983 1390 1559 1586 1658 1762 1800 1816 1993 2039 2379 2623 2750 2772 2951 3453 3546 3566 3693 3706 3787 3789 4037 4089
Iter#6152 New set #4 of size 36 (1538.0 its/hit = 0.500s/hit): seed=5069785134459418795 [216, 234, 282, 399, 505, 543, 638, 655, 720, 727, 788, 919, 983, 1390, 1559, 1586, 1658, 1762, 1800, 1816, 1993, 2039, 2379, 2623, 2750, 2772, 2951, 3453, 3546, 3566, 3693, 3706, 3787, 3789, 4037, 4089]
logs_monomial/n12_monomial3.txt.bz2.greedyext.20260222_020855.txt

115 310 322 444 469 543 877 899 1010 1237 1254 1288 1380 1649 1803 1816 1949 2026 2273 2337 2340 2347 2413 2566 2738 2892 2967 2982 2983 3279 3380 3511 3561 3729 3795 3821
Iter#3761792 New set #2000 of size 36 (1880.9 its/hit = 0.826s/hit): seed=514511470036451630 [115, 310, 322, 444, 469, 543, 877, 899, 1010, 1237, 1254, 1288, 1380, 1649, 1803, 1816, 1949, 2026, 2273, 2337, 2340, 2347, 2413, 2566, 2738, 2892, 2967, 2982, 2983, 3279, 3380, 3511, 3561, 3729, 3795, 3821]
logs_monomial/n12_monomial3.txt.bz2.greedyext.20260222_020855.txt

166 301 411 458 628 687 1089 1275 1297 1373 1406 1485 1742 1879 1961 1981 2013 2209 2272 2298 2330 2416 2423 2576 2670 2852 2969 3171 3207 3501 3609 3625 3626 3736 3956 4009
Iter#1136010 New set #600 of size 36 (1893.3 its/hit = 0.633s/hit): seed=5344470205686046153 [166, 301, 411, 458, 628, 687, 1089, 1275, 1297, 1373, 1406, 1485, 1742, 1879, 1961, 1981, 2013, 2209, 2272, 2298, 2330, 2416, 2423, 2576, 2670, 2852, 2969, 3171, 3207, 3501, 3609, 3625, 3626, 3736, 3956, 4009]
logs_monomial/n12_monomial3.txt.bz2.greedyext.20260220_220834.txt

132 157 465 477 540 569 609 1124 1144 1147 1391 1485 1635 1871 1874 1890 1997 2075 2168 2196 2286 2557 2736 2812 2918 2967 3235 3322 3620 3773 3822 3852 3894 4016 4043 4087
Iter#15261 New set #8 of size 36 (1907.6 its/hit = 0.625s/hit): seed=15303740678286859333 [132, 157, 465, 477, 540, 569, 609, 1124, 1144, 1147, 1391, 1485, 1635, 1871, 1874, 1890, 1997, 2075, 2168, 2196, 2286, 2557, 2736, 2812, 2918, 2967, 3235, 3322, 3620, 3773, 3822, 3852, 3894, 4016, 4043, 4087]
logs_monomial/n12_monomial3.txt.bz2.greedyext.20260223_084058.txt

2 104 168 169 479 617 649 692 751 788 828 883 934 944 1142 1375 1412 1474 1619 1868 1962 2044 2137 2304 2360 2401 2640 2864 2935 2965 3098 3338 3458 3473 3649 3700
Iter#79889 New set #40 of size 36 (1997.2 its/hit = 0.675s/hit): seed=14782574049435638133 [2, 104, 168, 169, 479, 617, 649, 692, 751, 788, 828, 883, 934, 944, 1142, 1375, 1412, 1474, 1619, 1868, 1962, 2044, 2137, 2304, 2360, 2401, 2640, 2864, 2935, 2965, 3098, 3338, 3458, 3473, 3649, 3700]
logs_monomial/n12_monomial3.txt.bz2.greedyext.20260223_084058.txt

63 70 77 395 768 843 951 1373 1454 1520 1591 1776 1832 1895 2205 2225 2252 2337 2464 2465 2549 2691 2831 2842 3040 3146 3156 3297 3535 3572 3597 3620 3623 3804 3943 4003
Iter#7764920 New set #4000 of size 36 (1941.2 its/hit = 0.652s/hit): seed=4723274031294216306 [63, 70, 77, 395, 768, 843, 951, 1373, 1454, 1520, 1591, 1776, 1832, 1895, 2205, 2225, 2252, 2337, 2464, 2465, 2549, 2691, 2831, 2842, 3040, 3146, 3156, 3297, 3535, 3572, 3597, 3620, 3623, 3804, 3943, 4003]
logs_monomial/n12_monomial3.txt.bz2.greedyext.20260220_220834.txt

46 64 196 225 461 532 751 1081 1370 1393 1485 1768 1772 2019 2044 2124 2136 2237 2362 2368 2495 2574 2741 3068 3233 3314 3391 3404 3427 3557 3596 3634 3699 3740 3809 3849
Iter#589670 New set #300 of size 36 (1965.6 its/hit = 0.657s/hit): seed=6040062560820577021 [46, 64, 196, 225, 461, 532, 751, 1081, 1370, 1393, 1485, 1768, 1772, 2019, 2044, 2124, 2136, 2237, 2362, 2368, 2495, 2574, 2741, 3068, 3233, 3314, 3391, 3404, 3427, 3557, 3596, 3634, 3699, 3740, 3809, 3849]
logs_monomial/n12_monomial3.txt.bz2.greedyext.20260220_220834.txt

72 343 410 498 589 608 783 800 819 842 879 960 1197 1247 1285 1328 1411 1448 1752 1872 2164 2216 2288 2324 2425 2494 2567 2656 2667 2980 3083 3148 3251 3531 3623 3924
Iter#141187 New set #70 of size 36 (2017.0 its/hit = 0.671s/hit): seed=2276744754646110540 [72, 343, 410, 498, 589, 608, 783, 800, 819, 842, 879, 960, 1197, 1247, 1285, 1328, 1411, 1448, 1752, 1872, 2164, 2216, 2288, 2324, 2425, 2494, 2567, 2656, 2667, 2980, 3083, 3148, 3251, 3531, 3623, 3924]
logs_monomial/n12_monomial3.txt.bz2.greedyext.20260220_220834.txt

111 135 144 210 327 409 499 678 1121 1160 1258 1367 1376 1567 1570 1573 1654 1765 1800 1905 1921 2302 2341 2719 2748 2852 2944 3119 3157 3171 3252 3257 3701 3760 4055 4089
Iter#15532990 New set #8000 of size 36 (1941.6 its/hit = 0.868s/hit): seed=11432412369190995106 [111, 135, 144, 210, 327, 409, 499, 678, 1121, 1160, 1258, 1367, 1376, 1567, 1570, 1573, 1654, 1765, 1800, 1905, 1921, 2302, 2341, 2719, 2748, 2852, 2944, 3119, 3157, 3171, 3252, 3257, 3701, 3760, 4055, 4089]
logs_monomial/n12_monomial3.txt.bz2.greedyext.20260222_020855.txt

79 172 437 476 575 912 1000 1164 1208 1232 1499 1600 1771 1810 1896 2087 2148 2170 2235 2276 2327 2555 2953 3215 3229 3306 3442 3467 3576 3646 3875 3883 3905 3946 4053 4055
Iter#6701 New set #5 of size 36 (1340.2 its/hit = 0.400s/hit): seed=16037944503574095916 [79, 172, 437, 476, 575, 912, 1000, 1164, 1208, 1232, 1499, 1600, 1771, 1810, 1896, 2087, 2148, 2170, 2235, 2276, 2327, 2555, 2953, 3215, 3229, 3306, 3442, 3467, 3576, 3646, 3875, 3883, 3905, 3946, 4053, 4055]
logs_monomial/n12_monomial3.txt.bz2.greedyext.20260220_220834.txt

77 149 360 369 401 409 529 782 915 927 1195 1292 1382 1402 1485 1496 1502 1654 1657 1717 1787 1811 1845 2108 2576 2680 2937 3145 3279 3302 3357 3481 3522 3829 3878 4024
Iter#17641726 New set #9000 of size 36 (1960.2 its/hit = 0.659s/hit): seed=8290047963728321735 [77, 149, 360, 369, 401, 409, 529, 782, 915, 927, 1195, 1292, 1382, 1402, 1485, 1496, 1502, 1654, 1657, 1717, 1787, 1811, 1845, 2108, 2576, 2680, 2937, 3145, 3279, 3302, 3357, 3481, 3522, 3829, 3878, 4024]
logs_monomial/n12_monomial3.txt.bz2.greedyext.20260220_220834.txt

81 563 612 633 645 707 735 1019 1125 1210 1800 1940 1949 2122 2384 2451 2515 2678 2757 2791 2838 2851 2964 2996 3021 3051 3093 3401 3411 3553 3689 3707 3742 3894 3934 4090
Iter#13502107 New set #7000 of size 36 (1928.9 its/hit = 0.862s/hit): seed=13820517572828171282 [81, 563, 612, 633, 645, 707, 735, 1019, 1125, 1210, 1800, 1940, 1949, 2122, 2384, 2451, 2515, 2678, 2757, 2791, 2838, 2851, 2964, 2996, 3021, 3051, 3093, 3401, 3411, 3553, 3689, 3707, 3742, 3894, 3934, 4090]
logs_monomial/n12_monomial3.txt.bz2.greedyext.20260222_020855.txt

23 115 468 483 512 688 714 870 1131 1210 1420 1432 1536 1588 1632 1642 1781 1889 1905 2004 2136 2281 2428 2572 2592 2841 2913 2970 3044 3197 3372 3413 3601 3619 3664 3790
Iter#171425 New set #90 of size 36 (1904.7 its/hit = 0.656s/hit): seed=6330273573947187218 [23, 115, 468, 483, 512, 688, 714, 870, 1131, 1210, 1420, 1432, 1536, 1588, 1632, 1642, 1781, 1889, 1905, 2004, 2136, 2281, 2428, 2572, 2592, 2841, 2913, 2970, 3044, 3197, 3372, 3413, 3601, 3619, 3664, 3790]
logs_monomial/n12_monomial3.txt.bz2.greedyext.20260223_084058.txt

129 152 282 306 551 644 706 923 1011 1131 1172 1262 1431 1688 1839 1913 1958 1970 2360 2411 2567 2759 2860 2898 2901 2976 3041 3101 3113 3375 3453 3539 3743 3815 3861 4007
Iter#12787 New set #10 of size 36 (1278.7 its/hit = 0.500s/hit): seed=3561541553615200697 [129, 152, 282, 306, 551, 644, 706, 923, 1011, 1131, 1172, 1262, 1431, 1688, 1839, 1913, 1958, 1970, 2360, 2411, 2567, 2759, 2860, 2898, 2901, 2976, 3041, 3101, 3113, 3375, 3453, 3539, 3743, 3815, 3861, 4007]
logs_monomial/n12_monomial3.txt.bz2.greedyext.20260222_020855.txt

75 99 484 494 531 570 720 747 749 769 960 1050 1166 1507 1671 1874 1993 2120 2161 2290 2384 2762 2995 3009 3028 3093 3153 3165 3297 3298 3367 3547 3573 3658 3752 3948
Iter#10473 New set #8 of size 36 (1309.1 its/hit = 0.500s/hit): seed=13609870520433512387 [75, 99, 484, 494, 531, 570, 720, 747, 749, 769, 960, 1050, 1166, 1507, 1671, 1874, 1993, 2120, 2161, 2290, 2384, 2762, 2995, 3009, 3028, 3093, 3153, 3165, 3297, 3298, 3367, 3547, 3573, 3658, 3752, 3948]
logs_monomial/n12_monomial3.txt.bz2.greedyext.20260222_020855.txt

181 215 444 568 583 608 624 870 1137 1571 1620 1672 1686 1693 1729 1805 1828 2049 2062 2209 2285 2316 2816 2934 3047 3059 3174 3259 3293 3343 3372 3467 3545 3617 4015 4050
Iter#6331 New set #5 of size 36 (1266.2 its/hit = 0.400s/hit): seed=15527722222413987533 [181, 215, 444, 568, 583, 608, 624, 870, 1137, 1571, 1620, 1672, 1686, 1693, 1729, 1805, 1828, 2049, 2062, 2209, 2285, 2316, 2816, 2934, 3047, 3059, 3174, 3259, 3293, 3343, 3372, 3467, 3545, 3617, 4015, 4050]
logs_monomial/n12_monomial3.txt.bz2.greedyext.20260222_020855.txt

57 90 107 316 327 349 542 667 766 860 1162 1172 1244 1430 1460 1512 1541 1660 1777 1796 1820 1952 2500 2557 2573 2648 2886 3169 3173 3243 3256 3421 3616 3807 3984 3992
Iter#1703768 New set #900 of size 36 (1893.1 its/hit = 0.633s/hit): seed=14187316731371153547 [57, 90, 107, 316, 327, 349, 542, 667, 766, 860, 1162, 1172, 1244, 1430, 1460, 1512, 1541, 1660, 1777, 1796, 1820, 1952, 2500, 2557, 2573, 2648, 2886, 3169, 3173, 3243, 3256, 3421, 3616, 3807, 3984, 3992]
logs_monomial/n12_monomial3.txt.bz2.greedyext.20260220_220834.txt

58 200 259 263 369 503 650 950 957 1125 1191 1256 1300 1481 1626 1639 1732 1818 1951 1965 2136 2208 2343 2467 2522 2628 2707 2717 2747 2982 3293 3615 3624 3654 3864 4082
Iter#1029746 New set #500 of size 36 (2059.5 its/hit = 0.712s/hit): seed=7843281567970623132 [58, 200, 259, 263, 369, 503, 650, 950, 957, 1125, 1191, 1256, 1300, 1481, 1626, 1639, 1732, 1818, 1951, 1965, 2136, 2208, 2343, 2467, 2522, 2628, 2707, 2717, 2747, 2982, 3293, 3615, 3624, 3654, 3864, 4082]
logs_monomial/n12_monomial3.txt.bz2.greedyext.20260223_084058.txt

111 298 550 594 641 739 942 962 1069 1131 1307 1453 1519 1853 1862 1972 2124 2194 2396 2471 2813 2900 3010 3085 3166 3240 3338 3389 3606 3624 3644 3702 3919 4018 4033 4071
Iter#6182648 New set #3000 of size 36 (2060.9 its/hit = 0.712s/hit): seed=1587218529189508880 [111, 298, 550, 594, 641, 739, 942, 962, 1069, 1131, 1307, 1453, 1519, 1853, 1862, 1972, 2124, 2194, 2396, 2471, 2813, 2900, 3010, 3085, 3166, 3240, 3338, 3389, 3606, 3624, 3644, 3702, 3919, 4018, 4033, 4071]
logs_monomial/n12_monomial3.txt.bz2.greedyext.20260223_084058.txt

239 378 405 644 823 899 953 1074 1078 1167 1538 1758 1962 2003 2139 2194 2315 2347 2349 2384 2426 2451 2558 2569 2822 2827 3005 3396 3397 3457 3532 3682 3685 3785 3831 4011
Iter#1852826 New set #900 of size 36 (2058.7 its/hit = 0.711s/hit): seed=2791079077091852743 [239, 378, 405, 644, 823, 899, 953, 1074, 1078, 1167, 1538, 1758, 1962, 2003, 2139, 2194, 2315, 2347, 2349, 2384, 2426, 2451, 2558, 2569, 2822, 2827, 3005, 3396, 3397, 3457, 3532, 3682, 3685, 3785, 3831, 4011]
logs_monomial/n12_monomial3.txt.bz2.greedyext.20260223_084058.txt

41 399 465 557 632 664 809 1135 1235 1269 1318 1320 1414 1429 1498 1504 1539 1773 2194 2424 2429 2548 2625 2636 2712 2947 3239 3278 3669 3742 3749 3785 3852 3877 3988 4003
Iter#73834 New set #50 of size 36 (1476.7 its/hit = 0.660s/hit): seed=14463527776947605907 [41, 399, 465, 557, 632, 664, 809, 1135, 1235, 1269, 1318, 1320, 1414, 1429, 1498, 1504, 1539, 1773, 2194, 2424, 2429, 2548, 2625, 2636, 2712, 2947, 3239, 3278, 3669, 3742, 3749, 3785, 3852, 3877, 3988, 4003]
logs_monomial/n12_monomial3.txt.bz2.greedyext.20260222_020855.txt

185 310 317 343 365 669 814 990 1044 1069 1118 1226 1317 1356 1400 1655 1698 1798 1820 1961 2025 2271 2338 2372 2390 2754 3011 3043 3070 3342 3404 3458 3558 3630 3870 4058
Iter#1247855 New set #600 of size 36 (2079.8 its/hit = 0.718s/hit): seed=15866705137416263571 [185, 310, 317, 343, 365, 669, 814, 990, 1044, 1069, 1118, 1226, 1317, 1356, 1400, 1655, 1698, 1798, 1820, 1961, 2025, 2271, 2338, 2372, 2390, 2754, 3011, 3043, 3070, 3342, 3404, 3458, 3558, 3630, 3870, 4058]
logs_monomial/n12_monomial3.txt.bz2.greedyext.20260223_084058.txt

100 125 208 479 676 839 898 1087 1336 1450 1481 1715 1789 1878 1904 1938 2287 2306 2391 2445 2617 2666 2773 3027 3091 3307 3490 3491 3561 3583 3614 3683 3792 3890 3911 4041
Iter#9761207 New set #5000 of size 36 (1952.2 its/hit = 0.656s/hit): seed=8281132980964564947 [100, 125, 208, 479, 676, 839, 898, 1087, 1336, 1450, 1481, 1715, 1789, 1878, 1904, 1938, 2287, 2306, 2391, 2445, 2617, 2666, 2773, 3027, 3091, 3307, 3490, 3491, 3561, 3583, 3614, 3683, 3792, 3890, 3911, 4041]
logs_monomial/n12_monomial3.txt.bz2.greedyext.20260220_220834.txt

186 276 283 292 764 1102 1319 1693 1741 1748 1763 1765 1785 1890 1898 1919 1985 2112 2454 2458 2605 2652 2691 2838 2867 2868 2873 2874 2908 2994 3295 3361 3420 3428 3446 3838
Iter#27665 New set #20 of size 36 (1383.2 its/hit = 0.450s/hit): seed=18194348107679736806 [186, 276, 283, 292, 764, 1102, 1319, 1693, 1741, 1748, 1763, 1765, 1785, 1890, 1898, 1919, 1985, 2112, 2454, 2458, 2605, 2652, 2691, 2838, 2867, 2868, 2873, 2874, 2908, 2994, 3295, 3361, 3420, 3428, 3446, 3838]
logs_monomial/n12_monomial3.txt.bz2.greedyext.20260223_084058.txt

115 146 554 572 760 1067 1126 1223 1412 1476 1479 1488 1507 1534 1794 1873 1946 1958 1989 2039 2172 2330 2331 2466 2649 2863 3033 3173 3304 3354 3586 3607 3688 3720 3725 3954
Iter#153458 New set #80 of size 36 (1918.2 its/hit = 0.637s/hit): seed=3817111423691960545 [115, 146, 554, 572, 760, 1067, 1126, 1223, 1412, 1476, 1479, 1488, 1507, 1534, 1794, 1873, 1946, 1958, 1989, 2039, 2172, 2330, 2331, 2466, 2649, 2863, 3033, 3173, 3304, 3354, 3586, 3607, 3688, 3720, 3725, 3954]
logs_monomial/n12_monomial3.txt.bz2.greedyext.20260220_220834.txt

54 386 722 795 853 892 930 953 1026 1118 1201 1286 1367 1580 1849 1850 1904 1919 2387 2418 2709 2750 2885 2911 2978 3167 3203 3232 3339 3343 3502 3699 3736 3819 3846 3994
Iter#11623 New set #9 of size 36 (1291.4 its/hit = 0.556s/hit): seed=14213165951946762449 [54, 386, 722, 795, 853, 892, 930, 953, 1026, 1118, 1201, 1286, 1367, 1580, 1849, 1850, 1904, 1919, 2387, 2418, 2709, 2750, 2885, 2911, 2978, 3167, 3203, 3232, 3339, 3343, 3502, 3699, 3736, 3819, 3846, 3994]
logs_monomial/n12_monomial3.txt.bz2.greedyext.20260222_020855.txt

28 56 357 512 516 682 683 688 793 873 884 1041 1125 1345 1445 1665 1776 1987 2036 2654 2687 2742 2984 2999 3018 3299 3376 3432 3439 3471 3506 3558 3658 3736 3946 4007
Iter#5738866 New set #3000 of size 36 (1913.0 its/hit = 0.845s/hit): seed=16872879765272298542 [28, 56, 357, 512, 516, 682, 683, 688, 793, 873, 884, 1041, 1125, 1345, 1445, 1665, 1776, 1987, 2036, 2654, 2687, 2742, 2984, 2999, 3018, 3299, 3376, 3432, 3439, 3471, 3506, 3558, 3658, 3736, 3946, 4007]
logs_monomial/n12_monomial3.txt.bz2.greedyext.20260222_020855.txt

133 174 413 455 494 515 783 820 898 1121 1328 1363 1367 1485 1547 1569 1586 1597 1633 1707 1755 2547 2574 2631 3024 3374 3484 3546 3595 3655 3658 3724 3835 3970 4074 4090
Iter#161292 New set #90 of size 36 (1792.1 its/hit = 0.789s/hit): seed=1807703116864193495 [133, 174, 413, 455, 494, 515, 783, 820, 898, 1121, 1328, 1363, 1367, 1485, 1547, 1569, 1586, 1597, 1633, 1707, 1755, 2547, 2574, 2631, 3024, 3374, 3484, 3546, 3595, 3655, 3658, 3724, 3835, 3970, 4074, 4090]
logs_monomial/n12_monomial3.txt.bz2.greedyext.20260222_020855.txt

154 285 447 454 481 487 569 586 593 706 804 878 910 928 995 1321 1405 1600 1780 1915 1925 2151 2277 2316 2340 2602 2977 3132 3364 3465 3479 3621 3733 3862 4061 4082
Iter#759724 New set #400 of size 36 (1899.3 its/hit = 0.840s/hit): seed=4475579734364449726 [154, 285, 447, 454, 481, 487, 569, 586, 593, 706, 804, 878, 910, 928, 995, 1321, 1405, 1600, 1780, 1915, 1925, 2151, 2277, 2316, 2340, 2602, 2977, 3132, 3364, 3465, 3479, 3621, 3733, 3862, 4061, 4082]
logs_monomial/n12_monomial3.txt.bz2.greedyext.20260222_020855.txt

163 171 197 349 583 588 826 858 900 997 1115 1214 1265 1323 1489 1494 1503 1595 1793 1977 2136 2175 2273 2291 2610 2611 2648 2688 2799 2822 2847 3582 3677 3762 3875 4035
Iter#4149962 New set #2000 of size 36 (2075.0 its/hit = 0.716s/hit): seed=13519241008613208847 [163, 171, 197, 349, 583, 588, 826, 858, 900, 997, 1115, 1214, 1265, 1323, 1489, 1494, 1503, 1595, 1793, 1977, 2136, 2175, 2273, 2291, 2610, 2611, 2648, 2688, 2799, 2822, 2847, 3582, 3677, 3762, 3875, 4035]
logs_monomial/n12_monomial3.txt.bz2.greedyext.20260223_084058.txt

38 130 204 239 281 291 361 454 596 679 693 919 1054 1176 1229 1298 1451 1579 1723 1893 1944 2189 2257 2431 2692 2712 2879 2965 3016 3026 3044 3095 3113 3647 3781 4081
Iter#385652 New set #200 of size 36 (1928.3 its/hit = 0.645s/hit): seed=14566925422147377154 [38, 130, 204, 239, 281, 291, 361, 454, 596, 679, 693, 919, 1054, 1176, 1229, 1298, 1451, 1579, 1723, 1893, 1944, 2189, 2257, 2431, 2692, 2712, 2879, 2965, 3016, 3026, 3044, 3095, 3113, 3647, 3781, 4081]
logs_monomial/n12_monomial3.txt.bz2.greedyext.20260220_220834.txt

64 93 120 178 189 245 299 326 642 919 1103 1111 1151 1275 1305 1376 1522 1563 1601 1623 1666 1748 2304 2417 2569 2731 2810 2884 2897 2954 3288 3350 3370 3546 3660 3733
Iter#53454 New set #40 of size 36 (1336.3 its/hit = 0.600s/hit): seed=15518748863760983684 [64, 93, 120, 178, 189, 245, 299, 326, 642, 919, 1103, 1111, 1151, 1275, 1305, 1376, 1522, 1563, 1601, 1623, 1666, 1748, 2304, 2417, 2569, 2731, 2810, 2884, 2897, 2954, 3288, 3350, 3370, 3546, 3660, 3733]
logs_monomial/n12_monomial3.txt.bz2.greedyext.20260222_020855.txt

220 366 545 623 693 848 850 1033 1118 1199 1264 1288 1394 1416 1524 1652 1991 2030 2130 2401 2432 2482 2852 2944 3074 3168 3205 3350 3395 3433 3487 3531 3610 4010 4047 4055
Iter#13530 New set #6 of size 36 (2255.0 its/hit = 0.667s/hit): seed=17408376325927509606 [220, 366, 545, 623, 693, 848, 850, 1033, 1118, 1199, 1264, 1288, 1394, 1416, 1524, 1652, 1991, 2030, 2130, 2401, 2432, 2482, 2852, 2944, 3074, 3168, 3205, 3350, 3395, 3433, 3487, 3531, 3610, 4010, 4047, 4055]
logs_monomial/n12_monomial3.txt.bz2.greedyext.20260223_084058.txt

3 230 449 463 518 544 570 617 708 719 842 917 949 953 1027 1110 1149 1211 1213 1321 1339 1935 1953 1969 2122 2225 2544 2663 2773 2900 2961 2997 3136 3304 3745 3931
Iter#4896 New set #2 of size 36 (2448.0 its/hit = 1.000s/hit): seed=16239629246935226621 [3, 230, 449, 463, 518, 544, 570, 617, 708, 719, 842, 917, 949, 953, 1027, 1110, 1149, 1211, 1213, 1321, 1339, 1935, 1953, 1969, 2122, 2225, 2544, 2663, 2773, 2900, 2961, 2997, 3136, 3304, 3745, 3931]
logs_monomial/n12_monomial3.txt.bz2.greedyext.20260222_020855.txt

233 310 405 539 618 624 956 1102 1415 1509 2010 2092 2271 2322 2332 2415 2457 2482 2537 2603 2639 3075 3082 3086 3150 3282 3298 3299 3316 3409 3733 3899 3937 4010 4061 4090
Iter#16039686 New set #8000 of size 36 (2005.0 its/hit = 0.693s/hit): seed=15614877502053135278 [233, 310, 405, 539, 618, 624, 956, 1102, 1415, 1509, 2010, 2092, 2271, 2322, 2332, 2415, 2457, 2482, 2537, 2603, 2639, 3075, 3082, 3086, 3150, 3282, 3298, 3299, 3316, 3409, 3733, 3899, 3937, 4010, 4061, 4090]
logs_monomial/n12_monomial3.txt.bz2.greedyext.20260223_084058.txt

163 222 559 617 713 733 1165 1350 1481 1500 1630 1636 1642 1673 1702 1719 1791 1822 1933 2053 2156 2244 2425 2499 2547 2807 2840 3167 3211 3324 3615 3739 3811 3835 3840 3884
Iter#9664210 New set #5000 of size 36 (1932.8 its/hit = 0.860s/hit): seed=6079760591493355222 [163, 222, 559, 617, 713, 733, 1165, 1350, 1481, 1500, 1630, 1636, 1642, 1673, 1702, 1719, 1791, 1822, 1933, 2053, 2156, 2244, 2425, 2499, 2547, 2807, 2840, 3167, 3211, 3324, 3615, 3739, 3811, 3835, 3840, 3884]
logs_monomial/n12_monomial3.txt.bz2.greedyext.20260222_020855.txt

34 63 75 104 679 689 750 868 877 885 951 961 982 1003 1366 1439 1464 1501 1681 1773 1797 1968 2025 2053 2235 2342 2406 2698 2905 2907 3019 3083 3118 3310 3551 3738
Iter#967187 New set #500 of size 36 (1934.4 its/hit = 0.854s/hit): seed=4773242033961657534 [34, 63, 75, 104, 679, 689, 750, 868, 877, 885, 951, 961, 982, 1003, 1366, 1439, 1464, 1501, 1681, 1773, 1797, 1968, 2025, 2053, 2235, 2342, 2406, 2698, 2905, 2907, 3019, 3083, 3118, 3310, 3551, 3738]
logs_monomial/n12_monomial3.txt.bz2.greedyext.20260222_020855.txt

253 255 413 446 467 571 949 976 1006 1017 1061 1315 1367 1416 1535 1688 1896 1929 2050 2104 2120 2203 2357 2689 2723 2803 2950 3002 3034 3208 3418 3457 3513 3747 3861 4040
Iter#10086 New set #10 of size 36 (1008.6 its/hit = 0.300s/hit): seed=15212168865154764985 [253, 255, 413, 446, 467, 571, 949, 976, 1006, 1017, 1061, 1315, 1367, 1416, 1535, 1688, 1896, 1929, 2050, 2104, 2120, 2203, 2357, 2689, 2723, 2803, 2950, 3002, 3034, 3208, 3418, 3457, 3513, 3747, 3861, 4040]
logs_monomial/n12_monomial3.txt.bz2.greedyext.20260220_220834.txt

198 405 501 718 803 814 1463 1469 1522 1827 2002 2218 2258 2279 2327 2412 2495 2511 2514 2533 2643 2876 2924 3218 3229 3250 3267 3317 3449 3609 3663 3736 3846 3857 3861 3985
Iter#9985028 New set #5000 of size 36 (1997.0 its/hit = 0.690s/hit): seed=847033396474184983 [198, 405, 501, 718, 803, 814, 1463, 1469, 1522, 1827, 2002, 2218, 2258, 2279, 2327, 2412, 2495, 2511, 2514, 2533, 2643, 2876, 2924, 3218, 3229, 3250, 3267, 3317, 3449, 3609, 3663, 3736, 3846, 3857, 3861, 3985]
logs_monomial/n12_monomial3.txt.bz2.greedyext.20260223_084058.txt

64 150 206 433 534 928 967 973 1231 1430 1435 1502 1578 1581 1674 1841 1887 2094 2178 2206 2213 2231 2350 2558 2743 2758 2858 3042 3075 3148 3270 3380 3457 3600 3606 3993
Iter#8354 New set #6 of size 36 (1392.3 its/hit = 0.500s/hit): seed=2072071704109900778 [64, 150, 206, 433, 534, 928, 967, 973, 1231, 1430, 1435, 1502, 1578, 1581, 1674, 1841, 1887, 2094, 2178, 2206, 2213, 2231, 2350, 2558, 2743, 2758, 2858, 3042, 3075, 3148, 3270, 3380, 3457, 3600, 3606, 3993]
logs_monomial/n12_monomial3.txt.bz2.greedyext.20260222_020855.txt

9 182 373 571 579 951 1038 1044 1065 1364 1552 1765 1825 1910 1911 1963 1998 2022 2092 2190 2310 2377 2413 2685 2699 2703 2708 2878 3174 3252 3286 3317 3380 3636 3994 4002
Iter#412528 New set #200 of size 36 (2062.6 its/hit = 0.715s/hit): seed=17323683555515041928 [9, 182, 373, 571, 579, 951, 1038, 1044, 1065, 1364, 1552, 1765, 1825, 1910, 1911, 1963, 1998, 2022, 2092, 2190, 2310, 2377, 2413, 2685, 2699, 2703, 2708, 2878, 3174, 3252, 3286, 3317, 3380, 3636, 3994, 4002]
logs_monomial/n12_monomial3.txt.bz2.greedyext.20260223_084058.txt

50 56 254 393 394 405 614 766 890 960 1034 1047 1189 1198 1613 1656 1661 1748 1774 1835 2035 2039 2238 2262 2291 2526 2533 2564 2860 2945 3420 3689 3708 3901 3966 4052
Iter#18046780 New set #9000 of size 36 (2005.2 its/hit = 0.693s/hit): seed=10410229821257836093 [50, 56, 254, 393, 394, 405, 614, 766, 890, 960, 1034, 1047, 1189, 1198, 1613, 1656, 1661, 1748, 1774, 1835, 2035, 2039, 2238, 2262, 2291, 2526, 2533, 2564, 2860, 2945, 3420, 3689, 3708, 3901, 3966, 4052]
logs_monomial/n12_monomial3.txt.bz2.greedyext.20260223_084058.txt

68 536 622 720 741 790 851 896 1225 1248 1376 1606 1674 1785 1846 1958 2057 2329 2344 2359 2510 2582 2636 2662 2804 2847 3001 3019 3083 3260 3285 3431 3526 3851 3923 3959
Iter#1522423 New set #800 of size 36 (1903.0 its/hit = 0.839s/hit): seed=9371542064235925082 [68, 536, 622, 720, 741, 790, 851, 896, 1225, 1248, 1376, 1606, 1674, 1785, 1846, 1958, 2057, 2329, 2344, 2359, 2510, 2582, 2636, 2662, 2804, 2847, 3001, 3019, 3083, 3260, 3285, 3431, 3526, 3851, 3923, 3959]
logs_monomial/n12_monomial3.txt.bz2.greedyext.20260222_020855.txt

147 294 347 416 559 563 742 806 839 868 908 911 1199 1218 1456 1578 1906 1998 2022 2146 2211 2341 2364 2374 2418 2427 2581 2662 3024 3073 3150 3516 3650 3714 3937 3955
Iter#10028 New set #9 of size 36 (1114.2 its/hit = 0.333s/hit): seed=15336214961836047544 [147, 294, 347, 416, 559, 563, 742, 806, 839, 868, 908, 911, 1199, 1218, 1456, 1578, 1906, 1998, 2022, 2146, 2211, 2341, 2364, 2374, 2418, 2427, 2581, 2662, 3024, 3073, 3150, 3516, 3650, 3714, 3937, 3955]
logs_monomial/n12_monomial3.txt.bz2.greedyext.20260220_220834.txt

205 320 348 372 491 492 649 1048 1056 1060 1179 1207 1343 1508 1727 1740 1763 2024 2085 2756 2760 2852 2937 2940 2987 3152 3171 3299 3301 3315 3351 3474 3581 3779 3863 3971
Iter#1329640 New set #700 of size 36 (1899.5 its/hit = 0.636s/hit): seed=15674296018403844396 [205, 320, 348, 372, 491, 492, 649, 1048, 1056, 1060, 1179, 1207, 1343, 1508, 1727, 1740, 1763, 2024, 2085, 2756, 2760, 2852, 2937, 2940, 2987, 3152, 3171, 3299, 3301, 3315, 3351, 3474, 3581, 3779, 3863, 3971]
logs_monomial/n12_monomial3.txt.bz2.greedyext.20260220_220834.txt

8 92 483 653 725 861 1011 1112 1116 1145 1151 1196 1204 1334 1469 1662 1845 1998 2192 2242 2342 2480 2495 2524 2665 2744 2756 2906 2915 3010 3102 3273 3323 3383 3845 3994
Iter#1411090 New set #700 of size 36 (2015.8 its/hit = 0.697s/hit): seed=2130389788478994779 [8, 92, 483, 653, 725, 861, 1011, 1112, 1116, 1145, 1151, 1196, 1204, 1334, 1469, 1662, 1845, 1998, 2192, 2242, 2342, 2480, 2495, 2524, 2665, 2744, 2756, 2906, 2915, 3010, 3102, 3273, 3323, 3383, 3845, 3994]
logs_monomial/n12_monomial3.txt.bz2.greedyext.20260223_084058.txt

290 543 785 958 980 1068 1154 1403 1442 1465 1550 1699 1770 1850 2048 2100 2103 2240 2244 2310 2511 2526 2637 2653 2698 2895 2896 3126 3209 3226 3379 3554 3567 3873 3956 4023
Iter#9073 New set #7 of size 36 (1296.1 its/hit = 0.429s/hit): seed=9041966597940237400 [290, 543, 785, 958, 980, 1068, 1154, 1403, 1442, 1465, 1550, 1699, 1770, 1850, 2048, 2100, 2103, 2240, 2244, 2310, 2511, 2526, 2637, 2653, 2698, 2895, 2896, 3126, 3209, 3226, 3379, 3554, 3567, 3873, 3956, 4023]
logs_monomial/n12_monomial3.txt.bz2.greedyext.20260220_220834.txt

74 119 201 232 249 262 278 551 575 651 713 866 1097 1500 1755 1757 1807 1952 2274 2447 2557 2751 2803 2821 2884 3009 3029 3032 3109 3450 3520 3723 3807 3960 3996 4019
Iter#93982 New set #60 of size 36 (1566.4 its/hit = 0.700s/hit): seed=4629279954768221139 [74, 119, 201, 232, 249, 262, 278, 551, 575, 651, 713, 866, 1097, 1500, 1755, 1757, 1807, 1952, 2274, 2447, 2557, 2751, 2803, 2821, 2884, 3009, 3029, 3032, 3109, 3450, 3520, 3723, 3807, 3960, 3996, 4019]
logs_monomial/n12_monomial3.txt.bz2.greedyext.20260222_020855.txt

53 74 200 938 1174 1237 1518 1534 1553 1567 1635 1639 1745 1887 2000 2120 2188 2428 2530 2545 2561 2798 2974 2980 3117 3144 3275 3289 3439 3462 3761 3863 3907 3935 3964 3983
Iter#62300 New set #40 of size 36 (1557.5 its/hit = 0.500s/hit): seed=17641208072382241158 [53, 74, 200, 938, 1174, 1237, 1518, 1534, 1553, 1567, 1635, 1639, 1745, 1887, 2000, 2120, 2188, 2428, 2530, 2545, 2561, 2798, 2974, 2980, 3117, 3144, 3275, 3289, 3439, 3462, 3761, 3863, 3907, 3935, 3964, 3983]
logs_monomial/n12_monomial3.txt.bz2.greedyext.20260220_220834.txt

98 195 373 555 636 786 813 1034 1105 1167 1255 1261 1813 2032 2043 2170 2293 2353 2354 2377 2581 2586 2663 2687 2696 2865 2894 2995 3136 3273 3335 3620 3748 3781 3937 4069
Iter#148355 New set #70 of size 36 (2119.4 its/hit = 0.729s/hit): seed=6658309834534531489 [98, 195, 373, 555, 636, 786, 813, 1034, 1105, 1167, 1255, 1261, 1813, 2032, 2043, 2170, 2293, 2353, 2354, 2377, 2581, 2586, 2663, 2687, 2696, 2865, 2894, 2995, 3136, 3273, 3335, 3620, 3748, 3781, 3937, 4069]
logs_monomial/n12_monomial3.txt.bz2.greedyext.20260223_084058.txt

55 506 774 870 888 1018 1043 1048 1098 1368 1529 1592 1721 1812 1978 1995 2016 2058 2073 2122 2341 2627 2708 2896 3334 3369 3384 3394 3584 3613 3798 3927 3928 3957 4031 4071
Iter#99940 New set #50 of size 36 (1998.8 its/hit = 0.660s/hit): seed=16237396385267853288 [55, 506, 774, 870, 888, 1018, 1043, 1048, 1098, 1368, 1529, 1592, 1721, 1812, 1978, 1995, 2016, 2058, 2073, 2122, 2341, 2627, 2708, 2896, 3334, 3369, 3384, 3394, 3584, 3613, 3798, 3927, 3928, 3957, 4031, 4071]
logs_monomial/n12_monomial3.txt.bz2.greedyext.20260220_220834.txt

129 459 673 796 923 950 1002 1074 1178 1310 1563 1589 1786 1811 2149 2312 2402 2579 2604 2666 2739 2822 2897 2934 3207 3243 3308 3327 3388 3503 3507 3696 3705 3804 3827 4018
Iter#8548 New set #7 of size 36 (1221.1 its/hit = 0.429s/hit): seed=10636267731550607760 [129, 459, 673, 796, 923, 950, 1002, 1074, 1178, 1310, 1563, 1589, 1786, 1811, 2149, 2312, 2402, 2579, 2604, 2666, 2739, 2822, 2897, 2934, 3207, 3243, 3308, 3327, 3388, 3503, 3507, 3696, 3705, 3804, 3827, 4018]
logs_monomial/n12_monomial3.txt.bz2.greedyext.20260222_020855.txt

141 142 144 261 324 414 467 696 709 755 773 842 1103 1218 1220 1467 1518 1688 1707 1883 1994 2145 2456 2540 2630 2664 2740 2831 2854 3038 3039 3142 3187 3308 3310 3902
Iter#27966 New set #20 of size 36 (1398.3 its/hit = 0.600s/hit): seed=15565377541205327929 [141, 142, 144, 261, 324, 414, 467, 696, 709, 755, 773, 842, 1103, 1218, 1220, 1467, 1518, 1688, 1707, 1883, 1994, 2145, 2456, 2540, 2630, 2664, 2740, 2831, 2854, 3038, 3039, 3142, 3187, 3308, 3310, 3902]
logs_monomial/n12_monomial3.txt.bz2.greedyext.20260222_020855.txt

128 386 404 453 522 533 741 819 904 1290 1330 1411 1529 1537 1690 1726 1918 1984 2072 2099 2198 2250 2466 2469 2497 3075 3101 3142 3480 3540 3602 3694 3782 3938 3976 4073
Iter#1351328 New set #700 of size 36 (1930.5 its/hit = 0.851s/hit): seed=208735621726670132 [128, 386, 404, 453, 522, 533, 741, 819, 904, 1290, 1330, 1411, 1529, 1537, 1690, 1726, 1918, 1984, 2072, 2099, 2198, 2250, 2466, 2469, 2497, 3075, 3101, 3142, 3480, 3540, 3602, 3694, 3782, 3938, 3976, 4073]
logs_monomial/n12_monomial3.txt.bz2.greedyext.20260222_020855.txt

27 94 140 251 257 274 377 378 456 556 651 800 886 1197 1239 1258 1362 1561 1591 1778 1897 1946 2039 2176 2461 2481 2488 2602 2765 3020 3196 3225 3434 3452 3631 3797
Iter#9749 New set #8 of size 36 (1218.6 its/hit = 0.375s/hit): seed=15080986474188079644 [27, 94, 140, 251, 257, 274, 377, 378, 456, 556, 651, 800, 886, 1197, 1239, 1258, 1362, 1561, 1591, 1778, 1897, 1946, 2039, 2176, 2461, 2481, 2488, 2602, 2765, 3020, 3196, 3225, 3434, 3452, 3631, 3797]
logs_monomial/n12_monomial3.txt.bz2.greedyext.20260220_220834.txt

76 100 119 205 209 236 253 480 493 537 641 708 882 1081 1190 1525 1728 1785 1788 1867 1958 2138 2175 2259 2314 2654 2805 2857 3124 3233 3234 3255 3406 3584 3853 3997
Iter#1649964 New set #800 of size 36 (2062.5 its/hit = 0.713s/hit): seed=890074844388630464 [76, 100, 119, 205, 209, 236, 253, 480, 493, 537, 641, 708, 882, 1081, 1190, 1525, 1728, 1785, 1788, 1867, 1958, 2138, 2175, 2259, 2314, 2654, 2805, 2857, 3124, 3233, 3234, 3255, 3406, 3584, 3853, 3997]
logs_monomial/n12_monomial3.txt.bz2.greedyext.20260223_084058.txt

