0 168 184 242 342 349 371 494 652 799 932 1105 1250 1314 1410 1453 1625 1709 1728 1889 1913 2001 2091 2100 2108 2122 2254 2276 2682 2716 2821 2862 2960 3167 3273 3287 3330 3342 3401 3420 3528 3566 3571 3581 3820 3970
Iter#18866707 New set #9 of size 46 (2096300.9 its/hit = 609.889s/hit): seed=5810336398014195112 [0, 168, 184, 242, 342, 349, 371, 494, 652, 799, 932, 1105, 1250, 1314, 1410, 1453, 1625, 1709, 1728, 1889, 1913, 2001, 2091, 2100, 2108, 2122, 2254, 2276, 2682, 2716, 2821, 2862, 2960, 3167, 3273, 3287, 3330, 3342, 3401, 3420, 3528, 3566, 3571, 3581, 3820, 3970]
logs_monomial/n12_monomial7.txt.bz2.greedyext.20260222_020855.txt

0 179 265 378 460 507 537 609 803 805 867 942 1004 1102 1169 1207 1216 1246 1362 1611 1655 1739 1927 1986 2110 2155 2285 2401 2413 2555 2595 2618 2638 2639 2645 2655 2817 3253 3337 3514 3568 3585 3589 3732 3834 4094
Iter#23529368 New set #8 of size 46 (2941171.0 its/hit = 834.375s/hit): seed=12313948260079575776 [0, 179, 265, 378, 460, 507, 537, 609, 803, 805, 867, 942, 1004, 1102, 1169, 1207, 1216, 1246, 1362, 1611, 1655, 1739, 1927, 1986, 2110, 2155, 2285, 2401, 2413, 2555, 2595, 2618, 2638, 2639, 2645, 2655, 2817, 3253, 3337, 3514, 3568, 3585, 3589, 3732, 3834, 4094]
logs_monomial/n12_monomial7.txt.bz2.greedyext.20260220_220834.txt

0 55 291 328 332 535 694 705 759 897 959 1061 1084 1126 1141 1253 1282 1284 1429 1550 1674 1764 1775 1811 1858 1966 2063 2126 2169 2204 2242 2365 2511 2579 2681 2906 3027 3162 3197 3305 3320 3341 3419 3629 3830 3961
Iter#19412767 New set #10 of size 46 (1941276.8 its/hit = 564.700s/hit): seed=4220182997022957541 [0, 55, 291, 328, 332, 535, 694, 705, 759, 897, 959, 1061, 1084, 1126, 1141, 1253, 1282, 1284, 1429, 1550, 1674, 1764, 1775, 1811, 1858, 1966, 2063, 2126, 2169, 2204, 2242, 2365, 2511, 2579, 2681, 2906, 3027, 3162, 3197, 3305, 3320, 3341, 3419, 3629, 3830, 3961]
logs_monomial/n12_monomial7.txt.bz2.greedyext.20260222_020855.txt

0 51 177 190 300 519 534 602 773 811 841 1107 1420 1644 1663 1735 1800 1815 1958 2013 2087 2119 2260 2316 2321 2470 2488 2534 2569 2609 3038 3124 3265 3321 3532 3583 3640 3658 3707 3747 3828 3976 3978 3981 4054 4060
Iter#3721772 New set #2 of size 46 (1860886.0 its/hit = 540.500s/hit): seed=13906165830844503339 [0, 51, 177, 190, 300, 519, 534, 602, 773, 811, 841, 1107, 1420, 1644, 1663, 1735, 1800, 1815, 1958, 2013, 2087, 2119, 2260, 2316, 2321, 2470, 2488, 2534, 2569, 2609, 3038, 3124, 3265, 3321, 3532, 3583, 3640, 3658, 3707, 3747, 3828, 3976, 3978, 3981, 4054, 4060]
logs_monomial/n12_monomial7.txt.bz2.greedyext.20260222_020855.txt

0 87 164 271 413 467 487 842 846 876 1158 1165 1176 1296 1666 1785 1822 1890 1926 2028 2054 2088 2264 2282 2318 2345 2361 2474 2516 2519 2551 2672 2884 2892 2921 3000 3088 3143 3311 3346 3441 3511 3781 3833 3872 3926
Iter#13946290 New set #1 of size 46 (13946290.0 its/hit = 4089.000s/hit): seed=7289127389144515566 [0, 87, 164, 271, 413, 467, 487, 842, 846, 876, 1158, 1165, 1176, 1296, 1666, 1785, 1822, 1890, 1926, 2028, 2054, 2088, 2264, 2282, 2318, 2345, 2361, 2474, 2516, 2519, 2551, 2672, 2884, 2892, 2921, 3000, 3088, 3143, 3311, 3346, 3441, 3511, 3781, 3833, 3872, 3926]
logs_monomial/n12_monomial7.txt.bz2.greedyext.20260223_084058.txt

0 19 46 87 212 364 367 382 404 417 428 434 578 614 709 849 1006 1108 1193 1270 1342 1710 1746 1964 2062 2080 2151 2162 2451 2529 2561 2640 2876 2904 2905 2956 2977 3088 3143 3245 3249 3291 3509 3550 3575 3927
Iter#9149745 New set #4 of size 46 (2287436.2 its/hit = 648.000s/hit): seed=10465813121573795605 [0, 19, 46, 87, 212, 364, 367, 382, 404, 417, 428, 434, 578, 614, 709, 849, 1006, 1108, 1193, 1270, 1342, 1710, 1746, 1964, 2062, 2080, 2151, 2162, 2451, 2529, 2561, 2640, 2876, 2904, 2905, 2956, 2977, 3088, 3143, 3245, 3249, 3291, 3509, 3550, 3575, 3927]
logs_monomial/n12_monomial7.txt.bz2.greedyext.20260220_220834.txt

0 168 303 353 382 467 472 485 894 1037 1190 1208 1331 1417 1493 1521 1542 1725 1746 1913 1964 1966 1981 1990 2001 2044 2067 2241 2282 2298 2361 2464 2598 2670 2674 2808 3027 3104 3141 3156 3197 3505 3535 3554 3846 3933
Iter#3315802 New set #2 of size 46 (1657901.0 its/hit = 469.500s/hit): seed=12126686052112750600 [0, 168, 303, 353, 382, 467, 472, 485, 894, 1037, 1190, 1208, 1331, 1417, 1493, 1521, 1542, 1725, 1746, 1913, 1964, 1966, 1981, 1990, 2001, 2044, 2067, 2241, 2282, 2298, 2361, 2464, 2598, 2670, 2674, 2808, 3027, 3104, 3141, 3156, 3197, 3505, 3535, 3554, 3846, 3933]
logs_monomial/n12_monomial7.txt.bz2.greedyext.20260220_220834.txt

0 16 130 135 192 276 292 512 634 638 765 788 936 1330 1357 1359 1378 1414 1470 1535 1547 1583 1599 1767 1868 1900 2066 2113 2173 2258 2309 2390 2404 2405 2412 2460 2523 2666 2792 3078 3144 3171 3304 3579 3584 4048
Iter#2002582 New set #1 of size 46 (2002582.0 its/hit = 582.000s/hit): seed=9962672734082718534 [0, 16, 130, 135, 192, 276, 292, 512, 634, 638, 765, 788, 936, 1330, 1357, 1359, 1378, 1414, 1470, 1535, 1547, 1583, 1599, 1767, 1868, 1900, 2066, 2113, 2173, 2258, 2309, 2390, 2404, 2405, 2412, 2460, 2523, 2666, 2792, 3078, 3144, 3171, 3304, 3579, 3584, 4048]
logs_monomial/n12_monomial7.txt.bz2.greedyext.20260222_020855.txt

0 28 371 396 416 848 865 897 993 1105 1246 1275 1314 1357 1519 1564 1669 1854 2140 2155 2228 2272 2289 2300 2309 2652 2695 2832 3008 3029 3051 3144 3217 3239 3253 3254 3320 3377 3438 3513 3548 3612 3961 3984 4019 4070
Iter#22604992 New set #7 of size 46 (3229284.5 its/hit = 916.286s/hit): seed=12681637275029041077 [0, 28, 371, 396, 416, 848, 865, 897, 993, 1105, 1246, 1275, 1314, 1357, 1519, 1564, 1669, 1854, 2140, 2155, 2228, 2272, 2289, 2300, 2309, 2652, 2695, 2832, 3008, 3029, 3051, 3144, 3217, 3239, 3253, 3254, 3320, 3377, 3438, 3513, 3548, 3612, 3961, 3984, 4019, 4070]
logs_monomial/n12_monomial7.txt.bz2.greedyext.20260220_220834.txt

0 16 58 151 500 502 554 566 587 639 733 755 1109 1145 1151 1218 1259 1273 1455 1546 1583 1599 1615 1708 1771 1798 1880 2020 2064 2387 2671 2696 2948 2972 2988 3006 3075 3205 3242 3289 3372 3447 3573 3588 3683 3759
Iter#12499194 New set #6 of size 46 (2083199.0 its/hit = 590.667s/hit): seed=16992452293960531264 [0, 16, 58, 151, 500, 502, 554, 566, 587, 639, 733, 755, 1109, 1145, 1151, 1218, 1259, 1273, 1455, 1546, 1583, 1599, 1615, 1708, 1771, 1798, 1880, 2020, 2064, 2387, 2671, 2696, 2948, 2972, 2988, 3006, 3075, 3205, 3242, 3289, 3372, 3447, 3573, 3588, 3683, 3759]
logs_monomial/n12_monomial7.txt.bz2.greedyext.20260220_220834.txt

0 404 425 475 490 603 623 662 705 709 804 849 896 917 964 993 1056 1061 1066 1082 1251 1289 1560 1764 2146 2153 2161 2289 2454 2646 2768 2804 2832 2901 2937 2963 3133 3136 3315 3500 3631 3697 3702 3942 4025 4089
Iter#24548043 New set #9 of size 46 (2727560.5 its/hit = 773.556s/hit): seed=3681565308600738958 [0, 404, 425, 475, 490, 603, 623, 662, 705, 709, 804, 849, 896, 917, 964, 993, 1056, 1061, 1066, 1082, 1251, 1289, 1560, 1764, 2146, 2153, 2161, 2289, 2454, 2646, 2768, 2804, 2832, 2901, 2937, 2963, 3133, 3136, 3315, 3500, 3631, 3697, 3702, 3942, 4025, 4089]
logs_monomial/n12_monomial7.txt.bz2.greedyext.20260220_220834.txt

0 34 240 259 421 491 611 659 720 1027 1154 1188 1193 1288 1446 1543 1588 1676 1725 1745 1779 1796 1813 1828 2090 2162 2240 2496 2497 2590 2649 2760 2808 2854 2946 3138 3141 3272 3291 3324 3339 3453 3498 3577 3878 3881
Iter#5477843 New set #3 of size 46 (1825947.6 its/hit = 531.000s/hit): seed=10017038603679905450 [0, 34, 240, 259, 421, 491, 611, 659, 720, 1027, 1154, 1188, 1193, 1288, 1446, 1543, 1588, 1676, 1725, 1745, 1779, 1796, 1813, 1828, 2090, 2162, 2240, 2496, 2497, 2590, 2649, 2760, 2808, 2854, 2946, 3138, 3141, 3272, 3291, 3324, 3339, 3453, 3498, 3577, 3878, 3881]
logs_monomial/n12_monomial7.txt.bz2.greedyext.20260222_020855.txt

0 68 70 147 159 310 375 484 613 627 635 866 932 989 1142 1212 1233 1388 1511 1670 1743 1805 1867 2040 2100 2168 2743 2787 2916 2960 3155 3160 3173 3348 3407 3471 3490 3493 3558 3858 3895 3898 3982 4008 4062 4074
Iter#31381795 New set #3 of size 46 (10460599.0 its/hit = 3061.333s/hit): seed=11919236029210640003 [0, 68, 70, 147, 159, 310, 375, 484, 613, 627, 635, 866, 932, 989, 1142, 1212, 1233, 1388, 1511, 1670, 1743, 1805, 1867, 2040, 2100, 2168, 2743, 2787, 2916, 2960, 3155, 3160, 3173, 3348, 3407, 3471, 3490, 3493, 3558, 3858, 3895, 3898, 3982, 4008, 4062, 4074]
logs_monomial/n12_monomial7.txt.bz2.greedyext.20260223_084058.txt

0 142 175 331 389 408 691 808 1056 1073 1075 1083 1164 1205 1223 1350 1402 1418 1466 1513 1637 1698 1820 1863 2053 2098 2141 2393 2498 2520 2526 2646 2890 3044 3098 3158 3246 3262 3266 3299 3458 3613 3702 3737 4007 4055
Iter#35993336 New set #5 of size 46 (7198667.0 its/hit = 2105.800s/hit): seed=15570160810876641521 [0, 142, 175, 331, 389, 408, 691, 808, 1056, 1073, 1075, 1083, 1164, 1205, 1223, 1350, 1402, 1418, 1466, 1513, 1637, 1698, 1820, 1863, 2053, 2098, 2141, 2393, 2498, 2520, 2526, 2646, 2890, 3044, 3098, 3158, 3246, 3262, 3266, 3299, 3458, 3613, 3702, 3737, 4007, 4055]
logs_monomial/n12_monomial7.txt.bz2.greedyext.20260223_084058.txt

0 58 322 341 397 456 540 562 624 676 690 753 818 831 839 1018 1059 1502 1632 1656 1814 1845 1931 1997 2132 2196 2225 2238 2273 2536 2552 2586 2680 2693 2948 3006 3060 3062 3072 3237 3391 3475 3547 3668 3871 3993
Iter#32740758 New set #4 of size 46 (8185189.5 its/hit = 2395.000s/hit): seed=14337423845652019858 [0, 58, 322, 341, 397, 456, 540, 562, 624, 676, 690, 753, 818, 831, 839, 1018, 1059, 1502, 1632, 1656, 1814, 1845, 1931, 1997, 2132, 2196, 2225, 2238, 2273, 2536, 2552, 2586, 2680, 2693, 2948, 3006, 3060, 3062, 3072, 3237, 3391, 3475, 3547, 3668, 3871, 3993]
logs_monomial/n12_monomial7.txt.bz2.greedyext.20260223_084058.txt

0 83 308 330 336 358 363 587 635 776 790 882 1101 1102 1455 1472 2009 2020 2136 2159 2221 2308 2322 2325 2447 2469 2548 2550 2639 2663 2736 2809 2812 2975 3003 3018 3091 3493 3522 3585 3710 3826 3914 3952 4002 4062
Iter#40781481 New set #7 of size 46 (5825925.5 its/hit = 1704.286s/hit): seed=14079428173985132068 [0, 83, 308, 330, 336, 358, 363, 587, 635, 776, 790, 882, 1101, 1102, 1455, 1472, 2009, 2020, 2136, 2159, 2221, 2308, 2322, 2325, 2447, 2469, 2548, 2550, 2639, 2663, 2736, 2809, 2812, 2975, 3003, 3018, 3091, 3493, 3522, 3585, 3710, 3826, 3914, 3952, 4002, 4062]
logs_monomial/n12_monomial7.txt.bz2.greedyext.20260223_084058.txt

0 82 116 120 142 255 471 493 595 892 907 964 1076 1083 1159 1205 1237 1295 1728 1755 1762 1846 1943 2019 2274 2364 2372 2524 2737 2862 2878 2879 3009 3071 3133 3208 3383 3423 3435 3549 3560 3566 3607 3772 3824 4089
Iter#3651029 New set #3 of size 46 (1217009.6 its/hit = 344.667s/hit): seed=1599150901062481336 [0, 82, 116, 120, 142, 255, 471, 493, 595, 892, 907, 964, 1076, 1083, 1159, 1205, 1237, 1295, 1728, 1755, 1762, 1846, 1943, 2019, 2274, 2364, 2372, 2524, 2737, 2862, 2878, 2879, 3009, 3071, 3133, 3208, 3383, 3423, 3435, 3549, 3560, 3566, 3607, 3772, 3824, 4089]
logs_monomial/n12_monomial7.txt.bz2.greedyext.20260220_220834.txt

0 46 71 225 311 406 436 469 574 822 844 1110 1114 1267 1354 1573 1726 1797 1818 1909 1989 2032 2062 2080 2154 2244 2306 2415 2446 2501 2547 2556 2607 2664 2852 2874 3016 3105 3365 3446 3487 3696 3703 3771 3855 3867
Iter#17343610 New set #2 of size 46 (8671805.0 its/hit = 2544.500s/hit): seed=16111536674653996075 [0, 46, 71, 225, 311, 406, 436, 469, 574, 822, 844, 1110, 1114, 1267, 1354, 1573, 1726, 1797, 1818, 1909, 1989, 2032, 2062, 2080, 2154, 2244, 2306, 2415, 2446, 2501, 2547, 2556, 2607, 2664, 2852, 2874, 3016, 3105, 3365, 3446, 3487, 3696, 3703, 3771, 3855, 3867]
logs_monomial/n12_monomial7.txt.bz2.greedyext.20260223_084058.txt

0 24 27 42 147 187 375 455 484 497 554 569 724 1025 1382 1635 1681 1738 1752 2027 2124 2165 2487 2712 2727 2755 2776 2785 2826 2838 2912 3115 3205 3281 3325 3364 3405 3413 3473 3515 3643 3759 3812 3851 3869 4042
Iter#14235817 New set #6 of size 46 (2372636.2 its/hit = 691.167s/hit): seed=6698897057840407943 [0, 24, 27, 42, 147, 187, 375, 455, 484, 497, 554, 569, 724, 1025, 1382, 1635, 1681, 1738, 1752, 2027, 2124, 2165, 2487, 2712, 2727, 2755, 2776, 2785, 2826, 2838, 2912, 3115, 3205, 3281, 3325, 3364, 3405, 3413, 3473, 3515, 3643, 3759, 3812, 3851, 3869, 4042]
logs_monomial/n12_monomial7.txt.bz2.greedyext.20260222_020855.txt

0 17 39 121 167 232 235 274 435 664 773 814 846 875 1054 1097 1127 1357 2123 2167 2208 2309 2316 2427 2494 2569 2576 2704 2828 2845 3080 3100 3134 3144 3203 3354 3376 3511 3620 3654 3681 3715 3716 3833 3886 4038
Iter#7617503 New set #4 of size 46 (1904375.8 its/hit = 554.250s/hit): seed=9261935269783431856 [0, 17, 39, 121, 167, 232, 235, 274, 435, 664, 773, 814, 846, 875, 1054, 1097, 1127, 1357, 2123, 2167, 2208, 2309, 2316, 2427, 2494, 2569, 2576, 2704, 2828, 2845, 3080, 3100, 3134, 3144, 3203, 3354, 3376, 3511, 3620, 3654, 3681, 3715, 3716, 3833, 3886, 4038]
logs_monomial/n12_monomial7.txt.bz2.greedyext.20260222_020855.txt

0 91 95 149 355 386 498 541 622 660 669 719 781 900 950 1036 1072 1130 1166 1206 1227 1398 1555 1613 1750 1792 1829 1843 1914 2030 2116 2137 2203 2295 2426 2486 2658 2798 3040 3177 3323 3657 3693 3798 3832 3992
Iter#8279398 New set #5 of size 46 (1655879.6 its/hit = 481.800s/hit): seed=9117153518612917475 [0, 91, 95, 149, 355, 386, 498, 541, 622, 660, 669, 719, 781, 900, 950, 1036, 1072, 1130, 1166, 1206, 1227, 1398, 1555, 1613, 1750, 1792, 1829, 1843, 1914, 2030, 2116, 2137, 2203, 2295, 2426, 2486, 2658, 2798, 3040, 3177, 3323, 3657, 3693, 3798, 3832, 3992]
logs_monomial/n12_monomial7.txt.bz2.greedyext.20260222_020855.txt

0 103 121 423 482 493 577 724 999 1034 1054 1120 1127 1322 1381 1569 1590 1604 1617 1755 1757 1846 1896 1941 1968 2029 2092 2124 2206 2434 2585 2712 2779 2908 2997 3293 3406 3634 3641 3691 3758 3802 3825 3849 3891 3977
Iter#3113946 New set #1 of size 46 (3113946.0 its/hit = 882.000s/hit): seed=17704139746613507699 [0, 103, 121, 423, 482, 493, 577, 724, 999, 1034, 1054, 1120, 1127, 1322, 1381, 1569, 1590, 1604, 1617, 1755, 1757, 1846, 1896, 1941, 1968, 2029, 2092, 2124, 2206, 2434, 2585, 2712, 2779, 2908, 2997, 3293, 3406, 3634, 3641, 3691, 3758, 3802, 3825, 3849, 3891, 3977]
logs_monomial/n12_monomial7.txt.bz2.greedyext.20260220_220834.txt

0 85 104 175 352 396 845 919 986 1155 1350 1483 1507 1513 1628 1682 1727 1757 1770 1840 1906 1921 1965 1966 2092 2385 2409 2420 2503 2617 2877 3027 3056 3151 3165 3197 3510 3612 3692 3792 3825 3831 3843 3947 3984 4091
Iter#42673301 New set #8 of size 46 (5334162.5 its/hit = 1560.375s/hit): seed=15857051734122507216 [0, 85, 104, 175, 352, 396, 845, 919, 986, 1155, 1350, 1483, 1507, 1513, 1628, 1682, 1727, 1757, 1770, 1840, 1906, 1921, 1965, 1966, 2092, 2385, 2409, 2420, 2503, 2617, 2877, 3027, 3056, 3151, 3165, 3197, 3510, 3612, 3692, 3792, 3825, 3831, 3843, 3947, 3984, 4091]
logs_monomial/n12_monomial7.txt.bz2.greedyext.20260223_084058.txt

0 114 140 144 177 314 425 515 559 646 794 928 1047 1107 1177 1380 1398 1501 1592 1642 1662 1669 1690 1786 1815 1958 2187 2297 2574 2738 2768 2798 2868 2937 3038 3051 3275 3438 3461 3610 3621 3661 3734 3951 3981 3992
Iter#14529612 New set #7 of size 46 (2075658.9 its/hit = 604.571s/hit): seed=9040348969195182848 [0, 114, 140, 144, 177, 314, 425, 515, 559, 646, 794, 928, 1047, 1107, 1177, 1380, 1398, 1501, 1592, 1642, 1662, 1669, 1690, 1786, 1815, 1958, 2187, 2297, 2574, 2738, 2768, 2798, 2868, 2937, 3038, 3051, 3275, 3438, 3461, 3610, 3621, 3661, 3734, 3951, 3981, 3992]
logs_monomial/n12_monomial7.txt.bz2.greedyext.20260222_020855.txt

0 141 307 516 590 803 824 933 949 978 1025 1184 1189 1294 1303 1307 1492 1526 1697 1714 1756 1870 1903 1947 2145 2257 2350 2352 2413 2445 2603 2638 2707 2826 3142 3322 3389 3445 3450 3635 3755 3810 3851 3955 3999 4061
Iter#38803402 New set #6 of size 46 (6467233.5 its/hit = 1892.000s/hit): seed=15214655522895145785 [0, 141, 307, 516, 590, 803, 824, 933, 949, 978, 1025, 1184, 1189, 1294, 1303, 1307, 1492, 1526, 1697, 1714, 1756, 1870, 1903, 1947, 2145, 2257, 2350, 2352, 2413, 2445, 2603, 2638, 2707, 2826, 3142, 3322, 3389, 3445, 3450, 3635, 3755, 3810, 3851, 3955, 3999, 4061]
logs_monomial/n12_monomial7.txt.bz2.greedyext.20260223_084058.txt

0 145 164 179 183 317 330 367 789 955 1035 1052 1277 1364 1564 1862 1896 1925 2059 2102 2136 2236 2315 2318 2322 2411 2474 2767 2772 2889 2913 2997 3008 3032 3126 3135 3249 3293 3300 3337 3514 3548 3550 3780 3784 3875
Iter#43838586 New set #9 of size 46 (4870954.0 its/hit = 1424.778s/hit): seed=419608492860230431 [0, 145, 164, 179, 183, 317, 330, 367, 789, 955, 1035, 1052, 1277, 1364, 1564, 1862, 1896, 1925, 2059, 2102, 2136, 2236, 2315, 2318, 2322, 2411, 2474, 2767, 2772, 2889, 2913, 2997, 3008, 3032, 3126, 3135, 3249, 3293, 3300, 3337, 3514, 3548, 3550, 3780, 3784, 3875]
logs_monomial/n12_monomial7.txt.bz2.greedyext.20260223_084058.txt

0 41 219 294 324 507 522 566 629 668 721 723 750 772 968 1071 1091 1102 1145 1607 1615 1793 1835 1879 2214 2215 2388 2452 2477 2482 2517 2591 2614 2639 2676 2865 2976 3112 3436 3569 3585 3589 3733 3859 4081 4094
Iter#15693950 New set #8 of size 46 (1961743.8 its/hit = 571.500s/hit): seed=3771685085851195293 [0, 41, 219, 294, 324, 507, 522, 566, 629, 668, 721, 723, 750, 772, 968, 1071, 1091, 1102, 1145, 1607, 1615, 1793, 1835, 1879, 2214, 2215, 2388, 2452, 2477, 2482, 2517, 2591, 2614, 2639, 2676, 2865, 2976, 3112, 3436, 3569, 3585, 3589, 3733, 3859, 4081, 4094]
logs_monomial/n12_monomial7.txt.bz2.greedyext.20260222_020855.txt

0 33 202 207 335 348 381 384 396 400 702 718 756 901 1056 1074 1125 1216 1695 1734 1760 1904 1931 1988 2196 2327 2377 2513 2525 2618 2646 2708 2764 2774 3083 3448 3552 3605 3612 3702 3763 3834 3871 3934 3984 4022
Iter#9502564 New set #5 of size 46 (1900512.8 its/hit = 538.400s/hit): seed=16617958972150077428 [0, 33, 202, 207, 335, 348, 381, 384, 396, 400, 702, 718, 756, 901, 1056, 1074, 1125, 1216, 1695, 1734, 1760, 1904, 1931, 1988, 2196, 2327, 2377, 2513, 2525, 2618, 2646, 2708, 2764, 2774, 3083, 3448, 3552, 3605, 3612, 3702, 3763, 3834, 3871, 3934, 3984, 4022]
logs_monomial/n12_monomial7.txt.bz2.greedyext.20260220_220834.txt

