129 250 347 582 688 817 846 852 1001 1032 1051 1055 1304 1355 1399 1411 1446 1847 1959 2046 2229 2279 2318 2484 2575 2610 2730 2946 3005 3102 3128 3448 3465 3514 3592 3609 3640 3662 3670 3694 3805 3815 3850 3859 3932 3962
Iter#398577 New set #20 of size 46 (19928.8 its/hit = 5.150s/hit): seed=14981150409283519058 [129, 250, 347, 582, 688, 817, 846, 852, 1001, 1032, 1051, 1055, 1304, 1355, 1399, 1411, 1446, 1847, 1959, 2046, 2229, 2279, 2318, 2484, 2575, 2610, 2730, 2946, 3005, 3102, 3128, 3448, 3465, 3514, 3592, 3609, 3640, 3662, 3670, 3694, 3805, 3815, 3850, 3859, 3932, 3962]
logs_monomial/n12_monomial5.txt.bz2.greedyext.20260223_084058.txt

231 322 325 643 709 726 777 955 1138 1200 1236 1343 1518 1551 1562 1617 1741 1895 1909 2003 2062 2112 2116 2149 2210 2318 2449 2455 2546 2573 2897 2985 3127 3137 3221 3233 3549 3602 3678 3701 3742 3766 3812 3839 3909 3935
Iter#8584715 New set #600 of size 46 (14307.9 its/hit = 3.693s/hit): seed=7446520595222329841 [231, 322, 325, 643, 709, 726, 777, 955, 1138, 1200, 1236, 1343, 1518, 1551, 1562, 1617, 1741, 1895, 1909, 2003, 2062, 2112, 2116, 2149, 2210, 2318, 2449, 2455, 2546, 2573, 2897, 2985, 3127, 3137, 3221, 3233, 3549, 3602, 3678, 3701, 3742, 3766, 3812, 3839, 3909, 3935]
logs_monomial/n12_monomial5.txt.bz2.greedyext.20260222_020855.txt

25 84 250 300 478 560 653 714 719 820 961 1032 1069 1142 1237 1366 1462 1622 1638 1742 1786 1804 1878 1905 2082 2324 2328 2352 2385 2501 2570 2581 2590 2698 2779 3343 3524 3569 3635 3673 3803 3900 3902 3917 3992 4039
Iter#3139913 New set #200 of size 46 (15699.6 its/hit = 4.055s/hit): seed=6247346809339514939 [25, 84, 250, 300, 478, 560, 653, 714, 719, 820, 961, 1032, 1069, 1142, 1237, 1366, 1462, 1622, 1638, 1742, 1786, 1804, 1878, 1905, 2082, 2324, 2328, 2352, 2385, 2501, 2570, 2581, 2590, 2698, 2779, 3343, 3524, 3569, 3635, 3673, 3803, 3900, 3902, 3917, 3992, 4039]
logs_monomial/n12_monomial5.txt.bz2.greedyext.20260222_020855.txt

269 325 330 444 486 566 632 792 884 1015 1194 1341 1434 1538 1600 1717 1946 1959 1982 2036 2107 2219 2332 2348 2601 2711 2892 2935 2980 3068 3121 3183 3347 3381 3586 3595 3615 3665 3701 3703 3719 3777 3937 3952 4006 4017
Iter#158898 New set #6 of size 46 (26483.0 its/hit = 6.833s/hit): seed=4552757971859248355 [269, 325, 330, 444, 486, 566, 632, 792, 884, 1015, 1194, 1341, 1434, 1538, 1600, 1717, 1946, 1959, 1982, 2036, 2107, 2219, 2332, 2348, 2601, 2711, 2892, 2935, 2980, 3068, 3121, 3183, 3347, 3381, 3586, 3595, 3615, 3665, 3701, 3703, 3719, 3777, 3937, 3952, 4006, 4017]
logs_monomial/n12_monomial5.txt.bz2.greedyext.20260223_084058.txt

130 173 345 354 416 745 786 886 981 1104 1174 1250 1297 1321 1678 1729 1758 1924 1995 2045 2051 2161 2175 2369 2379 2402 2476 2483 2501 2527 2596 2738 2876 2962 2969 3077 3165 3175 3176 3228 3536 3597 3622 3810 3879 4071
Iter#1149142 New set #80 of size 46 (14364.3 its/hit = 3.925s/hit): seed=4749309616573331303 [130, 173, 345, 354, 416, 745, 786, 886, 981, 1104, 1174, 1250, 1297, 1321, 1678, 1729, 1758, 1924, 1995, 2045, 2051, 2161, 2175, 2369, 2379, 2402, 2476, 2483, 2501, 2527, 2596, 2738, 2876, 2962, 2969, 3077, 3165, 3175, 3176, 3228, 3536, 3597, 3622, 3810, 3879, 4071]
logs_monomial/n12_monomial5.txt.bz2.greedyext.20260223_084058.txt

139 147 168 199 202 328 470 668 677 693 723 765 889 938 1023 1025 1090 1201 1255 1302 1317 1607 1665 1765 1827 1920 2065 2266 2281 2389 2520 2604 2725 2773 2821 2846 3039 3108 3187 3226 3311 3362 3579 3620 3890 4049
Iter#603071 New set #40 of size 46 (15076.8 its/hit = 4.100s/hit): seed=17567088135090444292 [139, 147, 168, 199, 202, 328, 470, 668, 677, 693, 723, 765, 889, 938, 1023, 1025, 1090, 1201, 1255, 1302, 1317, 1607, 1665, 1765, 1827, 1920, 2065, 2266, 2281, 2389, 2520, 2604, 2725, 2773, 2821, 2846, 3039, 3108, 3187, 3226, 3311, 3362, 3579, 3620, 3890, 4049]
logs_monomial/n12_monomial5.txt.bz2.greedyext.20260223_084058.txt

45 169 280 318 323 350 563 668 948 954 1088 1100 1176 1462 1680 1814 1898 1965 2127 2144 2216 2231 2507 2547 2735 2880 2917 2943 2966 2975 3039 3043 3203 3293 3393 3399 3456 3490 3528 3569 3642 3657 3764 3841 3999 4015
Iter#10034560 New set #700 of size 46 (14335.1 its/hit = 3.701s/hit): seed=4584482175565124319 [45, 169, 280, 318, 323, 350, 563, 668, 948, 954, 1088, 1100, 1176, 1462, 1680, 1814, 1898, 1965, 2127, 2144, 2216, 2231, 2507, 2547, 2735, 2880, 2917, 2943, 2966, 2975, 3039, 3043, 3203, 3293, 3393, 3399, 3456, 3490, 3528, 3569, 3642, 3657, 3764, 3841, 3999, 4015]
logs_monomial/n12_monomial5.txt.bz2.greedyext.20260222_020855.txt

20 248 307 334 358 450 467 646 762 796 822 862 993 1079 1094 1205 1281 1341 1422 1462 1493 1745 1791 1832 1839 1940 2109 2116 2234 2516 2562 2606 2651 2691 2760 2877 2919 3129 3221 3290 3599 3640 3699 3714 3881 3919
Iter#14009425 New set #1000 of size 46 (14009.4 its/hit = 3.619s/hit): seed=14225058864371697820 [20, 248, 307, 334, 358, 450, 467, 646, 762, 796, 822, 862, 993, 1079, 1094, 1205, 1281, 1341, 1422, 1462, 1493, 1745, 1791, 1832, 1839, 1940, 2109, 2116, 2234, 2516, 2562, 2606, 2651, 2691, 2760, 2877, 2919, 3129, 3221, 3290, 3599, 3640, 3699, 3714, 3881, 3919]
logs_monomial/n12_monomial5.txt.bz2.greedyext.20260222_020855.txt

156 192 450 546 758 786 853 959 973 981 983 1077 1213 1220 1442 1445 1503 1627 1659 1669 1776 1781 1838 1924 2059 2146 2190 2264 2365 2424 2426 2478 2535 2653 2955 3196 3197 3262 3296 3618 3714 3812 3862 3910 4054 4065
Iter#63369 New set #4 of size 46 (15842.2 its/hit = 5.250s/hit): seed=3473242253167880452 [156, 192, 450, 546, 758, 786, 853, 959, 973, 981, 983, 1077, 1213, 1220, 1442, 1445, 1503, 1627, 1659, 1669, 1776, 1781, 1838, 1924, 2059, 2146, 2190, 2264, 2365, 2424, 2426, 2478, 2535, 2653, 2955, 3196, 3197, 3262, 3296, 3618, 3714, 3812, 3862, 3910, 4054, 4065]
logs_monomial/n12_monomial5.txt.bz2.greedyext.20260220_220834.txt

79 111 142 188 537 667 691 707 765 830 873 919 1191 1552 1650 1706 1785 1883 1886 1922 2062 2091 2227 2322 2569 2608 2643 2791 2867 2903 2952 3041 3112 3212 3356 3377 3392 3408 3409 3511 3563 3821 3851 3863 3864 4021
Iter#1585184 New set #100 of size 46 (15851.8 its/hit = 4.090s/hit): seed=79167536909310147 [79, 111, 142, 188, 537, 667, 691, 707, 765, 830, 873, 919, 1191, 1552, 1650, 1706, 1785, 1883, 1886, 1922, 2062, 2091, 2227, 2322, 2569, 2608, 2643, 2791, 2867, 2903, 2952, 3041, 3112, 3212, 3356, 3377, 3392, 3408, 3409, 3511, 3563, 3821, 3851, 3863, 3864, 4021]
logs_monomial/n12_monomial5.txt.bz2.greedyext.20260222_020855.txt

5 115 295 372 408 461 479 557 649 808 869 914 927 933 1306 1536 1774 1832 1921 1971 2224 2317 2411 2442 2518 2566 2598 2613 2655 2660 2691 2694 2795 2834 2864 2929 3101 3523 3553 3589 3652 3730 3799 3876 4065 4071
Iter#98001 New set #8 of size 46 (12250.1 its/hit = 4.000s/hit): seed=7120919308198274989 [5, 115, 295, 372, 408, 461, 479, 557, 649, 808, 869, 914, 927, 933, 1306, 1536, 1774, 1832, 1921, 1971, 2224, 2317, 2411, 2442, 2518, 2566, 2598, 2613, 2655, 2660, 2691, 2694, 2795, 2834, 2864, 2929, 3101, 3523, 3553, 3589, 3652, 3730, 3799, 3876, 4065, 4071]
logs_monomial/n12_monomial5.txt.bz2.greedyext.20260220_220834.txt

52 246 393 408 500 604 644 681 693 723 831 900 901 911 1015 1108 1116 1238 1389 1564 1614 1699 1720 1902 2183 2193 2207 2224 2258 2286 2369 2431 2519 2735 2897 2936 3062 3072 3260 3401 3508 3666 3875 3887 3991 4086
Iter#13147208 New set #900 of size 46 (14608.0 its/hit = 4.820s/hit): seed=8665867669004170060 [52, 246, 393, 408, 500, 604, 644, 681, 693, 723, 831, 900, 901, 911, 1015, 1108, 1116, 1238, 1389, 1564, 1614, 1699, 1720, 1902, 2183, 2193, 2207, 2224, 2258, 2286, 2369, 2431, 2519, 2735, 2897, 2936, 3062, 3072, 3260, 3401, 3508, 3666, 3875, 3887, 3991, 4086]
logs_monomial/n12_monomial5.txt.bz2.greedyext.20260220_220834.txt

236 279 346 348 441 488 588 589 653 725 880 1015 1048 1276 1353 1537 1719 1759 1883 1911 2190 2318 2418 2469 2484 2524 2586 2643 2680 2881 3114 3210 3274 3281 3404 3410 3459 3486 3515 3522 3529 3655 3664 3913 3916 4047
Iter#189345 New set #10 of size 46 (18934.5 its/hit = 4.800s/hit): seed=8391731832490979099 [236, 279, 346, 348, 441, 488, 588, 589, 653, 725, 880, 1015, 1048, 1276, 1353, 1537, 1719, 1759, 1883, 1911, 2190, 2318, 2418, 2469, 2484, 2524, 2586, 2643, 2680, 2881, 3114, 3210, 3274, 3281, 3404, 3410, 3459, 3486, 3515, 3522, 3529, 3655, 3664, 3913, 3916, 4047]
logs_monomial/n12_monomial5.txt.bz2.greedyext.20260223_084058.txt

124 194 246 340 407 481 817 893 1081 1119 1228 1358 1569 1633 1723 1833 1859 1963 2153 2155 2192 2197 2286 2392 2453 2648 2669 2698 2716 2735 2774 2836 3096 3110 3204 3276 3328 3595 3610 3645 3761 3766 3784 3888 4057 4078
Iter#170920 New set #8 of size 46 (21365.0 its/hit = 5.500s/hit): seed=5691157153735022875 [124, 194, 246, 340, 407, 481, 817, 893, 1081, 1119, 1228, 1358, 1569, 1633, 1723, 1833, 1859, 1963, 2153, 2155, 2192, 2197, 2286, 2392, 2453, 2648, 2669, 2698, 2716, 2735, 2774, 2836, 3096, 3110, 3204, 3276, 3328, 3595, 3610, 3645, 3761, 3766, 3784, 3888, 4057, 4078]
logs_monomial/n12_monomial5.txt.bz2.greedyext.20260223_084058.txt

125 126 133 285 306 315 445 504 594 615 643 789 986 1003 1159 1176 1315 1325 1426 1552 1580 1632 1643 1749 1762 1782 1929 2043 2155 2172 2310 2377 2433 2571 2637 2719 2765 2796 3216 3552 3644 3720 3823 3848 3852 3916
Iter#120267 New set #10 of size 46 (12026.7 its/hit = 4.000s/hit): seed=334645387440862132 [125, 126, 133, 285, 306, 315, 445, 504, 594, 615, 643, 789, 986, 1003, 1159, 1176, 1315, 1325, 1426, 1552, 1580, 1632, 1643, 1749, 1762, 1782, 1929, 2043, 2155, 2172, 2310, 2377, 2433, 2571, 2637, 2719, 2765, 2796, 3216, 3552, 3644, 3720, 3823, 3848, 3852, 3916]
logs_monomial/n12_monomial5.txt.bz2.greedyext.20260220_220834.txt

92 198 328 387 596 618 764 765 804 862 974 1387 1460 1545 1562 1768 1852 1882 1899 1983 1993 2022 2025 2046 2176 2275 2313 2314 2435 2468 2716 2736 2756 2797 2976 3343 3349 3418 3465 3598 3783 3785 3854 3942 3975 4016
Iter#837318 New set #60 of size 46 (13955.3 its/hit = 3.867s/hit): seed=8167578777002144029 [92, 198, 328, 387, 596, 618, 764, 765, 804, 862, 974, 1387, 1460, 1545, 1562, 1768, 1852, 1882, 1899, 1983, 1993, 2022, 2025, 2046, 2176, 2275, 2313, 2314, 2435, 2468, 2716, 2736, 2756, 2797, 2976, 3343, 3349, 3418, 3465, 3598, 3783, 3785, 3854, 3942, 3975, 4016]
logs_monomial/n12_monomial5.txt.bz2.greedyext.20260223_084058.txt

123 153 155 367 375 403 512 589 635 637 673 816 875 879 1281 1284 1312 1482 1538 1591 1727 1835 1886 1957 1987 1998 2545 2868 2958 2978 3106 3130 3187 3226 3229 3300 3363 3396 3436 3493 3551 3786 3923 3937 4021 4041
Iter#1508369 New set #100 of size 46 (15083.7 its/hit = 4.080s/hit): seed=15639812423570387513 [123, 153, 155, 367, 375, 403, 512, 589, 635, 637, 673, 816, 875, 879, 1281, 1284, 1312, 1482, 1538, 1591, 1727, 1835, 1886, 1957, 1987, 1998, 2545, 2868, 2958, 2978, 3106, 3130, 3187, 3226, 3229, 3300, 3363, 3396, 3436, 3493, 3551, 3786, 3923, 3937, 4021, 4041]
logs_monomial/n12_monomial5.txt.bz2.greedyext.20260223_084058.txt

410 459 594 801 856 932 952 963 1000 1039 1183 1189 1362 1367 1392 1409 1534 1547 1761 1851 1876 1888 1951 1956 2133 2364 2419 2772 2812 2836 2911 3180 3300 3312 3327 3362 3472 3520 3525 3560 3630 3647 3686 3929 3970 4001
Iter#621236 New set #40 of size 46 (15530.9 its/hit = 4.000s/hit): seed=4773701971523271855 [410, 459, 594, 801, 856, 932, 952, 963, 1000, 1039, 1183, 1189, 1362, 1367, 1392, 1409, 1534, 1547, 1761, 1851, 1876, 1888, 1951, 1956, 2133, 2364, 2419, 2772, 2812, 2836, 2911, 3180, 3300, 3312, 3327, 3362, 3472, 3520, 3525, 3560, 3630, 3647, 3686, 3929, 3970, 4001]
logs_monomial/n12_monomial5.txt.bz2.greedyext.20260222_020855.txt

12 22 98 122 133 221 269 281 391 412 440 674 688 758 774 904 1201 1227 1230 1336 1430 1452 1466 1619 1642 1717 1774 1783 2124 2232 2470 2516 2517 2613 2655 2884 2911 3003 3130 3368 3519 3528 3566 3745 3754 3847
Iter#1015061 New set #70 of size 46 (14500.9 its/hit = 3.986s/hit): seed=12245999165301379524 [12, 22, 98, 122, 133, 221, 269, 281, 391, 412, 440, 674, 688, 758, 774, 904, 1201, 1227, 1230, 1336, 1430, 1452, 1466, 1619, 1642, 1717, 1774, 1783, 2124, 2232, 2470, 2516, 2517, 2613, 2655, 2884, 2911, 3003, 3130, 3368, 3519, 3528, 3566, 3745, 3754, 3847]
logs_monomial/n12_monomial5.txt.bz2.greedyext.20260223_084058.txt

17 20 96 246 892 934 953 1080 1180 1300 1316 1327 1386 1392 1600 1622 1656 1665 1780 1827 1917 1926 2150 2200 2250 2295 2407 2419 2453 2547 2626 2749 2909 3166 3198 3392 3524 3560 3642 3680 3721 3860 3913 3925 3941 3955
Iter#449322 New set #30 of size 46 (14977.4 its/hit = 3.867s/hit): seed=13356545822075669931 [17, 20, 96, 246, 892, 934, 953, 1080, 1180, 1300, 1316, 1327, 1386, 1392, 1600, 1622, 1656, 1665, 1780, 1827, 1917, 1926, 2150, 2200, 2250, 2295, 2407, 2419, 2453, 2547, 2626, 2749, 2909, 3166, 3198, 3392, 3524, 3560, 3642, 3680, 3721, 3860, 3913, 3925, 3941, 3955]
logs_monomial/n12_monomial5.txt.bz2.greedyext.20260222_020855.txt

44 153 198 226 376 495 497 582 603 604 611 664 676 732 733 841 1055 1132 1262 1309 1341 1602 1787 1808 1841 1926 2113 2198 2536 2732 2960 3036 3240 3264 3306 3336 3459 3640 3652 3793 3826 3833 3898 3966 3981 4027
Iter#1162952 New set #70 of size 46 (16613.6 its/hit = 4.286s/hit): seed=14952966428812199558 [44, 153, 198, 226, 376, 495, 497, 582, 603, 604, 611, 664, 676, 732, 733, 841, 1055, 1132, 1262, 1309, 1341, 1602, 1787, 1808, 1841, 1926, 2113, 2198, 2536, 2732, 2960, 3036, 3240, 3264, 3306, 3336, 3459, 3640, 3652, 3793, 3826, 3833, 3898, 3966, 3981, 4027]
logs_monomial/n12_monomial5.txt.bz2.greedyext.20260222_020855.txt

70 99 108 131 181 265 481 628 753 774 1200 1261 1305 1307 1506 1560 1579 1622 1629 1728 1751 1799 1947 2002 2189 2228 2300 2321 2428 2441 2514 2556 2626 2979 3183 3217 3305 3323 3398 3504 3513 3562 3709 3874 3982 4030
Iter#591164 New set #40 of size 46 (14779.1 its/hit = 4.875s/hit): seed=835053195357182285 [70, 99, 108, 131, 181, 265, 481, 628, 753, 774, 1200, 1261, 1305, 1307, 1506, 1560, 1579, 1622, 1629, 1728, 1751, 1799, 1947, 2002, 2189, 2228, 2300, 2321, 2428, 2441, 2514, 2556, 2626, 2979, 3183, 3217, 3305, 3323, 3398, 3504, 3513, 3562, 3709, 3874, 3982, 4030]
logs_monomial/n12_monomial5.txt.bz2.greedyext.20260220_220834.txt

97 161 313 376 410 693 723 784 1125 1156 1265 1356 1435 1495 1528 1643 1718 1732 1811 1916 1918 1933 2053 2127 2182 2412 2440 2817 2939 2967 2982 2987 3096 3168 3266 3427 3530 3586 3601 3627 3645 3663 3746 3935 3981 4065
Iter#11669246 New set #800 of size 46 (14586.6 its/hit = 3.824s/hit): seed=229806232721746483 [97, 161, 313, 376, 410, 693, 723, 784, 1125, 1156, 1265, 1356, 1435, 1495, 1528, 1643, 1718, 1732, 1811, 1916, 1918, 1933, 2053, 2127, 2182, 2412, 2440, 2817, 2939, 2967, 2982, 2987, 3096, 3168, 3266, 3427, 3530, 3586, 3601, 3627, 3645, 3663, 3746, 3935, 3981, 4065]
logs_monomial/n12_monomial5.txt.bz2.greedyext.20260223_084058.txt

213 233 344 420 490 528 654 718 823 857 932 1043 1078 1089 1090 1132 1201 1210 1225 1250 1281 1379 1390 1445 1616 1931 1937 1968 2049 2051 2200 2222 2238 2730 2765 2772 2878 3002 3063 3252 3395 3515 3608 3663 3908 3996
Iter#84703 New set #6 of size 46 (14117.2 its/hit = 3.500s/hit): seed=6398863851188361825 [213, 233, 344, 420, 490, 528, 654, 718, 823, 857, 932, 1043, 1078, 1089, 1090, 1132, 1201, 1210, 1225, 1250, 1281, 1379, 1390, 1445, 1616, 1931, 1937, 1968, 2049, 2051, 2200, 2222, 2238, 2730, 2765, 2772, 2878, 3002, 3063, 3252, 3395, 3515, 3608, 3663, 3908, 3996]
logs_monomial/n12_monomial5.txt.bz2.greedyext.20260222_020855.txt

191 327 390 514 587 598 607 610 704 825 1045 1224 1262 1326 1333 1415 1605 1606 1840 1875 1888 2026 2136 2241 2288 2299 2309 2345 2506 2520 2529 2657 2714 2929 2937 3049 3146 3319 3375 3402 3748 3761 3763 3765 3903 3907
Iter#14642554 New set #1000 of size 46 (14642.6 its/hit = 3.837s/hit): seed=13185223239804614084 [191, 327, 390, 514, 587, 598, 607, 610, 704, 825, 1045, 1224, 1262, 1326, 1333, 1415, 1605, 1606, 1840, 1875, 1888, 2026, 2136, 2241, 2288, 2299, 2309, 2345, 2506, 2520, 2529, 2657, 2714, 2929, 2937, 3049, 3146, 3319, 3375, 3402, 3748, 3761, 3763, 3765, 3903, 3907]
logs_monomial/n12_monomial5.txt.bz2.greedyext.20260223_084058.txt

129 166 317 520 597 728 769 787 818 842 857 900 938 1119 1134 1193 1263 1287 1446 1527 1562 1708 1789 1895 1989 2024 2145 2442 2498 2594 2622 2692 2744 2826 2834 3008 3045 3091 3374 3375 3604 3656 3667 3839 3882 3934
Iter#11520923 New set #800 of size 46 (14401.2 its/hit = 4.761s/hit): seed=3717627227173467541 [129, 166, 317, 520, 597, 728, 769, 787, 818, 842, 857, 900, 938, 1119, 1134, 1193, 1263, 1287, 1446, 1527, 1562, 1708, 1789, 1895, 1989, 2024, 2145, 2442, 2498, 2594, 2622, 2692, 2744, 2826, 2834, 3008, 3045, 3091, 3374, 3375, 3604, 3656, 3667, 3839, 3882, 3934]
logs_monomial/n12_monomial5.txt.bz2.greedyext.20260220_220834.txt

6 60 92 126 134 236 278 511 519 644 710 783 979 1143 1214 1219 1328 1506 1528 1773 1846 2039 2113 2207 2238 2304 2408 2501 2949 3008 3065 3087 3103 3153 3177 3313 3429 3542 3556 3651 3765 3782 3944 3949 3967 4027
Iter#2935 New set #1 of size 46 (2935.0 its/hit = 0.000s/hit): seed=5040921780623898396 [6, 60, 92, 126, 134, 236, 278, 511, 519, 644, 710, 783, 979, 1143, 1214, 1219, 1328, 1506, 1528, 1773, 1846, 2039, 2113, 2207, 2238, 2304, 2408, 2501, 2949, 3008, 3065, 3087, 3103, 3153, 3177, 3313, 3429, 3542, 3556, 3651, 3765, 3782, 3944, 3949, 3967, 4027]
logs_monomial/n12_monomial5.txt.bz2.greedyext.20260220_220834.txt

13 102 105 175 178 277 311 472 532 917 1045 1083 1100 1405 1504 1562 1699 1772 1961 1988 2019 2022 2054 2152 2168 2253 2542 2592 2630 2759 2773 2843 2988 2997 3036 3048 3188 3307 3312 3343 3400 3466 3823 3953 3956 3993
Iter#157994 New set #9 of size 46 (17554.9 its/hit = 4.444s/hit): seed=2264952095338283482 [13, 102, 105, 175, 178, 277, 311, 472, 532, 917, 1045, 1083, 1100, 1405, 1504, 1562, 1699, 1772, 1961, 1988, 2019, 2022, 2054, 2152, 2168, 2253, 2542, 2592, 2630, 2759, 2773, 2843, 2988, 2997, 3036, 3048, 3188, 3307, 3312, 3343, 3400, 3466, 3823, 3953, 3956, 3993]
logs_monomial/n12_monomial5.txt.bz2.greedyext.20260222_020855.txt

6 8 133 202 233 389 471 479 555 571 579 606 768 900 914 944 1032 1142 1144 1200 1547 1615 1616 1732 1735 1798 1863 1870 1897 1997 2195 2288 2290 2345 2443 2734 2917 2928 3217 3351 3372 3458 3576 3716 3772 3812
Iter#334868 New set #20 of size 46 (16743.4 its/hit = 4.300s/hit): seed=4812022503067319322 [6, 8, 133, 202, 233, 389, 471, 479, 555, 571, 579, 606, 768, 900, 914, 944, 1032, 1142, 1144, 1200, 1547, 1615, 1616, 1732, 1735, 1798, 1863, 1870, 1897, 1997, 2195, 2288, 2290, 2345, 2443, 2734, 2917, 2928, 3217, 3351, 3372, 3458, 3576, 3716, 3772, 3812]
logs_monomial/n12_monomial5.txt.bz2.greedyext.20260222_020855.txt

27 132 224 254 379 487 566 577 705 726 766 876 1072 1158 1231 1403 1404 1465 1495 1621 1647 1768 1844 2002 2147 2202 2227 2266 2287 2294 2295 2368 2402 2671 2691 2699 2881 2964 2975 2992 3116 3235 3609 3854 3939 4081
Iter#1314187 New set #90 of size 46 (14602.1 its/hit = 3.967s/hit): seed=1014214104084533696 [27, 132, 224, 254, 379, 487, 566, 577, 705, 726, 766, 876, 1072, 1158, 1231, 1403, 1404, 1465, 1495, 1621, 1647, 1768, 1844, 2002, 2147, 2202, 2227, 2266, 2287, 2294, 2295, 2368, 2402, 2671, 2691, 2699, 2881, 2964, 2975, 2992, 3116, 3235, 3609, 3854, 3939, 4081]
logs_monomial/n12_monomial5.txt.bz2.greedyext.20260223_084058.txt

55 106 161 374 479 482 656 708 770 858 874 1015 1034 1320 1376 1403 1883 1886 1956 1982 2166 2229 2253 2295 2350 2372 2603 2661 2662 2804 2860 2912 2949 2962 3077 3200 3425 3503 3747 3794 3884 3907 3970 3989 4000 4086
Iter#4640212 New set #300 of size 46 (15467.4 its/hit = 4.087s/hit): seed=17952211638068964228 [55, 106, 161, 374, 479, 482, 656, 708, 770, 858, 874, 1015, 1034, 1320, 1376, 1403, 1883, 1886, 1956, 1982, 2166, 2229, 2253, 2295, 2350, 2372, 2603, 2661, 2662, 2804, 2860, 2912, 2949, 2962, 3077, 3200, 3425, 3503, 3747, 3794, 3884, 3907, 3970, 3989, 4000, 4086]
logs_monomial/n12_monomial5.txt.bz2.greedyext.20260223_084058.txt

56 286 409 437 522 617 716 734 1048 1307 1450 1488 1599 1623 1831 1878 2000 2009 2176 2182 2250 2263 2268 2397 2452 2509 2611 2670 2672 2685 2768 2796 2890 3008 3161 3340 3370 3417 3434 3504 3586 3662 3676 3688 3698 3777
Iter#3317 New set #1 of size 46 (3317.0 its/hit = 0.000s/hit): seed=18414552732521985338 [56, 286, 409, 437, 522, 617, 716, 734, 1048, 1307, 1450, 1488, 1599, 1623, 1831, 1878, 2000, 2009, 2176, 2182, 2250, 2263, 2268, 2397, 2452, 2509, 2611, 2670, 2672, 2685, 2768, 2796, 2890, 3008, 3161, 3340, 3370, 3417, 3434, 3504, 3586, 3662, 3676, 3688, 3698, 3777]
logs_monomial/n12_monomial5.txt.bz2.greedyext.20260222_020855.txt

55 282 389 430 548 769 820 915 967 1017 1107 1352 1372 1513 1530 1556 1657 1688 2075 2107 2183 2262 2386 2416 2553 2692 2765 2812 2813 2907 2957 3036 3116 3120 3184 3241 3333 3336 3351 3423 3496 3549 3909 3946 3975 4014
Iter#43795428 New set #3000 of size 46 (14598.5 its/hit = 3.827s/hit): seed=17130908761722684399 [55, 282, 389, 430, 548, 769, 820, 915, 967, 1017, 1107, 1352, 1372, 1513, 1530, 1556, 1657, 1688, 2075, 2107, 2183, 2262, 2386, 2416, 2553, 2692, 2765, 2812, 2813, 2907, 2957, 3036, 3116, 3120, 3184, 3241, 3333, 3336, 3351, 3423, 3496, 3549, 3909, 3946, 3975, 4014]
logs_monomial/n12_monomial5.txt.bz2.greedyext.20260223_084058.txt

62 197 431 498 664 811 818 850 963 1017 1172 1350 1413 1450 1494 1632 1653 1694 1728 1740 1972 1977 2049 2117 2202 2206 2283 2292 2321 2358 2612 2613 2627 2933 3082 3111 3147 3167 3194 3325 3363 3585 3601 3677 3715 4082
Iter#1113299 New set #80 of size 46 (13916.2 its/hit = 4.588s/hit): seed=5816015252582638804 [62, 197, 431, 498, 664, 811, 818, 850, 963, 1017, 1172, 1350, 1413, 1450, 1494, 1632, 1653, 1694, 1728, 1740, 1972, 1977, 2049, 2117, 2202, 2206, 2283, 2292, 2321, 2358, 2612, 2613, 2627, 2933, 3082, 3111, 3147, 3167, 3194, 3325, 3363, 3585, 3601, 3677, 3715, 4082]
logs_monomial/n12_monomial5.txt.bz2.greedyext.20260220_220834.txt

112 152 289 297 319 344 565 1048 1112 1161 1181 1331 1360 1384 1716 1751 1797 1841 1911 1954 1964 1988 2091 2145 2161 2466 2475 2554 2667 2931 3066 3100 3183 3391 3451 3519 3611 3616 3617 3817 3823 3853 3948 3990 3997 4051
Iter#1040769 New set #60 of size 46 (17346.2 its/hit = 4.467s/hit): seed=12621976687538150553 [112, 152, 289, 297, 319, 344, 565, 1048, 1112, 1161, 1181, 1331, 1360, 1384, 1716, 1751, 1797, 1841, 1911, 1954, 1964, 1988, 2091, 2145, 2161, 2466, 2475, 2554, 2667, 2931, 3066, 3100, 3183, 3391, 3451, 3519, 3611, 3616, 3617, 3817, 3823, 3853, 3948, 3990, 3997, 4051]
logs_monomial/n12_monomial5.txt.bz2.greedyext.20260222_020855.txt

16 78 495 513 548 568 713 782 881 1024 1112 1173 1220 1271 1352 1412 1555 1572 1587 1688 1770 1780 1781 1880 2142 2231 2283 2414 2498 2567 2756 2776 2900 3183 3196 3238 3308 3431 3477 3512 3544 3569 3629 3694 3875 4028
Iter#1310684 New set #80 of size 46 (16383.5 its/hit = 4.225s/hit): seed=13993644744609546304 [16, 78, 495, 513, 548, 568, 713, 782, 881, 1024, 1112, 1173, 1220, 1271, 1352, 1412, 1555, 1572, 1587, 1688, 1770, 1780, 1781, 1880, 2142, 2231, 2283, 2414, 2498, 2567, 2756, 2776, 2900, 3183, 3196, 3238, 3308, 3431, 3477, 3512, 3544, 3569, 3629, 3694, 3875, 4028]
logs_monomial/n12_monomial5.txt.bz2.greedyext.20260222_020855.txt

131 164 214 246 264 410 418 494 597 615 792 797 822 893 1021 1501 1633 1658 1678 1951 2102 2180 2339 2534 2635 2880 2901 2904 2928 2953 2975 3004 3041 3135 3194 3234 3235 3257 3279 3402 3414 3422 3464 3539 3923 4029
Iter#273368 New set #20 of size 46 (13668.4 its/hit = 4.500s/hit): seed=17527814517972937032 [131, 164, 214, 246, 264, 410, 418, 494, 597, 615, 792, 797, 822, 893, 1021, 1501, 1633, 1658, 1678, 1951, 2102, 2180, 2339, 2534, 2635, 2880, 2901, 2904, 2928, 2953, 2975, 3004, 3041, 3135, 3194, 3234, 3235, 3257, 3279, 3402, 3414, 3422, 3464, 3539, 3923, 4029]
logs_monomial/n12_monomial5.txt.bz2.greedyext.20260220_220834.txt

51 138 832 905 915 975 1035 1052 1113 1159 1160 1184 1228 1360 1407 1446 1451 1586 1679 1850 1864 1992 2048 2084 2284 2341 2405 2499 2581 2590 2793 2949 3176 3195 3227 3282 3331 3347 3529 3541 3546 3598 3787 3838 3875 3996
Iter#6012830 New set #400 of size 46 (15032.1 its/hit = 3.960s/hit): seed=16330047318108207397 [51, 138, 832, 905, 915, 975, 1035, 1052, 1113, 1159, 1160, 1184, 1228, 1360, 1407, 1446, 1451, 1586, 1679, 1850, 1864, 1992, 2048, 2084, 2284, 2341, 2405, 2499, 2581, 2590, 2793, 2949, 3176, 3195, 3227, 3282, 3331, 3347, 3529, 3541, 3546, 3598, 3787, 3838, 3875, 3996]
logs_monomial/n12_monomial5.txt.bz2.greedyext.20260223_084058.txt

21 66 163 183 248 328 432 448 475 588 726 741 767 819 873 1021 1092 1116 1161 1183 1314 1677 1948 2046 2127 2380 2382 2386 2422 2506 2709 2812 2819 2840 2845 2911 2984 3001 3008 3060 3097 3304 3346 3439 3795 3925
Iter#14438555 New set #1000 of size 46 (14438.6 its/hit = 4.759s/hit): seed=16099054076687048745 [21, 66, 163, 183, 248, 328, 432, 448, 475, 588, 726, 741, 767, 819, 873, 1021, 1092, 1116, 1161, 1183, 1314, 1677, 1948, 2046, 2127, 2380, 2382, 2386, 2422, 2506, 2709, 2812, 2819, 2840, 2845, 2911, 2984, 3001, 3008, 3060, 3097, 3304, 3346, 3439, 3795, 3925]
logs_monomial/n12_monomial5.txt.bz2.greedyext.20260220_220834.txt

65 75 221 315 388 389 394 398 414 448 610 758 808 837 875 888 925 953 1083 1087 1124 1281 1703 1711 1953 1969 2087 2260 2290 2388 2403 2465 2604 2703 2750 2787 3140 3426 3433 3495 3557 3561 3633 3745 3854 3859
Iter#455723 New set #30 of size 46 (15190.8 its/hit = 5.000s/hit): seed=17730011157809885705 [65, 75, 221, 315, 388, 389, 394, 398, 414, 448, 610, 758, 808, 837, 875, 888, 925, 953, 1083, 1087, 1124, 1281, 1703, 1711, 1953, 1969, 2087, 2260, 2290, 2388, 2403, 2465, 2604, 2703, 2750, 2787, 3140, 3426, 3433, 3495, 3557, 3561, 3633, 3745, 3854, 3859]
logs_monomial/n12_monomial5.txt.bz2.greedyext.20260220_220834.txt

45 90 202 209 274 289 379 445 493 497 504 555 772 853 1066 1083 1273 1415 1449 1467 1477 1606 1668 1673 1756 1995 2097 2353 2441 2535 2571 2832 2862 2907 2936 3005 3251 3385 3396 3402 3421 3481 3705 3833 3835 3869
Iter#165615 New set #7 of size 46 (23659.3 its/hit = 6.000s/hit): seed=12732992676967983589 [45, 90, 202, 209, 274, 289, 379, 445, 493, 497, 504, 555, 772, 853, 1066, 1083, 1273, 1415, 1449, 1467, 1477, 1606, 1668, 1673, 1756, 1995, 2097, 2353, 2441, 2535, 2571, 2832, 2862, 2907, 2936, 3005, 3251, 3385, 3396, 3402, 3421, 3481, 3705, 3833, 3835, 3869]
logs_monomial/n12_monomial5.txt.bz2.greedyext.20260223_084058.txt

0 86 131 184 319 504 513 559 648 713 732 1092 1516 1522 1648 1662 1689 1934 1955 1981 1989 2044 2219 2283 2388 2408 2520 2564 2626 2673 2674 2880 2972 3125 3146 3225 3243 3285 3352 3386 3535 3689 3713 3800 3833 4092
Iter#35251 New set #1 of size 46 (35251.0 its/hit = 9.000s/hit): seed=14397260008183669432 [0, 86, 131, 184, 319, 504, 513, 559, 648, 713, 732, 1092, 1516, 1522, 1648, 1662, 1689, 1934, 1955, 1981, 1989, 2044, 2219, 2283, 2388, 2408, 2520, 2564, 2626, 2673, 2674, 2880, 2972, 3125, 3146, 3225, 3243, 3285, 3352, 3386, 3535, 3689, 3713, 3800, 3833, 4092]
logs_monomial/n12_monomial5.txt.bz2.greedyext.20260223_084058.txt

2 35 37 163 210 273 642 1058 1073 1112 1140 1236 1281 1289 1450 1536 1556 1672 1722 1886 1891 1983 2097 2198 2304 2587 2779 2782 2868 2887 2920 2942 2943 3122 3224 3238 3321 3444 3577 3582 3660 3777 3846 3915 3963 3989
Iter#5892280 New set #400 of size 46 (14730.7 its/hit = 4.868s/hit): seed=9410822982760262919 [2, 35, 37, 163, 210, 273, 642, 1058, 1073, 1112, 1140, 1236, 1281, 1289, 1450, 1536, 1556, 1672, 1722, 1886, 1891, 1983, 2097, 2198, 2304, 2587, 2779, 2782, 2868, 2887, 2920, 2942, 2943, 3122, 3224, 3238, 3321, 3444, 3577, 3582, 3660, 3777, 3846, 3915, 3963, 3989]
logs_monomial/n12_monomial5.txt.bz2.greedyext.20260220_220834.txt

50 143 180 259 317 318 360 404 455 586 599 636 706 867 1002 1149 1329 1359 1385 1426 1477 1520 1675 1790 1894 1975 2089 2093 2097 2146 2343 2347 2408 2586 2613 2958 2973 3091 3218 3289 3315 3331 3347 3447 3959 4037
Iter#8530445 New set #600 of size 46 (14217.4 its/hit = 4.702s/hit): seed=17951901264677918302 [50, 143, 180, 259, 317, 318, 360, 404, 455, 586, 599, 636, 706, 867, 1002, 1149, 1329, 1359, 1385, 1426, 1477, 1520, 1675, 1790, 1894, 1975, 2089, 2093, 2097, 2146, 2343, 2347, 2408, 2586, 2613, 2958, 2973, 3091, 3218, 3289, 3315, 3331, 3347, 3447, 3959, 4037]
logs_monomial/n12_monomial5.txt.bz2.greedyext.20260220_220834.txt

51 86 196 296 317 441 489 592 715 823 973 991 1001 1363 1370 1377 1446 1544 1668 1691 1714 2042 2066 2081 2206 2255 2375 2460 2537 2550 2608 2820 2840 2958 2991 3012 3060 3119 3251 3417 3507 3567 3719 3838 3872 3961
Iter#10349772 New set #700 of size 46 (14785.4 its/hit = 3.877s/hit): seed=16347336103813044773 [51, 86, 196, 296, 317, 441, 489, 592, 715, 823, 973, 991, 1001, 1363, 1370, 1377, 1446, 1544, 1668, 1691, 1714, 2042, 2066, 2081, 2206, 2255, 2375, 2460, 2537, 2550, 2608, 2820, 2840, 2958, 2991, 3012, 3060, 3119, 3251, 3417, 3507, 3567, 3719, 3838, 3872, 3961]
logs_monomial/n12_monomial5.txt.bz2.greedyext.20260223_084058.txt

86 135 170 172 191 267 441 679 688 784 795 945 1003 1012 1105 1138 1150 1239 1250 1354 1370 1415 1422 1423 1514 1812 1852 1971 2169 2206 2275 2297 2400 2813 3264 3315 3497 3535 3561 3586 3607 3798 3850 3900 3947 4005
Iter#5833326 New set #400 of size 46 (14583.3 its/hit = 3.765s/hit): seed=16066539393051121140 [86, 135, 170, 172, 191, 267, 441, 679, 688, 784, 795, 945, 1003, 1012, 1105, 1138, 1150, 1239, 1250, 1354, 1370, 1415, 1422, 1423, 1514, 1812, 1852, 1971, 2169, 2206, 2275, 2297, 2400, 2813, 3264, 3315, 3497, 3535, 3561, 3586, 3607, 3798, 3850, 3900, 3947, 4005]
logs_monomial/n12_monomial5.txt.bz2.greedyext.20260222_020855.txt

5 50 197 357 427 560 566 667 797 818 829 931 959 1082 1125 1299 1321 1404 1460 1527 1581 1671 1842 1969 2117 2192 2211 2250 2271 2391 2398 2458 2517 2751 2786 2790 2848 2940 3037 3469 3749 3815 3841 3893 4057 4065
Iter#95656 New set #8 of size 46 (11957.0 its/hit = 3.000s/hit): seed=11869422529294696168 [5, 50, 197, 357, 427, 560, 566, 667, 797, 818, 829, 931, 959, 1082, 1125, 1299, 1321, 1404, 1460, 1527, 1581, 1671, 1842, 1969, 2117, 2192, 2211, 2250, 2271, 2391, 2398, 2458, 2517, 2751, 2786, 2790, 2848, 2940, 3037, 3469, 3749, 3815, 3841, 3893, 4057, 4065]
logs_monomial/n12_monomial5.txt.bz2.greedyext.20260222_020855.txt

82 96 147 587 601 608 716 785 812 1055 1074 1184 1307 1410 1551 1626 1674 1676 1761 1804 1883 1892 1919 1963 2063 2151 2154 2231 2293 2322 2337 2368 2851 2967 2970 2977 3045 3377 3540 3592 3796 3808 3831 3868 4006 4014
Iter#1311463 New set #90 of size 46 (14571.8 its/hit = 4.811s/hit): seed=17733166642816881645 [82, 96, 147, 587, 601, 608, 716, 785, 812, 1055, 1074, 1184, 1307, 1410, 1551, 1626, 1674, 1676, 1761, 1804, 1883, 1892, 1919, 1963, 2063, 2151, 2154, 2231, 2293, 2322, 2337, 2368, 2851, 2967, 2970, 2977, 3045, 3377, 3540, 3592, 3796, 3808, 3831, 3868, 4006, 4014]
logs_monomial/n12_monomial5.txt.bz2.greedyext.20260220_220834.txt

56 101 262 456 482 518 609 771 857 879 930 1088 1114 1151 1233 1283 1523 1624 1652 1715 1901 1986 2203 2253 2262 2435 2514 2783 2811 2850 2881 2975 3023 3098 3221 3252 3310 3360 3447 3529 3560 3697 3714 3894 4016 4069
Iter#4586886 New set #300 of size 46 (15289.6 its/hit = 3.947s/hit): seed=15761703393655556042 [56, 101, 262, 456, 482, 518, 609, 771, 857, 879, 930, 1088, 1114, 1151, 1233, 1283, 1523, 1624, 1652, 1715, 1901, 1986, 2203, 2253, 2262, 2435, 2514, 2783, 2811, 2850, 2881, 2975, 3023, 3098, 3221, 3252, 3310, 3360, 3447, 3529, 3560, 3697, 3714, 3894, 4016, 4069]
logs_monomial/n12_monomial5.txt.bz2.greedyext.20260222_020855.txt

97 160 231 234 239 282 376 476 573 660 772 913 940 948 1027 1106 1245 1269 1303 1348 1408 1654 1840 1883 2057 2068 2080 2238 2390 2434 2551 2569 2653 2819 2824 2877 3080 3269 3612 3719 3787 3806 3896 4030 4053 4060
Iter#27834 New set #2 of size 46 (13917.0 its/hit = 3.500s/hit): seed=15792871991270760588 [97, 160, 231, 234, 239, 282, 376, 476, 573, 660, 772, 913, 940, 948, 1027, 1106, 1245, 1269, 1303, 1348, 1408, 1654, 1840, 1883, 2057, 2068, 2080, 2238, 2390, 2434, 2551, 2569, 2653, 2819, 2824, 2877, 3080, 3269, 3612, 3719, 3787, 3806, 3896, 4030, 4053, 4060]
logs_monomial/n12_monomial5.txt.bz2.greedyext.20260222_020855.txt

139 178 214 279 286 354 400 472 579 594 599 765 766 792 1074 1117 1291 1313 1369 1398 1433 1471 1609 1699 1793 1797 1819 1864 2074 2082 2327 2383 2398 2401 2476 2508 2637 2674 2728 2769 2859 2897 3238 3353 3831 3883
Iter#1001323 New set #70 of size 46 (14304.6 its/hit = 4.714s/hit): seed=2953927456675758645 [139, 178, 214, 279, 286, 354, 400, 472, 579, 594, 599, 765, 766, 792, 1074, 1117, 1291, 1313, 1369, 1398, 1433, 1471, 1609, 1699, 1793, 1797, 1819, 1864, 2074, 2082, 2327, 2383, 2398, 2401, 2476, 2508, 2637, 2674, 2728, 2769, 2859, 2897, 3238, 3353, 3831, 3883]
logs_monomial/n12_monomial5.txt.bz2.greedyext.20260220_220834.txt

191 233 326 501 645 738 843 898 902 1038 1198 1355 1372 1523 1573 1574 1610 1659 1732 1774 1938 2013 2075 2120 2250 2287 2813 2848 2863 3014 3056 3078 3107 3197 3255 3283 3648 3710 3760 3834 3860 3864 3916 3948 4080 4088
Iter#722465 New set #50 of size 46 (14449.3 its/hit = 4.760s/hit): seed=16838999192471772018 [191, 233, 326, 501, 645, 738, 843, 898, 902, 1038, 1198, 1355, 1372, 1523, 1573, 1574, 1610, 1659, 1732, 1774, 1938, 2013, 2075, 2120, 2250, 2287, 2813, 2848, 2863, 3014, 3056, 3078, 3107, 3197, 3255, 3283, 3648, 3710, 3760, 3834, 3860, 3864, 3916, 3948, 4080, 4088]
logs_monomial/n12_monomial5.txt.bz2.greedyext.20260220_220834.txt

1 36 216 240 242 320 329 376 460 518 664 703 728 753 968 972 1125 1149 1161 1262 1264 1373 1389 1752 2063 2080 2117 2203 2247 2286 2409 2489 2703 2767 2974 2992 3191 3325 3456 3542 3644 3662 3677 3741 3933 3964
Iter#510801 New set #30 of size 46 (17026.7 its/hit = 4.533s/hit): seed=14566938791486155841 [1, 36, 216, 240, 242, 320, 329, 376, 460, 518, 664, 703, 728, 753, 968, 972, 1125, 1149, 1161, 1262, 1264, 1373, 1389, 1752, 2063, 2080, 2117, 2203, 2247, 2286, 2409, 2489, 2703, 2767, 2974, 2992, 3191, 3325, 3456, 3542, 3644, 3662, 3677, 3741, 3933, 3964]
logs_monomial/n12_monomial5.txt.bz2.greedyext.20260223_084058.txt

124 262 271 586 870 980 1045 1111 1156 1166 1170 1345 1348 1355 1383 1539 1573 1692 1757 1994 2076 2181 2300 2322 2374 2587 2679 2767 2880 2911 3174 3192 3320 3329 3344 3499 3539 3542 3566 3586 3600 3643 3682 3854 3926 4090
Iter#3176672 New set #200 of size 46 (15883.4 its/hit = 4.220s/hit): seed=7004782496625420275 [124, 262, 271, 586, 870, 980, 1045, 1111, 1156, 1166, 1170, 1345, 1348, 1355, 1383, 1539, 1573, 1692, 1757, 1994, 2076, 2181, 2300, 2322, 2374, 2587, 2679, 2767, 2880, 2911, 3174, 3192, 3320, 3329, 3344, 3499, 3539, 3542, 3566, 3586, 3600, 3643, 3682, 3854, 3926, 4090]
logs_monomial/n12_monomial5.txt.bz2.greedyext.20260223_084058.txt

17 110 132 203 321 343 395 435 437 443 518 628 648 729 783 798 839 973 991 1121 1215 1658 1684 1779 1833 1927 2010 2017 2183 2203 2389 2424 2640 2658 2752 2939 3062 3124 3145 3174 3229 3301 3407 3657 3907 3913
Iter#55192 New set #5 of size 46 (11038.4 its/hit = 2.800s/hit): seed=10350060084763055861 [17, 110, 132, 203, 321, 343, 395, 435, 437, 443, 518, 628, 648, 729, 783, 798, 839, 973, 991, 1121, 1215, 1658, 1684, 1779, 1833, 1927, 2010, 2017, 2183, 2203, 2389, 2424, 2640, 2658, 2752, 2939, 3062, 3124, 3145, 3174, 3229, 3301, 3407, 3657, 3907, 3913]
logs_monomial/n12_monomial5.txt.bz2.greedyext.20260222_020855.txt

71 294 822 867 977 1007 1037 1048 1319 1321 1349 1417 1439 1442 1476 1500 1565 1669 1742 1912 1919 1966 2190 2197 2208 2244 2407 2425 2461 2640 2822 2881 2890 2963 3094 3118 3321 3351 3383 3437 3501 3638 3804 3848 3960 3982
Iter#1389199 New set #100 of size 46 (13892.0 its/hit = 4.580s/hit): seed=6016709731303615593 [71, 294, 822, 867, 977, 1007, 1037, 1048, 1319, 1321, 1349, 1417, 1439, 1442, 1476, 1500, 1565, 1669, 1742, 1912, 1919, 1966, 2190, 2197, 2208, 2244, 2407, 2425, 2461, 2640, 2822, 2881, 2890, 2963, 3094, 3118, 3321, 3351, 3383, 3437, 3501, 3638, 3804, 3848, 3960, 3982]
logs_monomial/n12_monomial5.txt.bz2.greedyext.20260220_220834.txt

22 60 330 415 705 740 809 843 873 921 953 964 966 1007 1080 1117 1185 1216 1242 1309 1339 1427 1498 1502 1507 1647 1790 1922 2078 2465 2508 2541 2757 2878 2936 2942 3123 3184 3189 3266 3348 3365 3503 3735 3906 3935
Iter#7235090 New set #500 of size 46 (14470.2 its/hit = 3.736s/hit): seed=6241936214890634739 [22, 60, 330, 415, 705, 740, 809, 843, 873, 921, 953, 964, 966, 1007, 1080, 1117, 1185, 1216, 1242, 1309, 1339, 1427, 1498, 1502, 1507, 1647, 1790, 1922, 2078, 2465, 2508, 2541, 2757, 2878, 2936, 2942, 3123, 3184, 3189, 3266, 3348, 3365, 3503, 3735, 3906, 3935]
logs_monomial/n12_monomial5.txt.bz2.greedyext.20260222_020855.txt

51 226 229 280 339 384 514 532 575 577 601 692 698 728 901 912 1100 1138 1195 1278 1723 2010 2067 2197 2277 2369 2475 2608 2698 2730 2800 2916 2955 2995 3086 3227 3287 3292 3533 3584 3812 3834 3848 3859 3901 3929
Iter#11365382 New set #800 of size 46 (14206.7 its/hit = 3.670s/hit): seed=1304547416421874570 [51, 226, 229, 280, 339, 384, 514, 532, 575, 577, 601, 692, 698, 728, 901, 912, 1100, 1138, 1195, 1278, 1723, 2010, 2067, 2197, 2277, 2369, 2475, 2608, 2698, 2730, 2800, 2916, 2955, 2995, 3086, 3227, 3287, 3292, 3533, 3584, 3812, 3834, 3848, 3859, 3901, 3929]
logs_monomial/n12_monomial5.txt.bz2.greedyext.20260222_020855.txt

25 50 72 111 161 195 246 354 383 385 619 721 867 869 885 992 1017 1060 1212 1336 1578 1629 1639 1674 1681 1724 1784 1904 2119 2207 2289 2710 2946 3168 3189 3293 3363 3413 3473 3593 3704 3836 3900 3911 3924 4091
Iter#4260401 New set #300 of size 46 (14201.3 its/hit = 4.687s/hit): seed=17034398718835964320 [25, 50, 72, 111, 161, 195, 246, 354, 383, 385, 619, 721, 867, 869, 885, 992, 1017, 1060, 1212, 1336, 1578, 1629, 1639, 1674, 1681, 1724, 1784, 1904, 2119, 2207, 2289, 2710, 2946, 3168, 3189, 3293, 3363, 3413, 3473, 3593, 3704, 3836, 3900, 3911, 3924, 4091]
logs_monomial/n12_monomial5.txt.bz2.greedyext.20260220_220834.txt

69 80 197 323 385 391 445 478 488 516 570 601 706 736 893 1154 1178 1210 1254 1356 1404 1540 1735 1768 1844 1987 2064 2133 2264 2463 2525 2595 2602 2656 2799 2875 3005 3008 3011 3083 3125 3254 3346 3357 3528 3613
Iter#69667 New set #5 of size 46 (13933.4 its/hit = 4.600s/hit): seed=9362806095618463730 [69, 80, 197, 323, 385, 391, 445, 478, 488, 516, 570, 601, 706, 736, 893, 1154, 1178, 1210, 1254, 1356, 1404, 1540, 1735, 1768, 1844, 1987, 2064, 2133, 2264, 2463, 2525, 2595, 2602, 2656, 2799, 2875, 3005, 3008, 3011, 3083, 3125, 3254, 3346, 3357, 3528, 3613]
logs_monomial/n12_monomial5.txt.bz2.greedyext.20260220_220834.txt

8 76 275 361 370 442 502 613 617 816 829 872 874 1155 1173 1181 1344 1391 1497 1602 1641 1907 2029 2046 2170 2198 2244 2308 2359 2431 2584 2610 2690 2853 2862 3342 3418 3486 3511 3551 3560 3575 3600 3678 3777 4032
Iter#783887 New set #50 of size 46 (15677.7 its/hit = 4.040s/hit): seed=6259354879613685433 [8, 76, 275, 361, 370, 442, 502, 613, 617, 816, 829, 872, 874, 1155, 1173, 1181, 1344, 1391, 1497, 1602, 1641, 1907, 2029, 2046, 2170, 2198, 2244, 2308, 2359, 2431, 2584, 2610, 2690, 2853, 2862, 3342, 3418, 3486, 3511, 3551, 3560, 3575, 3600, 3678, 3777, 4032]
logs_monomial/n12_monomial5.txt.bz2.greedyext.20260222_020855.txt

80 139 292 327 396 600 632 677 795 822 904 971 1020 1158 1207 1246 1341 1860 2118 2257 2453 2493 2521 2593 2663 2740 2779 2795 2797 2915 2924 3224 3250 3253 3302 3332 3367 3452 3522 3558 3559 3744 3803 3926 3989 4014
Iter#1459114 New set #90 of size 46 (16212.4 its/hit = 4.178s/hit): seed=8933233279173947871 [80, 139, 292, 327, 396, 600, 632, 677, 795, 822, 904, 971, 1020, 1158, 1207, 1246, 1341, 1860, 2118, 2257, 2453, 2493, 2521, 2593, 2663, 2740, 2779, 2795, 2797, 2915, 2924, 3224, 3250, 3253, 3302, 3332, 3367, 3452, 3522, 3558, 3559, 3744, 3803, 3926, 3989, 4014]
logs_monomial/n12_monomial5.txt.bz2.greedyext.20260222_020855.txt

72 131 176 268 385 629 652 764 839 860 902 1066 1149 1206 1219 1403 1442 1661 1899 1928 2195 2206 2250 2258 2289 2321 2447 2698 2724 2757 2796 2812 2848 2982 3059 3099 3160 3262 3304 3407 3452 3614 3772 3800 3962 4057
Iter#13193891 New set #900 of size 46 (14659.9 its/hit = 3.842s/hit): seed=7485520687443173815 [72, 131, 176, 268, 385, 629, 652, 764, 839, 860, 902, 1066, 1149, 1206, 1219, 1403, 1442, 1661, 1899, 1928, 2195, 2206, 2250, 2258, 2289, 2321, 2447, 2698, 2724, 2757, 2796, 2812, 2848, 2982, 3059, 3099, 3160, 3262, 3304, 3407, 3452, 3614, 3772, 3800, 3962, 4057]
logs_monomial/n12_monomial5.txt.bz2.greedyext.20260223_084058.txt

137 151 271 320 440 466 578 697 785 863 887 942 959 1170 1225 1628 1666 1746 1787 2018 2114 2128 2164 2214 2310 2414 2499 2545 2602 2913 2930 2959 3018 3061 3066 3103 3265 3266 3310 3520 3528 3667 3727 3795 3901 3975
Iter#728359 New set #50 of size 46 (14567.2 its/hit = 4.020s/hit): seed=8745711824684419239 [137, 151, 271, 320, 440, 466, 578, 697, 785, 863, 887, 942, 959, 1170, 1225, 1628, 1666, 1746, 1787, 2018, 2114, 2128, 2164, 2214, 2310, 2414, 2499, 2545, 2602, 2913, 2930, 2959, 3018, 3061, 3066, 3103, 3265, 3266, 3310, 3520, 3528, 3667, 3727, 3795, 3901, 3975]
logs_monomial/n12_monomial5.txt.bz2.greedyext.20260223_084058.txt

70 112 135 263 273 289 297 346 370 468 571 722 833 837 839 909 945 961 973 1065 1121 1154 1220 1485 1705 1914 1996 2009 2072 2332 2480 2481 2621 2657 2668 2802 2954 3075 3245 3304 3376 3523 3640 3790 3852 4046
Iter#12503603 New set #900 of size 46 (13892.9 its/hit = 3.589s/hit): seed=12838685095586335541 [70, 112, 135, 263, 273, 289, 297, 346, 370, 468, 571, 722, 833, 837, 839, 909, 945, 961, 973, 1065, 1121, 1154, 1220, 1485, 1705, 1914, 1996, 2009, 2072, 2332, 2480, 2481, 2621, 2657, 2668, 2802, 2954, 3075, 3245, 3304, 3376, 3523, 3640, 3790, 3852, 4046]
logs_monomial/n12_monomial5.txt.bz2.greedyext.20260222_020855.txt

1 89 180 350 432 606 813 933 965 1132 1157 1263 1447 1597 1866 1964 1971 1996 2053 2054 2067 2103 2116 2133 2154 2197 2473 2537 2551 2630 2633 2690 2829 3131 3158 3211 3255 3272 3351 3390 3458 3645 3705 3745 3749 3992
Iter#178965 New set #9 of size 46 (19885.0 its/hit = 5.111s/hit): seed=1473652330836983214 [1, 89, 180, 350, 432, 606, 813, 933, 965, 1132, 1157, 1263, 1447, 1597, 1866, 1964, 1971, 1996, 2053, 2054, 2067, 2103, 2116, 2133, 2154, 2197, 2473, 2537, 2551, 2630, 2633, 2690, 2829, 3131, 3158, 3211, 3255, 3272, 3351, 3390, 3458, 3645, 3705, 3745, 3749, 3992]
logs_monomial/n12_monomial5.txt.bz2.greedyext.20260223_084058.txt

60 284 530 555 565 626 699 877 985 1048 1105 1229 1380 1609 1681 1700 1746 1794 1871 1970 2088 2196 2549 2592 2668 2779 2965 3105 3150 3164 3188 3232 3236 3237 3304 3396 3528 3531 3720 3754 3846 3880 3913 3989 4061 4079
Iter#8900745 New set #600 of size 46 (14834.6 its/hit = 3.895s/hit): seed=4884019024955095243 [60, 284, 530, 555, 565, 626, 699, 877, 985, 1048, 1105, 1229, 1380, 1609, 1681, 1700, 1746, 1794, 1871, 1970, 2088, 2196, 2549, 2592, 2668, 2779, 2965, 3105, 3150, 3164, 3188, 3232, 3236, 3237, 3304, 3396, 3528, 3531, 3720, 3754, 3846, 3880, 3913, 3989, 4061, 4079]
logs_monomial/n12_monomial5.txt.bz2.greedyext.20260223_084058.txt

10 105 113 160 166 267 650 763 818 976 1035 1049 1158 1223 1370 1457 1543 1662 1718 1731 1922 1932 1957 1960 2188 2191 2229 2257 2276 2404 2466 2527 2655 2663 2753 2755 2782 2816 3150 3226 3290 3521 3841 3842 3868 3989
Iter#39957 New set #2 of size 46 (19978.5 its/hit = 6.500s/hit): seed=5680292101181961801 [10, 105, 113, 160, 166, 267, 650, 763, 818, 976, 1035, 1049, 1158, 1223, 1370, 1457, 1543, 1662, 1718, 1731, 1922, 1932, 1957, 1960, 2188, 2191, 2229, 2257, 2276, 2404, 2466, 2527, 2655, 2663, 2753, 2755, 2782, 2816, 3150, 3226, 3290, 3521, 3841, 3842, 3868, 3989]
logs_monomial/n12_monomial5.txt.bz2.greedyext.20260220_220834.txt

44 119 244 350 429 529 534 609 1008 1088 1203 1236 1264 1342 1360 1402 1693 1720 1771 1778 1896 1924 1954 1964 2119 2154 2190 2334 2483 2896 2995 3020 3034 3137 3238 3377 3520 3523 3719 3751 3797 3855 3930 3948 3975 4018
Iter#7494842 New set #500 of size 46 (14989.7 its/hit = 3.942s/hit): seed=14552248187780179244 [44, 119, 244, 350, 429, 529, 534, 609, 1008, 1088, 1203, 1236, 1264, 1342, 1360, 1402, 1693, 1720, 1771, 1778, 1896, 1924, 1954, 1964, 2119, 2154, 2190, 2334, 2483, 2896, 2995, 3020, 3034, 3137, 3238, 3377, 3520, 3523, 3719, 3751, 3797, 3855, 3930, 3948, 3975, 4018]
logs_monomial/n12_monomial5.txt.bz2.greedyext.20260223_084058.txt

94 227 278 313 354 393 532 689 753 872 1019 1114 1190 1239 1257 1389 1487 1489 1620 1773 1792 1877 1928 1935 2170 2227 2258 2325 2593 2629 2712 2824 2878 2925 3021 3105 3192 3200 3320 3322 3326 3501 3525 3560 3694 3915
Iter#28289747 New set #2000 of size 46 (14144.9 its/hit = 4.030s/hit): seed=14619247943339902608 [94, 227, 278, 313, 354, 393, 532, 689, 753, 872, 1019, 1114, 1190, 1239, 1257, 1389, 1487, 1489, 1620, 1773, 1792, 1877, 1928, 1935, 2170, 2227, 2258, 2325, 2593, 2629, 2712, 2824, 2878, 2925, 3021, 3105, 3192, 3200, 3320, 3322, 3326, 3501, 3525, 3560, 3694, 3915]
logs_monomial/n12_monomial5.txt.bz2.greedyext.20260222_020855.txt

51 190 348 399 803 813 843 858 974 1062 1112 1160 1229 1298 1299 1360 1615 1725 1914 1948 2211 2308 2438 2443 2603 2611 2633 2640 2649 2907 3004 3082 3266 3446 3507 3563 3639 3699 3713 3749 3883 3889 3909 3958 4017 4090
Iter#9988021 New set #700 of size 46 (14268.6 its/hit = 4.719s/hit): seed=12425911422700407501 [51, 190, 348, 399, 803, 813, 843, 858, 974, 1062, 1112, 1160, 1229, 1298, 1299, 1360, 1615, 1725, 1914, 1948, 2211, 2308, 2438, 2443, 2603, 2611, 2633, 2640, 2649, 2907, 3004, 3082, 3266, 3446, 3507, 3563, 3639, 3699, 3713, 3749, 3883, 3889, 3909, 3958, 4017, 4090]
logs_monomial/n12_monomial5.txt.bz2.greedyext.20260220_220834.txt

11 79 81 111 255 310 353 387 609 827 1023 1487 1541 1636 1674 1685 1837 1864 1888 1902 1967 2009 2048 2092 2100 2202 2373 2423 2657 2683 2763 2882 3041 3198 3200 3266 3317 3356 3377 3580 3622 3842 3846 3985 4062 4079
Iter#42925 New set #3 of size 46 (14308.3 its/hit = 4.667s/hit): seed=2385826608879758335 [11, 79, 81, 111, 255, 310, 353, 387, 609, 827, 1023, 1487, 1541, 1636, 1674, 1685, 1837, 1864, 1888, 1902, 1967, 2009, 2048, 2092, 2100, 2202, 2373, 2423, 2657, 2683, 2763, 2882, 3041, 3198, 3200, 3266, 3317, 3356, 3377, 3580, 3622, 3842, 3846, 3985, 4062, 4079]
logs_monomial/n12_monomial5.txt.bz2.greedyext.20260220_220834.txt

14 75 107 191 222 263 479 525 548 668 702 751 819 966 1022 1060 1244 1249 1330 1334 1392 1455 1738 1891 1941 1968 1982 2009 2209 2239 2247 2391 2520 2551 2585 2747 2845 2960 2973 3131 3167 3348 3494 3623 3844 4023
Iter#135861 New set #4 of size 46 (33965.2 its/hit = 8.750s/hit): seed=3713406506757598692 [14, 75, 107, 191, 222, 263, 479, 525, 548, 668, 702, 751, 819, 966, 1022, 1060, 1244, 1249, 1330, 1334, 1392, 1455, 1738, 1891, 1941, 1968, 1982, 2009, 2209, 2239, 2247, 2391, 2520, 2551, 2585, 2747, 2845, 2960, 2973, 3131, 3167, 3348, 3494, 3623, 3844, 4023]
logs_monomial/n12_monomial5.txt.bz2.greedyext.20260223_084058.txt

214 448 463 515 729 773 836 902 928 946 1051 1222 1274 1346 1959 1963 2119 2135 2188 2198 2237 2340 2585 2666 2710 2786 2883 2957 3034 3049 3142 3186 3199 3257 3412 3740 3763 3833 3844 3859 3861 3970 3983 4007 4020 4026
Iter#47070 New set #4 of size 46 (11767.5 its/hit = 3.000s/hit): seed=6887381902186048266 [214, 448, 463, 515, 729, 773, 836, 902, 928, 946, 1051, 1222, 1274, 1346, 1959, 1963, 2119, 2135, 2188, 2198, 2237, 2340, 2585, 2666, 2710, 2786, 2883, 2957, 3034, 3049, 3142, 3186, 3199, 3257, 3412, 3740, 3763, 3833, 3844, 3859, 3861, 3970, 3983, 4007, 4020, 4026]
logs_monomial/n12_monomial5.txt.bz2.greedyext.20260222_020855.txt

183 193 243 258 478 634 856 859 914 1171 1327 1363 1390 1507 1656 1742 1764 1766 1778 1849 2020 2047 2410 2612 2650 2893 2900 2915 2997 3128 3167 3259 3304 3429 3604 3659 3671 3674 3736 3767 3776 3834 3864 3943 4033 4055
Iter#7245403 New set #500 of size 46 (14490.8 its/hit = 4.788s/hit): seed=12795856513238741316 [183, 193, 243, 258, 478, 634, 856, 859, 914, 1171, 1327, 1363, 1390, 1507, 1656, 1742, 1764, 1766, 1778, 1849, 2020, 2047, 2410, 2612, 2650, 2893, 2900, 2915, 2997, 3128, 3167, 3259, 3304, 3429, 3604, 3659, 3671, 3674, 3736, 3767, 3776, 3834, 3864, 3943, 4033, 4055]
logs_monomial/n12_monomial5.txt.bz2.greedyext.20260220_220834.txt

13 137 182 197 311 321 358 364 525 539 582 717 737 764 899 992 1116 1219 1456 1495 1570 1971 1992 2037 2076 2254 2367 2440 2451 2552 2695 2711 2792 2975 3244 3300 3417 3427 3525 3530 3657 3700 3855 3912 4005 4087
Iter#66886 New set #2 of size 46 (33443.0 its/hit = 8.500s/hit): seed=14246656820302359062 [13, 137, 182, 197, 311, 321, 358, 364, 525, 539, 582, 717, 737, 764, 899, 992, 1116, 1219, 1456, 1495, 1570, 1971, 1992, 2037, 2076, 2254, 2367, 2440, 2451, 2552, 2695, 2711, 2792, 2975, 3244, 3300, 3417, 3427, 3525, 3530, 3657, 3700, 3855, 3912, 4005, 4087]
logs_monomial/n12_monomial5.txt.bz2.greedyext.20260223_084058.txt

26 172 230 348 515 602 917 922 1023 1082 1114 1147 1199 1282 1386 1451 1556 1626 1633 1637 1671 1774 1837 1939 2137 2142 2244 2306 2605 2613 2685 2734 2751 2890 2967 3081 3105 3127 3222 3337 3426 3432 3499 3564 3742 3956
Iter#92870 New set #7 of size 46 (13267.1 its/hit = 4.429s/hit): seed=5483197358964572709 [26, 172, 230, 348, 515, 602, 917, 922, 1023, 1082, 1114, 1147, 1199, 1282, 1386, 1451, 1556, 1626, 1633, 1637, 1671, 1774, 1837, 1939, 2137, 2142, 2244, 2306, 2605, 2613, 2685, 2734, 2751, 2890, 2967, 3081, 3105, 3127, 3222, 3337, 3426, 3432, 3499, 3564, 3742, 3956]
logs_monomial/n12_monomial5.txt.bz2.greedyext.20260220_220834.txt

49 170 183 199 377 558 611 729 789 797 946 953 1387 1523 1621 1790 1791 1957 2054 2152 2267 2579 2604 2649 2667 2693 2706 2743 2771 2831 2923 2986 3252 3267 3519 3541 3589 3612 3678 3707 3728 3788 3839 4066 4083 4090
Iter#146504 New set #5 of size 46 (29300.8 its/hit = 7.400s/hit): seed=13844696141355948284 [49, 170, 183, 199, 377, 558, 611, 729, 789, 797, 946, 953, 1387, 1523, 1621, 1790, 1791, 1957, 2054, 2152, 2267, 2579, 2604, 2649, 2667, 2693, 2706, 2743, 2771, 2831, 2923, 2986, 3252, 3267, 3519, 3541, 3589, 3612, 3678, 3707, 3728, 3788, 3839, 4066, 4083, 4090]
logs_monomial/n12_monomial5.txt.bz2.greedyext.20260223_084058.txt

24 93 96 101 163 178 331 459 469 585 701 741 904 931 945 977 1185 1269 1334 1359 1455 1772 1779 1916 1960 1988 2260 2290 2295 2296 2337 2359 2365 2470 2532 2681 2863 2926 2966 2992 3253 3260 3535 3687 3797 4089
Iter#89749 New set #6 of size 46 (14958.2 its/hit = 5.000s/hit): seed=16013219984179104302 [24, 93, 96, 101, 163, 178, 331, 459, 469, 585, 701, 741, 904, 931, 945, 977, 1185, 1269, 1334, 1359, 1455, 1772, 1779, 1916, 1960, 1988, 2260, 2290, 2295, 2296, 2337, 2359, 2365, 2470, 2532, 2681, 2863, 2926, 2966, 2992, 3253, 3260, 3535, 3687, 3797, 4089]
logs_monomial/n12_monomial5.txt.bz2.greedyext.20260220_220834.txt

20 128 155 191 351 420 471 475 598 605 761 1101 1469 1505 1515 1710 1861 1873 2119 2218 2223 2224 2258 2434 2717 2767 2823 2841 2868 2888 2972 2985 3032 3059 3066 3112 3190 3362 3506 3515 3578 3705 3719 3791 3823 4050
Iter#111646 New set #9 of size 46 (12405.1 its/hit = 4.111s/hit): seed=3757116251045145892 [20, 128, 155, 191, 351, 420, 471, 475, 598, 605, 761, 1101, 1469, 1505, 1515, 1710, 1861, 1873, 2119, 2218, 2223, 2224, 2258, 2434, 2717, 2767, 2823, 2841, 2868, 2888, 2972, 2985, 3032, 3059, 3066, 3112, 3190, 3362, 3506, 3515, 3578, 3705, 3719, 3791, 3823, 4050]
logs_monomial/n12_monomial5.txt.bz2.greedyext.20260220_220834.txt

142 177 582 639 663 923 1136 1181 1216 1224 1238 1326 1353 1509 1514 1527 1625 1670 1679 1782 2158 2221 2285 2368 2515 2533 2641 2744 2757 2761 2773 2784 2870 2995 3084 3137 3353 3358 3579 3582 3613 3665 3836 4002 4010 4090
Iter#92982 New set #7 of size 46 (13283.1 its/hit = 3.286s/hit): seed=11460336246249235960 [142, 177, 582, 639, 663, 923, 1136, 1181, 1216, 1224, 1238, 1326, 1353, 1509, 1514, 1527, 1625, 1670, 1679, 1782, 2158, 2221, 2285, 2368, 2515, 2533, 2641, 2744, 2757, 2761, 2773, 2784, 2870, 2995, 3084, 3137, 3353, 3358, 3579, 3582, 3613, 3665, 3836, 4002, 4010, 4090]
logs_monomial/n12_monomial5.txt.bz2.greedyext.20260222_020855.txt

74 88 136 153 192 271 350 385 499 524 562 564 572 710 720 771 844 918 1001 1024 1117 1126 1198 1299 1396 1533 1848 2022 2161 2300 2375 2519 2533 2770 2815 2816 2844 3268 3278 3534 3784 3866 3938 4019 4046 4065
Iter#44997 New set #3 of size 46 (14999.0 its/hit = 3.667s/hit): seed=15700111986495989954 [74, 88, 136, 153, 192, 271, 350, 385, 499, 524, 562, 564, 572, 710, 720, 771, 844, 918, 1001, 1024, 1117, 1126, 1198, 1299, 1396, 1533, 1848, 2022, 2161, 2300, 2375, 2519, 2533, 2770, 2815, 2816, 2844, 3268, 3278, 3534, 3784, 3866, 3938, 4019, 4046, 4065]
logs_monomial/n12_monomial5.txt.bz2.greedyext.20260222_020855.txt

2 200 262 270 303 329 397 878 884 943 976 1072 1411 1458 1511 1576 1593 1741 1761 1768 1872 1968 2154 2196 2233 2336 2588 2656 2687 2749 2791 2909 3003 3031 3061 3078 3237 3334 3364 3381 3482 3503 3627 3769 3969 4087
Iter#163751 New set #10 of size 46 (16375.1 its/hit = 4.200s/hit): seed=1326704685820303485 [2, 200, 262, 270, 303, 329, 397, 878, 884, 943, 976, 1072, 1411, 1458, 1511, 1576, 1593, 1741, 1761, 1768, 1872, 1968, 2154, 2196, 2233, 2336, 2588, 2656, 2687, 2749, 2791, 2909, 3003, 3031, 3061, 3078, 3237, 3334, 3364, 3381, 3482, 3503, 3627, 3769, 3969, 4087]
logs_monomial/n12_monomial5.txt.bz2.greedyext.20260222_020855.txt

11 74 90 97 186 267 704 895 1149 1242 1245 1332 1337 1402 1736 1850 1919 1999 2100 2104 2133 2150 2239 2246 2321 2604 2649 2660 2741 2785 2814 2927 2984 3045 3091 3148 3192 3276 3430 3611 3717 3731 3753 3865 3918 3979
Iter#28958248 New set #2000 of size 46 (14479.1 its/hit = 3.795s/hit): seed=5442399817356093179 [11, 74, 90, 97, 186, 267, 704, 895, 1149, 1242, 1245, 1332, 1337, 1402, 1736, 1850, 1919, 1999, 2100, 2104, 2133, 2150, 2239, 2246, 2321, 2604, 2649, 2660, 2741, 2785, 2814, 2927, 2984, 3045, 3091, 3148, 3192, 3276, 3430, 3611, 3717, 3731, 3753, 3865, 3918, 3979]
logs_monomial/n12_monomial5.txt.bz2.greedyext.20260223_084058.txt

105 163 166 192 378 391 472 607 618 629 776 822 893 988 989 1156 1199 1433 1633 1748 1772 1804 1900 1941 1969 1978 2013 2040 2234 2434 2646 2729 2747 2765 2874 2883 2946 3103 3335 3352 3385 3435 3562 3606 3748 4091
Iter#898125 New set #60 of size 46 (14968.8 its/hit = 4.933s/hit): seed=10819069095091695098 [105, 163, 166, 192, 378, 391, 472, 607, 618, 629, 776, 822, 893, 988, 989, 1156, 1199, 1433, 1633, 1748, 1772, 1804, 1900, 1941, 1969, 1978, 2013, 2040, 2234, 2434, 2646, 2729, 2747, 2765, 2874, 2883, 2946, 3103, 3335, 3352, 3385, 3435, 3562, 3606, 3748, 4091]
logs_monomial/n12_monomial5.txt.bz2.greedyext.20260220_220834.txt

102 199 254 565 607 835 945 983 1019 1119 1196 1322 1477 1478 1593 1597 1788 1843 1920 1989 1999 2024 2134 2178 2191 2355 2386 2397 2630 2709 2758 2779 2809 2930 2943 2947 2957 3224 3311 3702 3747 3770 3807 3959 3996 4071
Iter#101869 New set #3 of size 46 (33956.3 its/hit = 8.667s/hit): seed=6019608952446738990 [102, 199, 254, 565, 607, 835, 945, 983, 1019, 1119, 1196, 1322, 1477, 1478, 1593, 1597, 1788, 1843, 1920, 1989, 1999, 2024, 2134, 2178, 2191, 2355, 2386, 2397, 2630, 2709, 2758, 2779, 2809, 2930, 2943, 2947, 2957, 3224, 3311, 3702, 3747, 3770, 3807, 3959, 3996, 4071]
logs_monomial/n12_monomial5.txt.bz2.greedyext.20260223_084058.txt

25 108 168 224 276 385 391 413 450 566 755 780 837 868 978 1087 1162 1215 1304 1306 1412 1480 1494 1695 1699 1737 1806 1936 1961 1983 2159 2346 2445 2498 2588 2953 2981 3182 3277 3370 3391 3420 3454 3497 3881 3979
Iter#2823012 New set #200 of size 46 (14115.1 its/hit = 4.660s/hit): seed=6338723721464764917 [25, 108, 168, 224, 276, 385, 391, 413, 450, 566, 755, 780, 837, 868, 978, 1087, 1162, 1215, 1304, 1306, 1412, 1480, 1494, 1695, 1699, 1737, 1806, 1936, 1961, 1983, 2159, 2346, 2445, 2498, 2588, 2953, 2981, 3182, 3277, 3370, 3391, 3420, 3454, 3497, 3881, 3979]
logs_monomial/n12_monomial5.txt.bz2.greedyext.20260220_220834.txt

