77 85 107 127 208 334 458 477 671 732 753 772 845 956 987 1012 1032 1091 1101 1102 1241 1251 1278 1321 1451 1455 1486 1598 1652 1702 2058 2125 2280 2356 2386 2454 2548 2669 2696 2740 2741 2851 2864 2940 3030 3061 3074 3096 3133 3201 3313 3371 3374 3454 3620 3629 3634 3657 3673 3675 3696 3822 3884 3938 3963 3994
Iter#1185003 New set #40 of size 66 (29625.1 its/hit = 13.325s/hit): seed=17126003127940237 [77, 85, 107, 127, 208, 334, 458, 477, 671, 732, 753, 772, 845, 956, 987, 1012, 1032, 1091, 1101, 1102, 1241, 1251, 1278, 1321, 1451, 1455, 1486, 1598, 1652, 1702, 2058, 2125, 2280, 2356, 2386, 2454, 2548, 2669, 2696, 2740, 2741, 2851, 2864, 2940, 3030, 3061, 3074, 3096, 3133, 3201, 3313, 3371, 3374, 3454, 3620, 3629, 3634, 3657, 3673, 3675, 3696, 3822, 3884, 3938, 3963, 3994]
logs_monomial/n12_monomialSqrt.txt.bz2.greedyext.20260222_020855.txt

72 90 230 400 427 447 471 493 648 801 825 830 838 896 964 1008 1013 1047 1086 1095 1101 1121 1189 1226 1262 1297 1309 1408 1450 1475 1486 1507 1580 1585 1668 1823 1968 2005 2010 2019 2265 2724 2792 2796 2813 2930 2995 3051 3068 3134 3151 3167 3178 3336 3411 3509 3583 3683 3701 3730 3824 3842 3851 3952 3979 4019
Iter#220814 New set #7 of size 66 (31544.9 its/hit = 14.143s/hit): seed=15387861369076984894 [72, 90, 230, 400, 427, 447, 471, 493, 648, 801, 825, 830, 838, 896, 964, 1008, 1013, 1047, 1086, 1095, 1101, 1121, 1189, 1226, 1262, 1297, 1309, 1408, 1450, 1475, 1486, 1507, 1580, 1585, 1668, 1823, 1968, 2005, 2010, 2019, 2265, 2724, 2792, 2796, 2813, 2930, 2995, 3051, 3068, 3134, 3151, 3167, 3178, 3336, 3411, 3509, 3583, 3683, 3701, 3730, 3824, 3842, 3851, 3952, 3979, 4019]
logs_monomial/n12_monomialSqrt.txt.bz2.greedyext.20260222_020855.txt

12 43 55 182 310 383 391 603 700 715 863 947 972 977 1004 1140 1175 1209 1228 1306 1344 1379 1384 1399 1591 1741 1750 1766 1875 1948 1969 2031 2416 2549 2623 2627 2688 2753 2888 2909 2921 2950 3012 3235 3250 3272 3331 3332 3404 3470 3543 3549 3550 3591 3665 3737 3787 3809 3815 3823 3831 3850 3933 4002 4033 4050
Iter#8316122 New set #300 of size 66 (27720.4 its/hit = 12.647s/hit): seed=6175363366584951095 [12, 43, 55, 182, 310, 383, 391, 603, 700, 715, 863, 947, 972, 977, 1004, 1140, 1175, 1209, 1228, 1306, 1344, 1379, 1384, 1399, 1591, 1741, 1750, 1766, 1875, 1948, 1969, 2031, 2416, 2549, 2623, 2627, 2688, 2753, 2888, 2909, 2921, 2950, 3012, 3235, 3250, 3272, 3331, 3332, 3404, 3470, 3543, 3549, 3550, 3591, 3665, 3737, 3787, 3809, 3815, 3823, 3831, 3850, 3933, 4002, 4033, 4050]
logs_monomial/n12_monomialSqrt.txt.bz2.greedyext.20260223_084058.txt

77 108 119 139 151 174 192 240 246 290 297 527 551 589 625 693 879 896 918 957 1361 1382 1385 1428 1433 1507 1565 1587 1588 1628 1693 1772 1800 1831 1944 2044 2055 2156 2209 2226 2330 2375 2541 2565 2764 2851 3073 3085 3234 3244 3459 3467 3524 3527 3588 3618 3623 3637 3681 3816 3915 3966 3995 3999 4053 4082
Iter#264197 New set #9 of size 66 (29355.2 its/hit = 13.222s/hit): seed=8258096114240033004 [77, 108, 119, 139, 151, 174, 192, 240, 246, 290, 297, 527, 551, 589, 625, 693, 879, 896, 918, 957, 1361, 1382, 1385, 1428, 1433, 1507, 1565, 1587, 1588, 1628, 1693, 1772, 1800, 1831, 1944, 2044, 2055, 2156, 2209, 2226, 2330, 2375, 2541, 2565, 2764, 2851, 3073, 3085, 3234, 3244, 3459, 3467, 3524, 3527, 3588, 3618, 3623, 3637, 3681, 3816, 3915, 3966, 3995, 3999, 4053, 4082]
logs_monomial/n12_monomialSqrt.txt.bz2.greedyext.20260222_020855.txt

17 22 28 128 159 214 222 420 578 664 683 872 891 1054 1092 1134 1150 1178 1180 1202 1493 1524 1525 1567 1655 1671 1824 1877 1902 1936 2112 2196 2237 2308 2328 2401 2452 2501 2505 2604 2626 2689 2704 2713 2732 2774 2792 2894 2934 3029 3052 3172 3212 3221 3287 3315 3336 3391 3506 3569 3679 3691 3904 3927 4012 4063
Iter#1670623 New set #60 of size 66 (27843.7 its/hit = 9.633s/hit): seed=6498787226964151776 [17, 22, 28, 128, 159, 214, 222, 420, 578, 664, 683, 872, 891, 1054, 1092, 1134, 1150, 1178, 1180, 1202, 1493, 1524, 1525, 1567, 1655, 1671, 1824, 1877, 1902, 1936, 2112, 2196, 2237, 2308, 2328, 2401, 2452, 2501, 2505, 2604, 2626, 2689, 2704, 2713, 2732, 2774, 2792, 2894, 2934, 3029, 3052, 3172, 3212, 3221, 3287, 3315, 3336, 3391, 3506, 3569, 3679, 3691, 3904, 3927, 4012, 4063]
logs_monomial/n12_monomialSqrt.txt.bz2.greedyext.20260220_220834.txt

77 140 244 332 366 385 535 731 770 858 879 883 902 1072 1115 1136 1147 1231 1244 1579 1608 1609 1616 1750 1785 1804 1809 1811 1892 2031 2048 2144 2170 2193 2211 2347 2417 2418 2429 2438 2451 2474 2491 2511 2689 2703 2743 2782 2955 3009 3015 3090 3118 3151 3254 3336 3448 3474 3490 3658 3754 3893 3921 3938 4035 4039
Iter#2249594 New set #80 of size 66 (28119.9 its/hit = 12.513s/hit): seed=4927804898645552451 [77, 140, 244, 332, 366, 385, 535, 731, 770, 858, 879, 883, 902, 1072, 1115, 1136, 1147, 1231, 1244, 1579, 1608, 1609, 1616, 1750, 1785, 1804, 1809, 1811, 1892, 2031, 2048, 2144, 2170, 2193, 2211, 2347, 2417, 2418, 2429, 2438, 2451, 2474, 2491, 2511, 2689, 2703, 2743, 2782, 2955, 3009, 3015, 3090, 3118, 3151, 3254, 3336, 3448, 3474, 3490, 3658, 3754, 3893, 3921, 3938, 4035, 4039]
logs_monomial/n12_monomialSqrt.txt.bz2.greedyext.20260222_020855.txt

120 252 274 331 362 375 378 441 508 590 629 691 793 875 898 902 990 993 1062 1163 1413 1448 1449 1528 1537 1654 1763 1831 2111 2112 2139 2142 2219 2326 2357 2364 2447 2541 2567 2694 2721 2790 2867 2913 3036 3055 3120 3163 3274 3336 3344 3354 3360 3411 3428 3464 3474 3663 3706 3723 3759 3782 3807 3848 3879 4062
Iter#2699479 New set #90 of size 66 (29994.2 its/hit = 13.322s/hit): seed=7188209606441576734 [120, 252, 274, 331, 362, 375, 378, 441, 508, 590, 629, 691, 793, 875, 898, 902, 990, 993, 1062, 1163, 1413, 1448, 1449, 1528, 1537, 1654, 1763, 1831, 2111, 2112, 2139, 2142, 2219, 2326, 2357, 2364, 2447, 2541, 2567, 2694, 2721, 2790, 2867, 2913, 3036, 3055, 3120, 3163, 3274, 3336, 3344, 3354, 3360, 3411, 3428, 3464, 3474, 3663, 3706, 3723, 3759, 3782, 3807, 3848, 3879, 4062]
logs_monomial/n12_monomialSqrt.txt.bz2.greedyext.20260222_020855.txt

13 67 96 146 230 252 366 396 500 692 1016 1021 1051 1081 1138 1199 1250 1349 1470 1490 1626 1703 1784 2004 2018 2021 2113 2150 2159 2223 2329 2522 2533 2610 2691 2731 2795 2877 2878 2883 2907 3048 3098 3118 3120 3169 3194 3222 3223 3225 3236 3342 3387 3401 3403 3420 3447 3491 3615 3673 3713 3722 3736 3784 3899 3994
Iter#13620476 New set #500 of size 66 (27241.0 its/hit = 12.004s/hit): seed=6730472578969796283 [13, 67, 96, 146, 230, 252, 366, 396, 500, 692, 1016, 1021, 1051, 1081, 1138, 1199, 1250, 1349, 1470, 1490, 1626, 1703, 1784, 2004, 2018, 2021, 2113, 2150, 2159, 2223, 2329, 2522, 2533, 2610, 2691, 2731, 2795, 2877, 2878, 2883, 2907, 3048, 3098, 3118, 3120, 3169, 3194, 3222, 3223, 3225, 3236, 3342, 3387, 3401, 3403, 3420, 3447, 3491, 3615, 3673, 3713, 3722, 3736, 3784, 3899, 3994]
logs_monomial/n12_monomialSqrt.txt.bz2.greedyext.20260222_020855.txt

63 81 120 152 203 271 318 338 413 471 485 603 653 671 679 751 865 997 1080 1092 1149 1169 1266 1300 1389 1395 1627 1721 1736 1802 1820 1933 2131 2254 2302 2339 2358 2450 2461 2617 2642 2688 2782 2831 2861 2864 2869 2873 2932 2937 2981 3032 3154 3196 3198 3226 3328 3336 3380 3395 3457 3523 3718 3905 3945 4014
Iter#799315 New set #30 of size 66 (26643.8 its/hit = 12.033s/hit): seed=4292934009375044922 [63, 81, 120, 152, 203, 271, 318, 338, 413, 471, 485, 603, 653, 671, 679, 751, 865, 997, 1080, 1092, 1149, 1169, 1266, 1300, 1389, 1395, 1627, 1721, 1736, 1802, 1820, 1933, 2131, 2254, 2302, 2339, 2358, 2450, 2461, 2617, 2642, 2688, 2782, 2831, 2861, 2864, 2869, 2873, 2932, 2937, 2981, 3032, 3154, 3196, 3198, 3226, 3328, 3336, 3380, 3395, 3457, 3523, 3718, 3905, 3945, 4014]
logs_monomial/n12_monomialSqrt.txt.bz2.greedyext.20260222_020855.txt

1 164 179 182 203 209 226 241 276 343 464 477 590 626 632 688 725 920 989 1036 1047 1192 1267 1296 1313 1321 1398 1433 1511 1721 1728 1743 1794 1859 1932 1986 2054 2152 2190 2270 2286 2298 2351 2421 2423 2517 2526 2538 2665 2680 2734 2867 2906 3179 3200 3294 3442 3623 3642 3664 3785 3906 3952 3984 4056 4067
Iter#216511 New set #6 of size 66 (36085.2 its/hit = 14.000s/hit): seed=16230187391633678921 [1, 164, 179, 182, 203, 209, 226, 241, 276, 343, 464, 477, 590, 626, 632, 688, 725, 920, 989, 1036, 1047, 1192, 1267, 1296, 1313, 1321, 1398, 1433, 1511, 1721, 1728, 1743, 1794, 1859, 1932, 1986, 2054, 2152, 2190, 2270, 2286, 2298, 2351, 2421, 2423, 2517, 2526, 2538, 2665, 2680, 2734, 2867, 2906, 3179, 3200, 3294, 3442, 3623, 3642, 3664, 3785, 3906, 3952, 3984, 4056, 4067]
logs_monomial/n12_monomialSqrt.txt.bz2.greedyext.20260220_220834.txt

16 177 308 370 417 426 435 483 528 549 604 608 610 631 648 773 795 817 842 849 911 946 956 957 1045 1046 1128 1136 1219 1305 1408 1448 1472 1586 1742 1777 1860 1869 1898 1924 2249 2254 2303 2417 2444 2515 2670 2709 2809 2834 2864 2905 2948 3017 3283 3286 3487 3653 3751 3807 3878 3915 3944 4025 4045 4055
Iter#245651 New set #10 of size 66 (24565.1 its/hit = 11.100s/hit): seed=2338223404823782189 [16, 177, 308, 370, 417, 426, 435, 483, 528, 549, 604, 608, 610, 631, 648, 773, 795, 817, 842, 849, 911, 946, 956, 957, 1045, 1046, 1128, 1136, 1219, 1305, 1408, 1448, 1472, 1586, 1742, 1777, 1860, 1869, 1898, 1924, 2249, 2254, 2303, 2417, 2444, 2515, 2670, 2709, 2809, 2834, 2864, 2905, 2948, 3017, 3283, 3286, 3487, 3653, 3751, 3807, 3878, 3915, 3944, 4025, 4045, 4055]
logs_monomial/n12_monomialSqrt.txt.bz2.greedyext.20260223_084058.txt

77 117 150 210 249 363 444 457 485 526 533 542 560 561 572 605 691 788 871 971 978 1009 1010 1053 1056 1203 1259 1305 1329 1422 1537 1551 1566 1648 1739 1816 1820 1918 1924 1926 2065 2123 2328 2340 2404 2548 2599 2692 2791 3100 3191 3222 3362 3391 3519 3630 3808 3840 3899 3917 3936 3946 3966 3988 4018 4054
Iter#18322455 New set #700 of size 66 (26174.9 its/hit = 11.526s/hit): seed=9355054312703202792 [77, 117, 150, 210, 249, 363, 444, 457, 485, 526, 533, 542, 560, 561, 572, 605, 691, 788, 871, 971, 978, 1009, 1010, 1053, 1056, 1203, 1259, 1305, 1329, 1422, 1537, 1551, 1566, 1648, 1739, 1816, 1820, 1918, 1924, 1926, 2065, 2123, 2328, 2340, 2404, 2548, 2599, 2692, 2791, 3100, 3191, 3222, 3362, 3391, 3519, 3630, 3808, 3840, 3899, 3917, 3936, 3946, 3966, 3988, 4018, 4054]
logs_monomial/n12_monomialSqrt.txt.bz2.greedyext.20260222_020855.txt

76 97 311 343 639 667 731 985 994 1080 1122 1150 1184 1206 1265 1309 1358 1372 1386 1441 1468 1527 1565 1585 1610 1736 1756 1825 1859 1860 2179 2211 2237 2251 2419 2623 2682 2720 2854 2881 2945 2948 2958 2993 3034 3048 3067 3160 3194 3311 3369 3375 3382 3390 3515 3528 3544 3617 3830 3849 3902 3982 4029 4031 4082 4083
Iter#2587001 New set #80 of size 66 (32337.5 its/hit = 14.737s/hit): seed=7178964114203879489 [76, 97, 311, 343, 639, 667, 731, 985, 994, 1080, 1122, 1150, 1184, 1206, 1265, 1309, 1358, 1372, 1386, 1441, 1468, 1527, 1565, 1585, 1610, 1736, 1756, 1825, 1859, 1860, 2179, 2211, 2237, 2251, 2419, 2623, 2682, 2720, 2854, 2881, 2945, 2948, 2958, 2993, 3034, 3048, 3067, 3160, 3194, 3311, 3369, 3375, 3382, 3390, 3515, 3528, 3544, 3617, 3830, 3849, 3902, 3982, 4029, 4031, 4082, 4083]
logs_monomial/n12_monomialSqrt.txt.bz2.greedyext.20260223_084058.txt

151 152 225 283 346 410 468 591 596 683 752 814 840 881 889 959 961 1046 1056 1066 1165 1256 1413 1472 1625 1673 1683 1705 1722 1771 1774 1788 1807 1868 1925 1928 2056 2146 2175 2193 2330 2344 2432 2491 2504 2611 2694 2776 2858 3104 3121 3318 3330 3435 3632 3678 3718 3746 3766 3798 3885 3887 3959 3974 3981 4018
Iter#18307010 New set #700 of size 66 (26152.9 its/hit = 11.947s/hit): seed=16858485391628747034 [151, 152, 225, 283, 346, 410, 468, 591, 596, 683, 752, 814, 840, 881, 889, 959, 961, 1046, 1056, 1066, 1165, 1256, 1413, 1472, 1625, 1673, 1683, 1705, 1722, 1771, 1774, 1788, 1807, 1868, 1925, 1928, 2056, 2146, 2175, 2193, 2330, 2344, 2432, 2491, 2504, 2611, 2694, 2776, 2858, 3104, 3121, 3318, 3330, 3435, 3632, 3678, 3718, 3746, 3766, 3798, 3885, 3887, 3959, 3974, 3981, 4018]
logs_monomial/n12_monomialSqrt.txt.bz2.greedyext.20260223_084058.txt

134 160 187 210 213 220 480 532 574 639 787 826 1010 1065 1132 1201 1239 1291 1363 1366 1492 1500 1532 1592 1607 1676 1836 1845 1940 2028 2111 2138 2239 2285 2380 2396 2512 2558 2608 2670 2790 2810 2888 2889 2959 2962 3001 3135 3137 3171 3231 3250 3314 3325 3496 3499 3514 3581 3828 3843 3878 3932 3976 4042 4044 4085
Iter#754539 New set #20 of size 66 (37726.9 its/hit = 13.600s/hit): seed=15780735917707522565 [134, 160, 187, 210, 213, 220, 480, 532, 574, 639, 787, 826, 1010, 1065, 1132, 1201, 1239, 1291, 1363, 1366, 1492, 1500, 1532, 1592, 1607, 1676, 1836, 1845, 1940, 2028, 2111, 2138, 2239, 2285, 2380, 2396, 2512, 2558, 2608, 2670, 2790, 2810, 2888, 2889, 2959, 2962, 3001, 3135, 3137, 3171, 3231, 3250, 3314, 3325, 3496, 3499, 3514, 3581, 3828, 3843, 3878, 3932, 3976, 4042, 4044, 4085]
logs_monomial/n12_monomialSqrt.txt.bz2.greedyext.20260220_220834.txt

132 242 276 352 395 470 516 538 550 569 580 627 676 745 757 792 882 920 976 990 1178 1218 1253 1291 1308 1311 1373 1381 1389 1392 1448 1566 1651 1766 1810 1849 1853 1881 1884 1920 2056 2066 2188 2248 2380 2398 2413 2488 2527 2663 2667 2765 2937 2967 3011 3013 3100 3112 3172 3213 3533 3549 3698 3738 3887 3944
Iter#3055219 New set #100 of size 66 (30552.2 its/hit = 13.560s/hit): seed=16829427020552806293 [132, 242, 276, 352, 395, 470, 516, 538, 550, 569, 580, 627, 676, 745, 757, 792, 882, 920, 976, 990, 1178, 1218, 1253, 1291, 1308, 1311, 1373, 1381, 1389, 1392, 1448, 1566, 1651, 1766, 1810, 1849, 1853, 1881, 1884, 1920, 2056, 2066, 2188, 2248, 2380, 2398, 2413, 2488, 2527, 2663, 2667, 2765, 2937, 2967, 3011, 3013, 3100, 3112, 3172, 3213, 3533, 3549, 3698, 3738, 3887, 3944]
logs_monomial/n12_monomialSqrt.txt.bz2.greedyext.20260222_020855.txt

1 50 232 450 465 554 565 628 636 694 699 700 782 1069 1205 1245 1338 1418 1476 1535 1560 1584 1590 1716 1732 1748 1774 1886 1887 1919 2054 2091 2099 2106 2114 2172 2182 2280 2374 2431 2524 2532 2583 2622 2794 2878 2915 2927 2990 2994 3019 3265 3317 3334 3445 3562 3581 3622 3647 3673 3709 3790 3864 3931 3989 4002
Iter#222291 New set #7 of size 66 (31755.9 its/hit = 14.286s/hit): seed=15869278767145652031 [1, 50, 232, 450, 465, 554, 565, 628, 636, 694, 699, 700, 782, 1069, 1205, 1245, 1338, 1418, 1476, 1535, 1560, 1584, 1590, 1716, 1732, 1748, 1774, 1886, 1887, 1919, 2054, 2091, 2099, 2106, 2114, 2172, 2182, 2280, 2374, 2431, 2524, 2532, 2583, 2622, 2794, 2878, 2915, 2927, 2990, 2994, 3019, 3265, 3317, 3334, 3445, 3562, 3581, 3622, 3647, 3673, 3709, 3790, 3864, 3931, 3989, 4002]
logs_monomial/n12_monomialSqrt.txt.bz2.greedyext.20260223_084058.txt

42 57 92 151 209 377 382 458 590 798 881 933 1030 1074 1118 1196 1238 1252 1435 1506 1763 1768 1822 1864 1872 1875 1919 1977 2119 2126 2157 2192 2194 2231 2296 2395 2397 2456 2460 2494 2655 2764 2829 2910 2987 3070 3091 3140 3155 3278 3473 3500 3561 3573 3591 3662 3674 3685 3707 3715 3818 3862 3864 3942 3963 4041
Iter#15608285 New set #600 of size 66 (26013.8 its/hit = 11.878s/hit): seed=14751417462325075508 [42, 57, 92, 151, 209, 377, 382, 458, 590, 798, 881, 933, 1030, 1074, 1118, 1196, 1238, 1252, 1435, 1506, 1763, 1768, 1822, 1864, 1872, 1875, 1919, 1977, 2119, 2126, 2157, 2192, 2194, 2231, 2296, 2395, 2397, 2456, 2460, 2494, 2655, 2764, 2829, 2910, 2987, 3070, 3091, 3140, 3155, 3278, 3473, 3500, 3561, 3573, 3591, 3662, 3674, 3685, 3707, 3715, 3818, 3862, 3864, 3942, 3963, 4041]
logs_monomial/n12_monomialSqrt.txt.bz2.greedyext.20260223_084058.txt

83 166 237 252 259 418 720 759 783 1056 1098 1108 1109 1132 1210 1213 1217 1388 1457 1501 1534 1539 1661 1702 1734 1745 1872 1884 1903 1924 1956 1968 2139 2157 2237 2293 2414 2421 2473 2552 2611 2626 2686 2740 2765 2807 2810 2936 3038 3075 3114 3209 3219 3228 3257 3279 3286 3401 3521 3528 3552 3689 3767 3867 3952 3997
Iter#91637 New set #4 of size 66 (22909.2 its/hit = 9.250s/hit): seed=7564824592020368433 [83, 166, 237, 252, 259, 418, 720, 759, 783, 1056, 1098, 1108, 1109, 1132, 1210, 1213, 1217, 1388, 1457, 1501, 1534, 1539, 1661, 1702, 1734, 1745, 1872, 1884, 1903, 1924, 1956, 1968, 2139, 2157, 2237, 2293, 2414, 2421, 2473, 2552, 2611, 2626, 2686, 2740, 2765, 2807, 2810, 2936, 3038, 3075, 3114, 3209, 3219, 3228, 3257, 3279, 3286, 3401, 3521, 3528, 3552, 3689, 3767, 3867, 3952, 3997]
logs_monomial/n12_monomialSqrt.txt.bz2.greedyext.20260220_220834.txt

34 195 234 431 452 494 560 770 773 780 854 875 880 1084 1092 1253 1276 1372 1431 1512 1540 1548 1580 1667 1670 1755 1799 1889 1980 2041 2114 2143 2153 2200 2201 2346 2358 2494 2528 2560 2606 2700 2716 2877 2927 2954 3055 3098 3100 3109 3160 3212 3283 3318 3364 3629 3690 3704 3707 3874 3885 3919 3938 3985 4019 4079
Iter#24168686 New set #900 of size 66 (26854.1 its/hit = 11.819s/hit): seed=14835577546679930228 [34, 195, 234, 431, 452, 494, 560, 770, 773, 780, 854, 875, 880, 1084, 1092, 1253, 1276, 1372, 1431, 1512, 1540, 1548, 1580, 1667, 1670, 1755, 1799, 1889, 1980, 2041, 2114, 2143, 2153, 2200, 2201, 2346, 2358, 2494, 2528, 2560, 2606, 2700, 2716, 2877, 2927, 2954, 3055, 3098, 3100, 3109, 3160, 3212, 3283, 3318, 3364, 3629, 3690, 3704, 3707, 3874, 3885, 3919, 3938, 3985, 4019, 4079]
logs_monomial/n12_monomialSqrt.txt.bz2.greedyext.20260222_020855.txt

96 152 182 279 284 338 405 431 543 558 573 597 601 811 822 905 932 1051 1073 1104 1248 1360 1407 1429 1482 1548 1562 1615 1648 1696 1712 1713 1772 1807 1847 1911 1934 1967 2018 2044 2077 2171 2287 2374 2426 2539 2546 2635 2683 2703 2728 2732 2781 2953 3062 3221 3224 3279 3322 3334 3712 3735 3767 3908 3917 4033
Iter#13523422 New set #500 of size 66 (27046.8 its/hit = 9.076s/hit): seed=11621483633098672346 [96, 152, 182, 279, 284, 338, 405, 431, 543, 558, 573, 597, 601, 811, 822, 905, 932, 1051, 1073, 1104, 1248, 1360, 1407, 1429, 1482, 1548, 1562, 1615, 1648, 1696, 1712, 1713, 1772, 1807, 1847, 1911, 1934, 1967, 2018, 2044, 2077, 2171, 2287, 2374, 2426, 2539, 2546, 2635, 2683, 2703, 2728, 2732, 2781, 2953, 3062, 3221, 3224, 3279, 3322, 3334, 3712, 3735, 3767, 3908, 3917, 4033]
logs_monomial/n12_monomialSqrt.txt.bz2.greedyext.20260220_220834.txt

120 276 458 506 514 569 642 652 694 721 805 806 910 921 932 969 1034 1037 1093 1170 1184 1210 1316 1380 1398 1490 1520 1590 1702 1789 1818 2007 2128 2164 2173 2427 2433 2456 2461 2529 2546 2562 2676 2677 2687 2708 2725 2737 2778 2790 2847 2883 2894 2917 3390 3402 3468 3540 3600 3619 3843 3859 3909 3911 3992 3998
Iter#5866439 New set #200 of size 66 (29332.2 its/hit = 12.970s/hit): seed=9298372017613141464 [120, 276, 458, 506, 514, 569, 642, 652, 694, 721, 805, 806, 910, 921, 932, 969, 1034, 1037, 1093, 1170, 1184, 1210, 1316, 1380, 1398, 1490, 1520, 1590, 1702, 1789, 1818, 2007, 2128, 2164, 2173, 2427, 2433, 2456, 2461, 2529, 2546, 2562, 2676, 2677, 2687, 2708, 2725, 2737, 2778, 2790, 2847, 2883, 2894, 2917, 3390, 3402, 3468, 3540, 3600, 3619, 3843, 3859, 3909, 3911, 3992, 3998]
logs_monomial/n12_monomialSqrt.txt.bz2.greedyext.20260222_020855.txt

107 150 191 303 307 330 447 482 494 519 617 647 682 690 699 707 765 861 869 967 1022 1103 1191 1214 1240 1276 1300 1315 1433 1498 1600 1652 1899 1916 1927 2036 2103 2106 2109 2219 2228 2293 2301 2447 2665 2688 2739 2883 2896 3125 3141 3157 3183 3225 3249 3255 3550 3551 3582 3636 3676 3756 3851 3909 3966 4027
Iter#13208982 New set #500 of size 66 (26418.0 its/hit = 12.064s/hit): seed=16189605645883149511 [107, 150, 191, 303, 307, 330, 447, 482, 494, 519, 617, 647, 682, 690, 699, 707, 765, 861, 869, 967, 1022, 1103, 1191, 1214, 1240, 1276, 1300, 1315, 1433, 1498, 1600, 1652, 1899, 1916, 1927, 2036, 2103, 2106, 2109, 2219, 2228, 2293, 2301, 2447, 2665, 2688, 2739, 2883, 2896, 3125, 3141, 3157, 3183, 3225, 3249, 3255, 3550, 3551, 3582, 3636, 3676, 3756, 3851, 3909, 3966, 4027]
logs_monomial/n12_monomialSqrt.txt.bz2.greedyext.20260223_084058.txt

86 108 423 500 564 585 631 704 726 775 812 886 889 901 972 1209 1213 1257 1300 1339 1401 1425 1540 1541 1564 1681 1683 1693 1779 1860 1904 1911 2143 2178 2191 2204 2439 2470 2487 2518 2539 2642 2661 2754 2777 2799 2820 2836 2860 2883 2915 2929 2980 3008 3037 3188 3365 3366 3407 3418 3528 3619 3832 3837 3875 4061
Iter#8526103 New set #300 of size 66 (28420.3 its/hit = 12.550s/hit): seed=8090684519250882147 [86, 108, 423, 500, 564, 585, 631, 704, 726, 775, 812, 886, 889, 901, 972, 1209, 1213, 1257, 1300, 1339, 1401, 1425, 1540, 1541, 1564, 1681, 1683, 1693, 1779, 1860, 1904, 1911, 2143, 2178, 2191, 2204, 2439, 2470, 2487, 2518, 2539, 2642, 2661, 2754, 2777, 2799, 2820, 2836, 2860, 2883, 2915, 2929, 2980, 3008, 3037, 3188, 3365, 3366, 3407, 3418, 3528, 3619, 3832, 3837, 3875, 4061]
logs_monomial/n12_monomialSqrt.txt.bz2.greedyext.20260222_020855.txt

88 145 382 561 602 751 764 794 839 944 1084 1113 1128 1146 1151 1205 1302 1315 1416 1455 1474 1478 1616 1628 1777 1791 1945 1946 2006 2014 2064 2092 2130 2170 2280 2354 2507 2525 2528 2576 2602 2609 2717 2731 2733 2762 2774 2803 2932 2943 3073 3136 3177 3182 3249 3264 3413 3450 3489 3525 3852 3892 3899 4030 4036 4041
Iter#1155013 New set #30 of size 66 (38500.4 its/hit = 17.533s/hit): seed=13464329194885070877 [88, 145, 382, 561, 602, 751, 764, 794, 839, 944, 1084, 1113, 1128, 1146, 1151, 1205, 1302, 1315, 1416, 1455, 1474, 1478, 1616, 1628, 1777, 1791, 1945, 1946, 2006, 2014, 2064, 2092, 2130, 2170, 2280, 2354, 2507, 2525, 2528, 2576, 2602, 2609, 2717, 2731, 2733, 2762, 2774, 2803, 2932, 2943, 3073, 3136, 3177, 3182, 3249, 3264, 3413, 3450, 3489, 3525, 3852, 3892, 3899, 4030, 4036, 4041]
logs_monomial/n12_monomialSqrt.txt.bz2.greedyext.20260223_084058.txt

111 208 248 266 338 449 508 613 615 671 761 765 810 913 992 1006 1023 1028 1064 1117 1162 1304 1331 1399 1428 1452 1552 1555 1578 1587 1670 1781 1874 1980 2000 2001 2013 2031 2036 2047 2142 2243 2270 2423 2454 2557 2615 2643 2677 2689 2699 2719 2732 2778 2785 2817 3023 3093 3205 3269 3321 3498 3568 3846 3941 4038
Iter#10746638 New set #400 of size 66 (26866.6 its/hit = 9.025s/hit): seed=14256029539661101825 [111, 208, 248, 266, 338, 449, 508, 613, 615, 671, 761, 765, 810, 913, 992, 1006, 1023, 1028, 1064, 1117, 1162, 1304, 1331, 1399, 1428, 1452, 1552, 1555, 1578, 1587, 1670, 1781, 1874, 1980, 2000, 2001, 2013, 2031, 2036, 2047, 2142, 2243, 2270, 2423, 2454, 2557, 2615, 2643, 2677, 2689, 2699, 2719, 2732, 2778, 2785, 2817, 3023, 3093, 3205, 3269, 3321, 3498, 3568, 3846, 3941, 4038]
logs_monomial/n12_monomialSqrt.txt.bz2.greedyext.20260220_220834.txt

84 99 174 175 211 224 226 380 427 611 619 626 628 645 661 742 773 807 946 1052 1147 1159 1190 1205 1235 1241 1244 1260 1319 1378 1533 1582 1942 2014 2016 2046 2073 2078 2172 2327 2368 2412 2433 2453 2561 2579 2615 2624 2730 2785 2812 2851 2879 2917 2988 3051 3069 3204 3263 3362 3462 3526 3594 3690 3857 3900
Iter#93875 New set #3 of size 66 (31291.7 its/hit = 13.333s/hit): seed=10499231407128758213 [84, 99, 174, 175, 211, 224, 226, 380, 427, 611, 619, 626, 628, 645, 661, 742, 773, 807, 946, 1052, 1147, 1159, 1190, 1205, 1235, 1241, 1244, 1260, 1319, 1378, 1533, 1582, 1942, 2014, 2016, 2046, 2073, 2078, 2172, 2327, 2368, 2412, 2433, 2453, 2561, 2579, 2615, 2624, 2730, 2785, 2812, 2851, 2879, 2917, 2988, 3051, 3069, 3204, 3263, 3362, 3462, 3526, 3594, 3690, 3857, 3900]
logs_monomial/n12_monomialSqrt.txt.bz2.greedyext.20260223_084058.txt

160 168 228 231 290 302 385 399 605 616 696 700 721 758 769 772 790 807 834 971 1081 1124 1230 1316 1359 1410 1425 1536 1830 2031 2117 2122 2162 2231 2234 2240 2564 2603 2747 2783 2832 2839 2878 2943 3006 3023 3073 3082 3407 3412 3438 3469 3496 3508 3539 3541 3555 3660 3742 3747 3765 3844 3884 3922 3950 3990
Iter#2215120 New set #70 of size 66 (31644.6 its/hit = 14.414s/hit): seed=12399173390592952477 [160, 168, 228, 231, 290, 302, 385, 399, 605, 616, 696, 700, 721, 758, 769, 772, 790, 807, 834, 971, 1081, 1124, 1230, 1316, 1359, 1410, 1425, 1536, 1830, 2031, 2117, 2122, 2162, 2231, 2234, 2240, 2564, 2603, 2747, 2783, 2832, 2839, 2878, 2943, 3006, 3023, 3073, 3082, 3407, 3412, 3438, 3469, 3496, 3508, 3539, 3541, 3555, 3660, 3742, 3747, 3765, 3844, 3884, 3922, 3950, 3990]
logs_monomial/n12_monomialSqrt.txt.bz2.greedyext.20260223_084058.txt

290 382 408 526 534 607 614 725 756 839 846 848 875 1022 1159 1161 1244 1246 1353 1420 1458 1547 1568 1674 1740 1766 1785 1843 2108 2195 2231 2301 2339 2389 2500 2512 2541 2580 2595 2648 2699 2758 2911 3012 3100 3119 3124 3179 3239 3301 3339 3417 3432 3435 3563 3589 3661 3746 3792 3802 3926 4011 4024 4038 4064 4086
Iter#10759171 New set #400 of size 66 (26897.9 its/hit = 11.868s/hit): seed=11085576828762627554 [290, 382, 408, 526, 534, 607, 614, 725, 756, 839, 846, 848, 875, 1022, 1159, 1161, 1244, 1246, 1353, 1420, 1458, 1547, 1568, 1674, 1740, 1766, 1785, 1843, 2108, 2195, 2231, 2301, 2339, 2389, 2500, 2512, 2541, 2580, 2595, 2648, 2699, 2758, 2911, 3012, 3100, 3119, 3124, 3179, 3239, 3301, 3339, 3417, 3432, 3435, 3563, 3589, 3661, 3746, 3792, 3802, 3926, 4011, 4024, 4038, 4064, 4086]
logs_monomial/n12_monomialSqrt.txt.bz2.greedyext.20260222_020855.txt

11 36 98 167 211 241 300 308 386 464 520 668 774 866 884 885 971 975 977 1287 1399 1492 1506 1583 1733 1742 1842 1879 1897 1985 2082 2178 2210 2212 2216 2233 2284 2327 2479 2544 2698 2718 2975 3039 3070 3091 3145 3181 3185 3192 3214 3276 3350 3361 3419 3513 3532 3541 3568 3603 3682 3832 3840 3958 3975 3976
Iter#1556314 New set #50 of size 66 (31126.3 its/hit = 14.180s/hit): seed=6323502765693675534 [11, 36, 98, 167, 211, 241, 300, 308, 386, 464, 520, 668, 774, 866, 884, 885, 971, 975, 977, 1287, 1399, 1492, 1506, 1583, 1733, 1742, 1842, 1879, 1897, 1985, 2082, 2178, 2210, 2212, 2216, 2233, 2284, 2327, 2479, 2544, 2698, 2718, 2975, 3039, 3070, 3091, 3145, 3181, 3185, 3192, 3214, 3276, 3350, 3361, 3419, 3513, 3532, 3541, 3568, 3603, 3682, 3832, 3840, 3958, 3975, 3976]
logs_monomial/n12_monomialSqrt.txt.bz2.greedyext.20260223_084058.txt

11 69 100 108 128 173 249 396 405 488 615 646 664 874 889 1046 1059 1073 1249 1251 1305 1325 1333 1338 1349 1394 1395 1399 1418 1491 1606 1618 1700 1730 1746 1821 1871 1946 2147 2232 2250 2267 2349 2455 2496 2565 2597 2660 2695 2940 2944 3080 3148 3207 3284 3323 3450 3457 3497 3605 3628 3648 3841 3850 4023 4034
Iter#21156215 New set #800 of size 66 (26445.3 its/hit = 11.641s/hit): seed=7725148633784516234 [11, 69, 100, 108, 128, 173, 249, 396, 405, 488, 615, 646, 664, 874, 889, 1046, 1059, 1073, 1249, 1251, 1305, 1325, 1333, 1338, 1349, 1394, 1395, 1399, 1418, 1491, 1606, 1618, 1700, 1730, 1746, 1821, 1871, 1946, 2147, 2232, 2250, 2267, 2349, 2455, 2496, 2565, 2597, 2660, 2695, 2940, 2944, 3080, 3148, 3207, 3284, 3323, 3450, 3457, 3497, 3605, 3628, 3648, 3841, 3850, 4023, 4034]
logs_monomial/n12_monomialSqrt.txt.bz2.greedyext.20260222_020855.txt

149 158 216 366 387 461 519 610 619 664 711 749 781 789 821 836 853 870 933 1043 1185 1224 1302 1346 1478 1533 1537 1540 1658 1668 1763 1776 1839 1906 1912 1933 1947 1985 2191 2328 2408 2436 2565 2625 2671 2819 2924 2985 3003 3144 3167 3203 3205 3225 3283 3327 3383 3436 3490 3513 3761 4008 4022 4053 4081 4093
Iter#169806 New set #5 of size 66 (33961.2 its/hit = 13.400s/hit): seed=18052421332562549594 [149, 158, 216, 366, 387, 461, 519, 610, 619, 664, 711, 749, 781, 789, 821, 836, 853, 870, 933, 1043, 1185, 1224, 1302, 1346, 1478, 1533, 1537, 1540, 1658, 1668, 1763, 1776, 1839, 1906, 1912, 1933, 1947, 1985, 2191, 2328, 2408, 2436, 2565, 2625, 2671, 2819, 2924, 2985, 3003, 3144, 3167, 3203, 3205, 3225, 3283, 3327, 3383, 3436, 3490, 3513, 3761, 4008, 4022, 4053, 4081, 4093]
logs_monomial/n12_monomialSqrt.txt.bz2.greedyext.20260220_220834.txt

342 467 547 610 668 736 805 871 970 1003 1022 1024 1041 1131 1325 1396 1405 1406 1440 1447 1519 1594 1602 1604 1612 1620 1640 1700 1778 1793 1890 1905 1961 2046 2069 2184 2196 2223 2340 2453 2524 2591 2664 2808 2832 2895 2927 2930 3068 3098 3124 3183 3287 3513 3520 3531 3540 3555 3653 3694 3701 3732 3858 3903 3916 4080
Iter#158637 New set #4 of size 66 (39659.2 its/hit = 17.750s/hit): seed=7115061651370037489 [342, 467, 547, 610, 668, 736, 805, 871, 970, 1003, 1022, 1024, 1041, 1131, 1325, 1396, 1405, 1406, 1440, 1447, 1519, 1594, 1602, 1604, 1612, 1620, 1640, 1700, 1778, 1793, 1890, 1905, 1961, 2046, 2069, 2184, 2196, 2223, 2340, 2453, 2524, 2591, 2664, 2808, 2832, 2895, 2927, 2930, 3068, 3098, 3124, 3183, 3287, 3513, 3520, 3531, 3540, 3555, 3653, 3694, 3701, 3732, 3858, 3903, 3916, 4080]
logs_monomial/n12_monomialSqrt.txt.bz2.greedyext.20260222_020855.txt

45 134 241 246 354 523 527 655 694 709 928 962 969 1010 1059 1123 1227 1344 1384 1396 1437 1443 1510 1554 1597 1608 1625 1640 1718 1811 1840 1868 1873 1963 1971 1985 2147 2191 2192 2268 2317 2366 2385 2395 2526 2749 2902 2929 2971 2994 3079 3128 3158 3441 3489 3495 3566 3670 3714 3750 3810 3910 3920 3996 4030 4039
Iter#276403 New set #8 of size 66 (34550.4 its/hit = 13.375s/hit): seed=15359760518518903992 [45, 134, 241, 246, 354, 523, 527, 655, 694, 709, 928, 962, 969, 1010, 1059, 1123, 1227, 1344, 1384, 1396, 1437, 1443, 1510, 1554, 1597, 1608, 1625, 1640, 1718, 1811, 1840, 1868, 1873, 1963, 1971, 1985, 2147, 2191, 2192, 2268, 2317, 2366, 2385, 2395, 2526, 2749, 2902, 2929, 2971, 2994, 3079, 3128, 3158, 3441, 3489, 3495, 3566, 3670, 3714, 3750, 3810, 3910, 3920, 3996, 4030, 4039]
logs_monomial/n12_monomialSqrt.txt.bz2.greedyext.20260220_220834.txt

47 93 160 187 295 303 625 675 693 702 725 748 824 886 1085 1122 1220 1235 1245 1274 1308 1387 1638 1900 1912 1958 1984 2037 2078 2141 2198 2270 2325 2379 2422 2435 2465 2529 2644 2647 2663 2726 2739 2786 2839 2897 2902 2938 2963 2985 3239 3446 3447 3498 3540 3575 3590 3595 3703 3732 3736 3837 3896 4017 4057 4065
Iter#1802389 New set #70 of size 66 (25748.4 its/hit = 8.886s/hit): seed=10684814655845607609 [47, 93, 160, 187, 295, 303, 625, 675, 693, 702, 725, 748, 824, 886, 1085, 1122, 1220, 1235, 1245, 1274, 1308, 1387, 1638, 1900, 1912, 1958, 1984, 2037, 2078, 2141, 2198, 2270, 2325, 2379, 2422, 2435, 2465, 2529, 2644, 2647, 2663, 2726, 2739, 2786, 2839, 2897, 2902, 2938, 2963, 2985, 3239, 3446, 3447, 3498, 3540, 3575, 3590, 3595, 3703, 3732, 3736, 3837, 3896, 4017, 4057, 4065]
logs_monomial/n12_monomialSqrt.txt.bz2.greedyext.20260220_220834.txt

0 6 102 161 261 297 319 364 411 462 484 489 516 522 563 604 646 687 910 1018 1042 1053 1172 1273 1283 1300 1333 1412 1549 1565 1598 1604 1666 1898 1966 2026 2118 2191 2212 2238 2386 2432 2456 2715 2739 2776 2831 2842 2922 2985 3011 3018 3129 3207 3511 3531 3557 3558 3577 3652 3654 3707 3733 3840 3910 4092
Iter#2086552 New set #80 of size 66 (26081.9 its/hit = 8.950s/hit): seed=5415571298486282577 [0, 6, 102, 161, 261, 297, 319, 364, 411, 462, 484, 489, 516, 522, 563, 604, 646, 687, 910, 1018, 1042, 1053, 1172, 1273, 1283, 1300, 1333, 1412, 1549, 1565, 1598, 1604, 1666, 1898, 1966, 2026, 2118, 2191, 2212, 2238, 2386, 2432, 2456, 2715, 2739, 2776, 2831, 2842, 2922, 2985, 3011, 3018, 3129, 3207, 3511, 3531, 3557, 3558, 3577, 3652, 3654, 3707, 3733, 3840, 3910, 4092]
logs_monomial/n12_monomialSqrt.txt.bz2.greedyext.20260220_220834.txt

22 110 244 264 358 380 407 473 506 610 615 814 1060 1096 1247 1333 1400 1409 1443 1512 1614 1656 1663 1853 1890 1984 2112 2175 2179 2357 2523 2549 2556 2674 2724 2727 2753 2777 2841 2865 2929 2984 3129 3220 3233 3270 3281 3283 3309 3331 3340 3341 3390 3456 3498 3508 3552 3579 3584 3745 3842 3856 3867 3922 3973 4035
Iter#301481 New set #10 of size 66 (30148.1 its/hit = 13.600s/hit): seed=7830774028923991462 [22, 110, 244, 264, 358, 380, 407, 473, 506, 610, 615, 814, 1060, 1096, 1247, 1333, 1400, 1409, 1443, 1512, 1614, 1656, 1663, 1853, 1890, 1984, 2112, 2175, 2179, 2357, 2523, 2549, 2556, 2674, 2724, 2727, 2753, 2777, 2841, 2865, 2929, 2984, 3129, 3220, 3233, 3270, 3281, 3283, 3309, 3331, 3340, 3341, 3390, 3456, 3498, 3508, 3552, 3579, 3584, 3745, 3842, 3856, 3867, 3922, 3973, 4035]
logs_monomial/n12_monomialSqrt.txt.bz2.greedyext.20260222_020855.txt

47 108 214 225 265 301 331 338 442 513 626 649 670 897 949 1047 1051 1098 1215 1222 1242 1354 1379 1438 1547 1586 1680 1704 1800 1846 1863 1870 1887 1906 1948 2034 2059 2090 2091 2370 2372 2412 2458 2464 2480 2496 2638 2699 2736 2814 2905 2985 3009 3194 3328 3336 3393 3422 3522 3528 3535 3749 3766 3910 3957 3996
Iter#673727 New set #20 of size 66 (33686.4 its/hit = 15.300s/hit): seed=9101195231268861633 [47, 108, 214, 225, 265, 301, 331, 338, 442, 513, 626, 649, 670, 897, 949, 1047, 1051, 1098, 1215, 1222, 1242, 1354, 1379, 1438, 1547, 1586, 1680, 1704, 1800, 1846, 1863, 1870, 1887, 1906, 1948, 2034, 2059, 2090, 2091, 2370, 2372, 2412, 2458, 2464, 2480, 2496, 2638, 2699, 2736, 2814, 2905, 2985, 3009, 3194, 3328, 3336, 3393, 3422, 3522, 3528, 3535, 3749, 3766, 3910, 3957, 3996]
logs_monomial/n12_monomialSqrt.txt.bz2.greedyext.20260223_084058.txt

68 78 161 228 367 421 429 540 552 610 617 623 629 739 783 794 821 833 1018 1088 1244 1262 1324 1563 1602 1616 1660 1674 1679 1706 1710 1784 1983 1988 2159 2160 2236 2356 2377 2407 2544 2572 2573 2597 2649 2665 2690 2899 3016 3166 3177 3192 3296 3323 3355 3397 3467 3508 3570 3778 3848 3857 3915 3952 3954 4045
Iter#20683501 New set #800 of size 66 (25854.4 its/hit = 11.806s/hit): seed=13899096793945980253 [68, 78, 161, 228, 367, 421, 429, 540, 552, 610, 617, 623, 629, 739, 783, 794, 821, 833, 1018, 1088, 1244, 1262, 1324, 1563, 1602, 1616, 1660, 1674, 1679, 1706, 1710, 1784, 1983, 1988, 2159, 2160, 2236, 2356, 2377, 2407, 2544, 2572, 2573, 2597, 2649, 2665, 2690, 2899, 3016, 3166, 3177, 3192, 3296, 3323, 3355, 3397, 3467, 3508, 3570, 3778, 3848, 3857, 3915, 3952, 3954, 4045]
logs_monomial/n12_monomialSqrt.txt.bz2.greedyext.20260223_084058.txt

26 35 42 57 109 199 297 399 419 446 507 516 594 614 691 829 918 1009 1021 1029 1096 1166 1180 1261 1284 1326 1486 1580 1660 1706 1711 1789 1865 1943 2021 2041 2164 2188 2256 2262 2280 2297 2459 2521 2551 2563 2580 2777 2920 3019 3029 3109 3245 3298 3354 3365 3478 3632 3829 3961 3981 3986 3990 4043 4075 4076
Iter#1330344 New set #50 of size 66 (26606.9 its/hit = 11.940s/hit): seed=8307636225129835904 [26, 35, 42, 57, 109, 199, 297, 399, 419, 446, 507, 516, 594, 614, 691, 829, 918, 1009, 1021, 1029, 1096, 1166, 1180, 1261, 1284, 1326, 1486, 1580, 1660, 1706, 1711, 1789, 1865, 1943, 2021, 2041, 2164, 2188, 2256, 2262, 2280, 2297, 2459, 2521, 2551, 2563, 2580, 2777, 2920, 3019, 3029, 3109, 3245, 3298, 3354, 3365, 3478, 3632, 3829, 3961, 3981, 3986, 3990, 4043, 4075, 4076]
logs_monomial/n12_monomialSqrt.txt.bz2.greedyext.20260222_020855.txt

63 81 93 95 200 201 208 392 443 444 549 625 629 861 949 984 1015 1036 1050 1157 1211 1272 1280 1353 1461 1466 1483 1504 1690 1696 1848 1899 2097 2100 2287 2321 2543 2744 2820 2947 2966 3049 3050 3086 3093 3107 3230 3241 3340 3345 3432 3471 3503 3517 3528 3544 3552 3651 3662 3664 3731 3866 3879 3915 3946 3963
Iter#1447148 New set #50 of size 66 (28943.0 its/hit = 10.060s/hit): seed=15188071456744320972 [63, 81, 93, 95, 200, 201, 208, 392, 443, 444, 549, 625, 629, 861, 949, 984, 1015, 1036, 1050, 1157, 1211, 1272, 1280, 1353, 1461, 1466, 1483, 1504, 1690, 1696, 1848, 1899, 2097, 2100, 2287, 2321, 2543, 2744, 2820, 2947, 2966, 3049, 3050, 3086, 3093, 3107, 3230, 3241, 3340, 3345, 3432, 3471, 3503, 3517, 3528, 3544, 3552, 3651, 3662, 3664, 3731, 3866, 3879, 3915, 3946, 3963]
logs_monomial/n12_monomialSqrt.txt.bz2.greedyext.20260220_220834.txt

4 13 147 272 301 427 449 618 663 837 909 915 974 1054 1060 1179 1191 1385 1407 1456 1608 1680 1701 1720 1745 1794 1805 1862 2052 2055 2096 2318 2526 2546 2559 2586 2604 2627 2847 2848 2879 2930 2938 2949 3035 3124 3149 3159 3164 3230 3252 3320 3358 3381 3387 3406 3496 3516 3550 3552 3774 3846 3956 4011 4039 4065
Iter#204616 New set #6 of size 66 (34102.7 its/hit = 15.333s/hit): seed=18001977284432216945 [4, 13, 147, 272, 301, 427, 449, 618, 663, 837, 909, 915, 974, 1054, 1060, 1179, 1191, 1385, 1407, 1456, 1608, 1680, 1701, 1720, 1745, 1794, 1805, 1862, 2052, 2055, 2096, 2318, 2526, 2546, 2559, 2586, 2604, 2627, 2847, 2848, 2879, 2930, 2938, 2949, 3035, 3124, 3149, 3159, 3164, 3230, 3252, 3320, 3358, 3381, 3387, 3406, 3496, 3516, 3550, 3552, 3774, 3846, 3956, 4011, 4039, 4065]
logs_monomial/n12_monomialSqrt.txt.bz2.greedyext.20260223_084058.txt

54 66 97 150 402 504 743 859 899 917 1014 1033 1052 1137 1156 1159 1285 1452 1535 1539 1571 1744 1758 1762 1815 1816 1833 1899 1943 1998 2122 2161 2234 2272 2424 2512 2569 2605 2612 2630 2652 2672 2734 2859 3024 3063 3067 3094 3095 3107 3192 3200 3217 3219 3385 3488 3568 3640 3709 3721 3882 3954 3960 4051 4052 4076
Iter#233739 New set #9 of size 66 (25971.0 its/hit = 11.778s/hit): seed=8838075968478977469 [54, 66, 97, 150, 402, 504, 743, 859, 899, 917, 1014, 1033, 1052, 1137, 1156, 1159, 1285, 1452, 1535, 1539, 1571, 1744, 1758, 1762, 1815, 1816, 1833, 1899, 1943, 1998, 2122, 2161, 2234, 2272, 2424, 2512, 2569, 2605, 2612, 2630, 2652, 2672, 2734, 2859, 3024, 3063, 3067, 3094, 3095, 3107, 3192, 3200, 3217, 3219, 3385, 3488, 3568, 3640, 3709, 3721, 3882, 3954, 3960, 4051, 4052, 4076]
logs_monomial/n12_monomialSqrt.txt.bz2.greedyext.20260223_084058.txt

148 192 229 245 287 341 418 505 568 602 713 735 793 801 929 936 986 1139 1550 1602 1606 1623 1817 1857 1878 2008 2063 2116 2144 2196 2237 2251 2279 2285 2304 2346 2377 2404 2409 2487 2491 2606 2694 2715 2842 2889 2928 2943 2997 3148 3298 3312 3329 3349 3386 3399 3453 3618 3882 3930 3935 3950 3979 3987 3988 4076
Iter#1910301 New set #60 of size 66 (31838.3 its/hit = 14.500s/hit): seed=18177372300198771250 [148, 192, 229, 245, 287, 341, 418, 505, 568, 602, 713, 735, 793, 801, 929, 936, 986, 1139, 1550, 1602, 1606, 1623, 1817, 1857, 1878, 2008, 2063, 2116, 2144, 2196, 2237, 2251, 2279, 2285, 2304, 2346, 2377, 2404, 2409, 2487, 2491, 2606, 2694, 2715, 2842, 2889, 2928, 2943, 2997, 3148, 3298, 3312, 3329, 3349, 3386, 3399, 3453, 3618, 3882, 3930, 3935, 3950, 3979, 3987, 3988, 4076]
logs_monomial/n12_monomialSqrt.txt.bz2.greedyext.20260223_084058.txt

27 33 188 236 283 402 605 651 692 718 841 856 1000 1043 1125 1138 1177 1189 1201 1206 1214 1279 1281 1357 1410 1414 1481 1593 1646 1676 1680 1714 1816 1957 2093 2133 2136 2221 2332 2372 2445 2550 2580 2631 2660 2803 2858 2940 2978 3136 3238 3352 3370 3434 3436 3627 3636 3730 3748 3762 3820 3822 3830 3949 4011 4072
Iter#110672 New set #4 of size 66 (27668.0 its/hit = 12.000s/hit): seed=6775451653834062529 [27, 33, 188, 236, 283, 402, 605, 651, 692, 718, 841, 856, 1000, 1043, 1125, 1138, 1177, 1189, 1201, 1206, 1214, 1279, 1281, 1357, 1410, 1414, 1481, 1593, 1646, 1676, 1680, 1714, 1816, 1957, 2093, 2133, 2136, 2221, 2332, 2372, 2445, 2550, 2580, 2631, 2660, 2803, 2858, 2940, 2978, 3136, 3238, 3352, 3370, 3434, 3436, 3627, 3636, 3730, 3748, 3762, 3820, 3822, 3830, 3949, 4011, 4072]
logs_monomial/n12_monomialSqrt.txt.bz2.greedyext.20260223_084058.txt

167 234 249 259 298 453 455 501 560 568 651 796 845 883 887 890 925 980 1227 1234 1261 1312 1333 1434 1443 1461 1506 1507 1690 1786 1870 1966 2050 2208 2236 2256 2275 2427 2608 2620 2649 2728 2897 2955 2995 3041 3149 3228 3261 3320 3402 3454 3518 3535 3616 3671 3736 3762 3784 3818 3908 3930 3932 3977 4045 4072
Iter#5673317 New set #200 of size 66 (28366.6 its/hit = 12.935s/hit): seed=14920792953528528437 [167, 234, 249, 259, 298, 453, 455, 501, 560, 568, 651, 796, 845, 883, 887, 890, 925, 980, 1227, 1234, 1261, 1312, 1333, 1434, 1443, 1461, 1506, 1507, 1690, 1786, 1870, 1966, 2050, 2208, 2236, 2256, 2275, 2427, 2608, 2620, 2649, 2728, 2897, 2955, 2995, 3041, 3149, 3228, 3261, 3320, 3402, 3454, 3518, 3535, 3616, 3671, 3736, 3762, 3784, 3818, 3908, 3930, 3932, 3977, 4045, 4072]
logs_monomial/n12_monomialSqrt.txt.bz2.greedyext.20260223_084058.txt

58 153 250 524 598 773 825 889 1001 1075 1277 1309 1318 1360 1379 1399 1405 1417 1455 1483 1537 1642 1675 1826 1855 1954 2051 2056 2067 2081 2092 2093 2112 2222 2313 2426 2511 2518 2540 2543 2640 2664 2699 2767 2788 2934 2977 3028 3064 3075 3090 3100 3181 3286 3329 3333 3427 3481 3483 3584 3645 3758 3830 3844 3884 3987
Iter#382231 New set #10 of size 66 (38223.1 its/hit = 14.600s/hit): seed=9782254527655035992 [58, 153, 250, 524, 598, 773, 825, 889, 1001, 1075, 1277, 1309, 1318, 1360, 1379, 1399, 1405, 1417, 1455, 1483, 1537, 1642, 1675, 1826, 1855, 1954, 2051, 2056, 2067, 2081, 2092, 2093, 2112, 2222, 2313, 2426, 2511, 2518, 2540, 2543, 2640, 2664, 2699, 2767, 2788, 2934, 2977, 3028, 3064, 3075, 3090, 3100, 3181, 3286, 3329, 3333, 3427, 3481, 3483, 3584, 3645, 3758, 3830, 3844, 3884, 3987]
logs_monomial/n12_monomialSqrt.txt.bz2.greedyext.20260220_220834.txt

7 137 170 251 264 282 361 600 672 680 756 769 779 838 872 956 1262 1265 1300 1313 1353 1491 1496 1498 1500 1504 1536 1598 1643 1644 1677 1718 1747 1783 1849 1852 1860 1946 1973 2028 2255 2306 2381 2393 2502 2522 2540 2563 2659 2920 2967 2971 3177 3236 3267 3278 3427 3456 3500 3506 3523 3556 3808 3898 4007 4088
Iter#294252 New set #9 of size 66 (32694.7 its/hit = 12.667s/hit): seed=2335739848423048125 [7, 137, 170, 251, 264, 282, 361, 600, 672, 680, 756, 769, 779, 838, 872, 956, 1262, 1265, 1300, 1313, 1353, 1491, 1496, 1498, 1500, 1504, 1536, 1598, 1643, 1644, 1677, 1718, 1747, 1783, 1849, 1852, 1860, 1946, 1973, 2028, 2255, 2306, 2381, 2393, 2502, 2522, 2540, 2563, 2659, 2920, 2967, 2971, 3177, 3236, 3267, 3278, 3427, 3456, 3500, 3506, 3523, 3556, 3808, 3898, 4007, 4088]
logs_monomial/n12_monomialSqrt.txt.bz2.greedyext.20260220_220834.txt

13 30 45 55 74 79 88 253 289 300 427 488 553 588 644 654 690 801 868 1039 1108 1259 1264 1307 1381 1418 1493 1501 1516 1587 1596 1605 1854 1904 1983 2046 2054 2066 2082 2162 2196 2298 2326 2338 2345 2441 2443 2515 2642 2692 2709 2982 3023 3106 3196 3223 3470 3637 3756 3782 3803 3871 3876 3948 3980 4030
Iter#55563 New set #1 of size 66 (55563.0 its/hit = 23.000s/hit): seed=14315667846101625200 [13, 30, 45, 55, 74, 79, 88, 253, 289, 300, 427, 488, 553, 588, 644, 654, 690, 801, 868, 1039, 1108, 1259, 1264, 1307, 1381, 1418, 1493, 1501, 1516, 1587, 1596, 1605, 1854, 1904, 1983, 2046, 2054, 2066, 2082, 2162, 2196, 2298, 2326, 2338, 2345, 2441, 2443, 2515, 2642, 2692, 2709, 2982, 3023, 3106, 3196, 3223, 3470, 3637, 3756, 3782, 3803, 3871, 3876, 3948, 3980, 4030]
logs_monomial/n12_monomialSqrt.txt.bz2.greedyext.20260220_220834.txt

311 404 503 520 564 628 740 769 859 1040 1067 1117 1134 1136 1146 1156 1186 1222 1342 1520 1583 1586 1711 1804 1895 1926 2052 2167 2242 2267 2273 2274 2309 2318 2334 2336 2337 2348 2381 2467 2683 2732 2777 2805 2909 2917 2950 3010 3049 3080 3084 3182 3220 3222 3342 3345 3359 3424 3547 3593 3617 3742 3853 3888 4003 4091
Iter#646477 New set #20 of size 66 (32323.8 its/hit = 14.600s/hit): seed=10218014913724002005 [311, 404, 503, 520, 564, 628, 740, 769, 859, 1040, 1067, 1117, 1134, 1136, 1146, 1156, 1186, 1222, 1342, 1520, 1583, 1586, 1711, 1804, 1895, 1926, 2052, 2167, 2242, 2267, 2273, 2274, 2309, 2318, 2334, 2336, 2337, 2348, 2381, 2467, 2683, 2732, 2777, 2805, 2909, 2917, 2950, 3010, 3049, 3080, 3084, 3182, 3220, 3222, 3342, 3345, 3359, 3424, 3547, 3593, 3617, 3742, 3853, 3888, 4003, 4091]
logs_monomial/n12_monomialSqrt.txt.bz2.greedyext.20260222_020855.txt

10 20 62 69 94 128 178 179 189 287 298 339 365 367 376 391 571 637 677 686 700 748 799 958 1090 1099 1125 1163 1341 1473 1534 1558 1679 1703 1743 1817 1818 1895 1919 1996 2077 2111 2134 2187 2246 2401 2458 2550 2686 2691 2780 3009 3014 3056 3113 3140 3175 3254 3266 3288 3402 3496 3536 3728 4057 4060
Iter#8138605 New set #300 of size 66 (27128.7 its/hit = 9.127s/hit): seed=4868141079809860018 [10, 20, 62, 69, 94, 128, 178, 179, 189, 287, 298, 339, 365, 367, 376, 391, 571, 637, 677, 686, 700, 748, 799, 958, 1090, 1099, 1125, 1163, 1341, 1473, 1534, 1558, 1679, 1703, 1743, 1817, 1818, 1895, 1919, 1996, 2077, 2111, 2134, 2187, 2246, 2401, 2458, 2550, 2686, 2691, 2780, 3009, 3014, 3056, 3113, 3140, 3175, 3254, 3266, 3288, 3402, 3496, 3536, 3728, 4057, 4060]
logs_monomial/n12_monomialSqrt.txt.bz2.greedyext.20260220_220834.txt

68 84 142 206 209 240 262 321 381 442 455 566 644 655 744 885 1025 1147 1196 1292 1293 1358 1364 1497 1601 1619 1720 1726 1744 1917 2113 2136 2143 2236 2263 2366 2418 2534 2763 2833 2859 2939 3020 3065 3116 3209 3212 3237 3270 3290 3340 3387 3440 3528 3552 3592 3603 3614 3626 3687 3800 3861 3904 3949 3980 4056
Iter#214422 New set #6 of size 66 (35737.0 its/hit = 16.000s/hit): seed=16562836794672492078 [68, 84, 142, 206, 209, 240, 262, 321, 381, 442, 455, 566, 644, 655, 744, 885, 1025, 1147, 1196, 1292, 1293, 1358, 1364, 1497, 1601, 1619, 1720, 1726, 1744, 1917, 2113, 2136, 2143, 2236, 2263, 2366, 2418, 2534, 2763, 2833, 2859, 2939, 3020, 3065, 3116, 3209, 3212, 3237, 3270, 3290, 3340, 3387, 3440, 3528, 3552, 3592, 3603, 3614, 3626, 3687, 3800, 3861, 3904, 3949, 3980, 4056]
logs_monomial/n12_monomialSqrt.txt.bz2.greedyext.20260222_020855.txt

6 31 87 94 99 154 341 378 419 445 611 630 684 712 944 1041 1042 1093 1102 1151 1187 1242 1325 1432 1438 1451 1595 1739 1888 2025 2169 2194 2232 2293 2315 2429 2491 2533 2536 2553 2651 2725 2757 2978 2979 2992 3046 3110 3122 3155 3163 3291 3300 3401 3404 3414 3632 3636 3676 3703 3771 3777 3791 3809 4047 4057
Iter#2547693 New set #100 of size 66 (25476.9 its/hit = 8.700s/hit): seed=5966909303346114501 [6, 31, 87, 94, 99, 154, 341, 378, 419, 445, 611, 630, 684, 712, 944, 1041, 1042, 1093, 1102, 1151, 1187, 1242, 1325, 1432, 1438, 1451, 1595, 1739, 1888, 2025, 2169, 2194, 2232, 2293, 2315, 2429, 2491, 2533, 2536, 2553, 2651, 2725, 2757, 2978, 2979, 2992, 3046, 3110, 3122, 3155, 3163, 3291, 3300, 3401, 3404, 3414, 3632, 3636, 3676, 3703, 3771, 3777, 3791, 3809, 4047, 4057]
logs_monomial/n12_monomialSqrt.txt.bz2.greedyext.20260220_220834.txt

7 34 125 169 212 235 237 469 649 650 667 732 798 834 864 915 958 979 988 1128 1129 1176 1198 1203 1297 1359 1479 1499 1645 1661 1759 1777 1822 1915 1950 1996 2061 2068 2229 2253 2329 2406 2477 2602 2674 2679 2781 2805 2813 2824 2893 2960 3062 3099 3122 3283 3359 3381 3422 3777 3969 3994 4007 4083 4084 4093
Iter#229618 New set #8 of size 66 (28702.2 its/hit = 12.875s/hit): seed=8227583076655423395 [7, 34, 125, 169, 212, 235, 237, 469, 649, 650, 667, 732, 798, 834, 864, 915, 958, 979, 988, 1128, 1129, 1176, 1198, 1203, 1297, 1359, 1479, 1499, 1645, 1661, 1759, 1777, 1822, 1915, 1950, 1996, 2061, 2068, 2229, 2253, 2329, 2406, 2477, 2602, 2674, 2679, 2781, 2805, 2813, 2824, 2893, 2960, 3062, 3099, 3122, 3283, 3359, 3381, 3422, 3777, 3969, 3994, 4007, 4083, 4084, 4093]
logs_monomial/n12_monomialSqrt.txt.bz2.greedyext.20260222_020855.txt

34 44 51 93 230 305 309 339 425 427 525 560 670 710 796 820 931 1041 1052 1053 1059 1075 1080 1136 1182 1337 1354 1500 1503 1510 1535 1624 1632 1723 1748 1791 1862 1937 1992 2020 2051 2253 2326 2349 2375 2381 2387 2400 2463 2489 2555 2609 2650 2747 2831 2834 2962 3082 3241 3274 3644 3686 3849 3893 3913 4057
Iter#1293078 New set #40 of size 66 (32326.9 its/hit = 14.725s/hit): seed=15714249232023917735 [34, 44, 51, 93, 230, 305, 309, 339, 425, 427, 525, 560, 670, 710, 796, 820, 931, 1041, 1052, 1053, 1059, 1075, 1080, 1136, 1182, 1337, 1354, 1500, 1503, 1510, 1535, 1624, 1632, 1723, 1748, 1791, 1862, 1937, 1992, 2020, 2051, 2253, 2326, 2349, 2375, 2381, 2387, 2400, 2463, 2489, 2555, 2609, 2650, 2747, 2831, 2834, 2962, 3082, 3241, 3274, 3644, 3686, 3849, 3893, 3913, 4057]
logs_monomial/n12_monomialSqrt.txt.bz2.greedyext.20260223_084058.txt

1 67 140 286 314 358 394 515 667 707 736 951 990 1019 1054 1071 1101 1150 1168 1249 1295 1370 1404 1440 1470 1627 1651 1765 1768 1833 1877 1906 1939 2012 2038 2045 2175 2212 2222 2231 2235 2359 2428 2526 2537 2565 2628 2630 2736 2743 2784 2813 3255 3328 3435 3495 3531 3588 3727 3793 3817 3884 3975 4021 4028 4029
Iter#18964481 New set #700 of size 66 (27092.1 its/hit = 9.077s/hit): seed=3476388172773184394 [1, 67, 140, 286, 314, 358, 394, 515, 667, 707, 736, 951, 990, 1019, 1054, 1071, 1101, 1150, 1168, 1249, 1295, 1370, 1404, 1440, 1470, 1627, 1651, 1765, 1768, 1833, 1877, 1906, 1939, 2012, 2038, 2045, 2175, 2212, 2222, 2231, 2235, 2359, 2428, 2526, 2537, 2565, 2628, 2630, 2736, 2743, 2784, 2813, 3255, 3328, 3435, 3495, 3531, 3588, 3727, 3793, 3817, 3884, 3975, 4021, 4028, 4029]
logs_monomial/n12_monomialSqrt.txt.bz2.greedyext.20260220_220834.txt

7 36 80 240 414 500 641 829 912 997 1011 1047 1135 1146 1249 1250 1379 1433 1482 1605 1637 1668 1718 1720 1805 1871 1905 1918 1960 2033 2071 2092 2182 2268 2334 2486 2582 2592 2618 2635 2642 2671 2760 2893 2961 2973 2998 3102 3141 3184 3185 3302 3317 3319 3423 3478 3526 3611 3678 3823 3860 3870 3916 3978 4018 4021
Iter#2830786 New set #90 of size 66 (31453.2 its/hit = 14.333s/hit): seed=3903459700337884640 [7, 36, 80, 240, 414, 500, 641, 829, 912, 997, 1011, 1047, 1135, 1146, 1249, 1250, 1379, 1433, 1482, 1605, 1637, 1668, 1718, 1720, 1805, 1871, 1905, 1918, 1960, 2033, 2071, 2092, 2182, 2268, 2334, 2486, 2582, 2592, 2618, 2635, 2642, 2671, 2760, 2893, 2961, 2973, 2998, 3102, 3141, 3184, 3185, 3302, 3317, 3319, 3423, 3478, 3526, 3611, 3678, 3823, 3860, 3870, 3916, 3978, 4018, 4021]
logs_monomial/n12_monomialSqrt.txt.bz2.greedyext.20260223_084058.txt

114 187 235 307 348 349 360 459 472 474 563 569 609 664 671 679 822 883 962 1075 1179 1281 1338 1451 1521 1632 1691 1712 1724 1805 1815 1851 1858 1894 1919 2021 2126 2228 2279 2362 2370 2391 2508 2511 2592 2643 2652 2658 2693 2780 2888 2920 2965 2971 2985 3251 3289 3337 3370 3453 3549 3600 3773 3784 3806 4012
Iter#146536 New set #3 of size 66 (48845.3 its/hit = 22.000s/hit): seed=10191707186010147328 [114, 187, 235, 307, 348, 349, 360, 459, 472, 474, 563, 569, 609, 664, 671, 679, 822, 883, 962, 1075, 1179, 1281, 1338, 1451, 1521, 1632, 1691, 1712, 1724, 1805, 1815, 1851, 1858, 1894, 1919, 2021, 2126, 2228, 2279, 2362, 2370, 2391, 2508, 2511, 2592, 2643, 2652, 2658, 2693, 2780, 2888, 2920, 2965, 2971, 2985, 3251, 3289, 3337, 3370, 3453, 3549, 3600, 3773, 3784, 3806, 4012]
logs_monomial/n12_monomialSqrt.txt.bz2.greedyext.20260222_020855.txt

13 24 44 129 195 262 378 388 453 565 688 1048 1103 1156 1175 1255 1300 1346 1422 1442 1444 1450 1458 1500 1545 1601 1606 1682 1688 1691 1739 1933 2022 2039 2074 2185 2196 2217 2294 2334 2446 2553 2618 2675 2754 2889 2926 2930 3059 3094 3242 3289 3316 3442 3464 3475 3491 3589 3622 3629 3634 3679 3889 3977 4050 4092
Iter#999046 New set #30 of size 66 (33301.5 its/hit = 11.767s/hit): seed=7462052859852382514 [13, 24, 44, 129, 195, 262, 378, 388, 453, 565, 688, 1048, 1103, 1156, 1175, 1255, 1300, 1346, 1422, 1442, 1444, 1450, 1458, 1500, 1545, 1601, 1606, 1682, 1688, 1691, 1739, 1933, 2022, 2039, 2074, 2185, 2196, 2217, 2294, 2334, 2446, 2553, 2618, 2675, 2754, 2889, 2926, 2930, 3059, 3094, 3242, 3289, 3316, 3442, 3464, 3475, 3491, 3589, 3622, 3629, 3634, 3679, 3889, 3977, 4050, 4092]
logs_monomial/n12_monomialSqrt.txt.bz2.greedyext.20260220_220834.txt

4 68 91 122 206 222 304 333 396 459 503 517 526 610 700 1023 1062 1163 1265 1363 1414 1415 1476 1502 1586 1588 1626 1739 1753 2039 2102 2141 2251 2258 2261 2412 2484 2552 2625 2886 2931 2971 2977 3057 3075 3078 3119 3148 3152 3238 3394 3434 3462 3505 3578 3666 3714 3732 3737 3744 3821 3846 3922 3999 4042 4071
Iter#2298336 New set #90 of size 66 (25537.1 its/hit = 8.744s/hit): seed=16324291287397342066 [4, 68, 91, 122, 206, 222, 304, 333, 396, 459, 503, 517, 526, 610, 700, 1023, 1062, 1163, 1265, 1363, 1414, 1415, 1476, 1502, 1586, 1588, 1626, 1739, 1753, 2039, 2102, 2141, 2251, 2258, 2261, 2412, 2484, 2552, 2625, 2886, 2931, 2971, 2977, 3057, 3075, 3078, 3119, 3148, 3152, 3238, 3394, 3434, 3462, 3505, 3578, 3666, 3714, 3732, 3737, 3744, 3821, 3846, 3922, 3999, 4042, 4071]
logs_monomial/n12_monomialSqrt.txt.bz2.greedyext.20260220_220834.txt

76 123 128 129 205 207 252 339 388 580 588 603 605 682 698 713 776 810 925 1075 1108 1161 1178 1192 1219 1267 1270 1276 1288 1357 1490 1537 1977 1999 2001 2033 2097 2102 2131 2360 2371 2415 2478 2490 2584 2606 2620 2671 2693 2766 2771 2828 2832 2890 2947 3012 3026 3216 3243 3341 3497 3561 3621 3653 3859 3902
Iter#66936 New set #2 of size 66 (33468.0 its/hit = 13.500s/hit): seed=9882398665467300298 [76, 123, 128, 129, 205, 207, 252, 339, 388, 580, 588, 603, 605, 682, 698, 713, 776, 810, 925, 1075, 1108, 1161, 1178, 1192, 1219, 1267, 1270, 1276, 1288, 1357, 1490, 1537, 1977, 1999, 2001, 2033, 2097, 2102, 2131, 2360, 2371, 2415, 2478, 2490, 2584, 2606, 2620, 2671, 2693, 2766, 2771, 2828, 2832, 2890, 2947, 3012, 3026, 3216, 3243, 3341, 3497, 3561, 3621, 3653, 3859, 3902]
logs_monomial/n12_monomialSqrt.txt.bz2.greedyext.20260220_220834.txt

104 123 188 204 233 264 377 423 431 437 475 599 762 792 801 817 970 978 1195 1227 1231 1301 1351 1372 1546 1551 1644 1685 1715 1746 1770 1966 2077 2096 2170 2232 2322 2334 2338 2525 2618 2677 2686 2714 2741 2766 2820 3050 3079 3115 3124 3189 3205 3207 3286 3329 3371 3390 3414 3674 3730 3739 3792 3799 3813 3888
Iter#2942876 New set #100 of size 66 (29428.8 its/hit = 13.410s/hit): seed=8028974921098181772 [104, 123, 188, 204, 233, 264, 377, 423, 431, 437, 475, 599, 762, 792, 801, 817, 970, 978, 1195, 1227, 1231, 1301, 1351, 1372, 1546, 1551, 1644, 1685, 1715, 1746, 1770, 1966, 2077, 2096, 2170, 2232, 2322, 2334, 2338, 2525, 2618, 2677, 2686, 2714, 2741, 2766, 2820, 3050, 3079, 3115, 3124, 3189, 3205, 3207, 3286, 3329, 3371, 3390, 3414, 3674, 3730, 3739, 3792, 3799, 3813, 3888]
logs_monomial/n12_monomialSqrt.txt.bz2.greedyext.20260223_084058.txt

21 74 183 264 271 313 527 578 671 724 758 831 851 936 1113 1296 1301 1547 1553 1663 1677 1710 1760 1817 1889 1923 2085 2151 2156 2165 2228 2290 2423 2518 2633 2676 2682 2683 2700 2711 2755 2781 2807 2894 2970 2980 2982 2993 3030 3043 3078 3142 3182 3295 3333 3502 3510 3536 3539 3650 3714 3723 3756 3848 3895 4084
Iter#105551 New set #2 of size 66 (52775.5 its/hit = 23.500s/hit): seed=16369564733739680242 [21, 74, 183, 264, 271, 313, 527, 578, 671, 724, 758, 831, 851, 936, 1113, 1296, 1301, 1547, 1553, 1663, 1677, 1710, 1760, 1817, 1889, 1923, 2085, 2151, 2156, 2165, 2228, 2290, 2423, 2518, 2633, 2676, 2682, 2683, 2700, 2711, 2755, 2781, 2807, 2894, 2970, 2980, 2982, 2993, 3030, 3043, 3078, 3142, 3182, 3295, 3333, 3502, 3510, 3536, 3539, 3650, 3714, 3723, 3756, 3848, 3895, 4084]
logs_monomial/n12_monomialSqrt.txt.bz2.greedyext.20260222_020855.txt

104 127 147 224 340 352 512 567 653 718 859 938 947 972 1000 1097 1137 1235 1258 1299 1405 1427 1446 1455 1470 1495 1513 1575 1595 1630 1707 1782 1786 1919 1922 1963 2079 2129 2154 2223 2336 2376 2488 2762 2763 2794 2849 2881 2897 2939 2957 2979 2981 3140 3159 3453 3476 3495 3739 3875 3881 3886 4000 4031 4065 4073
Iter#1893689 New set #70 of size 66 (27052.7 its/hit = 12.057s/hit): seed=4825927076076943351 [104, 127, 147, 224, 340, 352, 512, 567, 653, 718, 859, 938, 947, 972, 1000, 1097, 1137, 1235, 1258, 1299, 1405, 1427, 1446, 1455, 1470, 1495, 1513, 1575, 1595, 1630, 1707, 1782, 1786, 1919, 1922, 1963, 2079, 2129, 2154, 2223, 2336, 2376, 2488, 2762, 2763, 2794, 2849, 2881, 2897, 2939, 2957, 2979, 2981, 3140, 3159, 3453, 3476, 3495, 3739, 3875, 3881, 3886, 4000, 4031, 4065, 4073]
logs_monomial/n12_monomialSqrt.txt.bz2.greedyext.20260222_020855.txt

14 69 155 172 269 453 457 470 476 820 822 887 911 914 962 965 1049 1138 1209 1237 1477 1630 1735 1742 1743 1781 1910 1947 1955 2045 2068 2120 2156 2296 2353 2419 2558 2697 2732 2757 2929 2962 2993 3049 3086 3112 3197 3276 3282 3340 3391 3421 3436 3475 3554 3584 3623 3675 3716 3727 3758 3809 3841 3881 3991 3994
Iter#5724603 New set #200 of size 66 (28623.0 its/hit = 9.660s/hit): seed=212683641842257980 [14, 69, 155, 172, 269, 453, 457, 470, 476, 820, 822, 887, 911, 914, 962, 965, 1049, 1138, 1209, 1237, 1477, 1630, 1735, 1742, 1743, 1781, 1910, 1947, 1955, 2045, 2068, 2120, 2156, 2296, 2353, 2419, 2558, 2697, 2732, 2757, 2929, 2962, 2993, 3049, 3086, 3112, 3197, 3276, 3282, 3340, 3391, 3421, 3436, 3475, 3554, 3584, 3623, 3675, 3716, 3727, 3758, 3809, 3841, 3881, 3991, 3994]
logs_monomial/n12_monomialSqrt.txt.bz2.greedyext.20260220_220834.txt

80 94 206 260 304 352 524 571 652 680 723 775 932 951 992 1064 1167 1257 1288 1470 1569 1573 1648 1673 1705 1939 1951 2026 2063 2119 2133 2228 2649 2668 2891 2925 2965 2975 2989 2992 3024 3126 3136 3141 3143 3153 3243 3355 3368 3392 3420 3427 3463 3533 3557 3558 3592 3598 3625 3635 3685 3729 3852 3928 3958 4054
Iter#38721 New set #2 of size 66 (19360.5 its/hit = 7.000s/hit): seed=8285642602284427791 [80, 94, 206, 260, 304, 352, 524, 571, 652, 680, 723, 775, 932, 951, 992, 1064, 1167, 1257, 1288, 1470, 1569, 1573, 1648, 1673, 1705, 1939, 1951, 2026, 2063, 2119, 2133, 2228, 2649, 2668, 2891, 2925, 2965, 2975, 2989, 2992, 3024, 3126, 3136, 3141, 3143, 3153, 3243, 3355, 3368, 3392, 3420, 3427, 3463, 3533, 3557, 3558, 3592, 3598, 3625, 3635, 3685, 3729, 3852, 3928, 3958, 4054]
logs_monomial/n12_monomialSqrt.txt.bz2.greedyext.20260223_084058.txt

14 18 71 215 243 302 305 626 698 722 1153 1194 1220 1259 1300 1450 1506 1667 1724 1743 1795 1849 1895 1906 1907 2012 2041 2042 2101 2259 2263 2265 2274 2299 2319 2400 2476 2569 2671 2719 2722 2777 2785 2903 2963 2965 3011 3022 3083 3135 3141 3145 3154 3219 3312 3320 3451 3488 3552 3649 3765 3817 3942 3980 3988 4085
Iter#111410 New set #5 of size 66 (22282.0 its/hit = 9.600s/hit): seed=7647333878169475183 [14, 18, 71, 215, 243, 302, 305, 626, 698, 722, 1153, 1194, 1220, 1259, 1300, 1450, 1506, 1667, 1724, 1743, 1795, 1849, 1895, 1906, 1907, 2012, 2041, 2042, 2101, 2259, 2263, 2265, 2274, 2299, 2319, 2400, 2476, 2569, 2671, 2719, 2722, 2777, 2785, 2903, 2963, 2965, 3011, 3022, 3083, 3135, 3141, 3145, 3154, 3219, 3312, 3320, 3451, 3488, 3552, 3649, 3765, 3817, 3942, 3980, 3988, 4085]
logs_monomial/n12_monomialSqrt.txt.bz2.greedyext.20260223_084058.txt

12 238 301 467 482 597 760 762 781 787 855 1104 1119 1129 1174 1187 1192 1240 1270 1278 1286 1355 1414 1502 1589 1660 1721 1799 1824 1950 2018 2037 2107 2173 2176 2192 2449 2492 2591 2716 2741 2790 2814 2862 2988 3029 3046 3084 3136 3164 3168 3203 3324 3345 3428 3523 3542 3615 3662 3781 3796 3825 3831 3852 3857 3920
Iter#15979175 New set #600 of size 66 (26632.0 its/hit = 11.732s/hit): seed=11374221000958614381 [12, 238, 301, 467, 482, 597, 760, 762, 781, 787, 855, 1104, 1119, 1129, 1174, 1187, 1192, 1240, 1270, 1278, 1286, 1355, 1414, 1502, 1589, 1660, 1721, 1799, 1824, 1950, 2018, 2037, 2107, 2173, 2176, 2192, 2449, 2492, 2591, 2716, 2741, 2790, 2814, 2862, 2988, 3029, 3046, 3084, 3136, 3164, 3168, 3203, 3324, 3345, 3428, 3523, 3542, 3615, 3662, 3781, 3796, 3825, 3831, 3852, 3857, 3920]
logs_monomial/n12_monomialSqrt.txt.bz2.greedyext.20260222_020855.txt

53 91 114 146 193 261 308 344 407 477 495 593 647 661 685 741 875 1007 1074 1102 1143 1179 1272 1310 1383 1401 1617 1715 1730 1792 1814 1927 2137 2244 2292 2345 2364 2455 2456 2611 2648 2698 2772 2821 2855 2867 2874 2879 2931 2942 2991 3026 3160 3188 3190 3216 3330 3338 3390 3401 3467 3529 3724 3915 3939 4004
Iter#23585470 New set #900 of size 66 (26206.1 its/hit = 11.964s/hit): seed=11509811140532182161 [53, 91, 114, 146, 193, 261, 308, 344, 407, 477, 495, 593, 647, 661, 685, 741, 875, 1007, 1074, 1102, 1143, 1179, 1272, 1310, 1383, 1401, 1617, 1715, 1730, 1792, 1814, 1927, 2137, 2244, 2292, 2345, 2364, 2455, 2456, 2611, 2648, 2698, 2772, 2821, 2855, 2867, 2874, 2879, 2931, 2942, 2991, 3026, 3160, 3188, 3190, 3216, 3330, 3338, 3390, 3401, 3467, 3529, 3724, 3915, 3939, 4004]
logs_monomial/n12_monomialSqrt.txt.bz2.greedyext.20260223_084058.txt

44 355 440 447 456 647 652 700 750 833 837 907 961 1016 1038 1062 1082 1192 1235 1261 1325 1389 1413 1538 1567 1629 1662 1679 1765 1789 1798 1815 1830 1884 1907 2040 2069 2079 2115 2160 2192 2349 2450 2497 2526 2584 2623 2773 2812 3059 3135 3232 3305 3311 3352 3401 3446 3592 3614 3721 3794 3824 3864 4012 4044 4072
Iter#275729 New set #7 of size 66 (39389.9 its/hit = 15.286s/hit): seed=6461136126187916930 [44, 355, 440, 447, 456, 647, 652, 700, 750, 833, 837, 907, 961, 1016, 1038, 1062, 1082, 1192, 1235, 1261, 1325, 1389, 1413, 1538, 1567, 1629, 1662, 1679, 1765, 1789, 1798, 1815, 1830, 1884, 1907, 2040, 2069, 2079, 2115, 2160, 2192, 2349, 2450, 2497, 2526, 2584, 2623, 2773, 2812, 3059, 3135, 3232, 3305, 3311, 3352, 3401, 3446, 3592, 3614, 3721, 3794, 3824, 3864, 4012, 4044, 4072]
logs_monomial/n12_monomialSqrt.txt.bz2.greedyext.20260220_220834.txt

124 130 147 162 216 247 267 353 377 390 411 473 506 513 681 745 812 855 873 906 930 958 1039 1093 1148 1217 1221 1283 1288 1336 1386 1595 1596 1612 1767 1960 2088 2120 2156 2204 2317 2390 2420 2444 2458 2716 2765 2802 2852 2923 2925 3003 3191 3409 3448 3484 3515 3606 3653 3674 3753 3860 3985 3995 4039 4084
Iter#229274 New set #8 of size 66 (28659.2 its/hit = 12.875s/hit): seed=15161767666966375692 [124, 130, 147, 162, 216, 247, 267, 353, 377, 390, 411, 473, 506, 513, 681, 745, 812, 855, 873, 906, 930, 958, 1039, 1093, 1148, 1217, 1221, 1283, 1288, 1336, 1386, 1595, 1596, 1612, 1767, 1960, 2088, 2120, 2156, 2204, 2317, 2390, 2420, 2444, 2458, 2716, 2765, 2802, 2852, 2923, 2925, 3003, 3191, 3409, 3448, 3484, 3515, 3606, 3653, 3674, 3753, 3860, 3985, 3995, 4039, 4084]
logs_monomial/n12_monomialSqrt.txt.bz2.greedyext.20260223_084058.txt

0 137 182 223 345 367 413 471 489 560 716 822 926 961 1082 1145 1155 1260 1299 1367 1462 1488 1515 1523 1534 1710 1740 1745 1805 1891 1921 1946 1997 2025 2048 2064 2074 2154 2156 2193 2209 2365 2420 2463 2514 2535 2536 2548 2730 2835 2961 3004 3194 3366 3378 3468 3497 3543 3629 3710 3736 3775 3811 3837 3902 3957
Iter#185040 New set #5 of size 66 (37008.0 its/hit = 16.600s/hit): seed=7229642076262986564 [0, 137, 182, 223, 345, 367, 413, 471, 489, 560, 716, 822, 926, 961, 1082, 1145, 1155, 1260, 1299, 1367, 1462, 1488, 1515, 1523, 1534, 1710, 1740, 1745, 1805, 1891, 1921, 1946, 1997, 2025, 2048, 2064, 2074, 2154, 2156, 2193, 2209, 2365, 2420, 2463, 2514, 2535, 2536, 2548, 2730, 2835, 2961, 3004, 3194, 3366, 3378, 3468, 3497, 3543, 3629, 3710, 3736, 3775, 3811, 3837, 3902, 3957]
logs_monomial/n12_monomialSqrt.txt.bz2.greedyext.20260222_020855.txt

18 82 86 219 271 280 287 290 324 403 408 517 579 643 653 674 705 762 797 813 850 942 1070 1088 1117 1143 1194 1257 1306 1378 1419 1614 1620 1648 1697 1710 1749 1870 2067 2073 2168 2209 2220 2320 2322 2340 2627 2646 2814 3026 3035 3065 3075 3117 3175 3269 3270 3514 3593 3621 3655 3767 3889 3932 3950 4050
Iter#1640739 New set #60 of size 66 (27345.7 its/hit = 12.217s/hit): seed=8092969059558030559 [18, 82, 86, 219, 271, 280, 287, 290, 324, 403, 408, 517, 579, 643, 653, 674, 705, 762, 797, 813, 850, 942, 1070, 1088, 1117, 1143, 1194, 1257, 1306, 1378, 1419, 1614, 1620, 1648, 1697, 1710, 1749, 1870, 2067, 2073, 2168, 2209, 2220, 2320, 2322, 2340, 2627, 2646, 2814, 3026, 3035, 3065, 3075, 3117, 3175, 3269, 3270, 3514, 3593, 3621, 3655, 3767, 3889, 3932, 3950, 4050]
logs_monomial/n12_monomialSqrt.txt.bz2.greedyext.20260222_020855.txt

7 91 93 99 114 255 272 338 380 594 648 671 832 862 995 1062 1129 1198 1309 1425 1454 1662 1723 1798 1817 1821 1856 1888 1895 2034 2124 2193 2209 2216 2226 2278 2308 2344 2357 2416 2466 2616 2703 2777 2797 2845 2934 2938 2998 3077 3095 3174 3214 3267 3397 3471 3493 3617 3620 3702 3751 3831 3868 3950 3954 4034
Iter#1202256 New set #40 of size 66 (30056.4 its/hit = 10.525s/hit): seed=4996584698941578141 [7, 91, 93, 99, 114, 255, 272, 338, 380, 594, 648, 671, 832, 862, 995, 1062, 1129, 1198, 1309, 1425, 1454, 1662, 1723, 1798, 1817, 1821, 1856, 1888, 1895, 2034, 2124, 2193, 2209, 2216, 2226, 2278, 2308, 2344, 2357, 2416, 2466, 2616, 2703, 2777, 2797, 2845, 2934, 2938, 2998, 3077, 3095, 3174, 3214, 3267, 3397, 3471, 3493, 3617, 3620, 3702, 3751, 3831, 3868, 3950, 3954, 4034]
logs_monomial/n12_monomialSqrt.txt.bz2.greedyext.20260220_220834.txt

127 138 150 163 251 290 494 632 663 693 781 885 948 1046 1181 1256 1258 1269 1280 1327 1449 1456 1457 1490 1829 1846 1922 1929 1954 1993 2104 2110 2162 2343 2382 2422 2424 2614 2626 2643 2666 2687 2692 2696 2699 2770 2906 2920 2947 2969 3065 3130 3134 3227 3240 3276 3411 3507 3675 3691 3713 3825 3919 4022 4055 4075
Iter#46816 New set #1 of size 66 (46816.0 its/hit = 21.000s/hit): seed=4660524194049699961 [127, 138, 150, 163, 251, 290, 494, 632, 663, 693, 781, 885, 948, 1046, 1181, 1256, 1258, 1269, 1280, 1327, 1449, 1456, 1457, 1490, 1829, 1846, 1922, 1929, 1954, 1993, 2104, 2110, 2162, 2343, 2382, 2422, 2424, 2614, 2626, 2643, 2666, 2687, 2692, 2696, 2699, 2770, 2906, 2920, 2947, 2969, 3065, 3130, 3134, 3227, 3240, 3276, 3411, 3507, 3675, 3691, 3713, 3825, 3919, 4022, 4055, 4075]
logs_monomial/n12_monomialSqrt.txt.bz2.greedyext.20260222_020855.txt

52 80 113 129 259 370 390 434 516 550 596 638 667 748 769 804 837 904 912 918 1052 1071 1132 1136 1230 1463 1636 1685 1776 1788 1837 1863 1919 1949 2055 2078 2081 2350 2351 2390 2415 2425 2540 2553 2614 2646 2914 2946 3110 3125 3179 3337 3339 3385 3535 3558 3655 3828 3836 3864 3921 3969 4022 4027 4031 4048
Iter#10484544 New set #400 of size 66 (26211.4 its/hit = 11.975s/hit): seed=5563944268404631552 [52, 80, 113, 129, 259, 370, 390, 434, 516, 550, 596, 638, 667, 748, 769, 804, 837, 904, 912, 918, 1052, 1071, 1132, 1136, 1230, 1463, 1636, 1685, 1776, 1788, 1837, 1863, 1919, 1949, 2055, 2078, 2081, 2350, 2351, 2390, 2415, 2425, 2540, 2553, 2614, 2646, 2914, 2946, 3110, 3125, 3179, 3337, 3339, 3385, 3535, 3558, 3655, 3828, 3836, 3864, 3921, 3969, 4022, 4027, 4031, 4048]
logs_monomial/n12_monomialSqrt.txt.bz2.greedyext.20260223_084058.txt

86 95 200 331 374 410 496 561 716 798 917 968 982 1093 1151 1216 1276 1316 1330 1515 1555 1674 1739 1763 1790 1821 1878 1881 2140 2143 2155 2389 2437 2468 2473 2584 2625 2679 2849 2857 2884 2916 2939 2944 3038 3079 3084 3094 3183 3235 3269 3311 3349 3397 3424 3438 3461 3515 3559 3571 3813 3887 3933 3996 4026 4080
Iter#75735 New set #3 of size 66 (25245.0 its/hit = 10.333s/hit): seed=810029304770366092 [86, 95, 200, 331, 374, 410, 496, 561, 716, 798, 917, 968, 982, 1093, 1151, 1216, 1276, 1316, 1330, 1515, 1555, 1674, 1739, 1763, 1790, 1821, 1878, 1881, 2140, 2143, 2155, 2389, 2437, 2468, 2473, 2584, 2625, 2679, 2849, 2857, 2884, 2916, 2939, 2944, 3038, 3079, 3084, 3094, 3183, 3235, 3269, 3311, 3349, 3397, 3424, 3438, 3461, 3515, 3559, 3571, 3813, 3887, 3933, 3996, 4026, 4080]
logs_monomial/n12_monomialSqrt.txt.bz2.greedyext.20260220_220834.txt

55 58 137 161 270 292 303 321 391 416 507 563 578 671 684 716 765 876 882 904 942 989 1041 1074 1097 1233 1292 1321 1381 1630 1681 1747 1880 1972 1996 2024 2051 2107 2141 2262 2389 2407 2414 2415 2558 2661 2841 2933 3001 3026 3119 3122 3170 3173 3220 3222 3287 3685 3689 3702 3708 3757 3852 3899 4014 4069
Iter#36714 New set #1 of size 66 (36714.0 its/hit = 13.000s/hit): seed=8577099035438431885 [55, 58, 137, 161, 270, 292, 303, 321, 391, 416, 507, 563, 578, 671, 684, 716, 765, 876, 882, 904, 942, 989, 1041, 1074, 1097, 1233, 1292, 1321, 1381, 1630, 1681, 1747, 1880, 1972, 1996, 2024, 2051, 2107, 2141, 2262, 2389, 2407, 2414, 2415, 2558, 2661, 2841, 2933, 3001, 3026, 3119, 3122, 3170, 3173, 3220, 3222, 3287, 3685, 3689, 3702, 3708, 3757, 3852, 3899, 4014, 4069]
logs_monomial/n12_monomialSqrt.txt.bz2.greedyext.20260223_084058.txt

5 34 156 224 247 311 382 443 516 585 644 732 850 861 875 916 929 938 986 1012 1020 1039 1041 1109 1367 1528 1530 1583 1745 1760 1806 2028 2062 2067 2130 2333 2380 2503 2518 2547 2549 2579 2662 2753 2772 2830 2882 2910 2914 2945 3070 3116 3246 3287 3300 3357 3486 3511 3556 3580 3731 3774 3897 3967 3970 3986
Iter#16040107 New set #600 of size 66 (26733.5 its/hit = 8.963s/hit): seed=9949198174487768091 [5, 34, 156, 224, 247, 311, 382, 443, 516, 585, 644, 732, 850, 861, 875, 916, 929, 938, 986, 1012, 1020, 1039, 1041, 1109, 1367, 1528, 1530, 1583, 1745, 1760, 1806, 2028, 2062, 2067, 2130, 2333, 2380, 2503, 2518, 2547, 2549, 2579, 2662, 2753, 2772, 2830, 2882, 2910, 2914, 2945, 3070, 3116, 3246, 3287, 3300, 3357, 3486, 3511, 3556, 3580, 3731, 3774, 3897, 3967, 3970, 3986]
logs_monomial/n12_monomialSqrt.txt.bz2.greedyext.20260220_220834.txt

82 162 192 236 311 395 441 468 544 547 642 712 742 863 1051 1190 1203 1308 1335 1342 1604 1609 1693 1782 1788 1985 2037 2039 2096 2116 2123 2197 2219 2225 2475 2572 2639 2706 2725 2744 2763 2926 2951 3071 3103 3108 3143 3174 3176 3238 3296 3403 3511 3528 3576 3646 3763 3767 3831 3958 3965 4001 4039 4074 4090 4093
Iter#25951948 New set #1000 of size 66 (25951.9 its/hit = 11.846s/hit): seed=2583735457371126859 [82, 162, 192, 236, 311, 395, 441, 468, 544, 547, 642, 712, 742, 863, 1051, 1190, 1203, 1308, 1335, 1342, 1604, 1609, 1693, 1782, 1788, 1985, 2037, 2039, 2096, 2116, 2123, 2197, 2219, 2225, 2475, 2572, 2639, 2706, 2725, 2744, 2763, 2926, 2951, 3071, 3103, 3108, 3143, 3174, 3176, 3238, 3296, 3403, 3511, 3528, 3576, 3646, 3763, 3767, 3831, 3958, 3965, 4001, 4039, 4074, 4090, 4093]
logs_monomial/n12_monomialSqrt.txt.bz2.greedyext.20260223_084058.txt

