159 256 747 858 1341 1610 1644 1744 1914 2120 2261 2502 3190 3741 3890 4047 4132 4274 4401 4494 4567 4880 4927 5122 5189 5295 5373 5541 5654 5941 6283 6752 6808 7011 7031 7117 7181 7241 7331 7621 7922
Iter#1868600 New set #20 of size 41 (93430.0 its/hit = 81.050s/hit): seed=9695705507369317626 [159, 256, 747, 858, 1341, 1610, 1644, 1744, 1914, 2120, 2261, 2502, 3190, 3741, 3890, 4047, 4132, 4274, 4401, 4494, 4567, 4880, 4927, 5122, 5189, 5295, 5373, 5541, 5654, 5941, 6283, 6752, 6808, 7011, 7031, 7117, 7181, 7241, 7331, 7621, 7922]
logs_monomial/n13_monomial7.txt.bz2.greedyext.20260223_084058.txt

192 327 380 744 1051 1246 1272 1371 1797 1856 1939 2408 3275 3510 3511 4039 4149 4163 4167 4753 5092 5245 5316 5712 5931 5932 5946 6190 6528 6561 6727 6796 6811 7025 7143 7320 7412 7572 7754 7762 7958
Iter#1068472 New set #9 of size 41 (118719.1 its/hit = 102.444s/hit): seed=3556266360978315436 [192, 327, 380, 744, 1051, 1246, 1272, 1371, 1797, 1856, 1939, 2408, 3275, 3510, 3511, 4039, 4149, 4163, 4167, 4753, 5092, 5245, 5316, 5712, 5931, 5932, 5946, 6190, 6528, 6561, 6727, 6796, 6811, 7025, 7143, 7320, 7412, 7572, 7754, 7762, 7958]
logs_monomial/n13_monomial7.txt.bz2.greedyext.20260223_084058.txt

283 309 791 820 836 1316 1474 2059 2156 2164 2178 2208 2448 2453 2488 3368 3510 3620 3773 4312 4465 4589 4624 4994 5022 5228 5299 5792 5894 5937 5960 6002 6077 6166 6264 6405 6477 6607 7367 7457 8160
Iter#4626903 New set #60 of size 41 (77115.0 its/hit = 51.333s/hit): seed=7948305881446895706 [283, 309, 791, 820, 836, 1316, 1474, 2059, 2156, 2164, 2178, 2208, 2448, 2453, 2488, 3368, 3510, 3620, 3773, 4312, 4465, 4589, 4624, 4994, 5022, 5228, 5299, 5792, 5894, 5937, 5960, 6002, 6077, 6166, 6264, 6405, 6477, 6607, 7367, 7457, 8160]
logs_monomial/n13_monomial7.txt.bz2.greedyext.20260222_020855.txt

83 234 283 445 497 526 1222 1539 1615 1678 2155 2521 2762 2837 3096 3244 3418 3714 3813 3984 4261 4480 4591 4678 5206 5233 5320 5451 5563 5606 5613 5788 6701 7331 7777 7802 7824 7984 8033 8075 8105
Iter#3400966 New set #40 of size 41 (85024.1 its/hit = 73.975s/hit): seed=10376917056118393925 [83, 234, 283, 445, 497, 526, 1222, 1539, 1615, 1678, 2155, 2521, 2762, 2837, 3096, 3244, 3418, 3714, 3813, 3984, 4261, 4480, 4591, 4678, 5206, 5233, 5320, 5451, 5563, 5606, 5613, 5788, 6701, 7331, 7777, 7802, 7824, 7984, 8033, 8075, 8105]
logs_monomial/n13_monomial7.txt.bz2.greedyext.20260223_084058.txt

47 68 238 271 633 663 822 1405 1483 1536 1735 2148 2230 2301 2944 3031 4149 4154 4155 4309 4356 4619 4674 4780 4953 5334 5393 5708 6077 6112 6221 6784 7264 7294 7461 7676 7704 7734 8022 8073 8122
Iter#422711 New set #6 of size 41 (70451.8 its/hit = 46.833s/hit): seed=4689219582499405327 [47, 68, 238, 271, 633, 663, 822, 1405, 1483, 1536, 1735, 2148, 2230, 2301, 2944, 3031, 4149, 4154, 4155, 4309, 4356, 4619, 4674, 4780, 4953, 5334, 5393, 5708, 6077, 6112, 6221, 6784, 7264, 7294, 7461, 7676, 7704, 7734, 8022, 8073, 8122]
logs_monomial/n13_monomial7.txt.bz2.greedyext.20260222_020855.txt

128 199 294 318 446 469 628 632 745 760 838 966 980 1112 1592 1953 2029 2094 2419 2555 2997 3606 4035 4214 4403 4502 5011 5180 5275 5302 5672 6074 6110 6202 6230 7365 7458 7647 7731 7922 8130
Iter#2156808 New set #30 of size 41 (71893.6 its/hit = 47.867s/hit): seed=17130906159849629100 [128, 199, 294, 318, 446, 469, 628, 632, 745, 760, 838, 966, 980, 1112, 1592, 1953, 2029, 2094, 2419, 2555, 2997, 3606, 4035, 4214, 4403, 4502, 5011, 5180, 5275, 5302, 5672, 6074, 6110, 6202, 6230, 7365, 7458, 7647, 7731, 7922, 8130]
logs_monomial/n13_monomial7.txt.bz2.greedyext.20260222_020855.txt

413 1084 1100 1187 1206 1717 1962 2207 2209 2226 2285 2506 2679 2765 2852 2896 3213 3893 3986 4356 4445 4461 4582 5210 5554 5575 5676 5874 5879 6568 6594 6688 6936 7134 7155 7784 7830 7831 7904 7946 8150
Iter#369070 New set #5 of size 41 (73814.0 its/hit = 49.200s/hit): seed=18330163555413615745 [413, 1084, 1100, 1187, 1206, 1717, 1962, 2207, 2209, 2226, 2285, 2506, 2679, 2765, 2852, 2896, 3213, 3893, 3986, 4356, 4445, 4461, 4582, 5210, 5554, 5575, 5676, 5874, 5879, 6568, 6594, 6688, 6936, 7134, 7155, 7784, 7830, 7831, 7904, 7946, 8150]
logs_monomial/n13_monomial7.txt.bz2.greedyext.20260222_020855.txt

2 636 907 1002 1019 1175 1335 1495 1502 1575 1577 1579 1684 1803 2329 2382 2553 2555 2786 2919 2968 3175 3261 3664 4048 4050 4111 4610 5207 5234 5432 5486 6025 6304 6989 7016 7059 7531 7775 7824 8071
Iter#3668897 New set #30 of size 41 (122296.6 its/hit = 104.767s/hit): seed=2258820313805718893 [2, 636, 907, 1002, 1019, 1175, 1335, 1495, 1502, 1575, 1577, 1579, 1684, 1803, 2329, 2382, 2553, 2555, 2786, 2919, 2968, 3175, 3261, 3664, 4048, 4050, 4111, 4610, 5207, 5234, 5432, 5486, 6025, 6304, 6989, 7016, 7059, 7531, 7775, 7824, 8071]
logs_monomial/n13_monomial7.txt.bz2.greedyext.20260220_220834.txt

213 366 439 548 583 741 1043 1176 1238 1632 1866 1870 2111 2392 2450 2570 2783 2978 3602 4115 4254 4272 4742 5329 5390 5595 5872 5908 5955 6100 6223 6341 6598 6770 7008 7009 7625 7820 7940 7993 8145
Iter#4890298 New set #60 of size 41 (81505.0 its/hit = 70.783s/hit): seed=16103618150209447602 [213, 366, 439, 548, 583, 741, 1043, 1176, 1238, 1632, 1866, 1870, 2111, 2392, 2450, 2570, 2783, 2978, 3602, 4115, 4254, 4272, 4742, 5329, 5390, 5595, 5872, 5908, 5955, 6100, 6223, 6341, 6598, 6770, 7008, 7009, 7625, 7820, 7940, 7993, 8145]
logs_monomial/n13_monomial7.txt.bz2.greedyext.20260223_084058.txt

98 237 357 520 594 633 660 1018 1070 1083 1339 2054 2295 2581 2674 2729 2787 2815 2893 3217 3230 3316 3454 3475 3847 4074 4121 4402 5218 5265 5539 5785 6262 6274 6370 6604 7270 7293 7473 7790 7850
Iter#8149242 New set #100 of size 41 (81492.4 its/hit = 70.540s/hit): seed=10638104337151334007 [98, 237, 357, 520, 594, 633, 660, 1018, 1070, 1083, 1339, 2054, 2295, 2581, 2674, 2729, 2787, 2815, 2893, 3217, 3230, 3316, 3454, 3475, 3847, 4074, 4121, 4402, 5218, 5265, 5539, 5785, 6262, 6274, 6370, 6604, 7270, 7293, 7473, 7790, 7850]
logs_monomial/n13_monomial7.txt.bz2.greedyext.20260223_084058.txt

88 225 262 270 322 460 739 770 1117 1668 1726 2500 2555 2720 2764 2837 2840 2924 3395 3425 3494 3741 3909 4077 4081 4221 4237 4417 4418 4692 4835 5044 5375 5390 5663 6625 6701 7137 7934 8169 8187
Iter#1189424 New set #10 of size 41 (118942.4 its/hit = 102.700s/hit): seed=5634592083191751487 [88, 225, 262, 270, 322, 460, 739, 770, 1117, 1668, 1726, 2500, 2555, 2720, 2764, 2837, 2840, 2924, 3395, 3425, 3494, 3741, 3909, 4077, 4081, 4221, 4237, 4417, 4418, 4692, 4835, 5044, 5375, 5390, 5663, 6625, 6701, 7137, 7934, 8169, 8187]
logs_monomial/n13_monomial7.txt.bz2.greedyext.20260223_084058.txt

447 707 1290 1462 1603 1868 2153 2216 2631 2667 2680 2995 3064 3069 3396 3498 3659 3786 3908 4144 4261 4601 4699 4922 5056 5092 5277 5387 5443 5510 5729 6172 6271 6481 6563 6900 7058 7117 7803 7996 7999
Iter#594965 New set #6 of size 41 (99160.8 its/hit = 84.667s/hit): seed=8391217761883126631 [447, 707, 1290, 1462, 1603, 1868, 2153, 2216, 2631, 2667, 2680, 2995, 3064, 3069, 3396, 3498, 3659, 3786, 3908, 4144, 4261, 4601, 4699, 4922, 5056, 5092, 5277, 5387, 5443, 5510, 5729, 6172, 6271, 6481, 6563, 6900, 7058, 7117, 7803, 7996, 7999]
logs_monomial/n13_monomial7.txt.bz2.greedyext.20260220_220834.txt

96 123 320 930 985 997 1000 1055 1070 1261 1372 1616 1850 2000 2020 2163 2561 3180 3202 4282 4320 4571 4832 4956 5021 5279 5348 5554 5685 5949 5955 5958 6403 6875 6925 6926 6959 7496 7899 7984 8022
Iter#666945 New set #9 of size 41 (74105.0 its/hit = 63.222s/hit): seed=10475137561748414647 [96, 123, 320, 930, 985, 997, 1000, 1055, 1070, 1261, 1372, 1616, 1850, 2000, 2020, 2163, 2561, 3180, 3202, 4282, 4320, 4571, 4832, 4956, 5021, 5279, 5348, 5554, 5685, 5949, 5955, 5958, 6403, 6875, 6925, 6926, 6959, 7496, 7899, 7984, 8022]
logs_monomial/n13_monomial7.txt.bz2.greedyext.20260220_220834.txt

25 41 143 210 226 580 687 717 1049 1079 1541 1610 1943 2317 2324 2455 3199 3352 3474 3479 3573 4379 4517 4641 4794 4935 4972 5064 5396 5583 5606 5757 5775 5782 7592 7605 7775 7888 8066 8091 8188
Iter#7098229 New set #80 of size 41 (88727.9 its/hit = 76.137s/hit): seed=16181230316252570901 [25, 41, 143, 210, 226, 580, 687, 717, 1049, 1079, 1541, 1610, 1943, 2317, 2324, 2455, 3199, 3352, 3474, 3479, 3573, 4379, 4517, 4641, 4794, 4935, 4972, 5064, 5396, 5583, 5606, 5757, 5775, 5782, 7592, 7605, 7775, 7888, 8066, 8091, 8188]
logs_monomial/n13_monomial7.txt.bz2.greedyext.20260220_220834.txt

59 592 604 793 1083 1097 1220 1232 1318 1712 1856 2367 2497 2565 2903 2973 3332 3905 4146 4656 4919 5075 5161 5194 5261 5423 5643 5654 5805 5854 6396 6671 6823 6927 7024 7378 7401 7441 7563 7988 8151
Iter#266582 New set #3 of size 41 (88860.7 its/hit = 59.333s/hit): seed=12638591292389457757 [59, 592, 604, 793, 1083, 1097, 1220, 1232, 1318, 1712, 1856, 2367, 2497, 2565, 2903, 2973, 3332, 3905, 4146, 4656, 4919, 5075, 5161, 5194, 5261, 5423, 5643, 5654, 5805, 5854, 6396, 6671, 6823, 6927, 7024, 7378, 7401, 7441, 7563, 7988, 8151]
logs_monomial/n13_monomial7.txt.bz2.greedyext.20260222_020855.txt

798 1141 1285 1366 1416 1558 1700 2115 2283 2296 2455 2522 3265 3443 3595 3676 3817 4285 4346 4506 4565 4975 5611 5640 5690 6001 6311 6366 6442 6445 6525 6570 6893 7118 7142 7292 7462 7554 7884 7886 8073
Iter#506916 New set #3 of size 41 (168972.0 its/hit = 143.667s/hit): seed=3161828134757471228 [798, 1141, 1285, 1366, 1416, 1558, 1700, 2115, 2283, 2296, 2455, 2522, 3265, 3443, 3595, 3676, 3817, 4285, 4346, 4506, 4565, 4975, 5611, 5640, 5690, 6001, 6311, 6366, 6442, 6445, 6525, 6570, 6893, 7118, 7142, 7292, 7462, 7554, 7884, 7886, 8073]
logs_monomial/n13_monomial7.txt.bz2.greedyext.20260223_084058.txt

119 206 359 562 684 824 1012 1203 1323 1759 1879 1935 1980 2339 2436 2450 2458 2645 2672 2746 2878 3069 3247 3293 3651 3931 3962 4313 4417 4450 4617 4635 4725 4957 6085 6475 6940 7114 7143 7205 7804
Iter#6487364 New set #70 of size 41 (92676.6 its/hit = 79.543s/hit): seed=10894068785010733484 [119, 206, 359, 562, 684, 824, 1012, 1203, 1323, 1759, 1879, 1935, 1980, 2339, 2436, 2450, 2458, 2645, 2672, 2746, 2878, 3069, 3247, 3293, 3651, 3931, 3962, 4313, 4417, 4450, 4617, 4635, 4725, 4957, 6085, 6475, 6940, 7114, 7143, 7205, 7804]
logs_monomial/n13_monomial7.txt.bz2.greedyext.20260220_220834.txt

176 746 902 1194 1300 1340 1362 1408 1947 2037 2077 2489 2831 3133 3254 3322 3485 3810 3864 4676 4765 4911 4938 5077 5152 5368 5415 5807 6171 6362 6868 6957 6962 7021 7322 7651 7653 7760 7807 7858 7983
Iter#522290 New set #4 of size 41 (130572.5 its/hit = 111.500s/hit): seed=9077190715671433811 [176, 746, 902, 1194, 1300, 1340, 1362, 1408, 1947, 2037, 2077, 2489, 2831, 3133, 3254, 3322, 3485, 3810, 3864, 4676, 4765, 4911, 4938, 5077, 5152, 5368, 5415, 5807, 6171, 6362, 6868, 6957, 6962, 7021, 7322, 7651, 7653, 7760, 7807, 7858, 7983]
logs_monomial/n13_monomial7.txt.bz2.greedyext.20260220_220834.txt

958 1093 1273 1276 1651 2086 2235 2373 2426 2433 2478 2553 2579 3123 3326 3742 4061 4063 4158 4160 4188 4204 4210 4319 4646 4893 4920 5568 5570 5656 5679 5731 5912 6642 6813 7235 7318 7693 7896 8002 8065
Iter#4236849 New set #40 of size 41 (105921.2 its/hit = 90.775s/hit): seed=11406527748598071499 [958, 1093, 1273, 1276, 1651, 2086, 2235, 2373, 2426, 2433, 2478, 2553, 2579, 3123, 3326, 3742, 4061, 4063, 4158, 4160, 4188, 4204, 4210, 4319, 4646, 4893, 4920, 5568, 5570, 5656, 5679, 5731, 5912, 6642, 6813, 7235, 7318, 7693, 7896, 8002, 8065]
logs_monomial/n13_monomial7.txt.bz2.greedyext.20260220_220834.txt

225 262 418 717 838 891 961 1039 1631 1920 2012 2285 2840 2860 3087 3342 3501 4034 4071 4588 4591 4654 4762 4772 4798 4870 5089 5141 5639 6402 6469 6547 6671 6851 6954 7098 7635 7851 7945 7959 8149
Iter#925126 New set #6 of size 41 (154187.7 its/hit = 132.667s/hit): seed=15377481567707931261 [225, 262, 418, 717, 838, 891, 961, 1039, 1631, 1920, 2012, 2285, 2840, 2860, 3087, 3342, 3501, 4034, 4071, 4588, 4591, 4654, 4762, 4772, 4798, 4870, 5089, 5141, 5639, 6402, 6469, 6547, 6671, 6851, 6954, 7098, 7635, 7851, 7945, 7959, 8149]
logs_monomial/n13_monomial7.txt.bz2.greedyext.20260223_084058.txt

46 699 953 1067 1327 1697 1803 1923 2084 2293 2958 3305 3427 3450 3459 3575 3668 4005 4029 4231 4289 4624 4956 5144 5251 5618 5619 5728 6007 6196 6354 6551 6969 7072 7119 7417 7541 7829 7872 7944 7959
Iter#4024954 New set #50 of size 41 (80499.1 its/hit = 70.060s/hit): seed=14481709635662746646 [46, 699, 953, 1067, 1327, 1697, 1803, 1923, 2084, 2293, 2958, 3305, 3427, 3450, 3459, 3575, 3668, 4005, 4029, 4231, 4289, 4624, 4956, 5144, 5251, 5618, 5619, 5728, 6007, 6196, 6354, 6551, 6969, 7072, 7119, 7417, 7541, 7829, 7872, 7944, 7959]
logs_monomial/n13_monomial7.txt.bz2.greedyext.20260223_084058.txt

129 229 444 830 930 989 1044 1087 1162 1368 1531 1681 1698 1822 2074 2137 2517 2533 2858 3015 3074 3835 3911 4091 4456 4739 4789 5076 5352 5436 6514 6552 6831 7212 7255 7391 7409 7508 7588 8069 8073
Iter#578196 New set #5 of size 41 (115639.2 its/hit = 98.600s/hit): seed=2278678468350647188 [129, 229, 444, 830, 930, 989, 1044, 1087, 1162, 1368, 1531, 1681, 1698, 1822, 2074, 2137, 2517, 2533, 2858, 3015, 3074, 3835, 3911, 4091, 4456, 4739, 4789, 5076, 5352, 5436, 6514, 6552, 6831, 7212, 7255, 7391, 7409, 7508, 7588, 8069, 8073]
logs_monomial/n13_monomial7.txt.bz2.greedyext.20260220_220834.txt

60 83 110 240 446 508 512 632 1212 1219 1234 1430 1942 2185 3264 3721 3893 4096 4114 4518 4622 4868 4970 5464 5612 5726 6072 6102 6105 6155 6484 6517 6996 7133 7152 7247 7362 7874 7918 8107 8158
Iter#109651 New set #1 of size 41 (109651.0 its/hit = 73.000s/hit): seed=14746861741557755817 [60, 83, 110, 240, 446, 508, 512, 632, 1212, 1219, 1234, 1430, 1942, 2185, 3264, 3721, 3893, 4096, 4114, 4518, 4622, 4868, 4970, 5464, 5612, 5726, 6072, 6102, 6105, 6155, 6484, 6517, 6996, 7133, 7152, 7247, 7362, 7874, 7918, 8107, 8158]
logs_monomial/n13_monomial7.txt.bz2.greedyext.20260222_020855.txt

161 208 262 559 686 871 1294 1393 1642 1648 1686 1745 2260 2530 2762 2779 2925 2995 3191 3413 3434 3441 5394 5558 5697 5772 5784 6026 6496 6571 6907 6953 6964 6987 7061 7165 7401 7492 7653 8161 8189
Iter#417245 New set #3 of size 41 (139081.7 its/hit = 119.000s/hit): seed=16979834590076051099 [161, 208, 262, 559, 686, 871, 1294, 1393, 1642, 1648, 1686, 1745, 2260, 2530, 2762, 2779, 2925, 2995, 3191, 3413, 3434, 3441, 5394, 5558, 5697, 5772, 5784, 6026, 6496, 6571, 6907, 6953, 6964, 6987, 7061, 7165, 7401, 7492, 7653, 8161, 8189]
logs_monomial/n13_monomial7.txt.bz2.greedyext.20260220_220834.txt

169 278 423 460 905 916 1411 1607 2270 2390 2538 2559 2980 3421 3894 4553 4631 4773 5420 5467 5471 5501 5509 5710 5785 5798 5898 5926 5949 6440 6611 6660 6779 7290 7379 7634 7724 8054 8078 8114 8184
Iter#278710 New set #4 of size 41 (69677.5 its/hit = 46.500s/hit): seed=2826493943058194589 [169, 278, 423, 460, 905, 916, 1411, 1607, 2270, 2390, 2538, 2559, 2980, 3421, 3894, 4553, 4631, 4773, 5420, 5467, 5471, 5501, 5509, 5710, 5785, 5798, 5898, 5926, 5949, 6440, 6611, 6660, 6779, 7290, 7379, 7634, 7724, 8054, 8078, 8114, 8184]
logs_monomial/n13_monomial7.txt.bz2.greedyext.20260222_020855.txt

46 49 148 189 644 648 891 951 1000 1966 2181 2341 2684 2864 3017 3070 3092 3351 3403 3569 3574 3595 3666 3679 3902 4476 4531 5185 5225 5484 5585 5933 5946 6183 6298 6337 7317 7330 7364 7807 8127
Iter#6637748 New set #80 of size 41 (82971.9 its/hit = 71.887s/hit): seed=3763894117931316216 [46, 49, 148, 189, 644, 648, 891, 951, 1000, 1966, 2181, 2341, 2684, 2864, 3017, 3070, 3092, 3351, 3403, 3569, 3574, 3595, 3666, 3679, 3902, 4476, 4531, 5185, 5225, 5484, 5585, 5933, 5946, 6183, 6298, 6337, 7317, 7330, 7364, 7807, 8127]
logs_monomial/n13_monomial7.txt.bz2.greedyext.20260223_084058.txt

136 543 571 581 752 867 1195 1291 1300 1350 1368 1505 1664 1734 2086 2240 2311 3167 3215 3471 3545 3676 3796 3798 4946 4980 5062 5116 5542 5790 6283 6331 6424 6762 6829 6842 6849 7464 7584 8089 8114
Iter#625468 New set #7 of size 41 (89352.6 its/hit = 76.286s/hit): seed=14447827781237316745 [136, 543, 571, 581, 752, 867, 1195, 1291, 1300, 1350, 1368, 1505, 1664, 1734, 2086, 2240, 2311, 3167, 3215, 3471, 3545, 3676, 3796, 3798, 4946, 4980, 5062, 5116, 5542, 5790, 6283, 6331, 6424, 6762, 6829, 6842, 6849, 7464, 7584, 8089, 8114]
logs_monomial/n13_monomial7.txt.bz2.greedyext.20260220_220834.txt

73 357 474 1081 1546 1714 1802 2046 2496 2655 3129 3169 3170 3194 3254 3332 3376 3413 3577 4124 4381 4421 4646 4865 4911 5171 5223 5267 5378 5627 5663 5757 6150 6499 6538 6649 6711 6824 6898 7142 8159
Iter#5429710 New set #70 of size 41 (77567.3 its/hit = 51.643s/hit): seed=14598643871173620975 [73, 357, 474, 1081, 1546, 1714, 1802, 2046, 2496, 2655, 3129, 3169, 3170, 3194, 3254, 3332, 3376, 3413, 3577, 4124, 4381, 4421, 4646, 4865, 4911, 5171, 5223, 5267, 5378, 5627, 5663, 5757, 6150, 6499, 6538, 6649, 6711, 6824, 6898, 7142, 8159]
logs_monomial/n13_monomial7.txt.bz2.greedyext.20260222_020855.txt

106 116 148 501 659 671 700 970 1160 1173 1242 1451 1844 2015 2177 2578 3080 3265 4154 4166 4358 4718 5017 5242 5293 5461 5503 5682 6086 6232 6233 6249 6436 6659 6968 7105 7436 7636 7959 8007 8010
Iter#2403117 New set #20 of size 41 (120155.9 its/hit = 102.750s/hit): seed=10135975435263948421 [106, 116, 148, 501, 659, 671, 700, 970, 1160, 1173, 1242, 1451, 1844, 2015, 2177, 2578, 3080, 3265, 4154, 4166, 4358, 4718, 5017, 5242, 5293, 5461, 5503, 5682, 6086, 6232, 6233, 6249, 6436, 6659, 6968, 7105, 7436, 7636, 7959, 8007, 8010]
logs_monomial/n13_monomial7.txt.bz2.greedyext.20260220_220834.txt

292 294 741 912 1292 1383 1713 1853 1925 2236 2262 2496 2536 2546 2945 3235 3547 3561 3613 3946 4769 4782 5002 5226 5773 5943 6000 6086 6120 6358 6367 6648 6685 6776 7004 7437 7884 7920 8009 8058 8091
Iter#804302 New set #8 of size 41 (100537.8 its/hit = 66.875s/hit): seed=2109285984113169381 [292, 294, 741, 912, 1292, 1383, 1713, 1853, 1925, 2236, 2262, 2496, 2536, 2546, 2945, 3235, 3547, 3561, 3613, 3946, 4769, 4782, 5002, 5226, 5773, 5943, 6000, 6086, 6120, 6358, 6367, 6648, 6685, 6776, 7004, 7437, 7884, 7920, 8009, 8058, 8091]
logs_monomial/n13_monomial7.txt.bz2.greedyext.20260222_020855.txt

364 582 643 682 924 1022 1208 1414 1594 1908 2095 2383 2813 2995 3070 3099 3601 3814 3963 4134 4184 4595 4995 5139 5237 5385 5443 5781 5863 6400 6444 6706 6780 6926 7221 7417 7462 7752 7816 7866 8158
Iter#964648 New set #7 of size 41 (137806.9 its/hit = 118.714s/hit): seed=5744711103896825948 [364, 582, 643, 682, 924, 1022, 1208, 1414, 1594, 1908, 2095, 2383, 2813, 2995, 3070, 3099, 3601, 3814, 3963, 4134, 4184, 4595, 4995, 5139, 5237, 5385, 5443, 5781, 5863, 6400, 6444, 6706, 6780, 6926, 7221, 7417, 7462, 7752, 7816, 7866, 8158]
logs_monomial/n13_monomial7.txt.bz2.greedyext.20260223_084058.txt

256 380 410 589 599 954 1159 1290 1407 1832 2051 2066 2164 2205 2952 2973 2984 3132 3383 3400 3654 3686 3962 4198 4312 4557 4571 4651 5004 5128 5186 5284 5875 5886 6136 6790 7248 7428 7505 7964 8170
Iter#7551196 New set #90 of size 41 (83902.2 its/hit = 55.833s/hit): seed=5384909732033093305 [256, 380, 410, 589, 599, 954, 1159, 1290, 1407, 1832, 2051, 2066, 2164, 2205, 2952, 2973, 2984, 3132, 3383, 3400, 3654, 3686, 3962, 4198, 4312, 4557, 4571, 4651, 5004, 5128, 5186, 5284, 5875, 5886, 6136, 6790, 7248, 7428, 7505, 7964, 8170]
logs_monomial/n13_monomial7.txt.bz2.greedyext.20260222_020855.txt

20 356 505 660 766 833 1151 1414 1691 1822 2228 2463 2512 2679 2713 2720 2912 3234 3387 3814 3871 4037 4069 4428 4575 4591 4811 4867 4975 5039 5408 5870 6005 6138 6432 6783 6939 6940 7180 8021 8100
Iter#683309 New set #7 of size 41 (97615.6 its/hit = 64.857s/hit): seed=9638985157278522649 [20, 356, 505, 660, 766, 833, 1151, 1414, 1691, 1822, 2228, 2463, 2512, 2679, 2713, 2720, 2912, 3234, 3387, 3814, 3871, 4037, 4069, 4428, 4575, 4591, 4811, 4867, 4975, 5039, 5408, 5870, 6005, 6138, 6432, 6783, 6939, 6940, 7180, 8021, 8100]
logs_monomial/n13_monomial7.txt.bz2.greedyext.20260222_020855.txt

2 180 194 590 1113 1261 1603 1630 2005 2088 2140 2151 2194 2204 2339 2744 3049 3185 3269 3277 3279 3763 3764 4044 4066 4202 4310 4325 4327 5270 5660 5774 6373 6631 7208 7210 7257 7301 7347 7516 7647
Iter#6604199 New set #80 of size 41 (82552.5 its/hit = 54.950s/hit): seed=6549451955271017968 [2, 180, 194, 590, 1113, 1261, 1603, 1630, 2005, 2088, 2140, 2151, 2194, 2204, 2339, 2744, 3049, 3185, 3269, 3277, 3279, 3763, 3764, 4044, 4066, 4202, 4310, 4325, 4327, 5270, 5660, 5774, 6373, 6631, 7208, 7210, 7257, 7301, 7347, 7516, 7647]
logs_monomial/n13_monomial7.txt.bz2.greedyext.20260222_020855.txt

15 167 193 217 548 788 860 1188 1320 1363 1501 1524 1664 1850 2246 2976 3162 3359 3566 3986 4112 4114 4426 4468 4738 5274 5312 5342 5400 5745 5867 6165 6221 6248 6761 6778 6877 7401 7885 7977 8078
Iter#816691 New set #9 of size 41 (90743.4 its/hit = 60.333s/hit): seed=7131372052367229841 [15, 167, 193, 217, 548, 788, 860, 1188, 1320, 1363, 1501, 1524, 1664, 1850, 2246, 2976, 3162, 3359, 3566, 3986, 4112, 4114, 4426, 4468, 4738, 5274, 5312, 5342, 5400, 5745, 5867, 6165, 6221, 6248, 6761, 6778, 6877, 7401, 7885, 7977, 8078]
logs_monomial/n13_monomial7.txt.bz2.greedyext.20260222_020855.txt

286 576 607 862 914 949 1084 1275 1419 1528 1815 1963 1977 2097 2220 2351 2479 2673 2878 2927 3386 3414 3641 3828 3959 4398 4849 4924 5026 5110 5409 5602 5811 6417 6561 7215 7216 7276 7565 7711 7731
Iter#94445 New set #1 of size 41 (94445.0 its/hit = 80.000s/hit): seed=4192692398744694892 [286, 576, 607, 862, 914, 949, 1084, 1275, 1419, 1528, 1815, 1963, 1977, 2097, 2220, 2351, 2479, 2673, 2878, 2927, 3386, 3414, 3641, 3828, 3959, 4398, 4849, 4924, 5026, 5110, 5409, 5602, 5811, 6417, 6561, 7215, 7216, 7276, 7565, 7711, 7731]
logs_monomial/n13_monomial7.txt.bz2.greedyext.20260220_220834.txt

13 24 45 61 373 886 1125 1307 1649 2237 2240 2435 2454 2545 2646 2651 2688 2999 3237 3827 3954 4476 4493 4853 4958 5209 5321 5577 5578 5621 5624 5776 5997 6709 6969 7441 7467 7671 7760 8099 8110
Iter#143832 New set #2 of size 41 (71916.0 its/hit = 48.000s/hit): seed=17787127926401762979 [13, 24, 45, 61, 373, 886, 1125, 1307, 1649, 2237, 2240, 2435, 2454, 2545, 2646, 2651, 2688, 2999, 3237, 3827, 3954, 4476, 4493, 4853, 4958, 5209, 5321, 5577, 5578, 5621, 5624, 5776, 5997, 6709, 6969, 7441, 7467, 7671, 7760, 8099, 8110]
logs_monomial/n13_monomial7.txt.bz2.greedyext.20260222_020855.txt

25 118 364 497 967 993 1120 1223 1279 1471 1921 1987 1991 2764 2884 2944 3339 3798 3814 4153 4676 4929 5151 5254 5352 5369 5460 5731 6254 6287 6541 6621 6672 6716 7036 7522 7613 7754 7767 7772 7936
Iter#8086695 New set #100 of size 41 (80867.0 its/hit = 53.800s/hit): seed=11942391393150854852 [25, 118, 364, 497, 967, 993, 1120, 1223, 1279, 1471, 1921, 1987, 1991, 2764, 2884, 2944, 3339, 3798, 3814, 4153, 4676, 4929, 5151, 5254, 5352, 5369, 5460, 5731, 6254, 6287, 6541, 6621, 6672, 6716, 7036, 7522, 7613, 7754, 7767, 7772, 7936]
logs_monomial/n13_monomial7.txt.bz2.greedyext.20260222_020855.txt

29 219 390 482 694 921 1002 1201 1404 1532 1564 1611 1622 2538 2645 2879 3074 3285 3322 3367 3403 3701 3850 3982 4467 4545 4639 5806 6432 6636 6786 6815 6887 7102 7105 7369 7380 7468 7569 8104 8145
Iter#7337460 New set #90 of size 41 (81527.3 its/hit = 70.600s/hit): seed=2249265050981625050 [29, 219, 390, 482, 694, 921, 1002, 1201, 1404, 1532, 1564, 1611, 1622, 2538, 2645, 2879, 3074, 3285, 3322, 3367, 3403, 3701, 3850, 3982, 4467, 4545, 4639, 5806, 6432, 6636, 6786, 6815, 6887, 7102, 7105, 7369, 7380, 7468, 7569, 8104, 8145]
logs_monomial/n13_monomial7.txt.bz2.greedyext.20260223_084058.txt

501 527 826 1033 2282 2349 2513 2840 2874 2902 3038 3046 3186 3211 3364 4267 4312 4500 4539 4772 5002 5089 5093 5235 5321 5338 5458 5533 5706 5859 6237 6329 6461 6522 6564 6727 7029 7344 7704 7951 8098
Iter#4001114 New set #50 of size 41 (80022.3 its/hit = 53.260s/hit): seed=9368155189043029186 [501, 527, 826, 1033, 2282, 2349, 2513, 2840, 2874, 2902, 3038, 3046, 3186, 3211, 3364, 4267, 4312, 4500, 4539, 4772, 5002, 5089, 5093, 5235, 5321, 5338, 5458, 5533, 5706, 5859, 6237, 6329, 6461, 6522, 6564, 6727, 7029, 7344, 7704, 7951, 8098]
logs_monomial/n13_monomial7.txt.bz2.greedyext.20260222_020855.txt

378 736 755 828 898 1587 2259 2309 2312 2698 3097 3288 3535 3579 3627 3728 4557 4701 4890 5100 5268 5272 5434 5519 5574 5700 5735 5837 5999 6054 6220 6343 6560 6581 6829 6847 6857 7374 7430 7820 8012
Iter#834098 New set #10 of size 41 (83409.8 its/hit = 55.500s/hit): seed=1980405579301606526 [378, 736, 755, 828, 898, 1587, 2259, 2309, 2312, 2698, 3097, 3288, 3535, 3579, 3627, 3728, 4557, 4701, 4890, 5100, 5268, 5272, 5434, 5519, 5574, 5700, 5735, 5837, 5999, 6054, 6220, 6343, 6560, 6581, 6829, 6847, 6857, 7374, 7430, 7820, 8012]
logs_monomial/n13_monomial7.txt.bz2.greedyext.20260222_020855.txt

93 229 255 575 748 1688 1814 1847 1876 2035 2051 2177 2315 2432 2608 2792 3371 3408 3428 3526 3554 4039 4322 4376 4382 4717 4965 4992 5235 5270 5352 5607 5899 6348 6688 6708 6739 6813 7284 7385 7942
Iter#62966 New set #1 of size 41 (62966.0 its/hit = 54.000s/hit): seed=10957639374933936770 [93, 229, 255, 575, 748, 1688, 1814, 1847, 1876, 2035, 2051, 2177, 2315, 2432, 2608, 2792, 3371, 3408, 3428, 3526, 3554, 4039, 4322, 4376, 4382, 4717, 4965, 4992, 5235, 5270, 5352, 5607, 5899, 6348, 6688, 6708, 6739, 6813, 7284, 7385, 7942]
logs_monomial/n13_monomial7.txt.bz2.greedyext.20260223_084058.txt

575 818 868 1154 1172 1251 1256 1316 2022 2059 2150 2234 2588 2913 2927 3209 3977 3993 4077 4188 4444 4592 4742 4745 4812 4973 5729 6181 6234 6632 6775 6909 7098 7297 7424 7625 7734 7775 7979 8028 8051
Iter#711335 New set #5 of size 41 (142267.0 its/hit = 122.000s/hit): seed=3285733694345160771 [575, 818, 868, 1154, 1172, 1251, 1256, 1316, 2022, 2059, 2150, 2234, 2588, 2913, 2927, 3209, 3977, 3993, 4077, 4188, 4444, 4592, 4742, 4745, 4812, 4973, 5729, 6181, 6234, 6632, 6775, 6909, 7098, 7297, 7424, 7625, 7734, 7775, 7979, 8028, 8051]
logs_monomial/n13_monomial7.txt.bz2.greedyext.20260223_084058.txt

92 97 183 214 252 533 764 778 846 880 1052 1098 1217 1273 1353 1521 1551 1787 2054 2364 2614 2935 3003 3032 3277 4039 4569 4977 5962 5966 6198 6231 6273 6368 6839 7006 7074 7211 7354 7952 7953
Iter#347240 New set #2 of size 41 (173620.0 its/hit = 146.000s/hit): seed=3516241337328566002 [92, 97, 183, 214, 252, 533, 764, 778, 846, 880, 1052, 1098, 1217, 1273, 1353, 1521, 1551, 1787, 2054, 2364, 2614, 2935, 3003, 3032, 3277, 4039, 4569, 4977, 5962, 5966, 6198, 6231, 6273, 6368, 6839, 7006, 7074, 7211, 7354, 7952, 7953]
logs_monomial/n13_monomial7.txt.bz2.greedyext.20260223_084058.txt

89 665 704 708 861 1083 1238 1419 1483 1854 2328 2347 2414 2418 2427 2543 2575 2994 3051 3287 3649 3754 3793 4236 4862 4960 5077 5638 6008 6066 6311 6499 6539 7080 7357 7520 7773 7827 7972 8006 8024
Iter#5429651 New set #60 of size 41 (90494.2 its/hit = 77.617s/hit): seed=3216339668781078368 [89, 665, 704, 708, 861, 1083, 1238, 1419, 1483, 1854, 2328, 2347, 2414, 2418, 2427, 2543, 2575, 2994, 3051, 3287, 3649, 3754, 3793, 4236, 4862, 4960, 5077, 5638, 6008, 6066, 6311, 6499, 6539, 7080, 7357, 7520, 7773, 7827, 7972, 8006, 8024]
logs_monomial/n13_monomial7.txt.bz2.greedyext.20260220_220834.txt

95 254 278 723 797 1063 1186 1722 1983 2309 2531 2814 2857 2883 2916 2930 3015 3182 3239 3320 3393 3676 3789 4064 4105 4840 5114 5129 5206 5281 5493 6017 6109 6205 6228 6318 6385 6638 6779 7194 7365
Iter#3319474 New set #40 of size 41 (82986.9 its/hit = 55.225s/hit): seed=5958309615572388411 [95, 254, 278, 723, 797, 1063, 1186, 1722, 1983, 2309, 2531, 2814, 2857, 2883, 2916, 2930, 3015, 3182, 3239, 3320, 3393, 3676, 3789, 4064, 4105, 4840, 5114, 5129, 5206, 5281, 5493, 6017, 6109, 6205, 6228, 6318, 6385, 6638, 6779, 7194, 7365]
logs_monomial/n13_monomial7.txt.bz2.greedyext.20260222_020855.txt

90 142 154 283 707 779 835 1055 1138 1157 1610 1732 2139 2241 2528 2538 3096 3140 3290 3294 3332 3730 3765 3781 3784 3813 4356 4693 4827 4865 4937 5151 5265 5437 5926 6012 6580 6638 6725 7562 7578
Iter#2596020 New set #30 of size 41 (86534.0 its/hit = 75.200s/hit): seed=2149315420054192723 [90, 142, 154, 283, 707, 779, 835, 1055, 1138, 1157, 1610, 1732, 2139, 2241, 2528, 2538, 3096, 3140, 3290, 3294, 3332, 3730, 3765, 3781, 3784, 3813, 4356, 4693, 4827, 4865, 4937, 5151, 5265, 5437, 5926, 6012, 6580, 6638, 6725, 7562, 7578]
logs_monomial/n13_monomial7.txt.bz2.greedyext.20260223_084058.txt

316 810 896 953 1039 1040 1161 1261 1269 1424 1550 1572 1598 1905 2544 2646 2648 3037 3102 3611 3879 4007 4112 4243 4514 4906 5011 5044 5320 5504 5561 5730 5982 6265 6294 6469 6785 7309 7417 7851 7988
Iter#6013867 New set #70 of size 41 (85912.4 its/hit = 74.486s/hit): seed=15528331145981444923 [316, 810, 896, 953, 1039, 1040, 1161, 1261, 1269, 1424, 1550, 1572, 1598, 1905, 2544, 2646, 2648, 3037, 3102, 3611, 3879, 4007, 4112, 4243, 4514, 4906, 5011, 5044, 5320, 5504, 5561, 5730, 5982, 6265, 6294, 6469, 6785, 7309, 7417, 7851, 7988]
logs_monomial/n13_monomial7.txt.bz2.greedyext.20260223_084058.txt

546 595 853 987 990 1256 1666 1723 1948 2022 2117 2119 2352 2508 2750 2832 2975 3364 3959 4152 4155 4171 4177 4477 4526 4723 4894 5619 5644 5689 5779 6063 6158 6185 6476 6543 6655 7003 7063 7950 7953
Iter#688048 New set #4 of size 41 (172012.0 its/hit = 147.250s/hit): seed=1280857316849279455 [546, 595, 853, 987, 990, 1256, 1666, 1723, 1948, 2022, 2117, 2119, 2352, 2508, 2750, 2832, 2975, 3364, 3959, 4152, 4155, 4171, 4177, 4477, 4526, 4723, 4894, 5619, 5644, 5689, 5779, 6063, 6158, 6185, 6476, 6543, 6655, 7003, 7063, 7950, 7953]
logs_monomial/n13_monomial7.txt.bz2.greedyext.20260223_084058.txt

125 786 867 1268 1412 2077 2640 2815 2854 2907 3098 3386 3441 3469 3748 4347 4383 4410 4420 4468 4835 4836 4958 4962 5051 5062 5318 5648 5718 6052 6301 6324 6344 6368 6513 6595 7232 7324 7445 7451 8177
Iter#7795048 New set #90 of size 41 (86611.6 its/hit = 74.311s/hit): seed=18120434628326997228 [125, 786, 867, 1268, 1412, 2077, 2640, 2815, 2854, 2907, 3098, 3386, 3441, 3469, 3748, 4347, 4383, 4410, 4420, 4468, 4835, 4836, 4958, 4962, 5051, 5062, 5318, 5648, 5718, 6052, 6301, 6324, 6344, 6368, 6513, 6595, 7232, 7324, 7445, 7451, 8177]
logs_monomial/n13_monomial7.txt.bz2.greedyext.20260220_220834.txt

46 144 224 225 336 678 865 896 1088 1228 1265 1528 1550 1729 2117 2313 2536 2664 2697 2908 3157 3225 3289 3505 3827 3835 3851 4891 5145 5183 5561 5660 5762 5785 5798 6250 6405 6604 6860 7625 8165
Iter#1435601 New set #20 of size 41 (71780.0 its/hit = 47.750s/hit): seed=8080315932893374646 [46, 144, 224, 225, 336, 678, 865, 896, 1088, 1228, 1265, 1528, 1550, 1729, 2117, 2313, 2536, 2664, 2697, 2908, 3157, 3225, 3289, 3505, 3827, 3835, 3851, 4891, 5145, 5183, 5561, 5660, 5762, 5785, 5798, 6250, 6405, 6604, 6860, 7625, 8165]
logs_monomial/n13_monomial7.txt.bz2.greedyext.20260222_020855.txt

100 212 228 871 1030 1128 1157 1333 1784 1978 2364 2612 2644 3153 3165 3259 3466 3634 3816 4036 4074 4285 4420 4655 5038 5076 5335 5442 5666 5945 6326 6434 6815 6931 7024 7534 7624 7632 7659 8054 8055
Iter#15805748 New set #200 of size 41 (79028.7 its/hit = 68.310s/hit): seed=15847922776467532699 [100, 212, 228, 871, 1030, 1128, 1157, 1333, 1784, 1978, 2364, 2612, 2644, 3153, 3165, 3259, 3466, 3634, 3816, 4036, 4074, 4285, 4420, 4655, 5038, 5076, 5335, 5442, 5666, 5945, 6326, 6434, 6815, 6931, 7024, 7534, 7624, 7632, 7659, 8054, 8055]
logs_monomial/n13_monomial7.txt.bz2.greedyext.20260223_084058.txt

164 170 343 443 1164 1604 1661 1824 1840 1955 2762 2820 3177 3377 3390 3477 4204 4308 4685 5372 5651 5685 5689 5801 5815 5986 6167 6220 6298 6407 6555 6580 6599 6617 6748 6923 6946 6947 7046 7430 7798
Iter#645658 New set #8 of size 41 (80707.2 its/hit = 68.875s/hit): seed=4478374506815633744 [164, 170, 343, 443, 1164, 1604, 1661, 1824, 1840, 1955, 2762, 2820, 3177, 3377, 3390, 3477, 4204, 4308, 4685, 5372, 5651, 5685, 5689, 5801, 5815, 5986, 6167, 6220, 6298, 6407, 6555, 6580, 6599, 6617, 6748, 6923, 6946, 6947, 7046, 7430, 7798]
logs_monomial/n13_monomial7.txt.bz2.greedyext.20260220_220834.txt

247 385 387 640 1209 1425 1442 1529 1798 1828 1848 2326 2411 2503 3134 3530 3667 3806 4504 4750 4865 5067 5232 5243 5285 5363 5860 5864 6007 6088 6166 6226 6254 6623 6794 6816 6941 6985 7576 7856 7876
Iter#4972335 New set #50 of size 41 (99446.7 its/hit = 85.280s/hit): seed=2828175670550571457 [247, 385, 387, 640, 1209, 1425, 1442, 1529, 1798, 1828, 1848, 2326, 2411, 2503, 3134, 3530, 3667, 3806, 4504, 4750, 4865, 5067, 5232, 5243, 5285, 5363, 5860, 5864, 6007, 6088, 6166, 6226, 6254, 6623, 6794, 6816, 6941, 6985, 7576, 7856, 7876]
logs_monomial/n13_monomial7.txt.bz2.greedyext.20260220_220834.txt

39 91 113 163 211 417 704 819 1429 1456 1700 2071 2565 2807 2906 2941 2974 3763 3774 3938 4335 4692 4905 4960 5003 5036 5322 5360 5554 5877 6353 6359 6390 6551 6723 6976 7170 7222 7399 7969 8050
Iter#271156 New set #2 of size 41 (135578.0 its/hit = 116.000s/hit): seed=14020393901178659754 [39, 91, 113, 163, 211, 417, 704, 819, 1429, 1456, 1700, 2071, 2565, 2807, 2906, 2941, 2974, 3763, 3774, 3938, 4335, 4692, 4905, 4960, 5003, 5036, 5322, 5360, 5554, 5877, 6353, 6359, 6390, 6551, 6723, 6976, 7170, 7222, 7399, 7969, 8050]
logs_monomial/n13_monomial7.txt.bz2.greedyext.20260220_220834.txt

227 237 415 595 771 838 937 1093 1262 1675 1747 1795 2122 2475 2565 2804 3397 3428 3751 3805 3908 4123 4148 4192 4617 4978 5143 5233 5279 5365 5532 5943 6514 6576 6988 7161 7297 7517 7518 7866 8108
Iter#979899 New set #8 of size 41 (122487.4 its/hit = 105.500s/hit): seed=15051654029065468451 [227, 237, 415, 595, 771, 838, 937, 1093, 1262, 1675, 1747, 1795, 2122, 2475, 2565, 2804, 3397, 3428, 3751, 3805, 3908, 4123, 4148, 4192, 4617, 4978, 5143, 5233, 5279, 5365, 5532, 5943, 6514, 6576, 6988, 7161, 7297, 7517, 7518, 7866, 8108]
logs_monomial/n13_monomial7.txt.bz2.greedyext.20260223_084058.txt

82 97 139 578 590 728 1112 1246 1480 1680 1756 1975 2365 2430 2549 3099 3516 3638 4169 4448 4691 4768 4904 5297 5699 5755 5813 5832 6274 6644 6767 7098 7127 7198 7294 7410 7466 7935 7997 8036 8118
Iter#733056 New set #10 of size 41 (73305.6 its/hit = 62.600s/hit): seed=17037515662704098175 [82, 97, 139, 578, 590, 728, 1112, 1246, 1480, 1680, 1756, 1975, 2365, 2430, 2549, 3099, 3516, 3638, 4169, 4448, 4691, 4768, 4904, 5297, 5699, 5755, 5813, 5832, 6274, 6644, 6767, 7098, 7127, 7198, 7294, 7410, 7466, 7935, 7997, 8036, 8118]
logs_monomial/n13_monomial7.txt.bz2.greedyext.20260220_220834.txt

