212 403 539 683 782 787 1374 1540 1621 1635 2266 2353 2376 2534 2740 2785 2967 2989 3195 3204 3614 3686 3756 4071 4164 4383 4916 5226 5242 5548 5598 5749 5874 6164 6225 6329 6700 6775 6984 7467 7525 7857
Iter#9218597 New set #2 of size 42 (4609298.5 its/hit = 4947.500s/hit): seed=7160963845668398699 [212, 403, 539, 683, 782, 787, 1374, 1540, 1621, 1635, 2266, 2353, 2376, 2534, 2740, 2785, 2967, 2989, 3195, 3204, 3614, 3686, 3756, 4071, 4164, 4383, 4916, 5226, 5242, 5548, 5598, 5749, 5874, 6164, 6225, 6329, 6700, 6775, 6984, 7467, 7525, 7857]
logs_monomial/n13_monomialInverse.txt.bz2.greedyext.20260223_084058.txt

208 215 317 370 476 1102 1201 1277 1324 1624 1722 1940 2982 3300 3372 3536 3563 3568 3570 4357 4458 4486 4592 4677 5259 5335 5381 5464 5624 5711 5886 6312 6526 6606 6815 7069 7275 7292 7573 7595 7639 7878
Iter#437498 New set #1 of size 42 (437498.0 its/hit = 414.000s/hit): seed=15782462523022671636 [208, 215, 317, 370, 476, 1102, 1201, 1277, 1324, 1624, 1722, 1940, 2982, 3300, 3372, 3536, 3563, 3568, 3570, 4357, 4458, 4486, 4592, 4677, 5259, 5335, 5381, 5464, 5624, 5711, 5886, 6312, 6526, 6606, 6815, 7069, 7275, 7292, 7573, 7595, 7639, 7878]
logs_monomial/n13_monomialInverse.txt.bz2.greedyext.20260223_084058.txt

0 211 228 254 277 419 725 1681 1695 1821 1849 2109 2371 2787 3210 3499 3524 3544 3877 3988 4099 4108 4124 4180 4281 4339 4636 5172 5277 5281 5948 5976 6045 6379 6474 6989 7045 7184 7569 7754 7758 7829
Iter#3979241 New set #1 of size 42 (3979241.0 its/hit = 4166.000s/hit): seed=12437661370437153754 [0, 211, 228, 254, 277, 419, 725, 1681, 1695, 1821, 1849, 2109, 2371, 2787, 3210, 3499, 3524, 3544, 3877, 3988, 4099, 4108, 4124, 4180, 4281, 4339, 4636, 5172, 5277, 5281, 5948, 5976, 6045, 6379, 6474, 6989, 7045, 7184, 7569, 7754, 7758, 7829]
logs_monomial/n13_monomialInverse.txt.bz2.greedyext.20260220_220834.txt

