156 334 371 524 930 1342 1346 2379 2404 2629 2750 2858 3214 3455 3518 3666 3849 3931 3940 3996 4021 4480 4608 4624 4657 5077 5127 5173 5652 5790 5893 6126 6318 6323 6374 6506 6871 7054 7896 8151
Iter#9654966 New set #2 of size 40 (4827483.0 its/hit = 3956.000s/hit): seed=12498320722344504429 [156, 334, 371, 524, 930, 1342, 1346, 2379, 2404, 2629, 2750, 2858, 3214, 3455, 3518, 3666, 3849, 3931, 3940, 3996, 4021, 4480, 4608, 4624, 4657, 5077, 5127, 5173, 5652, 5790, 5893, 6126, 6318, 6323, 6374, 6506, 6871, 7054, 7896, 8151]
logs_monomial/n13_monomial3.txt.bz2.greedyext.20260223_084058.txt

52 174 258 471 807 821 1031 1100 1190 1202 1426 1487 1750 2163 2488 2539 2816 2832 2902 2961 3109 3545 3763 4031 4096 4286 4489 4502 4512 4609 5080 5349 5556 5634 5732 5776 5797 6457 6971 7608
Iter#1569437 New set #1 of size 40 (1569437.0 its/hit = 1289.000s/hit): seed=11631219539231716659 [52, 174, 258, 471, 807, 821, 1031, 1100, 1190, 1202, 1426, 1487, 1750, 2163, 2488, 2539, 2816, 2832, 2902, 2961, 3109, 3545, 3763, 4031, 4096, 4286, 4489, 4502, 4512, 4609, 5080, 5349, 5556, 5634, 5732, 5776, 5797, 6457, 6971, 7608]
logs_monomial/n13_monomial3.txt.bz2.greedyext.20260223_084058.txt

124 572 1431 2106 2231 2466 2690 2788 3056 3142 3232 3560 3571 3580 3587 3957 4002 4018 4148 4356 4390 4404 4622 4753 4823 5083 5254 5355 5520 5823 6102 6279 6313 7007 7386 7748 7784 7787 7825 8148
Iter#1573189 New set #1 of size 40 (1573189.0 its/hit = 1251.000s/hit): seed=7299503064021437046 [124, 572, 1431, 2106, 2231, 2466, 2690, 2788, 3056, 3142, 3232, 3560, 3571, 3580, 3587, 3957, 4002, 4018, 4148, 4356, 4390, 4404, 4622, 4753, 4823, 5083, 5254, 5355, 5520, 5823, 6102, 6279, 6313, 7007, 7386, 7748, 7784, 7787, 7825, 8148]
logs_monomial/n13_monomial3.txt.bz2.greedyext.20260220_220834.txt

