32 83 319 494 535 629 753 1399 1803 2179 2464 2952 3112 3149 3183 3230 3617 3720 3825 4233 4597 5094 5200 5391 5520 5778 6617 7383 7559 7628 7638 7789 8001 8070 8188
Iter#315292 New set #3 of size 35 (105097.3 its/hit = 111.667s/hit): seed=16634812512958158157 [32, 83, 319, 494, 535, 629, 753, 1399, 1803, 2179, 2464, 2952, 3112, 3149, 3183, 3230, 3617, 3720, 3825, 4233, 4597, 5094, 5200, 5391, 5520, 5778, 6617, 7383, 7559, 7628, 7638, 7789, 8001, 8070, 8188]
logs_monomial/n13_monomial5.txt.bz2.greedyext.20260223_084058.txt

104 302 504 607 635 774 841 843 2004 2189 2429 2482 3971 4282 4765 4863 5054 5188 5465 5739 5819 6005 6344 6584 6752 6766 6874 6933 7123 7335 7604 7619 7790 7797 7849
Iter#15244 New set #1 of size 35 (15244.0 its/hit = 12.000s/hit): seed=12525961430578505372 [104, 302, 504, 607, 635, 774, 841, 843, 2004, 2189, 2429, 2482, 3971, 4282, 4765, 4863, 5054, 5188, 5465, 5739, 5819, 6005, 6344, 6584, 6752, 6766, 6874, 6933, 7123, 7335, 7604, 7619, 7790, 7797, 7849]
logs_monomial/n13_monomial5.txt.bz2.greedyext.20260222_020855.txt

104 353 874 965 1119 1377 1654 1812 1841 2302 2482 2541 2893 2935 3039 3179 3747 4155 4237 4597 4812 5074 5078 5081 5083 5188 5368 5974 6226 6482 6759 6795 6846 7230 7718
Iter#1556835 New set #9 of size 35 (172981.7 its/hit = 140.889s/hit): seed=5354475876957657826 [104, 353, 874, 965, 1119, 1377, 1654, 1812, 1841, 2302, 2482, 2541, 2893, 2935, 3039, 3179, 3747, 4155, 4237, 4597, 4812, 5074, 5078, 5081, 5083, 5188, 5368, 5974, 6226, 6482, 6759, 6795, 6846, 7230, 7718]
logs_monomial/n13_monomial5.txt.bz2.greedyext.20260222_020855.txt

221 373 739 910 1171 1329 1407 1437 1551 2145 2319 2449 2562 2643 2798 2863 2920 2961 3014 3471 4751 4787 4872 5054 5458 5761 6055 6308 6310 6902 7190 7301 7406 7814 8039
Iter#3309023 New set #20 of size 35 (165451.2 its/hit = 134.700s/hit): seed=15088573291254052551 [221, 373, 739, 910, 1171, 1329, 1407, 1437, 1551, 2145, 2319, 2449, 2562, 2643, 2798, 2863, 2920, 2961, 3014, 3471, 4751, 4787, 4872, 5054, 5458, 5761, 6055, 6308, 6310, 6902, 7190, 7301, 7406, 7814, 8039]
logs_monomial/n13_monomial5.txt.bz2.greedyext.20260222_020855.txt

111 229 364 389 825 1027 1092 1249 1286 1453 1577 1683 2064 2091 2967 3270 4033 4162 4348 4453 4696 4728 4737 4764 5145 5219 5265 5346 5348 6070 6257 6578 7089 7772 8099
Iter#13018783 New set #50 of size 35 (260375.7 its/hit = 215.180s/hit): seed=4579053905590648406 [111, 229, 364, 389, 825, 1027, 1092, 1249, 1286, 1453, 1577, 1683, 2064, 2091, 2967, 3270, 4033, 4162, 4348, 4453, 4696, 4728, 4737, 4764, 5145, 5219, 5265, 5346, 5348, 6070, 6257, 6578, 7089, 7772, 8099]
logs_monomial/n13_monomial5.txt.bz2.greedyext.20260222_020855.txt

432 572 622 636 833 1345 1526 1884 2060 2224 2420 2771 2788 2918 3036 3037 3447 3738 3854 4043 4048 4321 4686 4871 5022 5132 5474 6005 6233 6295 6772 7119 7254 7528 7930
Iter#288659 New set #5 of size 35 (57731.8 its/hit = 60.000s/hit): seed=5571548048374866284 [432, 572, 622, 636, 833, 1345, 1526, 1884, 2060, 2224, 2420, 2771, 2788, 2918, 3036, 3037, 3447, 3738, 3854, 4043, 4048, 4321, 4686, 4871, 5022, 5132, 5474, 6005, 6233, 6295, 6772, 7119, 7254, 7528, 7930]
logs_monomial/n13_monomial5.txt.bz2.greedyext.20260220_220834.txt

51 109 130 223 258 394 765 987 2055 2592 2760 2891 2902 2921 2940 3098 3137 3206 3433 3838 3960 4207 4452 4610 4736 5321 5512 5880 6438 6825 7464 7741 7829 8081 8114
Iter#5379727 New set #30 of size 35 (179324.2 its/hit = 190.633s/hit): seed=12166795536778720191 [51, 109, 130, 223, 258, 394, 765, 987, 2055, 2592, 2760, 2891, 2902, 2921, 2940, 3098, 3137, 3206, 3433, 3838, 3960, 4207, 4452, 4610, 4736, 5321, 5512, 5880, 6438, 6825, 7464, 7741, 7829, 8081, 8114]
logs_monomial/n13_monomial5.txt.bz2.greedyext.20260223_084058.txt

131 135 271 425 633 713 765 876 964 1792 1872 2138 2252 2377 2973 2982 3053 3237 3322 3459 3963 3989 4117 4527 4808 4869 5214 5531 5697 6281 6480 6489 6893 7444 7539
Iter#34611 New set #1 of size 35 (34611.0 its/hit = 35.000s/hit): seed=7202200885034271209 [131, 135, 271, 425, 633, 713, 765, 876, 964, 1792, 1872, 2138, 2252, 2377, 2973, 2982, 3053, 3237, 3322, 3459, 3963, 3989, 4117, 4527, 4808, 4869, 5214, 5531, 5697, 6281, 6480, 6489, 6893, 7444, 7539]
logs_monomial/n13_monomial5.txt.bz2.greedyext.20260220_220834.txt

265 331 401 536 581 907 1055 1087 1211 1516 2215 2221 2824 3632 3802 4285 4289 4645 5158 5537 5602 5877 6097 6174 6176 6262 6357 6413 6528 6992 7033 7592 7919 8021 8126
Iter#9618630 New set #40 of size 35 (240465.8 its/hit = 200.300s/hit): seed=7452914506346717240 [265, 331, 401, 536, 581, 907, 1055, 1087, 1211, 1516, 2215, 2221, 2824, 3632, 3802, 4285, 4289, 4645, 5158, 5537, 5602, 5877, 6097, 6174, 6176, 6262, 6357, 6413, 6528, 6992, 7033, 7592, 7919, 8021, 8126]
logs_monomial/n13_monomial5.txt.bz2.greedyext.20260222_020855.txt

400 1171 1246 1623 1779 1853 2181 2622 2924 3072 3289 3543 3696 3737 3904 4259 4285 4410 4450 4577 4991 5141 5356 5411 5557 5837 6041 6052 6229 6478 6788 7300 7308 7443 7524
Iter#380132 New set #4 of size 35 (95033.0 its/hit = 100.750s/hit): seed=18098650332367571564 [400, 1171, 1246, 1623, 1779, 1853, 2181, 2622, 2924, 3072, 3289, 3543, 3696, 3737, 3904, 4259, 4285, 4410, 4450, 4577, 4991, 5141, 5356, 5411, 5557, 5837, 6041, 6052, 6229, 6478, 6788, 7300, 7308, 7443, 7524]
logs_monomial/n13_monomial5.txt.bz2.greedyext.20260223_084058.txt

100 251 413 533 542 783 969 1014 1099 1288 1515 1623 1625 2169 2274 2702 2810 2845 3004 3330 3974 4070 4472 4670 4772 5137 5183 5462 5611 5885 5987 6213 7255 7455 7682
Iter#3116373 New set #20 of size 35 (155818.7 its/hit = 165.600s/hit): seed=964082319905585402 [100, 251, 413, 533, 542, 783, 969, 1014, 1099, 1288, 1515, 1623, 1625, 2169, 2274, 2702, 2810, 2845, 3004, 3330, 3974, 4070, 4472, 4670, 4772, 5137, 5183, 5462, 5611, 5885, 5987, 6213, 7255, 7455, 7682]
logs_monomial/n13_monomial5.txt.bz2.greedyext.20260223_084058.txt

253 1179 1232 1323 1914 1915 1918 2052 2403 2408 2565 2822 3444 3665 3726 3816 3828 3833 3897 3988 4312 4906 5004 5182 5599 5823 5917 6156 6412 6736 7059 7262 7702 7768 8019
Iter#1195509 New set #7 of size 35 (170787.0 its/hit = 139.286s/hit): seed=8995629635346637734 [253, 1179, 1232, 1323, 1914, 1915, 1918, 2052, 2403, 2408, 2565, 2822, 3444, 3665, 3726, 3816, 3828, 3833, 3897, 3988, 4312, 4906, 5004, 5182, 5599, 5823, 5917, 6156, 6412, 6736, 7059, 7262, 7702, 7768, 8019]
logs_monomial/n13_monomial5.txt.bz2.greedyext.20260222_020855.txt

41 446 648 727 1101 1119 1795 1967 2245 2482 2678 2785 2895 3003 3109 3197 3821 4069 4253 4489 4497 4602 4933 5151 5303 5305 5608 5650 5707 5728 5945 6544 6639 6861 8098
Iter#578443 New set #5 of size 35 (115688.6 its/hit = 94.400s/hit): seed=2927312120538571341 [41, 446, 648, 727, 1101, 1119, 1795, 1967, 2245, 2482, 2678, 2785, 2895, 3003, 3109, 3197, 3821, 4069, 4253, 4489, 4497, 4602, 4933, 5151, 5303, 5305, 5608, 5650, 5707, 5728, 5945, 6544, 6639, 6861, 8098]
logs_monomial/n13_monomial5.txt.bz2.greedyext.20260222_020855.txt

25 125 266 942 1084 1097 1412 1943 2916 3005 3131 3140 3387 3759 3823 4255 4529 4646 4734 5343 5456 5586 5798 6321 6647 6778 7330 7356 7374 7414 7829 7890 7910 7939 8169
Iter#417630 New set #8 of size 35 (52203.8 its/hit = 54.250s/hit): seed=4468592341318569289 [25, 125, 266, 942, 1084, 1097, 1412, 1943, 2916, 3005, 3131, 3140, 3387, 3759, 3823, 4255, 4529, 4646, 4734, 5343, 5456, 5586, 5798, 6321, 6647, 6778, 7330, 7356, 7374, 7414, 7829, 7890, 7910, 7939, 8169]
logs_monomial/n13_monomial5.txt.bz2.greedyext.20260220_220834.txt

16 134 581 1330 1524 1561 1898 1941 1975 2580 2944 2961 3023 3261 3571 3667 3758 4002 4095 4161 4707 5300 5351 5843 6188 6334 6430 6775 7018 7203 7230 7465 7759 8150 8167
Iter#97878 New set #2 of size 35 (48939.0 its/hit = 39.500s/hit): seed=6880827349047267495 [16, 134, 581, 1330, 1524, 1561, 1898, 1941, 1975, 2580, 2944, 2961, 3023, 3261, 3571, 3667, 3758, 4002, 4095, 4161, 4707, 5300, 5351, 5843, 6188, 6334, 6430, 6775, 7018, 7203, 7230, 7465, 7759, 8150, 8167]
logs_monomial/n13_monomial5.txt.bz2.greedyext.20260222_020855.txt

772 915 932 998 1141 1563 1658 1730 1972 2276 2352 2849 3058 3587 3740 3914 4129 4389 4768 5087 5155 5219 5377 5385 5693 5779 5813 6537 6810 6842 6950 7219 7464 7552 8109
Iter#982634 New set #9 of size 35 (109181.6 its/hit = 115.889s/hit): seed=593902309294425785 [772, 915, 932, 998, 1141, 1563, 1658, 1730, 1972, 2276, 2352, 2849, 3058, 3587, 3740, 3914, 4129, 4389, 4768, 5087, 5155, 5219, 5377, 5385, 5693, 5779, 5813, 6537, 6810, 6842, 6950, 7219, 7464, 7552, 8109]
logs_monomial/n13_monomial5.txt.bz2.greedyext.20260223_084058.txt

298 351 825 1081 1596 1909 2028 2503 2693 2809 2837 2934 3177 3182 3261 3424 3573 3655 3756 3805 3892 4153 4490 4949 5292 5507 6344 6887 7102 7114 7123 7176 7519 7676 8114
Iter#10174069 New set #50 of size 35 (203481.4 its/hit = 216.060s/hit): seed=2179821507666385289 [298, 351, 825, 1081, 1596, 1909, 2028, 2503, 2693, 2809, 2837, 2934, 3177, 3182, 3261, 3424, 3573, 3655, 3756, 3805, 3892, 4153, 4490, 4949, 5292, 5507, 6344, 6887, 7102, 7114, 7123, 7176, 7519, 7676, 8114]
logs_monomial/n13_monomial5.txt.bz2.greedyext.20260223_084058.txt

65 455 522 528 617 836 1036 1164 1332 1354 2002 2004 2746 2879 2935 3102 3256 3292 3555 3757 4118 4124 4188 4320 4437 4947 5059 5288 5532 6078 7289 7299 7672 7834 7928
Iter#1086268 New set #10 of size 35 (108626.8 its/hit = 115.300s/hit): seed=11325852656121224119 [65, 455, 522, 528, 617, 836, 1036, 1164, 1332, 1354, 2002, 2004, 2746, 2879, 2935, 3102, 3256, 3292, 3555, 3757, 4118, 4124, 4188, 4320, 4437, 4947, 5059, 5288, 5532, 6078, 7289, 7299, 7672, 7834, 7928]
logs_monomial/n13_monomial5.txt.bz2.greedyext.20260223_084058.txt

169 209 333 448 614 1063 1439 1537 2037 2103 2712 2866 3001 3690 3875 4346 4527 4577 4635 5075 5219 5254 5341 5362 5743 5897 5965 6241 6281 6747 7132 7456 7607 7927 8076
Iter#5738215 New set #30 of size 35 (191273.8 its/hit = 162.267s/hit): seed=14895531915085889379 [169, 209, 333, 448, 614, 1063, 1439, 1537, 2037, 2103, 2712, 2866, 3001, 3690, 3875, 4346, 4527, 4577, 4635, 5075, 5219, 5254, 5341, 5362, 5743, 5897, 5965, 6241, 6281, 6747, 7132, 7456, 7607, 7927, 8076]
logs_monomial/n13_monomial5.txt.bz2.greedyext.20260222_020855.txt

199 600 804 971 1022 1453 1632 1642 1736 1955 2532 2612 2946 3286 3331 3378 3715 3741 3855 4102 4142 4178 4334 4384 4518 4587 4765 5395 5495 5520 5738 5933 7097 7140 8000
Iter#648613 New set #6 of size 35 (108102.2 its/hit = 114.667s/hit): seed=18235081838094242424 [199, 600, 804, 971, 1022, 1453, 1632, 1642, 1736, 1955, 2532, 2612, 2946, 3286, 3331, 3378, 3715, 3741, 3855, 4102, 4142, 4178, 4334, 4384, 4518, 4587, 4765, 5395, 5495, 5520, 5738, 5933, 7097, 7140, 8000]
logs_monomial/n13_monomial5.txt.bz2.greedyext.20260223_084058.txt

146 434 939 1060 1120 1362 1404 1449 1676 1726 2237 2626 2870 2944 3798 3928 3962 4266 4692 4718 4871 4991 5176 5480 5972 5979 6124 6878 7395 7725 7857 7892 7940 8054 8078
Iter#5492208 New set #30 of size 35 (183073.6 its/hit = 190.400s/hit): seed=246697669524152390 [146, 434, 939, 1060, 1120, 1362, 1404, 1449, 1676, 1726, 2237, 2626, 2870, 2944, 3798, 3928, 3962, 4266, 4692, 4718, 4871, 4991, 5176, 5480, 5972, 5979, 6124, 6878, 7395, 7725, 7857, 7892, 7940, 8054, 8078]
logs_monomial/n13_monomial5.txt.bz2.greedyext.20260220_220834.txt

80 439 522 988 1269 1503 1525 1571 1651 1728 1781 2042 2361 2517 2531 2739 3168 3182 3246 3335 3993 4576 4584 5062 5074 5147 5465 5525 5991 6028 6576 6969 7353 7545 7787
Iter#289209 New set #6 of size 35 (48201.5 its/hit = 50.167s/hit): seed=14147620893554546007 [80, 439, 522, 988, 1269, 1503, 1525, 1571, 1651, 1728, 1781, 2042, 2361, 2517, 2531, 2739, 3168, 3182, 3246, 3335, 3993, 4576, 4584, 5062, 5074, 5147, 5465, 5525, 5991, 6028, 6576, 6969, 7353, 7545, 7787]
logs_monomial/n13_monomial5.txt.bz2.greedyext.20260220_220834.txt

32 94 509 534 902 1162 1437 1735 2027 2935 3205 3338 3462 3745 3862 4139 4269 4510 4601 5074 5242 5379 5785 5885 5892 5924 6028 6098 6837 7125 7677 7957 7958 8009 8175
Iter#749825 New set #10 of size 35 (74982.5 its/hit = 77.900s/hit): seed=1048823170650630513 [32, 94, 509, 534, 902, 1162, 1437, 1735, 2027, 2935, 3205, 3338, 3462, 3745, 3862, 4139, 4269, 4510, 4601, 5074, 5242, 5379, 5785, 5885, 5892, 5924, 6028, 6098, 6837, 7125, 7677, 7957, 7958, 8009, 8175]
logs_monomial/n13_monomial5.txt.bz2.greedyext.20260220_220834.txt

283 298 685 723 792 804 807 1696 2092 2266 2324 2464 2703 2730 2732 2795 3127 3703 3719 3733 4023 4211 4252 4470 5039 5178 5535 5847 5889 6501 7018 7107 7244 7284 7436
Iter#157170 New set #2 of size 35 (78585.0 its/hit = 83.500s/hit): seed=17210683777437921448 [283, 298, 685, 723, 792, 804, 807, 1696, 2092, 2266, 2324, 2464, 2703, 2730, 2732, 2795, 3127, 3703, 3719, 3733, 4023, 4211, 4252, 4470, 5039, 5178, 5535, 5847, 5889, 6501, 7018, 7107, 7244, 7284, 7436]
logs_monomial/n13_monomial5.txt.bz2.greedyext.20260223_084058.txt

9 84 320 915 1389 2014 2391 2513 2571 3083 3208 3291 3458 3859 4715 4820 4892 4962 5173 5202 5325 5426 5647 5861 6234 6507 6538 7107 7315 7736 7803 7808 7955 8065 8152
Iter#41623 New set #1 of size 35 (41623.0 its/hit = 44.000s/hit): seed=15261651155349909599 [9, 84, 320, 915, 1389, 2014, 2391, 2513, 2571, 3083, 3208, 3291, 3458, 3859, 4715, 4820, 4892, 4962, 5173, 5202, 5325, 5426, 5647, 5861, 6234, 6507, 6538, 7107, 7315, 7736, 7803, 7808, 7955, 8065, 8152]
logs_monomial/n13_monomial5.txt.bz2.greedyext.20260223_084058.txt

649 689 791 863 922 1175 1355 1378 1458 1616 2427 2615 2854 2949 2967 3733 3762 4019 4295 4524 4570 4911 4973 5039 5138 5583 5925 6341 6514 6744 6766 6891 7065 7324 7801
Iter#161267 New set #4 of size 35 (40316.8 its/hit = 41.750s/hit): seed=10014539925169626109 [649, 689, 791, 863, 922, 1175, 1355, 1378, 1458, 1616, 2427, 2615, 2854, 2949, 2967, 3733, 3762, 4019, 4295, 4524, 4570, 4911, 4973, 5039, 5138, 5583, 5925, 6341, 6514, 6744, 6766, 6891, 7065, 7324, 7801]
logs_monomial/n13_monomial5.txt.bz2.greedyext.20260220_220834.txt

98 116 460 483 703 1222 1347 2109 2249 2324 2362 2564 2576 2729 3262 3311 3521 4442 4447 5153 5302 5686 5744 5817 5992 6031 6187 6214 6470 6925 6951 7156 7226 7470 7967
Iter#1320539 New set #8 of size 35 (165067.4 its/hit = 134.500s/hit): seed=16268778815104290253 [98, 116, 460, 483, 703, 1222, 1347, 2109, 2249, 2324, 2362, 2564, 2576, 2729, 3262, 3311, 3521, 4442, 4447, 5153, 5302, 5686, 5744, 5817, 5992, 6031, 6187, 6214, 6470, 6925, 6951, 7156, 7226, 7470, 7967]
logs_monomial/n13_monomial5.txt.bz2.greedyext.20260222_020855.txt

33 793 966 1120 1141 1284 1526 1533 1852 1894 1942 2024 3445 3484 3612 3629 3676 3848 4182 4379 4707 4940 4977 5121 5632 5746 6644 6980 7155 7310 7342 7470 7494 7682 7986
Iter#944468 New set #8 of size 35 (118058.5 its/hit = 125.250s/hit): seed=12277748046743569769 [33, 793, 966, 1120, 1141, 1284, 1526, 1533, 1852, 1894, 1942, 2024, 3445, 3484, 3612, 3629, 3676, 3848, 4182, 4379, 4707, 4940, 4977, 5121, 5632, 5746, 6644, 6980, 7155, 7310, 7342, 7470, 7494, 7682, 7986]
logs_monomial/n13_monomial5.txt.bz2.greedyext.20260223_084058.txt

376 383 713 1245 1489 2117 2164 2786 2792 3028 3274 3342 3369 3508 3838 4063 4229 4659 4844 4919 5192 5275 5393 5448 5833 6028 6434 6480 6735 7016 7722 7930 7994 8097 8121
Iter#938985 New set #7 of size 35 (134140.7 its/hit = 142.429s/hit): seed=13891643173651760685 [376, 383, 713, 1245, 1489, 2117, 2164, 2786, 2792, 3028, 3274, 3342, 3369, 3508, 3838, 4063, 4229, 4659, 4844, 4919, 5192, 5275, 5393, 5448, 5833, 6028, 6434, 6480, 6735, 7016, 7722, 7930, 7994, 8097, 8121]
logs_monomial/n13_monomial5.txt.bz2.greedyext.20260223_084058.txt

904 931 1082 1785 1835 1938 2223 2264 2280 2838 3153 3176 3424 3430 3558 3759 3818 3880 4047 4304 4734 4831 4950 5284 5701 6716 6938 7056 7200 7502 7606 7681 7714 7962 8057
Iter#3703970 New set #20 of size 35 (185198.5 its/hit = 192.500s/hit): seed=8122183687356272567 [904, 931, 1082, 1785, 1835, 1938, 2223, 2264, 2280, 2838, 3153, 3176, 3424, 3430, 3558, 3759, 3818, 3880, 4047, 4304, 4734, 4831, 4950, 5284, 5701, 6716, 6938, 7056, 7200, 7502, 7606, 7681, 7714, 7962, 8057]
logs_monomial/n13_monomial5.txt.bz2.greedyext.20260220_220834.txt

399 491 1044 1080 1437 1582 1678 1776 1780 2448 2564 2649 2860 3261 3393 3530 3694 3873 4033 4313 4483 5051 5432 5898 6220 6267 6388 6485 6519 6630 6880 7444 7647 8094 8138
Iter#576669 New set #4 of size 35 (144167.2 its/hit = 117.500s/hit): seed=1391138987475582547 [399, 491, 1044, 1080, 1437, 1582, 1678, 1776, 1780, 2448, 2564, 2649, 2860, 3261, 3393, 3530, 3694, 3873, 4033, 4313, 4483, 5051, 5432, 5898, 6220, 6267, 6388, 6485, 6519, 6630, 6880, 7444, 7647, 8094, 8138]
logs_monomial/n13_monomial5.txt.bz2.greedyext.20260222_020855.txt

64 433 547 1330 1371 1864 2178 2207 2413 2498 2679 2737 2739 2770 2992 3159 3212 3456 3474 3719 3892 4459 4653 4878 4971 5450 5475 5766 5907 6412 6877 7078 7149 7411 7630
Iter#1571317 New set #10 of size 35 (157131.7 its/hit = 128.000s/hit): seed=3058066730141743928 [64, 433, 547, 1330, 1371, 1864, 2178, 2207, 2413, 2498, 2679, 2737, 2739, 2770, 2992, 3159, 3212, 3456, 3474, 3719, 3892, 4459, 4653, 4878, 4971, 5450, 5475, 5766, 5907, 6412, 6877, 7078, 7149, 7411, 7630]
logs_monomial/n13_monomial5.txt.bz2.greedyext.20260222_020855.txt

8 185 721 805 1254 1393 1621 1725 2213 2401 2772 3015 3312 3501 3524 3971 4117 4185 4927 5261 5663 5695 5808 5964 6552 7267 7289 7470 7543 7711 7802 7865 7998 8003 8004
Iter#661320 New set #9 of size 35 (73480.0 its/hit = 76.333s/hit): seed=6124860355841979342 [8, 185, 721, 805, 1254, 1393, 1621, 1725, 2213, 2401, 2772, 3015, 3312, 3501, 3524, 3971, 4117, 4185, 4927, 5261, 5663, 5695, 5808, 5964, 6552, 7267, 7289, 7470, 7543, 7711, 7802, 7865, 7998, 8003, 8004]
logs_monomial/n13_monomial5.txt.bz2.greedyext.20260220_220834.txt

149 309 404 878 1042 1325 1540 1605 1836 2008 2115 2264 2512 2667 2796 3230 3329 3456 3799 4211 4435 4441 4769 5182 5308 5455 5591 6550 6591 6900 7234 7339 7814 7831 7924
Iter#36073 New set #2 of size 35 (18036.5 its/hit = 18.500s/hit): seed=8752963827115088964 [149, 309, 404, 878, 1042, 1325, 1540, 1605, 1836, 2008, 2115, 2264, 2512, 2667, 2796, 3230, 3329, 3456, 3799, 4211, 4435, 4441, 4769, 5182, 5308, 5455, 5591, 6550, 6591, 6900, 7234, 7339, 7814, 7831, 7924]
logs_monomial/n13_monomial5.txt.bz2.greedyext.20260220_220834.txt

454 889 1484 1503 1535 1730 2036 2209 2310 2385 2613 2714 2823 2852 3044 3148 3564 3569 4618 5104 5353 5574 5703 5809 5969 6508 6571 7007 7112 7342 7528 7532 7694 7915 8072
Iter#11626894 New set #60 of size 35 (193781.6 its/hit = 205.733s/hit): seed=6364157039294315120 [454, 889, 1484, 1503, 1535, 1730, 2036, 2209, 2310, 2385, 2613, 2714, 2823, 2852, 3044, 3148, 3564, 3569, 4618, 5104, 5353, 5574, 5703, 5809, 5969, 6508, 6571, 7007, 7112, 7342, 7528, 7532, 7694, 7915, 8072]
logs_monomial/n13_monomial5.txt.bz2.greedyext.20260223_084058.txt

57 247 455 793 958 975 2095 3096 3213 3270 3445 3486 3548 4335 4691 4981 5057 5878 5993 6268 6323 6454 6651 6688 6957 6987 7064 7087 7221 7237 7469 7525 7532 7579 7714
Iter#354739 New set #7 of size 35 (50677.0 its/hit = 52.714s/hit): seed=5894721178080348247 [57, 247, 455, 793, 958, 975, 2095, 3096, 3213, 3270, 3445, 3486, 3548, 4335, 4691, 4981, 5057, 5878, 5993, 6268, 6323, 6454, 6651, 6688, 6957, 6987, 7064, 7087, 7221, 7237, 7469, 7525, 7532, 7579, 7714]
logs_monomial/n13_monomial5.txt.bz2.greedyext.20260220_220834.txt

233 250 412 415 505 620 657 665 776 907 1507 1524 1858 2081 2615 2630 2654 2843 3108 3117 3515 3646 3703 3731 4295 4492 4508 4814 5377 5593 5695 6264 6674 6792 7540
Iter#594076 New set #6 of size 35 (99012.7 its/hit = 80.667s/hit): seed=11962494181628713880 [233, 250, 412, 415, 505, 620, 657, 665, 776, 907, 1507, 1524, 1858, 2081, 2615, 2630, 2654, 2843, 3108, 3117, 3515, 3646, 3703, 3731, 4295, 4492, 4508, 4814, 5377, 5593, 5695, 6264, 6674, 6792, 7540]
logs_monomial/n13_monomial5.txt.bz2.greedyext.20260222_020855.txt

180 233 687 859 1134 1190 1319 1888 1998 2305 2562 2754 3433 3975 4110 4130 4352 4569 4845 5057 5719 5775 5782 5914 6358 6479 6743 6846 7077 7223 7226 7244 7433 7844 8122
Iter#8132338 New set #40 of size 35 (203308.5 its/hit = 216.025s/hit): seed=12469209698728921503 [180, 233, 687, 859, 1134, 1190, 1319, 1888, 1998, 2305, 2562, 2754, 3433, 3975, 4110, 4130, 4352, 4569, 4845, 5057, 5719, 5775, 5782, 5914, 6358, 6479, 6743, 6846, 7077, 7223, 7226, 7244, 7433, 7844, 8122]
logs_monomial/n13_monomial5.txt.bz2.greedyext.20260223_084058.txt

63 150 393 436 471 819 1015 1312 1379 2450 3117 3145 3377 3699 3716 4082 4130 4429 4523 4986 5022 5100 5128 5157 5184 5574 5589 5903 5966 6098 6153 6314 6458 7031 7529
Iter#493836 New set #5 of size 35 (98767.2 its/hit = 104.800s/hit): seed=10099290390898610372 [63, 150, 393, 436, 471, 819, 1015, 1312, 1379, 2450, 3117, 3145, 3377, 3699, 3716, 4082, 4130, 4429, 4523, 4986, 5022, 5100, 5128, 5157, 5184, 5574, 5589, 5903, 5966, 6098, 6153, 6314, 6458, 7031, 7529]
logs_monomial/n13_monomial5.txt.bz2.greedyext.20260223_084058.txt

464 850 1110 1421 1452 1454 2076 2320 2559 2933 3081 3119 3215 3520 3687 3760 4037 4216 4266 4318 4352 4620 4755 4891 5466 5723 5733 5823 6071 6682 6746 7566 7728 7988 8020
Iter#437567 New set #3 of size 35 (145855.7 its/hit = 119.000s/hit): seed=17369645008491322530 [464, 850, 1110, 1421, 1452, 1454, 2076, 2320, 2559, 2933, 3081, 3119, 3215, 3520, 3687, 3760, 4037, 4216, 4266, 4318, 4352, 4620, 4755, 4891, 5466, 5723, 5733, 5823, 6071, 6682, 6746, 7566, 7728, 7988, 8020]
logs_monomial/n13_monomial5.txt.bz2.greedyext.20260222_020855.txt

122 396 473 549 726 1218 1334 1534 1557 1816 2207 2288 2448 2753 2830 2988 3282 3644 3847 4452 4455 4490 4768 4863 5462 5561 5627 5765 5791 6651 6800 6887 7227 7736 7801
Iter#109376 New set #3 of size 35 (36458.7 its/hit = 37.667s/hit): seed=17904834480438641968 [122, 396, 473, 549, 726, 1218, 1334, 1534, 1557, 1816, 2207, 2288, 2448, 2753, 2830, 2988, 3282, 3644, 3847, 4452, 4455, 4490, 4768, 4863, 5462, 5561, 5627, 5765, 5791, 6651, 6800, 6887, 7227, 7736, 7801]
logs_monomial/n13_monomial5.txt.bz2.greedyext.20260220_220834.txt

