3 173 671 870 960 1016 1042 1113 2196 2288 2583 2739 2941 3125 3422 3440 3715 3726 3772 4781 4791 5458 5931 6011 6118 6171 6351 6607 6614 6834 6992 7342 7662 7711 7968 8020
Iter#2808229 New set #3 of size 36 (936076.3 its/hit = 983.667s/hit): seed=3089526467293812840 [3, 173, 671, 870, 960, 1016, 1042, 1113, 2196, 2288, 2583, 2739, 2941, 3125, 3422, 3440, 3715, 3726, 3772, 4781, 4791, 5458, 5931, 6011, 6118, 6171, 6351, 6607, 6614, 6834, 6992, 7342, 7662, 7711, 7968, 8020]
logs_monomial/n13_monomial9.txt.bz2.greedyext.20260222_020855.txt

115 330 684 747 1041 1073 1177 1206 1332 1418 1491 1548 1632 2005 2186 2193 2224 2435 2950 4020 4374 4476 5013 5457 5592 5713 6193 6549 6601 6631 6775 7360 7614 7847 8001 8036
Iter#668034 New set #2 of size 36 (334017.0 its/hit = 349.000s/hit): seed=1261100197324828269 [115, 330, 684, 747, 1041, 1073, 1177, 1206, 1332, 1418, 1491, 1548, 1632, 2005, 2186, 2193, 2224, 2435, 2950, 4020, 4374, 4476, 5013, 5457, 5592, 5713, 6193, 6549, 6601, 6631, 6775, 7360, 7614, 7847, 8001, 8036]
logs_monomial/n13_monomial9.txt.bz2.greedyext.20260222_020855.txt

90 291 313 553 959 1266 1824 2033 2042 2241 2340 2412 2705 2761 3157 3526 4087 4159 4386 4647 4750 5249 5390 5935 6049 6080 6130 6235 6307 6559 6685 7127 7372 7493 7663 7738
Iter#10736267 New set #5 of size 36 (2147253.5 its/hit = 1946.000s/hit): seed=12761899350292798027 [90, 291, 313, 553, 959, 1266, 1824, 2033, 2042, 2241, 2340, 2412, 2705, 2761, 3157, 3526, 4087, 4159, 4386, 4647, 4750, 5249, 5390, 5935, 6049, 6080, 6130, 6235, 6307, 6559, 6685, 7127, 7372, 7493, 7663, 7738]
logs_monomial/n13_monomial9.txt.bz2.greedyext.20260222_020855.txt

3 436 455 580 675 807 884 1152 1518 1922 1993 2091 2109 2545 3069 3486 4595 4821 5275 5438 5514 5517 5908 5928 5968 5988 6146 6304 6514 6529 6570 7059 7416 7480 7709 8071
Iter#6905520 New set #1 of size 36 (6905520.0 its/hit = 5466.000s/hit): seed=16045259928789699559 [3, 436, 455, 580, 675, 807, 884, 1152, 1518, 1922, 1993, 2091, 2109, 2545, 3069, 3486, 4595, 4821, 5275, 5438, 5514, 5517, 5908, 5928, 5968, 5988, 6146, 6304, 6514, 6529, 6570, 7059, 7416, 7480, 7709, 8071]
logs_monomial/n13_monomial9.txt.bz2.greedyext.20260220_220834.txt

309 439 1019 1331 1520 1647 1943 1960 2122 2189 2455 2540 2636 2649 2704 2848 2906 3316 3336 4370 4425 4507 4918 5008 5065 5066 5382 6936 6945 7203 7325 7558 7614 7802 7836 7871
Iter#12412633 New set #1 of size 36 (12412633.0 its/hit = 13417.000s/hit): seed=4225811694758624264 [309, 439, 1019, 1331, 1520, 1647, 1943, 1960, 2122, 2189, 2455, 2540, 2636, 2649, 2704, 2848, 2906, 3316, 3336, 4370, 4425, 4507, 4918, 5008, 5065, 5066, 5382, 6936, 6945, 7203, 7325, 7558, 7614, 7802, 7836, 7871]
logs_monomial/n13_monomial9.txt.bz2.greedyext.20260223_084058.txt

228 398 571 821 996 1260 1489 1516 1551 2097 2211 2228 2323 3151 3229 3264 3608 3922 3940 4449 4566 4588 5529 5554 5833 5926 6153 6314 6493 6596 6915 6989 7075 7315 7415 7995
Iter#405212 New set #1 of size 36 (405212.0 its/hit = 423.000s/hit): seed=16638440700558910011 [228, 398, 571, 821, 996, 1260, 1489, 1516, 1551, 2097, 2211, 2228, 2323, 3151, 3229, 3264, 3608, 3922, 3940, 4449, 4566, 4588, 5529, 5554, 5833, 5926, 6153, 6314, 6493, 6596, 6915, 6989, 7075, 7315, 7415, 7995]
logs_monomial/n13_monomial9.txt.bz2.greedyext.20260222_020855.txt

307 359 960 1093 1211 1930 2264 2589 2969 3069 3365 3412 3510 3542 3995 4182 4207 4373 4516 4581 4658 4984 4985 5076 5521 5562 5859 6239 6247 6606 6861 7152 7852 7870 8077 8128
Iter#8816025 New set #4 of size 36 (2204006.2 its/hit = 2045.250s/hit): seed=5751942931975082257 [307, 359, 960, 1093, 1211, 1930, 2264, 2589, 2969, 3069, 3365, 3412, 3510, 3542, 3995, 4182, 4207, 4373, 4516, 4581, 4658, 4984, 4985, 5076, 5521, 5562, 5859, 6239, 6247, 6606, 6861, 7152, 7852, 7870, 8077, 8128]
logs_monomial/n13_monomial9.txt.bz2.greedyext.20260222_020855.txt

