23 184 249 272 371 432 740 772 831 983 1009 1172 1291 1389 1595 1754 1846 1931 1936 2192 2378 2536 2587 2595 2821 2842 2871 2953 3059 3107 3300 3427 3579 3605 3647 3720 3861 4025 4147 4166 4227 4341 4384 4534 4626 5234 5247 5379 5690 6043 6067 6103 6175 6177 6477 6544 7091 7724 8076 8184 8654 8683 8976 9027 9069 9111 9193 9339 9389 9579 9879 9966 10048 10168 10202 10213 10251 10255 10419 10451 10544 10863 11048 11225 11310 11345 11390 11441 11554 11908 11921 11942 12398 12410 12604 12612 12685 13213 13216 13877 13920 13962 13982 14023 14166 14269 14327 14461 14558 14799 14909 14997 15067 15171 15280 15296 15298 15308 15493 15511 15635 15754 15769 15835 16090 16093 16108 16113 16154 16175
Iter#620585 New set #4 of size 130 (155146.2 its/hit = 240.500s/hit): seed=5620016590871075728 [23, 184, 249, 272, 371, 432, 740, 772, 831, 983, 1009, 1172, 1291, 1389, 1595, 1754, 1846, 1931, 1936, 2192, 2378, 2536, 2587, 2595, 2821, 2842, 2871, 2953, 3059, 3107, 3300, 3427, 3579, 3605, 3647, 3720, 3861, 4025, 4147, 4166, 4227, 4341, 4384, 4534, 4626, 5234, 5247, 5379, 5690, 6043, 6067, 6103, 6175, 6177, 6477, 6544, 7091, 7724, 8076, 8184, 8654, 8683, 8976, 9027, 9069, 9111, 9193, 9339, 9389, 9579, 9879, 9966, 10048, 10168, 10202, 10213, 10251, 10255, 10419, 10451, 10544, 10863, 11048, 11225, 11310, 11345, 11390, 11441, 11554, 11908, 11921, 11942, 12398, 12410, 12604, 12612, 12685, 13213, 13216, 13877, 13920, 13962, 13982, 14023, 14166, 14269, 14327, 14461, 14558, 14799, 14909, 14997, 15067, 15171, 15280, 15296, 15298, 15308, 15493, 15511, 15635, 15754, 15769, 15835, 16090, 16093, 16108, 16113, 16154, 16175]
logs_monomial/n14_monomialSqrt.txt.bz2.greedyext.20260221_000834.txt

11 84 227 245 349 369 370 615 628 664 1106 1959 1970 1981 2028 2060 2187 2241 2328 2369 2381 2652 2709 2738 2835 3098 3398 3451 3616 3953 4101 4319 4330 4411 4619 4720 4850 4857 4900 5002 5022 5102 5106 5236 5331 5585 5591 5746 5780 6083 6222 6415 6480 6500 6535 6674 6783 7048 7090 7151 7600 7916 8088 8151 8295 8376 8426 8469 8593 8598 9067 9071 9191 9482 9553 9571 9669 9795 9850 10024 10081 10095 10140 10196 10289 10420 10680 10832 10997 11028 11030 11070 11072 11366 11509 11598 11760 11967 12132 12198 12384 12418 12466 12587 12632 12654 12815 12834 13148 13224 13274 13384 13631 13853 13955 14108 14199 14207 14257 14391 14698 15024 15231 15371 15598 15614 15660 15692 15803 16326
Iter#1582516 New set #10 of size 130 (158251.6 its/hit = 253.000s/hit): seed=13024208733281950319 [11, 84, 227, 245, 349, 369, 370, 615, 628, 664, 1106, 1959, 1970, 1981, 2028, 2060, 2187, 2241, 2328, 2369, 2381, 2652, 2709, 2738, 2835, 3098, 3398, 3451, 3616, 3953, 4101, 4319, 4330, 4411, 4619, 4720, 4850, 4857, 4900, 5002, 5022, 5102, 5106, 5236, 5331, 5585, 5591, 5746, 5780, 6083, 6222, 6415, 6480, 6500, 6535, 6674, 6783, 7048, 7090, 7151, 7600, 7916, 8088, 8151, 8295, 8376, 8426, 8469, 8593, 8598, 9067, 9071, 9191, 9482, 9553, 9571, 9669, 9795, 9850, 10024, 10081, 10095, 10140, 10196, 10289, 10420, 10680, 10832, 10997, 11028, 11030, 11070, 11072, 11366, 11509, 11598, 11760, 11967, 12132, 12198, 12384, 12418, 12466, 12587, 12632, 12654, 12815, 12834, 13148, 13224, 13274, 13384, 13631, 13853, 13955, 14108, 14199, 14207, 14257, 14391, 14698, 15024, 15231, 15371, 15598, 15614, 15660, 15692, 15803, 16326]
logs_monomial/n14_monomialSqrt.txt.bz2.greedyext.20260222_050855.txt

84 717 859 898 987 1045 1102 1157 1250 1430 1451 1587 1634 1712 1718 1727 1779 1888 2020 2129 2265 2384 2401 2472 2473 2476 2759 2773 2797 3117 3171 3308 3526 3744 3859 3876 3903 3905 3922 4006 4188 4343 4363 4389 4464 4523 4538 4816 4856 5061 5325 5394 5452 5721 5843 5875 5886 6082 6102 6157 6567 7107 7194 7228 7284 7549 7711 7973 8206 8591 8639 8783 8848 8976 9260 9292 9586 9755 9823 9919 9950 10145 10373 10414 10476 10530 10574 10577 10743 10997 11240 11310 11323 11534 11666 11686 11725 11882 12448 12455 12531 12547 12618 12797 12875 13064 13170 13349 13582 13609 13728 13798 13926 13973 14413 14454 14483 14654 14690 14956 15016 15066 15104 15221 15702 15720 15861 16015 16095 16351
Iter#2966861 New set #20 of size 130 (148343.0 its/hit = 235.600s/hit): seed=16819054529740949270 [84, 717, 859, 898, 987, 1045, 1102, 1157, 1250, 1430, 1451, 1587, 1634, 1712, 1718, 1727, 1779, 1888, 2020, 2129, 2265, 2384, 2401, 2472, 2473, 2476, 2759, 2773, 2797, 3117, 3171, 3308, 3526, 3744, 3859, 3876, 3903, 3905, 3922, 4006, 4188, 4343, 4363, 4389, 4464, 4523, 4538, 4816, 4856, 5061, 5325, 5394, 5452, 5721, 5843, 5875, 5886, 6082, 6102, 6157, 6567, 7107, 7194, 7228, 7284, 7549, 7711, 7973, 8206, 8591, 8639, 8783, 8848, 8976, 9260, 9292, 9586, 9755, 9823, 9919, 9950, 10145, 10373, 10414, 10476, 10530, 10574, 10577, 10743, 10997, 11240, 11310, 11323, 11534, 11666, 11686, 11725, 11882, 12448, 12455, 12531, 12547, 12618, 12797, 12875, 13064, 13170, 13349, 13582, 13609, 13728, 13798, 13926, 13973, 14413, 14454, 14483, 14654, 14690, 14956, 15016, 15066, 15104, 15221, 15702, 15720, 15861, 16015, 16095, 16351]
logs_monomial/n14_monomialSqrt.txt.bz2.greedyext.20260222_050855.txt

42 57 71 92 107 222 472 702 795 853 916 1429 1453 1471 1561 1576 1744 1745 1748 1833 1953 2072 2204 2330 2379 2443 2503 2504 2510 2771 2798 2870 2925 2970 3069 3107 3235 3322 3509 3884 4189 4455 4613 4876 4932 4962 5307 5855 6005 6318 6330 6433 6534 6539 6571 6708 6762 7093 7357 7552 7592 7688 7773 7795 7874 7891 7972 8079 8466 8822 8885 8926 8938 9027 9046 9360 9613 9769 9782 9818 9871 10132 10198 10237 10457 10535 10595 10662 10695 10762 11060 11092 11368 11575 11752 11975 12023 12150 12455 12711 12791 12816 12846 12941 13325 13432 13588 13730 13776 13850 13894 14094 14133 14315 14622 14829 14929 14966 15006 15064 15197 15370 15472 15667 15922 15995 16005 16267 16344 16351
Iter#13373 New set #1 of size 130 (13373.0 its/hit = 16.000s/hit): seed=3198343637098229952 [42, 57, 71, 92, 107, 222, 472, 702, 795, 853, 916, 1429, 1453, 1471, 1561, 1576, 1744, 1745, 1748, 1833, 1953, 2072, 2204, 2330, 2379, 2443, 2503, 2504, 2510, 2771, 2798, 2870, 2925, 2970, 3069, 3107, 3235, 3322, 3509, 3884, 4189, 4455, 4613, 4876, 4932, 4962, 5307, 5855, 6005, 6318, 6330, 6433, 6534, 6539, 6571, 6708, 6762, 7093, 7357, 7552, 7592, 7688, 7773, 7795, 7874, 7891, 7972, 8079, 8466, 8822, 8885, 8926, 8938, 9027, 9046, 9360, 9613, 9769, 9782, 9818, 9871, 10132, 10198, 10237, 10457, 10535, 10595, 10662, 10695, 10762, 11060, 11092, 11368, 11575, 11752, 11975, 12023, 12150, 12455, 12711, 12791, 12816, 12846, 12941, 13325, 13432, 13588, 13730, 13776, 13850, 13894, 14094, 14133, 14315, 14622, 14829, 14929, 14966, 15006, 15064, 15197, 15370, 15472, 15667, 15922, 15995, 16005, 16267, 16344, 16351]
logs_monomial/n14_monomialSqrt.txt.bz2.greedyext.20260223_124059.txt

31 73 133 461 597 649 672 737 739 1038 1473 1542 1651 1726 1907 1947 1973 2246 2530 2632 2687 2802 3016 3097 3128 3161 3172 3188 3215 3290 3464 3553 3612 4016 4193 4213 4230 4682 4914 4969 4982 5054 5577 5788 5954 5963 6014 6112 6164 6212 6247 6266 6358 6669 6773 7062 7090 7791 7900 8121 8230 8464 8498 8531 8594 8758 8759 8933 8936 8986 9067 9275 9304 9405 9690 9899 10045 10116 10177 10307 10387 10766 10891 10906 11044 11055 11134 11173 11496 11630 11632 11655 11676 11790 11839 11844 11874 12063 12322 12520 12592 12910 12931 13176 13182 13283 13364 13395 13475 13626 13642 13921 14189 14288 14474 14496 14590 14728 14776 14862 15091 15193 15225 15288 15389 15805 15837 15964 16381 16382
Iter#2115588 New set #10 of size 130 (211558.8 its/hit = 333.600s/hit): seed=3745936248704172439 [31, 73, 133, 461, 597, 649, 672, 737, 739, 1038, 1473, 1542, 1651, 1726, 1907, 1947, 1973, 2246, 2530, 2632, 2687, 2802, 3016, 3097, 3128, 3161, 3172, 3188, 3215, 3290, 3464, 3553, 3612, 4016, 4193, 4213, 4230, 4682, 4914, 4969, 4982, 5054, 5577, 5788, 5954, 5963, 6014, 6112, 6164, 6212, 6247, 6266, 6358, 6669, 6773, 7062, 7090, 7791, 7900, 8121, 8230, 8464, 8498, 8531, 8594, 8758, 8759, 8933, 8936, 8986, 9067, 9275, 9304, 9405, 9690, 9899, 10045, 10116, 10177, 10307, 10387, 10766, 10891, 10906, 11044, 11055, 11134, 11173, 11496, 11630, 11632, 11655, 11676, 11790, 11839, 11844, 11874, 12063, 12322, 12520, 12592, 12910, 12931, 13176, 13182, 13283, 13364, 13395, 13475, 13626, 13642, 13921, 14189, 14288, 14474, 14496, 14590, 14728, 14776, 14862, 15091, 15193, 15225, 15288, 15389, 15805, 15837, 15964, 16381, 16382]
logs_monomial/n14_monomialSqrt.txt.bz2.greedyext.20260221_000834.txt

163 455 515 691 712 794 826 1108 1190 1553 1672 1708 1848 1867 1972 1985 2018 2235 2289 2295 2445 2452 2816 2856 3017 3147 3307 3589 3648 3699 3700 3981 4076 4185 4268 4331 4340 4490 4582 4610 4656 4682 4828 4933 5106 5151 5260 5275 5422 5509 5550 5787 5797 5814 5862 5868 5939 6043 6100 6376 6684 6793 6857 6875 7052 7101 7208 7309 7403 7413 7713 7750 8334 8359 8360 8484 8546 8569 8663 8959 9551 9837 9966 10361 10371 10497 10801 10915 11419 11486 11532 11881 11951 11983 12126 12298 12319 12565 12785 12814 12937 13071 13396 13461 13626 13853 13959 14007 14067 14105 14299 14470 14574 14611 14630 14741 14749 14879 15124 15178 15299 15467 15538 15780 15808 15850 15892 16128 16363 16369
Iter#987370 New set #6 of size 130 (164561.7 its/hit = 263.500s/hit): seed=7931131810478988693 [163, 455, 515, 691, 712, 794, 826, 1108, 1190, 1553, 1672, 1708, 1848, 1867, 1972, 1985, 2018, 2235, 2289, 2295, 2445, 2452, 2816, 2856, 3017, 3147, 3307, 3589, 3648, 3699, 3700, 3981, 4076, 4185, 4268, 4331, 4340, 4490, 4582, 4610, 4656, 4682, 4828, 4933, 5106, 5151, 5260, 5275, 5422, 5509, 5550, 5787, 5797, 5814, 5862, 5868, 5939, 6043, 6100, 6376, 6684, 6793, 6857, 6875, 7052, 7101, 7208, 7309, 7403, 7413, 7713, 7750, 8334, 8359, 8360, 8484, 8546, 8569, 8663, 8959, 9551, 9837, 9966, 10361, 10371, 10497, 10801, 10915, 11419, 11486, 11532, 11881, 11951, 11983, 12126, 12298, 12319, 12565, 12785, 12814, 12937, 13071, 13396, 13461, 13626, 13853, 13959, 14007, 14067, 14105, 14299, 14470, 14574, 14611, 14630, 14741, 14749, 14879, 15124, 15178, 15299, 15467, 15538, 15780, 15808, 15850, 15892, 16128, 16363, 16369]
logs_monomial/n14_monomialSqrt.txt.bz2.greedyext.20260222_050855.txt

155 482 612 744 805 921 948 1018 1154 1191 1255 1277 1380 1459 1669 1709 2126 2278 2280 2287 2489 2642 2647 2677 2839 2876 2891 2990 3041 3233 3313 3390 3723 3916 4024 4405 4473 4585 4674 4868 4984 5115 5142 5302 5439 5654 5963 6286 6427 6450 6468 6735 7020 7124 7196 7416 7536 7815 8002 8104 8203 8389 8491 8496 8605 8688 8749 8791 9036 9236 9313 9325 9343 9430 9447 9494 9575 9630 9669 9929 9962 10177 10665 10676 10934 10966 11400 11419 11574 11781 11959 12168 12215 12505 12635 12743 12766 12788 12850 12940 12941 13028 13236 13377 13692 13901 14119 14153 14207 14211 14245 14448 14498 14515 14580 14755 14918 14929 14931 14937 15114 15156 15265 15299 15340 15426 15503 15531 15579 15992
Iter#39652 New set #2 of size 130 (19826.0 its/hit = 24.500s/hit): seed=4087430461913518111 [155, 482, 612, 744, 805, 921, 948, 1018, 1154, 1191, 1255, 1277, 1380, 1459, 1669, 1709, 2126, 2278, 2280, 2287, 2489, 2642, 2647, 2677, 2839, 2876, 2891, 2990, 3041, 3233, 3313, 3390, 3723, 3916, 4024, 4405, 4473, 4585, 4674, 4868, 4984, 5115, 5142, 5302, 5439, 5654, 5963, 6286, 6427, 6450, 6468, 6735, 7020, 7124, 7196, 7416, 7536, 7815, 8002, 8104, 8203, 8389, 8491, 8496, 8605, 8688, 8749, 8791, 9036, 9236, 9313, 9325, 9343, 9430, 9447, 9494, 9575, 9630, 9669, 9929, 9962, 10177, 10665, 10676, 10934, 10966, 11400, 11419, 11574, 11781, 11959, 12168, 12215, 12505, 12635, 12743, 12766, 12788, 12850, 12940, 12941, 13028, 13236, 13377, 13692, 13901, 14119, 14153, 14207, 14211, 14245, 14448, 14498, 14515, 14580, 14755, 14918, 14929, 14931, 14937, 15114, 15156, 15265, 15299, 15340, 15426, 15503, 15531, 15579, 15992]
logs_monomial/n14_monomialSqrt.txt.bz2.greedyext.20260223_124059.txt

273 328 625 773 926 931 998 1110 1178 1237 1329 1395 1421 1530 1559 1849 1890 2003 2381 2505 2517 2519 2651 2738 2758 2804 2855 3045 3046 3090 3309 3776 3790 4045 4129 4418 4640 4679 4680 4805 4808 4965 4988 5000 5133 5233 5621 5830 6009 6061 6093 6274 6316 6396 6498 6548 6712 6713 6730 6749 6826 6948 6956 7230 7263 7416 7460 7567 7712 7773 7862 7874 8031 8040 8447 8542 8648 8673 8676 8725 8796 8907 8943 9366 9375 9492 9581 9662 10195 10447 10452 10541 10886 11118 11307 11618 11632 11671 11682 11916 12437 12464 12535 12646 13039 13040 13102 13209 13283 13302 13503 13865 13892 14018 14095 14235 14351 14377 14498 14561 14734 14896 15501 15641 15647 15690 16072 16124 16185 16322
Iter#691797 New set #6 of size 130 (115299.5 its/hit = 145.000s/hit): seed=10735419294100734126 [273, 328, 625, 773, 926, 931, 998, 1110, 1178, 1237, 1329, 1395, 1421, 1530, 1559, 1849, 1890, 2003, 2381, 2505, 2517, 2519, 2651, 2738, 2758, 2804, 2855, 3045, 3046, 3090, 3309, 3776, 3790, 4045, 4129, 4418, 4640, 4679, 4680, 4805, 4808, 4965, 4988, 5000, 5133, 5233, 5621, 5830, 6009, 6061, 6093, 6274, 6316, 6396, 6498, 6548, 6712, 6713, 6730, 6749, 6826, 6948, 6956, 7230, 7263, 7416, 7460, 7567, 7712, 7773, 7862, 7874, 8031, 8040, 8447, 8542, 8648, 8673, 8676, 8725, 8796, 8907, 8943, 9366, 9375, 9492, 9581, 9662, 10195, 10447, 10452, 10541, 10886, 11118, 11307, 11618, 11632, 11671, 11682, 11916, 12437, 12464, 12535, 12646, 13039, 13040, 13102, 13209, 13283, 13302, 13503, 13865, 13892, 14018, 14095, 14235, 14351, 14377, 14498, 14561, 14734, 14896, 15501, 15641, 15647, 15690, 16072, 16124, 16185, 16322]
logs_monomial/n14_monomialSqrt.txt.bz2.greedyext.20260223_124059.txt

449 565 573 714 921 1020 1315 1356 1397 1473 2033 2136 2210 2400 2631 2860 2874 2877 2991 3101 3515 3555 3587 3635 3641 3798 3834 3912 3976 4166 5009 5028 5046 5082 5115 5354 5405 5933 5950 6036 6051 6195 6219 6266 6271 6331 6462 6511 6570 6671 6773 6956 7070 7444 7587 7748 7760 7992 8019 8055 8416 8429 8642 8683 8769 8998 9213 9589 9634 9680 9741 9747 9802 9901 9999 10023 10156 10231 10310 10365 10576 10957 11317 11355 11442 11581 11648 11765 11771 11789 11865 11911 11963 11995 12096 12099 12270 12321 12334 12369 12610 12732 12824 13049 13078 13096 13247 13317 13489 13702 13856 13896 13978 14073 14506 14617 14736 14782 14845 14970 15161 15498 15545 15901 15939 15996 16016 16143 16322 16378
Iter#258284 New set #4 of size 130 (64571.0 its/hit = 81.000s/hit): seed=9977505554417870407 [449, 565, 573, 714, 921, 1020, 1315, 1356, 1397, 1473, 2033, 2136, 2210, 2400, 2631, 2860, 2874, 2877, 2991, 3101, 3515, 3555, 3587, 3635, 3641, 3798, 3834, 3912, 3976, 4166, 5009, 5028, 5046, 5082, 5115, 5354, 5405, 5933, 5950, 6036, 6051, 6195, 6219, 6266, 6271, 6331, 6462, 6511, 6570, 6671, 6773, 6956, 7070, 7444, 7587, 7748, 7760, 7992, 8019, 8055, 8416, 8429, 8642, 8683, 8769, 8998, 9213, 9589, 9634, 9680, 9741, 9747, 9802, 9901, 9999, 10023, 10156, 10231, 10310, 10365, 10576, 10957, 11317, 11355, 11442, 11581, 11648, 11765, 11771, 11789, 11865, 11911, 11963, 11995, 12096, 12099, 12270, 12321, 12334, 12369, 12610, 12732, 12824, 13049, 13078, 13096, 13247, 13317, 13489, 13702, 13856, 13896, 13978, 14073, 14506, 14617, 14736, 14782, 14845, 14970, 15161, 15498, 15545, 15901, 15939, 15996, 16016, 16143, 16322, 16378]
logs_monomial/n14_monomialSqrt.txt.bz2.greedyext.20260223_124059.txt

99 111 147 390 407 431 637 782 1065 1084 1088 1170 1572 1955 1975 2039 2262 2294 2410 2444 2479 2492 2737 2840 3012 3023 3133 3138 3178 3508 3516 3689 3824 3975 4137 4470 4509 4609 4706 4729 4897 4931 4942 4969 5040 5240 5366 5459 5481 5555 5687 5733 5746 5788 6015 6346 6418 6457 6479 6535 6578 7003 7107 7166 7236 7534 7573 7642 7647 7980 8636 8704 8821 8937 8999 9259 9502 9565 9713 9799 9865 10025 10471 10577 10613 10764 10814 10816 10850 10977 10991 11103 11140 11293 11429 11623 11714 11863 12043 12189 12474 12506 12653 12661 12869 12932 13398 13500 13590 14014 14036 14053 14116 14443 14727 14758 14802 14868 14869 14890 15173 15287 15318 15394 15465 15552 15562 15661 16227 16241
Iter#6905388 New set #50 of size 130 (138107.8 its/hit = 175.500s/hit): seed=12555105153308939777 [99, 111, 147, 390, 407, 431, 637, 782, 1065, 1084, 1088, 1170, 1572, 1955, 1975, 2039, 2262, 2294, 2410, 2444, 2479, 2492, 2737, 2840, 3012, 3023, 3133, 3138, 3178, 3508, 3516, 3689, 3824, 3975, 4137, 4470, 4509, 4609, 4706, 4729, 4897, 4931, 4942, 4969, 5040, 5240, 5366, 5459, 5481, 5555, 5687, 5733, 5746, 5788, 6015, 6346, 6418, 6457, 6479, 6535, 6578, 7003, 7107, 7166, 7236, 7534, 7573, 7642, 7647, 7980, 8636, 8704, 8821, 8937, 8999, 9259, 9502, 9565, 9713, 9799, 9865, 10025, 10471, 10577, 10613, 10764, 10814, 10816, 10850, 10977, 10991, 11103, 11140, 11293, 11429, 11623, 11714, 11863, 12043, 12189, 12474, 12506, 12653, 12661, 12869, 12932, 13398, 13500, 13590, 14014, 14036, 14053, 14116, 14443, 14727, 14758, 14802, 14868, 14869, 14890, 15173, 15287, 15318, 15394, 15465, 15552, 15562, 15661, 16227, 16241]
logs_monomial/n14_monomialSqrt.txt.bz2.greedyext.20260223_124059.txt

99 107 152 160 167 357 416 492 595 634 814 933 956 1117 1265 1337 1375 1417 1480 1534 1957 2019 2224 2273 2458 2462 2590 2734 2793 2861 3071 3107 3527 3594 3618 3671 4020 4090 4336 4408 4723 4748 4877 5140 5361 5419 5436 5452 5521 5731 5777 5778 5879 5914 6103 6141 6189 6254 6428 6429 6555 6557 6610 6777 6946 6991 7325 7642 7659 7741 7758 7792 7930 8168 8245 8397 8403 8811 8823 8873 9130 9145 9284 9504 10029 10188 10310 10585 10588 10745 10778 10904 11119 11213 11234 11254 11628 11672 11971 11983 12109 12112 12177 12270 12398 12582 12733 12870 12934 12943 12964 12971 13038 13260 13326 13370 13397 13494 13751 13761 14085 14182 14454 14624 14749 14961 14984 15550 15798 16230
Iter#1001488 New set #10 of size 130 (100148.8 its/hit = 126.100s/hit): seed=4371620277951144240 [99, 107, 152, 160, 167, 357, 416, 492, 595, 634, 814, 933, 956, 1117, 1265, 1337, 1375, 1417, 1480, 1534, 1957, 2019, 2224, 2273, 2458, 2462, 2590, 2734, 2793, 2861, 3071, 3107, 3527, 3594, 3618, 3671, 4020, 4090, 4336, 4408, 4723, 4748, 4877, 5140, 5361, 5419, 5436, 5452, 5521, 5731, 5777, 5778, 5879, 5914, 6103, 6141, 6189, 6254, 6428, 6429, 6555, 6557, 6610, 6777, 6946, 6991, 7325, 7642, 7659, 7741, 7758, 7792, 7930, 8168, 8245, 8397, 8403, 8811, 8823, 8873, 9130, 9145, 9284, 9504, 10029, 10188, 10310, 10585, 10588, 10745, 10778, 10904, 11119, 11213, 11234, 11254, 11628, 11672, 11971, 11983, 12109, 12112, 12177, 12270, 12398, 12582, 12733, 12870, 12934, 12943, 12964, 12971, 13038, 13260, 13326, 13370, 13397, 13494, 13751, 13761, 14085, 14182, 14454, 14624, 14749, 14961, 14984, 15550, 15798, 16230]
logs_monomial/n14_monomialSqrt.txt.bz2.greedyext.20260223_124059.txt

86 256 366 726 853 862 868 899 1199 1283 1299 1365 1516 2289 2305 2370 2433 2465 2490 2583 3000 3117 3183 3243 3369 3511 3597 3677 3788 3811 4180 4257 4463 4509 4689 5055 5086 5104 5273 5466 5485 5519 5612 5660 5761 5763 5946 5947 6271 6333 6347 6650 6669 6810 7079 7217 7314 7504 7947 7956 7961 7962 8141 8145 8275 8438 8505 8584 8638 8644 8870 8878 9015 9026 9119 9169 9412 9416 9462 9501 9558 9613 9725 9756 9864 9905 9968 10028 10145 10264 10302 10416 10526 10562 10618 10718 11153 11918 12189 12247 12323 12391 12525 12723 12726 12931 13214 13327 13477 13685 13851 13870 13985 14007 14388 14441 14451 14782 15018 15097 15314 15323 15463 15558 15769 15831 15868 15984 16046 16155
Iter#558169 New set #2 of size 130 (279084.5 its/hit = 431.500s/hit): seed=3624187336056161587 [86, 256, 366, 726, 853, 862, 868, 899, 1199, 1283, 1299, 1365, 1516, 2289, 2305, 2370, 2433, 2465, 2490, 2583, 3000, 3117, 3183, 3243, 3369, 3511, 3597, 3677, 3788, 3811, 4180, 4257, 4463, 4509, 4689, 5055, 5086, 5104, 5273, 5466, 5485, 5519, 5612, 5660, 5761, 5763, 5946, 5947, 6271, 6333, 6347, 6650, 6669, 6810, 7079, 7217, 7314, 7504, 7947, 7956, 7961, 7962, 8141, 8145, 8275, 8438, 8505, 8584, 8638, 8644, 8870, 8878, 9015, 9026, 9119, 9169, 9412, 9416, 9462, 9501, 9558, 9613, 9725, 9756, 9864, 9905, 9968, 10028, 10145, 10264, 10302, 10416, 10526, 10562, 10618, 10718, 11153, 11918, 12189, 12247, 12323, 12391, 12525, 12723, 12726, 12931, 13214, 13327, 13477, 13685, 13851, 13870, 13985, 14007, 14388, 14441, 14451, 14782, 15018, 15097, 15314, 15323, 15463, 15558, 15769, 15831, 15868, 15984, 16046, 16155]
logs_monomial/n14_monomialSqrt.txt.bz2.greedyext.20260221_000834.txt

118 189 253 521 591 617 794 850 965 1126 1139 1146 1336 1404 1440 1476 1679 1689 1712 1798 1825 2290 2411 2434 2453 2501 2620 2665 2681 2934 3313 3350 3523 3615 3714 4014 4151 4559 4567 4637 4671 4687 4800 5226 5458 5560 5611 5901 6134 6197 6467 6505 6545 6638 6746 6914 7044 7338 7478 7513 7767 7807 7935 8170 8325 8558 8732 8735 8821 8886 8948 9013 9059 9103 9616 9618 9708 9748 9879 9942 9965 10034 10151 10284 10296 10602 10649 10748 10811 10917 10927 11213 11234 12105 12122 12158 12300 12492 12611 12843 13138 13154 13309 13488 13587 13618 13781 13795 13937 14163 14221 14231 14275 14528 14589 14612 14817 14967 15252 15287 15299 15376 15401 15474 15556 15743 15835 15861 16367 16368
Iter#924875 New set #9 of size 130 (102763.9 its/hit = 129.333s/hit): seed=4566829380807331564 [118, 189, 253, 521, 591, 617, 794, 850, 965, 1126, 1139, 1146, 1336, 1404, 1440, 1476, 1679, 1689, 1712, 1798, 1825, 2290, 2411, 2434, 2453, 2501, 2620, 2665, 2681, 2934, 3313, 3350, 3523, 3615, 3714, 4014, 4151, 4559, 4567, 4637, 4671, 4687, 4800, 5226, 5458, 5560, 5611, 5901, 6134, 6197, 6467, 6505, 6545, 6638, 6746, 6914, 7044, 7338, 7478, 7513, 7767, 7807, 7935, 8170, 8325, 8558, 8732, 8735, 8821, 8886, 8948, 9013, 9059, 9103, 9616, 9618, 9708, 9748, 9879, 9942, 9965, 10034, 10151, 10284, 10296, 10602, 10649, 10748, 10811, 10917, 10927, 11213, 11234, 12105, 12122, 12158, 12300, 12492, 12611, 12843, 13138, 13154, 13309, 13488, 13587, 13618, 13781, 13795, 13937, 14163, 14221, 14231, 14275, 14528, 14589, 14612, 14817, 14967, 15252, 15287, 15299, 15376, 15401, 15474, 15556, 15743, 15835, 15861, 16367, 16368]
logs_monomial/n14_monomialSqrt.txt.bz2.greedyext.20260223_124059.txt

8 154 176 336 361 376 506 910 1134 1284 1298 1309 1523 1788 1798 1933 1999 2001 2235 2439 2519 2812 2889 2971 3232 3386 3535 3668 4097 4232 4561 4957 5042 5170 5609 5613 5622 5647 5693 5991 6044 6046 6059 6076 6136 6146 6187 6200 6399 6410 6416 6430 6713 6839 6935 6969 7424 7501 7762 7949 8206 8280 8387 8392 8430 8538 8549 8647 8714 8890 9125 9214 9327 9438 9618 9784 9949 10018 10021 10058 10074 10198 10269 10539 10550 10695 10723 10918 10923 10972 11037 11148 11298 11437 11606 11917 12053 12126 12416 12531 12793 12822 13186 13255 13487 13668 13900 13944 14146 14523 14550 14596 14669 14825 14935 14990 15134 15432 15438 15506 15605 15695 15844 15862 15928 15951 15958 16197 16266 16347
Iter#10633843 New set #70 of size 130 (151912.0 its/hit = 192.829s/hit): seed=9291627161197760732 [8, 154, 176, 336, 361, 376, 506, 910, 1134, 1284, 1298, 1309, 1523, 1788, 1798, 1933, 1999, 2001, 2235, 2439, 2519, 2812, 2889, 2971, 3232, 3386, 3535, 3668, 4097, 4232, 4561, 4957, 5042, 5170, 5609, 5613, 5622, 5647, 5693, 5991, 6044, 6046, 6059, 6076, 6136, 6146, 6187, 6200, 6399, 6410, 6416, 6430, 6713, 6839, 6935, 6969, 7424, 7501, 7762, 7949, 8206, 8280, 8387, 8392, 8430, 8538, 8549, 8647, 8714, 8890, 9125, 9214, 9327, 9438, 9618, 9784, 9949, 10018, 10021, 10058, 10074, 10198, 10269, 10539, 10550, 10695, 10723, 10918, 10923, 10972, 11037, 11148, 11298, 11437, 11606, 11917, 12053, 12126, 12416, 12531, 12793, 12822, 13186, 13255, 13487, 13668, 13900, 13944, 14146, 14523, 14550, 14596, 14669, 14825, 14935, 14990, 15134, 15432, 15438, 15506, 15605, 15695, 15844, 15862, 15928, 15951, 15958, 16197, 16266, 16347]
logs_monomial/n14_monomialSqrt.txt.bz2.greedyext.20260223_124059.txt

26 129 136 440 558 724 833 998 1378 1454 1456 1542 1555 1655 1875 2052 2256 2552 2568 2572 2604 2622 2744 2895 3036 3103 3153 3201 3232 3530 4278 4335 4730 4759 4845 4861 5018 5093 5497 5538 5664 5670 5848 5907 5974 6165 6295 6604 7128 7156 7299 7478 7580 7609 7626 7701 7755 7892 8038 8163 8205 8357 8392 8393 8417 8550 8580 8671 8718 8786 9010 9040 9043 9102 9117 9142 9205 9370 9432 9443 9444 9448 9529 9559 9718 9973 9988 10195 10286 10529 10916 10946 11062 11217 11460 11865 11951 12049 12098 12141 12210 12251 12352 12418 12477 12554 12772 12815 12844 12930 13029 13044 13268 13397 13572 13641 13868 14293 14597 14749 15110 15161 15225 15376 15390 15593 15751 16135 16221 16359
Iter#4726217 New set #30 of size 130 (157540.6 its/hit = 250.033s/hit): seed=623906765568615021 [26, 129, 136, 440, 558, 724, 833, 998, 1378, 1454, 1456, 1542, 1555, 1655, 1875, 2052, 2256, 2552, 2568, 2572, 2604, 2622, 2744, 2895, 3036, 3103, 3153, 3201, 3232, 3530, 4278, 4335, 4730, 4759, 4845, 4861, 5018, 5093, 5497, 5538, 5664, 5670, 5848, 5907, 5974, 6165, 6295, 6604, 7128, 7156, 7299, 7478, 7580, 7609, 7626, 7701, 7755, 7892, 8038, 8163, 8205, 8357, 8392, 8393, 8417, 8550, 8580, 8671, 8718, 8786, 9010, 9040, 9043, 9102, 9117, 9142, 9205, 9370, 9432, 9443, 9444, 9448, 9529, 9559, 9718, 9973, 9988, 10195, 10286, 10529, 10916, 10946, 11062, 11217, 11460, 11865, 11951, 12049, 12098, 12141, 12210, 12251, 12352, 12418, 12477, 12554, 12772, 12815, 12844, 12930, 13029, 13044, 13268, 13397, 13572, 13641, 13868, 14293, 14597, 14749, 15110, 15161, 15225, 15376, 15390, 15593, 15751, 16135, 16221, 16359]
logs_monomial/n14_monomialSqrt.txt.bz2.greedyext.20260222_050855.txt

55 72 314 320 336 471 795 834 1214 1275 1397 1419 1421 1551 1748 2137 2165 2657 2874 3000 3150 3275 3449 3512 3558 3604 3633 3687 3739 3886 4171 4332 4473 4483 4629 4901 4908 5047 5374 5547 5566 5594 5635 5661 5839 6257 6370 6421 6529 6547 6561 6565 6741 7037 7081 7783 7949 7980 8114 8188 8313 8495 8520 8537 8577 8610 8777 8871 8976 9007 9197 9336 9601 9897 9956 10232 10388 10411 10452 10800 10920 11338 11434 11504 11818 12100 12211 12221 12315 12323 12336 12376 12447 12541 12542 12707 12799 12841 12914 13003 13064 13132 13156 13157 13216 13438 13481 13656 13915 13972 14074 14135 14149 14153 14158 14197 14460 14491 14601 14703 14988 15235 15391 15478 15548 15552 15599 15618 15860 16233
Iter#819394 New set #4 of size 130 (204848.5 its/hit = 327.750s/hit): seed=8662830114116095243 [55, 72, 314, 320, 336, 471, 795, 834, 1214, 1275, 1397, 1419, 1421, 1551, 1748, 2137, 2165, 2657, 2874, 3000, 3150, 3275, 3449, 3512, 3558, 3604, 3633, 3687, 3739, 3886, 4171, 4332, 4473, 4483, 4629, 4901, 4908, 5047, 5374, 5547, 5566, 5594, 5635, 5661, 5839, 6257, 6370, 6421, 6529, 6547, 6561, 6565, 6741, 7037, 7081, 7783, 7949, 7980, 8114, 8188, 8313, 8495, 8520, 8537, 8577, 8610, 8777, 8871, 8976, 9007, 9197, 9336, 9601, 9897, 9956, 10232, 10388, 10411, 10452, 10800, 10920, 11338, 11434, 11504, 11818, 12100, 12211, 12221, 12315, 12323, 12336, 12376, 12447, 12541, 12542, 12707, 12799, 12841, 12914, 13003, 13064, 13132, 13156, 13157, 13216, 13438, 13481, 13656, 13915, 13972, 14074, 14135, 14149, 14153, 14158, 14197, 14460, 14491, 14601, 14703, 14988, 15235, 15391, 15478, 15548, 15552, 15599, 15618, 15860, 16233]
logs_monomial/n14_monomialSqrt.txt.bz2.greedyext.20260222_050855.txt

66 140 178 507 802 1113 1225 1298 1339 1537 1688 2228 2330 2345 2777 2788 2790 3016 3405 3439 3465 3592 3672 3673 3767 3816 4080 4100 4149 4218 4582 4830 4836 4859 5215 5393 5405 5494 5633 5718 5807 6041 6047 6079 6122 6207 6466 6481 6536 6706 6929 6945 6969 7047 7195 7279 7331 7507 7901 8158 8255 8313 8360 8398 8456 8461 8625 8667 8681 9117 9463 9481 9537 9541 9614 9923 9940 9951 10126 10259 10322 10330 10433 10459 10464 10511 10564 10774 10848 10902 10940 10990 11080 11353 11428 11431 11485 11895 12270 12387 12554 12718 12917 13438 13683 13739 14105 14128 14141 14380 14477 14505 14578 14626 14657 14708 14793 14849 14862 15078 15125 15137 15233 15590 15639 15922 16140 16214 16253 16314
Iter#8467778 New set #50 of size 130 (169355.6 its/hit = 268.760s/hit): seed=10942364330561644455 [66, 140, 178, 507, 802, 1113, 1225, 1298, 1339, 1537, 1688, 2228, 2330, 2345, 2777, 2788, 2790, 3016, 3405, 3439, 3465, 3592, 3672, 3673, 3767, 3816, 4080, 4100, 4149, 4218, 4582, 4830, 4836, 4859, 5215, 5393, 5405, 5494, 5633, 5718, 5807, 6041, 6047, 6079, 6122, 6207, 6466, 6481, 6536, 6706, 6929, 6945, 6969, 7047, 7195, 7279, 7331, 7507, 7901, 8158, 8255, 8313, 8360, 8398, 8456, 8461, 8625, 8667, 8681, 9117, 9463, 9481, 9537, 9541, 9614, 9923, 9940, 9951, 10126, 10259, 10322, 10330, 10433, 10459, 10464, 10511, 10564, 10774, 10848, 10902, 10940, 10990, 11080, 11353, 11428, 11431, 11485, 11895, 12270, 12387, 12554, 12718, 12917, 13438, 13683, 13739, 14105, 14128, 14141, 14380, 14477, 14505, 14578, 14626, 14657, 14708, 14793, 14849, 14862, 15078, 15125, 15137, 15233, 15590, 15639, 15922, 16140, 16214, 16253, 16314]
logs_monomial/n14_monomialSqrt.txt.bz2.greedyext.20260222_050855.txt

226 260 427 480 484 508 542 846 978 1111 1517 1530 1679 1694 1779 2008 2106 2128 2365 2517 2709 2950 3004 3024 3038 3138 3414 3440 3538 3914 3950 4388 4446 4841 5148 5261 5356 5502 5537 5697 5776 5803 5816 5927 6091 6344 6430 6499 6538 6571 6651 6670 6820 6841 7000 7024 7146 7371 7721 7731 8244 8355 8391 8441 8491 8662 8671 8843 8890 8955 9220 9305 9501 9842 9850 9986 10178 10221 10471 10687 10931 10983 11048 11078 11116 11229 11275 11296 11579 11832 11915 11928 11974 12037 12038 12356 12467 12478 12485 12514 12591 12618 12643 12726 13061 13355 13549 13741 13746 13816 14051 14143 14269 14497 14564 14612 14766 14800 14811 14829 15035 15178 15225 15288 15383 15538 15579 16018 16190 16357
Iter#1799301 New set #9 of size 130 (199922.3 its/hit = 314.778s/hit): seed=13283103848680065971 [226, 260, 427, 480, 484, 508, 542, 846, 978, 1111, 1517, 1530, 1679, 1694, 1779, 2008, 2106, 2128, 2365, 2517, 2709, 2950, 3004, 3024, 3038, 3138, 3414, 3440, 3538, 3914, 3950, 4388, 4446, 4841, 5148, 5261, 5356, 5502, 5537, 5697, 5776, 5803, 5816, 5927, 6091, 6344, 6430, 6499, 6538, 6571, 6651, 6670, 6820, 6841, 7000, 7024, 7146, 7371, 7721, 7731, 8244, 8355, 8391, 8441, 8491, 8662, 8671, 8843, 8890, 8955, 9220, 9305, 9501, 9842, 9850, 9986, 10178, 10221, 10471, 10687, 10931, 10983, 11048, 11078, 11116, 11229, 11275, 11296, 11579, 11832, 11915, 11928, 11974, 12037, 12038, 12356, 12467, 12478, 12485, 12514, 12591, 12618, 12643, 12726, 13061, 13355, 13549, 13741, 13746, 13816, 14051, 14143, 14269, 14497, 14564, 14612, 14766, 14800, 14811, 14829, 15035, 15178, 15225, 15288, 15383, 15538, 15579, 16018, 16190, 16357]
logs_monomial/n14_monomialSqrt.txt.bz2.greedyext.20260221_000834.txt

64 102 556 564 598 713 781 826 838 1043 1207 1221 1265 1459 1467 1472 1652 1891 1974 1977 1981 2307 2349 2601 2828 2853 2989 3107 3180 3206 3659 3859 3866 3908 3914 4093 4187 4193 4236 4323 4382 4469 4728 4966 5009 5014 5042 5115 5327 5358 5577 5679 5704 6139 6157 6451 6586 6884 6948 7488 7569 7685 7695 7808 7964 8073 8278 8390 8471 8492 8689 8744 8861 8872 9177 9205 9216 9485 9545 9727 9898 10007 10058 10077 10187 10228 10540 10687 10732 11316 11561 11567 11596 11718 11748 11881 11982 12034 12150 12174 12340 12344 12410 12535 13081 13806 13895 13941 14012 14061 14114 14173 14233 14359 14520 14613 14648 14713 14771 15013 15069 15371 15557 15711 15955 16087 16211 16295 16312 16359
Iter#1396998 New set #9 of size 130 (155222.0 its/hit = 248.444s/hit): seed=14770774922237261918 [64, 102, 556, 564, 598, 713, 781, 826, 838, 1043, 1207, 1221, 1265, 1459, 1467, 1472, 1652, 1891, 1974, 1977, 1981, 2307, 2349, 2601, 2828, 2853, 2989, 3107, 3180, 3206, 3659, 3859, 3866, 3908, 3914, 4093, 4187, 4193, 4236, 4323, 4382, 4469, 4728, 4966, 5009, 5014, 5042, 5115, 5327, 5358, 5577, 5679, 5704, 6139, 6157, 6451, 6586, 6884, 6948, 7488, 7569, 7685, 7695, 7808, 7964, 8073, 8278, 8390, 8471, 8492, 8689, 8744, 8861, 8872, 9177, 9205, 9216, 9485, 9545, 9727, 9898, 10007, 10058, 10077, 10187, 10228, 10540, 10687, 10732, 11316, 11561, 11567, 11596, 11718, 11748, 11881, 11982, 12034, 12150, 12174, 12340, 12344, 12410, 12535, 13081, 13806, 13895, 13941, 14012, 14061, 14114, 14173, 14233, 14359, 14520, 14613, 14648, 14713, 14771, 15013, 15069, 15371, 15557, 15711, 15955, 16087, 16211, 16295, 16312, 16359]
logs_monomial/n14_monomialSqrt.txt.bz2.greedyext.20260222_050855.txt

233 251 353 462 489 551 717 814 1007 1099 1122 1130 1493 1561 1641 1756 1782 2092 2149 2325 2345 2376 2378 2513 2575 2612 2629 2661 2816 3089 3109 3442 3569 3684 3760 3871 4213 4461 4558 4653 4710 4831 4943 4949 5183 5184 5395 5924 6089 6103 6258 6446 6553 7627 7873 7938 7994 8000 8146 8182 8225 8315 8365 8401 8512 8513 8880 8951 8958 9039 9054 9150 9158 9203 9384 9767 9768 9938 9986 10040 10070 10378 10384 10463 10630 10690 10708 10751 11138 11427 11461 11573 11625 11637 11658 11784 11804 11825 12421 12526 12584 12640 12766 12926 12985 13084 13119 13151 13312 13410 14139 14305 14344 14432 14544 14575 14708 14761 14848 14931 14966 15016 15178 15244 15389 15526 15790 15940 16031 16331
Iter#631322 New set #5 of size 130 (126264.4 its/hit = 159.000s/hit): seed=4824128706970037589 [233, 251, 353, 462, 489, 551, 717, 814, 1007, 1099, 1122, 1130, 1493, 1561, 1641, 1756, 1782, 2092, 2149, 2325, 2345, 2376, 2378, 2513, 2575, 2612, 2629, 2661, 2816, 3089, 3109, 3442, 3569, 3684, 3760, 3871, 4213, 4461, 4558, 4653, 4710, 4831, 4943, 4949, 5183, 5184, 5395, 5924, 6089, 6103, 6258, 6446, 6553, 7627, 7873, 7938, 7994, 8000, 8146, 8182, 8225, 8315, 8365, 8401, 8512, 8513, 8880, 8951, 8958, 9039, 9054, 9150, 9158, 9203, 9384, 9767, 9768, 9938, 9986, 10040, 10070, 10378, 10384, 10463, 10630, 10690, 10708, 10751, 11138, 11427, 11461, 11573, 11625, 11637, 11658, 11784, 11804, 11825, 12421, 12526, 12584, 12640, 12766, 12926, 12985, 13084, 13119, 13151, 13312, 13410, 14139, 14305, 14344, 14432, 14544, 14575, 14708, 14761, 14848, 14931, 14966, 15016, 15178, 15244, 15389, 15526, 15790, 15940, 16031, 16331]
logs_monomial/n14_monomialSqrt.txt.bz2.greedyext.20260223_124059.txt

125 187 430 484 507 693 873 1003 1042 1171 1204 1253 1256 1308 1333 1401 1504 1875 2113 2189 2276 2756 2920 2995 3250 3319 3394 3462 3469 3515 3576 3821 3868 3887 4078 4111 4178 4427 4644 4652 4948 5012 5051 5218 5265 5295 5365 5501 5504 5513 5805 5853 5868 6237 6262 6509 6766 6800 6862 6877 6992 6995 7345 7657 7857 7909 7952 7994 8062 8075 8266 8378 8411 8488 8695 8727 8902 8942 8957 9073 9117 9480 9586 9919 10397 10853 10879 11422 11573 11592 11693 11740 11773 11864 12015 12018 12046 12070 12220 12289 12716 12731 12965 13000 13017 13198 13492 13650 13738 13746 13750 13821 13896 14104 14212 14356 14592 14630 14724 15132 15160 15366 15468 15723 15747 16067 16262 16264 16336 16362
Iter#327607 New set #1 of size 130 (327607.0 its/hit = 505.000s/hit): seed=8450959537802954495 [125, 187, 430, 484, 507, 693, 873, 1003, 1042, 1171, 1204, 1253, 1256, 1308, 1333, 1401, 1504, 1875, 2113, 2189, 2276, 2756, 2920, 2995, 3250, 3319, 3394, 3462, 3469, 3515, 3576, 3821, 3868, 3887, 4078, 4111, 4178, 4427, 4644, 4652, 4948, 5012, 5051, 5218, 5265, 5295, 5365, 5501, 5504, 5513, 5805, 5853, 5868, 6237, 6262, 6509, 6766, 6800, 6862, 6877, 6992, 6995, 7345, 7657, 7857, 7909, 7952, 7994, 8062, 8075, 8266, 8378, 8411, 8488, 8695, 8727, 8902, 8942, 8957, 9073, 9117, 9480, 9586, 9919, 10397, 10853, 10879, 11422, 11573, 11592, 11693, 11740, 11773, 11864, 12015, 12018, 12046, 12070, 12220, 12289, 12716, 12731, 12965, 13000, 13017, 13198, 13492, 13650, 13738, 13746, 13750, 13821, 13896, 14104, 14212, 14356, 14592, 14630, 14724, 15132, 15160, 15366, 15468, 15723, 15747, 16067, 16262, 16264, 16336, 16362]
logs_monomial/n14_monomialSqrt.txt.bz2.greedyext.20260221_000834.txt

329 491 519 603 607 687 1163 1406 1533 1826 1827 2319 2458 2692 2778 3081 3270 3526 3703 3765 3944 4181 4215 4273 4396 4418 4597 4788 4898 4952 4995 5268 5549 5683 5750 5889 5904 5917 5930 6161 6206 6370 6464 6536 6646 6696 6750 6773 6855 7069 7086 7126 7255 7261 7348 7481 7568 7829 7843 8030 8238 8322 8324 8360 8411 8418 8591 8759 8801 8874 8902 9173 9202 9243 9328 9640 9745 9757 9788 10085 10098 10219 10277 10605 10672 10686 10837 11032 11497 11504 11640 11713 12149 12320 12379 12398 12533 12583 12625 12641 12768 12777 12999 13060 13078 13112 13288 13374 13599 13677 13805 13881 13933 14335 14439 14493 14641 14781 14794 14807 15046 15056 15136 15201 15456 15501 16017 16166 16193 16369
Iter#2299461 New set #20 of size 130 (114973.0 its/hit = 145.450s/hit): seed=17250329212481447865 [329, 491, 519, 603, 607, 687, 1163, 1406, 1533, 1826, 1827, 2319, 2458, 2692, 2778, 3081, 3270, 3526, 3703, 3765, 3944, 4181, 4215, 4273, 4396, 4418, 4597, 4788, 4898, 4952, 4995, 5268, 5549, 5683, 5750, 5889, 5904, 5917, 5930, 6161, 6206, 6370, 6464, 6536, 6646, 6696, 6750, 6773, 6855, 7069, 7086, 7126, 7255, 7261, 7348, 7481, 7568, 7829, 7843, 8030, 8238, 8322, 8324, 8360, 8411, 8418, 8591, 8759, 8801, 8874, 8902, 9173, 9202, 9243, 9328, 9640, 9745, 9757, 9788, 10085, 10098, 10219, 10277, 10605, 10672, 10686, 10837, 11032, 11497, 11504, 11640, 11713, 12149, 12320, 12379, 12398, 12533, 12583, 12625, 12641, 12768, 12777, 12999, 13060, 13078, 13112, 13288, 13374, 13599, 13677, 13805, 13881, 13933, 14335, 14439, 14493, 14641, 14781, 14794, 14807, 15046, 15056, 15136, 15201, 15456, 15501, 16017, 16166, 16193, 16369]
logs_monomial/n14_monomialSqrt.txt.bz2.greedyext.20260223_124059.txt

37 94 186 221 280 337 969 1404 1409 1643 1733 2099 2182 2362 2402 2475 2831 2908 3101 3275 3285 3540 3581 3705 3739 3820 4088 4270 4419 4515 4799 5068 5185 5362 5560 5727 5958 6132 6476 6552 6656 6662 6677 6760 7378 7436 7477 7483 7557 7599 7669 7733 7748 7847 7891 7892 8076 8080 8092 8127 8243 8252 8330 8494 8505 8772 9067 9082 9165 9205 9206 9207 9271 9577 9619 9756 9772 9927 10106 10274 10292 10364 10695 10912 10950 10956 10978 11067 11260 11329 11340 11512 11600 11827 11909 12119 12126 12616 12685 12731 13136 13176 13265 13308 13403 13492 13542 13766 13881 13884 13913 13981 14199 14214 14278 14285 14350 14359 14411 14744 14809 14880 15124 15136 15494 15589 15744 15982 16120 16360
Iter#19033 New set #1 of size 130 (19033.0 its/hit = 23.000s/hit): seed=17179791836378855235 [37, 94, 186, 221, 280, 337, 969, 1404, 1409, 1643, 1733, 2099, 2182, 2362, 2402, 2475, 2831, 2908, 3101, 3275, 3285, 3540, 3581, 3705, 3739, 3820, 4088, 4270, 4419, 4515, 4799, 5068, 5185, 5362, 5560, 5727, 5958, 6132, 6476, 6552, 6656, 6662, 6677, 6760, 7378, 7436, 7477, 7483, 7557, 7599, 7669, 7733, 7748, 7847, 7891, 7892, 8076, 8080, 8092, 8127, 8243, 8252, 8330, 8494, 8505, 8772, 9067, 9082, 9165, 9205, 9206, 9207, 9271, 9577, 9619, 9756, 9772, 9927, 10106, 10274, 10292, 10364, 10695, 10912, 10950, 10956, 10978, 11067, 11260, 11329, 11340, 11512, 11600, 11827, 11909, 12119, 12126, 12616, 12685, 12731, 13136, 13176, 13265, 13308, 13403, 13492, 13542, 13766, 13881, 13884, 13913, 13981, 14199, 14214, 14278, 14285, 14350, 14359, 14411, 14744, 14809, 14880, 15124, 15136, 15494, 15589, 15744, 15982, 16120, 16360]
logs_monomial/n14_monomialSqrt.txt.bz2.greedyext.20260222_050855.txt

1 62 257 435 640 813 830 1280 1376 1538 1567 2167 2396 2431 2600 2675 2720 2769 2897 2912 2978 3017 3031 3035 3322 3483 3553 3627 3654 3718 3741 3955 4029 4558 4893 4921 4973 5108 5143 5210 5237 5250 5308 5605 5607 5615 5616 5653 5893 5908 5954 6086 6163 6197 6289 6345 6399 6651 6858 7159 7170 7482 7483 7506 7556 7746 7784 7793 7917 8047 8206 8442 8509 8840 8983 9031 9240 9303 9354 9377 9469 9667 9697 9700 9743 10064 10073 10078 10232 10523 10547 10757 10962 11025 11060 11083 11089 11266 11311 11340 11411 11614 11730 11860 12077 12318 12532 12593 12998 13134 13226 13410 13530 13817 13956 13997 14066 14136 14589 14752 14985 15104 15264 15437 15538 15566 15860 15967 16003 16079
Iter#3388337 New set #30 of size 130 (112944.6 its/hit = 143.267s/hit): seed=14783924225896683069 [1, 62, 257, 435, 640, 813, 830, 1280, 1376, 1538, 1567, 2167, 2396, 2431, 2600, 2675, 2720, 2769, 2897, 2912, 2978, 3017, 3031, 3035, 3322, 3483, 3553, 3627, 3654, 3718, 3741, 3955, 4029, 4558, 4893, 4921, 4973, 5108, 5143, 5210, 5237, 5250, 5308, 5605, 5607, 5615, 5616, 5653, 5893, 5908, 5954, 6086, 6163, 6197, 6289, 6345, 6399, 6651, 6858, 7159, 7170, 7482, 7483, 7506, 7556, 7746, 7784, 7793, 7917, 8047, 8206, 8442, 8509, 8840, 8983, 9031, 9240, 9303, 9354, 9377, 9469, 9667, 9697, 9700, 9743, 10064, 10073, 10078, 10232, 10523, 10547, 10757, 10962, 11025, 11060, 11083, 11089, 11266, 11311, 11340, 11411, 11614, 11730, 11860, 12077, 12318, 12532, 12593, 12998, 13134, 13226, 13410, 13530, 13817, 13956, 13997, 14066, 14136, 14589, 14752, 14985, 15104, 15264, 15437, 15538, 15566, 15860, 15967, 16003, 16079]
logs_monomial/n14_monomialSqrt.txt.bz2.greedyext.20260223_124059.txt

22 99 342 571 613 631 719 730 849 946 962 1038 1392 1436 1502 1569 1584 1631 1633 1831 2204 2347 2350 2617 2650 2886 3050 3135 3184 3192 3381 3566 3829 4042 4151 4152 4178 4274 4284 4367 4494 4527 4530 4663 4691 4705 5195 5333 5452 5481 5501 5566 5820 5831 5918 6050 6273 6402 6526 6658 6674 6904 7356 7374 7503 7523 7615 8100 8165 8185 8300 8610 8696 8774 8805 8818 8992 9181 9245 9349 9540 9574 9616 9787 9831 10422 10469 10751 10849 10909 11077 11205 11464 11539 11676 11697 11731 11736 12054 12135 12407 12415 12455 12489 12496 13097 13139 13155 13274 13433 13557 13577 13718 13791 14071 14083 14281 14544 14614 14652 14672 14943 15278 15461 15515 15777 15976 16023 16055 16078
Iter#641634 New set #3 of size 130 (213878.0 its/hit = 341.333s/hit): seed=6599309478571996926 [22, 99, 342, 571, 613, 631, 719, 730, 849, 946, 962, 1038, 1392, 1436, 1502, 1569, 1584, 1631, 1633, 1831, 2204, 2347, 2350, 2617, 2650, 2886, 3050, 3135, 3184, 3192, 3381, 3566, 3829, 4042, 4151, 4152, 4178, 4274, 4284, 4367, 4494, 4527, 4530, 4663, 4691, 4705, 5195, 5333, 5452, 5481, 5501, 5566, 5820, 5831, 5918, 6050, 6273, 6402, 6526, 6658, 6674, 6904, 7356, 7374, 7503, 7523, 7615, 8100, 8165, 8185, 8300, 8610, 8696, 8774, 8805, 8818, 8992, 9181, 9245, 9349, 9540, 9574, 9616, 9787, 9831, 10422, 10469, 10751, 10849, 10909, 11077, 11205, 11464, 11539, 11676, 11697, 11731, 11736, 12054, 12135, 12407, 12415, 12455, 12489, 12496, 13097, 13139, 13155, 13274, 13433, 13557, 13577, 13718, 13791, 14071, 14083, 14281, 14544, 14614, 14652, 14672, 14943, 15278, 15461, 15515, 15777, 15976, 16023, 16055, 16078]
logs_monomial/n14_monomialSqrt.txt.bz2.greedyext.20260222_050855.txt

206 445 585 690 706 805 886 958 991 1011 1304 1474 1550 1614 1682 1712 1770 1988 2484 2602 2754 2850 2916 3061 3083 3248 3263 3567 3882 4057 4063 4075 4081 4155 4216 4304 4325 5210 5241 5416 5560 5578 5780 5866 5893 5940 5985 5995 6028 6055 6104 6123 6160 6191 6649 6693 6732 6950 7056 7304 7321 7358 7588 7717 7918 8046 8332 8583 8587 8698 8731 8781 8798 9292 9482 9513 9577 9790 9840 9847 10065 10276 10327 10477 10480 10566 10629 10713 10755 10901 10914 10957 10976 11022 11290 11413 11450 11491 11570 11648 11651 11710 11908 12033 12180 12519 12545 12650 12775 12878 12978 13103 13560 13576 13692 13855 14088 14208 14236 14387 14547 14585 14914 15067 15294 15549 15854 16181 16184 16290
Iter#817802 New set #5 of size 130 (163560.4 its/hit = 254.600s/hit): seed=11511702048884615976 [206, 445, 585, 690, 706, 805, 886, 958, 991, 1011, 1304, 1474, 1550, 1614, 1682, 1712, 1770, 1988, 2484, 2602, 2754, 2850, 2916, 3061, 3083, 3248, 3263, 3567, 3882, 4057, 4063, 4075, 4081, 4155, 4216, 4304, 4325, 5210, 5241, 5416, 5560, 5578, 5780, 5866, 5893, 5940, 5985, 5995, 6028, 6055, 6104, 6123, 6160, 6191, 6649, 6693, 6732, 6950, 7056, 7304, 7321, 7358, 7588, 7717, 7918, 8046, 8332, 8583, 8587, 8698, 8731, 8781, 8798, 9292, 9482, 9513, 9577, 9790, 9840, 9847, 10065, 10276, 10327, 10477, 10480, 10566, 10629, 10713, 10755, 10901, 10914, 10957, 10976, 11022, 11290, 11413, 11450, 11491, 11570, 11648, 11651, 11710, 11908, 12033, 12180, 12519, 12545, 12650, 12775, 12878, 12978, 13103, 13560, 13576, 13692, 13855, 14088, 14208, 14236, 14387, 14547, 14585, 14914, 15067, 15294, 15549, 15854, 16181, 16184, 16290]
logs_monomial/n14_monomialSqrt.txt.bz2.greedyext.20260221_000834.txt

5 18 20 255 286 340 454 464 490 628 762 896 933 1070 1240 1338 1439 1553 1977 2065 2089 2122 2128 2377 2423 2465 2616 2712 2723 2843 2894 2946 2995 3142 3279 3333 3356 3432 3487 4032 4121 4617 4753 4847 5218 5332 5574 5679 5721 5763 5878 6462 6679 6683 6738 6777 6889 7215 7267 7394 7451 7907 7988 8028 8306 8353 8385 8401 8539 8575 8701 8726 8832 8879 8998 9025 9064 9090 9298 9318 9359 9433 9503 9506 9662 9703 9939 10170 10265 10857 10942 11311 11356 11499 11759 12073 12318 12386 12473 12517 12618 12668 12800 12919 13384 13598 13772 13830 13837 13843 14183 14216 14385 14430 14548 14603 14775 14859 14934 15204 15517 15640 15654 15657 15700 15725 15800 16124 16331 16363
Iter#521380 New set #2 of size 130 (260690.0 its/hit = 415.500s/hit): seed=8357714369484468622 [5, 18, 20, 255, 286, 340, 454, 464, 490, 628, 762, 896, 933, 1070, 1240, 1338, 1439, 1553, 1977, 2065, 2089, 2122, 2128, 2377, 2423, 2465, 2616, 2712, 2723, 2843, 2894, 2946, 2995, 3142, 3279, 3333, 3356, 3432, 3487, 4032, 4121, 4617, 4753, 4847, 5218, 5332, 5574, 5679, 5721, 5763, 5878, 6462, 6679, 6683, 6738, 6777, 6889, 7215, 7267, 7394, 7451, 7907, 7988, 8028, 8306, 8353, 8385, 8401, 8539, 8575, 8701, 8726, 8832, 8879, 8998, 9025, 9064, 9090, 9298, 9318, 9359, 9433, 9503, 9506, 9662, 9703, 9939, 10170, 10265, 10857, 10942, 11311, 11356, 11499, 11759, 12073, 12318, 12386, 12473, 12517, 12618, 12668, 12800, 12919, 13384, 13598, 13772, 13830, 13837, 13843, 14183, 14216, 14385, 14430, 14548, 14603, 14775, 14859, 14934, 15204, 15517, 15640, 15654, 15657, 15700, 15725, 15800, 16124, 16331, 16363]
logs_monomial/n14_monomialSqrt.txt.bz2.greedyext.20260222_050855.txt

22 105 136 384 594 922 923 1656 1740 2213 2306 2447 2612 2839 3081 3318 3343 3524 3540 3677 3720 3806 3929 4070 4192 4336 4340 4394 4411 4470 4758 5341 5456 5550 5584 5609 5610 5643 5920 5941 6052 6260 6460 6515 6554 6855 6860 6962 7174 7195 7339 7532 7913 8028 8064 8134 8257 8328 8430 8442 8574 8638 8839 8852 8875 9099 9195 9207 9218 9334 9450 9571 9839 9845 9911 9938 10094 10188 10337 10461 10568 10613 10646 10781 10867 10890 10987 11193 11348 11545 11694 11836 11877 11885 11914 11919 11946 12048 12082 12180 12288 12529 12544 12642 13116 13430 13552 14011 14215 14334 14393 14450 14465 14918 14927 15004 15291 15408 15437 15461 15593 15657 15679 15827 15828 15870 15882 15945 16175 16289
Iter#805027 New set #7 of size 130 (115003.9 its/hit = 144.571s/hit): seed=2298831783773528568 [22, 105, 136, 384, 594, 922, 923, 1656, 1740, 2213, 2306, 2447, 2612, 2839, 3081, 3318, 3343, 3524, 3540, 3677, 3720, 3806, 3929, 4070, 4192, 4336, 4340, 4394, 4411, 4470, 4758, 5341, 5456, 5550, 5584, 5609, 5610, 5643, 5920, 5941, 6052, 6260, 6460, 6515, 6554, 6855, 6860, 6962, 7174, 7195, 7339, 7532, 7913, 8028, 8064, 8134, 8257, 8328, 8430, 8442, 8574, 8638, 8839, 8852, 8875, 9099, 9195, 9207, 9218, 9334, 9450, 9571, 9839, 9845, 9911, 9938, 10094, 10188, 10337, 10461, 10568, 10613, 10646, 10781, 10867, 10890, 10987, 11193, 11348, 11545, 11694, 11836, 11877, 11885, 11914, 11919, 11946, 12048, 12082, 12180, 12288, 12529, 12544, 12642, 13116, 13430, 13552, 14011, 14215, 14334, 14393, 14450, 14465, 14918, 14927, 15004, 15291, 15408, 15437, 15461, 15593, 15657, 15679, 15827, 15828, 15870, 15882, 15945, 16175, 16289]
logs_monomial/n14_monomialSqrt.txt.bz2.greedyext.20260223_124059.txt

72 261 307 417 520 682 923 976 1175 1245 1455 1680 1696 1827 1881 2121 2472 2632 2645 2807 2898 2922 2976 3032 3104 3206 3294 3309 3329 3359 3659 3836 3841 3913 3924 4113 4148 4349 4394 4457 4591 4757 5073 5158 5365 5472 5481 5613 5815 5848 6113 6467 6661 6833 6853 7206 7255 7310 7482 7963 8004 8103 8253 8464 8576 8723 8734 8992 9449 9531 9685 9694 9743 9968 10137 10526 10532 10558 10574 10611 10788 10870 10898 10981 11042 11109 11111 11143 11155 11209 11774 11804 12049 12300 12640 12707 12872 12965 12992 13196 13246 13533 13571 13822 14285 14424 14445 14453 14469 14490 14587 14647 14687 14734 14865 15112 15121 15432 15539 15562 15589 15642 15687 15810 15989 16061 16255 16341 16371 16372
Iter#8962763 New set #60 of size 130 (149379.4 its/hit = 189.733s/hit): seed=381246062804785425 [72, 261, 307, 417, 520, 682, 923, 976, 1175, 1245, 1455, 1680, 1696, 1827, 1881, 2121, 2472, 2632, 2645, 2807, 2898, 2922, 2976, 3032, 3104, 3206, 3294, 3309, 3329, 3359, 3659, 3836, 3841, 3913, 3924, 4113, 4148, 4349, 4394, 4457, 4591, 4757, 5073, 5158, 5365, 5472, 5481, 5613, 5815, 5848, 6113, 6467, 6661, 6833, 6853, 7206, 7255, 7310, 7482, 7963, 8004, 8103, 8253, 8464, 8576, 8723, 8734, 8992, 9449, 9531, 9685, 9694, 9743, 9968, 10137, 10526, 10532, 10558, 10574, 10611, 10788, 10870, 10898, 10981, 11042, 11109, 11111, 11143, 11155, 11209, 11774, 11804, 12049, 12300, 12640, 12707, 12872, 12965, 12992, 13196, 13246, 13533, 13571, 13822, 14285, 14424, 14445, 14453, 14469, 14490, 14587, 14647, 14687, 14734, 14865, 15112, 15121, 15432, 15539, 15562, 15589, 15642, 15687, 15810, 15989, 16061, 16255, 16341, 16371, 16372]
logs_monomial/n14_monomialSqrt.txt.bz2.greedyext.20260223_124059.txt

63 78 420 727 890 969 1071 1209 1682 1929 2245 2303 2333 2356 2389 2452 2729 2892 3240 3241 3340 3467 3883 4034 4037 4063 4096 4126 4146 4535 4572 4685 4838 4911 5127 5159 5174 5335 5337 5408 5439 5528 5540 5859 5929 6082 6183 6233 6298 6346 6376 6429 6606 6691 6698 6799 6915 6926 6933 6991 7002 7462 7535 7641 7815 8167 8205 8250 8352 8539 8575 8707 8719 9081 9143 9241 9248 9509 9607 9741 9791 9886 9955 10246 10249 10266 10286 10395 10561 10814 10826 10860 11071 11204 11237 11284 11336 11439 11837 11848 12116 12175 12379 12758 12768 12776 12894 13261 13335 13556 13570 13574 13634 13676 13770 13835 13860 13888 13923 14689 14744 14904 15146 15221 15251 15488 15645 15710 15767 16063
Iter#841599 New set #5 of size 130 (168319.8 its/hit = 269.400s/hit): seed=6787559638188860964 [63, 78, 420, 727, 890, 969, 1071, 1209, 1682, 1929, 2245, 2303, 2333, 2356, 2389, 2452, 2729, 2892, 3240, 3241, 3340, 3467, 3883, 4034, 4037, 4063, 4096, 4126, 4146, 4535, 4572, 4685, 4838, 4911, 5127, 5159, 5174, 5335, 5337, 5408, 5439, 5528, 5540, 5859, 5929, 6082, 6183, 6233, 6298, 6346, 6376, 6429, 6606, 6691, 6698, 6799, 6915, 6926, 6933, 6991, 7002, 7462, 7535, 7641, 7815, 8167, 8205, 8250, 8352, 8539, 8575, 8707, 8719, 9081, 9143, 9241, 9248, 9509, 9607, 9741, 9791, 9886, 9955, 10246, 10249, 10266, 10286, 10395, 10561, 10814, 10826, 10860, 11071, 11204, 11237, 11284, 11336, 11439, 11837, 11848, 12116, 12175, 12379, 12758, 12768, 12776, 12894, 13261, 13335, 13556, 13570, 13574, 13634, 13676, 13770, 13835, 13860, 13888, 13923, 14689, 14744, 14904, 15146, 15221, 15251, 15488, 15645, 15710, 15767, 16063]
logs_monomial/n14_monomialSqrt.txt.bz2.greedyext.20260222_050855.txt

47 84 103 623 635 875 978 996 1113 1280 1553 1740 1833 1847 1996 2049 2205 2226 2302 2567 2619 2759 2762 3081 3144 3147 3597 3614 3738 3749 3758 3944 4024 4197 4544 4558 4584 4695 4889 5049 5122 5146 5304 5627 5656 5728 5785 6170 6191 6218 6411 6488 6496 6581 6939 7076 7108 7437 7501 7821 7823 7826 8115 8182 8371 9130 9313 9335 9392 9407 9448 9548 9580 9746 10014 10248 10327 10430 10511 10645 10728 10732 11020 11136 11364 11605 11664 11786 11931 11996 12083 12409 12430 12612 12965 13008 13162 13361 13397 13432 13533 13790 13838 13904 14092 14107 14181 14232 14269 14408 14449 14471 14714 14724 14824 15198 15199 15371 15413 15459 15543 15569 15659 15686 15700 15717 15958 16123 16278 16324
Iter#4454402 New set #20 of size 130 (222720.1 its/hit = 354.850s/hit): seed=6341494618096033653 [47, 84, 103, 623, 635, 875, 978, 996, 1113, 1280, 1553, 1740, 1833, 1847, 1996, 2049, 2205, 2226, 2302, 2567, 2619, 2759, 2762, 3081, 3144, 3147, 3597, 3614, 3738, 3749, 3758, 3944, 4024, 4197, 4544, 4558, 4584, 4695, 4889, 5049, 5122, 5146, 5304, 5627, 5656, 5728, 5785, 6170, 6191, 6218, 6411, 6488, 6496, 6581, 6939, 7076, 7108, 7437, 7501, 7821, 7823, 7826, 8115, 8182, 8371, 9130, 9313, 9335, 9392, 9407, 9448, 9548, 9580, 9746, 10014, 10248, 10327, 10430, 10511, 10645, 10728, 10732, 11020, 11136, 11364, 11605, 11664, 11786, 11931, 11996, 12083, 12409, 12430, 12612, 12965, 13008, 13162, 13361, 13397, 13432, 13533, 13790, 13838, 13904, 14092, 14107, 14181, 14232, 14269, 14408, 14449, 14471, 14714, 14724, 14824, 15198, 15199, 15371, 15413, 15459, 15543, 15569, 15659, 15686, 15700, 15717, 15958, 16123, 16278, 16324]
logs_monomial/n14_monomialSqrt.txt.bz2.greedyext.20260221_000834.txt

136 176 401 487 657 675 864 920 1097 1122 1234 1320 1380 1497 1601 1835 1875 1936 2037 2320 2449 2585 2747 2897 2988 3004 3341 3598 3600 3791 3988 4053 4214 4474 4564 4580 4684 4844 4944 5055 5191 5264 5289 5359 5403 5559 5599 5605 5706 5989 6216 6292 6308 6349 6383 6577 6749 6772 6928 6982 7035 7125 7153 7545 7615 7665 7807 7882 8258 8400 8513 8721 9264 9265 9297 9316 9327 9660 9805 9819 9879 10196 10790 11078 11099 11314 11348 11357 11574 11669 11698 11846 11857 12078 12121 12242 12408 12536 12632 12737 13049 13052 13074 13263 13269 13347 13393 13408 13422 13467 13738 13766 13791 13864 13910 14103 14335 14339 14411 14439 14464 14725 14782 15555 15574 15647 15892 16084 16128 16130
Iter#1618583 New set #8 of size 130 (202322.9 its/hit = 318.000s/hit): seed=5379503875058441518 [136, 176, 401, 487, 657, 675, 864, 920, 1097, 1122, 1234, 1320, 1380, 1497, 1601, 1835, 1875, 1936, 2037, 2320, 2449, 2585, 2747, 2897, 2988, 3004, 3341, 3598, 3600, 3791, 3988, 4053, 4214, 4474, 4564, 4580, 4684, 4844, 4944, 5055, 5191, 5264, 5289, 5359, 5403, 5559, 5599, 5605, 5706, 5989, 6216, 6292, 6308, 6349, 6383, 6577, 6749, 6772, 6928, 6982, 7035, 7125, 7153, 7545, 7615, 7665, 7807, 7882, 8258, 8400, 8513, 8721, 9264, 9265, 9297, 9316, 9327, 9660, 9805, 9819, 9879, 10196, 10790, 11078, 11099, 11314, 11348, 11357, 11574, 11669, 11698, 11846, 11857, 12078, 12121, 12242, 12408, 12536, 12632, 12737, 13049, 13052, 13074, 13263, 13269, 13347, 13393, 13408, 13422, 13467, 13738, 13766, 13791, 13864, 13910, 14103, 14335, 14339, 14411, 14439, 14464, 14725, 14782, 15555, 15574, 15647, 15892, 16084, 16128, 16130]
logs_monomial/n14_monomialSqrt.txt.bz2.greedyext.20260221_000834.txt

94 124 301 503 558 741 836 845 853 946 1171 1278 1404 1540 1724 1761 1815 1863 1950 2023 2225 2252 2350 2573 2577 2603 2649 2663 2680 2742 2882 3068 3218 3331 3575 3670 3924 3980 4616 4715 5347 5533 5595 5678 5707 6116 6153 6309 6358 6450 6517 6883 6909 6991 7249 7332 7493 7621 7654 7680 7762 7799 7812 7971 8052 8078 8359 8576 8595 8885 8887 9040 9051 9072 9084 9127 9167 9191 9214 9283 9598 9624 10083 10357 10631 10851 10993 11083 11124 11230 11267 11449 11459 11479 11535 11583 11773 11785 11820 11861 11920 11923 11994 12020 12318 12612 12874 12934 13125 13211 13273 13573 13853 14081 14091 14584 14590 14616 14750 14805 14817 14918 15002 15192 15517 15543 15624 15664 15679 15769
Iter#614528 New set #3 of size 130 (204842.7 its/hit = 317.333s/hit): seed=7819926226487470552 [94, 124, 301, 503, 558, 741, 836, 845, 853, 946, 1171, 1278, 1404, 1540, 1724, 1761, 1815, 1863, 1950, 2023, 2225, 2252, 2350, 2573, 2577, 2603, 2649, 2663, 2680, 2742, 2882, 3068, 3218, 3331, 3575, 3670, 3924, 3980, 4616, 4715, 5347, 5533, 5595, 5678, 5707, 6116, 6153, 6309, 6358, 6450, 6517, 6883, 6909, 6991, 7249, 7332, 7493, 7621, 7654, 7680, 7762, 7799, 7812, 7971, 8052, 8078, 8359, 8576, 8595, 8885, 8887, 9040, 9051, 9072, 9084, 9127, 9167, 9191, 9214, 9283, 9598, 9624, 10083, 10357, 10631, 10851, 10993, 11083, 11124, 11230, 11267, 11449, 11459, 11479, 11535, 11583, 11773, 11785, 11820, 11861, 11920, 11923, 11994, 12020, 12318, 12612, 12874, 12934, 13125, 13211, 13273, 13573, 13853, 14081, 14091, 14584, 14590, 14616, 14750, 14805, 14817, 14918, 15002, 15192, 15517, 15543, 15624, 15664, 15679, 15769]
logs_monomial/n14_monomialSqrt.txt.bz2.greedyext.20260221_000834.txt

97 300 365 390 465 475 483 493 558 813 862 1075 1190 1212 1309 1485 1488 1740 1890 2008 2110 2221 2350 2392 2621 3021 3042 3090 3224 3386 3405 3609 3767 3844 4132 4173 4181 4259 4280 4357 4538 4544 4601 4656 5018 5281 5452 5731 5739 5762 5810 6135 6216 6241 6367 6801 6953 7040 7130 7166 7246 7368 7484 7563 7582 7583 7604 7719 7859 7916 8102 8135 8239 8258 8413 8508 8517 8745 8872 8875 9121 9347 9415 9599 9655 10155 10289 10298 10309 10478 10488 10611 11155 11166 11269 11296 11488 11494 11530 11721 12029 12280 12501 12615 13023 13057 13134 13208 13307 13311 13403 13823 13893 13981 14451 14472 14538 14771 14837 14839 15010 15080 15089 15201 15344 15351 15448 15674 15930 16159
Iter#1002291 New set #7 of size 130 (143184.4 its/hit = 229.286s/hit): seed=16609210488857387382 [97, 300, 365, 390, 465, 475, 483, 493, 558, 813, 862, 1075, 1190, 1212, 1309, 1485, 1488, 1740, 1890, 2008, 2110, 2221, 2350, 2392, 2621, 3021, 3042, 3090, 3224, 3386, 3405, 3609, 3767, 3844, 4132, 4173, 4181, 4259, 4280, 4357, 4538, 4544, 4601, 4656, 5018, 5281, 5452, 5731, 5739, 5762, 5810, 6135, 6216, 6241, 6367, 6801, 6953, 7040, 7130, 7166, 7246, 7368, 7484, 7563, 7582, 7583, 7604, 7719, 7859, 7916, 8102, 8135, 8239, 8258, 8413, 8508, 8517, 8745, 8872, 8875, 9121, 9347, 9415, 9599, 9655, 10155, 10289, 10298, 10309, 10478, 10488, 10611, 11155, 11166, 11269, 11296, 11488, 11494, 11530, 11721, 12029, 12280, 12501, 12615, 13023, 13057, 13134, 13208, 13307, 13311, 13403, 13823, 13893, 13981, 14451, 14472, 14538, 14771, 14837, 14839, 15010, 15080, 15089, 15201, 15344, 15351, 15448, 15674, 15930, 16159]
logs_monomial/n14_monomialSqrt.txt.bz2.greedyext.20260222_050855.txt

125 129 169 241 609 758 759 776 991 1225 1292 1556 1956 1987 2012 2154 2716 2852 2881 3184 3246 3390 3818 3831 3958 3975 4024 4210 4567 4641 4750 4789 4814 4827 4850 4903 5032 5036 5109 5186 5359 5442 5889 6097 6114 6147 6190 6232 6300 6646 6786 6902 6932 6975 7059 7164 7197 7610 7936 8018 8330 8445 8469 8550 8567 8893 9029 9425 9548 9653 9725 10028 10431 10616 10624 10716 10726 10770 10817 10829 10841 11129 11214 11278 11293 11294 11398 11473 11609 11615 11774 11948 12235 12522 12674 12735 12797 13142 13233 13244 13272 13488 13502 13653 13681 13683 13738 13855 14089 14117 14140 14167 14286 14317 14447 14682 14865 14913 14939 15057 15157 15217 15237 15255 15439 15453 15620 15720 16107 16352
Iter#1320817 New set #6 of size 130 (220136.2 its/hit = 344.500s/hit): seed=4379546975102317712 [125, 129, 169, 241, 609, 758, 759, 776, 991, 1225, 1292, 1556, 1956, 1987, 2012, 2154, 2716, 2852, 2881, 3184, 3246, 3390, 3818, 3831, 3958, 3975, 4024, 4210, 4567, 4641, 4750, 4789, 4814, 4827, 4850, 4903, 5032, 5036, 5109, 5186, 5359, 5442, 5889, 6097, 6114, 6147, 6190, 6232, 6300, 6646, 6786, 6902, 6932, 6975, 7059, 7164, 7197, 7610, 7936, 8018, 8330, 8445, 8469, 8550, 8567, 8893, 9029, 9425, 9548, 9653, 9725, 10028, 10431, 10616, 10624, 10716, 10726, 10770, 10817, 10829, 10841, 11129, 11214, 11278, 11293, 11294, 11398, 11473, 11609, 11615, 11774, 11948, 12235, 12522, 12674, 12735, 12797, 13142, 13233, 13244, 13272, 13488, 13502, 13653, 13681, 13683, 13738, 13855, 14089, 14117, 14140, 14167, 14286, 14317, 14447, 14682, 14865, 14913, 14939, 15057, 15157, 15217, 15237, 15255, 15439, 15453, 15620, 15720, 16107, 16352]
logs_monomial/n14_monomialSqrt.txt.bz2.greedyext.20260221_000834.txt

64 339 462 468 690 819 1017 1024 1033 1211 1237 1238 1335 1497 1518 1648 1689 1917 1973 2107 2205 2329 2391 2399 2403 2542 2655 2693 2710 2782 2805 2829 2991 3063 3161 3299 3421 3689 3892 3996 4001 4105 4331 4366 4396 4412 4413 4790 4907 5234 5595 5751 5754 5757 5870 5875 6256 6267 6341 6513 6540 6671 6734 6746 6826 6847 6902 6965 7279 7330 7640 8076 8433 8794 8927 9029 9217 9436 9476 9547 9601 9728 9810 9979 10125 10385 10548 10696 10772 10821 10951 11124 11504 11564 11744 11827 11845 11863 11944 12072 12275 12368 12370 12565 12659 12705 12728 12878 12966 13064 13312 13600 14003 14041 14125 14138 14266 14333 14376 14431 14657 14670 14688 14866 15425 15949 15973 16123 16130 16235
Iter#1041264 New set #8 of size 130 (130158.0 its/hit = 208.500s/hit): seed=2610267455506735335 [64, 339, 462, 468, 690, 819, 1017, 1024, 1033, 1211, 1237, 1238, 1335, 1497, 1518, 1648, 1689, 1917, 1973, 2107, 2205, 2329, 2391, 2399, 2403, 2542, 2655, 2693, 2710, 2782, 2805, 2829, 2991, 3063, 3161, 3299, 3421, 3689, 3892, 3996, 4001, 4105, 4331, 4366, 4396, 4412, 4413, 4790, 4907, 5234, 5595, 5751, 5754, 5757, 5870, 5875, 6256, 6267, 6341, 6513, 6540, 6671, 6734, 6746, 6826, 6847, 6902, 6965, 7279, 7330, 7640, 8076, 8433, 8794, 8927, 9029, 9217, 9436, 9476, 9547, 9601, 9728, 9810, 9979, 10125, 10385, 10548, 10696, 10772, 10821, 10951, 11124, 11504, 11564, 11744, 11827, 11845, 11863, 11944, 12072, 12275, 12368, 12370, 12565, 12659, 12705, 12728, 12878, 12966, 13064, 13312, 13600, 14003, 14041, 14125, 14138, 14266, 14333, 14376, 14431, 14657, 14670, 14688, 14866, 15425, 15949, 15973, 16123, 16130, 16235]
logs_monomial/n14_monomialSqrt.txt.bz2.greedyext.20260222_050855.txt

9 35 40 228 368 651 681 876 914 959 1080 1082 1297 1325 1801 1882 1981 2007 2154 2167 2201 2548 2694 2741 2825 3049 3120 3183 3188 3246 3474 3550 3606 4149 4262 4643 4660 4929 4930 5489 5497 5675 5709 5846 5870 5891 6061 6364 6408 6486 6500 6643 6957 7029 7077 7260 7368 7451 7484 7512 7550 7566 7575 7910 8227 8339 8345 8412 8478 8494 8510 8537 8601 8698 8862 9002 9105 9129 9251 9570 9597 9803 10134 10494 10567 10730 10734 10837 10916 10949 11059 11114 11436 11512 11627 12180 12216 12604 12841 12882 12945 12951 13133 13180 13276 13373 13593 13596 13673 13715 14309 14335 14480 14576 14752 14803 14862 15113 15345 15385 15399 15493 15611 15647 15725 15984 16167 16259 16312 16339
Iter#838448 New set #8 of size 130 (104806.0 its/hit = 131.875s/hit): seed=5020423932569044414 [9, 35, 40, 228, 368, 651, 681, 876, 914, 959, 1080, 1082, 1297, 1325, 1801, 1882, 1981, 2007, 2154, 2167, 2201, 2548, 2694, 2741, 2825, 3049, 3120, 3183, 3188, 3246, 3474, 3550, 3606, 4149, 4262, 4643, 4660, 4929, 4930, 5489, 5497, 5675, 5709, 5846, 5870, 5891, 6061, 6364, 6408, 6486, 6500, 6643, 6957, 7029, 7077, 7260, 7368, 7451, 7484, 7512, 7550, 7566, 7575, 7910, 8227, 8339, 8345, 8412, 8478, 8494, 8510, 8537, 8601, 8698, 8862, 9002, 9105, 9129, 9251, 9570, 9597, 9803, 10134, 10494, 10567, 10730, 10734, 10837, 10916, 10949, 11059, 11114, 11436, 11512, 11627, 12180, 12216, 12604, 12841, 12882, 12945, 12951, 13133, 13180, 13276, 13373, 13593, 13596, 13673, 13715, 14309, 14335, 14480, 14576, 14752, 14803, 14862, 15113, 15345, 15385, 15399, 15493, 15611, 15647, 15725, 15984, 16167, 16259, 16312, 16339]
logs_monomial/n14_monomialSqrt.txt.bz2.greedyext.20260223_124059.txt

171 213 253 255 286 443 595 863 986 1101 1167 1364 1563 1701 1822 1933 2060 2176 2180 2682 2685 2814 2817 2899 2956 3135 3191 3204 3210 3267 3473 3496 3630 3720 3770 3809 4244 4443 4737 5084 5165 5712 5799 5831 5893 5909 6112 6193 6211 6327 6601 6628 6789 6835 6848 7001 7017 7051 7258 7316 7324 7415 7528 7670 7892 8099 8440 8537 8574 8631 8870 8874 8947 9002 9056 9191 9370 9675 9872 9901 10225 10611 10636 10655 10905 10906 10934 11016 11038 11199 11232 11271 11340 11350 11353 12217 12292 12377 12387 12692 12793 12908 12943 12987 13028 13221 13372 13427 13575 13915 14341 14361 14433 14453 14543 14610 14617 14747 14816 15056 15105 15156 15342 15400 15743 15769 15930 15932 16184 16287
Iter#5409428 New set #40 of size 130 (135235.7 its/hit = 171.725s/hit): seed=16523404008074846372 [171, 213, 253, 255, 286, 443, 595, 863, 986, 1101, 1167, 1364, 1563, 1701, 1822, 1933, 2060, 2176, 2180, 2682, 2685, 2814, 2817, 2899, 2956, 3135, 3191, 3204, 3210, 3267, 3473, 3496, 3630, 3720, 3770, 3809, 4244, 4443, 4737, 5084, 5165, 5712, 5799, 5831, 5893, 5909, 6112, 6193, 6211, 6327, 6601, 6628, 6789, 6835, 6848, 7001, 7017, 7051, 7258, 7316, 7324, 7415, 7528, 7670, 7892, 8099, 8440, 8537, 8574, 8631, 8870, 8874, 8947, 9002, 9056, 9191, 9370, 9675, 9872, 9901, 10225, 10611, 10636, 10655, 10905, 10906, 10934, 11016, 11038, 11199, 11232, 11271, 11340, 11350, 11353, 12217, 12292, 12377, 12387, 12692, 12793, 12908, 12943, 12987, 13028, 13221, 13372, 13427, 13575, 13915, 14341, 14361, 14433, 14453, 14543, 14610, 14617, 14747, 14816, 15056, 15105, 15156, 15342, 15400, 15743, 15769, 15930, 15932, 16184, 16287]
logs_monomial/n14_monomialSqrt.txt.bz2.greedyext.20260223_124059.txt

649 765 861 1084 1249 1360 1390 1730 2162 2307 2318 2726 2754 2794 2891 3153 3271 3383 3394 3460 3570 3939 4114 4234 4434 4501 4708 4808 4942 4964 5113 5179 5273 5601 5702 5739 5748 5762 5880 5970 5994 6172 6266 6629 6727 6881 6906 6986 7083 7170 7265 7361 7526 7560 7625 7758 7797 7808 7846 8085 8290 8362 8424 8443 8678 8692 8798 8811 9088 9117 9131 9132 9406 9484 9647 9778 9905 9907 9917 9921 10060 10154 10212 10791 10886 10956 11025 11076 11190 11247 11259 11317 11341 11516 11531 11551 11985 12012 12371 12559 12576 12639 12736 13271 13280 13301 13377 13690 13694 13730 13762 13913 13992 14110 14362 14602 14812 14897 14996 15019 15049 15263 15334 15514 15551 15900 15922 15969 16024 16102
Iter#6731045 New set #40 of size 130 (168276.1 its/hit = 267.775s/hit): seed=5759431995668507464 [649, 765, 861, 1084, 1249, 1360, 1390, 1730, 2162, 2307, 2318, 2726, 2754, 2794, 2891, 3153, 3271, 3383, 3394, 3460, 3570, 3939, 4114, 4234, 4434, 4501, 4708, 4808, 4942, 4964, 5113, 5179, 5273, 5601, 5702, 5739, 5748, 5762, 5880, 5970, 5994, 6172, 6266, 6629, 6727, 6881, 6906, 6986, 7083, 7170, 7265, 7361, 7526, 7560, 7625, 7758, 7797, 7808, 7846, 8085, 8290, 8362, 8424, 8443, 8678, 8692, 8798, 8811, 9088, 9117, 9131, 9132, 9406, 9484, 9647, 9778, 9905, 9907, 9917, 9921, 10060, 10154, 10212, 10791, 10886, 10956, 11025, 11076, 11190, 11247, 11259, 11317, 11341, 11516, 11531, 11551, 11985, 12012, 12371, 12559, 12576, 12639, 12736, 13271, 13280, 13301, 13377, 13690, 13694, 13730, 13762, 13913, 13992, 14110, 14362, 14602, 14812, 14897, 14996, 15019, 15049, 15263, 15334, 15514, 15551, 15900, 15922, 15969, 16024, 16102]
logs_monomial/n14_monomialSqrt.txt.bz2.greedyext.20260222_050855.txt

137 330 471 548 671 779 822 905 979 1091 1176 1203 1816 2163 2543 2674 2887 3024 3152 3159 3406 3418 3423 3639 3650 3721 3767 3935 3944 4119 4168 4246 4365 4489 4497 4498 4582 4972 5050 5536 5684 5746 5756 5798 6044 6091 6284 6350 6693 6850 7203 7297 7438 7443 7543 7616 7846 7883 8003 8125 8737 8839 8970 9046 9121 9474 9738 10010 10056 10332 10518 10632 10641 10801 10869 11105 11175 11179 11365 11563 11718 11946 12005 12053 12132 12150 12228 12248 12285 12405 12629 12700 12752 12827 13217 13271 13481 13506 13507 13576 13624 13737 13820 13843 13899 14116 14154 14300 14398 14514 14554 14710 14841 14855 14886 14902 15056 15211 15331 15533 15800 15889 15906 15914 15932 15983 16195 16237 16278 16343
Iter#135249 New set #3 of size 130 (45083.0 its/hit = 56.333s/hit): seed=6305620325097142807 [137, 330, 471, 548, 671, 779, 822, 905, 979, 1091, 1176, 1203, 1816, 2163, 2543, 2674, 2887, 3024, 3152, 3159, 3406, 3418, 3423, 3639, 3650, 3721, 3767, 3935, 3944, 4119, 4168, 4246, 4365, 4489, 4497, 4498, 4582, 4972, 5050, 5536, 5684, 5746, 5756, 5798, 6044, 6091, 6284, 6350, 6693, 6850, 7203, 7297, 7438, 7443, 7543, 7616, 7846, 7883, 8003, 8125, 8737, 8839, 8970, 9046, 9121, 9474, 9738, 10010, 10056, 10332, 10518, 10632, 10641, 10801, 10869, 11105, 11175, 11179, 11365, 11563, 11718, 11946, 12005, 12053, 12132, 12150, 12228, 12248, 12285, 12405, 12629, 12700, 12752, 12827, 13217, 13271, 13481, 13506, 13507, 13576, 13624, 13737, 13820, 13843, 13899, 14116, 14154, 14300, 14398, 14514, 14554, 14710, 14841, 14855, 14886, 14902, 15056, 15211, 15331, 15533, 15800, 15889, 15906, 15914, 15932, 15983, 16195, 16237, 16278, 16343]
logs_monomial/n14_monomialSqrt.txt.bz2.greedyext.20260223_124059.txt

375 429 558 588 1074 1269 1299 1360 1395 1698 1737 1836 1892 1938 2056 2259 2439 2641 2794 3042 3103 3130 3148 3300 3334 3520 3628 3652 3740 3747 3896 4069 4196 4203 4254 4378 4430 4468 4836 5298 5307 5372 5379 5394 5514 5567 5618 5687 5741 5789 5857 5900 5901 6212 6224 6269 6793 6895 6949 6969 7033 7110 7630 7827 7878 7900 8078 8088 8115 8138 8552 8581 8603 8716 8819 9055 9258 9313 9363 9475 9497 9785 10017 10114 10381 10508 10574 10614 10654 10682 11143 11838 12130 12245 12325 12373 12432 12474 12807 12838 12846 13209 13419 13441 13666 13731 13989 14007 14125 14210 14245 14376 14588 14675 14941 14953 15166 15293 15369 15401 15427 15480 15692 15913 15968 16132 16134 16217 16229 16285
Iter#1550439 New set #7 of size 130 (221491.3 its/hit = 347.857s/hit): seed=8285853540770903606 [375, 429, 558, 588, 1074, 1269, 1299, 1360, 1395, 1698, 1737, 1836, 1892, 1938, 2056, 2259, 2439, 2641, 2794, 3042, 3103, 3130, 3148, 3300, 3334, 3520, 3628, 3652, 3740, 3747, 3896, 4069, 4196, 4203, 4254, 4378, 4430, 4468, 4836, 5298, 5307, 5372, 5379, 5394, 5514, 5567, 5618, 5687, 5741, 5789, 5857, 5900, 5901, 6212, 6224, 6269, 6793, 6895, 6949, 6969, 7033, 7110, 7630, 7827, 7878, 7900, 8078, 8088, 8115, 8138, 8552, 8581, 8603, 8716, 8819, 9055, 9258, 9313, 9363, 9475, 9497, 9785, 10017, 10114, 10381, 10508, 10574, 10614, 10654, 10682, 11143, 11838, 12130, 12245, 12325, 12373, 12432, 12474, 12807, 12838, 12846, 13209, 13419, 13441, 13666, 13731, 13989, 14007, 14125, 14210, 14245, 14376, 14588, 14675, 14941, 14953, 15166, 15293, 15369, 15401, 15427, 15480, 15692, 15913, 15968, 16132, 16134, 16217, 16229, 16285]
logs_monomial/n14_monomialSqrt.txt.bz2.greedyext.20260221_000834.txt

