207 508 647 688 1753 1946 1998 1999 2673 2776 3376 3410 3738 3756 3813 4424 4523 4685 5297 5314 5484 5929 6652 6760 7165 7198 7200 7408 8228 8986 8990 9678 9971 10407 10724 10767 10835 10840 11664 11712 11783 12083 12204 12276 12737 12925 13019 13155 14638 14745 14771 14953 15335 15770 15863
Iter#4371824 New set #80 of size 55 (54647.8 its/hit = 69.388s/hit): seed=1688836648622720595 [207, 508, 647, 688, 1753, 1946, 1998, 1999, 2673, 2776, 3376, 3410, 3738, 3756, 3813, 4424, 4523, 4685, 5297, 5314, 5484, 5929, 6652, 6760, 7165, 7198, 7200, 7408, 8228, 8986, 8990, 9678, 9971, 10407, 10724, 10767, 10835, 10840, 11664, 11712, 11783, 12083, 12204, 12276, 12737, 12925, 13019, 13155, 14638, 14745, 14771, 14953, 15335, 15770, 15863]
logs_monomial/n14_monomial5.txt.bz2.greedyext.20260223_124059.txt

115 345 444 450 1416 1561 2602 2615 2680 3443 3749 3954 4121 4225 4423 4509 4678 4830 4841 5102 5527 5880 5967 6026 6494 6765 7767 8492 8576 9057 9188 9647 9714 9717 9912 10138 10148 10506 10700 11306 11472 11790 11972 12532 12797 12967 13159 13215 13449 13458 13817 13926 14439 14707 14753
Iter#467931 New set #8 of size 55 (58491.4 its/hit = 75.500s/hit): seed=4577152315190113559 [115, 345, 444, 450, 1416, 1561, 2602, 2615, 2680, 3443, 3749, 3954, 4121, 4225, 4423, 4509, 4678, 4830, 4841, 5102, 5527, 5880, 5967, 6026, 6494, 6765, 7767, 8492, 8576, 9057, 9188, 9647, 9714, 9717, 9912, 10138, 10148, 10506, 10700, 11306, 11472, 11790, 11972, 12532, 12797, 12967, 13159, 13215, 13449, 13458, 13817, 13926, 14439, 14707, 14753]
logs_monomial/n14_monomial5.txt.bz2.greedyext.20260223_124059.txt

225 585 721 1032 1406 2224 2282 2453 2643 2679 2994 3180 3397 3625 3719 4049 4316 4768 4952 5255 5455 5558 5788 5892 6036 6233 6489 6662 6664 6721 6827 7743 8053 8485 8503 8937 9035 9345 9420 9478 10288 10842 10888 11110 11956 12551 12916 13462 14112 14166 14298 15173 16024 16377 16382
Iter#219119 New set #3 of size 55 (73039.7 its/hit = 91.667s/hit): seed=11174596405914805803 [225, 585, 721, 1032, 1406, 2224, 2282, 2453, 2643, 2679, 2994, 3180, 3397, 3625, 3719, 4049, 4316, 4768, 4952, 5255, 5455, 5558, 5788, 5892, 6036, 6233, 6489, 6662, 6664, 6721, 6827, 7743, 8053, 8485, 8503, 8937, 9035, 9345, 9420, 9478, 10288, 10842, 10888, 11110, 11956, 12551, 12916, 13462, 14112, 14166, 14298, 15173, 16024, 16377, 16382]
logs_monomial/n14_monomial5.txt.bz2.greedyext.20260222_050855.txt

650 752 1570 2425 3986 4241 4597 4880 5235 5465 5626 5891 6082 6171 6176 6244 6336 6463 6559 6821 7176 7407 7474 7910 8054 8151 8183 8205 8242 8825 8939 10071 10094 10433 10486 10715 10827 10913 11477 11819 11888 12157 12322 13016 13042 13547 14060 14236 15439 15655 15676 15913 16103 16287 16334
Iter#1122160 New set #20 of size 55 (56108.0 its/hit = 85.550s/hit): seed=1866466089198599767 [650, 752, 1570, 2425, 3986, 4241, 4597, 4880, 5235, 5465, 5626, 5891, 6082, 6171, 6176, 6244, 6336, 6463, 6559, 6821, 7176, 7407, 7474, 7910, 8054, 8151, 8183, 8205, 8242, 8825, 8939, 10071, 10094, 10433, 10486, 10715, 10827, 10913, 11477, 11819, 11888, 12157, 12322, 13016, 13042, 13547, 14060, 14236, 15439, 15655, 15676, 15913, 16103, 16287, 16334]
logs_monomial/n14_monomial5.txt.bz2.greedyext.20260222_050855.txt

360 651 1312 1572 1622 2561 2608 2783 2854 2859 2918 2926 3083 3148 3437 3576 3842 3847 3992 4037 4112 4328 4436 4571 5352 5429 6107 6433 6448 6808 6866 7154 7192 8040 8125 8501 9569 9804 10127 11360 11600 11611 12170 12357 12478 12576 12915 13056 13182 14333 14394 14823 14931 16001 16290
Iter#3681994 New set #70 of size 55 (52599.9 its/hit = 66.871s/hit): seed=3620878579264475375 [360, 651, 1312, 1572, 1622, 2561, 2608, 2783, 2854, 2859, 2918, 2926, 3083, 3148, 3437, 3576, 3842, 3847, 3992, 4037, 4112, 4328, 4436, 4571, 5352, 5429, 6107, 6433, 6448, 6808, 6866, 7154, 7192, 8040, 8125, 8501, 9569, 9804, 10127, 11360, 11600, 11611, 12170, 12357, 12478, 12576, 12915, 13056, 13182, 14333, 14394, 14823, 14931, 16001, 16290]
logs_monomial/n14_monomial5.txt.bz2.greedyext.20260221_000834.txt

564 790 1444 2034 2104 2225 3271 3276 3302 3783 3822 4491 4696 5289 5539 5607 6353 6515 6634 6713 7112 7212 7436 7641 7806 7919 8024 8393 8439 8652 8966 9014 9311 9414 10037 10075 10583 10730 11061 11392 11831 11893 12720 12918 14467 14649 15079 15355 15451 15805 15932 16071 16151 16157 16236
Iter#2263461 New set #40 of size 55 (56586.5 its/hit = 88.275s/hit): seed=9638827797447586710 [564, 790, 1444, 2034, 2104, 2225, 3271, 3276, 3302, 3783, 3822, 4491, 4696, 5289, 5539, 5607, 6353, 6515, 6634, 6713, 7112, 7212, 7436, 7641, 7806, 7919, 8024, 8393, 8439, 8652, 8966, 9014, 9311, 9414, 10037, 10075, 10583, 10730, 11061, 11392, 11831, 11893, 12720, 12918, 14467, 14649, 15079, 15355, 15451, 15805, 15932, 16071, 16151, 16157, 16236]
logs_monomial/n14_monomial5.txt.bz2.greedyext.20260222_050855.txt

306 333 345 620 1459 1966 2408 2838 2950 3082 3847 3904 3973 4094 4506 4596 5733 5894 6167 6294 6331 6962 7273 7817 8139 8290 8341 9141 9427 10241 10604 10670 10705 10783 11610 12046 12065 12106 12265 12280 12545 12743 12753 12828 12885 12943 13164 13901 14089 14535 14908 15331 15531 16174 16211
Iter#75592 New set #2 of size 55 (37796.0 its/hit = 50.000s/hit): seed=3388846514900970256 [306, 333, 345, 620, 1459, 1966, 2408, 2838, 2950, 3082, 3847, 3904, 3973, 4094, 4506, 4596, 5733, 5894, 6167, 6294, 6331, 6962, 7273, 7817, 8139, 8290, 8341, 9141, 9427, 10241, 10604, 10670, 10705, 10783, 11610, 12046, 12065, 12106, 12265, 12280, 12545, 12743, 12753, 12828, 12885, 12943, 13164, 13901, 14089, 14535, 14908, 15331, 15531, 16174, 16211]
logs_monomial/n14_monomial5.txt.bz2.greedyext.20260223_124059.txt

875 902 1040 1091 1266 1349 1708 1861 2150 2382 2592 2830 3590 3856 3956 3959 4023 4520 5260 5436 5918 5971 6084 6252 7551 8022 8229 8668 8828 9194 9271 9531 9775 10154 10257 10618 11014 11154 11596 12098 12186 12787 12789 12804 13237 13518 13571 13811 13918 14325 14796 15198 15328 15584 15640
Iter#1913527 New set #30 of size 55 (63784.2 its/hit = 99.167s/hit): seed=11986300827128565327 [875, 902, 1040, 1091, 1266, 1349, 1708, 1861, 2150, 2382, 2592, 2830, 3590, 3856, 3956, 3959, 4023, 4520, 5260, 5436, 5918, 5971, 6084, 6252, 7551, 8022, 8229, 8668, 8828, 9194, 9271, 9531, 9775, 10154, 10257, 10618, 11014, 11154, 11596, 12098, 12186, 12787, 12789, 12804, 13237, 13518, 13571, 13811, 13918, 14325, 14796, 15198, 15328, 15584, 15640]
logs_monomial/n14_monomial5.txt.bz2.greedyext.20260222_050855.txt

109 195 219 302 604 834 840 1406 1418 1445 1533 1865 1931 2146 2422 2574 2702 2706 3946 4115 4147 4200 4623 4657 5383 5484 6817 7452 8154 8406 8408 8552 8569 8816 9328 9894 9936 10953 11186 11194 11391 11593 11655 11805 11889 13381 13932 14546 14585 14705 14765 15163 15479 15806 16206
Iter#353724 New set #5 of size 55 (70744.8 its/hit = 91.600s/hit): seed=1920972131512619757 [109, 195, 219, 302, 604, 834, 840, 1406, 1418, 1445, 1533, 1865, 1931, 2146, 2422, 2574, 2702, 2706, 3946, 4115, 4147, 4200, 4623, 4657, 5383, 5484, 6817, 7452, 8154, 8406, 8408, 8552, 8569, 8816, 9328, 9894, 9936, 10953, 11186, 11194, 11391, 11593, 11655, 11805, 11889, 13381, 13932, 14546, 14585, 14705, 14765, 15163, 15479, 15806, 16206]
logs_monomial/n14_monomial5.txt.bz2.greedyext.20260223_124059.txt

36 89 102 145 452 950 1077 1111 1168 1525 3276 3328 3329 3697 3782 3954 4076 4328 4619 5667 6006 6157 6258 6460 6637 6674 7017 7077 7821 7921 8133 8520 8842 8889 8972 9179 9452 10344 10439 10724 11495 11654 11673 12441 12554 12657 13222 13230 14349 14753 14913 15452 15880 15945 16201
Iter#1900277 New set #30 of size 55 (63342.6 its/hit = 80.233s/hit): seed=7553008625948786872 [36, 89, 102, 145, 452, 950, 1077, 1111, 1168, 1525, 3276, 3328, 3329, 3697, 3782, 3954, 4076, 4328, 4619, 5667, 6006, 6157, 6258, 6460, 6637, 6674, 7017, 7077, 7821, 7921, 8133, 8520, 8842, 8889, 8972, 9179, 9452, 10344, 10439, 10724, 11495, 11654, 11673, 12441, 12554, 12657, 13222, 13230, 14349, 14753, 14913, 15452, 15880, 15945, 16201]
logs_monomial/n14_monomial5.txt.bz2.greedyext.20260221_000834.txt

102 576 663 1134 1276 1759 1783 1864 2167 2356 2397 2587 2886 3079 3147 4554 5270 5871 6067 6375 6380 6676 6713 7433 7519 8117 8366 8484 8691 8917 9005 9092 9208 9898 10030 10460 10722 10819 11083 11403 11670 11772 11800 12028 12145 12186 12541 12776 12939 14038 14535 15065 15474 15586 16157
Iter#383777 New set #8 of size 55 (47972.1 its/hit = 65.250s/hit): seed=8588148230492013250 [102, 576, 663, 1134, 1276, 1759, 1783, 1864, 2167, 2356, 2397, 2587, 2886, 3079, 3147, 4554, 5270, 5871, 6067, 6375, 6380, 6676, 6713, 7433, 7519, 8117, 8366, 8484, 8691, 8917, 9005, 9092, 9208, 9898, 10030, 10460, 10722, 10819, 11083, 11403, 11670, 11772, 11800, 12028, 12145, 12186, 12541, 12776, 12939, 14038, 14535, 15065, 15474, 15586, 16157]
logs_monomial/n14_monomial5.txt.bz2.greedyext.20260222_050855.txt

254 265 502 577 688 853 1119 1218 1818 2345 2420 2477 2599 2767 2808 3372 3787 4185 4516 4961 4973 5185 5319 5726 5741 5808 6427 6483 6498 7436 7443 7529 8219 8740 10593 11057 11298 12356 13121 13294 13531 13572 13951 14043 14324 14755 15113 15124 15471 15845 15880 15893 16108 16147 16251
Iter#4898198 New set #90 of size 55 (54424.4 its/hit = 86.256s/hit): seed=2367410006007936489 [254, 265, 502, 577, 688, 853, 1119, 1218, 1818, 2345, 2420, 2477, 2599, 2767, 2808, 3372, 3787, 4185, 4516, 4961, 4973, 5185, 5319, 5726, 5741, 5808, 6427, 6483, 6498, 7436, 7443, 7529, 8219, 8740, 10593, 11057, 11298, 12356, 13121, 13294, 13531, 13572, 13951, 14043, 14324, 14755, 15113, 15124, 15471, 15845, 15880, 15893, 16108, 16147, 16251]
logs_monomial/n14_monomial5.txt.bz2.greedyext.20260222_050855.txt

166 534 1169 1218 1343 1410 1546 2651 2981 3055 3352 3476 3829 3968 4495 4829 4863 5098 5218 5312 5457 5779 5843 5961 5963 6239 6302 6360 6419 7111 7165 7504 9702 9791 10026 10149 10587 10668 10674 11137 11509 11558 12031 12090 12271 12866 13422 13557 13572 13768 14458 14465 15528 15674 16130
Iter#305795 New set #3 of size 55 (101931.7 its/hit = 128.667s/hit): seed=3064049812528108441 [166, 534, 1169, 1218, 1343, 1410, 1546, 2651, 2981, 3055, 3352, 3476, 3829, 3968, 4495, 4829, 4863, 5098, 5218, 5312, 5457, 5779, 5843, 5961, 5963, 6239, 6302, 6360, 6419, 7111, 7165, 7504, 9702, 9791, 10026, 10149, 10587, 10668, 10674, 11137, 11509, 11558, 12031, 12090, 12271, 12866, 13422, 13557, 13572, 13768, 14458, 14465, 15528, 15674, 16130]
logs_monomial/n14_monomial5.txt.bz2.greedyext.20260221_000834.txt

66 459 750 774 827 1428 1501 1524 1598 1871 2170 2189 2583 3036 3642 4260 5396 5579 5632 5753 5886 6042 6112 6156 6239 6757 6813 6906 7015 7269 7730 7817 8658 8774 9057 9672 9949 10133 10481 10704 10782 10877 11011 11106 11592 12498 12638 13145 13271 13302 13371 13683 14493 14703 15581
Iter#799786 New set #8 of size 55 (99973.2 its/hit = 126.250s/hit): seed=12283345337131974952 [66, 459, 750, 774, 827, 1428, 1501, 1524, 1598, 1871, 2170, 2189, 2583, 3036, 3642, 4260, 5396, 5579, 5632, 5753, 5886, 6042, 6112, 6156, 6239, 6757, 6813, 6906, 7015, 7269, 7730, 7817, 8658, 8774, 9057, 9672, 9949, 10133, 10481, 10704, 10782, 10877, 11011, 11106, 11592, 12498, 12638, 13145, 13271, 13302, 13371, 13683, 14493, 14703, 15581]
logs_monomial/n14_monomial5.txt.bz2.greedyext.20260221_000834.txt

278 873 1264 1446 1624 1762 2309 2646 3510 3856 4602 4806 4852 5035 5140 5363 6029 6078 6374 6378 6663 6838 6842 6865 7272 7343 8067 8325 8747 9367 9607 9609 10278 10395 10712 10853 10969 11749 12256 12486 13049 13211 13334 13481 13506 13626 13900 14305 14341 14625 14678 14815 15299 15810 16112
Iter#4018430 New set #70 of size 55 (57406.1 its/hit = 72.986s/hit): seed=15499368416955651005 [278, 873, 1264, 1446, 1624, 1762, 2309, 2646, 3510, 3856, 4602, 4806, 4852, 5035, 5140, 5363, 6029, 6078, 6374, 6378, 6663, 6838, 6842, 6865, 7272, 7343, 8067, 8325, 8747, 9367, 9607, 9609, 10278, 10395, 10712, 10853, 10969, 11749, 12256, 12486, 13049, 13211, 13334, 13481, 13506, 13626, 13900, 14305, 14341, 14625, 14678, 14815, 15299, 15810, 16112]
logs_monomial/n14_monomial5.txt.bz2.greedyext.20260223_124059.txt

174 311 630 771 1060 1210 1244 1304 1378 1889 2504 2891 3236 3297 3729 4187 4315 5150 5167 5708 6152 6566 6801 7351 7620 8103 8177 8244 8406 8631 8658 9863 10096 10327 10508 10730 10737 11338 11712 11823 12589 13207 13502 13593 13680 13755 14287 14575 15050 15289 15727 15976 16008 16088 16262
Iter#1285823 New set #20 of size 55 (64291.1 its/hit = 81.400s/hit): seed=6959766882627251037 [174, 311, 630, 771, 1060, 1210, 1244, 1304, 1378, 1889, 2504, 2891, 3236, 3297, 3729, 4187, 4315, 5150, 5167, 5708, 6152, 6566, 6801, 7351, 7620, 8103, 8177, 8244, 8406, 8631, 8658, 9863, 10096, 10327, 10508, 10730, 10737, 11338, 11712, 11823, 12589, 13207, 13502, 13593, 13680, 13755, 14287, 14575, 15050, 15289, 15727, 15976, 16008, 16088, 16262]
logs_monomial/n14_monomial5.txt.bz2.greedyext.20260221_000834.txt

4 107 132 657 1172 1283 1572 1847 2137 2260 2412 2510 2843 3580 3805 3851 4130 4255 4371 4447 4648 4655 4671 5295 6005 6440 6442 6806 7002 7019 7639 8206 8872 9264 9359 9585 9938 10168 10296 10633 11367 11868 12172 12266 12818 13496 14289 14407 14560 14881 14989 15452 15954 16019 16150
Iter#808198 New set #10 of size 55 (80819.8 its/hit = 102.100s/hit): seed=2878559563022006352 [4, 107, 132, 657, 1172, 1283, 1572, 1847, 2137, 2260, 2412, 2510, 2843, 3580, 3805, 3851, 4130, 4255, 4371, 4447, 4648, 4655, 4671, 5295, 6005, 6440, 6442, 6806, 7002, 7019, 7639, 8206, 8872, 9264, 9359, 9585, 9938, 10168, 10296, 10633, 11367, 11868, 12172, 12266, 12818, 13496, 14289, 14407, 14560, 14881, 14989, 15452, 15954, 16019, 16150]
logs_monomial/n14_monomial5.txt.bz2.greedyext.20260221_000834.txt

417 987 995 1216 1510 1622 2618 2619 3143 3278 3374 3522 3634 4055 4634 4892 5307 5596 5662 6067 6444 6540 6668 6793 6815 7044 7861 7927 8355 8433 8452 9015 9070 9327 9554 9916 10084 10329 10844 11310 11689 11750 12166 12248 13030 13107 13703 14383 14529 14823 14914 15134 15644 15986 16006
Iter#2662066 New set #50 of size 55 (53241.3 its/hit = 83.280s/hit): seed=9327182080645809473 [417, 987, 995, 1216, 1510, 1622, 2618, 2619, 3143, 3278, 3374, 3522, 3634, 4055, 4634, 4892, 5307, 5596, 5662, 6067, 6444, 6540, 6668, 6793, 6815, 7044, 7861, 7927, 8355, 8433, 8452, 9015, 9070, 9327, 9554, 9916, 10084, 10329, 10844, 11310, 11689, 11750, 12166, 12248, 13030, 13107, 13703, 14383, 14529, 14823, 14914, 15134, 15644, 15986, 16006]
logs_monomial/n14_monomial5.txt.bz2.greedyext.20260222_050855.txt

3 340 415 1087 1241 1524 2795 3417 3757 3816 4077 4348 5755 6054 6417 6900 7019 7068 7298 7385 7502 7669 7845 7957 8154 9234 9414 9574 9828 10601 10833 10880 11186 11473 11536 11660 11872 12347 12353 12457 12595 13068 13365 13443 14663 15416 15511 15684 15763 15770 16027 16078 16081 16164 16188
Iter#392556 New set #6 of size 55 (65426.0 its/hit = 84.500s/hit): seed=17522611632977401285 [3, 340, 415, 1087, 1241, 1524, 2795, 3417, 3757, 3816, 4077, 4348, 5755, 6054, 6417, 6900, 7019, 7068, 7298, 7385, 7502, 7669, 7845, 7957, 8154, 9234, 9414, 9574, 9828, 10601, 10833, 10880, 11186, 11473, 11536, 11660, 11872, 12347, 12353, 12457, 12595, 13068, 13365, 13443, 14663, 15416, 15511, 15684, 15763, 15770, 16027, 16078, 16081, 16164, 16188]
logs_monomial/n14_monomial5.txt.bz2.greedyext.20260223_124059.txt

84 398 1121 1129 1613 1948 2074 2503 2526 2674 3882 3917 3943 4275 4539 4598 4622 5212 5248 5669 5836 5870 5975 6050 6261 7070 7350 7845 8154 8314 8562 9013 9027 9091 9282 10109 10323 10565 10829 11000 11076 11688 11693 12039 12461 12576 13216 13374 13615 14370 14624 15753 15797 16076 16092
Iter#37548 New set #2 of size 55 (18774.0 its/hit = 23.500s/hit): seed=6120073979995575328 [84, 398, 1121, 1129, 1613, 1948, 2074, 2503, 2526, 2674, 3882, 3917, 3943, 4275, 4539, 4598, 4622, 5212, 5248, 5669, 5836, 5870, 5975, 6050, 6261, 7070, 7350, 7845, 8154, 8314, 8562, 9013, 9027, 9091, 9282, 10109, 10323, 10565, 10829, 11000, 11076, 11688, 11693, 12039, 12461, 12576, 13216, 13374, 13615, 14370, 14624, 15753, 15797, 16076, 16092]
logs_monomial/n14_monomial5.txt.bz2.greedyext.20260222_050855.txt

190 274 334 665 704 1036 2022 2232 2349 2435 2976 3605 3667 3995 4623 4636 5068 5558 5686 5782 6274 6366 6818 7195 7537 8045 8097 8300 9256 9615 9881 9916 10174 10443 10665 11067 11283 11398 11958 12008 12068 12537 13017 13555 13633 14010 14020 14269 14416 14845 15152 15246 15804 15887 16190
Iter#10614127 New set #200 of size 55 (53070.6 its/hit = 67.205s/hit): seed=7086672090519891110 [190, 274, 334, 665, 704, 1036, 2022, 2232, 2349, 2435, 2976, 3605, 3667, 3995, 4623, 4636, 5068, 5558, 5686, 5782, 6274, 6366, 6818, 7195, 7537, 8045, 8097, 8300, 9256, 9615, 9881, 9916, 10174, 10443, 10665, 11067, 11283, 11398, 11958, 12008, 12068, 12537, 13017, 13555, 13633, 14010, 14020, 14269, 14416, 14845, 15152, 15246, 15804, 15887, 16190]
logs_monomial/n14_monomial5.txt.bz2.greedyext.20260223_124059.txt

273 411 459 746 880 892 1189 1785 2171 2277 3091 3339 3578 3952 4683 4901 5190 5611 5684 5840 6676 6973 7393 7960 8595 9156 9176 9315 9605 9748 9865 10428 10604 10890 11178 11500 11882 11988 12314 12399 13014 13153 13251 13532 13710 13762 13818 13845 14304 14605 15197 15456 15492 15714 15770
Iter#4736450 New set #90 of size 55 (52627.2 its/hit = 66.800s/hit): seed=6871089384439560037 [273, 411, 459, 746, 880, 892, 1189, 1785, 2171, 2277, 3091, 3339, 3578, 3952, 4683, 4901, 5190, 5611, 5684, 5840, 6676, 6973, 7393, 7960, 8595, 9156, 9176, 9315, 9605, 9748, 9865, 10428, 10604, 10890, 11178, 11500, 11882, 11988, 12314, 12399, 13014, 13153, 13251, 13532, 13710, 13762, 13818, 13845, 14304, 14605, 15197, 15456, 15492, 15714, 15770]
logs_monomial/n14_monomial5.txt.bz2.greedyext.20260223_124059.txt

223 353 581 1474 2098 2273 2294 2305 2867 2970 2999 3203 3295 3369 3941 4255 4415 4514 4694 4743 5543 5564 5569 5819 5871 5964 6552 7635 7777 8981 9575 9831 10041 10107 10328 10644 10700 10927 10934 11529 11923 11965 12806 13100 13176 13231 13376 13519 13707 14575 14622 14839 14850 15658 15917
Iter#5347547 New set #100 of size 55 (53475.5 its/hit = 84.770s/hit): seed=12807107428179979509 [223, 353, 581, 1474, 2098, 2273, 2294, 2305, 2867, 2970, 2999, 3203, 3295, 3369, 3941, 4255, 4415, 4514, 4694, 4743, 5543, 5564, 5569, 5819, 5871, 5964, 6552, 7635, 7777, 8981, 9575, 9831, 10041, 10107, 10328, 10644, 10700, 10927, 10934, 11529, 11923, 11965, 12806, 13100, 13176, 13231, 13376, 13519, 13707, 14575, 14622, 14839, 14850, 15658, 15917]
logs_monomial/n14_monomial5.txt.bz2.greedyext.20260222_050855.txt

1 153 429 597 835 959 2466 2808 3343 3598 3888 4521 4531 5031 5308 5525 6425 6575 7098 7152 7215 7519 8057 8152 8326 8477 8551 8807 8987 9350 9448 9806 10224 10482 11211 11232 11394 11682 11985 12051 12133 12447 12449 12543 13324 13866 14688 14736 15368 15507 15691 15769 15776 15859 15937
Iter#3096829 New set #50 of size 55 (61936.6 its/hit = 78.840s/hit): seed=6936943538999326136 [1, 153, 429, 597, 835, 959, 2466, 2808, 3343, 3598, 3888, 4521, 4531, 5031, 5308, 5525, 6425, 6575, 7098, 7152, 7215, 7519, 8057, 8152, 8326, 8477, 8551, 8807, 8987, 9350, 9448, 9806, 10224, 10482, 11211, 11232, 11394, 11682, 11985, 12051, 12133, 12447, 12449, 12543, 13324, 13866, 14688, 14736, 15368, 15507, 15691, 15769, 15776, 15859, 15937]
logs_monomial/n14_monomial5.txt.bz2.greedyext.20260223_124059.txt

215 669 884 1359 1781 1805 2202 2563 2868 2879 3297 3501 3549 3684 4105 4131 4307 4456 4513 4774 4859 5518 5643 7518 8011 8211 8272 8276 8472 8740 8753 8902 9719 9879 9970 10306 10475 10528 10605 10717 11353 11542 12613 13102 13258 13306 13652 13912 13968 15273 15282 15547 15611 15894 16192
Iter#467191 New set #7 of size 55 (66741.6 its/hit = 86.143s/hit): seed=4354552486791812813 [215, 669, 884, 1359, 1781, 1805, 2202, 2563, 2868, 2879, 3297, 3501, 3549, 3684, 4105, 4131, 4307, 4456, 4513, 4774, 4859, 5518, 5643, 7518, 8011, 8211, 8272, 8276, 8472, 8740, 8753, 8902, 9719, 9879, 9970, 10306, 10475, 10528, 10605, 10717, 11353, 11542, 12613, 13102, 13258, 13306, 13652, 13912, 13968, 15273, 15282, 15547, 15611, 15894, 16192]
logs_monomial/n14_monomial5.txt.bz2.greedyext.20260223_124059.txt

211 727 952 1061 1299 1508 2529 3432 3554 3635 3743 3766 3834 3841 3990 4385 4556 5004 5103 5182 5212 5709 6272 6510 6901 7136 7373 7374 7400 8158 8437 8676 8781 8845 9027 9175 9299 9522 9687 9791 10509 10714 11061 11297 11343 11772 11788 12393 12428 14032 14221 15412 16037 16096 16360
Iter#3313946 New set #60 of size 55 (55232.4 its/hit = 70.133s/hit): seed=14026271735596628102 [211, 727, 952, 1061, 1299, 1508, 2529, 3432, 3554, 3635, 3743, 3766, 3834, 3841, 3990, 4385, 4556, 5004, 5103, 5182, 5212, 5709, 6272, 6510, 6901, 7136, 7373, 7374, 7400, 8158, 8437, 8676, 8781, 8845, 9027, 9175, 9299, 9522, 9687, 9791, 10509, 10714, 11061, 11297, 11343, 11772, 11788, 12393, 12428, 14032, 14221, 15412, 16037, 16096, 16360]
logs_monomial/n14_monomial5.txt.bz2.greedyext.20260221_000834.txt

55 82 603 1155 1709 1878 1985 2140 2729 2907 3721 3795 4313 4447 4756 4759 4809 5970 6478 6549 6943 7133 7293 7742 7759 7761 8378 8560 8586 8664 9535 10185 10208 10981 11297 11304 11967 12228 12237 12442 13247 13478 13509 13758 13926 14023 14081 14463 14854 14994 15054 15531 15686 15857 16216
Iter#2284909 New set #40 of size 55 (57122.7 its/hit = 72.525s/hit): seed=1836515252660783530 [55, 82, 603, 1155, 1709, 1878, 1985, 2140, 2729, 2907, 3721, 3795, 4313, 4447, 4756, 4759, 4809, 5970, 6478, 6549, 6943, 7133, 7293, 7742, 7759, 7761, 8378, 8560, 8586, 8664, 9535, 10185, 10208, 10981, 11297, 11304, 11967, 12228, 12237, 12442, 13247, 13478, 13509, 13758, 13926, 14023, 14081, 14463, 14854, 14994, 15054, 15531, 15686, 15857, 16216]
logs_monomial/n14_monomial5.txt.bz2.greedyext.20260221_000834.txt

699 941 1156 1385 1420 1450 1535 1823 1906 2188 2250 2411 2584 3359 3360 3707 4057 4231 4550 4756 5260 5314 5665 5842 5878 5897 5923 6280 7127 7685 7977 8078 8675 9785 9791 10101 10208 10320 10527 10547 11670 11757 12220 12483 12606 12894 13263 13466 14133 14334 14631 15045 15088 15429 15509
Iter#773578 New set #7 of size 55 (110511.1 its/hit = 139.571s/hit): seed=4840348629297673164 [699, 941, 1156, 1385, 1420, 1450, 1535, 1823, 1906, 2188, 2250, 2411, 2584, 3359, 3360, 3707, 4057, 4231, 4550, 4756, 5260, 5314, 5665, 5842, 5878, 5897, 5923, 6280, 7127, 7685, 7977, 8078, 8675, 9785, 9791, 10101, 10208, 10320, 10527, 10547, 11670, 11757, 12220, 12483, 12606, 12894, 13263, 13466, 14133, 14334, 14631, 15045, 15088, 15429, 15509]
logs_monomial/n14_monomial5.txt.bz2.greedyext.20260221_000834.txt

398 581 710 952 953 1032 1229 1517 1816 1897 2245 2455 2790 2858 3724 3732 3786 3977 4676 4715 5172 5598 6169 6551 6953 7035 7502 7512 8305 8372 8568 8678 8695 8754 9174 9567 9880 10426 10552 11517 11648 12469 12646 13021 13132 13894 14134 14337 14759 15170 15476 15585 15604 15975 16267
Iter#1709110 New set #30 of size 55 (56970.3 its/hit = 72.633s/hit): seed=9718585914302699061 [398, 581, 710, 952, 953, 1032, 1229, 1517, 1816, 1897, 2245, 2455, 2790, 2858, 3724, 3732, 3786, 3977, 4676, 4715, 5172, 5598, 6169, 6551, 6953, 7035, 7502, 7512, 8305, 8372, 8568, 8678, 8695, 8754, 9174, 9567, 9880, 10426, 10552, 11517, 11648, 12469, 12646, 13021, 13132, 13894, 14134, 14337, 14759, 15170, 15476, 15585, 15604, 15975, 16267]
logs_monomial/n14_monomial5.txt.bz2.greedyext.20260223_124059.txt

51 333 549 808 960 1340 1721 1888 1929 2294 2796 2801 2833 3409 4139 4809 5368 5888 5954 6795 7157 7237 8000 8422 8446 8542 8555 8886 8931 9017 9192 9335 9814 9981 10736 11128 11450 12022 12061 12402 12984 13127 13242 13262 13576 13683 13725 14084 14478 14539 15090 15454 15475 15487 16368
Iter#4207056 New set #80 of size 55 (52588.2 its/hit = 66.850s/hit): seed=1907776555261479041 [51, 333, 549, 808, 960, 1340, 1721, 1888, 1929, 2294, 2796, 2801, 2833, 3409, 4139, 4809, 5368, 5888, 5954, 6795, 7157, 7237, 8000, 8422, 8446, 8542, 8555, 8886, 8931, 9017, 9192, 9335, 9814, 9981, 10736, 11128, 11450, 12022, 12061, 12402, 12984, 13127, 13242, 13262, 13576, 13683, 13725, 14084, 14478, 14539, 15090, 15454, 15475, 15487, 16368]
logs_monomial/n14_monomial5.txt.bz2.greedyext.20260221_000834.txt

194 220 802 1203 1436 1553 1926 2346 2618 2785 3001 3577 3602 3751 4012 4262 4740 5099 5252 6217 6422 6850 7552 7816 8359 8368 8680 8856 9118 9131 9498 9559 9923 9940 10226 10838 11042 11198 11561 11796 11883 12254 12421 12447 12758 13005 13234 13516 13666 14023 14052 14634 14852 15876 16104
Iter#5172640 New set #100 of size 55 (51726.4 its/hit = 65.720s/hit): seed=1745765990962250467 [194, 220, 802, 1203, 1436, 1553, 1926, 2346, 2618, 2785, 3001, 3577, 3602, 3751, 4012, 4262, 4740, 5099, 5252, 6217, 6422, 6850, 7552, 7816, 8359, 8368, 8680, 8856, 9118, 9131, 9498, 9559, 9923, 9940, 10226, 10838, 11042, 11198, 11561, 11796, 11883, 12254, 12421, 12447, 12758, 13005, 13234, 13516, 13666, 14023, 14052, 14634, 14852, 15876, 16104]
logs_monomial/n14_monomial5.txt.bz2.greedyext.20260221_000834.txt

228 396 555 1023 1224 1663 1672 1805 1870 2145 2413 2702 2819 3893 4024 4061 4097 4182 4195 4384 4385 5204 5707 5907 5927 6925 7125 7235 7413 8126 8458 8700 9278 9620 9980 10003 10143 10428 10556 11180 11310 11335 11492 12037 12093 12250 12377 12635 12651 13475 13959 14962 15475 15923 16060
Iter#259325 New set #6 of size 55 (43220.8 its/hit = 54.333s/hit): seed=15742304168510062673 [228, 396, 555, 1023, 1224, 1663, 1672, 1805, 1870, 2145, 2413, 2702, 2819, 3893, 4024, 4061, 4097, 4182, 4195, 4384, 4385, 5204, 5707, 5907, 5927, 6925, 7125, 7235, 7413, 8126, 8458, 8700, 9278, 9620, 9980, 10003, 10143, 10428, 10556, 11180, 11310, 11335, 11492, 12037, 12093, 12250, 12377, 12635, 12651, 13475, 13959, 14962, 15475, 15923, 16060]
logs_monomial/n14_monomial5.txt.bz2.greedyext.20260222_050855.txt

276 691 828 1040 1347 2121 2210 2968 3311 4147 4403 4722 4879 4939 4945 5310 5362 6088 6116 6620 7493 7854 7900 8561 8667 8707 9196 9299 9313 9343 9852 9856 9866 9962 10001 10645 10979 11056 11076 11711 11809 11895 12040 12160 12859 13201 14684 14779 15151 15348 15356 15469 15707 15865 16179
Iter#213037 New set #4 of size 55 (53259.2 its/hit = 69.500s/hit): seed=6186788075250631430 [276, 691, 828, 1040, 1347, 2121, 2210, 2968, 3311, 4147, 4403, 4722, 4879, 4939, 4945, 5310, 5362, 6088, 6116, 6620, 7493, 7854, 7900, 8561, 8667, 8707, 9196, 9299, 9313, 9343, 9852, 9856, 9866, 9962, 10001, 10645, 10979, 11056, 11076, 11711, 11809, 11895, 12040, 12160, 12859, 13201, 14684, 14779, 15151, 15348, 15356, 15469, 15707, 15865, 16179]
logs_monomial/n14_monomial5.txt.bz2.greedyext.20260223_124059.txt

406 667 814 963 1103 1852 1950 2152 2193 2242 2438 2740 3058 4147 4157 4615 4656 5228 5365 6646 6765 7021 7830 8008 8351 9145 9431 9983 10086 10107 10197 10623 10866 10911 10928 11156 12301 12317 12465 12495 12949 13171 13482 13741 13958 14081 14115 14265 14521 14878 15085 15467 15787 15800 16348
Iter#4656002 New set #90 of size 55 (51733.4 its/hit = 65.744s/hit): seed=7314936595421560182 [406, 667, 814, 963, 1103, 1852, 1950, 2152, 2193, 2242, 2438, 2740, 3058, 4147, 4157, 4615, 4656, 5228, 5365, 6646, 6765, 7021, 7830, 8008, 8351, 9145, 9431, 9983, 10086, 10107, 10197, 10623, 10866, 10911, 10928, 11156, 12301, 12317, 12465, 12495, 12949, 13171, 13482, 13741, 13958, 14081, 14115, 14265, 14521, 14878, 15085, 15467, 15787, 15800, 16348]
logs_monomial/n14_monomial5.txt.bz2.greedyext.20260221_000834.txt

98 198 351 702 713 764 802 1163 1237 1489 1545 2062 2321 2485 2537 3142 3930 4166 4225 4438 4845 5052 5655 6196 6287 6410 6517 6673 6707 7731 7871 8376 8458 8472 9297 9519 10132 10526 11133 12327 12616 13591 13716 13718 13911 13931 13984 14365 14423 14499 14698 15022 15230 15879 16325
Iter#626254 New set #10 of size 55 (62625.4 its/hit = 80.700s/hit): seed=6175198819631194259 [98, 198, 351, 702, 713, 764, 802, 1163, 1237, 1489, 1545, 2062, 2321, 2485, 2537, 3142, 3930, 4166, 4225, 4438, 4845, 5052, 5655, 6196, 6287, 6410, 6517, 6673, 6707, 7731, 7871, 8376, 8458, 8472, 9297, 9519, 10132, 10526, 11133, 12327, 12616, 13591, 13716, 13718, 13911, 13931, 13984, 14365, 14423, 14499, 14698, 15022, 15230, 15879, 16325]
logs_monomial/n14_monomial5.txt.bz2.greedyext.20260223_124059.txt

77 98 172 552 896 1254 1283 1605 2021 3229 3290 3397 3732 4066 4369 4413 4506 4661 4847 5357 5376 5878 6311 6478 6684 6923 6960 7009 7142 7282 7739 8051 8360 8564 9289 9573 9801 9911 10028 10349 10464 10973 11182 11515 12276 12427 12568 13442 13678 13844 14514 14534 15249 15936 15974
Iter#573185 New set #10 of size 55 (57318.5 its/hit = 82.400s/hit): seed=2457308222369857916 [77, 98, 172, 552, 896, 1254, 1283, 1605, 2021, 3229, 3290, 3397, 3732, 4066, 4369, 4413, 4506, 4661, 4847, 5357, 5376, 5878, 6311, 6478, 6684, 6923, 6960, 7009, 7142, 7282, 7739, 8051, 8360, 8564, 9289, 9573, 9801, 9911, 10028, 10349, 10464, 10973, 11182, 11515, 12276, 12427, 12568, 13442, 13678, 13844, 14514, 14534, 15249, 15936, 15974]
logs_monomial/n14_monomial5.txt.bz2.greedyext.20260222_050855.txt

159 458 521 684 1109 1316 1339 1443 1683 1836 1886 1915 2231 2529 3654 3803 4030 4045 4124 4697 5783 6127 6316 6569 6662 6804 7127 7329 7345 7635 8019 8096 8248 8469 8781 8920 8985 9139 9588 9861 10257 10387 11009 11255 11757 12181 13566 13618 13664 14174 14670 15586 15623 15744 16320
Iter#803152 New set #9 of size 55 (89239.1 its/hit = 112.667s/hit): seed=4132335542428951202 [159, 458, 521, 684, 1109, 1316, 1339, 1443, 1683, 1836, 1886, 1915, 2231, 2529, 3654, 3803, 4030, 4045, 4124, 4697, 5783, 6127, 6316, 6569, 6662, 6804, 7127, 7329, 7345, 7635, 8019, 8096, 8248, 8469, 8781, 8920, 8985, 9139, 9588, 9861, 10257, 10387, 11009, 11255, 11757, 12181, 13566, 13618, 13664, 14174, 14670, 15586, 15623, 15744, 16320]
logs_monomial/n14_monomial5.txt.bz2.greedyext.20260221_000834.txt

18 74 152 277 493 725 764 1029 2228 2308 2486 2767 2805 3164 3618 3645 4374 4452 4570 4684 4923 5209 5243 5432 6085 6155 6398 6513 6861 7048 7201 7719 8193 8496 8891 8972 9065 9272 9340 9890 10952 11281 11834 11985 12006 12467 12964 13102 13153 13987 14760 15142 15294 15449 15915
Iter#56022 New set #1 of size 55 (56022.0 its/hit = 75.000s/hit): seed=9964356454260321134 [18, 74, 152, 277, 493, 725, 764, 1029, 2228, 2308, 2486, 2767, 2805, 3164, 3618, 3645, 4374, 4452, 4570, 4684, 4923, 5209, 5243, 5432, 6085, 6155, 6398, 6513, 6861, 7048, 7201, 7719, 8193, 8496, 8891, 8972, 9065, 9272, 9340, 9890, 10952, 11281, 11834, 11985, 12006, 12467, 12964, 13102, 13153, 13987, 14760, 15142, 15294, 15449, 15915]
logs_monomial/n14_monomial5.txt.bz2.greedyext.20260223_124059.txt

678 773 840 1051 1184 1812 2150 2347 2375 2898 3243 3543 4273 4582 4637 5461 5474 5754 5835 6464 6973 7042 7223 7997 8913 9337 9731 9818 10330 10377 11193 11297 11508 11744 11754 12115 12785 12995 13013 13091 13618 13757 13942 13945 14198 14379 14451 14519 14559 14716 15031 15109 15311 15786 16027
Iter#243333 New set #5 of size 55 (48666.6 its/hit = 61.200s/hit): seed=1112562670732143798 [678, 773, 840, 1051, 1184, 1812, 2150, 2347, 2375, 2898, 3243, 3543, 4273, 4582, 4637, 5461, 5474, 5754, 5835, 6464, 6973, 7042, 7223, 7997, 8913, 9337, 9731, 9818, 10330, 10377, 11193, 11297, 11508, 11744, 11754, 12115, 12785, 12995, 13013, 13091, 13618, 13757, 13942, 13945, 14198, 14379, 14451, 14519, 14559, 14716, 15031, 15109, 15311, 15786, 16027]
logs_monomial/n14_monomial5.txt.bz2.greedyext.20260222_050855.txt

346 374 485 901 941 1073 1361 1383 1817 2005 2013 2023 2226 2491 2629 3057 3300 3636 3661 3685 3752 3953 3996 4234 5061 5312 5691 5707 6487 6834 6974 7456 7699 7874 7883 8241 8423 8909 9109 9359 9617 9909 10138 10158 10807 11478 11484 12377 12649 13496 14383 14615 14814 15109 15588
Iter#2691766 New set #50 of size 55 (53835.3 its/hit = 68.340s/hit): seed=7408451861006394285 [346, 374, 485, 901, 941, 1073, 1361, 1383, 1817, 2005, 2013, 2023, 2226, 2491, 2629, 3057, 3300, 3636, 3661, 3685, 3752, 3953, 3996, 4234, 5061, 5312, 5691, 5707, 6487, 6834, 6974, 7456, 7699, 7874, 7883, 8241, 8423, 8909, 9109, 9359, 9617, 9909, 10138, 10158, 10807, 11478, 11484, 12377, 12649, 13496, 14383, 14615, 14814, 15109, 15588]
logs_monomial/n14_monomial5.txt.bz2.greedyext.20260221_000834.txt

221 583 1126 1402 1479 1521 1648 1859 2244 2445 2625 3002 3267 3869 3897 4501 4831 5115 5587 5879 6663 7296 7356 7875 8229 8258 8398 8712 9111 9305 9323 9388 9574 9967 10803 11228 11267 11513 11567 12160 12331 12388 12668 13258 13666 13759 13844 13878 15124 15143 15268 15824 16119 16266 16371
Iter#3134800 New set #60 of size 55 (52246.7 its/hit = 81.900s/hit): seed=11718272838904816564 [221, 583, 1126, 1402, 1479, 1521, 1648, 1859, 2244, 2445, 2625, 3002, 3267, 3869, 3897, 4501, 4831, 5115, 5587, 5879, 6663, 7296, 7356, 7875, 8229, 8258, 8398, 8712, 9111, 9305, 9323, 9388, 9574, 9967, 10803, 11228, 11267, 11513, 11567, 12160, 12331, 12388, 12668, 13258, 13666, 13759, 13844, 13878, 15124, 15143, 15268, 15824, 16119, 16266, 16371]
logs_monomial/n14_monomial5.txt.bz2.greedyext.20260222_050855.txt

1688 1769 1976 2248 2425 2809 2857 3706 4101 4162 4724 4754 5056 5154 5287 5330 5419 5619 5674 5984 6227 6331 7235 7875 7887 8013 8032 8096 8550 8769 9084 9582 9652 10509 10891 11239 11271 11330 11867 12076 12380 12531 12541 12770 13088 14253 14993 15075 15099 15211 15281 15380 15535 16088 16178
Iter#688056 New set #6 of size 55 (114676.0 its/hit = 145.000s/hit): seed=16654299162499474623 [1688, 1769, 1976, 2248, 2425, 2809, 2857, 3706, 4101, 4162, 4724, 4754, 5056, 5154, 5287, 5330, 5419, 5619, 5674, 5984, 6227, 6331, 7235, 7875, 7887, 8013, 8032, 8096, 8550, 8769, 9084, 9582, 9652, 10509, 10891, 11239, 11271, 11330, 11867, 12076, 12380, 12531, 12541, 12770, 13088, 14253, 14993, 15075, 15099, 15211, 15281, 15380, 15535, 16088, 16178]
logs_monomial/n14_monomial5.txt.bz2.greedyext.20260221_000834.txt

12 293 744 1082 1460 1583 1877 2318 2402 2474 3023 3026 3290 3689 4238 4366 4392 4720 4879 5397 5476 5651 6353 6424 7131 7238 7270 7347 7632 7672 7706 8013 8134 8688 9357 9379 9971 11228 11904 12196 12740 13088 13327 13334 14564 14565 14569 14611 15196 15612 15946 16038 16073 16234 16352
Iter#3785141 New set #70 of size 55 (54073.4 its/hit = 84.914s/hit): seed=498893055015108503 [12, 293, 744, 1082, 1460, 1583, 1877, 2318, 2402, 2474, 3023, 3026, 3290, 3689, 4238, 4366, 4392, 4720, 4879, 5397, 5476, 5651, 6353, 6424, 7131, 7238, 7270, 7347, 7632, 7672, 7706, 8013, 8134, 8688, 9357, 9379, 9971, 11228, 11904, 12196, 12740, 13088, 13327, 13334, 14564, 14565, 14569, 14611, 15196, 15612, 15946, 16038, 16073, 16234, 16352]
logs_monomial/n14_monomial5.txt.bz2.greedyext.20260222_050855.txt

282 408 490 1105 1153 1197 1698 1932 2067 2632 3496 3627 4228 4261 4683 5538 6193 6274 6438 6646 7098 7151 7499 7571 7640 8161 8176 8416 8472 8589 9295 9299 9833 9942 10341 10507 10576 10817 10941 11862 12569 12575 12970 12988 12994 13159 13290 13798 14499 14626 15345 15505 15742 15974 16223
Iter#565004 New set #9 of size 55 (62778.2 its/hit = 90.111s/hit): seed=11557581875852108305 [282, 408, 490, 1105, 1153, 1197, 1698, 1932, 2067, 2632, 3496, 3627, 4228, 4261, 4683, 5538, 6193, 6274, 6438, 6646, 7098, 7151, 7499, 7571, 7640, 8161, 8176, 8416, 8472, 8589, 9295, 9299, 9833, 9942, 10341, 10507, 10576, 10817, 10941, 11862, 12569, 12575, 12970, 12988, 12994, 13159, 13290, 13798, 14499, 14626, 15345, 15505, 15742, 15974, 16223]
logs_monomial/n14_monomial5.txt.bz2.greedyext.20260222_050855.txt

244 859 884 971 1830 1837 2199 4023 4128 4173 5159 5254 5334 5393 6016 6140 6270 6475 6525 7047 7071 7101 7140 7244 7405 7526 7545 7576 7716 8390 8416 8733 9015 9141 9342 9379 10005 10318 10559 10560 10637 11054 11088 11095 11900 12705 12966 13092 13170 13833 13894 14023 14230 14919 15259
Iter#4528448 New set #80 of size 55 (56605.6 its/hit = 89.488s/hit): seed=5971261072212389241 [244, 859, 884, 971, 1830, 1837, 2199, 4023, 4128, 4173, 5159, 5254, 5334, 5393, 6016, 6140, 6270, 6475, 6525, 7047, 7071, 7101, 7140, 7244, 7405, 7526, 7545, 7576, 7716, 8390, 8416, 8733, 9015, 9141, 9342, 9379, 10005, 10318, 10559, 10560, 10637, 11054, 11088, 11095, 11900, 12705, 12966, 13092, 13170, 13833, 13894, 14023, 14230, 14919, 15259]
logs_monomial/n14_monomial5.txt.bz2.greedyext.20260222_050855.txt

188 253 582 903 1102 2145 2182 2287 2920 3099 3229 3625 4068 4497 5032 5195 6270 6630 6739 6818 6840 7114 7585 7615 7656 7965 8213 8597 10216 10719 10884 10964 10969 11069 11292 11847 12283 12432 12478 12965 13292 13731 13783 14321 14524 14571 14723 15129 15400 15405 15463 15668 15732 16006 16036
Iter#306131 New set #4 of size 55 (76532.8 its/hit = 96.500s/hit): seed=5749680102005904729 [188, 253, 582, 903, 1102, 2145, 2182, 2287, 2920, 3099, 3229, 3625, 4068, 4497, 5032, 5195, 6270, 6630, 6739, 6818, 6840, 7114, 7585, 7615, 7656, 7965, 8213, 8597, 10216, 10719, 10884, 10964, 10969, 11069, 11292, 11847, 12283, 12432, 12478, 12965, 13292, 13731, 13783, 14321, 14524, 14571, 14723, 15129, 15400, 15405, 15463, 15668, 15732, 16006, 16036]
logs_monomial/n14_monomial5.txt.bz2.greedyext.20260221_000834.txt

64 173 527 804 1087 1466 1598 1633 1705 1873 1975 2099 2321 2779 2913 3171 3656 3734 3801 3825 3826 3963 4079 4419 4728 4766 4843 4991 5664 6092 6134 6658 7192 7448 8068 8339 8605 9104 9132 9451 9633 10373 10893 11021 11466 12464 12831 13150 13252 13403 13481 14742 15714 15762 16180
Iter#233595 New set #4 of size 55 (58398.8 its/hit = 73.500s/hit): seed=592712484541347529 [64, 173, 527, 804, 1087, 1466, 1598, 1633, 1705, 1873, 1975, 2099, 2321, 2779, 2913, 3171, 3656, 3734, 3801, 3825, 3826, 3963, 4079, 4419, 4728, 4766, 4843, 4991, 5664, 6092, 6134, 6658, 7192, 7448, 8068, 8339, 8605, 9104, 9132, 9451, 9633, 10373, 10893, 11021, 11466, 12464, 12831, 13150, 13252, 13403, 13481, 14742, 15714, 15762, 16180]
logs_monomial/n14_monomial5.txt.bz2.greedyext.20260222_050855.txt

360 456 606 977 1375 1646 1747 2329 2363 2487 2917 3205 3222 3446 4080 4141 4795 4816 4950 5452 5943 6028 6052 7006 7079 7181 7893 7960 8082 8171 8671 8956 9564 9737 10555 10623 10674 11404 11465 11730 12264 12778 12895 13078 13477 13494 14231 14430 14751 15216 15341 15370 15589 15899 16237
Iter#5033759 New set #100 of size 55 (50337.6 its/hit = 63.890s/hit): seed=9281700377821383083 [360, 456, 606, 977, 1375, 1646, 1747, 2329, 2363, 2487, 2917, 3205, 3222, 3446, 4080, 4141, 4795, 4816, 4950, 5452, 5943, 6028, 6052, 7006, 7079, 7181, 7893, 7960, 8082, 8171, 8671, 8956, 9564, 9737, 10555, 10623, 10674, 11404, 11465, 11730, 12264, 12778, 12895, 13078, 13477, 13494, 14231, 14430, 14751, 15216, 15341, 15370, 15589, 15899, 16237]
logs_monomial/n14_monomial5.txt.bz2.greedyext.20260223_124059.txt

76 82 751 1375 1385 1694 2782 2912 3077 3553 3625 3770 3824 4079 4337 4551 4603 4831 5128 5161 5235 5538 5694 5789 6320 6377 6535 6538 6606 7766 7789 7825 8272 8471 8650 8988 9308 9361 9820 10970 11074 11900 12033 12132 12413 12417 12526 12602 13032 14239 14957 15144 15588 15759 16243
Iter#47329 New set #2 of size 55 (23664.5 its/hit = 29.500s/hit): seed=10413666591027900854 [76, 82, 751, 1375, 1385, 1694, 2782, 2912, 3077, 3553, 3625, 3770, 3824, 4079, 4337, 4551, 4603, 4831, 5128, 5161, 5235, 5538, 5694, 5789, 6320, 6377, 6535, 6538, 6606, 7766, 7789, 7825, 8272, 8471, 8650, 8988, 9308, 9361, 9820, 10970, 11074, 11900, 12033, 12132, 12413, 12417, 12526, 12602, 13032, 14239, 14957, 15144, 15588, 15759, 16243]
logs_monomial/n14_monomial5.txt.bz2.greedyext.20260221_000834.txt

327 1473 1889 1957 2021 2173 2200 2412 2691 2875 3327 3790 3820 4135 4550 4969 4998 5055 5130 5142 5256 5496 5640 6762 6802 7018 7793 7813 7830 8106 8616 9107 9714 10621 10765 10974 11069 11229 11622 12267 12366 13211 13319 13488 13598 13733 14198 14224 14399 15015 15409 15649 15857 16261 16368
Iter#2471844 New set #40 of size 55 (61796.1 its/hit = 78.675s/hit): seed=4188935624956441182 [327, 1473, 1889, 1957, 2021, 2173, 2200, 2412, 2691, 2875, 3327, 3790, 3820, 4135, 4550, 4969, 4998, 5055, 5130, 5142, 5256, 5496, 5640, 6762, 6802, 7018, 7793, 7813, 7830, 8106, 8616, 9107, 9714, 10621, 10765, 10974, 11069, 11229, 11622, 12267, 12366, 13211, 13319, 13488, 13598, 13733, 14198, 14224, 14399, 15015, 15409, 15649, 15857, 16261, 16368]
logs_monomial/n14_monomial5.txt.bz2.greedyext.20260223_124059.txt

345 748 1202 1328 1593 1888 2124 2354 3400 3827 4539 5162 5268 5346 5358 5429 6043 6609 6669 6805 7486 7664 7783 8185 8364 8378 8745 9007 9082 9294 9325 9629 9777 9791 10274 10442 10701 10927 11375 11614 11932 12224 12511 12914 12928 13011 13408 13536 13747 14125 14336 14913 15353 15677 16382
Iter#669759 New set #5 of size 55 (133951.8 its/hit = 169.400s/hit): seed=2710695596586397520 [345, 748, 1202, 1328, 1593, 1888, 2124, 2354, 3400, 3827, 4539, 5162, 5268, 5346, 5358, 5429, 6043, 6609, 6669, 6805, 7486, 7664, 7783, 8185, 8364, 8378, 8745, 9007, 9082, 9294, 9325, 9629, 9777, 9791, 10274, 10442, 10701, 10927, 11375, 11614, 11932, 12224, 12511, 12914, 12928, 13011, 13408, 13536, 13747, 14125, 14336, 14913, 15353, 15677, 16382]
logs_monomial/n14_monomial5.txt.bz2.greedyext.20260221_000834.txt

464 524 801 915 953 1576 1859 2150 2283 2751 2836 2961 3356 3770 4824 6037 6076 6204 6208 6269 6383 6696 6968 7734 7873 7966 8297 8404 9059 9461 9467 9630 9655 10423 10520 10642 11277 12561 12567 12765 12847 13974 14016 14026 14128 14414 14956 14967 15113 15286 15375 15907 15952 16189 16367
Iter#3424963 New set #60 of size 55 (57082.7 its/hit = 72.633s/hit): seed=15561030085735885529 [464, 524, 801, 915, 953, 1576, 1859, 2150, 2283, 2751, 2836, 2961, 3356, 3770, 4824, 6037, 6076, 6204, 6208, 6269, 6383, 6696, 6968, 7734, 7873, 7966, 8297, 8404, 9059, 9461, 9467, 9630, 9655, 10423, 10520, 10642, 11277, 12561, 12567, 12765, 12847, 13974, 14016, 14026, 14128, 14414, 14956, 14967, 15113, 15286, 15375, 15907, 15952, 16189, 16367]
logs_monomial/n14_monomial5.txt.bz2.greedyext.20260223_124059.txt

67 92 777 784 941 962 1206 1395 1681 1781 2794 2933 3192 3746 3877 4066 4747 5553 6254 6406 6648 7079 7225 7327 7497 8021 8137 8141 9676 10003 10155 10717 10774 10919 10950 11079 11268 11497 11499 12254 12311 12378 12438 12566 12920 13434 14319 14523 14799 15056 15264 15765 15811 15928 16210
Iter#938552 New set #20 of size 55 (46927.6 its/hit = 60.000s/hit): seed=15260307082432101770 [67, 92, 777, 784, 941, 962, 1206, 1395, 1681, 1781, 2794, 2933, 3192, 3746, 3877, 4066, 4747, 5553, 6254, 6406, 6648, 7079, 7225, 7327, 7497, 8021, 8137, 8141, 9676, 10003, 10155, 10717, 10774, 10919, 10950, 11079, 11268, 11497, 11499, 12254, 12311, 12378, 12438, 12566, 12920, 13434, 14319, 14523, 14799, 15056, 15264, 15765, 15811, 15928, 16210]
logs_monomial/n14_monomial5.txt.bz2.greedyext.20260223_124059.txt

449 845 967 1487 2165 2212 2456 3015 3032 3715 3862 4054 4083 4240 4458 4502 4791 5375 5400 5406 5814 6193 6244 6411 6500 7522 7547 7848 8105 8241 9018 9359 9639 10774 10785 10798 10966 11240 11735 13207 13961 14485 14929 14938 15162 15254 15266 15588 15732 15943 16233 16247 16269 16296 16307
Iter#541801 New set #9 of size 55 (60200.1 its/hit = 77.667s/hit): seed=7101418734920416204 [449, 845, 967, 1487, 2165, 2212, 2456, 3015, 3032, 3715, 3862, 4054, 4083, 4240, 4458, 4502, 4791, 5375, 5400, 5406, 5814, 6193, 6244, 6411, 6500, 7522, 7547, 7848, 8105, 8241, 9018, 9359, 9639, 10774, 10785, 10798, 10966, 11240, 11735, 13207, 13961, 14485, 14929, 14938, 15162, 15254, 15266, 15588, 15732, 15943, 16233, 16247, 16269, 16296, 16307]
logs_monomial/n14_monomial5.txt.bz2.greedyext.20260223_124059.txt

949 1028 1346 1753 1869 1873 2044 2361 2407 2580 2694 2767 2790 3021 3637 3937 3983 4052 4176 4636 4965 5082 5150 5381 5406 6126 6190 6210 7177 7349 7434 7956 8249 8254 8367 8745 8939 9453 9734 9982 10704 11335 11461 12234 12263 12529 12900 13022 13299 13349 14028 15422 15974 16246 16297
Iter#5875 New set #1 of size 55 (5875.0 its/hit = 7.000s/hit): seed=5862968803005620042 [949, 1028, 1346, 1753, 1869, 1873, 2044, 2361, 2407, 2580, 2694, 2767, 2790, 3021, 3637, 3937, 3983, 4052, 4176, 4636, 4965, 5082, 5150, 5381, 5406, 6126, 6190, 6210, 7177, 7349, 7434, 7956, 8249, 8254, 8367, 8745, 8939, 9453, 9734, 9982, 10704, 11335, 11461, 12234, 12263, 12529, 12900, 13022, 13299, 13349, 14028, 15422, 15974, 16246, 16297]
logs_monomial/n14_monomial5.txt.bz2.greedyext.20260222_050855.txt

260 725 863 1563 2301 2359 2379 3011 3648 3901 4129 4735 4823 4826 5610 6106 6157 6566 6603 6635 7015 7078 7317 7367 7863 7900 8211 8924 9021 9341 9498 9757 10489 10690 11177 11341 11532 12114 12156 12312 12692 12753 12890 13012 14129 14908 14924 14938 15091 15375 15694 15841 16022 16134 16328
Iter#365619 New set #7 of size 55 (52231.3 its/hit = 70.429s/hit): seed=3724856616419786717 [260, 725, 863, 1563, 2301, 2359, 2379, 3011, 3648, 3901, 4129, 4735, 4823, 4826, 5610, 6106, 6157, 6566, 6603, 6635, 7015, 7078, 7317, 7367, 7863, 7900, 8211, 8924, 9021, 9341, 9498, 9757, 10489, 10690, 11177, 11341, 11532, 12114, 12156, 12312, 12692, 12753, 12890, 13012, 14129, 14908, 14924, 14938, 15091, 15375, 15694, 15841, 16022, 16134, 16328]
logs_monomial/n14_monomial5.txt.bz2.greedyext.20260222_050855.txt

176 358 386 1004 1023 1061 1410 1517 1620 2144 2218 3105 3172 4071 4089 4429 4648 5461 5479 5548 5560 5665 5755 6033 6510 6632 6714 6982 7269 7518 7606 8541 8941 9149 9845 10099 10320 10760 11136 11699 11800 11986 12125 12261 12266 12316 12413 12497 12826 12999 13112 13649 13716 14161 15780
Iter#425 New set #1 of size 55 (425.0 its/hit = 0.000s/hit): seed=6816015111851560239 [176, 358, 386, 1004, 1023, 1061, 1410, 1517, 1620, 2144, 2218, 3105, 3172, 4071, 4089, 4429, 4648, 5461, 5479, 5548, 5560, 5665, 5755, 6033, 6510, 6632, 6714, 6982, 7269, 7518, 7606, 8541, 8941, 9149, 9845, 10099, 10320, 10760, 11136, 11699, 11800, 11986, 12125, 12261, 12266, 12316, 12413, 12497, 12826, 12999, 13112, 13649, 13716, 14161, 15780]
logs_monomial/n14_monomial5.txt.bz2.greedyext.20260221_000834.txt

535 901 1161 1240 1764 1779 2364 2627 2733 3674 3754 3928 4053 4276 4379 4474 4596 5092 5114 5944 6375 7049 7310 7410 7621 7636 8580 8834 8857 9075 9761 10037 10182 10296 10348 10907 11518 11851 12746 12754 13015 13095 13399 13822 13943 14072 14281 14397 14472 14847 14898 15340 15709 15797 16324
Iter#198699 New set #3 of size 55 (66233.0 its/hit = 86.333s/hit): seed=7149088779113951808 [535, 901, 1161, 1240, 1764, 1779, 2364, 2627, 2733, 3674, 3754, 3928, 4053, 4276, 4379, 4474, 4596, 5092, 5114, 5944, 6375, 7049, 7310, 7410, 7621, 7636, 8580, 8834, 8857, 9075, 9761, 10037, 10182, 10296, 10348, 10907, 11518, 11851, 12746, 12754, 13015, 13095, 13399, 13822, 13943, 14072, 14281, 14397, 14472, 14847, 14898, 15340, 15709, 15797, 16324]
logs_monomial/n14_monomial5.txt.bz2.greedyext.20260223_124059.txt

