229 633 944 1436 1992 2050 2294 2752 2771 3421 3512 3729 3749 3914 4122 4138 4293 4595 5120 5887 5966 6057 7062 7388 7561 8056 8350 8765 8851 9248 10007 10225 10356 10616 10715 11292 11436 11462 11547 11789 11849 11908 12547 12950 14099 14516 14552 14696 14768 14827 14838 14876 15531 15793 16048
Iter#32912 New set #1 of size 55 (32912.0 its/hit = 85.000s/hit): seed=11037469120284769167 [229, 633, 944, 1436, 1992, 2050, 2294, 2752, 2771, 3421, 3512, 3729, 3749, 3914, 4122, 4138, 4293, 4595, 5120, 5887, 5966, 6057, 7062, 7388, 7561, 8056, 8350, 8765, 8851, 9248, 10007, 10225, 10356, 10616, 10715, 11292, 11436, 11462, 11547, 11789, 11849, 11908, 12547, 12950, 14099, 14516, 14552, 14696, 14768, 14827, 14838, 14876, 15531, 15793, 16048]
logs_monomial/n14_monomial3.txt.bz2.greedyext.20260223_124059.txt

462 620 668 887 1246 1473 1649 1721 1820 2362 2707 2968 3113 3490 4232 4365 4481 4754 5067 5900 5988 6734 7214 7590 7788 7980 8364 8963 9383 9452 9561 9622 10272 10377 10386 10451 10833 10923 11203 11365 12221 12283 12544 12847 13257 13888 14122 14179 14183 14247 14320 15039 15176 15219 16121
Iter#343983 New set #4 of size 55 (85995.8 its/hit = 216.500s/hit): seed=3386669351270281531 [462, 620, 668, 887, 1246, 1473, 1649, 1721, 1820, 2362, 2707, 2968, 3113, 3490, 4232, 4365, 4481, 4754, 5067, 5900, 5988, 6734, 7214, 7590, 7788, 7980, 8364, 8963, 9383, 9452, 9561, 9622, 10272, 10377, 10386, 10451, 10833, 10923, 11203, 11365, 12221, 12283, 12544, 12847, 13257, 13888, 14122, 14179, 14183, 14247, 14320, 15039, 15176, 15219, 16121]
logs_monomial/n14_monomial3.txt.bz2.greedyext.20260221_000834.txt

131 147 176 515 1059 1519 1812 2069 2092 2380 2536 3336 3347 3718 3773 3797 4607 5051 5638 6247 6291 6306 6544 6559 6734 7241 8355 8771 9686 10405 10722 11027 11087 11259 11802 12078 12228 12561 12639 12738 12757 12776 12968 13558 13808 14066 14431 14570 14813 15083 15206 15290 15758 15762 16252
Iter#1294895 New set #20 of size 55 (64744.8 its/hit = 168.750s/hit): seed=13437404697883860322 [131, 147, 176, 515, 1059, 1519, 1812, 2069, 2092, 2380, 2536, 3336, 3347, 3718, 3773, 3797, 4607, 5051, 5638, 6247, 6291, 6306, 6544, 6559, 6734, 7241, 8355, 8771, 9686, 10405, 10722, 11027, 11087, 11259, 11802, 12078, 12228, 12561, 12639, 12738, 12757, 12776, 12968, 13558, 13808, 14066, 14431, 14570, 14813, 15083, 15206, 15290, 15758, 15762, 16252]
logs_monomial/n14_monomial3.txt.bz2.greedyext.20260223_124059.txt

337 1118 1372 1419 1688 2115 2614 3051 3383 3477 3901 4219 4308 4730 5027 5116 5196 5427 5442 5819 6145 6504 7310 7632 7913 8043 8177 8415 8816 9413 9465 9612 10133 10299 10423 10615 11226 11525 11595 11649 11802 12172 12716 12844 12921 14139 14147 14199 14306 14768 14959 15195 15314 15647 16277
Iter#2884073 New set #40 of size 55 (72101.8 its/hit = 188.600s/hit): seed=6062557122288754386 [337, 1118, 1372, 1419, 1688, 2115, 2614, 3051, 3383, 3477, 3901, 4219, 4308, 4730, 5027, 5116, 5196, 5427, 5442, 5819, 6145, 6504, 7310, 7632, 7913, 8043, 8177, 8415, 8816, 9413, 9465, 9612, 10133, 10299, 10423, 10615, 11226, 11525, 11595, 11649, 11802, 12172, 12716, 12844, 12921, 14139, 14147, 14199, 14306, 14768, 14959, 15195, 15314, 15647, 16277]
logs_monomial/n14_monomial3.txt.bz2.greedyext.20260223_124059.txt

615 711 948 973 1907 1943 2059 2079 2393 2899 3139 3614 3830 3906 4108 4418 5492 5826 6115 6143 6284 6588 6811 7109 7573 8056 8064 8950 8969 9127 9488 9647 9797 10083 10159 10316 10424 10728 10923 10974 11103 11420 11577 11663 12295 12692 12786 13308 13518 13923 14126 14362 14755 15398 15466
Iter#4011121 New set #40 of size 55 (100278.0 its/hit = 196.050s/hit): seed=10477679570697726050 [615, 711, 948, 973, 1907, 1943, 2059, 2079, 2393, 2899, 3139, 3614, 3830, 3906, 4108, 4418, 5492, 5826, 6115, 6143, 6284, 6588, 6811, 7109, 7573, 8056, 8064, 8950, 8969, 9127, 9488, 9647, 9797, 10083, 10159, 10316, 10424, 10728, 10923, 10974, 11103, 11420, 11577, 11663, 12295, 12692, 12786, 13308, 13518, 13923, 14126, 14362, 14755, 15398, 15466]
logs_monomial/n14_monomial3.txt.bz2.greedyext.20260222_050855.txt

86 130 833 1048 1259 1454 1466 1652 1836 2025 2110 2202 2734 2741 2933 2960 3156 3944 4099 4157 4207 4337 4709 5566 5649 5703 5839 6337 6443 6446 6860 7063 7162 7505 7676 7831 8656 8798 9092 9157 10165 10437 10735 10943 11021 11897 12075 12189 12266 13560 13595 13941 13949 15377 15544
Iter#156405 New set #5 of size 55 (31281.0 its/hit = 81.800s/hit): seed=199958702418437439 [86, 130, 833, 1048, 1259, 1454, 1466, 1652, 1836, 2025, 2110, 2202, 2734, 2741, 2933, 2960, 3156, 3944, 4099, 4157, 4207, 4337, 4709, 5566, 5649, 5703, 5839, 6337, 6443, 6446, 6860, 7063, 7162, 7505, 7676, 7831, 8656, 8798, 9092, 9157, 10165, 10437, 10735, 10943, 11021, 11897, 12075, 12189, 12266, 13560, 13595, 13941, 13949, 15377, 15544]
logs_monomial/n14_monomial3.txt.bz2.greedyext.20260223_124059.txt

12 277 335 551 1138 2040 2291 2304 2601 3535 4398 4726 5056 5177 5272 5370 5793 5921 6388 6678 7264 7960 7989 8276 8568 8588 8826 8903 8927 8988 9480 10435 10484 10528 10701 10741 11160 11837 12782 13318 13407 13603 13923 14262 14465 14651 14684 15024 15608 15768 15901 15929 15960 16074 16208
Iter#43915 New set #1 of size 55 (43915.0 its/hit = 109.000s/hit): seed=5433955297647322077 [12, 277, 335, 551, 1138, 2040, 2291, 2304, 2601, 3535, 4398, 4726, 5056, 5177, 5272, 5370, 5793, 5921, 6388, 6678, 7264, 7960, 7989, 8276, 8568, 8588, 8826, 8903, 8927, 8988, 9480, 10435, 10484, 10528, 10701, 10741, 11160, 11837, 12782, 13318, 13407, 13603, 13923, 14262, 14465, 14651, 14684, 15024, 15608, 15768, 15901, 15929, 15960, 16074, 16208]
logs_monomial/n14_monomial3.txt.bz2.greedyext.20260221_000834.txt

278 1084 1923 2570 3147 3174 3491 3665 3880 4008 4156 4228 4396 4404 4671 4958 4991 5138 5307 5753 5901 6442 7109 7453 7664 7703 7899 8342 8589 9120 9137 9235 9410 9435 9546 9663 9992 10075 10702 10722 10791 11101 11127 11974 12222 12252 12514 12612 13891 13958 14297 15093 15332 15481 16264
Iter#108100 New set #2 of size 55 (54050.0 its/hit = 141.000s/hit): seed=5503552648399565660 [278, 1084, 1923, 2570, 3147, 3174, 3491, 3665, 3880, 4008, 4156, 4228, 4396, 4404, 4671, 4958, 4991, 5138, 5307, 5753, 5901, 6442, 7109, 7453, 7664, 7703, 7899, 8342, 8589, 9120, 9137, 9235, 9410, 9435, 9546, 9663, 9992, 10075, 10702, 10722, 10791, 11101, 11127, 11974, 12222, 12252, 12514, 12612, 13891, 13958, 14297, 15093, 15332, 15481, 16264]
logs_monomial/n14_monomial3.txt.bz2.greedyext.20260223_124059.txt

280 575 1036 1363 1454 1510 1525 1633 1671 1861 3043 3080 3329 4402 5195 5269 5498 5658 5693 6050 6942 7075 7162 7601 7712 8050 8165 8307 8622 8730 8863 9059 9080 9250 9632 10296 10345 10973 11274 11435 11457 12223 12625 13275 13307 13561 14626 14629 14899 14924 15009 15309 15349 15375 15496
Iter#711688 New set #6 of size 55 (118614.7 its/hit = 301.167s/hit): seed=3488925791833309852 [280, 575, 1036, 1363, 1454, 1510, 1525, 1633, 1671, 1861, 3043, 3080, 3329, 4402, 5195, 5269, 5498, 5658, 5693, 6050, 6942, 7075, 7162, 7601, 7712, 8050, 8165, 8307, 8622, 8730, 8863, 9059, 9080, 9250, 9632, 10296, 10345, 10973, 11274, 11435, 11457, 12223, 12625, 13275, 13307, 13561, 14626, 14629, 14899, 14924, 15009, 15309, 15349, 15375, 15496]
logs_monomial/n14_monomial3.txt.bz2.greedyext.20260221_000834.txt

4 33 288 324 1709 2170 2236 2347 2423 2611 2656 2732 3135 3262 3619 4369 4685 4708 4716 5131 5172 5195 5600 5755 6091 7007 7017 7170 7281 7394 7646 7979 7988 8390 8595 10066 10068 10213 10591 10944 12317 12447 12516 12972 13348 13457 13833 14315 14547 14654 14777 14832 15306 16107 16338
Iter#312179 New set #3 of size 55 (104059.7 its/hit = 262.000s/hit): seed=797996819491186590 [4, 33, 288, 324, 1709, 2170, 2236, 2347, 2423, 2611, 2656, 2732, 3135, 3262, 3619, 4369, 4685, 4708, 4716, 5131, 5172, 5195, 5600, 5755, 6091, 7007, 7017, 7170, 7281, 7394, 7646, 7979, 7988, 8390, 8595, 10066, 10068, 10213, 10591, 10944, 12317, 12447, 12516, 12972, 13348, 13457, 13833, 14315, 14547, 14654, 14777, 14832, 15306, 16107, 16338]
logs_monomial/n14_monomial3.txt.bz2.greedyext.20260221_000834.txt

117 124 133 172 256 355 1216 1533 1565 1949 2030 2307 2455 2726 3822 4334 4513 4540 4870 4955 5274 5386 5424 5546 5561 6033 7455 7542 7859 7929 7988 8047 8211 8900 9202 9511 10123 10381 10698 11012 11285 12116 12593 12748 12874 13063 13111 13494 13935 14534 15132 15573 15861 15905 16380
Iter#5192643 New set #60 of size 55 (86544.0 its/hit = 224.500s/hit): seed=5400673328126496434 [117, 124, 133, 172, 256, 355, 1216, 1533, 1565, 1949, 2030, 2307, 2455, 2726, 3822, 4334, 4513, 4540, 4870, 4955, 5274, 5386, 5424, 5546, 5561, 6033, 7455, 7542, 7859, 7929, 7988, 8047, 8211, 8900, 9202, 9511, 10123, 10381, 10698, 11012, 11285, 12116, 12593, 12748, 12874, 13063, 13111, 13494, 13935, 14534, 15132, 15573, 15861, 15905, 16380]
logs_monomial/n14_monomial3.txt.bz2.greedyext.20260223_124059.txt

343 415 655 797 1048 1872 2144 2702 2804 2807 3349 3363 3990 4415 4672 4931 5189 5629 5768 5800 5905 5945 6090 6239 7088 7348 7526 7647 7739 7876 8233 8450 8946 9174 9280 9990 10149 11044 11505 11665 11970 12423 12631 12645 12936 12965 13367 14227 14251 14376 14482 15278 15500 15835 16169
Iter#5958181 New set #60 of size 55 (99303.0 its/hit = 194.250s/hit): seed=74996767399537319 [343, 415, 655, 797, 1048, 1872, 2144, 2702, 2804, 2807, 3349, 3363, 3990, 4415, 4672, 4931, 5189, 5629, 5768, 5800, 5905, 5945, 6090, 6239, 7088, 7348, 7526, 7647, 7739, 7876, 8233, 8450, 8946, 9174, 9280, 9990, 10149, 11044, 11505, 11665, 11970, 12423, 12631, 12645, 12936, 12965, 13367, 14227, 14251, 14376, 14482, 15278, 15500, 15835, 16169]
logs_monomial/n14_monomial3.txt.bz2.greedyext.20260222_050855.txt

19 45 154 1437 1496 2386 3410 3417 3434 3968 4429 4461 4765 4791 5035 5519 5674 5812 6015 6074 6404 6683 6943 7016 7043 7044 7467 7525 7823 8359 8388 8472 8553 8599 9409 9505 9567 9886 10871 10982 11036 11166 11260 11336 12506 14527 14576 14693 15297 15332 15686 16032 16116 16317 16355
Iter#345373 New set #9 of size 55 (38374.8 its/hit = 100.444s/hit): seed=17837505222596901351 [19, 45, 154, 1437, 1496, 2386, 3410, 3417, 3434, 3968, 4429, 4461, 4765, 4791, 5035, 5519, 5674, 5812, 6015, 6074, 6404, 6683, 6943, 7016, 7043, 7044, 7467, 7525, 7823, 8359, 8388, 8472, 8553, 8599, 9409, 9505, 9567, 9886, 10871, 10982, 11036, 11166, 11260, 11336, 12506, 14527, 14576, 14693, 15297, 15332, 15686, 16032, 16116, 16317, 16355]
logs_monomial/n14_monomial3.txt.bz2.greedyext.20260223_124059.txt

104 795 1336 1854 2329 2807 3270 3463 4197 4478 4515 4580 5164 5604 6213 6382 6535 6709 6767 6849 6960 6971 7146 7220 7742 7759 8234 9117 9514 9878 10013 10025 10211 10426 10486 10589 10650 11760 11792 11885 11955 11977 12097 12408 12981 13136 13277 13303 14107 14364 14971 15432 15751 15955 16118
Iter#290813 New set #3 of size 55 (96937.7 its/hit = 189.000s/hit): seed=13696253099192898535 [104, 795, 1336, 1854, 2329, 2807, 3270, 3463, 4197, 4478, 4515, 4580, 5164, 5604, 6213, 6382, 6535, 6709, 6767, 6849, 6960, 6971, 7146, 7220, 7742, 7759, 8234, 9117, 9514, 9878, 10013, 10025, 10211, 10426, 10486, 10589, 10650, 11760, 11792, 11885, 11955, 11977, 12097, 12408, 12981, 13136, 13277, 13303, 14107, 14364, 14971, 15432, 15751, 15955, 16118]
logs_monomial/n14_monomial3.txt.bz2.greedyext.20260222_050855.txt

205 562 697 794 1069 1339 1708 1856 1907 1935 2698 3145 3188 3868 3966 4427 4506 4641 4766 5077 5123 5287 5594 5784 6007 6220 6259 6458 6510 6649 6985 7499 7535 7770 7847 8496 8695 8732 8894 9247 9249 9343 9485 9781 10165 11939 12024 12336 12435 12693 14215 14713 14783 15132 15690
Iter#1027704 New set #10 of size 55 (102770.4 its/hit = 200.300s/hit): seed=12590137337796168104 [205, 562, 697, 794, 1069, 1339, 1708, 1856, 1907, 1935, 2698, 3145, 3188, 3868, 3966, 4427, 4506, 4641, 4766, 5077, 5123, 5287, 5594, 5784, 6007, 6220, 6259, 6458, 6510, 6649, 6985, 7499, 7535, 7770, 7847, 8496, 8695, 8732, 8894, 9247, 9249, 9343, 9485, 9781, 10165, 11939, 12024, 12336, 12435, 12693, 14215, 14713, 14783, 15132, 15690]
logs_monomial/n14_monomial3.txt.bz2.greedyext.20260222_050855.txt

332 545 677 1000 1125 1367 1439 1770 1804 1830 1870 1976 2389 3194 3223 3573 3868 3929 4003 4668 5335 5539 5595 6071 6852 6998 7175 8226 8289 8368 8668 8699 9102 9200 9454 9510 10423 10627 10649 10887 11071 11349 12248 12336 12460 12731 12891 13638 14875 14948 15051 15156 15510 15602 16082
Iter#336546 New set #8 of size 55 (42068.2 its/hit = 110.125s/hit): seed=6780944232536771932 [332, 545, 677, 1000, 1125, 1367, 1439, 1770, 1804, 1830, 1870, 1976, 2389, 3194, 3223, 3573, 3868, 3929, 4003, 4668, 5335, 5539, 5595, 6071, 6852, 6998, 7175, 8226, 8289, 8368, 8668, 8699, 9102, 9200, 9454, 9510, 10423, 10627, 10649, 10887, 11071, 11349, 12248, 12336, 12460, 12731, 12891, 13638, 14875, 14948, 15051, 15156, 15510, 15602, 16082]
logs_monomial/n14_monomial3.txt.bz2.greedyext.20260223_124059.txt

748 1696 1978 2286 2688 2804 2814 3249 3384 3447 3603 3618 3674 4111 4248 4651 4903 5421 5422 5631 5886 6198 6532 6801 7651 7734 7967 8106 8267 8445 8467 8820 9100 9702 10148 10642 10995 11066 11308 11618 11713 11768 11992 12118 12696 12723 13920 14062 14367 14649 15202 15556 16032 16149 16330
Iter#60703 New set #2 of size 55 (30351.5 its/hit = 75.500s/hit): seed=7827567984630653448 [748, 1696, 1978, 2286, 2688, 2804, 2814, 3249, 3384, 3447, 3603, 3618, 3674, 4111, 4248, 4651, 4903, 5421, 5422, 5631, 5886, 6198, 6532, 6801, 7651, 7734, 7967, 8106, 8267, 8445, 8467, 8820, 9100, 9702, 10148, 10642, 10995, 11066, 11308, 11618, 11713, 11768, 11992, 12118, 12696, 12723, 13920, 14062, 14367, 14649, 15202, 15556, 16032, 16149, 16330]
logs_monomial/n14_monomial3.txt.bz2.greedyext.20260221_000834.txt

756 1013 1035 1036 1774 1899 1910 2033 2262 2421 2448 3289 3334 3449 4202 4646 4724 4936 5091 5551 5630 5857 6136 6228 6805 7114 7197 7373 7836 9576 9709 10000 10403 10456 10653 10734 10835 11043 11291 11587 11714 12349 12409 12569 13243 13407 13806 14139 14613 15197 15298 15339 15762 16021 16132
Iter#801385 New set #7 of size 55 (114483.6 its/hit = 290.429s/hit): seed=10709008560754898523 [756, 1013, 1035, 1036, 1774, 1899, 1910, 2033, 2262, 2421, 2448, 3289, 3334, 3449, 4202, 4646, 4724, 4936, 5091, 5551, 5630, 5857, 6136, 6228, 6805, 7114, 7197, 7373, 7836, 9576, 9709, 10000, 10403, 10456, 10653, 10734, 10835, 11043, 11291, 11587, 11714, 12349, 12409, 12569, 13243, 13407, 13806, 14139, 14613, 15197, 15298, 15339, 15762, 16021, 16132]
logs_monomial/n14_monomial3.txt.bz2.greedyext.20260221_000834.txt

140 423 436 1117 1243 1436 1453 1543 1600 2213 3341 3531 3569 3583 3803 3807 3891 4008 4050 4218 4407 5045 5445 5670 5674 5801 6408 6886 6980 7594 7844 7903 8177 8472 8699 9028 10422 10544 11389 11758 11995 12345 12404 12538 12928 12991 13319 13498 13685 14017 14267 14278 14736 15099 15570
Iter#267014 New set #2 of size 55 (133507.0 its/hit = 260.500s/hit): seed=476436666171756242 [140, 423, 436, 1117, 1243, 1436, 1453, 1543, 1600, 2213, 3341, 3531, 3569, 3583, 3803, 3807, 3891, 4008, 4050, 4218, 4407, 5045, 5445, 5670, 5674, 5801, 6408, 6886, 6980, 7594, 7844, 7903, 8177, 8472, 8699, 9028, 10422, 10544, 11389, 11758, 11995, 12345, 12404, 12538, 12928, 12991, 13319, 13498, 13685, 14017, 14267, 14278, 14736, 15099, 15570]
logs_monomial/n14_monomial3.txt.bz2.greedyext.20260222_050855.txt

81 223 537 716 747 749 788 1115 1206 1269 1969 2221 2312 2490 2505 3474 4091 4181 4192 4615 5050 5138 5521 6576 7415 7509 8014 8928 8964 9249 9672 10046 10253 10414 10648 10665 10723 11089 12100 12513 12752 13249 13516 13527 13653 13835 14430 15071 15360 15754 15906 15974 16089 16232 16377
Iter#2799747 New set #20 of size 55 (139987.3 its/hit = 355.300s/hit): seed=4533503715196201527 [81, 223, 537, 716, 747, 749, 788, 1115, 1206, 1269, 1969, 2221, 2312, 2490, 2505, 3474, 4091, 4181, 4192, 4615, 5050, 5138, 5521, 6576, 7415, 7509, 8014, 8928, 8964, 9249, 9672, 10046, 10253, 10414, 10648, 10665, 10723, 11089, 12100, 12513, 12752, 13249, 13516, 13527, 13653, 13835, 14430, 15071, 15360, 15754, 15906, 15974, 16089, 16232, 16377]
logs_monomial/n14_monomial3.txt.bz2.greedyext.20260221_000834.txt

149 501 689 963 1100 1109 2647 3311 3337 3599 3725 3845 4531 4709 5208 5776 6147 6202 6471 6690 7398 7411 7800 8315 8587 8704 8877 9170 9827 9868 9882 9991 10499 10816 10835 11252 11392 11437 11961 12479 13216 13730 13882 14173 14195 14313 14357 14666 14668 15218 15227 15415 15582 15938 16169
Iter#287908 New set #6 of size 55 (47984.7 its/hit = 125.833s/hit): seed=14727723442502827126 [149, 501, 689, 963, 1100, 1109, 2647, 3311, 3337, 3599, 3725, 3845, 4531, 4709, 5208, 5776, 6147, 6202, 6471, 6690, 7398, 7411, 7800, 8315, 8587, 8704, 8877, 9170, 9827, 9868, 9882, 9991, 10499, 10816, 10835, 11252, 11392, 11437, 11961, 12479, 13216, 13730, 13882, 14173, 14195, 14313, 14357, 14666, 14668, 15218, 15227, 15415, 15582, 15938, 16169]
logs_monomial/n14_monomial3.txt.bz2.greedyext.20260223_124059.txt

375 517 525 716 836 1034 1311 1884 2024 2795 3144 3755 4159 4912 5292 5553 5591 6807 6967 7295 7467 7529 8138 8186 8281 8293 8784 9282 10455 10518 10973 11161 11362 11929 12367 12696 12774 13103 13185 13645 13975 14563 14686 14811 14876 15121 15279 15347 15425 15548 15689 15701 15783 15994 16304
Iter#656523 New set #9 of size 55 (72947.0 its/hit = 142.222s/hit): seed=4344005546483194903 [375, 517, 525, 716, 836, 1034, 1311, 1884, 2024, 2795, 3144, 3755, 4159, 4912, 5292, 5553, 5591, 6807, 6967, 7295, 7467, 7529, 8138, 8186, 8281, 8293, 8784, 9282, 10455, 10518, 10973, 11161, 11362, 11929, 12367, 12696, 12774, 13103, 13185, 13645, 13975, 14563, 14686, 14811, 14876, 15121, 15279, 15347, 15425, 15548, 15689, 15701, 15783, 15994, 16304]
logs_monomial/n14_monomial3.txt.bz2.greedyext.20260222_050855.txt

341 750 1429 2207 2535 2551 2576 2617 2618 2850 2990 3084 3547 3763 4621 5203 5399 6680 6981 7030 7258 7602 7614 8117 8830 8863 8877 8938 8997 9196 9506 9913 9989 10329 10455 10889 11219 11868 11880 12036 12380 12618 12741 12843 13279 13759 14055 14539 14698 14727 14887 14969 15338 16145 16149
Iter#110371 New set #3 of size 55 (36790.3 its/hit = 96.000s/hit): seed=12704301345352226555 [341, 750, 1429, 2207, 2535, 2551, 2576, 2617, 2618, 2850, 2990, 3084, 3547, 3763, 4621, 5203, 5399, 6680, 6981, 7030, 7258, 7602, 7614, 8117, 8830, 8863, 8877, 8938, 8997, 9196, 9506, 9913, 9989, 10329, 10455, 10889, 11219, 11868, 11880, 12036, 12380, 12618, 12741, 12843, 13279, 13759, 14055, 14539, 14698, 14727, 14887, 14969, 15338, 16145, 16149]
logs_monomial/n14_monomial3.txt.bz2.greedyext.20260223_124059.txt

94 789 802 863 1545 2148 2424 2699 3287 3764 4289 4837 4957 5144 5308 5461 5626 5973 6005 6006 6075 6777 6882 6936 7023 7101 7682 8020 8059 8425 8526 8775 10100 10125 10390 10587 11098 11418 11529 12999 13074 13109 13160 13719 13932 14149 14244 14489 14746 14843 14901 15247 15541 15912 16067
Iter#1941203 New set #20 of size 55 (97060.1 its/hit = 189.600s/hit): seed=18263635649259148656 [94, 789, 802, 863, 1545, 2148, 2424, 2699, 3287, 3764, 4289, 4837, 4957, 5144, 5308, 5461, 5626, 5973, 6005, 6006, 6075, 6777, 6882, 6936, 7023, 7101, 7682, 8020, 8059, 8425, 8526, 8775, 10100, 10125, 10390, 10587, 11098, 11418, 11529, 12999, 13074, 13109, 13160, 13719, 13932, 14149, 14244, 14489, 14746, 14843, 14901, 15247, 15541, 15912, 16067]
logs_monomial/n14_monomial3.txt.bz2.greedyext.20260222_050855.txt

171 510 872 900 926 972 1106 1357 1530 1533 2244 2534 2826 2892 3347 3468 3559 3767 3960 4075 4218 4321 4340 4886 4948 5752 6373 6567 7490 7502 8493 8948 9044 9130 9463 10447 10606 10993 11218 11477 12674 12811 12852 12885 13401 13505 14261 14352 14508 14843 15015 15151 15358 15935 16176
Iter#310485 New set #7 of size 55 (44355.0 its/hit = 116.286s/hit): seed=3582880274884158003 [171, 510, 872, 900, 926, 972, 1106, 1357, 1530, 1533, 2244, 2534, 2826, 2892, 3347, 3468, 3559, 3767, 3960, 4075, 4218, 4321, 4340, 4886, 4948, 5752, 6373, 6567, 7490, 7502, 8493, 8948, 9044, 9130, 9463, 10447, 10606, 10993, 11218, 11477, 12674, 12811, 12852, 12885, 13401, 13505, 14261, 14352, 14508, 14843, 15015, 15151, 15358, 15935, 16176]
logs_monomial/n14_monomial3.txt.bz2.greedyext.20260223_124059.txt

548 908 1335 1553 1586 1804 2440 2755 3204 3226 4307 4662 4871 5422 5716 5878 5955 6185 6281 6634 6835 6876 7102 7137 7347 7718 7988 8312 8377 8624 8786 9200 9602 9767 10074 10157 10391 10432 10461 10497 10564 10577 11485 12446 12554 14031 14746 14883 15314 15546 15586 15711 15767 16104 16346
Iter#570873 New set #6 of size 55 (95145.5 its/hit = 185.500s/hit): seed=11409593977121332061 [548, 908, 1335, 1553, 1586, 1804, 2440, 2755, 3204, 3226, 4307, 4662, 4871, 5422, 5716, 5878, 5955, 6185, 6281, 6634, 6835, 6876, 7102, 7137, 7347, 7718, 7988, 8312, 8377, 8624, 8786, 9200, 9602, 9767, 10074, 10157, 10391, 10432, 10461, 10497, 10564, 10577, 11485, 12446, 12554, 14031, 14746, 14883, 15314, 15546, 15586, 15711, 15767, 16104, 16346]
logs_monomial/n14_monomial3.txt.bz2.greedyext.20260222_050855.txt

1345 1951 2957 3070 3262 3898 4081 4154 4168 4560 4637 4806 4962 5087 5127 5302 5580 6637 6651 6663 6719 6964 7160 7474 7628 7764 8395 8715 8764 8868 8983 9037 9297 9674 9811 9872 9969 10191 11323 11673 11868 11940 11970 12132 12174 12203 12272 12964 13164 14066 14767 14838 15298 15459 16212
Iter#357442 New set #4 of size 55 (89360.5 its/hit = 174.250s/hit): seed=18020340903402684330 [1345, 1951, 2957, 3070, 3262, 3898, 4081, 4154, 4168, 4560, 4637, 4806, 4962, 5087, 5127, 5302, 5580, 6637, 6651, 6663, 6719, 6964, 7160, 7474, 7628, 7764, 8395, 8715, 8764, 8868, 8983, 9037, 9297, 9674, 9811, 9872, 9969, 10191, 11323, 11673, 11868, 11940, 11970, 12132, 12174, 12203, 12272, 12964, 13164, 14066, 14767, 14838, 15298, 15459, 16212]
logs_monomial/n14_monomial3.txt.bz2.greedyext.20260222_050855.txt

46 367 384 567 873 1269 1434 1609 1627 2661 2703 3079 4504 4662 4996 5002 5013 5633 5793 5859 5909 6315 6497 6555 6629 6850 7142 7165 7399 7482 7630 7708 7766 8133 8415 8535 8960 9408 10024 10077 10078 11175 11761 11770 11894 12306 12504 12641 12769 14130 14358 14824 14829 14992 15017
Iter#1187938 New set #9 of size 55 (131993.1 its/hit = 334.889s/hit): seed=5526470970834225556 [46, 367, 384, 567, 873, 1269, 1434, 1609, 1627, 2661, 2703, 3079, 4504, 4662, 4996, 5002, 5013, 5633, 5793, 5859, 5909, 6315, 6497, 6555, 6629, 6850, 7142, 7165, 7399, 7482, 7630, 7708, 7766, 8133, 8415, 8535, 8960, 9408, 10024, 10077, 10078, 11175, 11761, 11770, 11894, 12306, 12504, 12641, 12769, 14130, 14358, 14824, 14829, 14992, 15017]
logs_monomial/n14_monomial3.txt.bz2.greedyext.20260221_000834.txt

154 239 1191 2192 2247 2369 2378 2483 2994 3192 3302 3742 3793 3996 4254 4781 5217 5412 5594 6279 6606 6980 7299 7362 7454 7471 8021 8089 9081 10069 10294 10778 10876 11321 11748 11867 11889 12041 12533 12558 12905 13448 13574 14263 14587 14676 14882 15078 15441 15589 15771 15815 16118 16146 16214
Iter#4788819 New set #50 of size 55 (95776.4 its/hit = 187.240s/hit): seed=17668332389084307268 [154, 239, 1191, 2192, 2247, 2369, 2378, 2483, 2994, 3192, 3302, 3742, 3793, 3996, 4254, 4781, 5217, 5412, 5594, 6279, 6606, 6980, 7299, 7362, 7454, 7471, 8021, 8089, 9081, 10069, 10294, 10778, 10876, 11321, 11748, 11867, 11889, 12041, 12533, 12558, 12905, 13448, 13574, 14263, 14587, 14676, 14882, 15078, 15441, 15589, 15771, 15815, 16118, 16146, 16214]
logs_monomial/n14_monomial3.txt.bz2.greedyext.20260222_050855.txt

735 847 874 1544 2586 3014 4203 4964 5022 5167 5570 5601 5755 6081 6148 6157 7144 7470 7943 8019 8083 8510 8723 8852 8953 9132 9316 9614 9913 10118 10179 10646 11311 11448 11574 12100 12309 12517 12769 12911 13227 13496 13841 13961 14542 14712 14719 14765 14957 14969 15288 15345 15358 15518 15678
Iter#549528 New set #10 of size 55 (54952.8 its/hit = 143.500s/hit): seed=10696169553311592736 [735, 847, 874, 1544, 2586, 3014, 4203, 4964, 5022, 5167, 5570, 5601, 5755, 6081, 6148, 6157, 7144, 7470, 7943, 8019, 8083, 8510, 8723, 8852, 8953, 9132, 9316, 9614, 9913, 10118, 10179, 10646, 11311, 11448, 11574, 12100, 12309, 12517, 12769, 12911, 13227, 13496, 13841, 13961, 14542, 14712, 14719, 14765, 14957, 14969, 15288, 15345, 15358, 15518, 15678]
logs_monomial/n14_monomial3.txt.bz2.greedyext.20260223_124059.txt

1 325 433 1608 1687 2444 2513 2723 2774 3596 3686 4527 4721 5024 5053 5062 5163 5642 5720 5951 6407 6646 6715 6972 7162 7354 7700 8064 8486 8603 8902 9369 10871 11081 11230 11271 11631 11860 12085 12106 12707 12753 13378 13394 13434 13553 14048 14052 14374 14486 14918 14931 15006 15633 16314
Iter#613952 New set #8 of size 55 (76744.0 its/hit = 149.625s/hit): seed=16055973730341242178 [1, 325, 433, 1608, 1687, 2444, 2513, 2723, 2774, 3596, 3686, 4527, 4721, 5024, 5053, 5062, 5163, 5642, 5720, 5951, 6407, 6646, 6715, 6972, 7162, 7354, 7700, 8064, 8486, 8603, 8902, 9369, 10871, 11081, 11230, 11271, 11631, 11860, 12085, 12106, 12707, 12753, 13378, 13394, 13434, 13553, 14048, 14052, 14374, 14486, 14918, 14931, 15006, 15633, 16314]
logs_monomial/n14_monomial3.txt.bz2.greedyext.20260222_050855.txt

233 1403 1578 1939 2039 2190 2252 2598 3001 3586 3675 4174 4760 4789 5289 6039 6157 6496 6871 7068 7413 7482 7499 7789 7901 7966 7970 8276 8504 9373 9528 9574 9607 9620 10389 10585 11312 11632 11636 12047 12213 12542 12920 12952 12957 12959 13830 13989 14325 14488 14540 15300 15382 15496 15594
Iter#434605 New set #5 of size 55 (86921.0 its/hit = 169.400s/hit): seed=25073363566776816 [233, 1403, 1578, 1939, 2039, 2190, 2252, 2598, 3001, 3586, 3675, 4174, 4760, 4789, 5289, 6039, 6157, 6496, 6871, 7068, 7413, 7482, 7499, 7789, 7901, 7966, 7970, 8276, 8504, 9373, 9528, 9574, 9607, 9620, 10389, 10585, 11312, 11632, 11636, 12047, 12213, 12542, 12920, 12952, 12957, 12959, 13830, 13989, 14325, 14488, 14540, 15300, 15382, 15496, 15594]
logs_monomial/n14_monomial3.txt.bz2.greedyext.20260222_050855.txt

1089 1173 1629 1679 1709 1747 1908 2083 2270 2413 2517 2605 3470 3543 3670 3719 4136 4175 4372 4491 4989 5270 5637 6011 6553 6874 6966 7212 8125 8205 8487 8620 8625 8716 9963 10025 10035 10053 10099 10330 10884 10938 11253 11370 12137 12207 12312 12408 13030 13380 13408 13428 14487 15400 15500
Iter#242881 New set #1 of size 55 (242881.0 its/hit = 474.000s/hit): seed=3343234186349554767 [1089, 1173, 1629, 1679, 1709, 1747, 1908, 2083, 2270, 2413, 2517, 2605, 3470, 3543, 3670, 3719, 4136, 4175, 4372, 4491, 4989, 5270, 5637, 6011, 6553, 6874, 6966, 7212, 8125, 8205, 8487, 8620, 8625, 8716, 9963, 10025, 10035, 10053, 10099, 10330, 10884, 10938, 11253, 11370, 12137, 12207, 12312, 12408, 13030, 13380, 13408, 13428, 14487, 15400, 15500]
logs_monomial/n14_monomial3.txt.bz2.greedyext.20260222_050855.txt

42 56 604 691 949 952 1666 1846 1907 1990 2521 2754 2879 3276 3378 3499 4235 4488 5090 5124 5217 5339 5566 5888 5900 7088 7382 7504 8987 9546 9594 9635 9711 9914 9936 10164 10244 10470 10514 10537 10815 11058 11349 11741 11896 12029 12079 12421 13443 13540 13920 14005 14012 14173 14522
Iter#578767 New set #7 of size 55 (82681.0 its/hit = 161.143s/hit): seed=1507895054168204261 [42, 56, 604, 691, 949, 952, 1666, 1846, 1907, 1990, 2521, 2754, 2879, 3276, 3378, 3499, 4235, 4488, 5090, 5124, 5217, 5339, 5566, 5888, 5900, 7088, 7382, 7504, 8987, 9546, 9594, 9635, 9711, 9914, 9936, 10164, 10244, 10470, 10514, 10537, 10815, 11058, 11349, 11741, 11896, 12029, 12079, 12421, 13443, 13540, 13920, 14005, 14012, 14173, 14522]
logs_monomial/n14_monomial3.txt.bz2.greedyext.20260222_050855.txt

362 813 1088 1222 1260 1740 2110 2452 2496 2648 2722 2930 3100 3374 3547 3615 4500 4702 4862 4938 5112 5174 5499 5529 6794 6870 7427 7639 7790 7810 7875 7921 8198 9586 10519 10698 11274 12044 12678 12686 12770 12967 13468 13528 14095 14576 14642 14762 15101 15189 15539 15647 15728 15738 16312
Iter#1287089 New set #10 of size 55 (128708.9 its/hit = 326.600s/hit): seed=6888566792113757567 [362, 813, 1088, 1222, 1260, 1740, 2110, 2452, 2496, 2648, 2722, 2930, 3100, 3374, 3547, 3615, 4500, 4702, 4862, 4938, 5112, 5174, 5499, 5529, 6794, 6870, 7427, 7639, 7790, 7810, 7875, 7921, 8198, 9586, 10519, 10698, 11274, 12044, 12678, 12686, 12770, 12967, 13468, 13528, 14095, 14576, 14642, 14762, 15101, 15189, 15539, 15647, 15728, 15738, 16312]
logs_monomial/n14_monomial3.txt.bz2.greedyext.20260221_000834.txt

152 435 1084 1313 1448 1451 1469 1661 1926 2261 2275 2531 2800 3015 3054 3193 3751 3921 4236 4405 4876 5511 6288 6296 6665 7290 7685 7768 8120 8409 9663 10041 10589 10840 10842 10971 10974 10981 11412 11544 12196 12253 12591 12631 13135 13176 13289 13875 14478 14499 14715 15708 16037 16175 16306
Iter#927655 New set #8 of size 55 (115956.9 its/hit = 294.125s/hit): seed=963647385668243081 [152, 435, 1084, 1313, 1448, 1451, 1469, 1661, 1926, 2261, 2275, 2531, 2800, 3015, 3054, 3193, 3751, 3921, 4236, 4405, 4876, 5511, 6288, 6296, 6665, 7290, 7685, 7768, 8120, 8409, 9663, 10041, 10589, 10840, 10842, 10971, 10974, 10981, 11412, 11544, 12196, 12253, 12591, 12631, 13135, 13176, 13289, 13875, 14478, 14499, 14715, 15708, 16037, 16175, 16306]
logs_monomial/n14_monomial3.txt.bz2.greedyext.20260221_000834.txt

187 330 445 1188 1205 1921 2151 2154 2383 2411 3239 3781 3869 3873 4014 4573 4595 4784 4839 4881 4950 5065 5112 5217 5321 5748 6243 6458 6623 6867 7256 7416 8324 8340 8553 9073 9122 9393 9443 10200 11382 12187 12675 13103 13611 14078 14084 14126 14310 15137 15186 15560 15986 16006 16015
Iter#121700 New set #4 of size 55 (30425.0 its/hit = 79.500s/hit): seed=9300381586829392 [187, 330, 445, 1188, 1205, 1921, 2151, 2154, 2383, 2411, 3239, 3781, 3869, 3873, 4014, 4573, 4595, 4784, 4839, 4881, 4950, 5065, 5112, 5217, 5321, 5748, 6243, 6458, 6623, 6867, 7256, 7416, 8324, 8340, 8553, 9073, 9122, 9393, 9443, 10200, 11382, 12187, 12675, 13103, 13611, 14078, 14084, 14126, 14310, 15137, 15186, 15560, 15986, 16006, 16015]
logs_monomial/n14_monomial3.txt.bz2.greedyext.20260223_124059.txt

160 335 504 931 1093 1360 1517 1863 2643 3482 3534 3884 4213 4264 4308 4332 4378 4687 5089 5490 5588 5988 6319 6414 6507 7088 7098 7190 7748 8236 8303 9038 9307 10334 10915 10994 11033 11570 11645 12477 12562 12690 12783 12932 13122 13181 13711 14368 14844 14920 15070 15314 15682 15890 16150
Iter#3095642 New set #30 of size 55 (103188.1 its/hit = 201.700s/hit): seed=6382598009490736874 [160, 335, 504, 931, 1093, 1360, 1517, 1863, 2643, 3482, 3534, 3884, 4213, 4264, 4308, 4332, 4378, 4687, 5089, 5490, 5588, 5988, 6319, 6414, 6507, 7088, 7098, 7190, 7748, 8236, 8303, 9038, 9307, 10334, 10915, 10994, 11033, 11570, 11645, 12477, 12562, 12690, 12783, 12932, 13122, 13181, 13711, 14368, 14844, 14920, 15070, 15314, 15682, 15890, 16150]
logs_monomial/n14_monomial3.txt.bz2.greedyext.20260222_050855.txt

597 788 908 977 1627 1812 1919 2531 2666 3165 3412 3662 3707 3881 4152 4207 4281 4579 4852 5019 5248 5543 5625 5766 6350 6559 7375 7428 8065 8360 8442 8537 8751 9083 9185 9632 10128 11019 11221 11338 11451 11791 12488 12667 13092 13660 14093 14128 14575 14635 15262 15323 15817 16053 16101
Iter#4057697 New set #50 of size 55 (81153.9 its/hit = 211.100s/hit): seed=1049025445836036035 [597, 788, 908, 977, 1627, 1812, 1919, 2531, 2666, 3165, 3412, 3662, 3707, 3881, 4152, 4207, 4281, 4579, 4852, 5019, 5248, 5543, 5625, 5766, 6350, 6559, 7375, 7428, 8065, 8360, 8442, 8537, 8751, 9083, 9185, 9632, 10128, 11019, 11221, 11338, 11451, 11791, 12488, 12667, 13092, 13660, 14093, 14128, 14575, 14635, 15262, 15323, 15817, 16053, 16101]
logs_monomial/n14_monomial3.txt.bz2.greedyext.20260223_124059.txt

125 177 342 625 889 1319 1477 1896 2008 2439 2551 3044 3411 3776 4619 4649 5175 5669 5881 5953 6526 6689 6885 6983 7348 7574 7783 7797 8474 9314 9402 9509 9789 10087 10217 10377 10444 10604 10640 11145 11768 11806 12620 12882 13564 14131 14387 14512 14669 15154 15250 15699 15839 16174 16175
Iter#647330 New set #5 of size 55 (129466.0 its/hit = 328.800s/hit): seed=17774650362531607915 [125, 177, 342, 625, 889, 1319, 1477, 1896, 2008, 2439, 2551, 3044, 3411, 3776, 4619, 4649, 5175, 5669, 5881, 5953, 6526, 6689, 6885, 6983, 7348, 7574, 7783, 7797, 8474, 9314, 9402, 9509, 9789, 10087, 10217, 10377, 10444, 10604, 10640, 11145, 11768, 11806, 12620, 12882, 13564, 14131, 14387, 14512, 14669, 15154, 15250, 15699, 15839, 16174, 16175]
logs_monomial/n14_monomial3.txt.bz2.greedyext.20260221_000834.txt

97 354 677 1156 1829 2072 2546 2599 2690 3166 4059 4686 5176 5482 6185 6282 6285 6691 6795 6918 6959 7342 7379 8148 8547 8778 8825 9279 9320 9363 9484 9752 10256 10496 10600 10878 10900 11063 11699 11898 11962 12064 12135 12750 12914 13348 13355 13418 13807 13832 13871 15424 15734 15966 16073
Iter#2223775 New set #30 of size 55 (74125.8 its/hit = 193.700s/hit): seed=16968347164124142094 [97, 354, 677, 1156, 1829, 2072, 2546, 2599, 2690, 3166, 4059, 4686, 5176, 5482, 6185, 6282, 6285, 6691, 6795, 6918, 6959, 7342, 7379, 8148, 8547, 8778, 8825, 9279, 9320, 9363, 9484, 9752, 10256, 10496, 10600, 10878, 10900, 11063, 11699, 11898, 11962, 12064, 12135, 12750, 12914, 13348, 13355, 13418, 13807, 13832, 13871, 15424, 15734, 15966, 16073]
logs_monomial/n14_monomial3.txt.bz2.greedyext.20260223_124059.txt

