0 30 529 582 733 1220 2963 3447 3587 4489 5128 5506 5841 6212 6236 7288 8226 8530 8536 10743 11815 11821 12043 12420 12872 13094 13293 13639 13645 13715 13866 14022 14565 14699 14898 14904 15482 15501 16098 16895 17324 17701 17765 19733 19865 20414 21690 22119 22698 22761 23482 25381 25419 26110 27221 27477 27743 27872 28290 28645 28969 29696 30547 30571 30615 31446 31621 31637 31705 32215 32515
Iter#1954042 New set #4 of size 71 (488510.5 its/hit = 1920.000s/hit): seed=17176780514345837417 [0, 30, 529, 582, 733, 1220, 2963, 3447, 3587, 4489, 5128, 5506, 5841, 6212, 6236, 7288, 8226, 8530, 8536, 10743, 11815, 11821, 12043, 12420, 12872, 13094, 13293, 13639, 13645, 13715, 13866, 14022, 14565, 14699, 14898, 14904, 15482, 15501, 16098, 16895, 17324, 17701, 17765, 19733, 19865, 20414, 21690, 22119, 22698, 22761, 23482, 25381, 25419, 26110, 27221, 27477, 27743, 27872, 28290, 28645, 28969, 29696, 30547, 30571, 30615, 31446, 31621, 31637, 31705, 32215, 32515]
logs_monomial/n15_monomial9.txt.bz2.greedyext.20260222_090856.txt

0 1459 1648 2313 2612 3248 4019 4899 4928 5103 6562 6789 6796 7274 7669 7880 8251 8839 8840 9218 9353 9864 10358 10784 11083 12005 12174 12281 12446 13033 15498 15639 15709 15742 16311 16558 16837 17175 17495 17515 17664 18204 18517 18834 19766 20180 20921 21081 21090 21652 21761 22645 22722 23450 24526 24702 24779 25516 25721 26237 26474 27058 27579 28425 28733 28982 30105 30369 32610 32628 32735
Iter#986808 New set #3 of size 71 (328936.0 its/hit = 1572.000s/hit): seed=16557677586605125949 [0, 1459, 1648, 2313, 2612, 3248, 4019, 4899, 4928, 5103, 6562, 6789, 6796, 7274, 7669, 7880, 8251, 8839, 8840, 9218, 9353, 9864, 10358, 10784, 11083, 12005, 12174, 12281, 12446, 13033, 15498, 15639, 15709, 15742, 16311, 16558, 16837, 17175, 17495, 17515, 17664, 18204, 18517, 18834, 19766, 20180, 20921, 21081, 21090, 21652, 21761, 22645, 22722, 23450, 24526, 24702, 24779, 25516, 25721, 26237, 26474, 27058, 27579, 28425, 28733, 28982, 30105, 30369, 32610, 32628, 32735]
logs_monomial/n15_monomial9.txt.bz2.greedyext.20260223_124059.txt

0 287 571 963 2111 2161 2857 3140 3826 4606 5152 5162 5528 5798 6682 7330 7332 7425 8257 9200 9373 9599 10538 11051 11420 11534 11844 11916 12084 12526 12854 13457 14614 14810 15001 16065 16815 16931 17666 18295 18974 19048 19659 19827 20223 20395 20680 20737 21465 21482 22443 23022 24398 24701 25287 25536 25926 26011 26026 26636 27048 28339 30062 30311 30434 30630 30687 30973 31000 31154 31294
Iter#135530 New set #1 of size 71 (135530.0 its/hit = 634.000s/hit): seed=3247251225815007091 [0, 287, 571, 963, 2111, 2161, 2857, 3140, 3826, 4606, 5152, 5162, 5528, 5798, 6682, 7330, 7332, 7425, 8257, 9200, 9373, 9599, 10538, 11051, 11420, 11534, 11844, 11916, 12084, 12526, 12854, 13457, 14614, 14810, 15001, 16065, 16815, 16931, 17666, 18295, 18974, 19048, 19659, 19827, 20223, 20395, 20680, 20737, 21465, 21482, 22443, 23022, 24398, 24701, 25287, 25536, 25926, 26011, 26026, 26636, 27048, 28339, 30062, 30311, 30434, 30630, 30687, 30973, 31000, 31154, 31294]
logs_monomial/n15_monomial9.txt.bz2.greedyext.20260222_090856.txt

0 10 798 1036 1112 1674 1719 2531 5123 5232 5258 5663 5897 5955 6053 6294 7036 7317 7648 7676 8899 9858 9985 11864 11871 11904 13480 13683 14036 14715 15458 15683 15729 15736 15797 16346 16716 16841 17989 18025 18380 18394 18439 18721 18835 18891 19281 19325 20013 20025 21048 21465 22274 22318 22613 23062 23098 23738 24121 24815 25377 27294 28656 28730 29072 29394 29695 31031 31703 31719 32724
Iter#578102 New set #2 of size 71 (289051.0 its/hit = 1212.500s/hit): seed=11545038205804579543 [0, 10, 798, 1036, 1112, 1674, 1719, 2531, 5123, 5232, 5258, 5663, 5897, 5955, 6053, 6294, 7036, 7317, 7648, 7676, 8899, 9858, 9985, 11864, 11871, 11904, 13480, 13683, 14036, 14715, 15458, 15683, 15729, 15736, 15797, 16346, 16716, 16841, 17989, 18025, 18380, 18394, 18439, 18721, 18835, 18891, 19281, 19325, 20013, 20025, 21048, 21465, 22274, 22318, 22613, 23062, 23098, 23738, 24121, 24815, 25377, 27294, 28656, 28730, 29072, 29394, 29695, 31031, 31703, 31719, 32724]
logs_monomial/n15_monomial9.txt.bz2.greedyext.20260222_090856.txt

0 110 256 748 1657 1789 1793 2184 2741 3300 3632 3801 4384 4566 5027 5445 5462 7689 8411 8790 9537 10638 11313 11328 12860 13605 13709 13993 14186 14996 14999 15142 15538 15848 16018 16113 16434 17191 18687 19138 19562 19603 19610 19886 20142 22043 22168 22623 23132 23822 23977 24003 24104 25419 25534 25543 26062 26262 26414 26660 28112 29543 29623 29674 30057 30262 30573 30767 31527 31930 32114
Iter#1997691 New set #5 of size 71 (399538.2 its/hit = 1569.200s/hit): seed=9291387752915300002 [0, 110, 256, 748, 1657, 1789, 1793, 2184, 2741, 3300, 3632, 3801, 4384, 4566, 5027, 5445, 5462, 7689, 8411, 8790, 9537, 10638, 11313, 11328, 12860, 13605, 13709, 13993, 14186, 14996, 14999, 15142, 15538, 15848, 16018, 16113, 16434, 17191, 18687, 19138, 19562, 19603, 19610, 19886, 20142, 22043, 22168, 22623, 23132, 23822, 23977, 24003, 24104, 25419, 25534, 25543, 26062, 26262, 26414, 26660, 28112, 29543, 29623, 29674, 30057, 30262, 30573, 30767, 31527, 31930, 32114]
logs_monomial/n15_monomial9.txt.bz2.greedyext.20260222_090856.txt

0 439 1164 2058 2072 2561 2627 3169 3245 3792 3869 4054 4433 4434 4659 4773 4998 5504 6377 6617 7009 7688 8434 8700 9359 9418 10414 10519 11366 11379 11431 11813 12573 12599 12758 13817 14178 14675 15969 16198 16601 16608 17702 18597 19270 19572 19647 21116 21493 21802 22308 22373 22520 22988 23298 23600 24273 24756 24932 25754 25758 26634 27204 28962 29013 29300 29375 30441 30778 31544 32699
Iter#22757 New set #1 of size 71 (22757.0 its/hit = 106.000s/hit): seed=12304496439693863195 [0, 439, 1164, 2058, 2072, 2561, 2627, 3169, 3245, 3792, 3869, 4054, 4433, 4434, 4659, 4773, 4998, 5504, 6377, 6617, 7009, 7688, 8434, 8700, 9359, 9418, 10414, 10519, 11366, 11379, 11431, 11813, 12573, 12599, 12758, 13817, 14178, 14675, 15969, 16198, 16601, 16608, 17702, 18597, 19270, 19572, 19647, 21116, 21493, 21802, 22308, 22373, 22520, 22988, 23298, 23600, 24273, 24756, 24932, 25754, 25758, 26634, 27204, 28962, 29013, 29300, 29375, 30441, 30778, 31544, 32699]
logs_monomial/n15_monomial9.txt.bz2.greedyext.20260221_020835.txt

0 2 1459 2720 2921 3037 3204 3247 3588 3831 4481 4569 4602 4869 5957 6208 7036 7168 7313 7882 8091 8190 8356 8459 11857 12166 12377 12894 14031 14123 14402 15428 16434 16489 16921 17673 17987 17999 18009 18246 18264 18345 18385 18780 19559 19740 20014 20145 20342 20501 20675 21029 22008 22178 22694 22857 22957 23702 23862 24216 24228 25753 26383 27130 27267 28682 29400 30122 30240 31039 32533
Iter#1562881 New set #3 of size 71 (520960.3 its/hit = 2063.667s/hit): seed=2686349085017572381 [0, 2, 1459, 2720, 2921, 3037, 3204, 3247, 3588, 3831, 4481, 4569, 4602, 4869, 5957, 6208, 7036, 7168, 7313, 7882, 8091, 8190, 8356, 8459, 11857, 12166, 12377, 12894, 14031, 14123, 14402, 15428, 16434, 16489, 16921, 17673, 17987, 17999, 18009, 18246, 18264, 18345, 18385, 18780, 19559, 19740, 20014, 20145, 20342, 20501, 20675, 21029, 22008, 22178, 22694, 22857, 22957, 23702, 23862, 24216, 24228, 25753, 26383, 27130, 27267, 28682, 29400, 30122, 30240, 31039, 32533]
logs_monomial/n15_monomial9.txt.bz2.greedyext.20260222_090856.txt

0 481 488 522 883 966 1313 1363 1445 1930 2120 2213 3666 3722 5039 6059 6741 7230 7494 7860 12754 13075 13322 13727 13757 14015 14432 14474 15442 15575 15979 16145 16607 16610 16705 16868 18098 18133 18217 18890 18932 18994 19461 19545 20095 20870 20949 21372 21835 21846 22190 22509 22956 23758 24475 25035 27087 27191 27430 28850 29987 30035 30379 30437 30506 30579 31240 31744 31794 31996 32325
Iter#478143 New set #3 of size 71 (159381.0 its/hit = 655.333s/hit): seed=3438666253266615710 [0, 481, 488, 522, 883, 966, 1313, 1363, 1445, 1930, 2120, 2213, 3666, 3722, 5039, 6059, 6741, 7230, 7494, 7860, 12754, 13075, 13322, 13727, 13757, 14015, 14432, 14474, 15442, 15575, 15979, 16145, 16607, 16610, 16705, 16868, 18098, 18133, 18217, 18890, 18932, 18994, 19461, 19545, 20095, 20870, 20949, 21372, 21835, 21846, 22190, 22509, 22956, 23758, 24475, 25035, 27087, 27191, 27430, 28850, 29987, 30035, 30379, 30437, 30506, 30579, 31240, 31744, 31794, 31996, 32325]
logs_monomial/n15_monomial9.txt.bz2.greedyext.20260221_020835.txt

0 473 518 1863 2209 2330 2842 3295 3405 3565 4034 4181 4189 4205 4711 4838 5359 5696 5914 5992 6050 7573 9094 10492 10906 11687 11741 12127 12611 12695 12727 12775 12886 13093 13346 13713 14038 15047 15744 16733 17140 18545 18741 19283 19655 20039 20618 21218 21228 22155 22394 22506 22822 23033 23550 23825 24091 25577 25812 25891 27039 27166 27772 28422 28685 29362 29538 29872 30290 31358 32302
Iter#62080 New set #2 of size 71 (31040.0 its/hit = 147.500s/hit): seed=17629471453652449803 [0, 473, 518, 1863, 2209, 2330, 2842, 3295, 3405, 3565, 4034, 4181, 4189, 4205, 4711, 4838, 5359, 5696, 5914, 5992, 6050, 7573, 9094, 10492, 10906, 11687, 11741, 12127, 12611, 12695, 12727, 12775, 12886, 13093, 13346, 13713, 14038, 15047, 15744, 16733, 17140, 18545, 18741, 19283, 19655, 20039, 20618, 21218, 21228, 22155, 22394, 22506, 22822, 23033, 23550, 23825, 24091, 25577, 25812, 25891, 27039, 27166, 27772, 28422, 28685, 29362, 29538, 29872, 30290, 31358, 32302]
logs_monomial/n15_monomial9.txt.bz2.greedyext.20260221_020835.txt

0 419 476 819 1073 1532 1581 1777 1840 2387 2501 2641 2944 4102 5440 5470 5844 5868 6212 7098 7363 7529 7797 8185 10171 10225 10987 11334 11459 11751 11760 12061 12252 12421 12875 14052 14233 14471 14791 16339 16500 16990 17167 17331 18109 18676 19820 19822 20269 21692 23322 23338 23351 23524 24221 24288 25035 26348 27231 27777 28106 28177 28184 28254 28492 28747 29007 29403 30855 31928 32705
Iter#2029084 New set #6 of size 71 (338180.7 its/hit = 1327.500s/hit): seed=5574206575229231513 [0, 419, 476, 819, 1073, 1532, 1581, 1777, 1840, 2387, 2501, 2641, 2944, 4102, 5440, 5470, 5844, 5868, 6212, 7098, 7363, 7529, 7797, 8185, 10171, 10225, 10987, 11334, 11459, 11751, 11760, 12061, 12252, 12421, 12875, 14052, 14233, 14471, 14791, 16339, 16500, 16990, 17167, 17331, 18109, 18676, 19820, 19822, 20269, 21692, 23322, 23338, 23351, 23524, 24221, 24288, 25035, 26348, 27231, 27777, 28106, 28177, 28184, 28254, 28492, 28747, 29007, 29403, 30855, 31928, 32705]
logs_monomial/n15_monomial9.txt.bz2.greedyext.20260222_090856.txt

0 534 575 852 1896 2094 2222 2767 2950 3307 3644 4195 4413 4429 4520 6628 7160 7484 7750 7790 9203 9762 11315 11515 12162 13089 13489 13508 14996 15096 15493 15518 16563 16767 17016 17439 17678 18121 18677 18977 19331 19513 19650 19867 19911 21151 21872 22032 22239 22527 22778 23553 24870 25069 25203 25741 25805 27135 27403 29197 29615 29717 30135 30573 30748 31444 31784 31793 32178 32203 32380
Iter#2798399 New set #9 of size 71 (310933.2 its/hit = 1213.556s/hit): seed=1999963480856721684 [0, 534, 575, 852, 1896, 2094, 2222, 2767, 2950, 3307, 3644, 4195, 4413, 4429, 4520, 6628, 7160, 7484, 7750, 7790, 9203, 9762, 11315, 11515, 12162, 13089, 13489, 13508, 14996, 15096, 15493, 15518, 16563, 16767, 17016, 17439, 17678, 18121, 18677, 18977, 19331, 19513, 19650, 19867, 19911, 21151, 21872, 22032, 22239, 22527, 22778, 23553, 24870, 25069, 25203, 25741, 25805, 27135, 27403, 29197, 29615, 29717, 30135, 30573, 30748, 31444, 31784, 31793, 32178, 32203, 32380]
logs_monomial/n15_monomial9.txt.bz2.greedyext.20260222_090856.txt

0 975 1381 1488 1815 2108 2879 3197 3908 4200 5059 5161 5654 6144 6771 6921 7869 10435 10822 11004 11383 11783 11921 12283 12494 12818 12972 13086 13638 13907 14365 14430 15422 15591 15791 16496 16570 17139 17342 17451 17940 19923 20323 20375 20503 21380 22422 22525 23370 25153 25364 25734 26052 26457 26940 27364 27504 27675 27716 28178 29048 29453 30079 30354 30525 30913 31234 31486 31650 32087 32747
Iter#845488 New set #1 of size 71 (845488.0 its/hit = 4039.000s/hit): seed=10179701114522700636 [0, 975, 1381, 1488, 1815, 2108, 2879, 3197, 3908, 4200, 5059, 5161, 5654, 6144, 6771, 6921, 7869, 10435, 10822, 11004, 11383, 11783, 11921, 12283, 12494, 12818, 12972, 13086, 13638, 13907, 14365, 14430, 15422, 15591, 15791, 16496, 16570, 17139, 17342, 17451, 17940, 19923, 20323, 20375, 20503, 21380, 22422, 22525, 23370, 25153, 25364, 25734, 26052, 26457, 26940, 27364, 27504, 27675, 27716, 28178, 29048, 29453, 30079, 30354, 30525, 30913, 31234, 31486, 31650, 32087, 32747]
logs_monomial/n15_monomial9.txt.bz2.greedyext.20260223_124059.txt

0 545 859 889 1113 2084 2224 2395 2441 2566 2680 3419 4285 4848 5038 5364 6987 7054 7183 7249 7852 8054 8384 8557 11396 11765 11852 12243 13055 14040 14117 15662 17315 17469 17687 17804 18153 18244 18494 19014 19634 19843 20432 20659 20881 22578 22606 23105 23371 23985 24230 24299 24498 24865 25016 25233 25456 27019 27114 27351 28012 28173 28576 28777 29040 29475 29838 30432 31204 31335 31671
Iter#942125 New set #2 of size 71 (471062.5 its/hit = 2251.000s/hit): seed=17053048946353332194 [0, 545, 859, 889, 1113, 2084, 2224, 2395, 2441, 2566, 2680, 3419, 4285, 4848, 5038, 5364, 6987, 7054, 7183, 7249, 7852, 8054, 8384, 8557, 11396, 11765, 11852, 12243, 13055, 14040, 14117, 15662, 17315, 17469, 17687, 17804, 18153, 18244, 18494, 19014, 19634, 19843, 20432, 20659, 20881, 22578, 22606, 23105, 23371, 23985, 24230, 24299, 24498, 24865, 25016, 25233, 25456, 27019, 27114, 27351, 28012, 28173, 28576, 28777, 29040, 29475, 29838, 30432, 31204, 31335, 31671]
logs_monomial/n15_monomial9.txt.bz2.greedyext.20260223_124059.txt

0 639 874 891 1062 2437 2549 2649 3079 3157 3423 3999 4603 5080 5962 6094 6223 6913 7106 7612 7970 8148 8194 8201 9230 9282 9476 10054 11065 11370 11979 12287 12600 12663 12769 13082 14290 14889 15761 16174 17402 18117 18412 18948 19424 20220 20470 20689 20785 22566 22865 23235 24077 24683 24885 25458 25500 26279 26541 26824 27083 27609 27962 29287 29950 30389 30610 30651 31998 32181 32646
Iter#2190052 New set #8 of size 71 (273756.5 its/hit = 1072.750s/hit): seed=16586510386291468661 [0, 639, 874, 891, 1062, 2437, 2549, 2649, 3079, 3157, 3423, 3999, 4603, 5080, 5962, 6094, 6223, 6913, 7106, 7612, 7970, 8148, 8194, 8201, 9230, 9282, 9476, 10054, 11065, 11370, 11979, 12287, 12600, 12663, 12769, 13082, 14290, 14889, 15761, 16174, 17402, 18117, 18412, 18948, 19424, 20220, 20470, 20689, 20785, 22566, 22865, 23235, 24077, 24683, 24885, 25458, 25500, 26279, 26541, 26824, 27083, 27609, 27962, 29287, 29950, 30389, 30610, 30651, 31998, 32181, 32646]
logs_monomial/n15_monomial9.txt.bz2.greedyext.20260222_090856.txt

0 1453 1541 1694 1898 2009 2381 2596 2606 3373 3661 3884 4033 4287 4991 5103 5214 6330 6343 6410 7011 7280 8398 8418 9761 10571 11254 12360 12393 12770 12934 13441 13864 14028 14038 14332 14777 14850 15240 16339 17574 19031 19229 19971 20071 20339 20477 20697 20791 20832 21260 21726 22031 22087 23356 23667 24377 24382 24721 26091 26127 27505 27577 28117 29918 30075 31075 31178 31502 32339 32754
Iter#3956731 New set #10 of size 71 (395673.1 its/hit = 1535.100s/hit): seed=15066945951311624883 [0, 1453, 1541, 1694, 1898, 2009, 2381, 2596, 2606, 3373, 3661, 3884, 4033, 4287, 4991, 5103, 5214, 6330, 6343, 6410, 7011, 7280, 8398, 8418, 9761, 10571, 11254, 12360, 12393, 12770, 12934, 13441, 13864, 14028, 14038, 14332, 14777, 14850, 15240, 16339, 17574, 19031, 19229, 19971, 20071, 20339, 20477, 20697, 20791, 20832, 21260, 21726, 22031, 22087, 23356, 23667, 24377, 24382, 24721, 26091, 26127, 27505, 27577, 28117, 29918, 30075, 31075, 31178, 31502, 32339, 32754]
logs_monomial/n15_monomial9.txt.bz2.greedyext.20260222_090856.txt

0 580 934 1689 2005 2173 3209 3210 3234 4041 4349 4626 5049 5133 5169 5566 5774 6216 6656 6802 7033 7682 8619 8897 9176 10085 10332 10346 10462 10681 11336 11467 12827 13279 13902 14271 14586 14933 15455 15488 16516 17044 17057 18224 18460 19636 20258 20776 21070 21249 21466 21947 22311 22506 23360 23796 24068 25447 25592 27643 28129 29164 29498 29717 29833 30379 30482 31899 32246 32657 32714
Iter#2081837 New set #7 of size 71 (297405.3 its/hit = 1166.428s/hit): seed=10647532395497124196 [0, 580, 934, 1689, 2005, 2173, 3209, 3210, 3234, 4041, 4349, 4626, 5049, 5133, 5169, 5566, 5774, 6216, 6656, 6802, 7033, 7682, 8619, 8897, 9176, 10085, 10332, 10346, 10462, 10681, 11336, 11467, 12827, 13279, 13902, 14271, 14586, 14933, 15455, 15488, 16516, 17044, 17057, 18224, 18460, 19636, 20258, 20776, 21070, 21249, 21466, 21947, 22311, 22506, 23360, 23796, 24068, 25447, 25592, 27643, 28129, 29164, 29498, 29717, 29833, 30379, 30482, 31899, 32246, 32657, 32714]
logs_monomial/n15_monomial9.txt.bz2.greedyext.20260222_090856.txt

