8 911 1013 1665 2795 3282 3869 4435 5101 5129 6102 6118 7749 8489 9094 9235 9990 10049 10266 11227 11392 11665 12719 13253 13508 13787 13857 14943 16486 17093 17805 17898 18338 19181 20497 21051 21441 21885 25598 27405 29054 29229 31689
Iter#2656927 New set #4 of size 43 (664231.8 its/hit = 3517.500s/hit): seed=8596403687101124921 [8, 911, 1013, 1665, 2795, 3282, 3869, 4435, 5101, 5129, 6102, 6118, 7749, 8489, 9094, 9235, 9990, 10049, 10266, 11227, 11392, 11665, 12719, 13253, 13508, 13787, 13857, 14943, 16486, 17093, 17805, 17898, 18338, 19181, 20497, 21051, 21441, 21885, 25598, 27405, 29054, 29229, 31689]
logs_monomial/n15_monomial5.txt.bz2.greedyext.20260222_090856.txt

667 724 2523 2697 3277 4261 4455 5418 6582 6783 7131 7314 8497 8641 9249 10147 11435 11680 12393 12436 12646 12667 12682 12685 13164 13597 13841 16033 16071 16623 17345 18280 22818 23487 23799 23855 24668 24722 26505 27172 27388 29611 32630
Iter#3014256 New set #5 of size 43 (602851.2 its/hit = 3194.800s/hit): seed=1950002796483279152 [667, 724, 2523, 2697, 3277, 4261, 4455, 5418, 6582, 6783, 7131, 7314, 8497, 8641, 9249, 10147, 11435, 11680, 12393, 12436, 12646, 12667, 12682, 12685, 13164, 13597, 13841, 16033, 16071, 16623, 17345, 18280, 22818, 23487, 23799, 23855, 24668, 24722, 26505, 27172, 27388, 29611, 32630]
logs_monomial/n15_monomial5.txt.bz2.greedyext.20260222_090856.txt

1234 1648 1741 1786 2552 2574 3851 4434 4554 4841 4855 5398 5823 7365 7513 10482 11612 12485 12752 13949 14491 14723 15625 16239 16770 17679 19599 19839 21164 21920 22919 24666 25452 25643 25709 26237 26674 27060 27210 27456 27496 30255 31040
Iter#3252288 New set #6 of size 43 (542048.0 its/hit = 2872.000s/hit): seed=17085186343832208181 [1234, 1648, 1741, 1786, 2552, 2574, 3851, 4434, 4554, 4841, 4855, 5398, 5823, 7365, 7513, 10482, 11612, 12485, 12752, 13949, 14491, 14723, 15625, 16239, 16770, 17679, 19599, 19839, 21164, 21920, 22919, 24666, 25452, 25643, 25709, 26237, 26674, 27060, 27210, 27456, 27496, 30255, 31040]
logs_monomial/n15_monomial5.txt.bz2.greedyext.20260222_090856.txt

627 3036 3059 3283 3291 3508 3578 4535 4998 5983 6007 7009 7305 7835 10197 10355 11652 11831 11866 12206 14782 15083 15621 16106 16662 18035 18259 18985 20743 23270 23417 24728 25404 26090 26154 26566 27706 28281 29107 30241 31602 31707 32101
Iter#3285729 New set #7 of size 43 (469389.8 its/hit = 2487.000s/hit): seed=13291896151373322485 [627, 3036, 3059, 3283, 3291, 3508, 3578, 4535, 4998, 5983, 6007, 7009, 7305, 7835, 10197, 10355, 11652, 11831, 11866, 12206, 14782, 15083, 15621, 16106, 16662, 18035, 18259, 18985, 20743, 23270, 23417, 24728, 25404, 26090, 26154, 26566, 27706, 28281, 29107, 30241, 31602, 31707, 32101]
logs_monomial/n15_monomial5.txt.bz2.greedyext.20260222_090856.txt

1457 1671 2150 2208 2298 2817 2903 3577 4465 7234 7450 8002 8792 8812 10012 10377 10528 10622 10710 10914 11326 11412 13161 13524 14148 15793 15837 17605 18394 19000 21859 21907 22249 25552 26282 27585 27642 28065 28068 28234 28765 29420 30772
Iter#3502973 New set #9 of size 43 (389219.2 its/hit = 2063.222s/hit): seed=12650356867394271183 [1457, 1671, 2150, 2208, 2298, 2817, 2903, 3577, 4465, 7234, 7450, 8002, 8792, 8812, 10012, 10377, 10528, 10622, 10710, 10914, 11326, 11412, 13161, 13524, 14148, 15793, 15837, 17605, 18394, 19000, 21859, 21907, 22249, 25552, 26282, 27585, 27642, 28065, 28068, 28234, 28765, 29420, 30772]
logs_monomial/n15_monomial5.txt.bz2.greedyext.20260222_090856.txt

3013 4220 5125 5307 6015 6672 7169 8440 8695 10731 11007 11045 11508 13579 13904 15071 15307 15354 15494 15507 16821 18190 18493 18620 19094 20432 21712 22219 22418 23135 26153 26418 26864 26971 27177 27605 28480 29132 29700 30765 31586 32433 32709
Iter#3570025 New set #10 of size 43 (357002.5 its/hit = 1892.700s/hit): seed=5775950309937613303 [3013, 4220, 5125, 5307, 6015, 6672, 7169, 8440, 8695, 10731, 11007, 11045, 11508, 13579, 13904, 15071, 15307, 15354, 15494, 15507, 16821, 18190, 18493, 18620, 19094, 20432, 21712, 22219, 22418, 23135, 26153, 26418, 26864, 26971, 27177, 27605, 28480, 29132, 29700, 30765, 31586, 32433, 32709]
logs_monomial/n15_monomial5.txt.bz2.greedyext.20260222_090856.txt

1078 2143 2444 4029 4213 6145 6293 6709 7506 10734 11355 11799 13057 13179 14131 14918 15045 15591 16913 18512 19025 19138 19321 19395 19939 19986 20147 20855 21985 23320 23885 24072 27370 27371 27467 27485 27735 27803 29689 29857 31120 31376 31619
Iter#537960 New set #1 of size 43 (537960.0 its/hit = 2929.000s/hit): seed=6668502641305511988 [1078, 2143, 2444, 4029, 4213, 6145, 6293, 6709, 7506, 10734, 11355, 11799, 13057, 13179, 14131, 14918, 15045, 15591, 16913, 18512, 19025, 19138, 19321, 19395, 19939, 19986, 20147, 20855, 21985, 23320, 23885, 24072, 27370, 27371, 27467, 27485, 27735, 27803, 29689, 29857, 31120, 31376, 31619]
logs_monomial/n15_monomial5.txt.bz2.greedyext.20260221_020835.txt

2082 2303 2527 3495 3715 6016 6025 7836 7858 8600 8863 9281 9690 10607 11012 11839 12043 12195 12371 13177 14247 14913 15065 17988 18706 19048 19535 19797 20052 20448 22764 23070 23371 23752 24919 24968 26717 27441 27863 29019 29982 30757 32425
Iter#3481950 New set #8 of size 43 (435243.8 its/hit = 2307.125s/hit): seed=3247754890404517154 [2082, 2303, 2527, 3495, 3715, 6016, 6025, 7836, 7858, 8600, 8863, 9281, 9690, 10607, 11012, 11839, 12043, 12195, 12371, 13177, 14247, 14913, 15065, 17988, 18706, 19048, 19535, 19797, 20052, 20448, 22764, 23070, 23371, 23752, 24919, 24968, 26717, 27441, 27863, 29019, 29982, 30757, 32425]
logs_monomial/n15_monomial5.txt.bz2.greedyext.20260222_090856.txt

794 1930 2433 2490 5770 5995 8006 8795 9002 9677 9680 9755 10630 11166 11457 11532 11550 11952 14903 15806 15811 16227 16862 17180 18416 18445 19663 20048 21041 21123 23177 23744 24884 25154 26019 26135 26252 26365 27486 27595 28744 29105 32691
Iter#944013 New set #2 of size 43 (472006.5 its/hit = 2517.500s/hit): seed=14916087039438740995 [794, 1930, 2433, 2490, 5770, 5995, 8006, 8795, 9002, 9677, 9680, 9755, 10630, 11166, 11457, 11532, 11550, 11952, 14903, 15806, 15811, 16227, 16862, 17180, 18416, 18445, 19663, 20048, 21041, 21123, 23177, 23744, 24884, 25154, 26019, 26135, 26252, 26365, 27486, 27595, 28744, 29105, 32691]
logs_monomial/n15_monomial5.txt.bz2.greedyext.20260222_090856.txt

253 614 1040 1148 1429 2496 3248 3379 4717 5718 6731 6929 7248 8702 9670 10561 11128 11162 12394 13506 14282 14757 14905 15491 16768 17036 17241 17363 17894 18197 18648 19085 21208 21638 22249 26507 27268 27499 27930 28950 29922 30624 32101
Iter#798343 New set #1 of size 43 (798343.0 its/hit = 4267.000s/hit): seed=894404772727796079 [253, 614, 1040, 1148, 1429, 2496, 3248, 3379, 4717, 5718, 6731, 6929, 7248, 8702, 9670, 10561, 11128, 11162, 12394, 13506, 14282, 14757, 14905, 15491, 16768, 17036, 17241, 17363, 17894, 18197, 18648, 19085, 21208, 21638, 22249, 26507, 27268, 27499, 27930, 28950, 29922, 30624, 32101]
logs_monomial/n15_monomial5.txt.bz2.greedyext.20260222_090856.txt

1164 1283 2397 2426 3116 4741 4792 4804 5412 5647 5908 6028 6087 6111 6288 6473 7049 7105 7418 9021 9550 11812 12978 13710 13965 15206 15332 15659 16093 17648 18842 18943 19689 20346 20480 22587 23950 25354 29368 30406 30578 31813 32764
Iter#212762 New set #1 of size 43 (212762.0 its/hit = 1109.000s/hit): seed=16085992746236536878 [1164, 1283, 2397, 2426, 3116, 4741, 4792, 4804, 5412, 5647, 5908, 6028, 6087, 6111, 6288, 6473, 7049, 7105, 7418, 9021, 9550, 11812, 12978, 13710, 13965, 15206, 15332, 15659, 16093, 17648, 18842, 18943, 19689, 20346, 20480, 22587, 23950, 25354, 29368, 30406, 30578, 31813, 32764]
logs_monomial/n15_monomial5.txt.bz2.greedyext.20260223_124059.txt

1286 1328 1396 2012 3062 3849 4781 4856 6407 7140 8753 8887 9298 9456 10239 10591 11217 11354 14338 14705 15545 16615 16877 16901 17104 17786 18393 19300 19622 19849 20343 20975 22287 22534 23125 23245 24410 25461 25928 26846 28620 28992 29113
Iter#679395 New set #2 of size 43 (339697.5 its/hit = 1772.000s/hit): seed=15372791420409446679 [1286, 1328, 1396, 2012, 3062, 3849, 4781, 4856, 6407, 7140, 8753, 8887, 9298, 9456, 10239, 10591, 11217, 11354, 14338, 14705, 15545, 16615, 16877, 16901, 17104, 17786, 18393, 19300, 19622, 19849, 20343, 20975, 22287, 22534, 23125, 23245, 24410, 25461, 25928, 26846, 28620, 28992, 29113]
logs_monomial/n15_monomial5.txt.bz2.greedyext.20260223_124059.txt

516 1785 3278 4635 4822 6258 7037 7651 8655 8719 11280 11448 11828 13036 13824 13830 16254 16493 16878 17397 17568 18371 19800 19909 19957 20577 20933 21109 21641 21749 23586 23992 25093 25472 26320 26387 27789 28645 29059 29729 31017 31046 31723
Iter#1915121 New set #3 of size 43 (638373.7 its/hit = 3376.000s/hit): seed=12785906980681314741 [516, 1785, 3278, 4635, 4822, 6258, 7037, 7651, 8655, 8719, 11280, 11448, 11828, 13036, 13824, 13830, 16254, 16493, 16878, 17397, 17568, 18371, 19800, 19909, 19957, 20577, 20933, 21109, 21641, 21749, 23586, 23992, 25093, 25472, 26320, 26387, 27789, 28645, 29059, 29729, 31017, 31046, 31723]
logs_monomial/n15_monomial5.txt.bz2.greedyext.20260222_090856.txt

87 849 881 1580 1699 2533 3588 5121 5257 6492 8771 8882 9245 9247 10109 10439 11054 12749 13834 15267 15942 16891 17029 17216 17759 18943 19076 19238 21224 21627 22392 23814 24291 25467 25585 28185 28220 29342 31216 31753 31868 32383 32533
Iter#1191147 New set #2 of size 43 (595573.5 its/hit = 3192.000s/hit): seed=15467261639274954669 [87, 849, 881, 1580, 1699, 2533, 3588, 5121, 5257, 6492, 8771, 8882, 9245, 9247, 10109, 10439, 11054, 12749, 13834, 15267, 15942, 16891, 17029, 17216, 17759, 18943, 19076, 19238, 21224, 21627, 22392, 23814, 24291, 25467, 25585, 28185, 28220, 29342, 31216, 31753, 31868, 32383, 32533]
logs_monomial/n15_monomial5.txt.bz2.greedyext.20260221_020835.txt

