1502 1726 1883 1941 1982 2699 3012 3413 3984 4116 5211 5270 6884 7604 7665 7709 7911 8976 9963 12977 13810 14422 15725 17336 19456 19732 20007 21304 21492 21721 21848 21893 22153 23875 24579 25004 25101 25728 26147 26787 27246 27491 28510 28980 29596 30132 32619
Iter#2130539 New set #4 of size 47 (532634.8 its/hit = 3732.250s/hit): seed=17603803121272065127 [1502, 1726, 1883, 1941, 1982, 2699, 3012, 3413, 3984, 4116, 5211, 5270, 6884, 7604, 7665, 7709, 7911, 8976, 9963, 12977, 13810, 14422, 15725, 17336, 19456, 19732, 20007, 21304, 21492, 21721, 21848, 21893, 22153, 23875, 24579, 25004, 25101, 25728, 26147, 26787, 27246, 27491, 28510, 28980, 29596, 30132, 32619]
logs_monomial/n15_monomial3.txt.bz2.greedyext.20260222_090856.txt

1854 2648 3755 4683 5858 6203 6906 7679 8868 9869 11185 12241 12941 13318 13541 14644 15384 15720 16950 17499 18358 19246 19403 19573 20318 21860 22273 23452 23731 23796 24541 25221 25391 25801 26109 26509 27986 28338 28884 29154 29252 30763 31386 31622 31718 31938 32540
Iter#561424 New set #2 of size 47 (280712.0 its/hit = 1877.000s/hit): seed=6693785096742166902 [1854, 2648, 3755, 4683, 5858, 6203, 6906, 7679, 8868, 9869, 11185, 12241, 12941, 13318, 13541, 14644, 15384, 15720, 16950, 17499, 18358, 19246, 19403, 19573, 20318, 21860, 22273, 23452, 23731, 23796, 24541, 25221, 25391, 25801, 26109, 26509, 27986, 28338, 28884, 29154, 29252, 30763, 31386, 31622, 31718, 31938, 32540]
logs_monomial/n15_monomial3.txt.bz2.greedyext.20260222_090856.txt

224 1172 1774 3314 3638 4343 4776 4988 5553 6114 7322 8194 8419 8860 8875 9893 11419 12090 12227 12603 12671 14753 14886 15435 17718 18255 18650 19706 21829 22606 22714 22879 24109 24240 24526 24560 24988 24999 25545 27880 28563 28664 29984 30630 30875 31835 31971
Iter#441745 New set #2 of size 47 (220872.5 its/hit = 1546.500s/hit): seed=5105546328429708498 [224, 1172, 1774, 3314, 3638, 4343, 4776, 4988, 5553, 6114, 7322, 8194, 8419, 8860, 8875, 9893, 11419, 12090, 12227, 12603, 12671, 14753, 14886, 15435, 17718, 18255, 18650, 19706, 21829, 22606, 22714, 22879, 24109, 24240, 24526, 24560, 24988, 24999, 25545, 27880, 28563, 28664, 29984, 30630, 30875, 31835, 31971]
logs_monomial/n15_monomial3.txt.bz2.greedyext.20260223_124059.txt

198 1039 1403 1493 1809 2954 3169 3642 5537 6494 8465 8547 9389 9802 10690 11645 11726 13274 13303 14375 14576 14796 14914 18568 19026 19163 19198 19864 20393 20411 22355 23959 24753 25162 25882 26598 26963 27397 27614 28553 28887 29268 30115 31085 31215 32461 32542
Iter#438855 New set #1 of size 47 (438855.0 its/hit = 3073.000s/hit): seed=14767452653235454367 [198, 1039, 1403, 1493, 1809, 2954, 3169, 3642, 5537, 6494, 8465, 8547, 9389, 9802, 10690, 11645, 11726, 13274, 13303, 14375, 14576, 14796, 14914, 18568, 19026, 19163, 19198, 19864, 20393, 20411, 22355, 23959, 24753, 25162, 25882, 26598, 26963, 27397, 27614, 28553, 28887, 29268, 30115, 31085, 31215, 32461, 32542]
logs_monomial/n15_monomial3.txt.bz2.greedyext.20260223_124059.txt

207 218 748 1707 2581 2964 3262 3556 4331 4378 4438 4659 5437 6016 6570 6913 7927 8078 8878 8899 10229 11364 12523 12644 14371 15216 15430 16077 16105 17274 17306 17400 19421 19656 20671 20721 20825 20962 21042 21923 23716 24457 26568 28413 29303 29600 32035
Iter#586721 New set #1 of size 47 (586721.0 its/hit = 3083.000s/hit): seed=16044104552513648424 [207, 218, 748, 1707, 2581, 2964, 3262, 3556, 4331, 4378, 4438, 4659, 5437, 6016, 6570, 6913, 7927, 8078, 8878, 8899, 10229, 11364, 12523, 12644, 14371, 15216, 15430, 16077, 16105, 17274, 17306, 17400, 19421, 19656, 20671, 20721, 20825, 20962, 21042, 21923, 23716, 24457, 26568, 28413, 29303, 29600, 32035]
logs_monomial/n15_monomial3.txt.bz2.greedyext.20260221_020835.txt

109 1836 2138 4423 5067 5195 5672 5678 6529 7826 7932 8708 9309 11919 11931 11976 12462 13023 14200 14329 14338 15043 16379 16478 18065 19984 20172 21184 21410 21967 22257 22600 23423 24292 24556 24998 25330 27772 27873 28913 29297 29438 30227 30516 31991 32156 32477
Iter#981833 New set #3 of size 47 (327277.7 its/hit = 2253.000s/hit): seed=5767840349345292143 [109, 1836, 2138, 4423, 5067, 5195, 5672, 5678, 6529, 7826, 7932, 8708, 9309, 11919, 11931, 11976, 12462, 13023, 14200, 14329, 14338, 15043, 16379, 16478, 18065, 19984, 20172, 21184, 21410, 21967, 22257, 22600, 23423, 24292, 24556, 24998, 25330, 27772, 27873, 28913, 29297, 29438, 30227, 30516, 31991, 32156, 32477]
logs_monomial/n15_monomial3.txt.bz2.greedyext.20260222_090856.txt

617 1096 1632 1946 2832 2852 3411 3942 3968 5314 6101 6229 6678 6783 7485 10278 11744 12142 12550 14171 14771 15402 15449 15691 17068 17349 17418 17484 18182 18501 19322 22454 22673 24047 24641 26174 26712 27278 28538 30034 30143 30276 30389 31503 31896 31994 32610
Iter#471611 New set #1 of size 47 (471611.0 its/hit = 3111.000s/hit): seed=6551917525584781020 [617, 1096, 1632, 1946, 2832, 2852, 3411, 3942, 3968, 5314, 6101, 6229, 6678, 6783, 7485, 10278, 11744, 12142, 12550, 14171, 14771, 15402, 15449, 15691, 17068, 17349, 17418, 17484, 18182, 18501, 19322, 22454, 22673, 24047, 24641, 26174, 26712, 27278, 28538, 30034, 30143, 30276, 30389, 31503, 31896, 31994, 32610]
logs_monomial/n15_monomial3.txt.bz2.greedyext.20260222_090856.txt

