743 1123 1595 1942 2125 2307 2818 3044 3123 4190 5021 5292 5657 6964 9021 9569 9624 10261 10530 10839 10937 11372 13616 13629 14595 15015 15935 16756 17790 17916 18350 18708 18859 19902 20092 20368 21271 21502 22355 22541 23716 24356 24826 25117 25596 26055 26151 27129 27156 27422 28733 28739 31553
Iter#895756 New set #10 of size 53 (89575.6 its/hit = 526.400s/hit): seed=6039814320396677049 [743, 1123, 1595, 1942, 2125, 2307, 2818, 3044, 3123, 4190, 5021, 5292, 5657, 6964, 9021, 9569, 9624, 10261, 10530, 10839, 10937, 11372, 13616, 13629, 14595, 15015, 15935, 16756, 17790, 17916, 18350, 18708, 18859, 19902, 20092, 20368, 21271, 21502, 22355, 22541, 23716, 24356, 24826, 25117, 25596, 26055, 26151, 27129, 27156, 27422, 28733, 28739, 31553]
logs_monomial/n15_monomial7.txt.bz2.greedyext.20260222_090856.txt

868 1605 2009 2522 3775 5986 6621 7287 8263 8405 8730 9715 9771 9872 10113 10320 10504 10772 10988 11077 11432 13351 13545 13878 14221 16759 17789 18012 18455 18797 19394 20050 21023 21469 21836 22488 23083 23636 23712 24368 24882 25483 26813 26818 27609 27659 28172 28295 28389 29307 29644 30283 30814
Iter#834642 New set #8 of size 53 (104330.2 its/hit = 456.500s/hit): seed=16037939290451081930 [868, 1605, 2009, 2522, 3775, 5986, 6621, 7287, 8263, 8405, 8730, 9715, 9771, 9872, 10113, 10320, 10504, 10772, 10988, 11077, 11432, 13351, 13545, 13878, 14221, 16759, 17789, 18012, 18455, 18797, 19394, 20050, 21023, 21469, 21836, 22488, 23083, 23636, 23712, 24368, 24882, 25483, 26813, 26818, 27609, 27659, 28172, 28295, 28389, 29307, 29644, 30283, 30814]
logs_monomial/n15_monomial7.txt.bz2.greedyext.20260223_124059.txt

317 544 797 2170 2286 2815 7621 7864 7924 8817 8921 9288 9589 9832 10065 10069 10382 11055 11204 13150 13507 14752 14757 15280 15855 15999 17748 18064 18328 18945 19567 19715 20029 21613 22150 22892 23568 24168 24426 24777 25077 25825 26072 26725 27011 27242 27246 27958 28190 29610 29818 30391 32317
Iter#285696 New set #1 of size 53 (285696.0 its/hit = 1248.000s/hit): seed=826211885343794826 [317, 544, 797, 2170, 2286, 2815, 7621, 7864, 7924, 8817, 8921, 9288, 9589, 9832, 10065, 10069, 10382, 11055, 11204, 13150, 13507, 14752, 14757, 15280, 15855, 15999, 17748, 18064, 18328, 18945, 19567, 19715, 20029, 21613, 22150, 22892, 23568, 24168, 24426, 24777, 25077, 25825, 26072, 26725, 27011, 27242, 27246, 27958, 28190, 29610, 29818, 30391, 32317]
logs_monomial/n15_monomial7.txt.bz2.greedyext.20260223_124059.txt

2914 3030 3042 3633 4005 4934 5071 5205 5727 5953 6682 7203 7678 7768 9273 9309 9513 9978 10247 11032 11312 11698 12095 12275 12715 13084 13099 13856 13866 14054 14462 14551 15547 16984 18397 19024 19298 21057 21142 21512 21990 22594 23215 25121 26019 26768 26792 27039 28264 28370 29810 30593 31739
Iter#584172 New set #5 of size 53 (116834.4 its/hit = 684.000s/hit): seed=1834762787187632889 [2914, 3030, 3042, 3633, 4005, 4934, 5071, 5205, 5727, 5953, 6682, 7203, 7678, 7768, 9273, 9309, 9513, 9978, 10247, 11032, 11312, 11698, 12095, 12275, 12715, 13084, 13099, 13856, 13866, 14054, 14462, 14551, 15547, 16984, 18397, 19024, 19298, 21057, 21142, 21512, 21990, 22594, 23215, 25121, 26019, 26768, 26792, 27039, 28264, 28370, 29810, 30593, 31739]
logs_monomial/n15_monomial7.txt.bz2.greedyext.20260222_090856.txt

732 961 2022 4452 5179 5261 7015 7366 8074 8362 9608 11493 11540 11597 12487 12540 12683 12723 13112 14113 14440 15371 15467 16666 17307 18070 18511 18579 20393 21008 21165 21958 22451 23582 24028 24301 24949 25098 25374 25585 25718 27735 28324 28588 28817 28923 30270 30501 30502 30856 31010 31663 32622
Iter#658639 New set #6 of size 53 (109773.2 its/hit = 643.500s/hit): seed=5400259200575577698 [732, 961, 2022, 4452, 5179, 5261, 7015, 7366, 8074, 8362, 9608, 11493, 11540, 11597, 12487, 12540, 12683, 12723, 13112, 14113, 14440, 15371, 15467, 16666, 17307, 18070, 18511, 18579, 20393, 21008, 21165, 21958, 22451, 23582, 24028, 24301, 24949, 25098, 25374, 25585, 25718, 27735, 28324, 28588, 28817, 28923, 30270, 30501, 30502, 30856, 31010, 31663, 32622]
logs_monomial/n15_monomial7.txt.bz2.greedyext.20260222_090856.txt

264 302 436 1146 1231 1503 3055 3293 3614 3632 3727 3958 4232 7830 9208 9522 10107 10253 10623 11431 11696 11750 11878 12115 13168 14088 14113 15726 17345 18175 18190 21297 22723 23044 23364 23623 23816 24241 24419 25269 25499 25726 27277 27326 28273 28843 29171 29770 30068 31206 31548 31556 32411
Iter#513632 New set #3 of size 53 (171210.7 its/hit = 1001.000s/hit): seed=13236693375972247066 [264, 302, 436, 1146, 1231, 1503, 3055, 3293, 3614, 3632, 3727, 3958, 4232, 7830, 9208, 9522, 10107, 10253, 10623, 11431, 11696, 11750, 11878, 12115, 13168, 14088, 14113, 15726, 17345, 18175, 18190, 21297, 22723, 23044, 23364, 23623, 23816, 24241, 24419, 25269, 25499, 25726, 27277, 27326, 28273, 28843, 29171, 29770, 30068, 31206, 31548, 31556, 32411]
logs_monomial/n15_monomial7.txt.bz2.greedyext.20260222_090856.txt

90 1015 1349 2543 4682 5986 6568 7238 8004 9071 9136 9652 10330 10339 10354 10650 10688 12049 12321 12786 13522 14528 14798 16399 16921 16963 17378 17574 17630 18283 18554 19785 20821 22017 22951 24344 26709 26762 27198 27523 27594 27609 28311 28552 29181 29831 30593 31036 31899 31912 32104 32479 32735
Iter#1209693 New set #10 of size 53 (120969.3 its/hit = 529.300s/hit): seed=404195582684016496 [90, 1015, 1349, 2543, 4682, 5986, 6568, 7238, 8004, 9071, 9136, 9652, 10330, 10339, 10354, 10650, 10688, 12049, 12321, 12786, 13522, 14528, 14798, 16399, 16921, 16963, 17378, 17574, 17630, 18283, 18554, 19785, 20821, 22017, 22951, 24344, 26709, 26762, 27198, 27523, 27594, 27609, 28311, 28552, 29181, 29831, 30593, 31036, 31899, 31912, 32104, 32479, 32735]
logs_monomial/n15_monomial7.txt.bz2.greedyext.20260223_124059.txt

568 2255 2498 2537 2663 3365 5480 5481 5785 5828 6988 7331 7442 7544 7590 8000 8534 8861 10490 11145 11718 12089 13401 14461 15703 15934 15978 16097 16493 17241 17353 18518 19350 21100 22064 22177 23351 24319 24792 24883 24917 25453 26688 27361 28933 30215 30710 31035 31789 31792 32040 32277 32353
Iter#708917 New set #7 of size 53 (101273.9 its/hit = 593.857s/hit): seed=4885892177773584734 [568, 2255, 2498, 2537, 2663, 3365, 5480, 5481, 5785, 5828, 6988, 7331, 7442, 7544, 7590, 8000, 8534, 8861, 10490, 11145, 11718, 12089, 13401, 14461, 15703, 15934, 15978, 16097, 16493, 17241, 17353, 18518, 19350, 21100, 22064, 22177, 23351, 24319, 24792, 24883, 24917, 25453, 26688, 27361, 28933, 30215, 30710, 31035, 31789, 31792, 32040, 32277, 32353]
logs_monomial/n15_monomial7.txt.bz2.greedyext.20260222_090856.txt

162 2686 4347 4385 5049 5484 6193 7664 8596 8692 9028 9394 9525 11038 11504 11529 12802 12878 12960 13500 13874 14384 15400 15460 16945 17520 17532 19288 19450 19797 19982 20645 21264 21962 22754 23067 24896 24964 25082 25215 26374 26554 27841 28472 28977 29587 30270 31066 31224 31808 32131 32281 32516
Iter#693055 New set #5 of size 53 (138611.0 its/hit = 606.400s/hit): seed=5214622873993517027 [162, 2686, 4347, 4385, 5049, 5484, 6193, 7664, 8596, 8692, 9028, 9394, 9525, 11038, 11504, 11529, 12802, 12878, 12960, 13500, 13874, 14384, 15400, 15460, 16945, 17520, 17532, 19288, 19450, 19797, 19982, 20645, 21264, 21962, 22754, 23067, 24896, 24964, 25082, 25215, 26374, 26554, 27841, 28472, 28977, 29587, 30270, 31066, 31224, 31808, 32131, 32281, 32516]
logs_monomial/n15_monomial7.txt.bz2.greedyext.20260223_124059.txt

89 965 2124 2454 2664 3367 3450 3532 3534 3602 3644 3810 4556 4991 5684 8471 8568 8938 9480 10493 12036 13085 13153 13162 14115 15234 16083 16539 16878 16939 17425 17484 17560 18818 19657 20236 20246 20919 21476 21621 22818 24554 24842 25162 26726 26887 28161 29783 30545 30773 31257 31391 31513
Iter#827747 New set #7 of size 53 (118249.6 its/hit = 517.429s/hit): seed=15526030504832366219 [89, 965, 2124, 2454, 2664, 3367, 3450, 3532, 3534, 3602, 3644, 3810, 4556, 4991, 5684, 8471, 8568, 8938, 9480, 10493, 12036, 13085, 13153, 13162, 14115, 15234, 16083, 16539, 16878, 16939, 17425, 17484, 17560, 18818, 19657, 20236, 20246, 20919, 21476, 21621, 22818, 24554, 24842, 25162, 26726, 26887, 28161, 29783, 30545, 30773, 31257, 31391, 31513]
logs_monomial/n15_monomial7.txt.bz2.greedyext.20260223_124059.txt

779 1726 1890 2097 2640 2732 3071 3219 3229 3727 3850 4814 5232 5864 6911 7233 8868 12262 12949 13010 13030 13383 13659 13700 14315 14449 14617 15584 15803 15878 15995 16114 16222 18343 19959 20028 20225 20984 21141 22278 22807 23445 23596 24280 26003 26880 27191 28748 29091 29210 30530 30673 31260
Iter#874637 New set #9 of size 53 (97181.9 its/hit = 425.222s/hit): seed=4762047561639376102 [779, 1726, 1890, 2097, 2640, 2732, 3071, 3219, 3229, 3727, 3850, 4814, 5232, 5864, 6911, 7233, 8868, 12262, 12949, 13010, 13030, 13383, 13659, 13700, 14315, 14449, 14617, 15584, 15803, 15878, 15995, 16114, 16222, 18343, 19959, 20028, 20225, 20984, 21141, 22278, 22807, 23445, 23596, 24280, 26003, 26880, 27191, 28748, 29091, 29210, 30530, 30673, 31260]
logs_monomial/n15_monomial7.txt.bz2.greedyext.20260223_124059.txt

174 2241 3793 4134 6335 6720 7083 7569 8591 9057 9467 9597 11739 12671 13166 13514 13635 14782 15311 15709 15859 16086 16242 16440 17707 18092 20264 21534 21635 22081 22122 22243 22297 22455 23139 23316 23788 24098 25033 26403 26524 27065 27202 27204 27221 27370 28509 28583 29182 29783 30463 31445 32099
Iter#842179 New set #9 of size 53 (93575.4 its/hit = 549.556s/hit): seed=16256077311371698811 [174, 2241, 3793, 4134, 6335, 6720, 7083, 7569, 8591, 9057, 9467, 9597, 11739, 12671, 13166, 13514, 13635, 14782, 15311, 15709, 15859, 16086, 16242, 16440, 17707, 18092, 20264, 21534, 21635, 22081, 22122, 22243, 22297, 22455, 23139, 23316, 23788, 24098, 25033, 26403, 26524, 27065, 27202, 27204, 27221, 27370, 28509, 28583, 29182, 29783, 30463, 31445, 32099]
logs_monomial/n15_monomial7.txt.bz2.greedyext.20260222_090856.txt

107 427 1300 1698 2462 2464 2735 3313 5348 5538 5577 7308 7422 7699 8427 8644 8754 8897 9042 10340 10870 11229 13353 13734 14349 15416 16581 17100 17834 17970 18496 18510 18789 18932 19244 19271 21865 22841 23027 23799 24036 24206 24293 24299 24384 24783 24833 26785 26961 29853 30006 30723 32493
Iter#235490 New set #3 of size 53 (78496.7 its/hit = 466.667s/hit): seed=2088005576464225285 [107, 427, 1300, 1698, 2462, 2464, 2735, 3313, 5348, 5538, 5577, 7308, 7422, 7699, 8427, 8644, 8754, 8897, 9042, 10340, 10870, 11229, 13353, 13734, 14349, 15416, 16581, 17100, 17834, 17970, 18496, 18510, 18789, 18932, 19244, 19271, 21865, 22841, 23027, 23799, 24036, 24206, 24293, 24299, 24384, 24783, 24833, 26785, 26961, 29853, 30006, 30723, 32493]
logs_monomial/n15_monomial7.txt.bz2.greedyext.20260221_020835.txt

1749 2252 2582 3116 3183 3267 3355 3643 4035 4571 5250 7343 7722 8461 9279 9406 11133 11203 12477 13364 13801 15270 15650 16898 16944 17005 17149 17489 18541 19955 20082 20496 20499 20568 21766 22214 23045 23760 23791 24551 25683 25722 26033 26254 26368 26957 27730 28523 29172 30510 30928 31543 31643
Iter#703361 New set #8 of size 53 (87920.1 its/hit = 525.125s/hit): seed=15013785857995647573 [1749, 2252, 2582, 3116, 3183, 3267, 3355, 3643, 4035, 4571, 5250, 7343, 7722, 8461, 9279, 9406, 11133, 11203, 12477, 13364, 13801, 15270, 15650, 16898, 16944, 17005, 17149, 17489, 18541, 19955, 20082, 20496, 20499, 20568, 21766, 22214, 23045, 23760, 23791, 24551, 25683, 25722, 26033, 26254, 26368, 26957, 27730, 28523, 29172, 30510, 30928, 31543, 31643]
logs_monomial/n15_monomial7.txt.bz2.greedyext.20260221_020835.txt

14 269 319 496 544 867 877 1115 1405 1451 1922 2246 3187 3576 4852 7170 9192 9623 9918 10368 10382 11235 11245 11382 11525 13361 13841 16362 16927 17489 17585 17848 18666 18779 19323 22753 22970 23781 24981 25581 26025 26192 26804 26874 27325 27469 27796 28390 28438 30516 31314 32106 32586
Iter#213547 New set #2 of size 53 (106773.5 its/hit = 634.500s/hit): seed=18296170621903870012 [14, 269, 319, 496, 544, 867, 877, 1115, 1405, 1451, 1922, 2246, 3187, 3576, 4852, 7170, 9192, 9623, 9918, 10368, 10382, 11235, 11245, 11382, 11525, 13361, 13841, 16362, 16927, 17489, 17585, 17848, 18666, 18779, 19323, 22753, 22970, 23781, 24981, 25581, 26025, 26192, 26804, 26874, 27325, 27469, 27796, 28390, 28438, 30516, 31314, 32106, 32586]
logs_monomial/n15_monomial7.txt.bz2.greedyext.20260221_020835.txt

1954 3849 5575 6117 7917 8565 9006 9608 11076 11818 12487 12909 13230 13281 13922 14020 14057 14677 14797 15833 17422 18192 18579 19288 19338 19536 19613 20063 20997 21205 21759 22849 23037 23066 23416 23892 24028 24369 25617 26901 26913 26938 27416 27581 28375 28689 30679 30688 31287 31810 32137 32378 32496
Iter#393177 New set #4 of size 53 (98294.2 its/hit = 586.250s/hit): seed=6269671347626036168 [1954, 3849, 5575, 6117, 7917, 8565, 9006, 9608, 11076, 11818, 12487, 12909, 13230, 13281, 13922, 14020, 14057, 14677, 14797, 15833, 17422, 18192, 18579, 19288, 19338, 19536, 19613, 20063, 20997, 21205, 21759, 22849, 23037, 23066, 23416, 23892, 24028, 24369, 25617, 26901, 26913, 26938, 27416, 27581, 28375, 28689, 30679, 30688, 31287, 31810, 32137, 32378, 32496]
logs_monomial/n15_monomial7.txt.bz2.greedyext.20260221_020835.txt

335 347 646 921 2082 2315 4541 5271 5580 5683 6615 7023 7697 8520 8554 9011 11570 11830 12144 12416 13541 13556 14528 14644 14949 15193 15859 19957 20185 21538 22080 23802 23869 24228 24511 24775 25181 25380 26109 26172 26212 26471 27263 27322 28077 29355 29680 29806 30019 30570 30749 30992 31820
Iter#337798 New set #2 of size 53 (168899.0 its/hit = 738.000s/hit): seed=17196805850575868177 [335, 347, 646, 921, 2082, 2315, 4541, 5271, 5580, 5683, 6615, 7023, 7697, 8520, 8554, 9011, 11570, 11830, 12144, 12416, 13541, 13556, 14528, 14644, 14949, 15193, 15859, 19957, 20185, 21538, 22080, 23802, 23869, 24228, 24511, 24775, 25181, 25380, 26109, 26172, 26212, 26471, 27263, 27322, 28077, 29355, 29680, 29806, 30019, 30570, 30749, 30992, 31820]
logs_monomial/n15_monomial7.txt.bz2.greedyext.20260223_124059.txt

328 1611 3436 3907 4299 5546 5629 5888 6200 6409 6764 7395 9612 9713 10000 10399 11434 12361 13561 13977 14224 14420 14810 14893 15270 15470 16412 16582 17142 18312 18414 21623 21733 22339 22636 23274 23348 23761 23807 24587 25253 25326 26108 26459 27830 28007 28077 28439 28757 29219 30475 31335 32732
Iter#3966716 New set #40 of size 53 (99167.9 its/hit = 509.325s/hit): seed=528588758856265291 [328, 1611, 3436, 3907, 4299, 5546, 5629, 5888, 6200, 6409, 6764, 7395, 9612, 9713, 10000, 10399, 11434, 12361, 13561, 13977, 14224, 14420, 14810, 14893, 15270, 15470, 16412, 16582, 17142, 18312, 18414, 21623, 21733, 22339, 22636, 23274, 23348, 23761, 23807, 24587, 25253, 25326, 26108, 26459, 27830, 28007, 28077, 28439, 28757, 29219, 30475, 31335, 32732]
logs_monomial/n15_monomial7.txt.bz2.greedyext.20260222_090856.txt

998 1654 2728 6472 7036 8038 8130 8778 8807 10390 10441 10756 11308 11418 11608 11682 11966 12000 12031 12567 12571 12605 12996 16541 16665 16804 17410 17614 17652 18386 18754 18946 19342 19943 19969 21308 21579 21736 23308 23990 24767 24994 25433 25451 26156 26302 26930 27185 28484 29053 30195 30946 31050
Iter#339948 New set #1 of size 53 (339948.0 its/hit = 1975.000s/hit): seed=9610379463321736891 [998, 1654, 2728, 6472, 7036, 8038, 8130, 8778, 8807, 10390, 10441, 10756, 11308, 11418, 11608, 11682, 11966, 12000, 12031, 12567, 12571, 12605, 12996, 16541, 16665, 16804, 17410, 17614, 17652, 18386, 18754, 18946, 19342, 19943, 19969, 21308, 21579, 21736, 23308, 23990, 24767, 24994, 25433, 25451, 26156, 26302, 26930, 27185, 28484, 29053, 30195, 30946, 31050]
logs_monomial/n15_monomial7.txt.bz2.greedyext.20260222_090856.txt

34 774 1015 1346 1717 2334 2364 2627 4761 6417 6902 7138 7189 7730 8134 8547 9680 9682 10144 12179 12660 12931 13286 13294 13306 13366 13594 14273 14856 16396 17125 17473 20922 21296 21501 21900 22232 22899 23388 24044 25235 25890 26066 26248 26507 28573 30432 30481 30515 30651 31907 32271 32301
Iter#835184 New set #9 of size 53 (92798.2 its/hit = 556.000s/hit): seed=3022812771422295040 [34, 774, 1015, 1346, 1717, 2334, 2364, 2627, 4761, 6417, 6902, 7138, 7189, 7730, 8134, 8547, 9680, 9682, 10144, 12179, 12660, 12931, 13286, 13294, 13306, 13366, 13594, 14273, 14856, 16396, 17125, 17473, 20922, 21296, 21501, 21900, 22232, 22899, 23388, 24044, 25235, 25890, 26066, 26248, 26507, 28573, 30432, 30481, 30515, 30651, 31907, 32271, 32301]
logs_monomial/n15_monomial7.txt.bz2.greedyext.20260221_020835.txt

432 524 856 1659 2662 3770 4092 4404 5344 5988 6340 6479 6825 6987 7095 7988 8485 8584 8604 9061 10061 10701 11104 11201 11905 12343 12846 14546 14652 14821 16765 17609 17625 18117 19104 20759 21057 22041 22837 26630 27077 27386 27908 28285 28424 28668 29001 29298 30057 30514 30616 30872 32572
Iter#467034 New set #3 of size 53 (155678.0 its/hit = 680.667s/hit): seed=12764325240303171243 [432, 524, 856, 1659, 2662, 3770, 4092, 4404, 5344, 5988, 6340, 6479, 6825, 6987, 7095, 7988, 8485, 8584, 8604, 9061, 10061, 10701, 11104, 11201, 11905, 12343, 12846, 14546, 14652, 14821, 16765, 17609, 17625, 18117, 19104, 20759, 21057, 22041, 22837, 26630, 27077, 27386, 27908, 28285, 28424, 28668, 29001, 29298, 30057, 30514, 30616, 30872, 32572]
logs_monomial/n15_monomial7.txt.bz2.greedyext.20260223_124059.txt

179 337 481 1567 1809 2776 3271 5544 5601 5981 5993 6384 7271 8438 8572 9938 10083 10365 10531 10652 11172 11707 11826 12687 15251 17270 18015 18366 20091 20838 20913 21314 21427 21547 23434 23707 24141 24155 25806 25864 26020 26090 26152 26732 26755 28194 28335 28611 29347 29353 29433 30136 30485
Iter#635250 New set #4 of size 53 (158812.5 its/hit = 694.750s/hit): seed=13004399732904927775 [179, 337, 481, 1567, 1809, 2776, 3271, 5544, 5601, 5981, 5993, 6384, 7271, 8438, 8572, 9938, 10083, 10365, 10531, 10652, 11172, 11707, 11826, 12687, 15251, 17270, 18015, 18366, 20091, 20838, 20913, 21314, 21427, 21547, 23434, 23707, 24141, 24155, 25806, 25864, 26020, 26090, 26152, 26732, 26755, 28194, 28335, 28611, 29347, 29353, 29433, 30136, 30485]
logs_monomial/n15_monomial7.txt.bz2.greedyext.20260223_124059.txt

1429 1455 1499 1744 2436 2575 4715 5483 5732 6058 6785 7589 7648 7802 7956 8183 8533 9124 10104 10743 10879 12084 13791 13835 15307 16175 16275 16395 16456 17291 17922 18820 19453 19476 20110 20634 21537 21949 22060 22622 22648 22696 24110 24385 26455 26911 27071 27786 29598 30219 30240 31021 32731
Iter#464268 New set #5 of size 53 (92853.6 its/hit = 554.400s/hit): seed=4216783555081190361 [1429, 1455, 1499, 1744, 2436, 2575, 4715, 5483, 5732, 6058, 6785, 7589, 7648, 7802, 7956, 8183, 8533, 9124, 10104, 10743, 10879, 12084, 13791, 13835, 15307, 16175, 16275, 16395, 16456, 17291, 17922, 18820, 19453, 19476, 20110, 20634, 21537, 21949, 22060, 22622, 22648, 22696, 24110, 24385, 26455, 26911, 27071, 27786, 29598, 30219, 30240, 31021, 32731]
logs_monomial/n15_monomial7.txt.bz2.greedyext.20260221_020835.txt

120 502 870 1488 5979 6181 6452 6524 7338 7378 7521 11260 11896 11920 12893 13081 13151 13306 14001 14005 15157 15347 15527 16074 16314 17837 17924 19132 19566 19789 20074 21117 21864 23349 23397 24768 25565 26370 26490 26514 26748 27043 27098 27677 28873 29281 29981 30977 31656 31696 31736 32488 32586
Iter#387433 New set #2 of size 53 (193716.5 its/hit = 1129.000s/hit): seed=15188023372792960558 [120, 502, 870, 1488, 5979, 6181, 6452, 6524, 7338, 7378, 7521, 11260, 11896, 11920, 12893, 13081, 13151, 13306, 14001, 14005, 15157, 15347, 15527, 16074, 16314, 17837, 17924, 19132, 19566, 19789, 20074, 21117, 21864, 23349, 23397, 24768, 25565, 26370, 26490, 26514, 26748, 27043, 27098, 27677, 28873, 29281, 29981, 30977, 31656, 31696, 31736, 32488, 32586]
logs_monomial/n15_monomial7.txt.bz2.greedyext.20260222_090856.txt

419 539 1627 2435 2492 3987 4626 4774 5045 5794 6487 6776 7057 7203 7271 7804 8691 9259 10644 10807 11457 12194 12483 14352 15338 16661 17127 18447 18655 18964 19300 20725 21216 21223 21608 22131 22594 22902 22982 24324 26753 27373 27447 28012 29007 29142 29474 29697 30344 30484 31221 31222 31394
Iter#2842890 New set #30 of size 53 (94763.0 its/hit = 511.667s/hit): seed=14709547205594519573 [419, 539, 1627, 2435, 2492, 3987, 4626, 4774, 5045, 5794, 6487, 6776, 7057, 7203, 7271, 7804, 8691, 9259, 10644, 10807, 11457, 12194, 12483, 14352, 15338, 16661, 17127, 18447, 18655, 18964, 19300, 20725, 21216, 21223, 21608, 22131, 22594, 22902, 22982, 24324, 26753, 27373, 27447, 28012, 29007, 29142, 29474, 29697, 30344, 30484, 31221, 31222, 31394]
logs_monomial/n15_monomial7.txt.bz2.greedyext.20260222_090856.txt

658 667 1836 2415 3069 3130 3796 4417 5075 5791 6190 6219 6334 6496 6802 6844 7308 8627 8772 9000 9613 11529 12006 12363 13611 13737 13787 14817 15654 16931 18781 19463 19993 21280 21379 24026 24056 24385 26281 26302 26465 26749 27384 27460 28726 28851 30551 30712 31086 31682 31849 32482 32498
Iter#820702 New set #8 of size 53 (102587.8 its/hit = 602.250s/hit): seed=14029943827912349093 [658, 667, 1836, 2415, 3069, 3130, 3796, 4417, 5075, 5791, 6190, 6219, 6334, 6496, 6802, 6844, 7308, 8627, 8772, 9000, 9613, 11529, 12006, 12363, 13611, 13737, 13787, 14817, 15654, 16931, 18781, 19463, 19993, 21280, 21379, 24026, 24056, 24385, 26281, 26302, 26465, 26749, 27384, 27460, 28726, 28851, 30551, 30712, 31086, 31682, 31849, 32482, 32498]
logs_monomial/n15_monomial7.txt.bz2.greedyext.20260222_090856.txt

485 1033 2411 3426 3957 5112 5289 5609 5832 6111 7493 7779 8096 8942 9215 9699 9924 10017 10230 10461 10897 10900 11581 11933 12860 13387 13554 15829 16473 16747 17202 18291 18505 19930 20939 22196 22311 23421 23594 24015 24122 25736 26859 27336 28156 29425 29527 29867 30089 30264 31470 31499 31869
Iter#569627 New set #7 of size 53 (81375.3 its/hit = 485.714s/hit): seed=13656857860456135064 [485, 1033, 2411, 3426, 3957, 5112, 5289, 5609, 5832, 6111, 7493, 7779, 8096, 8942, 9215, 9699, 9924, 10017, 10230, 10461, 10897, 10900, 11581, 11933, 12860, 13387, 13554, 15829, 16473, 16747, 17202, 18291, 18505, 19930, 20939, 22196, 22311, 23421, 23594, 24015, 24122, 25736, 26859, 27336, 28156, 29425, 29527, 29867, 30089, 30264, 31470, 31499, 31869]
logs_monomial/n15_monomial7.txt.bz2.greedyext.20260221_020835.txt

350 678 840 2132 2279 2518 2705 3184 4283 4595 4596 4780 4946 5552 5689 7269 7555 7722 9199 9711 9886 9977 10372 10832 10889 12158 12953 14090 14111 14815 15053 15226 16453 16524 16735 16938 17458 19406 20856 21470 21475 22062 23182 24186 25776 25783 27061 27875 28086 28193 30483 30517 31804
Iter#57714 New set #1 of size 53 (57714.0 its/hit = 340.000s/hit): seed=8373653723328044479 [350, 678, 840, 2132, 2279, 2518, 2705, 3184, 4283, 4595, 4596, 4780, 4946, 5552, 5689, 7269, 7555, 7722, 9199, 9711, 9886, 9977, 10372, 10832, 10889, 12158, 12953, 14090, 14111, 14815, 15053, 15226, 16453, 16524, 16735, 16938, 17458, 19406, 20856, 21470, 21475, 22062, 23182, 24186, 25776, 25783, 27061, 27875, 28086, 28193, 30483, 30517, 31804]
logs_monomial/n15_monomial7.txt.bz2.greedyext.20260221_020835.txt

192 1920 1927 2238 2423 4822 5024 5670 6195 6318 6442 6634 7732 8116 8389 8813 9322 9648 10511 10674 11476 14325 16468 16532 17013 17890 17906 18323 19804 20686 21717 21889 22366 22681 22910 22974 23110 24001 24105 24131 24833 24968 25470 25992 26268 26934 27985 28801 30619 30906 31952 32492 32715
Iter#696976 New set #6 of size 53 (116162.7 its/hit = 508.167s/hit): seed=5394575291271959124 [192, 1920, 1927, 2238, 2423, 4822, 5024, 5670, 6195, 6318, 6442, 6634, 7732, 8116, 8389, 8813, 9322, 9648, 10511, 10674, 11476, 14325, 16468, 16532, 17013, 17890, 17906, 18323, 19804, 20686, 21717, 21889, 22366, 22681, 22910, 22974, 23110, 24001, 24105, 24131, 24833, 24968, 25470, 25992, 26268, 26934, 27985, 28801, 30619, 30906, 31952, 32492, 32715]
logs_monomial/n15_monomial7.txt.bz2.greedyext.20260223_124059.txt

60 128 395 787 1321 1395 2557 2569 2637 2765 3639 4228 5015 5293 7297 7357 7430 7635 8209 8515 8962 9647 9674 11227 11239 12437 12564 12791 13190 13794 14170 14182 14540 16562 17249 17292 19254 19915 19966 20749 20877 22604 22730 23360 23488 23988 24864 25976 26228 26414 29049 30313 30846
Iter#890352 New set #10 of size 53 (89035.2 its/hit = 534.100s/hit): seed=17464316596485933017 [60, 128, 395, 787, 1321, 1395, 2557, 2569, 2637, 2765, 3639, 4228, 5015, 5293, 7297, 7357, 7430, 7635, 8209, 8515, 8962, 9647, 9674, 11227, 11239, 12437, 12564, 12791, 13190, 13794, 14170, 14182, 14540, 16562, 17249, 17292, 19254, 19915, 19966, 20749, 20877, 22604, 22730, 23360, 23488, 23988, 24864, 25976, 26228, 26414, 29049, 30313, 30846]
logs_monomial/n15_monomial7.txt.bz2.greedyext.20260221_020835.txt

614 861 1312 1926 2927 3082 3497 4189 5114 6398 6583 7985 8176 8185 8536 10978 11170 11386 12821 12828 13363 15316 16033 16543 16549 17103 17571 17757 18090 18742 19030 19266 19631 21160 21343 22319 23202 23204 23394 23828 23955 24285 24405 24614 24756 25605 28417 30219 30390 30584 30794 31740 32638
Iter#558568 New set #4 of size 53 (139642.0 its/hit = 817.500s/hit): seed=16053599156572562791 [614, 861, 1312, 1926, 2927, 3082, 3497, 4189, 5114, 6398, 6583, 7985, 8176, 8185, 8536, 10978, 11170, 11386, 12821, 12828, 13363, 15316, 16033, 16543, 16549, 17103, 17571, 17757, 18090, 18742, 19030, 19266, 19631, 21160, 21343, 22319, 23202, 23204, 23394, 23828, 23955, 24285, 24405, 24614, 24756, 25605, 28417, 30219, 30390, 30584, 30794, 31740, 32638]
logs_monomial/n15_monomial7.txt.bz2.greedyext.20260222_090856.txt

1577 1714 3269 3425 3941 4466 4577 4604 4894 5100 6839 7792 7977 9005 9016 9898 10499 10703 10933 11975 13022 14233 14449 15656 15674 15788 16319 16693 17577 18001 18540 20038 20150 20551 20560 20646 20917 21074 22341 22495 22714 23424 23764 24543 25451 25923 26678 26804 28170 29045 31044 32272 32289
Iter#476802 New set #6 of size 53 (79467.0 its/hit = 474.500s/hit): seed=10587726366381218315 [1577, 1714, 3269, 3425, 3941, 4466, 4577, 4604, 4894, 5100, 6839, 7792, 7977, 9005, 9016, 9898, 10499, 10703, 10933, 11975, 13022, 14233, 14449, 15656, 15674, 15788, 16319, 16693, 17577, 18001, 18540, 20038, 20150, 20551, 20560, 20646, 20917, 21074, 22341, 22495, 22714, 23424, 23764, 24543, 25451, 25923, 26678, 26804, 28170, 29045, 31044, 32272, 32289]
logs_monomial/n15_monomial7.txt.bz2.greedyext.20260221_020835.txt

1473 1482 2047 2240 2271 3655 3863 5279 6212 6825 8250 8288 9081 9640 11374 11593 11815 11907 12254 13289 13864 14234 14415 14885 15334 16467 16712 17229 18236 18814 19047 19647 19966 20239 20292 20840 21027 22081 24872 25386 26041 26091 26342 26408 27700 27709 28527 29217 29409 30923 31383 32253 32598
Iter#1689970 New set #20 of size 53 (84498.5 its/hit = 499.150s/hit): seed=17641913941081964646 [1473, 1482, 2047, 2240, 2271, 3655, 3863, 5279, 6212, 6825, 8250, 8288, 9081, 9640, 11374, 11593, 11815, 11907, 12254, 13289, 13864, 14234, 14415, 14885, 15334, 16467, 16712, 17229, 18236, 18814, 19047, 19647, 19966, 20239, 20292, 20840, 21027, 22081, 24872, 25386, 26041, 26091, 26342, 26408, 27700, 27709, 28527, 29217, 29409, 30923, 31383, 32253, 32598]
logs_monomial/n15_monomial7.txt.bz2.greedyext.20260222_090856.txt

