190 278 847 891 1024 1232 4060 7947 8440 8628 9161 9488 10988 11486 12052 12440 12954 13090 13959 14885 16809 16990 17819 17943 18413 18503 19729 19782 20567 21618 23424 23556 23903 25771 25894 26259 27002 27118 27140 27285 29232 29347 30203 31850
Iter#742290 New set #1 of size 44 (742290.0 its/hit = 5240.000s/hit): seed=8072730702791813980 [190, 278, 847, 891, 1024, 1232, 4060, 7947, 8440, 8628, 9161, 9488, 10988, 11486, 12052, 12440, 12954, 13090, 13959, 14885, 16809, 16990, 17819, 17943, 18413, 18503, 19729, 19782, 20567, 21618, 23424, 23556, 23903, 25771, 25894, 26259, 27002, 27118, 27140, 27285, 29232, 29347, 30203, 31850]
logs_monomial/n15_monomial5.txt.bz2.greedyext.20260224_045455.txt

1108 1189 1578 3451 5169 5837 5846 6079 6501 6818 9019 9849 11804 12371 14549 15042 15175 15600 15976 18212 18436 18476 18523 19795 20017 20331 22318 23288 23714 24125 24929 25486 25497 25548 25853 26938 26942 27559 28450 29531 30902 31369 31498 31724
from old data: [1108, 1189, 1578, 3451, 5169, 5837, 5846, 6079, 6501, 6818, 9019, 9849, 11804, 12371, 14549, 15042, 15175, 15600, 15976, 18212, 18436, 18476, 18523, 19795, 20017, 20331, 22318, 23288, 23714, 24125, 24929, 25486, 25497, 25548, 25853, 26938, 26942, 27559, 28450, 29531, 30902, 31369, 31498, 31724]
logs_monomial/n15_monomial5.txt.bz2.greedyext.2025manual.txt

708 951 2509 3043 3239 3860 4085 4626 5273 5971 6646 6812 8034 9523 9528 9760 10329 10330 10715 11291 11632 11963 12044 12163 13066 13667 15113 15908 18080 18134 20384 21494 21727 21960 22066 22711 25262 26640 28518 30016 30069 30409 30706 31802
Iter#159977 New set #1 of size 44 (159977.0 its/hit = 838.000s/hit): seed=928098156129217165 [708, 951, 2509, 3043, 3239, 3860, 4085, 4626, 5273, 5971, 6646, 6812, 8034, 9523, 9528, 9760, 10329, 10330, 10715, 11291, 11632, 11963, 12044, 12163, 13066, 13667, 15113, 15908, 18080, 18134, 20384, 21494, 21727, 21960, 22066, 22711, 25262, 26640, 28518, 30016, 30069, 30409, 30706, 31802]
logs_monomial/n15_monomial5.txt.bz2.greedyext.20260223_205451.txt

384 1387 4124 4222 4235 5359 5476 5722 6567 6862 7073 8884 10619 10886 11323 11693 12758 12801 13018 13124 13456 13940 14068 17002 17045 18178 18335 18868 18871 21116 21983 22372 22872 23213 23409 23803 24388 24519 26158 26822 27491 27819 28655 28995
Iter#1964377 New set #1 of size 44 (1964377.0 its/hit = 14095.000s/hit): seed=17573729489540234783 [384, 1387, 4124, 4222, 4235, 5359, 5476, 5722, 6567, 6862, 7073, 8884, 10619, 10886, 11323, 11693, 12758, 12801, 13018, 13124, 13456, 13940, 14068, 17002, 17045, 18178, 18335, 18868, 18871, 21116, 21983, 22372, 22872, 23213, 23409, 23803, 24388, 24519, 26158, 26822, 27491, 27819, 28655, 28995]
logs_monomial/n15_monomial5.txt.bz2.greedyext.20260223_165449.txt

45 544 1052 1107 1947 4600 6305 6340 8024 9323 9528 9617 10130 13424 13618 13954 14347 16162 16376 17657 19561 20339 21004 21091 22277 22327 22353 23164 24412 24518 24839 25670 26192 26446 26530 26914 27968 28047 28501 29132 29978 31059 31151 32010
Iter#1329884 New set #2 of size 44 (664942.0 its/hit = 4674.500s/hit): seed=13741274062536332394 [45, 544, 1052, 1107, 1947, 4600, 6305, 6340, 8024, 9323, 9528, 9617, 10130, 13424, 13618, 13954, 14347, 16162, 16376, 17657, 19561, 20339, 21004, 21091, 22277, 22327, 22353, 23164, 24412, 24518, 24839, 25670, 26192, 26446, 26530, 26914, 27968, 28047, 28501, 29132, 29978, 31059, 31151, 32010]
logs_monomial/n15_monomial5.txt.bz2.greedyext.20260224_045455.txt

