0 262 359 715 1811 4042 4061 4420 4438 7669 8685 8962 9000 10929 11487 12831 12855 12879 12972 13105 13259 13545 13660 14404 15811 16139 16697 17376 17642 18347 18901 19003 20369 21682 22083 22269 23325 23911 24929 27637 30439 30766 31461 31578 31882 31994 32511 34982 35100 35684 37119 37806 39316 40112 42273 42843 42929 43153 43918 44139 44807 46708 46985 47936 49178 49503 49860 52324 52827 52977 53309 54047 54144 54794 57638 57803 58054 59090 59513 60753 61938 62049 62319 63350 63512 64178 64699 64723 64750 64977 65531
Iter#28918 New set #1 of size 91 (28918.0 its/hit = 343.000s/hit): seed=6269314597737704342 [0, 262, 359, 715, 1811, 4042, 4061, 4420, 4438, 7669, 8685, 8962, 9000, 10929, 11487, 12831, 12855, 12879, 12972, 13105, 13259, 13545, 13660, 14404, 15811, 16139, 16697, 17376, 17642, 18347, 18901, 19003, 20369, 21682, 22083, 22269, 23325, 23911, 24929, 27637, 30439, 30766, 31461, 31578, 31882, 31994, 32511, 34982, 35100, 35684, 37119, 37806, 39316, 40112, 42273, 42843, 42929, 43153, 43918, 44139, 44807, 46708, 46985, 47936, 49178, 49503, 49860, 52324, 52827, 52977, 53309, 54047, 54144, 54794, 57638, 57803, 58054, 59090, 59513, 60753, 61938, 62049, 62319, 63350, 63512, 64178, 64699, 64723, 64750, 64977, 65531]
logs_monomial/n16_monomialInverse.txt.bz2.greedyext.2026025_manual32233.txt

0 585 610 1506 2271 3031 4334 5587 6087 6996 7262 8245 8405 8498 8914 9098 9832 10748 11419 13457 14039 14149 15540 15611 16674 16713 16953 17103 17754 18232 18559 19945 20384 21868 21869 22506 23831 25584 26410 26825 28335 28693 28710 28720 29418 29597 29730 29746 30041 30922 32757 33748 34322 34973 35334 35472 35915 36094 36632 37374 37924 38252 38887 39135 42507 42793 43415 43780 45325 45399 45687 46321 48992 49148 50043 50757 51278 52113 54165 55699 56028 56098 58637 58930 60067 60716 62240 62402 63363 64635 64735
Iter#10169231 New set #1 of size 91 (10169231.0 its/hit = 155666.000s/hit): seed=4882183356275554889 [0, 585, 610, 1506, 2271, 3031, 4334, 5587, 6087, 6996, 7262, 8245, 8405, 8498, 8914, 9098, 9832, 10748, 11419, 13457, 14039, 14149, 15540, 15611, 16674, 16713, 16953, 17103, 17754, 18232, 18559, 19945, 20384, 21868, 21869, 22506, 23831, 25584, 26410, 26825, 28335, 28693, 28710, 28720, 29418, 29597, 29730, 29746, 30041, 30922, 32757, 33748, 34322, 34973, 35334, 35472, 35915, 36094, 36632, 37374, 37924, 38252, 38887, 39135, 42507, 42793, 43415, 43780, 45325, 45399, 45687, 46321, 48992, 49148, 50043, 50757, 51278, 52113, 54165, 55699, 56028, 56098, 58637, 58930, 60067, 60716, 62240, 62402, 63363, 64635, 64735]
logs_monomial/n16_monomialInverse.txt.bz2.greedyext.2026025_manual26463.txt

0 221 318 613 676 859 1482 4797 6588 8179 9227 10390 10828 11548 12663 12965 13125 14502 15580 15752 17227 17674 17728 18499 18636 19147 21281 21775 21825 23888 25110 26401 26707 27687 28110 28365 28641 28778 28846 29855 30416 30739 31856 32048 32413 32782 34035 34130 34750 35088 36583 36966 38689 39345 41275 41820 42443 45661 46554 46969 47344 47672 47972 48277 49760 51321 52068 52597 53323 53653 53968 55604 56192 56906 57749 58153 58556 59461 60178 60530 60673 61055 61090 61281 61594 62514 62928 63348 63903 63937 64830
Iter#6722723 New set #4 of size 91 (1680680.8 its/hit = 20407.500s/hit): seed=13009394967265604175 [0, 221, 318, 613, 676, 859, 1482, 4797, 6588, 8179, 9227, 10390, 10828, 11548, 12663, 12965, 13125, 14502, 15580, 15752, 17227, 17674, 17728, 18499, 18636, 19147, 21281, 21775, 21825, 23888, 25110, 26401, 26707, 27687, 28110, 28365, 28641, 28778, 28846, 29855, 30416, 30739, 31856, 32048, 32413, 32782, 34035, 34130, 34750, 35088, 36583, 36966, 38689, 39345, 41275, 41820, 42443, 45661, 46554, 46969, 47344, 47672, 47972, 48277, 49760, 51321, 52068, 52597, 53323, 53653, 53968, 55604, 56192, 56906, 57749, 58153, 58556, 59461, 60178, 60530, 60673, 61055, 61090, 61281, 61594, 62514, 62928, 63348, 63903, 63937, 64830]
logs_monomial/n16_monomialInverse.txt.bz2.greedyext.2026025_manual14756.txt

0 158 1316 1411 2225 3055 3260 3546 5751 6575 7490 8099 8822 10229 11015 11632 11758 12620 13161 13722 14346 14802 15431 15900 16789 17382 17480 18044 18121 18180 18283 19383 19415 19553 20391 20769 21002 21981 22274 22928 23628 24118 24531 25997 27136 27668 27825 28275 30897 31284 31374 31430 31451 32896 33090 33283 33648 35493 37548 37632 38436 38986 40034 40386 40427 40715 41239 41450 41609 42074 43270 44526 44811 45754 46763 47001 50758 51753 53642 54486 55378 55564 57198 58230 58808 59997 61224 61858 62569 64449 65208
Iter#7854289 New set #1 of size 91 (7854289.0 its/hit = 97631.000s/hit): seed=3979379132287225489 [0, 158, 1316, 1411, 2225, 3055, 3260, 3546, 5751, 6575, 7490, 8099, 8822, 10229, 11015, 11632, 11758, 12620, 13161, 13722, 14346, 14802, 15431, 15900, 16789, 17382, 17480, 18044, 18121, 18180, 18283, 19383, 19415, 19553, 20391, 20769, 21002, 21981, 22274, 22928, 23628, 24118, 24531, 25997, 27136, 27668, 27825, 28275, 30897, 31284, 31374, 31430, 31451, 32896, 33090, 33283, 33648, 35493, 37548, 37632, 38436, 38986, 40034, 40386, 40427, 40715, 41239, 41450, 41609, 42074, 43270, 44526, 44811, 45754, 46763, 47001, 50758, 51753, 53642, 54486, 55378, 55564, 57198, 58230, 58808, 59997, 61224, 61858, 62569, 64449, 65208]
logs_monomial/n16_monomialInverse.txt.bz2.greedyext.2026025_manual26253.txt

0 1702 2924 3104 3514 3540 3766 3956 4354 4654 5041 5446 7156 7267 7798 8309 9036 10155 10479 12039 12622 13216 13375 15041 16179 16256 16909 17190 17222 18315 20901 21760 21763 21895 22740 23625 23668 24365 25222 25427 25640 28318 28983 29228 29437 29786 30569 31200 32439 33866 34460 34730 35455 36163 38626 38894 39287 40324 40894 44452 45074 45623 45651 45973 46510 47337 47766 48623 49648 49649 49925 50008 50546 50778 51067 51528 52164 52724 52741 53230 54954 55097 56774 57022 59838 60954 61498 61631 63655 64566 64760
Iter#2502132 New set #1 of size 91 (2502132.0 its/hit = 31067.002s/hit): seed=10765762063584458153 [0, 1702, 2924, 3104, 3514, 3540, 3766, 3956, 4354, 4654, 5041, 5446, 7156, 7267, 7798, 8309, 9036, 10155, 10479, 12039, 12622, 13216, 13375, 15041, 16179, 16256, 16909, 17190, 17222, 18315, 20901, 21760, 21763, 21895, 22740, 23625, 23668, 24365, 25222, 25427, 25640, 28318, 28983, 29228, 29437, 29786, 30569, 31200, 32439, 33866, 34460, 34730, 35455, 36163, 38626, 38894, 39287, 40324, 40894, 44452, 45074, 45623, 45651, 45973, 46510, 47337, 47766, 48623, 49648, 49649, 49925, 50008, 50546, 50778, 51067, 51528, 52164, 52724, 52741, 53230, 54954, 55097, 56774, 57022, 59838, 60954, 61498, 61631, 63655, 64566, 64760]
logs_monomial/n16_monomialInverse.txt.bz2.greedyext.2026025_manual14756.txt

0 906 1244 2523 3447 3717 4672 4833 5020 5485 6388 7067 7808 8290 8687 8952 9523 9581 11013 13774 14424 14568 14765 14887 15001 15302 16276 16519 19776 20043 21094 21303 21581 21623 22046 22439 22780 23248 25773 26266 26367 26624 26655 27944 28877 29396 29555 32979 34517 34887 35280 35807 36051 36682 37711 39526 39979 42340 43002 43200 44496 44541 46547 46869 48238 50700 51081 51220 51276 51362 51536 51737 51848 52779 53020 55953 57613 58335 58737 59584 59795 61027 61500 61516 62193 62349 62560 63127 63251 63773 65350
Iter#2547495 New set #2 of size 91 (1273747.5 its/hit = 15901.000s/hit): seed=18430769973050408525 [0, 906, 1244, 2523, 3447, 3717, 4672, 4833, 5020, 5485, 6388, 7067, 7808, 8290, 8687, 8952, 9523, 9581, 11013, 13774, 14424, 14568, 14765, 14887, 15001, 15302, 16276, 16519, 19776, 20043, 21094, 21303, 21581, 21623, 22046, 22439, 22780, 23248, 25773, 26266, 26367, 26624, 26655, 27944, 28877, 29396, 29555, 32979, 34517, 34887, 35280, 35807, 36051, 36682, 37711, 39526, 39979, 42340, 43002, 43200, 44496, 44541, 46547, 46869, 48238, 50700, 51081, 51220, 51276, 51362, 51536, 51737, 51848, 52779, 53020, 55953, 57613, 58335, 58737, 59584, 59795, 61027, 61500, 61516, 62193, 62349, 62560, 63127, 63251, 63773, 65350]
logs_monomial/n16_monomialInverse.txt.bz2.greedyext.2026025_manual14756.txt

0 28 1180 4581 4940 5489 6096 6185 6197 6299 8357 9114 9190 10669 11688 11810 12871 12882 15640 16431 16852 17560 17744 17919 21397 21483 21739 24293 25042 25586 25642 25958 26569 27368 28238 28810 29565 30314 30792 31593 31632 32003 32020 33215 33631 34071 34565 34778 34877 35172 35760 36212 36283 39384 39996 40094 40803 42006 42283 43125 43361 45047 46061 48433 48701 50032 50371 51296 52131 54065 54309 54625 55383 55460 55796 55836 56364 56991 57019 58159 58753 58878 59912 60148 60410 60501 61828 62592 62859 63780 63982
Iter#9906700 New set #2 of size 91 (4953350.0 its/hit = 80880.500s/hit): seed=11656331655198213017 [0, 28, 1180, 4581, 4940, 5489, 6096, 6185, 6197, 6299, 8357, 9114, 9190, 10669, 11688, 11810, 12871, 12882, 15640, 16431, 16852, 17560, 17744, 17919, 21397, 21483, 21739, 24293, 25042, 25586, 25642, 25958, 26569, 27368, 28238, 28810, 29565, 30314, 30792, 31593, 31632, 32003, 32020, 33215, 33631, 34071, 34565, 34778, 34877, 35172, 35760, 36212, 36283, 39384, 39996, 40094, 40803, 42006, 42283, 43125, 43361, 45047, 46061, 48433, 48701, 50032, 50371, 51296, 52131, 54065, 54309, 54625, 55383, 55460, 55796, 55836, 56364, 56991, 57019, 58159, 58753, 58878, 59912, 60148, 60410, 60501, 61828, 62592, 62859, 63780, 63982]
logs_monomial/n16_monomialInverse.txt.bz2.greedyext.2026025_manual32233.txt

0 37 870 910 1942 2865 3752 6051 6832 7270 7290 7729 8421 10083 10826 10931 10937 11698 11988 12180 12857 15236 16007 16071 16777 17455 17951 18833 18986 19427 20132 21622 24391 24834 24892 25563 26902 27079 27842 27973 28963 29316 30060 30689 31229 31239 32525 33696 33940 33969 34018 34459 35157 35402 35547 36106 36785 37176 37850 39482 39538 39778 40982 41602 42231 42242 42388 42405 44381 45259 46781 47428 47661 48947 49337 49679 49855 50033 50233 50326 52684 55487 55505 57405 57560 57946 58197 59745 59964 60645 61282
Iter#3099541 New set #1 of size 91 (3099541.0 its/hit = 37706.000s/hit): seed=11455938020754039232 [0, 37, 870, 910, 1942, 2865, 3752, 6051, 6832, 7270, 7290, 7729, 8421, 10083, 10826, 10931, 10937, 11698, 11988, 12180, 12857, 15236, 16007, 16071, 16777, 17455, 17951, 18833, 18986, 19427, 20132, 21622, 24391, 24834, 24892, 25563, 26902, 27079, 27842, 27973, 28963, 29316, 30060, 30689, 31229, 31239, 32525, 33696, 33940, 33969, 34018, 34459, 35157, 35402, 35547, 36106, 36785, 37176, 37850, 39482, 39538, 39778, 40982, 41602, 42231, 42242, 42388, 42405, 44381, 45259, 46781, 47428, 47661, 48947, 49337, 49679, 49855, 50033, 50233, 50326, 52684, 55487, 55505, 57405, 57560, 57946, 58197, 59745, 59964, 60645, 61282]
logs_monomial/n16_monomialInverse.txt.bz2.greedyext.2026025_manual15609.txt

0 8 11 1430 1791 2291 4965 5589 5901 6066 6722 7172 7760 8831 9325 11127 11512 11701 12414 12659 13908 13996 14259 16039 17248 17767 18163 19183 20134 20443 21580 21910 22342 22950 24768 24821 25312 26305 26313 26834 27632 29459 31117 31965 32400 32472 32592 34254 34348 34875 36142 36834 37809 37818 38093 38764 39370 39958 40173 40989 43252 43919 44997 46305 48417 48780 49082 49121 53129 53973 55696 57173 57547 58301 58666 59331 60131 60743 60892 60918 60966 61532 61553 61783 62922 63679 64296 64641 65006 65069 65088
Iter#3706511 New set #3 of size 91 (1235503.6 its/hit = 15428.333s/hit): seed=11894214741909748724 [0, 8, 11, 1430, 1791, 2291, 4965, 5589, 5901, 6066, 6722, 7172, 7760, 8831, 9325, 11127, 11512, 11701, 12414, 12659, 13908, 13996, 14259, 16039, 17248, 17767, 18163, 19183, 20134, 20443, 21580, 21910, 22342, 22950, 24768, 24821, 25312, 26305, 26313, 26834, 27632, 29459, 31117, 31965, 32400, 32472, 32592, 34254, 34348, 34875, 36142, 36834, 37809, 37818, 38093, 38764, 39370, 39958, 40173, 40989, 43252, 43919, 44997, 46305, 48417, 48780, 49082, 49121, 53129, 53973, 55696, 57173, 57547, 58301, 58666, 59331, 60131, 60743, 60892, 60918, 60966, 61532, 61553, 61783, 62922, 63679, 64296, 64641, 65006, 65069, 65088]
logs_monomial/n16_monomialInverse.txt.bz2.greedyext.2026025_manual14756.txt

