558 2479 2569 3368 4387 4808 5617 6838 7067 7488 7714 8175 8237 8410 8542 10265 12265 13713 14891 16100 16378 16421 17120 17167 18001 18662 18870 20081 20185 21688 22670 25282 26054 26972 27117 27367 27575 28532 28899 31694 32089 33216 34717 35264 36533 37868 40693 40857 42050 42578 43130 46037 46129 47318 50472 50593 50615 54518 56776 57072 58977 58979 60120 60647 60810 61569 64903
Iter#2951337 New set #3 of size 67 (983779.0 its/hit = 7749.333s/hit): seed=9428968637931987212 [558, 2479, 2569, 3368, 4387, 4808, 5617, 6838, 7067, 7488, 7714, 8175, 8237, 8410, 8542, 10265, 12265, 13713, 14891, 16100, 16378, 16421, 17120, 17167, 18001, 18662, 18870, 20081, 20185, 21688, 22670, 25282, 26054, 26972, 27117, 27367, 27575, 28532, 28899, 31694, 32089, 33216, 34717, 35264, 36533, 37868, 40693, 40857, 42050, 42578, 43130, 46037, 46129, 47318, 50472, 50593, 50615, 54518, 56776, 57072, 58977, 58979, 60120, 60647, 60810, 61569, 64903]
logs_monomial/n16_monomial5.txt.bz2.greedyext.20260222_144857.txt

725 2060 2985 4162 4594 5629 6084 6178 6459 7315 8214 9956 10270 11635 13031 13786 15033 15170 15857 16791 20305 22199 22432 23827 24507 24970 25142 26027 29254 29872 32284 32459 34290 34738 35855 37752 37864 37950 38279 38376 38944 40167 40290 41335 41412 46100 46165 47816 48483 49552 49895 50268 50447 51494 53012 54544 55167 55842 59299 59707 60244 60810 62767 62806 63052 63777 64724
Iter#2556416 New set #2 of size 67 (1278208.0 its/hit = 10062.500s/hit): seed=12682378246857031929 [725, 2060, 2985, 4162, 4594, 5629, 6084, 6178, 6459, 7315, 8214, 9956, 10270, 11635, 13031, 13786, 15033, 15170, 15857, 16791, 20305, 22199, 22432, 23827, 24507, 24970, 25142, 26027, 29254, 29872, 32284, 32459, 34290, 34738, 35855, 37752, 37864, 37950, 38279, 38376, 38944, 40167, 40290, 41335, 41412, 46100, 46165, 47816, 48483, 49552, 49895, 50268, 50447, 51494, 53012, 54544, 55167, 55842, 59299, 59707, 60244, 60810, 62767, 62806, 63052, 63777, 64724]
logs_monomial/n16_monomial5.txt.bz2.greedyext.20260222_144857.txt

1331 2774 3073 4155 5846 8313 8382 9089 12895 14317 14674 16072 19515 19705 20668 21587 21775 22231 22580 22946 22950 24520 25052 25677 28940 29015 29324 30696 32384 32476 33153 33947 34843 35096 37205 37541 38439 39331 39760 39860 41458 41657 41957 43661 45666 46847 47716 47787 48346 49893 50954 52320 52381 52654 52944 53159 54216 54247 56255 57064 57175 57176 60179 60285 60679 60952 62098
Iter#36098 New set #1 of size 67 (36098.0 its/hit = 281.000s/hit): seed=17687423454394350367 [1331, 2774, 3073, 4155, 5846, 8313, 8382, 9089, 12895, 14317, 14674, 16072, 19515, 19705, 20668, 21587, 21775, 22231, 22580, 22946, 22950, 24520, 25052, 25677, 28940, 29015, 29324, 30696, 32384, 32476, 33153, 33947, 34843, 35096, 37205, 37541, 38439, 39331, 39760, 39860, 41458, 41657, 41957, 43661, 45666, 46847, 47716, 47787, 48346, 49893, 50954, 52320, 52381, 52654, 52944, 53159, 54216, 54247, 56255, 57064, 57175, 57176, 60179, 60285, 60679, 60952, 62098]
logs_monomial/n16_monomial5.txt.bz2.greedyext.20260223_164100.txt

101 124 2101 2852 4122 4829 5872 8977 11255 11802 14429 14831 15021 15382 18176 18683 18747 20337 21420 22047 22983 25370 28253 29197 29650 29761 29763 32326 34510 35861 36343 36362 36474 37088 37349 37582 39500 40423 41388 41492 41752 43790 44031 44368 45706 46193 48036 48527 48968 49349 50541 50883 51260 52087 52186 52432 52479 52487 53425 53490 54626 59330 62316 62878 63500 64232 65305
Iter#1619734 New set #1 of size 67 (1619734.0 its/hit = 12724.000s/hit): seed=16155674974163309560 [101, 124, 2101, 2852, 4122, 4829, 5872, 8977, 11255, 11802, 14429, 14831, 15021, 15382, 18176, 18683, 18747, 20337, 21420, 22047, 22983, 25370, 28253, 29197, 29650, 29761, 29763, 32326, 34510, 35861, 36343, 36362, 36474, 37088, 37349, 37582, 39500, 40423, 41388, 41492, 41752, 43790, 44031, 44368, 45706, 46193, 48036, 48527, 48968, 49349, 50541, 50883, 51260, 52087, 52186, 52432, 52479, 52487, 53425, 53490, 54626, 59330, 62316, 62878, 63500, 64232, 65305]
logs_monomial/n16_monomial5.txt.bz2.greedyext.20260222_144857.txt

