365 691 2115 2688 3858 3958 4850 7743 12843 13175 16004 22289 22315 23593 23843 24343 29551 30237 31133 32109 33926 35165 35645 36833 37204 37456 38620 44824 45249 45447 45534 47699 48204 48814 50521 51026 51134 52015 52898 53789 53963 54088 56501 57944 60798 62940 64640
Iter#1031932 New set #2 of size 47 (515966.0 its/hit = 6115.000s/hit): seed=5986993756072508091 [365, 691, 2115, 2688, 3858, 3958, 4850, 7743, 12843, 13175, 16004, 22289, 22315, 23593, 23843, 24343, 29551, 30237, 31133, 32109, 33926, 35165, 35645, 36833, 37204, 37456, 38620, 44824, 45249, 45447, 45534, 47699, 48204, 48814, 50521, 51026, 51134, 52015, 52898, 53789, 53963, 54088, 56501, 57944, 60798, 62940, 64640]
logs_monomial/n16_monomial9.txt.bz2.greedyext.20260222_144857.txt

2161 2581 2846 3095 3160 3489 3856 6993 7135 7873 9568 9631 10645 13355 14126 15152 19756 21416 25447 27729 28782 29757 31045 32097 32539 34682 34853 35030 42925 43027 46116 46194 46649 47478 51076 51083 53063 53190 53990 57778 59480 60188 60458 60626 62180 62207 63555
Iter#714524 New set #1 of size 47 (714524.0 its/hit = 11837.000s/hit): seed=11888059205576911866 [2161, 2581, 2846, 3095, 3160, 3489, 3856, 6993, 7135, 7873, 9568, 9631, 10645, 13355, 14126, 15152, 19756, 21416, 25447, 27729, 28782, 29757, 31045, 32097, 32539, 34682, 34853, 35030, 42925, 43027, 46116, 46194, 46649, 47478, 51076, 51083, 53063, 53190, 53990, 57778, 59480, 60188, 60458, 60626, 62180, 62207, 63555]
logs_monomial/n16_monomial9.txt.bz2.greedyext.20260221_040836.txt

1207 1522 1583 1878 2606 3302 3443 3898 7553 10064 10872 11564 11583 13624 13898 14773 16531 21028 22640 28429 28660 31615 33101 34653 34740 37251 38008 38188 38256 38408 40124 44323 45485 47221 47941 53226 54964 55703 55804 57336 60646 60890 61160 62031 63129 63409 64161
Iter#2676784 New set #4 of size 47 (669196.0 its/hit = 7955.250s/hit): seed=10034029885414655201 [1207, 1522, 1583, 1878, 2606, 3302, 3443, 3898, 7553, 10064, 10872, 11564, 11583, 13624, 13898, 14773, 16531, 21028, 22640, 28429, 28660, 31615, 33101, 34653, 34740, 37251, 38008, 38188, 38256, 38408, 40124, 44323, 45485, 47221, 47941, 53226, 54964, 55703, 55804, 57336, 60646, 60890, 61160, 62031, 63129, 63409, 64161]
logs_monomial/n16_monomial9.txt.bz2.greedyext.20260222_144857.txt

3730 5590 5807 6196 6787 10577 13144 14007 14490 15376 15650 18375 18670 21422 21658 22417 22585 23680 23938 24614 25760 26188 27287 30746 31025 31638 31953 34065 36624 40980 41034 43556 43767 45070 47320 48471 53392 53401 54943 55228 56278 58062 59364 59420 60056 61123 64157
Iter#724451 New set #2 of size 47 (362225.5 its/hit = 6001.500s/hit): seed=16384647857381045730 [3730, 5590, 5807, 6196, 6787, 10577, 13144, 14007, 14490, 15376, 15650, 18375, 18670, 21422, 21658, 22417, 22585, 23680, 23938, 24614, 25760, 26188, 27287, 30746, 31025, 31638, 31953, 34065, 36624, 40980, 41034, 43556, 43767, 45070, 47320, 48471, 53392, 53401, 54943, 55228, 56278, 58062, 59364, 59420, 60056, 61123, 64157]
logs_monomial/n16_monomial9.txt.bz2.greedyext.20260221_040836.txt

811 2212 2327 3249 5072 5236 5386 6638 7095 8214 9479 12494 12765 12892 14323 15173 19783 23622 24582 26267 26931 28384 28573 30263 30917 33009 35428 36272 39182 40210 40227 40273 42640 43088 43370 43485 45933 46812 49718 51188 52272 53200 56452 58225 58707 60838 64296
Iter#1925032 New set #3 of size 47 (641677.3 its/hit = 7631.000s/hit): seed=2363874602900899239 [811, 2212, 2327, 3249, 5072, 5236, 5386, 6638, 7095, 8214, 9479, 12494, 12765, 12892, 14323, 15173, 19783, 23622, 24582, 26267, 26931, 28384, 28573, 30263, 30917, 33009, 35428, 36272, 39182, 40210, 40227, 40273, 42640, 43088, 43370, 43485, 45933, 46812, 49718, 51188, 52272, 53200, 56452, 58225, 58707, 60838, 64296]
logs_monomial/n16_monomial9.txt.bz2.greedyext.20260222_144857.txt

1704 2169 2378 4069 5491 5993 7925 9411 9783 9951 10125 11106 11289 14259 15675 17330 17575 17668 17928 19240 20050 20701 21096 21678 22899 22988 25204 25236 31519 33394 34107 36523 40642 40704 41436 42271 48622 51181 51455 56144 57029 58038 59581 60216 63022 63656 65203
Iter#211574 New set #1 of size 47 (211574.0 its/hit = 2504.000s/hit): seed=12907655947470554756 [1704, 2169, 2378, 4069, 5491, 5993, 7925, 9411, 9783, 9951, 10125, 11106, 11289, 14259, 15675, 17330, 17575, 17668, 17928, 19240, 20050, 20701, 21096, 21678, 22899, 22988, 25204, 25236, 31519, 33394, 34107, 36523, 40642, 40704, 41436, 42271, 48622, 51181, 51455, 56144, 57029, 58038, 59581, 60216, 63022, 63656, 65203]
logs_monomial/n16_monomial9.txt.bz2.greedyext.20260222_144857.txt

