2 12 21 24 42 50 77 85 86 103 108 113 120 121 126 127
Iter#179006 New set #90000 of size 16 (2.0 its/hit = 0.000s/hit): seed=2398588804902304826 [2, 12, 21, 24, 42, 50, 77, 85, 86, 103, 108, 113, 120, 121, 126, 127]
logs_monomial/n7_monomial7.txt.bz2.greedyext.20260220_210334.txt

25 30 32 49 57 60 79 86 89 90 98 102 108 109 111 118
Iter#14156 New set #7000 of size 16 (2.0 its/hit = 0.000s/hit): seed=14973347147792234035 [25, 30, 32, 49, 57, 60, 79, 86, 89, 90, 98, 102, 108, 109, 111, 118]
logs_monomial/n7_monomial7.txt.bz2.greedyext.20260220_210334.txt

1 6 7 12 21 40 42 50 62 103 110 120 121 124 126 127
Iter#1793743 New set #900000 of size 16 (2.0 its/hit = 0.000s/hit): seed=13963809799528517695 [1, 6, 7, 12, 21, 40, 42, 50, 62, 103, 110, 120, 121, 124, 126, 127]
logs_monomial/n7_monomial7.txt.bz2.greedyext.20260220_210334.txt

3 16 19 22 23 32 35 41 43 48 51 79 100 107 117 125
Iter#15952653 New set #8000000 of size 16 (2.0 its/hit = 0.000s/hit): seed=15467679388244462319 [3, 16, 19, 22, 23, 32, 35, 41, 43, 48, 51, 79, 100, 107, 117, 125]
logs_monomial/n7_monomial7.txt.bz2.greedyext.20260220_210334.txt

5 7 15 17 34 40 44 48 53 57 80 85 96 101 107 115
Iter#59831264 New set #30000000 of size 16 (2.0 its/hit = 0.000s/hit): seed=2639781494634674566 [5, 7, 15, 17, 34, 40, 44, 48, 53, 57, 80, 85, 96, 101, 107, 115]
logs_monomial/n7_monomial7.txt.bz2.greedyext.20260220_210334.txt

5 8 12 24 34 48 53 64 80 85 91 96 98 101 115 116
Iter#139432 New set #70000 of size 16 (2.0 its/hit = 0.000s/hit): seed=195244276520739193 [5, 8, 12, 24, 34, 48, 53, 64, 80, 85, 91, 96, 98, 101, 115, 116]
logs_monomial/n7_monomial7.txt.bz2.greedyext.20260220_210334.txt

7 18 21 25 31 45 62 78 82 90 103 105 107 110 123 124
Iter#3988865 New set #2000000 of size 16 (2.0 its/hit = 0.000s/hit): seed=10719603114100716684 [7, 18, 21, 25, 31, 45, 62, 78, 82, 90, 103, 105, 107, 110, 123, 124]
logs_monomial/n7_monomial7.txt.bz2.greedyext.20260220_210334.txt

5 15 34 40 44 48 53 64 80 85 96 98 101 107 115 116
Iter#2075 New set #1000 of size 16 (2.1 its/hit = 0.000s/hit): seed=2890680656154022260 [5, 15, 34, 40, 44, 48, 53, 64, 80, 85, 96, 98, 101, 107, 115, 116]
logs_monomial/n7_monomial7.txt.bz2.greedyext.20260220_210334.txt

25 30 43 47 49 52 57 59 71 74 86 89 95 102 104 118
Iter#18 New set #9 of size 16 (2.0 its/hit = 0.000s/hit): seed=9412937972149746827 [25, 30, 43, 47, 49, 52, 57, 59, 71, 74, 86, 89, 95, 102, 104, 118]
logs_monomial/n7_monomial7.txt.bz2.greedyext.20260220_210334.txt

25 32 39 44 59 62 74 76 78 87 88 96 99 104 105 112
Iter#1394441 New set #700000 of size 16 (2.0 its/hit = 0.000s/hit): seed=9660660060220462846 [25, 32, 39, 44, 59, 62, 74, 76, 78, 87, 88, 96, 99, 104, 105, 112]
logs_monomial/n7_monomial7.txt.bz2.greedyext.20260220_210334.txt

22 23 29 36 38 51 72 74 75 79 83 88 102 107 116 124
Iter#22 New set #10 of size 16 (2.2 its/hit = 0.000s/hit): seed=4452010961215440277 [22, 23, 29, 36, 38, 51, 72, 74, 75, 79, 83, 88, 102, 107, 116, 124]
logs_monomial/n7_monomial7.txt.bz2.greedyext.20260220_210334.txt

6 7 13 23 26 57 74 77 85 101 103 104 107 114 126 127
Iter#39 New set #20 of size 16 (2.0 its/hit = 0.000s/hit): seed=10432825315949912800 [6, 7, 13, 23, 26, 57, 74, 77, 85, 101, 103, 104, 107, 114, 126, 127]
logs_monomial/n7_monomial7.txt.bz2.greedyext.20260220_210334.txt

9 19 26 39 43 62 70 73 81 86 99 105 106 112 119 121
Iter#99749 New set #50000 of size 16 (2.0 its/hit = 0.000s/hit): seed=2704322241941757908 [9, 19, 26, 39, 43, 62, 70, 73, 81, 86, 99, 105, 106, 112, 119, 121]
logs_monomial/n7_monomial7.txt.bz2.greedyext.20260220_210334.txt

18 21 22 25 39 52 62 67 70 78 82 87 105 110 112 113
Iter#79947 New set #40000 of size 16 (2.0 its/hit = 0.000s/hit): seed=17374036956573054801 [18, 21, 22, 25, 39, 52, 62, 67, 70, 78, 82, 87, 105, 110, 112, 113]
logs_monomial/n7_monomial7.txt.bz2.greedyext.20260220_210334.txt

7 15 16 17 18 33 38 47 69 81 86 105 112 113 119 124
Iter#140 New set #70 of size 16 (2.0 its/hit = 0.000s/hit): seed=15471006945636391225 [7, 15, 16, 17, 18, 33, 38, 47, 69, 81, 86, 105, 112, 113, 119, 124]
logs_monomial/n7_monomial7.txt.bz2.greedyext.20260220_210334.txt

1 5 18 19 27 36 37 53 54 55 56 61 64 68 95 109
Iter#13957666 New set #7000000 of size 16 (2.0 its/hit = 0.000s/hit): seed=15094561272959483318 [1, 5, 18, 19, 27, 36, 37, 53, 54, 55, 56, 61, 64, 68, 95, 109]
logs_monomial/n7_monomial7.txt.bz2.greedyext.20260220_210334.txt

7 13 24 40 42 45 52 57 67 71 74 90 114 115 124 126
Iter#8 New set #5 of size 16 (1.6 its/hit = 0.000s/hit): seed=14750987520305535843 [7, 13, 24, 40, 42, 45, 52, 57, 67, 71, 74, 90, 114, 115, 124, 126]
logs_monomial/n7_monomial7.txt.bz2.greedyext.20260220_210334.txt

4 26 43 46 47 51 59 80 84 92 102 109 118 123 124 127
Iter#5983023 New set #3000000 of size 16 (2.0 its/hit = 0.000s/hit): seed=464237500333660748 [4, 26, 43, 46, 47, 51, 59, 80, 84, 92, 102, 109, 118, 123, 124, 127]
logs_monomial/n7_monomial7.txt.bz2.greedyext.20260220_210334.txt

10 12 15 35 41 46 58 60 64 67 73 96 106 119 122 123
Iter#180 New set #90 of size 16 (2.0 its/hit = 0.000s/hit): seed=8006442738063448038 [10, 12, 15, 35, 41, 46, 58, 60, 64, 67, 73, 96, 106, 119, 122, 123]
logs_monomial/n7_monomial7.txt.bz2.greedyext.20260220_210334.txt

9 11 22 27 31 37 44 50 51 58 65 68 78 83 99 111
Iter#12169 New set #6000 of size 16 (2.0 its/hit = 0.000s/hit): seed=14212448586547396173 [9, 11, 22, 27, 31, 37, 44, 50, 51, 58, 65, 68, 78, 83, 99, 111]
logs_monomial/n7_monomial7.txt.bz2.greedyext.20260220_210334.txt

19 26 43 49 55 66 70 76 87 92 99 106 108 109 119 122
Iter#398551 New set #200000 of size 16 (2.0 its/hit = 0.000s/hit): seed=11927554286167382891 [19, 26, 43, 49, 55, 66, 70, 76, 87, 92, 99, 106, 108, 109, 119, 122]
logs_monomial/n7_monomial7.txt.bz2.greedyext.20260220_210334.txt

6 10 35 40 41 48 55 60 67 73 89 91 96 100 106 125
Iter#996369 New set #500000 of size 16 (2.0 its/hit = 0.000s/hit): seed=17783062878295537396 [6, 10, 35, 40, 41, 48, 55, 60, 67, 73, 89, 91, 96, 100, 106, 125]
logs_monomial/n7_monomial7.txt.bz2.greedyext.20260220_210334.txt

11 19 29 43 56 58 59 66 79 81 102 105 109 115 118 122
Iter#1993198 New set #1000000 of size 16 (2.0 its/hit = 0.000s/hit): seed=1143030202322407494 [11, 19, 29, 43, 56, 58, 59, 66, 79, 81, 102, 105, 109, 115, 118, 122]
logs_monomial/n7_monomial7.txt.bz2.greedyext.20260220_210334.txt

2 4 6 14 16 17 18 20 22 52 82 87 108 112 113 125
Iter#6 New set #3 of size 16 (2.0 its/hit = 0.000s/hit): seed=15903376136537426693 [2, 4, 6, 14, 16, 17, 18, 20, 22, 52, 82, 87, 108, 112, 113, 125]
logs_monomial/n7_monomial7.txt.bz2.greedyext.20260220_210334.txt

7 13 18 28 38 52 56 69 71 81 87 94 99 112 113 126
Iter#6115 New set #3000 of size 16 (2.0 its/hit = 0.000s/hit): seed=3203545995223161851 [7, 13, 18, 28, 38, 52, 56, 69, 71, 81, 87, 94, 99, 112, 113, 126]
logs_monomial/n7_monomial7.txt.bz2.greedyext.20260220_210334.txt

6 10 30 32 35 38 46 48 51 60 64 70 73 96 102 123
Iter#10182 New set #5000 of size 16 (2.0 its/hit = 0.000s/hit): seed=18424752472301241274 [6, 10, 30, 32, 35, 38, 46, 48, 51, 60, 64, 70, 73, 96, 102, 123]
logs_monomial/n7_monomial7.txt.bz2.greedyext.20260220_210334.txt

1 9 14 18 19 36 37 49 54 55 75 95 106 108 112 117
Iter#60089 New set #30000 of size 16 (2.0 its/hit = 0.000s/hit): seed=12660800959695326719 [1, 9, 14, 18, 19, 36, 37, 49, 54, 55, 75, 95, 106, 108, 112, 117]
logs_monomial/n7_monomial7.txt.bz2.greedyext.20260220_210334.txt

10 28 35 41 67 70 73 77 82 87 90 96 103 106 117 122
Iter#159137 New set #80000 of size 16 (2.0 its/hit = 0.000s/hit): seed=16419338388324724744 [10, 28, 35, 41, 67, 70, 73, 77, 82, 87, 90, 96, 103, 106, 117, 122]
logs_monomial/n7_monomial7.txt.bz2.greedyext.20260220_210334.txt

4 19 23 39 56 58 72 76 81 91 92 95 106 117 122 123
Iter#636 New set #300 of size 16 (2.1 its/hit = 0.000s/hit): seed=7205745680307997122 [4, 19, 23, 39, 56, 58, 72, 76, 81, 91, 92, 95, 106, 117, 122, 123]
logs_monomial/n7_monomial7.txt.bz2.greedyext.20260220_210334.txt

27 43 45 49 52 54 59 64 87 91 98 102 109 110 118 119
Iter#9 New set #6 of size 16 (1.5 its/hit = 0.000s/hit): seed=18025093991708452717 [27, 43, 45, 49, 52, 54, 59, 64, 87, 91, 98, 102, 109, 110, 118, 119]
logs_monomial/n7_monomial7.txt.bz2.greedyext.20260220_210334.txt

6 20 24 38 45 49 54 55 64 91 93 95 96 106 108 122
Iter#4128 New set #2000 of size 16 (2.1 its/hit = 0.000s/hit): seed=10847210203963964714 [6, 20, 24, 38, 45, 49, 54, 55, 64, 91, 93, 95, 96, 106, 108, 122]
logs_monomial/n7_monomial7.txt.bz2.greedyext.20260220_210334.txt

11 25 30 32 34 44 47 49 71 73 79 83 89 104 115 118
Iter#833 New set #400 of size 16 (2.1 its/hit = 0.000s/hit): seed=9470556835782740984 [11, 25, 30, 32, 34, 44, 47, 49, 71, 73, 79, 83, 89, 104, 115, 118]
logs_monomial/n7_monomial7.txt.bz2.greedyext.20260220_210334.txt

29 38 39 43 50 56 59 75 77 79 82 93 105 114 116 122
Iter#20103 New set #10000 of size 16 (2.0 its/hit = 0.000s/hit): seed=5373955099438304948 [29, 38, 39, 43, 50, 56, 59, 75, 77, 79, 82, 93, 105, 114, 116, 122]
logs_monomial/n7_monomial7.txt.bz2.greedyext.20260220_210334.txt

21 25 32 34 39 50 65 67 73 74 82 86 100 111 113 121
Iter#1258 New set #600 of size 16 (2.1 its/hit = 0.000s/hit): seed=885070986689649623 [21, 25, 32, 34, 39, 50, 65, 67, 73, 74, 82, 86, 100, 111, 113, 121]
logs_monomial/n7_monomial7.txt.bz2.greedyext.20260220_210334.txt

9 14 19 36 43 47 56 63 66 81 99 105 121 122 123 127
Iter#75 New set #40 of size 16 (1.9 its/hit = 0.000s/hit): seed=14437073810016942804 [9, 14, 19, 36, 43, 47, 56, 63, 66, 81, 99, 105, 121, 122, 123, 127]
logs_monomial/n7_monomial7.txt.bz2.greedyext.20260220_210334.txt

19 27 33 53 58 61 68 78 85 87 92 105 111 112 116 117
Iter#166 New set #80 of size 16 (2.1 its/hit = 0.000s/hit): seed=18223330696343233903 [19, 27, 33, 53, 58, 61, 68, 78, 85, 87, 92, 105, 111, 112, 116, 117]
logs_monomial/n7_monomial7.txt.bz2.greedyext.20260220_210334.txt

9 11 22 27 28 29 37 58 65 66 69 78 83 88 111 115
Iter#1471 New set #700 of size 16 (2.1 its/hit = 0.000s/hit): seed=13250513290669367573 [9, 11, 22, 27, 28, 29, 37, 58, 65, 66, 69, 78, 83, 88, 111, 115]
logs_monomial/n7_monomial7.txt.bz2.greedyext.20260220_210334.txt

8 43 47 51 59 73 80 83 84 92 94 98 103 111 124 125
Iter#93 New set #50 of size 16 (1.9 its/hit = 0.000s/hit): seed=4879383864692127123 [8, 43, 47, 51, 59, 73, 80, 83, 84, 92, 94, 98, 103, 111, 124, 125]
logs_monomial/n7_monomial7.txt.bz2.greedyext.20260220_210334.txt

4 14 23 34 36 42 71 76 81 88 95 107 117 118 122 123
Iter#19940901 New set #10000000 of size 16 (2.0 its/hit = 0.000s/hit): seed=2582541931933759343 [4, 14, 23, 34, 36, 42, 71, 76, 81, 88, 95, 107, 117, 118, 122, 123]
logs_monomial/n7_monomial7.txt.bz2.greedyext.20260220_210334.txt

1 3 5 8 10 13 16 17 53 63 72 80 96 97 112 113
Iter#1195195 New set #600000 of size 16 (2.0 its/hit = 0.000s/hit): seed=2123004889266901197 [1, 3, 5, 8, 10, 13, 16, 17, 53, 63, 72, 80, 96, 97, 112, 113]
logs_monomial/n7_monomial7.txt.bz2.greedyext.20260220_210334.txt

2 14 31 39 41 42 48 50 77 81 84 85 91 114 117 124
Iter#11 New set #7 of size 16 (1.6 its/hit = 0.000s/hit): seed=3868596156308575914 [2, 14, 31, 39, 41, 42, 48, 50, 77, 81, 84, 85, 91, 114, 117, 124]
logs_monomial/n7_monomial7.txt.bz2.greedyext.20260220_210334.txt

7 22 27 28 47 57 58 66 69 85 89 93 94 101 107 116
Iter#120 New set #60 of size 16 (2.0 its/hit = 0.000s/hit): seed=8582932232009049213 [7, 22, 27, 28, 47, 57, 58, 66, 69, 85, 89, 93, 94, 101, 107, 116]
logs_monomial/n7_monomial7.txt.bz2.greedyext.20260220_210334.txt

1 17 20 21 30 39 42 43 62 63 64 67 70 93 97 113
Iter#14 New set #8 of size 16 (1.8 its/hit = 0.000s/hit): seed=16257908609640690741 [1, 17, 20, 21, 30, 39, 42, 43, 62, 63, 64, 67, 70, 93, 97, 113]
logs_monomial/n7_monomial7.txt.bz2.greedyext.20260220_210334.txt

4 16 24 43 47 70 80 84 88 101 110 120 121 123 126 127
Iter#5 New set #2 of size 16 (2.5 its/hit = 0.000s/hit): seed=6712840398929259848 [4, 16, 24, 43, 47, 70, 80, 84, 88, 101, 110, 120, 121, 123, 126, 127]
logs_monomial/n7_monomial7.txt.bz2.greedyext.20260220_210334.txt

8 13 25 32 35 48 51 59 84 86 90 92 103 111 122 125
Iter#198877 New set #100000 of size 16 (2.0 its/hit = 0.000s/hit): seed=18352010436634720793 [8, 13, 25, 32, 35, 48, 51, 59, 84, 86, 90, 92, 103, 111, 122, 125]
logs_monomial/n7_monomial7.txt.bz2.greedyext.20260220_210334.txt

21 24 25 34 39 40 45 61 67 74 95 98 106 113 115 119
Iter#56 New set #30 of size 16 (1.9 its/hit = 0.000s/hit): seed=2265741054733709783 [21, 24, 25, 34, 39, 40, 45, 61, 67, 74, 95, 98, 106, 113, 115, 119]
logs_monomial/n7_monomial7.txt.bz2.greedyext.20260220_210334.txt

4 5 19 23 28 50 68 69 72 76 91 95 97 104 121 124
Iter#119333 New set #60000 of size 16 (2.0 its/hit = 0.000s/hit): seed=10321156160807840702 [4, 5, 19, 23, 28, 50, 68, 69, 72, 76, 91, 95, 97, 104, 121, 124]
logs_monomial/n7_monomial7.txt.bz2.greedyext.20260220_210334.txt

1 2 5 9 10 21 31 42 62 65 69 75 84 94 100 124
Iter#202 New set #100 of size 16 (2.0 its/hit = 0.000s/hit): seed=9852108203830777735 [1, 2, 5, 9, 10, 21, 31, 42, 62, 65, 69, 75, 84, 94, 100, 124]
logs_monomial/n7_monomial7.txt.bz2.greedyext.20260220_210334.txt

7 9 11 17 26 34 35 36 41 51 54 56 98 107 116 124
Iter#7975397 New set #4000000 of size 16 (2.0 its/hit = 0.000s/hit): seed=11070570218972894937 [7, 9, 11, 17, 26, 34, 35, 36, 41, 51, 54, 56, 98, 107, 116, 124]
logs_monomial/n7_monomial7.txt.bz2.greedyext.20260220_210334.txt

7 9 15 22 31 37 44 49 51 58 62 63 65 70 110 122
Iter#597574 New set #300000 of size 16 (2.0 its/hit = 0.000s/hit): seed=8274136388474914863 [7, 9, 15, 22, 31, 37, 44, 49, 51, 58, 62, 63, 65, 70, 110, 122]
logs_monomial/n7_monomial7.txt.bz2.greedyext.20260220_210334.txt

15 18 19 36 37 41 44 51 58 73 79 88 91 92 102 117
Iter#796353 New set #400000 of size 16 (2.0 its/hit = 0.000s/hit): seed=10143826787301303868 [15, 18, 19, 36, 37, 41, 44, 51, 58, 73, 79, 88, 91, 92, 102, 117]
logs_monomial/n7_monomial7.txt.bz2.greedyext.20260220_210334.txt

2 22 23 34 43 50 52 65 68 73 74 75 82 97 102 112
Iter#3 New set #1 of size 16 (3.0 its/hit = 0.000s/hit): seed=1928631879633642787 [2, 22, 23, 34, 43, 50, 52, 65, 68, 73, 74, 75, 82, 97, 102, 112]
logs_monomial/n7_monomial7.txt.bz2.greedyext.20260220_210334.txt

5 13 23 41 48 53 77 80 84 85 90 96 101 103 123 127
Iter#1593710 New set #800000 of size 16 (2.0 its/hit = 0.000s/hit): seed=2235687864637141625 [5, 13, 23, 41, 48, 53, 77, 80, 84, 85, 90, 96, 101, 103, 123, 127]
logs_monomial/n7_monomial7.txt.bz2.greedyext.20260220_210334.txt

3 19 49 54 56 60 63 65 66 90 98 105 111 124 125 126
Iter#11964372 New set #6000000 of size 16 (2.0 its/hit = 0.000s/hit): seed=2915721765037581524 [3, 19, 49, 54, 56, 60, 63, 65, 66, 90, 98, 105, 111, 124, 125, 126]
logs_monomial/n7_monomial7.txt.bz2.greedyext.20260220_210334.txt

1 4 13 17 23 28 50 65 68 73 85 88 97 113 115 121
Iter#17948020 New set #9000000 of size 16 (2.0 its/hit = 0.000s/hit): seed=8731933279203963733 [1, 4, 13, 17, 23, 28, 50, 65, 68, 73, 85, 88, 97, 113, 115, 121]
logs_monomial/n7_monomial7.txt.bz2.greedyext.20260220_210334.txt

7 14 27 32 33 39 58 76 78 81 85 99 111 116 119 124
Iter#1670 New set #800 of size 16 (2.1 its/hit = 0.000s/hit): seed=9881413107200095609 [7, 14, 27, 32, 33, 39, 58, 76, 78, 81, 85, 99, 111, 116, 119, 124]
logs_monomial/n7_monomial7.txt.bz2.greedyext.20260220_210334.txt

6 7 27 57 58 63 75 77 85 100 103 107 114 116 126 127
Iter#1058 New set #500 of size 16 (2.1 its/hit = 0.000s/hit): seed=8589062131929132000 [6, 7, 27, 57, 58, 63, 75, 77, 85, 100, 103, 107, 114, 116, 126, 127]
logs_monomial/n7_monomial7.txt.bz2.greedyext.20260220_210334.txt

3 9 13 14 18 27 48 60 65 72 78 83 90 98 103 126
Iter#40211 New set #20000 of size 16 (2.0 its/hit = 0.000s/hit): seed=8629423361229840888 [3, 9, 13, 14, 18, 27, 48, 60, 65, 72, 78, 83, 90, 98, 103, 126]
logs_monomial/n7_monomial7.txt.bz2.greedyext.20260220_210334.txt

5 11 20 21 40 42 43 49 55 61 74 95 98 109 119 122
Iter#430 New set #200 of size 16 (2.2 its/hit = 0.000s/hit): seed=7010176270846947171 [5, 11, 20, 21, 40, 42, 43, 49, 55, 61, 74, 95, 98, 109, 119, 122]
logs_monomial/n7_monomial7.txt.bz2.greedyext.20260220_210334.txt

4 5 17 28 42 46 52 78 85 88 92 95 97 114 118 121
Iter#1856 New set #900 of size 16 (2.1 its/hit = 0.000s/hit): seed=4995362923808076445 [4, 5, 17, 28, 42, 46, 52, 78, 85, 88, 92, 95, 97, 114, 118, 121]
logs_monomial/n7_monomial7.txt.bz2.greedyext.20260220_210334.txt

8 15 43 51 56 60 70 72 73 84 86 105 111 117 121 122
Iter#39891844 New set #20000000 of size 16 (2.0 its/hit = 0.000s/hit): seed=5512691315423505499 [8, 15, 43, 51, 56, 60, 70, 72, 73, 84, 86, 105, 111, 117, 121, 122]
logs_monomial/n7_monomial7.txt.bz2.greedyext.20260220_210334.txt

14 18 31 33 36 45 52 62 67 69 76 81 90 99 100 123
Iter#8136 New set #4000 of size 16 (2.0 its/hit = 0.000s/hit): seed=215409791084194205 [14, 18, 31, 33, 36, 45, 52, 62, 67, 69, 76, 81, 90, 99, 100, 123]
logs_monomial/n7_monomial7.txt.bz2.greedyext.20260220_210334.txt

11 18 33 37 44 46 51 57 58 59 65 74 100 103 111 116
Iter#16088 New set #8000 of size 16 (2.0 its/hit = 0.000s/hit): seed=11941579900204029325 [11, 18, 33, 37, 44, 46, 51, 57, 58, 59, 65, 74, 100, 103, 111, 116]
logs_monomial/n7_monomial7.txt.bz2.greedyext.20260220_210334.txt

10 15 25 35 40 41 45 46 55 60 67 73 96 106 119 122
Iter#18066 New set #9000 of size 16 (2.0 its/hit = 0.000s/hit): seed=10680130389719021316 [10, 15, 25, 35, 40, 41, 45, 46, 55, 60, 67, 73, 96, 106, 119, 122]
logs_monomial/n7_monomial7.txt.bz2.greedyext.20260220_210334.txt

15 16 27 30 43 45 51 55 59 64 77 87 93 102 118 119
Iter#9970826 New set #5000000 of size 16 (2.0 its/hit = 0.000s/hit): seed=5376635512923605333 [15, 16, 27, 30, 43, 45, 51, 55, 59, 64, 77, 87, 93, 102, 118, 119]
logs_monomial/n7_monomial7.txt.bz2.greedyext.20260220_210334.txt

7 11 22 24 30 31 33 35 55 61 69 70 88 101 116 123
Iter#7 New set #4 of size 16 (1.8 its/hit = 0.000s/hit): seed=5909867843516961656 [7, 11, 22, 24, 30, 31, 33, 35, 55, 61, 69, 70, 88, 101, 116, 123]
logs_monomial/n7_monomial7.txt.bz2.greedyext.20260220_210334.txt

