0 3 17 46 77 94 106 108 116 124 160 167 172 174 214 230 235 255
Iter#4812490 New set #9 of size 18 (534721.1 its/hit = 2.556s/hit): seed=12050380561889787403 [0, 3, 17, 46, 77, 94, 106, 108, 116, 124, 160, 167, 172, 174, 214, 230, 235, 255]
logs_monomial/n8_monomialInverse.txt.bz2.greedyext.20260220_210334.txt

0 13 18 19 22 48 50 75 137 142 147 162 164 198 210 218 225 238
Iter#2529994 New set #4 of size 18 (632498.5 its/hit = 3.000s/hit): seed=10989485129436527919 [0, 13, 18, 19, 22, 48, 50, 75, 137, 142, 147, 162, 164, 198, 210, 218, 225, 238]
logs_monomial/n8_monomialInverse.txt.bz2.greedyext.20260220_210334.txt

0 4 35 60 73 91 98 104 121 126 141 144 152 157 158 176 222 236
Iter#5060285 New set #10 of size 18 (506028.5 its/hit = 2.500s/hit): seed=5281871326275013545 [0, 4, 35, 60, 73, 91, 98, 104, 121, 126, 141, 144, 152, 157, 158, 176, 222, 236]
logs_monomial/n8_monomialInverse.txt.bz2.greedyext.20260220_210334.txt

0 20 42 74 112 123 128 129 131 155 175 194 204 211 213 220 234 247
Iter#7750737 New set #20 of size 18 (387536.8 its/hit = 1.900s/hit): seed=4912035496281939600 [0, 20, 42, 74, 112, 123, 128, 129, 131, 155, 175, 194, 204, 211, 213, 220, 234, 247]
logs_monomial/n8_monomialInverse.txt.bz2.greedyext.20260220_210334.txt

0 27 29 31 40 43 67 84 133 148 153 165 183 187 201 224 243 246
Iter#33396303 New set #70 of size 18 (477090.1 its/hit = 2.343s/hit): seed=1346315507822552507 [0, 27, 29, 31, 40, 43, 67, 84, 133, 148, 153, 165, 183, 187, 201, 224, 243, 246]
logs_monomial/n8_monomialInverse.txt.bz2.greedyext.20260220_210334.txt

0 23 47 53 54 58 62 80 86 87 107 115 134 143 168 221 241 251
Iter#23261624 New set #50 of size 18 (465232.5 its/hit = 2.280s/hit): seed=4227521335390492381 [0, 23, 47, 53, 54, 58, 62, 80, 86, 87, 107, 115, 134, 143, 168, 221, 241, 251]
logs_monomial/n8_monomialInverse.txt.bz2.greedyext.20260220_210334.txt

0 14 16 57 66 78 90 95 113 122 140 149 151 189 229 240 249 250
Iter#2539426 New set #5 of size 18 (507885.2 its/hit = 2.400s/hit): seed=863597009556221172 [0, 14, 16, 57, 66, 78, 90, 95, 113, 122, 140, 149, 151, 189, 229, 240, 249, 250]
logs_monomial/n8_monomialInverse.txt.bz2.greedyext.20260220_210334.txt

0 5 28 32 51 55 103 114 132 156 180 190 215 226 233 239 244 253
Iter#16222262 New set #40 of size 18 (405556.6 its/hit = 2.000s/hit): seed=15254679388388370555 [0, 5, 28, 32, 51, 55, 103, 114, 132, 156, 180, 190, 215, 226, 233, 239, 244, 253]
logs_monomial/n8_monomialInverse.txt.bz2.greedyext.20260220_210334.txt

0 12 41 68 101 127 130 138 139 166 173 181 184 186 191 205 219 237
Iter#44396921 New set #90 of size 18 (493299.1 its/hit = 2.433s/hit): seed=11166816688179547238 [0, 12, 41, 68, 101, 127, 130, 138, 139, 166, 173, 181, 184, 186, 191, 205, 219, 237]
logs_monomial/n8_monomialInverse.txt.bz2.greedyext.20260220_210334.txt

0 10 21 37 56 64 97 102 110 117 179 195 206 207 217 228 231 245
Iter#38911707 New set #80 of size 18 (486396.3 its/hit = 2.400s/hit): seed=9081425391772099657 [0, 10, 21, 37, 56, 64, 97, 102, 110, 117, 179, 195, 206, 207, 217, 228, 231, 245]
logs_monomial/n8_monomialInverse.txt.bz2.greedyext.20260220_210334.txt

0 2 30 49 52 63 72 76 79 88 111 118 159 163 170 178 192 200
Iter#3921297 New set #7 of size 18 (560185.3 its/hit = 2.714s/hit): seed=17005548363171062767 [0, 2, 30, 49, 52, 63, 72, 76, 79, 88, 111, 118, 159, 163, 170, 178, 192, 200]
logs_monomial/n8_monomialInverse.txt.bz2.greedyext.20260220_210334.txt

0 7 8 33 39 45 61 70 120 125 146 161 182 196 197 208 242 252
Iter#48756181 New set #100 of size 18 (487561.8 its/hit = 2.400s/hit): seed=2542270779025367330 [0, 7, 8, 33, 39, 45, 61, 70, 120, 125, 146, 161, 182, 196, 197, 208, 242, 252]
logs_monomial/n8_monomialInverse.txt.bz2.greedyext.20260220_210334.txt

