12 21 24 37 83 84 93 95 135 143 153 159 173 190 221 226 240 243
Iter#439535 New set #300 of size 18 (1465.1 its/hit = 0.007s/hit): seed=13688849605562488646 [12, 21, 24, 37, 83, 84, 93, 95, 135, 143, 153, 159, 173, 190, 221, 226, 240, 243]
logs_monomial/n8_monomial9.txt.bz2.greedyext.20260220_210334.txt

0 3 8 12 25 33 54 69 93 96 97 102 158 176 185 199 205 235
Iter#20299 New set #20 of size 18 (1015.0 its/hit = 0.000s/hit): seed=2202963755982464861 [0, 3, 8, 12, 25, 33, 54, 69, 93, 96, 97, 102, 158, 176, 185, 199, 205, 235]
logs_monomial/n8_monomial9.txt.bz2.greedyext.20260220_210334.txt

11 15 28 32 57 60 78 91 130 136 160 184 193 200 211 213 222 235
Iter#10406979 New set #7000 of size 18 (1486.7 its/hit = 0.007s/hit): seed=5421911927461651810 [11, 15, 28, 32, 57, 60, 78, 91, 130, 136, 160, 184, 193, 200, 211, 213, 222, 235]
logs_monomial/n8_monomial9.txt.bz2.greedyext.20260220_210334.txt

0 2 9 14 69 72 81 120 128 173 174 191 194 196 210 218 227 240
Iter#8837616 New set #6000 of size 18 (1472.9 its/hit = 0.007s/hit): seed=7214682971510190243 [0, 2, 9, 14, 69, 72, 81, 120, 128, 173, 174, 191, 194, 196, 210, 218, 227, 240]
logs_monomial/n8_monomial9.txt.bz2.greedyext.20260220_210334.txt

9 30 74 81 85 87 97 98 131 170 185 188 207 211 222 239 241 253
Iter#1388471 New set #1000 of size 18 (1388.5 its/hit = 0.006s/hit): seed=3802870708244813524 [9, 30, 74, 81, 85, 87, 97, 98, 131, 170, 185, 188, 207, 211, 222, 239, 241, 253]
logs_monomial/n8_monomial9.txt.bz2.greedyext.20260220_210334.txt

17 22 29 31 78 87 90 103 159 160 177 178 197 205 219 221 239 252
Iter#59425557 New set #40000 of size 18 (1485.6 its/hit = 0.007s/hit): seed=10064187977699828868 [17, 22, 29, 31, 78, 87, 90, 103, 159, 160, 177, 178, 197, 205, 219, 221, 239, 252]
logs_monomial/n8_monomial9.txt.bz2.greedyext.20260220_210334.txt

21 23 25 30 70 82 95 111 151 168 185 186 197 205 211 213 231 244
Iter#589397 New set #400 of size 18 (1473.5 its/hit = 0.005s/hit): seed=2559021558405379857 [21, 23, 25, 30, 70, 82, 95, 111, 151, 168, 185, 186, 197, 205, 211, 213, 231, 244]
logs_monomial/n8_monomial9.txt.bz2.greedyext.20260220_210334.txt

10 15 28 53 71 75 89 101 104 121 168 191 212 215 225 227 231 252
Iter#736050 New set #500 of size 18 (1472.1 its/hit = 0.006s/hit): seed=11712569631512193547 [10, 15, 28, 53, 71, 75, 89, 101, 104, 121, 168, 191, 212, 215, 225, 227, 231, 252]
logs_monomial/n8_monomial9.txt.bz2.greedyext.20260220_210334.txt

18 22 39 43 73 84 86 94 104 114 115 125 173 179 203 219 227 228
Iter#5047 New set #8 of size 18 (630.9 its/hit = 0.000s/hit): seed=673754316249325454 [18, 22, 39, 43, 73, 84, 86, 94, 104, 114, 115, 125, 173, 179, 203, 219, 227, 228]
logs_monomial/n8_monomial9.txt.bz2.greedyext.20260220_210334.txt

13 32 49 56 82 90 140 144 146 163 166 173 202 218 221 222 228 253
Iter#987403 New set #700 of size 18 (1410.6 its/hit = 0.006s/hit): seed=18185829078483541260 [13, 32, 49, 56, 82, 90, 140, 144, 146, 163, 166, 173, 202, 218, 221, 222, 228, 253]
logs_monomial/n8_monomial9.txt.bz2.greedyext.20260220_210334.txt

20 24 33 37 64 65 78 91 101 103 109 122 128 158 208 215 232 248
Iter#3349 New set #5 of size 18 (669.8 its/hit = 0.000s/hit): seed=3172533428891407834 [20, 24, 33, 37, 64, 65, 78, 91, 101, 103, 109, 122, 128, 158, 208, 215, 232, 248]
logs_monomial/n8_monomial9.txt.bz2.greedyext.20260220_210334.txt

7 8 43 71 74 126 128 137 139 152 153 199 209 210 227 233 237 247
Iter#288874 New set #200 of size 18 (1444.4 its/hit = 0.005s/hit): seed=9361255586482732023 [7, 8, 43, 71, 74, 126, 128, 137, 139, 152, 153, 199, 209, 210, 227, 233, 237, 247]
logs_monomial/n8_monomial9.txt.bz2.greedyext.20260220_210334.txt

1 4 6 11 19 24 52 53 60 83 101 115 151 178 190 193 219 250
Iter#29859762 New set #20000 of size 18 (1493.0 its/hit = 0.007s/hit): seed=16317471801161549024 [1, 4, 6, 11, 19, 24, 52, 53, 60, 83, 101, 115, 151, 178, 190, 193, 219, 250]
logs_monomial/n8_monomial9.txt.bz2.greedyext.20260220_210334.txt

4 19 75 77 79 80 120 123 153 163 166 176 196 201 213 231 235 245
Iter#5765263 New set #4000 of size 18 (1441.3 its/hit = 0.007s/hit): seed=157754712815411896 [4, 19, 75, 77, 79, 80, 120, 123, 153, 163, 166, 176, 196, 201, 213, 231, 235, 245]
logs_monomial/n8_monomial9.txt.bz2.greedyext.20260220_210334.txt

6 8 24 49 70 74 82 87 114 121 132 157 159 181 237 241 242 248
Iter#58050 New set #40 of size 18 (1451.2 its/hit = 0.000s/hit): seed=8364344552281029717 [6, 8, 24, 49, 70, 74, 82, 87, 114, 121, 132, 157, 159, 181, 237, 241, 242, 248]
logs_monomial/n8_monomial9.txt.bz2.greedyext.20260220_210334.txt

14 15 22 29 31 68 71 81 97 117 123 127 145 158 189 209 220 232
Iter#107163 New set #80 of size 18 (1339.5 its/hit = 0.000s/hit): seed=13720978585173327058 [14, 15, 22, 29, 31, 68, 71, 81, 97, 117, 123, 127, 145, 158, 189, 209, 220, 232]
logs_monomial/n8_monomial9.txt.bz2.greedyext.20260220_210334.txt

23 51 53 102 104 105 112 116 132 137 175 205 214 221 225 228 237 254
Iter#72102 New set #50 of size 18 (1442.0 its/hit = 0.000s/hit): seed=8781869924352059130 [23, 51, 53, 102, 104, 105, 112, 116, 132, 137, 175, 205, 214, 221, 225, 228, 237, 254]
logs_monomial/n8_monomial9.txt.bz2.greedyext.20260220_210334.txt

20 22 24 31 71 83 94 110 150 169 184 187 196 204 210 212 230 245
Iter#13450996 New set #9000 of size 18 (1494.6 its/hit = 0.007s/hit): seed=2069693819708224623 [20, 22, 24, 31, 71, 83, 94, 110, 150, 169, 184, 187, 196, 204, 210, 212, 230, 245]
logs_monomial/n8_monomial9.txt.bz2.greedyext.20260220_210334.txt

19 53 56 66 81 88 93 97 106 113 137 143 171 200 204 212 213 218
Iter#543 New set #1 of size 18 (543.0 its/hit = 0.000s/hit): seed=3671278854373636672 [19, 53, 56, 66, 81, 88, 93, 97, 106, 113, 137, 143, 171, 200, 204, 212, 213, 218]
logs_monomial/n8_monomial9.txt.bz2.greedyext.20260220_210334.txt

5 29 30 31 49 66 75 77 82 92 105 116 138 158 180 212 229 238
Iter#81241 New set #60 of size 18 (1354.0 its/hit = 0.000s/hit): seed=10705202648340957750 [5, 29, 30, 31, 49, 66, 75, 77, 82, 92, 105, 116, 138, 158, 180, 212, 229, 238]
logs_monomial/n8_monomial9.txt.bz2.greedyext.20260220_210334.txt

21 30 47 79 101 113 143 146 167 169 176 182 185 202 228 229 230 254
Iter#8228 New set #10 of size 18 (822.8 its/hit = 0.000s/hit): seed=17746823032351371612 [21, 30, 47, 79, 101, 113, 143, 146, 167, 169, 176, 182, 185, 202, 228, 229, 230, 254]
logs_monomial/n8_monomial9.txt.bz2.greedyext.20260220_210334.txt

7 15 80 101 108 125 128 131 135 151 160 185 205 207 209 240 251 254
Iter#7261593 New set #5000 of size 18 (1452.3 its/hit = 0.007s/hit): seed=11575147320829645964 [7, 15, 80, 101, 108, 125, 128, 131, 135, 151, 160, 185, 205, 207, 209, 240, 251, 254]
logs_monomial/n8_monomial9.txt.bz2.greedyext.20260220_210334.txt

3 14 31 33 45 63 83 105 108 122 129 133 135 154 177 178 206 217
Iter#846547 New set #600 of size 18 (1410.9 its/hit = 0.007s/hit): seed=9753902615200372348 [3, 14, 31, 33, 45, 63, 83, 105, 108, 122, 129, 133, 135, 154, 177, 178, 206, 217]
logs_monomial/n8_monomial9.txt.bz2.greedyext.20260220_210334.txt

24 30 58 68 69 75 89 93 130 164 169 192 201 204 211 224 240 251
Iter#11997562 New set #8000 of size 18 (1499.7 its/hit = 0.007s/hit): seed=5274875659565311009 [24, 30, 58, 68, 69, 75, 89, 93, 130, 164, 169, 192, 201, 204, 211, 224, 240, 251]
logs_monomial/n8_monomial9.txt.bz2.greedyext.20260220_210334.txt

2 6 55 59 68 70 78 89 98 99 109 120 163 189 203 219 243 244
Iter#3190 New set #4 of size 18 (797.5 its/hit = 0.000s/hit): seed=12359938104839262820 [2, 6, 55, 59, 68, 70, 78, 89, 98, 99, 109, 120, 163, 189, 203, 219, 243, 244]
logs_monomial/n8_monomial9.txt.bz2.greedyext.20260220_210334.txt

49 54 61 63 71 110 119 122 128 145 146 191 207 220 229 237 251 253
Iter#14982682 New set #10000 of size 18 (1498.3 its/hit = 0.007s/hit): seed=17306366071275767806 [49, 54, 61, 63, 71, 110, 119, 122, 128, 145, 146, 191, 207, 220, 229, 237, 251, 253]
logs_monomial/n8_monomial9.txt.bz2.greedyext.20260220_210334.txt

12 22 23 25 45 48 50 58 67 79 114 118 128 135 175 191 201 215
Iter#40228 New set #30 of size 18 (1340.9 its/hit = 0.000s/hit): seed=7769857285121020606 [12, 22, 23, 25, 45, 48, 50, 58, 67, 79, 114, 118, 128, 135, 175, 191, 201, 215]
logs_monomial/n8_monomial9.txt.bz2.greedyext.20260220_210334.txt

7 13 27 28 44 62 70 89 97 101 137 187 213 232 245 248 251 253
Iter#44777437 New set #30000 of size 18 (1492.6 its/hit = 0.007s/hit): seed=13740088757908694531 [7, 13, 27, 28, 44, 62, 70, 89, 97, 101, 137, 187, 213, 232, 245, 248, 251, 253]
logs_monomial/n8_monomial9.txt.bz2.greedyext.20260220_210334.txt

33 35 42 45 91 102 107 114 141 142 156 163 192 211 225 231 241 249
Iter#4223 New set #7 of size 18 (603.3 its/hit = 0.000s/hit): seed=7073744109446853807 [33, 35, 42, 45, 91, 102, 107, 114, 141, 142, 156, 163, 192, 211, 225, 231, 241, 249]
logs_monomial/n8_monomial9.txt.bz2.greedyext.20260220_210334.txt

7 30 32 36 39 48 87 89 92 104 106 118 160 168 194 203 218 247
Iter#7778 New set #9 of size 18 (864.2 its/hit = 0.000s/hit): seed=9627807906055289558 [7, 30, 32, 36, 39, 48, 87, 89, 92, 104, 106, 118, 160, 168, 194, 203, 218, 247]
logs_monomial/n8_monomial9.txt.bz2.greedyext.20260220_210334.txt

10 24 33 43 58 61 67 71 96 127 157 175 206 211 219 221 222 243
Iter#4264632 New set #3000 of size 18 (1421.5 its/hit = 0.007s/hit): seed=1916973613511340299 [10, 24, 33, 43, 58, 61, 67, 71, 96, 127, 157, 175, 206, 211, 219, 221, 222, 243]
logs_monomial/n8_monomial9.txt.bz2.greedyext.20260220_210334.txt

18 55 59 68 94 127 129 131 132 142 150 157 176 177 185 214 224 246
Iter#1581 New set #2 of size 18 (790.5 its/hit = 0.000s/hit): seed=997854508696167362 [18, 55, 59, 68, 94, 127, 129, 131, 132, 142, 150, 157, 176, 177, 185, 214, 224, 246]
logs_monomial/n8_monomial9.txt.bz2.greedyext.20260220_210334.txt

0 13 43 73 82 89 96 101 105 122 147 177 183 226 236 237 240 244
Iter#118417 New set #90 of size 18 (1315.7 its/hit = 0.000s/hit): seed=7986065080546299672 [0, 13, 43, 73, 82, 89, 96, 101, 105, 122, 147, 177, 183, 226, 236, 237, 240, 244]
logs_monomial/n8_monomial9.txt.bz2.greedyext.20260220_210334.txt

10 16 22 26 48 55 63 74 79 113 129 150 165 197 203 231 242 243
Iter#1245638 New set #900 of size 18 (1384.0 its/hit = 0.007s/hit): seed=4915801935394432737 [10, 16, 22, 26, 48, 55, 63, 74, 79, 113, 129, 150, 165, 197, 203, 231, 242, 243]
logs_monomial/n8_monomial9.txt.bz2.greedyext.20260220_210334.txt

31 51 57 68 77 106 146 148 149 169 177 194 213 237 244 247 248 252
Iter#2335 New set #3 of size 18 (778.3 its/hit = 0.000s/hit): seed=10530797328305238183 [31, 51, 57, 68, 77, 106, 146, 148, 149, 169, 177, 194, 213, 237, 244, 247, 248, 252]
logs_monomial/n8_monomial9.txt.bz2.greedyext.20260220_210334.txt

43 60 84 87 96 98 100 127 137 140 159 182 196 200 218 230 235 250
Iter#1113869 New set #800 of size 18 (1392.3 its/hit = 0.006s/hit): seed=14791114619028027428 [43, 60, 84, 87, 96, 98, 100, 127, 137, 140, 159, 182, 196, 200, 218, 230, 235, 250]
logs_monomial/n8_monomial9.txt.bz2.greedyext.20260220_210334.txt

22 36 74 98 100 103 106 119 131 132 146 152 161 179 198 217 250 254
Iter#3716 New set #6 of size 18 (619.3 its/hit = 0.000s/hit): seed=10416574089366448593 [22, 36, 74, 98, 100, 103, 106, 119, 131, 132, 146, 152, 161, 179, 198, 217, 250, 254]
logs_monomial/n8_monomial9.txt.bz2.greedyext.20260220_210334.txt

4 16 19 20 42 51 66 92 94 99 104 109 148 156 195 238 246 255
Iter#2779673 New set #2000 of size 18 (1389.8 its/hit = 0.007s/hit): seed=902829320943929782 [4, 16, 19, 20, 42, 51, 66, 92, 94, 99, 104, 109, 148, 156, 195, 238, 246, 255]
logs_monomial/n8_monomial9.txt.bz2.greedyext.20260220_210334.txt

0 11 18 21 23 24 38 39 47 64 96 118 132 161 173 200 210 233
Iter#133920 New set #100 of size 18 (1339.2 its/hit = 0.000s/hit): seed=14795844555716114684 [0, 11, 18, 21, 23, 24, 38, 39, 47, 64, 96, 118, 132, 161, 173, 200, 210, 233]
logs_monomial/n8_monomial9.txt.bz2.greedyext.20260220_210334.txt

