0 5 28 35 44 73 94 96 114 115 116 124 137 139 150 155 169 172 184 194 226 250
Iter#8402 New set #90 of size 22 (93.4 its/hit = 0.000s/hit): seed=13643895705524300341 [0, 5, 28, 35, 44, 73, 94, 96, 114, 115, 116, 124, 137, 139, 150, 155, 169, 172, 184, 194, 226, 250]
logs_monomial/n8_monomial7.txt.bz2.greedyext.20260220_210334.txt

0 4 25 71 77 82 108 119 123 127 133 145 161 185 187 201 208 242 243 244 252 253
Iter#79483 New set #900 of size 22 (88.3 its/hit = 0.000s/hit): seed=11514132937730126039 [0, 4, 25, 71, 77, 82, 108, 119, 123, 127, 133, 145, 161, 185, 187, 201, 208, 242, 243, 244, 252, 253]
logs_monomial/n8_monomial7.txt.bz2.greedyext.20260220_210334.txt

0 18 23 26 28 30 66 80 95 96 115 124 137 164 174 180 207 209 238 249 250 251
Iter#447030 New set #5000 of size 22 (89.4 its/hit = 0.000s/hit): seed=17800726728105628385 [0, 18, 23, 26, 28, 30, 66, 80, 95, 96, 115, 124, 137, 164, 174, 180, 207, 209, 238, 249, 250, 251]
logs_monomial/n8_monomial7.txt.bz2.greedyext.20260220_210334.txt

0 25 39 46 67 107 115 119 133 135 137 142 193 196 199 201 208 224 229 239 242 250
Iter#35785082 New set #400000 of size 22 (89.5 its/hit = 0.001s/hit): seed=9564346579960870654 [0, 25, 39, 46, 67, 107, 115, 119, 133, 135, 137, 142, 193, 196, 199, 201, 208, 224, 229, 239, 242, 250]
logs_monomial/n8_monomial7.txt.bz2.greedyext.20260220_210334.txt

0 12 27 39 71 81 99 101 102 120 129 141 148 176 178 187 197 199 212 213 224 252
Iter#533768 New set #6000 of size 22 (89.0 its/hit = 0.001s/hit): seed=13160573606007222384 [0, 12, 27, 39, 71, 81, 99, 101, 102, 120, 129, 141, 148, 176, 178, 187, 197, 199, 212, 213, 224, 252]
logs_monomial/n8_monomial7.txt.bz2.greedyext.20260220_210334.txt

0 4 13 14 19 28 48 50 62 87 90 91 96 123 124 127 128 134 143 149 189 219
Iter#17855658 New set #200000 of size 22 (89.3 its/hit = 0.001s/hit): seed=2985256591922655908 [0, 4, 13, 14, 19, 28, 48, 50, 62, 87, 90, 91, 96, 123, 124, 127, 128, 134, 143, 149, 189, 219]
logs_monomial/n8_monomial7.txt.bz2.greedyext.20260220_210334.txt

0 2 18 28 51 66 80 89 95 96 106 107 115 124 137 142 164 177 179 229 250 251
Iter#4589 New set #50 of size 22 (91.8 its/hit = 0.000s/hit): seed=2172934796770506037 [0, 2, 18, 28, 51, 66, 80, 89, 95, 96, 106, 107, 115, 124, 137, 142, 164, 177, 179, 229, 250, 251]
logs_monomial/n8_monomial7.txt.bz2.greedyext.20260220_210334.txt

0 1 8 11 12 25 26 43 70 109 129 141 146 153 174 180 201 208 214 215 246 254
Iter#279 New set #5 of size 22 (55.8 its/hit = 0.000s/hit): seed=3602569399981022716 [0, 1, 8, 11, 12, 25, 26, 43, 70, 109, 129, 141, 146, 153, 174, 180, 201, 208, 214, 215, 246, 254]
logs_monomial/n8_monomial7.txt.bz2.greedyext.20260220_210334.txt

0 1 4 15 36 56 85 102 123 127 132 160 178 190 192 212 214 215 230 233 235 248
Iter#660 New set #9 of size 22 (73.3 its/hit = 0.000s/hit): seed=4666436260576760065 [0, 1, 4, 15, 36, 56, 85, 102, 123, 127, 132, 160, 178, 190, 192, 212, 214, 215, 230, 233, 235, 248]
logs_monomial/n8_monomial7.txt.bz2.greedyext.20260220_210334.txt

0 3 21 41 49 68 72 73 93 100 103 104 130 139 152 194 217 220 222 232 234 247
Iter#6235473 New set #70000 of size 22 (89.1 its/hit = 0.001s/hit): seed=8137138657821898778 [0, 3, 21, 41, 49, 68, 72, 73, 93, 100, 103, 104, 130, 139, 152, 194, 217, 220, 222, 232, 234, 247]
logs_monomial/n8_monomial7.txt.bz2.greedyext.20260220_210334.txt

0 20 28 35 42 59 61 84 96 105 121 124 138 144 155 156 158 167 181 184 186 204
Iter#1781872 New set #20000 of size 22 (89.1 its/hit = 0.001s/hit): seed=14388496337323089744 [0, 20, 28, 35, 42, 59, 61, 84, 96, 105, 121, 124, 138, 144, 155, 156, 158, 167, 181, 184, 186, 204]
logs_monomial/n8_monomial7.txt.bz2.greedyext.20260220_210334.txt

0 36 60 71 73 77 101 126 131 132 139 160 173 176 185 187 191 194 211 213 244 252
Iter#52 New set #2 of size 22 (26.0 its/hit = 0.000s/hit): seed=10014097155371002216 [0, 36, 60, 71, 73, 77, 101, 126, 131, 132, 139, 160, 173, 176, 185, 187, 191, 194, 211, 213, 244, 252]
logs_monomial/n8_monomial7.txt.bz2.greedyext.20260220_210334.txt

0 3 26 28 29 37 59 67 83 96 100 103 118 124 135 156 167 171 174 180 182 196
Iter#52985 New set #600 of size 22 (88.3 its/hit = 0.000s/hit): seed=8255760761082618725 [0, 3, 26, 28, 29, 37, 59, 67, 83, 96, 100, 103, 118, 124, 135, 156, 167, 171, 174, 180, 182, 196]
logs_monomial/n8_monomial7.txt.bz2.greedyext.20260220_210334.txt

0 4 6 21 37 61 72 83 84 92 93 98 105 118 123 127 159 175 195 200 205 206
Iter#466 New set #7 of size 22 (66.6 its/hit = 0.000s/hit): seed=10140896509373928379 [0, 4, 6, 21, 37, 61, 72, 83, 84, 92, 93, 98, 105, 118, 123, 127, 159, 175, 195, 200, 205, 206]
logs_monomial/n8_monomial7.txt.bz2.greedyext.20260220_210334.txt

0 6 11 25 42 45 82 98 136 144 146 153 161 165 175 186 200 201 205 206 208 243
Iter#3296 New set #40 of size 22 (82.4 its/hit = 0.000s/hit): seed=1180638039593579461 [0, 6, 11, 25, 42, 45, 82, 98, 136, 144, 146, 153, 161, 165, 175, 186, 200, 201, 205, 206, 208, 243]
logs_monomial/n8_monomial7.txt.bz2.greedyext.20260220_210334.txt

0 3 30 37 44 53 56 63 83 94 100 103 114 118 151 162 192 207 209 216 231 248
Iter#5340156 New set #60000 of size 22 (89.0 its/hit = 0.001s/hit): seed=16082519535034271734 [0, 3, 30, 37, 44, 53, 56, 63, 83, 94, 100, 103, 114, 118, 151, 162, 192, 207, 209, 216, 231, 248]
logs_monomial/n8_monomial7.txt.bz2.greedyext.20260220_210334.txt

0 6 34 37 60 64 73 76 81 83 110 118 131 139 148 163 191 194 197 200 206 227
Iter#1782 New set #20 of size 22 (89.1 its/hit = 0.000s/hit): seed=5872315356477729215 [0, 6, 34, 37, 60, 64, 73, 76, 81, 83, 110, 118, 131, 139, 148, 163, 191, 194, 197, 200, 206, 227]
logs_monomial/n8_monomial7.txt.bz2.greedyext.20260220_210334.txt

0 14 15 22 47 48 51 57 59 62 71 89 106 108 145 156 167 187 230 233 252 253
Iter#7312 New set #80 of size 22 (91.4 its/hit = 0.000s/hit): seed=4795371538314957601 [0, 14, 15, 22, 47, 48, 51, 57, 59, 62, 71, 89, 106, 108, 145, 156, 167, 187, 230, 233, 252, 253]
logs_monomial/n8_monomial7.txt.bz2.greedyext.20260220_210334.txt

0 8 18 19 42 58 66 75 80 86 113 119 133 134 140 144 149 186 218 242 246 254
Iter#35230 New set #400 of size 22 (88.1 its/hit = 0.000s/hit): seed=12500597515863236398 [0, 8, 18, 19, 42, 58, 66, 75, 80, 86, 113, 119, 133, 134, 140, 144, 149, 186, 218, 242, 246, 254]
logs_monomial/n8_monomial7.txt.bz2.greedyext.20260220_210334.txt

0 16 18 58 66 71 75 80 86 98 113 119 133 140 175 187 205 218 225 241 242 252
Iter#26802797 New set #300000 of size 22 (89.3 its/hit = 0.001s/hit): seed=534538878397628560 [0, 16, 18, 58, 66, 71, 75, 80, 86, 98, 113, 119, 133, 140, 175, 187, 205, 218, 225, 241, 242, 252]
logs_monomial/n8_monomial7.txt.bz2.greedyext.20260220_210334.txt

0 10 26 41 42 64 68 69 79 98 144 152 163 174 175 180 186 205 220 222 227 247
Iter#62434 New set #700 of size 22 (89.2 its/hit = 0.000s/hit): seed=9860554998228670776 [0, 10, 26, 41, 42, 64, 68, 69, 79, 98, 144, 152, 163, 174, 175, 180, 186, 205, 220, 222, 227, 247]
logs_monomial/n8_monomial7.txt.bz2.greedyext.20260220_210334.txt

0 5 12 15 18 28 35 66 80 96 116 124 129 141 150 155 169 172 184 226 230 233
Iter#8028444 New set #90000 of size 22 (89.2 its/hit = 0.001s/hit): seed=4989277494081181045 [0, 5, 12, 15, 18, 28, 35, 66, 80, 96, 116, 124, 129, 141, 150, 155, 169, 172, 184, 226, 230, 233]
logs_monomial/n8_monomial7.txt.bz2.greedyext.20260220_210334.txt

0 22 25 35 42 47 57 67 73 74 135 139 144 155 166 184 186 194 196 201 208 236
Iter#344 New set #6 of size 22 (57.3 its/hit = 0.000s/hit): seed=13373954187796664046 [0, 22, 25, 35, 42, 47, 57, 67, 73, 74, 135, 139, 144, 155, 166, 184, 186, 194, 196, 201, 208, 236]
logs_monomial/n8_monomial7.txt.bz2.greedyext.20260220_210334.txt

0 34 36 50 52 65 76 97 110 111 116 117 132 143 150 154 160 170 189 203 226 245
Iter#6545 New set #70 of size 22 (93.5 its/hit = 0.000s/hit): seed=13529118832303571517 [0, 34, 36, 50, 52, 65, 76, 97, 110, 111, 116, 117, 132, 143, 150, 154, 160, 170, 189, 203, 226, 245]
logs_monomial/n8_monomial7.txt.bz2.greedyext.20260220_210334.txt

0 26 42 51 60 77 89 106 107 108 131 142 144 145 174 180 185 186 191 229 244 253
Iter#44746551 New set #500000 of size 22 (89.5 its/hit = 0.001s/hit): seed=6537701114943633445 [0, 26, 42, 51, 60, 77, 89, 106, 107, 108, 131, 142, 144, 145, 174, 180, 185, 186, 191, 229, 244, 253]
logs_monomial/n8_monomial7.txt.bz2.greedyext.20260220_210334.txt

0 5 13 52 58 65 75 77 87 90 107 113 115 117 137 142 169 172 185 229 244 250
Iter#2660818 New set #30000 of size 22 (88.7 its/hit = 0.001s/hit): seed=6568517846110397081 [0, 5, 13, 52, 58, 65, 75, 77, 87, 90, 107, 113, 115, 117, 137, 142, 169, 172, 185, 229, 244, 250]
logs_monomial/n8_monomial7.txt.bz2.greedyext.20260220_210334.txt

0 2 6 32 71 82 92 97 159 161 170 177 179 187 195 200 203 206 223 243 252 255
Iter#115 New set #4 of size 22 (28.8 its/hit = 0.000s/hit): seed=6362922158077874971 [0, 2, 6, 32, 71, 82, 92, 97, 159, 161, 170, 177, 179, 187, 195, 200, 203, 206, 223, 243, 252, 255]
logs_monomial/n8_monomial7.txt.bz2.greedyext.20260220_210334.txt

0 2 7 14 24 25 31 45 48 62 64 67 135 136 163 165 177 179 196 201 208 227
Iter#39 New set #1 of size 22 (39.0 its/hit = 0.000s/hit): seed=14081406281586550550 [0, 2, 7, 14, 24, 25, 31, 45, 48, 62, 64, 67, 135, 136, 163, 165, 177, 179, 196, 201, 208, 227]
logs_monomial/n8_monomial7.txt.bz2.greedyext.20260220_210334.txt

0 10 18 19 27 66 69 78 79 80 88 99 115 120 134 137 147 149 188 221 228 250
Iter#2678 New set #30 of size 22 (89.3 its/hit = 0.000s/hit): seed=2956891671481480825 [0, 10, 18, 19, 27, 66, 69, 78, 79, 80, 88, 99, 115, 120, 134, 137, 147, 149, 188, 221, 228, 250]
logs_monomial/n8_monomial7.txt.bz2.greedyext.20260220_210334.txt

0 2 8 21 30 72 93 97 112 121 157 170 177 179 181 203 204 207 209 237 246 254
Iter#9070 New set #100 of size 22 (90.7 its/hit = 0.000s/hit): seed=12299162003481380223 [0, 2, 8, 21, 30, 72, 93, 97, 112, 121, 157, 170, 177, 179, 181, 203, 204, 207, 209, 237, 246, 254]
logs_monomial/n8_monomial7.txt.bz2.greedyext.20260220_210334.txt

0 9 11 22 33 40 47 57 61 82 84 92 102 105 146 153 159 161 178 195 212 243
Iter#70049 New set #800 of size 22 (87.6 its/hit = 0.000s/hit): seed=18263755511678912659 [0, 9, 11, 22, 33, 40, 47, 57, 61, 82, 84, 92, 102, 105, 146, 153, 159, 161, 178, 195, 212, 243]
logs_monomial/n8_monomial7.txt.bz2.greedyext.20260220_210334.txt

0 27 28 39 61 67 74 84 96 99 105 116 120 124 135 150 166 196 199 224 226 236
Iter#109 New set #3 of size 22 (36.3 its/hit = 0.000s/hit): seed=5998116931379640901 [0, 27, 28, 39, 61, 67, 74, 84, 96, 99, 105, 116, 120, 124, 135, 150, 166, 196, 199, 224, 226, 236]
logs_monomial/n8_monomial7.txt.bz2.greedyext.20260220_210334.txt

0 5 21 34 52 65 72 76 93 95 110 111 116 117 150 154 164 169 172 226 245 251
Iter#27532 New set #300 of size 22 (91.8 its/hit = 0.000s/hit): seed=475548046937084029 [0, 5, 21, 34, 52, 65, 72, 76, 93, 95, 110, 111, 116, 117, 150, 154, 164, 169, 172, 226, 245, 251]
logs_monomial/n8_monomial7.txt.bz2.greedyext.20260220_210334.txt

0 11 12 27 53 68 74 91 99 120 128 129 141 146 151 152 153 162 166 219 220 236
Iter#5679 New set #60 of size 22 (94.7 its/hit = 0.000s/hit): seed=13638513480141493437 [0, 11, 12, 27, 53, 68, 74, 91, 99, 120, 128, 129, 141, 146, 151, 152, 153, 162, 166, 219, 220, 236]
logs_monomial/n8_monomial7.txt.bz2.greedyext.20260220_210334.txt

0 15 17 20 36 38 54 55 59 101 132 138 156 158 160 167 176 198 213 230 233 240
Iter#7137870 New set #80000 of size 22 (89.2 its/hit = 0.001s/hit): seed=16724105245967849799 [0, 15, 17, 20, 36, 38, 54, 55, 59, 101, 132, 138, 156, 158, 160, 167, 176, 198, 213, 230, 233, 240]
logs_monomial/n8_monomial7.txt.bz2.greedyext.20260220_210334.txt

0 1 11 15 32 64 82 108 145 146 153 161 163 214 215 223 227 230 233 243 253 255
Iter#177924 New set #2000 of size 22 (89.0 its/hit = 0.000s/hit): seed=8268167313308466847 [0, 1, 11, 15, 32, 64, 82, 108, 145, 146, 153, 161, 163, 214, 215, 223, 227, 230, 233, 243, 253, 255]
logs_monomial/n8_monomial7.txt.bz2.greedyext.20260220_210334.txt

0 1 26 42 51 74 77 89 95 106 144 164 166 174 180 185 186 214 215 236 244 251
Iter#622247 New set #7000 of size 22 (88.9 its/hit = 0.000s/hit): seed=16836858982440614018 [0, 1, 26, 42, 51, 74, 77, 89, 95, 106, 144, 164, 166, 174, 180, 185, 186, 214, 215, 236, 244, 251]
logs_monomial/n8_monomial7.txt.bz2.greedyext.20260220_210334.txt

0 6 9 18 33 40 43 56 66 70 80 81 109 119 133 148 192 197 200 206 242 248
Iter#682 New set #10 of size 22 (68.2 its/hit = 0.000s/hit): seed=8875945688216708727 [0, 6, 9, 18, 33, 40, 43, 56, 66, 70, 80, 81, 109, 119, 133, 148, 192, 197, 200, 206, 242, 248]
logs_monomial/n8_monomial7.txt.bz2.greedyext.20260220_210334.txt

0 8 25 39 59 67 95 115 135 137 156 164 167 196 199 201 208 224 246 250 251 254
Iter#884457 New set #10000 of size 22 (88.4 its/hit = 0.001s/hit): seed=1519763081497246581 [0, 8, 25, 39, 59, 67, 95, 115, 135, 137, 156, 164, 167, 196, 199, 201, 208, 224, 246, 250, 251, 254]
logs_monomial/n8_monomial7.txt.bz2.greedyext.20260220_210334.txt

0 16 22 46 47 54 57 59 64 122 156 163 167 168 193 198 210 225 227 239 240 241
Iter#3547039 New set #40000 of size 22 (88.7 its/hit = 0.001s/hit): seed=17978783147369722235 [0, 16, 22, 46, 47, 54, 57, 59, 64, 122, 156, 163, 167, 168, 193, 198, 210, 225, 227, 239, 240, 241]
logs_monomial/n8_monomial7.txt.bz2.greedyext.20260220_210334.txt

0 4 5 28 32 44 58 73 75 94 96 113 114 123 124 127 139 169 172 194 223 255
Iter#4452783 New set #50000 of size 22 (89.1 its/hit = 0.001s/hit): seed=2850814145047257912 [0, 4, 5, 28, 32, 44, 58, 73, 75, 94, 96, 113, 114, 123, 124, 127, 139, 169, 172, 194, 223, 255]
logs_monomial/n8_monomial7.txt.bz2.greedyext.20260220_210334.txt

0 4 23 39 53 54 107 123 125 127 142 151 162 183 198 199 202 224 229 238 240 249
Iter#713747 New set #8000 of size 22 (89.2 its/hit = 0.001s/hit): seed=15542407289781834692 [0, 4, 23, 39, 53, 54, 107, 123, 125, 127, 142, 151, 162, 183, 198, 199, 202, 224, 229, 238, 240, 249]
logs_monomial/n8_monomial7.txt.bz2.greedyext.20260220_210334.txt

0 6 8 10 25 28 64 69 79 88 96 124 163 188 200 201 206 208 227 228 246 254
Iter#87223 New set #1000 of size 22 (87.2 its/hit = 0.000s/hit): seed=9468549931163308865 [0, 6, 8, 10, 25, 28, 64, 69, 79, 88, 96, 124, 163, 188, 200, 201, 206, 208, 227, 228, 246, 254]
logs_monomial/n8_monomial7.txt.bz2.greedyext.20260220_210334.txt

0 18 22 35 44 47 57 66 80 94 95 114 121 122 155 164 168 181 184 204 210 251
Iter#798295 New set #9000 of size 22 (88.7 its/hit = 0.000s/hit): seed=9770825109680643003 [0, 18, 22, 35, 44, 47, 57, 66, 80, 94, 95, 114, 121, 122, 155, 164, 168, 181, 184, 204, 210, 251]
logs_monomial/n8_monomial7.txt.bz2.greedyext.20260220_210334.txt

0 4 5 35 37 63 83 91 118 121 123 127 128 155 169 172 181 184 204 216 219 231
Iter#8921696 New set #100000 of size 22 (89.2 its/hit = 0.001s/hit): seed=4981153481658121358 [0, 4, 5, 35, 37, 63, 83, 91, 118, 121, 123, 127, 128, 155, 169, 172, 181, 184, 204, 216, 219, 231]
logs_monomial/n8_monomial7.txt.bz2.greedyext.20260220_210334.txt

0 8 10 29 43 69 70 74 79 109 119 126 133 166 171 173 182 211 236 242 246 254
Iter#45292 New set #500 of size 22 (90.6 its/hit = 0.000s/hit): seed=9852095101176363959 [0, 8, 10, 29, 43, 69, 70, 74, 79, 109, 119, 126, 133, 166, 171, 173, 182, 211, 236, 242, 246, 254]
logs_monomial/n8_monomial7.txt.bz2.greedyext.20260220_210334.txt

0 2 41 54 104 121 122 126 130 168 173 177 179 181 198 204 210 211 222 234 240 247
Iter#18686 New set #200 of size 22 (93.4 its/hit = 0.000s/hit): seed=4931485945640784727 [0, 2, 41, 54, 104, 121, 122, 126, 130, 168, 173, 177, 179, 181, 198, 204, 210, 211, 222, 234, 240, 247]
logs_monomial/n8_monomial7.txt.bz2.greedyext.20260220_210334.txt

