43 85 93 139 200 247 256 271 297 328 385 396 417 443 451 456 468 502
Iter#2943742 New set #90000 of size 18 (32.7 its/hit = 0.000s/hit): seed=3568358083962974606 [43, 85, 93, 139, 200, 247, 256, 271, 297, 328, 385, 396, 417, 443, 451, 456, 468, 502]
logs_monomial/n9_monomial5.txt.bz2.greedyext.20260223_083633.txt

18 21 49 116 128 154 193 232 248 253 257 261 314 351 445 450 478 496
Iter#31153 New set #1000 of size 18 (31.2 its/hit = 0.000s/hit): seed=12664013797153981211 [18, 21, 49, 116, 128, 154, 193, 232, 248, 253, 257, 261, 314, 351, 445, 450, 478, 496]
logs_monomial/n9_monomial5.txt.bz2.greedyext.20260223_083633.txt

56 61 63 100 123 168 213 229 234 255 326 337 369 391 482 489 497 505
Iter#978076 New set #30000 of size 18 (32.6 its/hit = 0.000s/hit): seed=14981674803003686842 [56, 61, 63, 100, 123, 168, 213, 229, 234, 255, 326, 337, 369, 391, 482, 489, 497, 505]
logs_monomial/n9_monomial5.txt.bz2.greedyext.20260220_210834.txt

27 34 80 100 143 154 185 228 271 295 309 318 346 396 451 507 508 509
Iter#324706397 New set #10000000 of size 18 (32.5 its/hit = 0.000s/hit): seed=508836534106783020 [27, 34, 80, 100, 143, 154, 185, 228, 271, 295, 309, 318, 346, 396, 451, 507, 508, 509]
logs_monomial/n9_monomial5.txt.bz2.greedyext.20260222_000855.txt

13 33 45 58 96 120 130 144 169 183 208 269 356 395 399 410 447 504
Iter#12991561 New set #400000 of size 18 (32.5 its/hit = 0.000s/hit): seed=14551687494177216610 [13, 33, 45, 58, 96, 120, 130, 144, 169, 183, 208, 269, 356, 395, 399, 410, 447, 504]
logs_monomial/n9_monomial5.txt.bz2.greedyext.20260223_083632.txt

31 58 94 139 194 242 246 268 304 310 330 349 366 371 388 413 424 442
Iter#2791 New set #80 of size 18 (34.9 its/hit = 0.000s/hit): seed=10183645348398885297 [31, 58, 94, 139, 194, 242, 246, 268, 304, 310, 330, 349, 366, 371, 388, 413, 424, 442]
logs_monomial/n9_monomial5.txt.bz2.greedyext.20260220_210834.txt

43 67 101 109 123 165 166 196 203 215 312 353 405 408 424 450 451 480
Iter#97471030 New set #3000000 of size 18 (32.5 its/hit = 0.000s/hit): seed=8341553653632928061 [43, 67, 101, 109, 123, 165, 166, 196, 203, 215, 312, 353, 405, 408, 424, 450, 451, 480]
logs_monomial/n9_monomial5.txt.bz2.greedyext.20260220_210834.txt

2 39 73 80 116 221 265 278 344 363 365 385 410 419 438 462 473 474
Iter#12929 New set #400 of size 18 (32.3 its/hit = 0.000s/hit): seed=2025584323888812217 [2, 39, 73, 80, 116, 221, 265, 278, 344, 363, 365, 385, 410, 419, 438, 462, 473, 474]
logs_monomial/n9_monomial5.txt.bz2.greedyext.20260220_210834.txt

17 84 160 238 269 272 296 375 385 434 437 443 451 453 468 475 485 506
Iter#2281597 New set #70000 of size 18 (32.6 its/hit = 0.000s/hit): seed=12757620845943426325 [17, 84, 160, 238, 269, 272, 296, 375, 385, 434, 437, 443, 451, 453, 468, 475, 485, 506]
logs_monomial/n9_monomial5.txt.bz2.greedyext.20260223_083632.txt

1 2 23 26 36 165 224 229 291 304 331 354 374 395 435 443 479 484
Iter#418 New set #10 of size 18 (41.8 its/hit = 0.000s/hit): seed=118940815147902577 [1, 2, 23, 26, 36, 165, 224, 229, 291, 304, 331, 354, 374, 395, 435, 443, 479, 484]
logs_monomial/n9_monomial5.txt.bz2.greedyext.20260222_000855.txt

49 71 127 139 152 202 234 235 236 243 247 277 280 317 332 374 412 423
Iter#28823 New set #900 of size 18 (32.0 its/hit = 0.000s/hit): seed=16834070941151492739 [49, 71, 127, 139, 152, 202, 234, 235, 236, 243, 247, 277, 280, 317, 332, 374, 412, 423]
logs_monomial/n9_monomial5.txt.bz2.greedyext.20260223_083632.txt

26 49 98 109 110 145 151 201 210 234 237 276 295 321 394 405 421 504
Iter#291788 New set #9000 of size 18 (32.4 its/hit = 0.000s/hit): seed=862945221476205890 [26, 49, 98, 109, 110, 145, 151, 201, 210, 234, 237, 276, 295, 321, 394, 405, 421, 504]
logs_monomial/n9_monomial5.txt.bz2.greedyext.20260223_083631.txt

2 7 31 93 105 154 171 190 223 261 271 291 303 316 374 459 465 490
Iter#19406337 New set #600000 of size 18 (32.3 its/hit = 0.000s/hit): seed=2685136428772058367 [2, 7, 31, 93, 105, 154, 171, 190, 223, 261, 271, 291, 303, 316, 374, 459, 465, 490]
logs_monomial/n9_monomial5.txt.bz2.greedyext.20260223_083631.txt

19 36 72 79 100 102 190 279 285 290 306 314 373 409 418 441 454 476
Iter#662 New set #30 of size 18 (22.1 its/hit = 0.000s/hit): seed=10584896694631508711 [19, 36, 72, 79, 100, 102, 190, 279, 285, 290, 306, 314, 373, 409, 418, 441, 454, 476]
logs_monomial/n9_monomial5.txt.bz2.greedyext.20260223_083633.txt

19 39 50 87 133 190 214 220 229 235 300 401 431 484 486 495 496 503
Iter#2586 New set #80 of size 18 (32.3 its/hit = 0.000s/hit): seed=5516420062524035759 [19, 39, 50, 87, 133, 190, 214, 220, 229, 235, 300, 401, 431, 484, 486, 495, 496, 503]
logs_monomial/n9_monomial5.txt.bz2.greedyext.20260222_000855.txt

3 9 26 63 72 85 89 100 123 139 155 198 222 257 336 345 460 492
Iter#1772 New set #60 of size 18 (29.5 its/hit = 0.000s/hit): seed=4104620630046866861 [3, 9, 26, 63, 72, 85, 89, 100, 123, 139, 155, 198, 222, 257, 336, 345, 460, 492]
logs_monomial/n9_monomial5.txt.bz2.greedyext.20260222_000855.txt

11 32 39 43 68 85 118 144 163 220 230 233 269 297 309 344 449 470
Iter#214 New set #3 of size 18 (71.3 its/hit = 0.000s/hit): seed=9770606684182622521 [11, 32, 39, 43, 68, 85, 118, 144, 163, 220, 230, 233, 269, 297, 309, 344, 449, 470]
logs_monomial/n9_monomial5.txt.bz2.greedyext.20260223_083631.txt

34 54 64 97 106 128 130 145 149 183 189 258 295 324 329 427 429 458
Iter#129927484 New set #4000000 of size 18 (32.5 its/hit = 0.000s/hit): seed=17985534280077881056 [34, 54, 64, 97, 106, 128, 130, 145, 149, 183, 189, 258, 295, 324, 329, 427, 429, 458]
logs_monomial/n9_monomial5.txt.bz2.greedyext.20260222_000855.txt

6 59 75 82 92 127 155 189 219 244 255 295 315 369 380 390 490 510
Iter#1244 New set #40 of size 18 (31.1 its/hit = 0.000s/hit): seed=12429896806538630735 [6, 59, 75, 82, 92, 127, 155, 189, 219, 244, 255, 295, 315, 369, 380, 390, 490, 510]
logs_monomial/n9_monomial5.txt.bz2.greedyext.20260223_083631.txt

28 33 36 59 83 113 127 153 189 273 299 314 320 361 415 446 478 499
Iter#12997539 New set #400000 of size 18 (32.5 its/hit = 0.000s/hit): seed=13906171330166100037 [28, 33, 36, 59, 83, 113, 127, 153, 189, 273, 299, 314, 320, 361, 415, 446, 478, 499]
logs_monomial/n9_monomial5.txt.bz2.greedyext.20260223_083633.txt

0 21 65 74 76 91 106 148 155 167 220 232 240 256 266 275 291 355
Iter#23264 New set #700 of size 18 (33.2 its/hit = 0.000s/hit): seed=2109705967700531964 [0, 21, 65, 74, 76, 91, 106, 148, 155, 167, 220, 232, 240, 256, 266, 275, 291, 355]
logs_monomial/n9_monomial5.txt.bz2.greedyext.20260223_083631.txt

40 46 64 102 166 203 211 242 296 297 333 343 373 376 450 487 505 508
Iter#16161150 New set #500000 of size 18 (32.3 its/hit = 0.000s/hit): seed=16758804974885607945 [40, 46, 64, 102, 166, 203, 211, 242, 296, 297, 333, 343, 373, 376, 450, 487, 505, 508]
logs_monomial/n9_monomial5.txt.bz2.greedyext.20260223_083631.txt

30 31 65 128 158 172 177 181 186 203 227 247 263 297 364 426 431 445
Iter#323899 New set #10000 of size 18 (32.4 its/hit = 0.000s/hit): seed=14453855146661590228 [30, 31, 65, 128, 158, 172, 177, 181, 186, 203, 227, 247, 263, 297, 364, 426, 431, 445]
logs_monomial/n9_monomial5.txt.bz2.greedyext.20260220_210834.txt

14 22 46 48 66 83 116 126 181 188 227 293 325 348 412 428 429 438
Iter#21731 New set #700 of size 18 (31.0 its/hit = 0.000s/hit): seed=14046701020892459009 [14, 22, 46, 48, 66, 83, 116, 126, 181, 188, 227, 293, 325, 348, 412, 428, 429, 438]
logs_monomial/n9_monomial5.txt.bz2.greedyext.20260222_000855.txt

38 42 84 95 102 108 157 190 217 247 292 335 350 382 406 408 442 455
Iter#6 New set #2 of size 18 (3.0 its/hit = 0.000s/hit): seed=8782658275600732747 [38, 42, 84, 95, 102, 108, 157, 190, 217, 247, 292, 335, 350, 382, 406, 408, 442, 455]
logs_monomial/n9_monomial5.txt.bz2.greedyext.20260223_083632.txt

6 12 46 100 105 134 156 159 262 279 314 343 357 369 420 427 443 458
Iter#26868 New set #800 of size 18 (33.6 its/hit = 0.000s/hit): seed=1534070949919616091 [6, 12, 46, 100, 105, 134, 156, 159, 262, 279, 314, 343, 357, 369, 420, 427, 443, 458]
logs_monomial/n9_monomial5.txt.bz2.greedyext.20260223_083631.txt

2 6 17 67 75 85 101 105 111 193 255 298 349 360 402 437 443 491
Iter#81 New set #6 of size 18 (13.5 its/hit = 0.000s/hit): seed=1641257057363421036 [2, 6, 17, 67, 75, 85, 101, 105, 111, 193, 255, 298, 349, 360, 402, 437, 443, 491]
logs_monomial/n9_monomial5.txt.bz2.greedyext.20260223_083632.txt

30 50 70 78 272 277 289 298 348 352 396 401 417 433 482 483 495 501
Iter#94872 New set #3000 of size 18 (31.6 its/hit = 0.000s/hit): seed=10254682378826628258 [30, 50, 70, 78, 272, 277, 289, 298, 348, 352, 396, 401, 417, 433, 482, 483, 495, 501]
logs_monomial/n9_monomial5.txt.bz2.greedyext.20260223_083632.txt

7 12 24 68 71 78 109 293 312 330 344 354 391 400 401 417 480 499
Iter#643903 New set #20000 of size 18 (32.2 its/hit = 0.000s/hit): seed=10212937908276761790 [7, 12, 24, 68, 71, 78, 109, 293, 312, 330, 344, 354, 391, 400, 401, 417, 480, 499]
logs_monomial/n9_monomial5.txt.bz2.greedyext.20260223_083632.txt

0 31 69 84 105 138 164 228 260 301 327 338 356 450 484 490 493 495
Iter#878 New set #30 of size 18 (29.3 its/hit = 0.000s/hit): seed=7879798687280543689 [0, 31, 69, 84, 105, 138, 164, 228, 260, 301, 327, 338, 356, 450, 484, 490, 493, 495]
logs_monomial/n9_monomial5.txt.bz2.greedyext.20260223_083631.txt

32 35 38 76 85 107 233 294 296 333 342 359 394 400 433 461 473 509
Iter#197341 New set #6000 of size 18 (32.9 its/hit = 0.000s/hit): seed=14999656079319046068 [32, 35, 38, 76, 85, 107, 233, 294, 296, 333, 342, 359, 394, 400, 433, 461, 473, 509]
logs_monomial/n9_monomial5.txt.bz2.greedyext.20260223_083633.txt

11 18 84 119 137 168 173 178 201 250 258 318 340 378 379 392 396 495
Iter#259807 New set #8000 of size 18 (32.5 its/hit = 0.000s/hit): seed=303207158196724365 [11, 18, 84, 119, 137, 168, 173, 178, 201, 250, 258, 318, 340, 378, 379, 392, 396, 495]
logs_monomial/n9_monomial5.txt.bz2.greedyext.20260223_083633.txt

8 57 65 152 195 206 251 292 331 386 412 416 428 430 448 483 500 510
Iter#12231 New set #400 of size 18 (30.6 its/hit = 0.000s/hit): seed=11191421909857019518 [8, 57, 65, 152, 195, 206, 251, 292, 331, 386, 412, 416, 428, 430, 448, 483, 500, 510]
logs_monomial/n9_monomial5.txt.bz2.greedyext.20260223_083632.txt

1 2 4 45 119 190 207 218 293 295 305 359 368 388 437 440 481 485
Iter#65228 New set #2000 of size 18 (32.6 its/hit = 0.000s/hit): seed=12110382702923785161 [1, 2, 4, 45, 119, 190, 207, 218, 293, 295, 305, 359, 368, 388, 437, 440, 481, 485]
logs_monomial/n9_monomial5.txt.bz2.greedyext.20260223_083631.txt

55 62 88 135 145 147 155 217 223 295 299 322 336 389 410 424 431 506
Iter#247 New set #6 of size 18 (41.2 its/hit = 0.000s/hit): seed=7238594664245964118 [55, 62, 88, 135, 145, 147, 155, 217, 223, 295, 299, 322, 336, 389, 410, 424, 431, 506]
logs_monomial/n9_monomial5.txt.bz2.greedyext.20260223_083631.txt

4 10 17 29 59 137 151 164 171 234 238 275 336 376 377 397 411 439
Iter#75 New set #3 of size 18 (25.0 its/hit = 0.000s/hit): seed=14707859769143893863 [4, 10, 17, 29, 59, 137, 151, 164, 171, 234, 238, 275, 336, 376, 377, 397, 411, 439]
logs_monomial/n9_monomial5.txt.bz2.greedyext.20260220_210834.txt

32 35 45 163 188 207 219 245 277 311 318 346 355 367 395 426 478 490
Iter#1310622 New set #40000 of size 18 (32.8 its/hit = 0.000s/hit): seed=16573161089200705932 [32, 35, 45, 163, 188, 207, 219, 245, 277, 311, 318, 346, 355, 367, 395, 426, 478, 490]
logs_monomial/n9_monomial5.txt.bz2.greedyext.20260223_083633.txt

59 65 75 101 105 115 134 202 205 211 266 270 329 356 357 413 443 462
Iter#131442 New set #4000 of size 18 (32.9 its/hit = 0.000s/hit): seed=2911019619060646413 [59, 65, 75, 101, 105, 115, 134, 202, 205, 211, 266, 270, 329, 356, 357, 413, 443, 462]
logs_monomial/n9_monomial5.txt.bz2.greedyext.20260223_083633.txt

1 8 12 59 62 77 84 101 157 180 228 231 251 319 377 379 429 440
Iter#22735886 New set #700000 of size 18 (32.5 its/hit = 0.000s/hit): seed=5164514901354331401 [1, 8, 12, 59, 62, 77, 84, 101, 157, 180, 228, 231, 251, 319, 377, 379, 429, 440]
logs_monomial/n9_monomial5.txt.bz2.greedyext.20260220_210834.txt

27 32 38 45 63 74 104 142 220 222 285 322 381 384 461 475 482 503
Iter#259668049 New set #8000000 of size 18 (32.5 its/hit = 0.000s/hit): seed=4052006077383347483 [27, 32, 38, 45, 63, 74, 104, 142, 220, 222, 285, 322, 381, 384, 461, 475, 482, 503]
logs_monomial/n9_monomial5.txt.bz2.greedyext.20260222_000855.txt

0 56 86 107 153 192 200 229 322 365 374 384 409 437 447 464 466 479
Iter#3047 New set #100 of size 18 (30.5 its/hit = 0.000s/hit): seed=15758947383041879659 [0, 56, 86, 107, 153, 192, 200, 229, 322, 365, 374, 384, 409, 437, 447, 464, 466, 479]
logs_monomial/n9_monomial5.txt.bz2.greedyext.20260223_083632.txt

6 23 81 112 133 169 186 203 245 309 322 334 345 357 409 429 450 466
Iter#2573 New set #80 of size 18 (32.2 its/hit = 0.000s/hit): seed=5523608562349832323 [6, 23, 81, 112, 133, 169, 186, 203, 245, 309, 322, 334, 345, 357, 409, 429, 450, 466]
logs_monomial/n9_monomial5.txt.bz2.greedyext.20260223_083632.txt

4 42 92 105 148 213 254 277 334 335 349 370 372 380 447 463 474 504
Iter#9578 New set #300 of size 18 (31.9 its/hit = 0.000s/hit): seed=17595866639797778519 [4, 42, 92, 105, 148, 213, 254, 277, 334, 335, 349, 370, 372, 380, 447, 463, 474, 504]
logs_monomial/n9_monomial5.txt.bz2.greedyext.20260223_083631.txt

79 99 118 129 202 214 242 284 318 323 370 374 383 401 438 439 456 467
Iter#19003 New set #600 of size 18 (31.7 its/hit = 0.000s/hit): seed=8993434510129085445 [79, 99, 118, 129, 202, 214, 242, 284, 318, 323, 370, 374, 383, 401, 438, 439, 456, 467]
logs_monomial/n9_monomial5.txt.bz2.greedyext.20260220_210834.txt

14 28 101 128 220 230 257 314 397 402 406 412 417 419 437 454 457 463
Iter#1300807 New set #40000 of size 18 (32.5 its/hit = 0.000s/hit): seed=14732592505759772157 [14, 28, 101, 128, 220, 230, 257, 314, 397, 402, 406, 412, 417, 419, 437, 454, 457, 463]
logs_monomial/n9_monomial5.txt.bz2.greedyext.20260222_000855.txt

3 16 138 165 191 237 248 262 270 272 298 309 335 377 405 411 414 502
Iter#1622274 New set #50000 of size 18 (32.4 its/hit = 0.000s/hit): seed=9153495392269999675 [3, 16, 138, 165, 191, 237, 248, 262, 270, 272, 298, 309, 335, 377, 405, 411, 414, 502]
logs_monomial/n9_monomial5.txt.bz2.greedyext.20260220_210834.txt

2 5 11 40 81 222 223 254 284 318 377 390 397 411 434 446 461 467
Iter#1934348 New set #60000 of size 18 (32.2 its/hit = 0.000s/hit): seed=14791677958844408996 [2, 5, 11, 40, 81, 222, 223, 254, 284, 318, 377, 390, 397, 411, 434, 446, 461, 467]
logs_monomial/n9_monomial5.txt.bz2.greedyext.20260223_083631.txt

76 125 130 131 160 222 242 254 312 327 335 347 354 368 372 381 388 488
Iter#1627156 New set #50000 of size 18 (32.5 its/hit = 0.000s/hit): seed=9802400071236990313 [76, 125, 130, 131, 160, 222, 242, 254, 312, 327, 335, 347, 354, 368, 372, 381, 388, 488]
logs_monomial/n9_monomial5.txt.bz2.greedyext.20260222_000855.txt

23 28 67 70 78 93 111 125 161 165 211 231 260 264 288 302 331 493
Iter#12932372 New set #400000 of size 18 (32.3 its/hit = 0.000s/hit): seed=16473399559750158482 [23, 28, 67, 70, 78, 93, 111, 125, 161, 165, 211, 231, 260, 264, 288, 302, 331, 493]
logs_monomial/n9_monomial5.txt.bz2.greedyext.20260223_083631.txt

38 123 137 146 181 242 315 331 339 350 360 369 386 392 445 468 485 489
Iter#29252512 New set #900000 of size 18 (32.5 its/hit = 0.000s/hit): seed=15990404015388182719 [38, 123, 137, 146, 181, 242, 315, 331, 339, 350, 360, 369, 386, 392, 445, 468, 485, 489]
logs_monomial/n9_monomial5.txt.bz2.greedyext.20260222_000855.txt

45 58 134 139 150 159 223 224 236 260 335 339 410 412 432 433 448 498
Iter#194777542 New set #6000000 of size 18 (32.5 its/hit = 0.000s/hit): seed=12840672587500805776 [45, 58, 134, 139, 150, 159, 223, 224, 236, 260, 335, 339, 410, 412, 432, 433, 448, 498]
logs_monomial/n9_monomial5.txt.bz2.greedyext.20260222_000855.txt

5 18 145 153 158 175 214 243 297 339 380 381 385 422 424 428 438 485
Iter#323558 New set #10000 of size 18 (32.4 its/hit = 0.000s/hit): seed=12858723727774840192 [5, 18, 145, 153, 158, 175, 214, 243, 297, 339, 380, 381, 385, 422, 424, 428, 438, 485]
logs_monomial/n9_monomial5.txt.bz2.greedyext.20260222_000855.txt

9 55 80 129 131 160 176 177 250 304 313 341 364 402 470 475 478 502
Iter#6489406 New set #200000 of size 18 (32.4 its/hit = 0.000s/hit): seed=11189116013417687388 [9, 55, 80, 129, 131, 160, 176, 177, 250, 304, 313, 341, 364, 402, 470, 475, 478, 502]
logs_monomial/n9_monomial5.txt.bz2.greedyext.20260223_083632.txt

2 38 81 126 185 189 210 226 262 287 305 393 417 424 448 478 483 500
Iter#79 New set #5 of size 18 (15.8 its/hit = 0.000s/hit): seed=11167536046366254540 [2, 38, 81, 126, 185, 189, 210, 226, 262, 287, 305, 393, 417, 424, 448, 478, 483, 500]
logs_monomial/n9_monomial5.txt.bz2.greedyext.20260223_083633.txt

7 11 53 81 122 174 191 214 246 299 309 315 373 425 426 429 437 478
Iter#19199 New set #600 of size 18 (32.0 its/hit = 0.000s/hit): seed=14875055855296146869 [7, 11, 53, 81, 122, 174, 191, 214, 246, 299, 309, 315, 373, 425, 426, 429, 437, 478]
logs_monomial/n9_monomial5.txt.bz2.greedyext.20260223_083633.txt

29 38 50 76 139 180 198 201 231 263 298 313 321 370 456 468 474 498
Iter#32458508 New set #1000000 of size 18 (32.5 its/hit = 0.000s/hit): seed=12373821453248092382 [29, 38, 50, 76, 139, 180, 198, 201, 231, 263, 298, 313, 321, 370, 456, 468, 474, 498]
logs_monomial/n9_monomial5.txt.bz2.greedyext.20260220_210834.txt

2 40 66 93 100 124 154 167 207 209 234 250 307 409 436 486 501 506
Iter#2111 New set #70 of size 18 (30.2 its/hit = 0.000s/hit): seed=5962717676622537284 [2, 40, 66, 93, 100, 124, 154, 167, 207, 209, 234, 250, 307, 409, 436, 486, 501, 506]
logs_monomial/n9_monomial5.txt.bz2.greedyext.20260223_083631.txt

48 79 81 82 106 151 179 190 214 252 304 321 404 406 417 441 455 477
Iter#25539 New set #800 of size 18 (31.9 its/hit = 0.000s/hit): seed=3795876840402443023 [48, 79, 81, 82, 106, 151, 179, 190, 214, 252, 304, 321, 404, 406, 417, 441, 455, 477]
logs_monomial/n9_monomial5.txt.bz2.greedyext.20260223_083633.txt

65 75 174 222 228 279 304 310 317 356 381 394 414 426 439 465 484 486
Iter#12979030 New set #400000 of size 18 (32.4 its/hit = 0.000s/hit): seed=10796289096980582771 [65, 75, 174, 222, 228, 279, 304, 310, 317, 356, 381, 394, 414, 426, 439, 465, 484, 486]
logs_monomial/n9_monomial5.txt.bz2.greedyext.20260220_210834.txt

6 21 53 161 167 176 224 238 262 270 272 289 392 397 421 456 471 483
Iter#6498755 New set #200000 of size 18 (32.5 its/hit = 0.000s/hit): seed=7944410658539727796 [6, 21, 53, 161, 167, 176, 224, 238, 262, 270, 272, 289, 392, 397, 421, 456, 471, 483]
logs_monomial/n9_monomial5.txt.bz2.greedyext.20260222_000855.txt

7 42 182 190 196 197 224 240 242 282 292 320 323 355 402 449 455 462
Iter#9748375 New set #300000 of size 18 (32.5 its/hit = 0.000s/hit): seed=15198958536797396048 [7, 42, 182, 190, 196, 197, 224, 240, 242, 282, 292, 320, 323, 355, 402, 449, 455, 462]
logs_monomial/n9_monomial5.txt.bz2.greedyext.20260222_000855.txt

76 90 118 125 138 140 164 205 209 237 277 281 326 331 342 379 431 510
Iter#3308 New set #100 of size 18 (33.1 its/hit = 0.000s/hit): seed=14630570397834365230 [76, 90, 118, 125, 138, 140, 164, 205, 209, 237, 277, 281, 326, 331, 342, 379, 431, 510]
logs_monomial/n9_monomial5.txt.bz2.greedyext.20260222_000855.txt

4 37 96 108 154 158 198 203 227 230 232 249 322 331 371 394 448 506
Iter#82 New set #2 of size 18 (41.0 its/hit = 0.000s/hit): seed=2271443161965161911 [4, 37, 96, 108, 154, 158, 198, 203, 227, 230, 232, 249, 322, 331, 371, 394, 448, 506]
logs_monomial/n9_monomial5.txt.bz2.greedyext.20260222_000855.txt

43 98 175 178 184 214 222 235 237 276 278 298 306 316 345 434 472 505
Iter#6220 New set #200 of size 18 (31.1 its/hit = 0.000s/hit): seed=14277096941930482942 [43, 98, 175, 178, 184, 214, 222, 235, 237, 276, 278, 298, 306, 316, 345, 434, 472, 505]
logs_monomial/n9_monomial5.txt.bz2.greedyext.20260222_000855.txt

25 43 52 103 169 190 196 208 232 296 321 330 334 368 400 457 463 495
Iter#320148 New set #10000 of size 18 (32.0 its/hit = 0.000s/hit): seed=1753750119903201885 [25, 43, 52, 103, 169, 190, 196, 208, 232, 296, 321, 330, 334, 368, 400, 457, 463, 495]
logs_monomial/n9_monomial5.txt.bz2.greedyext.20260223_083632.txt

24 27 49 70 77 122 140 142 169 190 221 231 257 300 322 424 425 428
Iter#2198 New set #70 of size 18 (31.4 its/hit = 0.000s/hit): seed=10417407454914132807 [24, 27, 49, 70, 77, 122, 140, 142, 169, 190, 221, 231, 257, 300, 322, 424, 425, 428]
logs_monomial/n9_monomial5.txt.bz2.greedyext.20260223_083633.txt

43 44 49 68 107 115 137 180 205 223 270 299 306 376 385 417 431 433
Iter#32007 New set #1000 of size 18 (32.0 its/hit = 0.000s/hit): seed=5788733529409764316 [43, 44, 49, 68, 107, 115, 137, 180, 205, 223, 270, 299, 306, 376, 385, 417, 431, 433]
logs_monomial/n9_monomial5.txt.bz2.greedyext.20260220_210834.txt

33 47 52 100 109 132 184 228 333 374 384 409 436 456 472 489 490 503
Iter#8 New set #1 of size 18 (8.0 its/hit = 0.000s/hit): seed=1697279714667945751 [33, 47, 52, 100, 109, 132, 184, 228, 333, 374, 384, 409, 436, 456, 472, 489, 490, 503]
logs_monomial/n9_monomial5.txt.bz2.greedyext.20260222_000855.txt

0 9 34 82 88 108 132 174 188 200 229 248 387 390 395 405 470 504
Iter#25602 New set #800 of size 18 (32.0 its/hit = 0.000s/hit): seed=11763029014265369284 [0, 9, 34, 82, 88, 108, 132, 174, 188, 200, 229, 248, 387, 390, 395, 405, 470, 504]
logs_monomial/n9_monomial5.txt.bz2.greedyext.20260223_083632.txt

4 134 145 184 216 240 245 277 322 329 345 347 354 387 388 416 433 437
Iter#19501253 New set #600000 of size 18 (32.5 its/hit = 0.000s/hit): seed=5474607530248674254 [4, 134, 145, 184, 216, 240, 245, 277, 322, 329, 345, 347, 354, 387, 388, 416, 433, 437]
logs_monomial/n9_monomial5.txt.bz2.greedyext.20260223_083633.txt

124 145 146 194 200 246 253 259 282 301 337 342 343 378 419 446 469 509
Iter#221960 New set #7000 of size 18 (31.7 its/hit = 0.000s/hit): seed=4977347289212795018 [124, 145, 146, 194, 200, 246, 253, 259, 282, 301, 337, 342, 343, 378, 419, 446, 469, 509]
logs_monomial/n9_monomial5.txt.bz2.greedyext.20260223_083632.txt

11 35 38 46 112 143 144 168 205 215 225 252 338 359 410 435 471 490
Iter#1271 New set #30 of size 18 (42.4 its/hit = 0.000s/hit): seed=5159776767070198557 [11, 35, 38, 46, 112, 143, 144, 168, 205, 215, 225, 252, 338, 359, 410, 435, 471, 490]
logs_monomial/n9_monomial5.txt.bz2.greedyext.20260220_210834.txt

1 19 153 159 173 174 178 187 249 321 352 363 386 442 443 446 486 502
Iter#300 New set #6 of size 18 (50.0 its/hit = 0.000s/hit): seed=6673270033343578593 [1, 19, 153, 159, 173, 174, 178, 187, 249, 321, 352, 363, 386, 442, 443, 446, 486, 502]
logs_monomial/n9_monomial5.txt.bz2.greedyext.20260220_210834.txt

29 31 126 170 189 211 239 309 334 351 391 433 437 451 457 463 495 506
Iter#6088 New set #200 of size 18 (30.4 its/hit = 0.000s/hit): seed=7628733026655520527 [29, 31, 126, 170, 189, 211, 239, 309, 334, 351, 391, 433, 437, 451, 457, 463, 495, 506]
logs_monomial/n9_monomial5.txt.bz2.greedyext.20260223_083631.txt

32 37 131 141 161 173 190 238 243 256 260 289 339 375 402 483 484 491
Iter#130534 New set #4000 of size 18 (32.6 its/hit = 0.000s/hit): seed=2432432642338436316 [32, 37, 131, 141, 161, 173, 190, 238, 243, 256, 260, 289, 339, 375, 402, 483, 484, 491]
logs_monomial/n9_monomial5.txt.bz2.greedyext.20260223_083631.txt

34 38 50 69 113 153 160 163 169 214 245 335 346 389 436 491 494 501
Iter#63407 New set #2000 of size 18 (31.7 its/hit = 0.000s/hit): seed=5479140854310946392 [34, 38, 50, 69, 113, 153, 160, 163, 169, 214, 245, 335, 346, 389, 436, 491, 494, 501]
logs_monomial/n9_monomial5.txt.bz2.greedyext.20260223_083632.txt

29 45 90 108 125 132 146 232 255 273 291 337 348 372 383 384 445 479
Iter#2043 New set #60 of size 18 (34.0 its/hit = 0.000s/hit): seed=14612717118461100358 [29, 45, 90, 108, 125, 132, 146, 232, 255, 273, 291, 337, 348, 372, 383, 384, 445, 479]
logs_monomial/n9_monomial5.txt.bz2.greedyext.20260223_083632.txt

35 76 94 109 121 138 198 228 230 279 355 423 430 455 460 479 483 502
Iter#9078 New set #300 of size 18 (30.3 its/hit = 0.000s/hit): seed=11263719312858877662 [35, 76, 94, 109, 121, 138, 198, 228, 230, 279, 355, 423, 430, 455, 460, 479, 483, 502]
logs_monomial/n9_monomial5.txt.bz2.greedyext.20260222_000855.txt

114 129 135 163 210 225 266 287 290 291 327 382 384 412 439 453 479 496
Iter#237 New set #5 of size 18 (47.4 its/hit = 0.000s/hit): seed=14521608529983951663 [114, 129, 135, 163, 210, 225, 266, 287, 290, 291, 327, 382, 384, 412, 439, 453, 479, 496]
logs_monomial/n9_monomial5.txt.bz2.greedyext.20260220_210834.txt

12 37 58 69 112 117 121 123 137 177 178 223 282 334 371 392 430 508
Iter#19507355 New set #600000 of size 18 (32.5 its/hit = 0.000s/hit): seed=12522643271311749575 [12, 37, 58, 69, 112, 117, 121, 123, 137, 177, 178, 223, 282, 334, 371, 392, 430, 508]
logs_monomial/n9_monomial5.txt.bz2.greedyext.20260222_000855.txt

19 49 63 103 144 161 189 199 223 227 261 307 335 336 342 373 437 500
Iter#3116 New set #90 of size 18 (34.6 its/hit = 0.000s/hit): seed=5817857200865426083 [19, 49, 63, 103, 144, 161, 189, 199, 223, 227, 261, 307, 335, 336, 342, 373, 437, 500]
logs_monomial/n9_monomial5.txt.bz2.greedyext.20260220_210834.txt

138 143 171 180 188 192 221 264 272 274 278 303 313 342 416 430 437 475
Iter#1368 New set #50 of size 18 (27.4 its/hit = 0.000s/hit): seed=11452183657338956007 [138, 143, 171, 180, 188, 192, 221, 264, 272, 274, 278, 303, 313, 342, 416, 430, 437, 475]
logs_monomial/n9_monomial5.txt.bz2.greedyext.20260223_083631.txt

36 75 83 128 160 173 220 267 323 362 364 379 410 433 438 453 475 497
Iter#6625 New set #200 of size 18 (33.1 its/hit = 0.000s/hit): seed=15864546542122334884 [36, 75, 83, 128, 160, 173, 220, 267, 323, 362, 364, 379, 410, 433, 438, 453, 475, 497]
logs_monomial/n9_monomial5.txt.bz2.greedyext.20260223_083632.txt

4 8 9 43 45 59 63 113 115 142 275 280 380 395 442 460 466 475
Iter#259525 New set #8000 of size 18 (32.4 its/hit = 0.000s/hit): seed=331875379959571493 [4, 8, 9, 43, 45, 59, 63, 113, 115, 142, 275, 280, 380, 395, 442, 460, 466, 475]
logs_monomial/n9_monomial5.txt.bz2.greedyext.20260223_083631.txt

54 59 143 161 185 279 314 333 334 336 350 359 366 367 396 433 438 498
Iter#22624 New set #700 of size 18 (32.3 its/hit = 0.000s/hit): seed=16401077456618776751 [54, 59, 143, 161, 185, 279, 314, 333, 334, 336, 350, 359, 366, 367, 396, 433, 438, 498]
logs_monomial/n9_monomial5.txt.bz2.greedyext.20260220_210834.txt

23 28 53 56 76 109 158 162 202 243 307 311 331 339 403 418 462 483
Iter#2895302 New set #90000 of size 18 (32.2 its/hit = 0.000s/hit): seed=8840131248791633972 [23, 28, 53, 56, 76, 109, 158, 162, 202, 243, 307, 311, 331, 339, 403, 418, 462, 483]
logs_monomial/n9_monomial5.txt.bz2.greedyext.20260223_083631.txt

24 40 48 58 78 101 110 115 179 212 267 307 335 363 384 414 493 506
Iter#126772 New set #4000 of size 18 (31.7 its/hit = 0.000s/hit): seed=2734755054908516462 [24, 40, 48, 58, 78, 101, 110, 115, 179, 212, 267, 307, 335, 363, 384, 414, 493, 506]
logs_monomial/n9_monomial5.txt.bz2.greedyext.20260223_083632.txt

49 58 73 75 106 146 154 192 221 278 293 314 335 369 421 432 436 476
Iter#2397 New set #70 of size 18 (34.2 its/hit = 0.000s/hit): seed=12328354579948262425 [49, 58, 73, 75, 106, 146, 154, 192, 221, 278, 293, 314, 335, 369, 421, 432, 436, 476]
logs_monomial/n9_monomial5.txt.bz2.greedyext.20260220_210834.txt

16 18 209 214 215 225 238 259 263 265 278 291 321 352 379 404 407 459
Iter#29104 New set #900 of size 18 (32.3 its/hit = 0.000s/hit): seed=12832077775780425415 [16, 18, 209, 214, 215, 225, 238, 259, 263, 265, 278, 291, 321, 352, 379, 404, 407, 459]
logs_monomial/n9_monomial5.txt.bz2.greedyext.20260222_000855.txt

37 39 97 113 131 145 158 160 168 169 201 326 331 348 355 461 470 476
Iter#14 New set #3 of size 18 (4.7 its/hit = 0.000s/hit): seed=4987350167987489611 [37, 39, 97, 113, 131, 145, 158, 160, 168, 169, 201, 326, 331, 348, 355, 461, 470, 476]
logs_monomial/n9_monomial5.txt.bz2.greedyext.20260223_083632.txt

5 83 90 135 138 187 264 302 305 342 371 384 420 440 442 453 482 493
Iter#59 New set #3 of size 18 (19.7 its/hit = 0.000s/hit): seed=8024022620000717670 [5, 83, 90, 135, 138, 187, 264, 302, 305, 342, 371, 384, 420, 440, 442, 453, 482, 493]
logs_monomial/n9_monomial5.txt.bz2.greedyext.20260223_083633.txt

34 75 162 172 189 198 223 226 267 309 347 352 356 364 398 414 431 474
Iter#915 New set #30 of size 18 (30.5 its/hit = 0.000s/hit): seed=15688634168384256265 [34, 75, 162, 172, 189, 198, 223, 226, 267, 309, 347, 352, 356, 364, 398, 414, 431, 474]
logs_monomial/n9_monomial5.txt.bz2.greedyext.20260223_083632.txt

13 25 67 101 148 166 198 219 234 237 261 272 335 345 352 452 460 511
Iter#190129 New set #6000 of size 18 (31.7 its/hit = 0.000s/hit): seed=14954571105572376377 [13, 25, 67, 101, 148, 166, 198, 219, 234, 237, 261, 272, 335, 345, 352, 452, 460, 511]
logs_monomial/n9_monomial5.txt.bz2.greedyext.20260223_083632.txt

15 87 88 131 174 252 282 300 304 309 327 370 371 431 437 453 501 508
Iter#411 New set #10 of size 18 (41.1 its/hit = 0.000s/hit): seed=12905207366980441551 [15, 87, 88, 131, 174, 252, 282, 300, 304, 309, 327, 370, 371, 431, 437, 453, 501, 508]
logs_monomial/n9_monomial5.txt.bz2.greedyext.20260223_083631.txt

6 78 123 125 213 214 268 283 291 295 309 320 340 362 385 410 439 477
Iter#158 New set #10 of size 18 (15.8 its/hit = 0.000s/hit): seed=859801581682689096 [6, 78, 123, 125, 213, 214, 268, 283, 291, 295, 309, 320, 340, 362, 385, 410, 439, 477]
logs_monomial/n9_monomial5.txt.bz2.greedyext.20260223_083633.txt

6 15 46 48 77 81 85 126 201 234 282 345 380 407 485 487 501 506
Iter#1609840 New set #50000 of size 18 (32.2 its/hit = 0.000s/hit): seed=2892342604760588992 [6, 15, 46, 48, 77, 81, 85, 126, 201, 234, 282, 345, 380, 407, 485, 487, 501, 506]
logs_monomial/n9_monomial5.txt.bz2.greedyext.20260223_083631.txt

5 11 83 86 135 163 176 222 224 256 257 285 300 308 363 368 377 494
Iter#41 New set #4 of size 18 (10.2 its/hit = 0.000s/hit): seed=10376164721388902510 [5, 11, 83, 86, 135, 163, 176, 222, 224, 256, 257, 285, 300, 308, 363, 368, 377, 494]
logs_monomial/n9_monomial5.txt.bz2.greedyext.20260223_083632.txt

22 26 63 65 111 117 138 180 236 251 277 335 391 408 410 424 444 497
Iter#258686 New set #8000 of size 18 (32.3 its/hit = 0.000s/hit): seed=3462409752792931613 [22, 26, 63, 65, 111, 117, 138, 180, 236, 251, 277, 335, 391, 408, 410, 424, 444, 497]
logs_monomial/n9_monomial5.txt.bz2.greedyext.20260220_210834.txt

3 4 98 127 134 162 203 265 278 310 313 349 363 380 387 390 433 455
Iter#144 New set #4 of size 18 (36.0 its/hit = 0.000s/hit): seed=2432107101081177581 [3, 4, 98, 127, 134, 162, 203, 265, 278, 310, 313, 349, 363, 380, 387, 390, 433, 455]
logs_monomial/n9_monomial5.txt.bz2.greedyext.20260222_000855.txt

1 12 96 99 126 137 161 220 227 231 255 309 368 392 399 417 430 502
Iter#385 New set #9 of size 18 (42.8 its/hit = 0.000s/hit): seed=7164088999803792669 [1, 12, 96, 99, 126, 137, 161, 220, 227, 231, 255, 309, 368, 392, 399, 417, 430, 502]
logs_monomial/n9_monomial5.txt.bz2.greedyext.20260222_000855.txt

9 112 123 148 149 151 152 170 214 226 310 356 402 434 440 454 481 511
Iter#650353 New set #20000 of size 18 (32.5 its/hit = 0.000s/hit): seed=4300839178895666440 [9, 112, 123, 148, 149, 151, 152, 170, 214, 226, 310, 356, 402, 434, 440, 454, 481, 511]
logs_monomial/n9_monomial5.txt.bz2.greedyext.20260220_210834.txt

20 23 47 72 84 145 151 161 224 277 295 299 304 317 383 385 463 493
Iter#3254517 New set #100000 of size 18 (32.5 its/hit = 0.000s/hit): seed=3452766669841954519 [20, 23, 47, 72, 84, 145, 151, 161, 224, 277, 295, 299, 304, 317, 383, 385, 463, 493]
logs_monomial/n9_monomial5.txt.bz2.greedyext.20260223_083632.txt

8 18 40 55 65 270 287 295 297 313 367 391 410 420 431 448 458 491
Iter#1591 New set #50 of size 18 (31.8 its/hit = 0.000s/hit): seed=7546587940034975959 [8, 18, 40, 55, 65, 270, 287, 295, 297, 313, 367, 391, 410, 420, 431, 448, 458, 491]
logs_monomial/n9_monomial5.txt.bz2.greedyext.20260223_083632.txt

17 30 55 78 84 110 112 146 200 267 325 328 349 363 367 376 490 502
Iter#1300645 New set #40000 of size 18 (32.5 its/hit = 0.000s/hit): seed=12470968764449001123 [17, 30, 55, 78, 84, 110, 112, 146, 200, 267, 325, 328, 349, 363, 367, 376, 490, 502]
logs_monomial/n9_monomial5.txt.bz2.greedyext.20260223_083632.txt

12 25 31 80 114 128 131 174 241 246 252 263 354 355 425 459 483 499
Iter#1084 New set #40 of size 18 (27.1 its/hit = 0.000s/hit): seed=17130707931698335843 [12, 25, 31, 80, 114, 128, 131, 174, 241, 246, 252, 263, 354, 355, 425, 459, 483, 499]
logs_monomial/n9_monomial5.txt.bz2.greedyext.20260222_000855.txt

42 58 63 103 137 170 193 197 202 251 384 394 409 411 437 444 445 506
Iter#2918478 New set #90000 of size 18 (32.4 its/hit = 0.000s/hit): seed=14250189898892078995 [42, 58, 63, 103, 137, 170, 193, 197, 202, 251, 384, 394, 409, 411, 437, 444, 445, 506]
logs_monomial/n9_monomial5.txt.bz2.greedyext.20260222_000855.txt

97 112 118 239 244 249 269 279 300 304 313 318 331 351 358 361 377 451
Iter#32366 New set #1000 of size 18 (32.4 its/hit = 0.000s/hit): seed=12778093883981636531 [97, 112, 118, 239, 244, 249, 269, 279, 300, 304, 313, 318, 331, 351, 358, 361, 377, 451]
logs_monomial/n9_monomial5.txt.bz2.greedyext.20260222_000855.txt

5 45 72 88 97 98 109 143 243 263 280 285 307 334 413 433 443 475
Iter#324202 New set #10000 of size 18 (32.4 its/hit = 0.000s/hit): seed=6937951841982350435 [5, 45, 72, 88, 97, 98, 109, 143, 243, 263, 280, 285, 307, 334, 413, 433, 443, 475]
logs_monomial/n9_monomial5.txt.bz2.greedyext.20260223_083633.txt

23 40 41 120 156 158 171 187 202 219 257 267 276 290 420 428 434 474
Iter#2268040 New set #70000 of size 18 (32.4 its/hit = 0.000s/hit): seed=10847408229802263272 [23, 40, 41, 120, 156, 158, 171, 187, 202, 219, 257, 267, 276, 290, 420, 428, 434, 474]
logs_monomial/n9_monomial5.txt.bz2.greedyext.20260220_210834.txt

11 62 78 99 170 196 198 228 272 294 316 359 361 394 398 405 412 429
Iter#119 New set #8 of size 18 (14.9 its/hit = 0.000s/hit): seed=13713294389436393270 [11, 62, 78, 99, 170, 196, 198, 228, 272, 294, 316, 359, 361, 394, 398, 405, 412, 429]
logs_monomial/n9_monomial5.txt.bz2.greedyext.20260223_083632.txt

77 90 153 201 214 244 269 291 292 312 336 342 353 390 412 438 442 465
Iter#126978 New set #4000 of size 18 (31.7 its/hit = 0.000s/hit): seed=7327533584818212077 [77, 90, 153, 201, 214, 244, 269, 291, 292, 312, 336, 342, 353, 390, 412, 438, 442, 465]
logs_monomial/n9_monomial5.txt.bz2.greedyext.20260220_210834.txt

8 68 100 154 169 185 188 252 270 278 285 308 416 424 426 449 476 503
Iter#28425 New set #900 of size 18 (31.6 its/hit = 0.000s/hit): seed=12720964893820899514 [8, 68, 100, 154, 169, 185, 188, 252, 270, 278, 285, 308, 416, 424, 426, 449, 476, 503]
logs_monomial/n9_monomial5.txt.bz2.greedyext.20260223_083633.txt

2 18 25 32 71 90 95 98 185 230 249 257 263 265 396 413 435 459
Iter#362 New set #8 of size 18 (45.2 its/hit = 0.000s/hit): seed=12412619795868586437 [2, 18, 25, 32, 71, 90, 95, 98, 185, 230, 249, 257, 263, 265, 396, 413, 435, 459]
logs_monomial/n9_monomial5.txt.bz2.greedyext.20260222_000855.txt

37 123 153 205 220 236 260 274 278 349 351 372 386 421 442 477 487 505
Iter#381 New set #9 of size 18 (42.3 its/hit = 0.000s/hit): seed=16437095840711339104 [37, 123, 153, 205, 220, 236, 260, 274, 278, 349, 351, 372, 386, 421, 442, 477, 487, 505]
logs_monomial/n9_monomial5.txt.bz2.greedyext.20260223_083631.txt

17 36 40 48 130 161 178 205 206 227 241 255 269 343 362 416 418 431
Iter#97834 New set #3000 of size 18 (32.6 its/hit = 0.000s/hit): seed=8415258211764952300 [17, 36, 40, 48, 130, 161, 178, 205, 206, 227, 241, 255, 269, 343, 362, 416, 418, 431]
logs_monomial/n9_monomial5.txt.bz2.greedyext.20260222_000855.txt

0 94 103 112 160 161 202 231 241 252 287 368 379 405 423 424 429 441
Iter#129917 New set #4000 of size 18 (32.5 its/hit = 0.000s/hit): seed=3754478742371096961 [0, 94, 103, 112, 160, 161, 202, 231, 241, 252, 287, 368, 379, 405, 423, 424, 429, 441]
logs_monomial/n9_monomial5.txt.bz2.greedyext.20260222_000855.txt

1 18 47 75 104 132 133 178 238 296 299 329 371 409 426 443 458 469
Iter#287679 New set #9000 of size 18 (32.0 its/hit = 0.000s/hit): seed=2729576608558514350 [1, 18, 47, 75, 104, 132, 133, 178, 238, 296, 299, 329, 371, 409, 426, 443, 458, 469]
logs_monomial/n9_monomial5.txt.bz2.greedyext.20260223_083632.txt

31 43 69 73 87 217 225 238 249 263 299 336 388 414 437 458 476 497
Iter#1394 New set #50 of size 18 (27.9 its/hit = 0.000s/hit): seed=7804257071396813545 [31, 43, 69, 73, 87, 217, 225, 238, 249, 263, 299, 336, 388, 414, 437, 458, 476, 497]
logs_monomial/n9_monomial5.txt.bz2.greedyext.20260222_000855.txt

10 41 93 111 185 201 241 268 279 284 339 373 403 430 445 453 489 494
Iter#31357 New set #1000 of size 18 (31.4 its/hit = 0.000s/hit): seed=1724151168692862500 [10, 41, 93, 111, 185, 201, 241, 268, 279, 284, 339, 373, 403, 430, 445, 453, 489, 494]
logs_monomial/n9_monomial5.txt.bz2.greedyext.20260223_083632.txt

45 46 82 112 116 160 170 208 237 268 326 394 416 423 425 431 441 481
Iter#15565 New set #500 of size 18 (31.1 its/hit = 0.000s/hit): seed=716673882865204506 [45, 46, 82, 112, 116, 160, 170, 208, 237, 268, 326, 394, 416, 423, 425, 431, 441, 481]
logs_monomial/n9_monomial5.txt.bz2.greedyext.20260222_000855.txt

14 44 50 62 117 181 228 270 273 279 379 382 396 399 427 439 466 476
Iter#228269 New set #7000 of size 18 (32.6 its/hit = 0.000s/hit): seed=10999166795580407252 [14, 44, 50, 62, 117, 181, 228, 270, 273, 279, 379, 382, 396, 399, 427, 439, 466, 476]
logs_monomial/n9_monomial5.txt.bz2.greedyext.20260223_083631.txt

41 56 87 142 145 149 188 271 327 370 379 392 394 420 434 488 493 509
Iter#165175 New set #5000 of size 18 (33.0 its/hit = 0.000s/hit): seed=8650301841218355228 [41, 56, 87, 142, 145, 149, 188, 271, 327, 370, 379, 392, 394, 420, 434, 488, 493, 509]
logs_monomial/n9_monomial5.txt.bz2.greedyext.20260223_083633.txt

21 44 67 141 143 178 233 247 260 277 330 331 335 348 359 383 483 495
Iter#22728773 New set #700000 of size 18 (32.5 its/hit = 0.000s/hit): seed=11909327085521623104 [21, 44, 67, 141, 143, 178, 233, 247, 260, 277, 330, 331, 335, 348, 359, 383, 483, 495]
logs_monomial/n9_monomial5.txt.bz2.greedyext.20260223_083632.txt

19 24 77 102 130 231 235 304 331 340 348 356 382 392 434 438 443 505
Iter#64966684 New set #2000000 of size 18 (32.5 its/hit = 0.000s/hit): seed=10919703395090215998 [19, 24, 77, 102, 130, 231, 235, 304, 331, 340, 348, 356, 382, 392, 434, 438, 443, 505]
logs_monomial/n9_monomial5.txt.bz2.greedyext.20260220_210834.txt

30 80 130 142 177 182 199 207 224 286 291 325 345 372 383 415 446 500
Iter#225987 New set #7000 of size 18 (32.3 its/hit = 0.000s/hit): seed=16045941291796813453 [30, 80, 130, 142, 177, 182, 199, 207, 224, 286, 291, 325, 345, 372, 383, 415, 446, 500]
logs_monomial/n9_monomial5.txt.bz2.greedyext.20260222_000855.txt

35 37 52 55 114 156 183 267 290 300 330 354 412 429 449 471 503 504
Iter#767 New set #20 of size 18 (38.3 its/hit = 0.000s/hit): seed=18209684223737961603 [35, 37, 52, 55, 114, 156, 183, 267, 290, 300, 330, 354, 412, 429, 449, 471, 503, 504]
logs_monomial/n9_monomial5.txt.bz2.greedyext.20260220_210834.txt

15 39 54 73 75 180 183 239 268 280 302 317 370 378 413 423 471 500
Iter#227261129 New set #7000000 of size 18 (32.5 its/hit = 0.000s/hit): seed=15203064299035845178 [15, 39, 54, 73, 75, 180, 183, 239, 268, 280, 302, 317, 370, 378, 413, 423, 471, 500]
logs_monomial/n9_monomial5.txt.bz2.greedyext.20260220_210834.txt

1 13 19 44 56 83 165 171 196 204 259 270 274 294 339 390 477 500
Iter#292285010 New set #9000000 of size 18 (32.5 its/hit = 0.000s/hit): seed=7897262922344371495 [1, 13, 19, 44, 56, 83, 165, 171, 196, 204, 259, 270, 274, 294, 339, 390, 477, 500]
logs_monomial/n9_monomial5.txt.bz2.greedyext.20260220_210834.txt

18 34 37 115 190 225 266 270 281 283 288 306 312 354 362 424 446 487
Iter#1955921 New set #60000 of size 18 (32.6 its/hit = 0.000s/hit): seed=7825429751736946161 [18, 34, 37, 115, 190, 225, 266, 270, 281, 283, 288, 306, 312, 354, 362, 424, 446, 487]
logs_monomial/n9_monomial5.txt.bz2.greedyext.20260223_083632.txt

3 11 40 53 65 67 120 124 167 190 192 210 250 278 366 432 443 445
Iter#1099 New set #40 of size 18 (27.5 its/hit = 0.000s/hit): seed=18433507743742525497 [3, 11, 40, 53, 65, 67, 120, 124, 167, 190, 192, 210, 250, 278, 366, 432, 443, 445]
logs_monomial/n9_monomial5.txt.bz2.greedyext.20260223_083633.txt

55 74 101 118 121 162 180 189 292 293 323 326 349 377 381 404 450 458
Iter#1499 New set #50 of size 18 (30.0 its/hit = 0.000s/hit): seed=9268657480309833338 [55, 74, 101, 118, 121, 162, 180, 189, 292, 293, 323, 326, 349, 377, 381, 404, 450, 458]
logs_monomial/n9_monomial5.txt.bz2.greedyext.20260223_083633.txt

26 73 76 90 105 115 135 170 247 264 268 312 339 372 377 443 477 479
Iter#129914439 New set #4000000 of size 18 (32.5 its/hit = 0.000s/hit): seed=10470295589246631846 [26, 73, 76, 90, 105, 115, 135, 170, 247, 264, 268, 312, 339, 372, 377, 443, 477, 479]
logs_monomial/n9_monomial5.txt.bz2.greedyext.20260220_210834.txt

10 17 36 55 57 118 133 155 162 229 241 316 373 376 391 392 461 497
Iter#323165 New set #10000 of size 18 (32.3 its/hit = 0.000s/hit): seed=16354861045037590107 [10, 17, 36, 55, 57, 118, 133, 155, 162, 229, 241, 316, 373, 376, 391, 392, 461, 497]
logs_monomial/n9_monomial5.txt.bz2.greedyext.20260223_083631.txt

13 72 88 113 203 220 253 358 365 386 387 394 397 398 421 433 462 464
Iter#413 New set #20 of size 18 (20.6 its/hit = 0.000s/hit): seed=9054995871271242833 [13, 72, 88, 113, 203, 220, 253, 358, 365, 386, 387, 394, 397, 398, 421, 433, 462, 464]
logs_monomial/n9_monomial5.txt.bz2.greedyext.20260223_083633.txt

8 15 16 76 81 85 163 214 216 240 251 266 319 375 381 432 478 480
Iter#24937 New set #800 of size 18 (31.2 its/hit = 0.000s/hit): seed=14641335476215563913 [8, 15, 16, 76, 81, 85, 163, 214, 216, 240, 251, 266, 319, 375, 381, 432, 478, 480]
logs_monomial/n9_monomial5.txt.bz2.greedyext.20260222_000855.txt

51 135 152 167 194 208 225 305 308 314 322 325 350 379 399 402 461 511
Iter#377 New set #9 of size 18 (41.9 its/hit = 0.000s/hit): seed=7359547927924214833 [51, 135, 152, 167, 194, 208, 225, 305, 308, 314, 322, 325, 350, 379, 399, 402, 461, 511]
logs_monomial/n9_monomial5.txt.bz2.greedyext.20260220_210834.txt

6 33 50 78 83 86 118 171 191 218 229 269 310 316 337 373 419 430
Iter#99 New set #6 of size 18 (16.5 its/hit = 0.000s/hit): seed=16154391147755620150 [6, 33, 50, 78, 83, 86, 118, 171, 191, 218, 229, 269, 310, 316, 337, 373, 419, 430]
logs_monomial/n9_monomial5.txt.bz2.greedyext.20260223_083633.txt

1 12 69 109 113 158 197 206 207 209 233 280 296 298 365 411 452 480
Iter#18583 New set #600 of size 18 (31.0 its/hit = 0.000s/hit): seed=6534407146795904206 [1, 12, 69, 109, 113, 158, 197, 206, 207, 209, 233, 280, 296, 298, 365, 411, 452, 480]
logs_monomial/n9_monomial5.txt.bz2.greedyext.20260222_000855.txt

0 19 47 68 75 76 81 104 196 197 267 307 345 349 401 404 436 488
Iter#22489 New set #700 of size 18 (32.1 its/hit = 0.000s/hit): seed=12579006938801280444 [0, 19, 47, 68, 75, 76, 81, 104, 196, 197, 267, 307, 345, 349, 401, 404, 436, 488]
logs_monomial/n9_monomial5.txt.bz2.greedyext.20260223_083633.txt

58 65 127 140 162 197 207 216 236 238 268 317 333 343 393 422 475 510
Iter#95190 New set #3000 of size 18 (31.7 its/hit = 0.000s/hit): seed=2925424207548227395 [58, 65, 127, 140, 162, 197, 207, 216, 236, 238, 268, 317, 333, 343, 393, 422, 475, 510]
logs_monomial/n9_monomial5.txt.bz2.greedyext.20260220_210834.txt

182 189 212 221 297 304 340 344 373 381 412 414 436 462 469 474 489 490
Iter#12616 New set #400 of size 18 (31.5 its/hit = 0.000s/hit): seed=6237269680718727208 [182, 189, 212, 221, 297, 304, 340, 344, 373, 381, 412, 414, 436, 462, 469, 474, 489, 490]
logs_monomial/n9_monomial5.txt.bz2.greedyext.20260222_000855.txt

14 16 59 125 188 225 266 297 298 329 344 382 391 412 413 431 486 506
Iter#658 New set #20 of size 18 (32.9 its/hit = 0.000s/hit): seed=10358220266868189654 [14, 16, 59, 125, 188, 225, 266, 297, 298, 329, 344, 382, 391, 412, 413, 431, 486, 506]
logs_monomial/n9_monomial5.txt.bz2.greedyext.20260223_083631.txt

2 9 65 75 107 126 194 221 233 245 249 291 323 344 349 434 502 504
Iter#38 New set #2 of size 18 (19.0 its/hit = 0.000s/hit): seed=4516686663556130592 [2, 9, 65, 75, 107, 126, 194, 221, 233, 245, 249, 291, 323, 344, 349, 434, 502, 504]
logs_monomial/n9_monomial5.txt.bz2.greedyext.20260223_083633.txt

5 13 53 63 65 83 126 127 226 247 289 369 373 380 396 413 449 485
Iter#19488109 New set #600000 of size 18 (32.5 its/hit = 0.000s/hit): seed=2244488131992622967 [5, 13, 53, 63, 65, 83, 126, 127, 226, 247, 289, 369, 373, 380, 396, 413, 449, 485]
logs_monomial/n9_monomial5.txt.bz2.greedyext.20260223_083632.txt

27 39 113 162 171 229 269 274 276 383 388 389 424 446 448 461 476 511
Iter#9736357 New set #300000 of size 18 (32.5 its/hit = 0.000s/hit): seed=174572880174626724 [27, 39, 113, 162, 171, 229, 269, 274, 276, 383, 388, 389, 424, 446, 448, 461, 476, 511]
logs_monomial/n9_monomial5.txt.bz2.greedyext.20260220_210834.txt

10 17 33 61 98 99 144 161 183 191 195 219 265 345 354 364 434 487
Iter#22759881 New set #700000 of size 18 (32.5 its/hit = 0.000s/hit): seed=16628936726857860584 [10, 17, 33, 61, 98, 99, 144, 161, 183, 191, 195, 219, 265, 345, 354, 364, 434, 487]
logs_monomial/n9_monomial5.txt.bz2.greedyext.20260222_000855.txt

14 53 60 72 97 118 120 152 159 186 201 212 296 328 379 401 437 447
Iter#2340 New set #80 of size 18 (29.2 its/hit = 0.000s/hit): seed=13099663425366479901 [14, 53, 60, 72, 97, 118, 120, 152, 159, 186, 201, 212, 296, 328, 379, 401, 437, 447]
logs_monomial/n9_monomial5.txt.bz2.greedyext.20260223_083631.txt

33 40 66 150 184 192 203 226 270 292 369 427 437 476 477 490 506 508
Iter#64176 New set #2000 of size 18 (32.1 its/hit = 0.000s/hit): seed=12873953304897933730 [33, 40, 66, 150, 184, 192, 203, 226, 270, 292, 369, 427, 437, 476, 477, 490, 506, 508]
logs_monomial/n9_monomial5.txt.bz2.greedyext.20260223_083633.txt

5 9 70 78 102 108 179 181 188 227 268 304 317 386 409 431 452 507
Iter#229677 New set #7000 of size 18 (32.8 its/hit = 0.000s/hit): seed=8920359024767556887 [5, 9, 70, 78, 102, 108, 179, 181, 188, 227, 268, 304, 317, 386, 409, 431, 452, 507]
logs_monomial/n9_monomial5.txt.bz2.greedyext.20260223_083633.txt

49 86 124 131 137 175 182 222 265 278 294 356 357 360 419 469 475 487
Iter#69 New set #2 of size 18 (34.5 its/hit = 0.000s/hit): seed=14134013165962946668 [49, 86, 124, 131, 137, 175, 182, 222, 265, 278, 294, 356, 357, 360, 419, 469, 475, 487]
logs_monomial/n9_monomial5.txt.bz2.greedyext.20260220_210834.txt

46 65 69 81 196 202 229 262 296 308 368 369 370 385 424 448 467 486
Iter#1492 New set #40 of size 18 (37.3 its/hit = 0.000s/hit): seed=12611424401216598816 [46, 65, 69, 81, 196, 202, 229, 262, 296, 308, 368, 369, 370, 385, 424, 448, 467, 486]
logs_monomial/n9_monomial5.txt.bz2.greedyext.20260220_210834.txt

6 18 77 115 134 151 196 198 199 209 238 280 310 351 362 367 452 489
Iter#103 New set #3 of size 18 (34.3 its/hit = 0.000s/hit): seed=13138935245955327331 [6, 18, 77, 115, 134, 151, 196, 198, 199, 209, 238, 280, 310, 351, 362, 367, 452, 489]
logs_monomial/n9_monomial5.txt.bz2.greedyext.20260222_000855.txt

9 22 36 49 120 132 148 158 160 249 266 273 288 300 336 347 370 459
Iter#272 New set #7 of size 18 (38.9 its/hit = 0.000s/hit): seed=10367774244524077372 [9, 22, 36, 49, 120, 132, 148, 158, 160, 249, 266, 273, 288, 300, 336, 347, 370, 459]
logs_monomial/n9_monomial5.txt.bz2.greedyext.20260222_000855.txt

6 43 50 65 82 87 92 175 213 233 288 309 327 344 352 407 473 488
Iter#6517255 New set #200000 of size 18 (32.6 its/hit = 0.000s/hit): seed=16755065329949133763 [6, 43, 50, 65, 82, 87, 92, 175, 213, 233, 288, 309, 327, 344, 352, 407, 473, 488]
logs_monomial/n9_monomial5.txt.bz2.greedyext.20260223_083633.txt

3 6 15 82 111 147 168 182 215 237 240 273 351 410 426 444 446 473
Iter#163057 New set #5000 of size 18 (32.6 its/hit = 0.000s/hit): seed=902028506693119722 [3, 6, 15, 82, 111, 147, 168, 182, 215, 237, 240, 273, 351, 410, 426, 444, 446, 473]
logs_monomial/n9_monomial5.txt.bz2.greedyext.20260223_083631.txt

21 50 99 104 118 130 175 203 274 282 301 333 358 395 411 427 439 501
Iter#2270273 New set #70000 of size 18 (32.4 its/hit = 0.000s/hit): seed=5006448630075542627 [21, 50, 99, 104, 118, 130, 175, 203, 274, 282, 301, 333, 358, 395, 411, 427, 439, 501]
logs_monomial/n9_monomial5.txt.bz2.greedyext.20260222_000855.txt

72 93 153 155 159 163 169 185 198 206 210 227 289 366 371 406 484 491
Iter#64970333 New set #2000000 of size 18 (32.5 its/hit = 0.000s/hit): seed=1652026495031742477 [72, 93, 153, 155, 159, 163, 169, 185, 198, 206, 210, 227, 289, 366, 371, 406, 484, 491]
logs_monomial/n9_monomial5.txt.bz2.greedyext.20260222_000855.txt

15 46 47 99 186 199 275 276 284 314 318 328 373 377 407 434 447 482
Iter#9955 New set #300 of size 18 (33.2 its/hit = 0.000s/hit): seed=15597434932891215394 [15, 46, 47, 99, 186, 199, 275, 276, 284, 314, 318, 328, 373, 377, 407, 434, 447, 482]
logs_monomial/n9_monomial5.txt.bz2.greedyext.20260223_083633.txt

21 22 75 145 150 236 287 299 330 339 347 403 409 438 463 473 487 499
Iter#22754833 New set #700000 of size 18 (32.5 its/hit = 0.000s/hit): seed=863516078191469588 [21, 22, 75, 145, 150, 236, 287, 299, 330, 339, 347, 403, 409, 438, 463, 473, 487, 499]
logs_monomial/n9_monomial5.txt.bz2.greedyext.20260223_083633.txt

52 62 67 136 149 227 251 305 308 312 314 336 343 355 357 419 465 490
Iter#2604420 New set #80000 of size 18 (32.6 its/hit = 0.000s/hit): seed=3920929088006108965 [52, 62, 67, 136, 149, 227, 251, 305, 308, 312, 314, 336, 343, 355, 357, 419, 465, 490]
logs_monomial/n9_monomial5.txt.bz2.greedyext.20260223_083632.txt

51 52 66 90 97 167 168 221 231 240 314 328 380 435 458 492 498 502
Iter#320 New set #8 of size 18 (40.0 its/hit = 0.000s/hit): seed=15324824904131297425 [51, 52, 66, 90, 97, 167, 168, 221, 231, 240, 314, 328, 380, 435, 458, 492, 498, 502]
logs_monomial/n9_monomial5.txt.bz2.greedyext.20260223_083631.txt

44 55 82 114 116 149 157 176 178 201 246 269 283 286 293 387 435 469
Iter#267 New set #6 of size 18 (44.5 its/hit = 0.000s/hit): seed=17919699911510740071 [44, 55, 82, 114, 116, 149, 157, 176, 178, 201, 246, 269, 283, 286, 293, 387, 435, 469]
logs_monomial/n9_monomial5.txt.bz2.greedyext.20260222_000855.txt

0 81 88 125 151 189 199 204 275 281 312 335 336 353 364 394 433 435
Iter#162369342 New set #5000000 of size 18 (32.5 its/hit = 0.000s/hit): seed=11300876754627803729 [0, 81, 88, 125, 151, 189, 199, 204, 275, 281, 312, 335, 336, 353, 364, 394, 433, 435]
logs_monomial/n9_monomial5.txt.bz2.greedyext.20260222_000855.txt

38 45 50 103 121 153 168 208 260 261 266 290 328 340 376 421 447 449
Iter#16221205 New set #500000 of size 18 (32.4 its/hit = 0.000s/hit): seed=8414885507974375284 [38, 45, 50, 103, 121, 153, 168, 208, 260, 261, 266, 290, 328, 340, 376, 421, 447, 449]
logs_monomial/n9_monomial5.txt.bz2.greedyext.20260220_210834.txt

22 169 200 220 227 238 246 254 269 279 286 311 323 351 397 421 469 494
Iter#227210945 New set #7000000 of size 18 (32.5 its/hit = 0.000s/hit): seed=6644617898328615377 [22, 169, 200, 220, 227, 238, 246, 254, 269, 279, 286, 311, 323, 351, 397, 421, 469, 494]
logs_monomial/n9_monomial5.txt.bz2.greedyext.20260222_000855.txt

5 72 107 131 172 177 207 213 230 240 342 343 345 417 420 440 457 462
Iter#2256874 New set #70000 of size 18 (32.2 its/hit = 0.000s/hit): seed=2001269036090036262 [5, 72, 107, 131, 172, 177, 207, 213, 230, 240, 342, 343, 345, 417, 420, 440, 457, 462]
logs_monomial/n9_monomial5.txt.bz2.greedyext.20260223_083631.txt

5 32 88 180 210 235 303 309 330 348 355 375 391 433 438 441 460 502
Iter#1301814 New set #40000 of size 18 (32.5 its/hit = 0.000s/hit): seed=2416739673574732006 [5, 32, 88, 180, 210, 235, 303, 309, 330, 348, 355, 375, 391, 433, 438, 441, 460, 502]
logs_monomial/n9_monomial5.txt.bz2.greedyext.20260220_210834.txt

4 22 35 37 39 52 107 112 136 152 162 217 355 386 393 496 503 506
Iter#129 New set #8 of size 18 (16.1 its/hit = 0.000s/hit): seed=10384412155295114076 [4, 22, 35, 37, 39, 52, 107, 112, 136, 152, 162, 217, 355, 386, 393, 496, 503, 506]
logs_monomial/n9_monomial5.txt.bz2.greedyext.20260223_083633.txt

27 84 101 170 199 250 279 287 342 348 393 395 426 447 461 470 474 479
Iter#292217100 New set #9000000 of size 18 (32.5 its/hit = 0.000s/hit): seed=15411025241188764076 [27, 84, 101, 170, 199, 250, 279, 287, 342, 348, 393, 395, 426, 447, 461, 470, 474, 479]
logs_monomial/n9_monomial5.txt.bz2.greedyext.20260222_000855.txt

21 96 115 140 145 153 172 187 193 222 224 277 287 305 332 363 426 489
Iter#2154 New set #60 of size 18 (35.9 its/hit = 0.000s/hit): seed=4086169769361414748 [21, 96, 115, 140, 145, 153, 172, 187, 193, 222, 224, 277, 287, 305, 332, 363, 426, 489]
logs_monomial/n9_monomial5.txt.bz2.greedyext.20260220_210834.txt

8 25 38 68 90 92 121 126 189 205 222 246 255 284 296 311 374 420
Iter#25991406 New set #800000 of size 18 (32.5 its/hit = 0.000s/hit): seed=16750996260569494878 [8, 25, 38, 68, 90, 92, 121, 126, 189, 205, 222, 246, 255, 284, 296, 311, 374, 420]
logs_monomial/n9_monomial5.txt.bz2.greedyext.20260220_210834.txt

9 145 161 185 186 208 222 230 252 266 301 303 315 345 416 478 480 484
Iter#378 New set #20 of size 18 (18.9 its/hit = 0.000s/hit): seed=16791061393697398722 [9, 145, 161, 185, 186, 208, 222, 230, 252, 266, 301, 303, 315, 345, 416, 478, 480, 484]
logs_monomial/n9_monomial5.txt.bz2.greedyext.20260223_083632.txt

5 107 110 124 141 161 187 197 211 219 287 311 315 331 356 377 397 488
Iter#3243637 New set #100000 of size 18 (32.4 its/hit = 0.000s/hit): seed=14900197472562646567 [5, 107, 110, 124, 141, 161, 187, 197, 211, 219, 287, 311, 315, 331, 356, 377, 397, 488]
logs_monomial/n9_monomial5.txt.bz2.greedyext.20260222_000855.txt

31 57 58 60 61 73 91 102 117 149 175 199 349 351 397 402 476 484
Iter#16263918 New set #500000 of size 18 (32.5 its/hit = 0.000s/hit): seed=18316723512908096186 [31, 57, 58, 60, 61, 73, 91, 102, 117, 149, 175, 199, 349, 351, 397, 402, 476, 484]
logs_monomial/n9_monomial5.txt.bz2.greedyext.20260222_000855.txt

1 6 38 91 107 118 156 219 237 253 271 276 323 331 346 367 428 442
Iter#2614560 New set #80000 of size 18 (32.7 its/hit = 0.000s/hit): seed=373055865094461382 [1, 6, 38, 91, 107, 118, 156, 219, 237, 253, 271, 276, 323, 331, 346, 367, 428, 442]
logs_monomial/n9_monomial5.txt.bz2.greedyext.20260223_083633.txt

22 23 24 59 94 119 140 147 152 178 217 331 333 344 365 410 445 491
Iter#97 New set #7 of size 18 (13.9 its/hit = 0.000s/hit): seed=13155581624104309988 [22, 23, 24, 59, 94, 119, 140, 147, 152, 178, 217, 331, 333, 344, 365, 410, 445, 491]
logs_monomial/n9_monomial5.txt.bz2.greedyext.20260223_083632.txt

8 14 33 99 110 120 194 206 208 258 292 298 369 428 432 435 461 496
Iter#2143 New set #70 of size 18 (30.6 its/hit = 0.000s/hit): seed=1873561301949590194 [8, 14, 33, 99, 110, 120, 194, 206, 208, 258, 292, 298, 369, 428, 432, 435, 461, 496]
logs_monomial/n9_monomial5.txt.bz2.greedyext.20260222_000855.txt

6 10 16 18 109 112 120 160 174 175 241 294 350 380 400 424 452 487
Iter#6463652 New set #200000 of size 18 (32.3 its/hit = 0.000s/hit): seed=16290046772145947246 [6, 10, 16, 18, 109, 112, 120, 160, 174, 175, 241, 294, 350, 380, 400, 424, 452, 487]
logs_monomial/n9_monomial5.txt.bz2.greedyext.20260223_083631.txt

25 37 59 70 76 109 126 128 190 218 242 270 296 324 368 498 503 505
Iter#1292225 New set #40000 of size 18 (32.3 its/hit = 0.000s/hit): seed=4033419475784436494 [25, 37, 59, 70, 76, 109, 126, 128, 190, 218, 242, 270, 296, 324, 368, 498, 503, 505]
logs_monomial/n9_monomial5.txt.bz2.greedyext.20260223_083631.txt

34 64 109 166 168 191 265 267 275 307 309 352 389 401 442 466 480 497
Iter#127 New set #10 of size 18 (12.7 its/hit = 0.000s/hit): seed=7850245165223285017 [34, 64, 109, 166, 168, 191, 265, 267, 275, 307, 309, 352, 389, 401, 442, 466, 480, 497]
logs_monomial/n9_monomial5.txt.bz2.greedyext.20260223_083632.txt

44 45 79 91 102 105 124 171 189 263 283 353 358 441 449 455 459 484
Iter#25881 New set #800 of size 18 (32.4 its/hit = 0.000s/hit): seed=6531756273261762865 [44, 45, 79, 91, 102, 105, 124, 171, 189, 263, 283, 353, 358, 441, 449, 455, 459, 484]
logs_monomial/n9_monomial5.txt.bz2.greedyext.20260220_210834.txt

23 85 99 140 154 156 167 212 224 247 251 310 397 420 442 468 476 496
Iter#19482890 New set #600000 of size 18 (32.5 its/hit = 0.000s/hit): seed=5739335881200204432 [23, 85, 99, 140, 154, 156, 167, 212, 224, 247, 251, 310, 397, 420, 442, 468, 476, 496]
logs_monomial/n9_monomial5.txt.bz2.greedyext.20260220_210834.txt

26 111 129 130 140 156 163 177 231 241 263 295 303 347 366 429 462 480
Iter#2275 New set #70 of size 18 (32.5 its/hit = 0.000s/hit): seed=11439705760885898263 [26, 111, 129, 130, 140, 156, 163, 177, 231, 241, 263, 295, 303, 347, 366, 429, 462, 480]
logs_monomial/n9_monomial5.txt.bz2.greedyext.20260223_083632.txt

0 9 10 90 95 113 154 156 167 196 224 236 356 363 368 415 467 499
Iter#256197 New set #8000 of size 18 (32.0 its/hit = 0.000s/hit): seed=12705098956723564910 [0, 9, 10, 90, 95, 113, 154, 156, 167, 196, 224, 236, 356, 363, 368, 415, 467, 499]
logs_monomial/n9_monomial5.txt.bz2.greedyext.20260223_083632.txt

60 89 125 131 157 210 251 285 327 336 358 389 421 431 466 481 487 489
Iter#2919174 New set #90000 of size 18 (32.4 its/hit = 0.000s/hit): seed=15153164880277288177 [60, 89, 125, 131, 157, 210, 251, 285, 327, 336, 358, 389, 421, 431, 466, 481, 487, 489]
logs_monomial/n9_monomial5.txt.bz2.greedyext.20260220_210834.txt

10 31 129 132 188 199 245 256 259 338 388 402 409 430 439 453 492 494
Iter#21923 New set #700 of size 18 (31.3 its/hit = 0.000s/hit): seed=12474844564561199608 [10, 31, 129, 132, 188, 199, 245, 256, 259, 338, 388, 402, 409, 430, 439, 453, 492, 494]
logs_monomial/n9_monomial5.txt.bz2.greedyext.20260223_083632.txt

44 60 61 72 93 108 132 147 206 261 288 316 332 411 419 432 469 486
Iter#124 New set #7 of size 18 (17.7 its/hit = 0.000s/hit): seed=3067316418644244499 [44, 60, 61, 72, 93, 108, 132, 147, 206, 261, 288, 316, 332, 411, 419, 432, 469, 486]
logs_monomial/n9_monomial5.txt.bz2.greedyext.20260223_083633.txt

40 47 78 139 197 201 207 217 240 318 348 371 396 455 460 489 492 509
Iter#322 New set #7 of size 18 (46.0 its/hit = 0.000s/hit): seed=6865370257754829051 [40, 47, 78, 139, 197, 201, 207, 217, 240, 318, 348, 371, 396, 455, 460, 489, 492, 509]
logs_monomial/n9_monomial5.txt.bz2.greedyext.20260220_210834.txt

29 31 41 51 56 72 95 101 173 241 263 282 365 401 430 432 440 510
Iter#1637816 New set #50000 of size 18 (32.8 its/hit = 0.000s/hit): seed=6837997585607607370 [29, 31, 41, 51, 56, 72, 95, 101, 173, 241, 263, 282, 365, 401, 430, 432, 440, 510]
logs_monomial/n9_monomial5.txt.bz2.greedyext.20260223_083633.txt

5 9 42 47 79 81 104 156 280 287 299 348 368 384 386 403 463 467
Iter#290157 New set #9000 of size 18 (32.2 its/hit = 0.000s/hit): seed=7680059245761305909 [5, 9, 42, 47, 79, 81, 104, 156, 280, 287, 299, 348, 368, 384, 386, 403, 463, 467]
logs_monomial/n9_monomial5.txt.bz2.greedyext.20260223_083633.txt

50 51 67 84 96 98 115 138 270 289 325 359 363 392 404 432 458 461
Iter#136 New set #9 of size 18 (15.1 its/hit = 0.000s/hit): seed=16210169205905690349 [50, 51, 67, 84, 96, 98, 115, 138, 270, 289, 325, 359, 363, 392, 404, 432, 458, 461]
logs_monomial/n9_monomial5.txt.bz2.greedyext.20260223_083633.txt

0 15 63 111 112 115 145 150 159 181 194 248 276 309 364 424 432 482
Iter#16183 New set #500 of size 18 (32.4 its/hit = 0.000s/hit): seed=9538204499030474868 [0, 15, 63, 111, 112, 115, 145, 150, 159, 181, 194, 248, 276, 309, 364, 424, 432, 482]
logs_monomial/n9_monomial5.txt.bz2.greedyext.20260223_083632.txt

11 30 40 50 51 119 124 150 176 189 200 206 236 261 281 293 430 494
Iter#3222912 New set #100000 of size 18 (32.2 its/hit = 0.000s/hit): seed=15372692685518961427 [11, 30, 40, 50, 51, 119, 124, 150, 176, 189, 200, 206, 236, 261, 281, 293, 430, 494]
logs_monomial/n9_monomial5.txt.bz2.greedyext.20260223_083631.txt

3 44 49 52 69 169 236 251 265 280 284 296 435 441 447 473 490 510
Iter#66 New set #4 of size 18 (16.5 its/hit = 0.000s/hit): seed=2982813652829902291 [3, 44, 49, 52, 69, 169, 236, 251, 265, 280, 284, 296, 435, 441, 447, 473, 490, 510]
logs_monomial/n9_monomial5.txt.bz2.greedyext.20260223_083633.txt

19 42 53 64 100 109 129 211 264 265 266 322 325 341 370 476 487 488
Iter#19142 New set #600 of size 18 (31.9 its/hit = 0.000s/hit): seed=2627550169782641912 [19, 42, 53, 64, 100, 109, 129, 211, 264, 265, 266, 322, 325, 341, 370, 476, 487, 488]
logs_monomial/n9_monomial5.txt.bz2.greedyext.20260223_083632.txt

32 43 90 91 136 140 195 201 214 230 235 301 339 396 404 424 431 471
Iter#1964079 New set #60000 of size 18 (32.7 its/hit = 0.000s/hit): seed=17108498402714863889 [32, 43, 90, 91, 136, 140, 195, 201, 214, 230, 235, 301, 339, 396, 404, 424, 431, 471]
logs_monomial/n9_monomial5.txt.bz2.greedyext.20260223_083633.txt

3 8 25 27 33 41 63 66 78 134 166 207 246 287 329 466 483 511
Iter#653360 New set #20000 of size 18 (32.7 its/hit = 0.000s/hit): seed=9637664109222526642 [3, 8, 25, 27, 33, 41, 63, 66, 78, 134, 166, 207, 246, 287, 329, 466, 483, 511]
logs_monomial/n9_monomial5.txt.bz2.greedyext.20260223_083633.txt

2 67 72 80 153 157 177 219 232 237 258 288 420 424 430 436 461 499
Iter#162371528 New set #5000000 of size 18 (32.5 its/hit = 0.000s/hit): seed=2259994420536623577 [2, 67, 72, 80, 153, 157, 177, 219, 232, 237, 258, 288, 420, 424, 430, 436, 461, 499]
logs_monomial/n9_monomial5.txt.bz2.greedyext.20260220_210834.txt

11 29 31 74 148 154 155 179 251 267 273 298 305 379 468 472 477 502
Iter#427 New set #10 of size 18 (42.7 its/hit = 0.000s/hit): seed=17497766276762568051 [11, 29, 31, 74, 148, 154, 155, 179, 251, 267, 273, 298, 305, 379, 468, 472, 477, 502]
logs_monomial/n9_monomial5.txt.bz2.greedyext.20260220_210834.txt

12 39 60 89 103 129 246 259 266 304 338 339 356 413 416 468 472 476
Iter#170 New set #4 of size 18 (42.5 its/hit = 0.000s/hit): seed=11647123925270163583 [12, 39, 60, 89, 103, 129, 246, 259, 266, 304, 338, 339, 356, 413, 416, 468, 472, 476]
logs_monomial/n9_monomial5.txt.bz2.greedyext.20260220_210834.txt

33 51 78 107 130 186 191 197 235 311 319 331 335 348 430 433 434 508
Iter#9666 New set #300 of size 18 (32.2 its/hit = 0.000s/hit): seed=6415476662138761315 [33, 51, 78, 107, 130, 186, 191, 197, 235, 311, 319, 331, 335, 348, 430, 433, 434, 508]
logs_monomial/n9_monomial5.txt.bz2.greedyext.20260220_210834.txt

14 69 119 144 163 223 243 315 328 355 387 392 448 449 450 473 478 481
Iter#2979 New set #100 of size 18 (29.8 its/hit = 0.000s/hit): seed=12550634972118826696 [14, 69, 119, 144, 163, 223, 243, 315, 328, 355, 387, 392, 448, 449, 450, 473, 478, 481]
logs_monomial/n9_monomial5.txt.bz2.greedyext.20260223_083631.txt

23 44 78 80 134 136 167 222 261 285 288 305 362 365 375 440 485 497
Iter#16249888 New set #500000 of size 18 (32.5 its/hit = 0.000s/hit): seed=15928429266150833674 [23, 44, 78, 80, 134, 136, 167, 222, 261, 285, 288, 305, 362, 365, 375, 440, 485, 497]
logs_monomial/n9_monomial5.txt.bz2.greedyext.20260223_083633.txt

125 151 159 202 222 238 269 302 319 381 398 420 435 461 464 466 481 507
Iter#9696455 New set #300000 of size 18 (32.3 its/hit = 0.000s/hit): seed=6272038493051949608 [125, 151, 159, 202, 222, 238, 269, 302, 319, 381, 398, 420, 435, 461, 464, 466, 481, 507]
logs_monomial/n9_monomial5.txt.bz2.greedyext.20260223_083631.txt

82 99 124 165 180 182 183 253 273 315 348 384 411 412 423 445 463 505
Iter#1279 New set #40 of size 18 (32.0 its/hit = 0.000s/hit): seed=12444060905720483265 [82, 99, 124, 165, 180, 182, 183, 253, 273, 315, 348, 384, 411, 412, 423, 445, 463, 505]
logs_monomial/n9_monomial5.txt.bz2.greedyext.20260223_083632.txt

27 51 81 140 158 219 236 260 274 309 335 366 388 397 410 412 438 500
Iter#973682 New set #30000 of size 18 (32.5 its/hit = 0.000s/hit): seed=15939859586814812170 [27, 51, 81, 140, 158, 219, 236, 260, 274, 309, 335, 366, 388, 397, 410, 412, 438, 500]
logs_monomial/n9_monomial5.txt.bz2.greedyext.20260223_083632.txt

28 35 50 66 98 168 203 225 258 264 298 310 312 357 362 422 430 440
Iter#6920 New set #200 of size 18 (34.6 its/hit = 0.000s/hit): seed=13678512418624190761 [28, 35, 50, 66, 98, 168, 203, 225, 258, 264, 298, 310, 312, 357, 362, 422, 430, 440]
logs_monomial/n9_monomial5.txt.bz2.greedyext.20260220_210834.txt

14 122 146 166 208 218 229 236 250 297 330 359 360 381 386 388 468 494
Iter#2403 New set #80 of size 18 (30.0 its/hit = 0.000s/hit): seed=13899679032274976062 [14, 122, 146, 166, 208, 218, 229, 236, 250, 297, 330, 359, 360, 381, 386, 388, 468, 494]
logs_monomial/n9_monomial5.txt.bz2.greedyext.20260223_083633.txt

48 52 71 84 112 119 126 147 201 231 267 364 386 403 421 429 452 496
Iter#31 New set #1 of size 18 (31.0 its/hit = 0.000s/hit): seed=5048843676053462414 [48, 52, 71, 84, 112, 119, 126, 147, 201, 231, 267, 364, 386, 403, 421, 429, 452, 496]
logs_monomial/n9_monomial5.txt.bz2.greedyext.20260220_210834.txt

13 52 72 78 114 161 209 250 254 270 285 324 330 396 436 455 476 501
Iter#193464 New set #6000 of size 18 (32.2 its/hit = 0.000s/hit): seed=9925484889147121116 [13, 52, 72, 78, 114, 161, 209, 250, 254, 270, 285, 324, 330, 396, 436, 455, 476, 501]
logs_monomial/n9_monomial5.txt.bz2.greedyext.20260220_210834.txt

11 15 66 101 102 109 136 177 198 208 214 343 365 373 397 402 419 455
Iter#62736 New set #2000 of size 18 (31.4 its/hit = 0.000s/hit): seed=4043450312491723940 [11, 15, 66, 101, 102, 109, 136, 177, 198, 208, 214, 343, 365, 373, 397, 402, 419, 455]
logs_monomial/n9_monomial5.txt.bz2.greedyext.20260220_210834.txt

80 96 103 113 131 167 222 234 268 356 402 423 425 428 470 475 487 496
Iter#291145 New set #9000 of size 18 (32.3 its/hit = 0.000s/hit): seed=3460614474081378346 [80, 96, 103, 113, 131, 167, 222, 234, 268, 356, 402, 423, 425, 428, 470, 475, 487, 496]
logs_monomial/n9_monomial5.txt.bz2.greedyext.20260220_210834.txt

0 2 42 78 103 128 134 143 162 212 250 262 269 274 275 352 394 409
Iter#16067 New set #500 of size 18 (32.1 its/hit = 0.000s/hit): seed=1154302304323205821 [0, 2, 42, 78, 103, 128, 134, 143, 162, 212, 250, 262, 269, 274, 275, 352, 394, 409]
logs_monomial/n9_monomial5.txt.bz2.greedyext.20260220_210834.txt

1 57 87 120 161 167 197 204 218 267 283 317 318 355 365 369 396 492
Iter#259800576 New set #8000000 of size 18 (32.5 its/hit = 0.000s/hit): seed=1306157624282409009 [1, 57, 87, 120, 161, 167, 197, 204, 218, 267, 283, 317, 318, 355, 365, 369, 396, 492]
logs_monomial/n9_monomial5.txt.bz2.greedyext.20260220_210834.txt

24 66 71 103 105 138 254 271 333 335 338 347 361 393 398 476 480 483
Iter#649981 New set #20000 of size 18 (32.5 its/hit = 0.000s/hit): seed=4635664005469628239 [24, 66, 71, 103, 105, 138, 254, 271, 333, 335, 338, 347, 361, 393, 398, 476, 480, 483]
logs_monomial/n9_monomial5.txt.bz2.greedyext.20260222_000855.txt

98 99 115 127 135 137 162 177 181 193 194 199 312 430 451 456 503 509
Iter#1946630 New set #60000 of size 18 (32.4 its/hit = 0.000s/hit): seed=6781984273203221196 [98, 99, 115, 127, 135, 137, 162, 177, 181, 193, 194, 199, 312, 430, 451, 456, 503, 509]
logs_monomial/n9_monomial5.txt.bz2.greedyext.20260222_000855.txt

15 17 19 58 82 131 199 207 223 229 269 360 378 393 425 445 470 474
Iter#622 New set #20 of size 18 (31.1 its/hit = 0.000s/hit): seed=56187362933893612 [15, 17, 19, 58, 82, 131, 199, 207, 223, 229, 269, 360, 378, 393, 425, 445, 470, 474]
logs_monomial/n9_monomial5.txt.bz2.greedyext.20260222_000855.txt

39 98 172 200 225 259 269 295 346 347 350 358 388 468 483 501 503 508
Iter#32523385 New set #1000000 of size 18 (32.5 its/hit = 0.000s/hit): seed=16145097573852959841 [39, 98, 172, 200, 225, 259, 269, 295, 346, 347, 350, 358, 388, 468, 483, 501, 503, 508]
logs_monomial/n9_monomial5.txt.bz2.greedyext.20260222_000855.txt

22 32 43 49 112 132 169 186 210 308 313 314 334 372 386 410 425 437
Iter#32998 New set #1000 of size 18 (33.0 its/hit = 0.000s/hit): seed=3938318488377036119 [22, 32, 43, 49, 112, 132, 169, 186, 210, 308, 313, 314, 334, 372, 386, 410, 425, 437]
logs_monomial/n9_monomial5.txt.bz2.greedyext.20260223_083631.txt

38 48 51 109 179 235 284 319 352 382 405 409 417 419 420 428 457 473
Iter#16046 New set #500 of size 18 (32.1 its/hit = 0.000s/hit): seed=7371027845972065632 [38, 48, 51, 109, 179, 235, 284, 319, 352, 382, 405, 409, 417, 419, 420, 428, 457, 473]
logs_monomial/n9_monomial5.txt.bz2.greedyext.20260223_083633.txt

56 58 59 167 190 209 221 259 260 269 274 321 329 341 346 474 497 506
Iter#29231841 New set #900000 of size 18 (32.5 its/hit = 0.000s/hit): seed=3699033781698108144 [56, 58, 59, 167, 190, 209, 221, 259, 260, 269, 274, 321, 329, 341, 346, 474, 497, 506]
logs_monomial/n9_monomial5.txt.bz2.greedyext.20260220_210834.txt

49 64 90 125 126 142 181 190 211 264 279 316 350 351 386 398 423 477
Iter#194801307 New set #6000000 of size 18 (32.5 its/hit = 0.000s/hit): seed=14401676784694878265 [49, 64, 90, 125, 126, 142, 181, 190, 211, 264, 279, 316, 350, 351, 386, 398, 423, 477]
logs_monomial/n9_monomial5.txt.bz2.greedyext.20260220_210834.txt

19 46 68 119 168 174 201 246 273 286 305 322 338 356 420 429 434 435
Iter#324744536 New set #10000000 of size 18 (32.5 its/hit = 0.000s/hit): seed=10843415753306944608 [19, 46, 68, 119, 168, 174, 201, 246, 273, 286, 305, 322, 338, 356, 420, 429, 434, 435]
logs_monomial/n9_monomial5.txt.bz2.greedyext.20260220_210834.txt

6 23 76 136 149 172 227 243 265 285 314 330 352 390 392 414 416 435
Iter#13009379 New set #400000 of size 18 (32.5 its/hit = 0.000s/hit): seed=4904685001883507617 [6, 23, 76, 136, 149, 172, 227, 243, 265, 285, 314, 330, 352, 390, 392, 414, 416, 435]
logs_monomial/n9_monomial5.txt.bz2.greedyext.20260222_000855.txt

6 34 50 118 156 194 263 303 314 315 333 431 438 440 446 452 470 509
Iter#306 New set #7 of size 18 (43.7 its/hit = 0.000s/hit): seed=6500538331578199613 [6, 34, 50, 118, 156, 194, 263, 303, 314, 315, 333, 431, 438, 440, 446, 452, 470, 509]
logs_monomial/n9_monomial5.txt.bz2.greedyext.20260223_083631.txt

54 131 139 177 192 226 232 246 267 270 310 346 361 403 456 467 471 492
Iter#225158 New set #7000 of size 18 (32.2 its/hit = 0.000s/hit): seed=5385082064268429706 [54, 131, 139, 177, 192, 226, 232, 246, 267, 270, 310, 346, 361, 403, 456, 467, 471, 492]
logs_monomial/n9_monomial5.txt.bz2.greedyext.20260220_210834.txt

24 30 51 81 111 115 136 162 171 197 215 223 273 300 312 414 432 463
Iter#6497144 New set #200000 of size 18 (32.5 its/hit = 0.000s/hit): seed=16420953214545298226 [24, 30, 51, 81, 111, 115, 136, 162, 171, 197, 215, 223, 273, 300, 312, 414, 432, 463]
logs_monomial/n9_monomial5.txt.bz2.greedyext.20260220_210834.txt

20 75 98 114 117 147 155 188 201 264 282 316 347 365 393 403 406 506
Iter#4 New set #1 of size 18 (4.0 its/hit = 0.000s/hit): seed=9323194881931088710 [20, 75, 98, 114, 117, 147, 155, 188, 201, 264, 282, 316, 347, 365, 393, 403, 406, 506]
logs_monomial/n9_monomial5.txt.bz2.greedyext.20260223_083632.txt

11 24 73 86 99 106 109 139 180 185 206 231 259 296 419 427 484 505
Iter#46 New set #5 of size 18 (9.2 its/hit = 0.000s/hit): seed=10772814101062147507 [11, 24, 73, 86, 99, 106, 109, 139, 180, 185, 206, 231, 259, 296, 419, 427, 484, 505]
logs_monomial/n9_monomial5.txt.bz2.greedyext.20260223_083632.txt

53 98 130 153 181 199 217 249 256 258 295 304 355 361 394 398 447 451
Iter#2626 New set #90 of size 18 (29.2 its/hit = 0.000s/hit): seed=10265756216746014099 [53, 98, 130, 153, 181, 199, 217, 249, 256, 258, 295, 304, 355, 361, 394, 398, 447, 451]
logs_monomial/n9_monomial5.txt.bz2.greedyext.20260223_083631.txt

24 48 68 95 112 152 207 243 262 272 278 286 304 385 421 476 479 484
Iter#259523 New set #8000 of size 18 (32.4 its/hit = 0.000s/hit): seed=1458728159833976378 [24, 48, 68, 95, 112, 152, 207, 243, 262, 272, 278, 286, 304, 385, 421, 476, 479, 484]
logs_monomial/n9_monomial5.txt.bz2.greedyext.20260222_000855.txt

83 96 104 108 126 159 161 186 214 267 311 317 355 375 410 432 451 475
Iter#29010 New set #900 of size 18 (32.2 its/hit = 0.000s/hit): seed=16880102795522199063 [83, 96, 104, 108, 126, 159, 161, 186, 214, 267, 311, 317, 355, 375, 410, 432, 451, 475]
logs_monomial/n9_monomial5.txt.bz2.greedyext.20260220_210834.txt

0 53 68 106 145 180 208 223 227 247 260 297 301 314 381 404 406 476
Iter#200 New set #2 of size 18 (100.0 its/hit = 0.000s/hit): seed=16330670375457447394 [0, 53, 68, 106, 145, 180, 208, 223, 227, 247, 260, 297, 301, 314, 381, 404, 406, 476]
logs_monomial/n9_monomial5.txt.bz2.greedyext.20260223_083631.txt

2 22 38 43 74 144 182 219 304 315 392 420 433 462 463 494 496 508
Iter#2292158 New set #70000 of size 18 (32.7 its/hit = 0.000s/hit): seed=15794720805488320414 [2, 22, 38, 43, 74, 144, 182, 219, 304, 315, 392, 420, 433, 462, 463, 494, 496, 508]
logs_monomial/n9_monomial5.txt.bz2.greedyext.20260223_083633.txt

47 108 155 162 183 194 223 224 235 337 338 340 375 377 430 433 448 464
Iter#162097 New set #5000 of size 18 (32.4 its/hit = 0.000s/hit): seed=2256088126157749436 [47, 108, 155, 162, 183, 194, 223, 224, 235, 337, 338, 340, 375, 377, 430, 433, 448, 464]
logs_monomial/n9_monomial5.txt.bz2.greedyext.20260222_000855.txt

82 99 157 183 240 249 288 296 353 363 392 413 444 446 479 488 493 506
Iter#3009 New set #90 of size 18 (33.4 its/hit = 0.000s/hit): seed=7357338577183034854 [82, 99, 157, 183, 240, 249, 288, 296, 353, 363, 392, 413, 444, 446, 479, 488, 493, 506]
logs_monomial/n9_monomial5.txt.bz2.greedyext.20260222_000855.txt

5 21 27 36 50 51 71 86 124 167 180 238 327 344 347 417 437 451
Iter#975893 New set #30000 of size 18 (32.5 its/hit = 0.000s/hit): seed=4169553343092744694 [5, 21, 27, 36, 50, 51, 71, 86, 124, 167, 180, 238, 327, 344, 347, 417, 437, 451]
logs_monomial/n9_monomial5.txt.bz2.greedyext.20260222_000855.txt

1 129 130 164 183 198 217 223 273 283 344 356 368 421 460 480 485 498
Iter#107 New set #1 of size 18 (107.0 its/hit = 0.000s/hit): seed=4654334961026284745 [1, 129, 130, 164, 183, 198, 217, 223, 273, 283, 344, 356, 368, 421, 460, 480, 485, 498]
logs_monomial/n9_monomial5.txt.bz2.greedyext.20260223_083631.txt

12 20 63 86 91 161 202 211 212 218 250 256 262 283 295 339 377 467
Iter#649352743 New set #20000000 of size 18 (32.5 its/hit = 0.000s/hit): seed=6286524163338682808 [12, 20, 63, 86, 91, 161, 202, 211, 212, 218, 250, 256, 262, 283, 295, 339, 377, 467]
logs_monomial/n9_monomial5.txt.bz2.greedyext.20260222_000855.txt

49 79 101 104 131 180 207 213 234 239 244 279 294 324 325 380 424 456
Iter#29758 New set #900 of size 18 (33.1 its/hit = 0.000s/hit): seed=3660863843103974989 [49, 79, 101, 104, 131, 180, 207, 213, 234, 239, 244, 279, 294, 324, 325, 380, 424, 456]
logs_monomial/n9_monomial5.txt.bz2.greedyext.20260223_083631.txt

28 53 91 133 140 188 204 289 305 320 325 339 345 356 359 371 410 487
Iter#98539 New set #3000 of size 18 (32.8 its/hit = 0.000s/hit): seed=1411970317332780480 [28, 53, 91, 133, 140, 188, 204, 289, 305, 320, 325, 339, 345, 356, 359, 371, 410, 487]
logs_monomial/n9_monomial5.txt.bz2.greedyext.20260223_083631.txt

11 53 104 183 223 229 241 288 314 363 388 393 402 411 449 465 482 488
Iter#970963 New set #30000 of size 18 (32.4 its/hit = 0.000s/hit): seed=5654028169166797563 [11, 53, 104, 183, 223, 229, 241, 288, 314, 363, 388, 393, 402, 411, 449, 465, 482, 488]
logs_monomial/n9_monomial5.txt.bz2.greedyext.20260223_083631.txt

21 32 118 137 160 169 192 230 295 313 337 338 364 406 413 460 478 482
Iter#2593565 New set #80000 of size 18 (32.4 its/hit = 0.000s/hit): seed=14230708747333802503 [21, 32, 118, 137, 160, 169, 192, 230, 295, 313, 337, 338, 364, 406, 413, 460, 478, 482]
logs_monomial/n9_monomial5.txt.bz2.greedyext.20260222_000855.txt

4 26 53 144 175 270 278 291 335 351 361 434 481 482 487 492 502 510
Iter#2789 New set #90 of size 18 (31.0 its/hit = 0.000s/hit): seed=13651104486392204282 [4, 26, 53, 144, 175, 270, 278, 291, 335, 351, 361, 434, 481, 482, 487, 492, 502, 510]
logs_monomial/n9_monomial5.txt.bz2.greedyext.20260223_083632.txt

20 32 55 62 107 109 126 127 182 205 252 272 290 364 445 464 476 497
Iter#158332 New set #5000 of size 18 (31.7 its/hit = 0.000s/hit): seed=1585974814962481100 [20, 32, 55, 62, 107, 109, 126, 127, 182, 205, 252, 272, 290, 364, 445, 464, 476, 497]
logs_monomial/n9_monomial5.txt.bz2.greedyext.20260223_083632.txt

21 23 26 34 43 99 124 129 154 168 187 213 225 268 290 366 437 486
Iter#6225 New set #200 of size 18 (31.1 its/hit = 0.000s/hit): seed=252753075935815127 [21, 23, 26, 34, 43, 99, 124, 129, 154, 168, 187, 213, 225, 268, 290, 366, 437, 486]
logs_monomial/n9_monomial5.txt.bz2.greedyext.20260223_083633.txt

11 12 25 37 60 93 152 153 229 233 259 264 346 388 419 434 464 507
Iter#3268724 New set #100000 of size 18 (32.7 its/hit = 0.000s/hit): seed=13210658103064636783 [11, 12, 25, 37, 60, 93, 152, 153, 229, 233, 259, 264, 346, 388, 419, 434, 464, 507]
logs_monomial/n9_monomial5.txt.bz2.greedyext.20260223_083633.txt

2 33 35 70 102 115 162 225 234 279 312 318 356 440 448 462 466 492
Iter#201 New set #5 of size 18 (40.2 its/hit = 0.000s/hit): seed=12986568246009774367 [2, 33, 35, 70, 102, 115, 162, 225, 234, 279, 312, 318, 356, 440, 448, 462, 466, 492]
logs_monomial/n9_monomial5.txt.bz2.greedyext.20260222_000855.txt

6 47 48 67 73 101 120 123 140 212 243 283 292 300 318 324 326 505
Iter#3 New set #1 of size 18 (3.0 its/hit = 0.000s/hit): seed=221396887592824381 [6, 47, 48, 67, 73, 101, 120, 123, 140, 212, 243, 283, 292, 300, 318, 324, 326, 505]
logs_monomial/n9_monomial5.txt.bz2.greedyext.20260223_083633.txt

84 118 122 167 175 248 301 309 315 328 329 331 353 390 421 446 477 509
Iter#813 New set #30 of size 18 (27.1 its/hit = 0.000s/hit): seed=13254354894679644907 [84, 118, 122, 167, 175, 248, 301, 309, 315, 328, 329, 331, 353, 390, 421, 446, 477, 509]
logs_monomial/n9_monomial5.txt.bz2.greedyext.20260222_000855.txt

63 64 71 126 187 197 231 297 318 339 341 348 359 381 434 435 451 480
Iter#2575830 New set #80000 of size 18 (32.2 its/hit = 0.000s/hit): seed=7892713821853703956 [63, 64, 71, 126, 187, 197, 231, 297, 318, 339, 341, 348, 359, 381, 434, 435, 451, 480]
logs_monomial/n9_monomial5.txt.bz2.greedyext.20260223_083631.txt

1 55 70 77 107 126 144 145 233 271 305 321 322 342 351 401 450 460
Iter#642245 New set #20000 of size 18 (32.1 its/hit = 0.000s/hit): seed=15538066168727642948 [1, 55, 70, 77, 107, 126, 144, 145, 233, 271, 305, 321, 322, 342, 351, 401, 450, 460]
logs_monomial/n9_monomial5.txt.bz2.greedyext.20260223_083631.txt

40 61 76 123 162 204 222 287 294 300 312 316 323 354 364 365 459 495
Iter#19696 New set #600 of size 18 (32.8 its/hit = 0.000s/hit): seed=18418614339862226403 [40, 61, 76, 123, 162, 204, 222, 287, 294, 300, 312, 316, 323, 354, 364, 365, 459, 495]
logs_monomial/n9_monomial5.txt.bz2.greedyext.20260223_083631.txt

16 25 70 76 97 109 124 161 224 304 331 345 374 384 398 414 444 460
Iter#121 New set #9 of size 18 (13.4 its/hit = 0.000s/hit): seed=15183462071307693472 [16, 25, 70, 76, 97, 109, 124, 161, 224, 304, 331, 345, 374, 384, 398, 414, 444, 460]
logs_monomial/n9_monomial5.txt.bz2.greedyext.20260223_083632.txt

1 44 77 114 151 158 224 234 244 269 271 301 302 310 320 326 480 499
Iter#985323 New set #30000 of size 18 (32.8 its/hit = 0.000s/hit): seed=952479060756552915 [1, 44, 77, 114, 151, 158, 224, 234, 244, 269, 271, 301, 302, 310, 320, 326, 480, 499]
logs_monomial/n9_monomial5.txt.bz2.greedyext.20260223_083633.txt

72 90 95 154 241 260 272 288 295 313 343 361 415 433 448 458 490 492
Iter#13457 New set #400 of size 18 (33.6 its/hit = 0.000s/hit): seed=5245225427406064760 [72, 90, 95, 154, 241, 260, 272, 288, 295, 313, 343, 361, 415, 433, 448, 458, 490, 492]
logs_monomial/n9_monomial5.txt.bz2.greedyext.20260223_083633.txt

12 56 67 114 118 133 146 168 246 273 281 304 314 357 388 392 422 453
Iter#9752023 New set #300000 of size 18 (32.5 its/hit = 0.000s/hit): seed=7284824323224663002 [12, 56, 67, 114, 118, 133, 146, 168, 246, 273, 281, 304, 314, 357, 388, 392, 422, 453]
logs_monomial/n9_monomial5.txt.bz2.greedyext.20260223_083633.txt

1 6 7 47 131 139 152 160 211 228 245 304 346 363 386 432 448 492
Iter#8958 New set #300 of size 18 (29.9 its/hit = 0.000s/hit): seed=3023650892884829841 [1, 6, 7, 47, 131, 139, 152, 160, 211, 228, 245, 304, 346, 363, 386, 432, 448, 492]
logs_monomial/n9_monomial5.txt.bz2.greedyext.20260223_083632.txt

30 32 120 142 165 168 207 219 275 297 328 349 363 386 393 401 475 487
Iter#1871 New set #60 of size 18 (31.2 its/hit = 0.000s/hit): seed=2318725980052273020 [30, 32, 120, 142, 165, 168, 207, 219, 275, 297, 328, 349, 363, 386, 393, 401, 475, 487]
logs_monomial/n9_monomial5.txt.bz2.greedyext.20260223_083633.txt

76 108 146 164 180 221 281 300 356 364 367 374 386 416 443 471 492 505
Iter#158519 New set #5000 of size 18 (31.7 its/hit = 0.000s/hit): seed=6474117497015847493 [76, 108, 146, 164, 180, 221, 281, 300, 356, 364, 367, 374, 386, 416, 443, 471, 492, 505]
logs_monomial/n9_monomial5.txt.bz2.greedyext.20260220_210834.txt

24 67 68 77 160 189 223 283 292 325 392 416 418 453 456 461 481 499
Iter#2939 New set #100 of size 18 (29.4 its/hit = 0.000s/hit): seed=12941677525233899781 [24, 67, 68, 77, 160, 189, 223, 283, 292, 325, 392, 416, 418, 453, 456, 461, 481, 499]
logs_monomial/n9_monomial5.txt.bz2.greedyext.20260223_083633.txt

5 20 26 44 133 188 214 215 250 253 263 309 337 356 382 436 443 492
Iter#2592872 New set #80000 of size 18 (32.4 its/hit = 0.000s/hit): seed=995464944502106153 [5, 20, 26, 44, 133, 188, 214, 215, 250, 253, 263, 309, 337, 356, 382, 436, 443, 492]
logs_monomial/n9_monomial5.txt.bz2.greedyext.20260220_210834.txt

44 56 85 86 90 134 143 158 172 179 242 250 303 330 337 364 421 450
Iter#26011379 New set #800000 of size 18 (32.5 its/hit = 0.000s/hit): seed=692474929456991916 [44, 56, 85, 86, 90, 134, 143, 158, 172, 179, 242, 250, 303, 330, 337, 364, 421, 450]
logs_monomial/n9_monomial5.txt.bz2.greedyext.20260222_000855.txt

8 10 23 38 52 58 71 109 207 244 247 257 264 278 289 297 306 405
Iter#340 New set #8 of size 18 (42.5 its/hit = 0.000s/hit): seed=2640453507047971259 [8, 10, 23, 38, 52, 58, 71, 109, 207, 244, 247, 257, 264, 278, 289, 297, 306, 405]
logs_monomial/n9_monomial5.txt.bz2.greedyext.20260220_210834.txt

13 43 69 107 122 177 199 278 287 315 320 324 339 372 439 470 484 500
Iter#3428 New set #100 of size 18 (34.3 its/hit = 0.000s/hit): seed=18417453441052230896 [13, 43, 69, 107, 122, 177, 199, 278, 287, 315, 320, 324, 339, 372, 439, 470, 484, 500]
logs_monomial/n9_monomial5.txt.bz2.greedyext.20260220_210834.txt

111 143 149 168 184 222 231 327 353 356 359 374 402 418 466 472 487 490
Iter#2927063 New set #90000 of size 18 (32.5 its/hit = 0.000s/hit): seed=13530979521101225310 [111, 143, 149, 168, 184, 222, 231, 327, 353, 356, 359, 374, 402, 418, 466, 472, 487, 490]
logs_monomial/n9_monomial5.txt.bz2.greedyext.20260223_083632.txt

68 69 72 75 132 141 144 148 162 202 281 284 292 358 373 387 486 509
Iter#1942845 New set #60000 of size 18 (32.4 its/hit = 0.000s/hit): seed=2439049264623365491 [68, 69, 72, 75, 132, 141, 144, 148, 162, 202, 281, 284, 292, 358, 373, 387, 486, 509]
logs_monomial/n9_monomial5.txt.bz2.greedyext.20260220_210834.txt

103 112 120 145 171 193 221 248 249 250 282 299 301 445 451 472 490 503
Iter#2692 New set #90 of size 18 (29.9 its/hit = 0.000s/hit): seed=14881896801483858746 [103, 112, 120, 145, 171, 193, 221, 248, 249, 250, 282, 299, 301, 445, 451, 472, 490, 503]
logs_monomial/n9_monomial5.txt.bz2.greedyext.20260223_083633.txt

15 19 27 66 79 88 106 113 133 157 185 246 340 371 386 452 459 496
Iter#12965 New set #400 of size 18 (32.4 its/hit = 0.000s/hit): seed=430067321071237624 [15, 19, 27, 66, 79, 88, 106, 113, 133, 157, 185, 246, 340, 371, 386, 452, 459, 496]
logs_monomial/n9_monomial5.txt.bz2.greedyext.20260223_083631.txt

6 72 105 214 226 259 267 269 296 308 399 400 442 453 471 481 503 507
Iter#3244483 New set #100000 of size 18 (32.4 its/hit = 0.000s/hit): seed=2923584318283230765 [6, 72, 105, 214, 226, 259, 267, 269, 296, 308, 399, 400, 442, 453, 471, 481, 503, 507]
logs_monomial/n9_monomial5.txt.bz2.greedyext.20260220_210834.txt

4 8 51 53 103 105 159 182 188 190 207 216 220 263 280 281 364 369
Iter#97453398 New set #3000000 of size 18 (32.5 its/hit = 0.000s/hit): seed=1804582913873592190 [4, 8, 51, 53, 103, 105, 159, 182, 188, 190, 207, 216, 220, 263, 280, 281, 364, 369]
logs_monomial/n9_monomial5.txt.bz2.greedyext.20260222_000855.txt

20 27 40 71 103 127 133 195 206 208 212 229 318 324 389 428 457 492
Iter#290662 New set #9000 of size 18 (32.3 its/hit = 0.000s/hit): seed=6335156242984374688 [20, 27, 40, 71, 103, 127, 133, 195, 206, 208, 212, 229, 318, 324, 389, 428, 457, 492]
logs_monomial/n9_monomial5.txt.bz2.greedyext.20260222_000855.txt

8 56 71 89 134 167 197 235 253 275 283 315 349 394 438 451 465 480
Iter#2006 New set #50 of size 18 (40.1 its/hit = 0.000s/hit): seed=6206540996847459514 [8, 56, 71, 89, 134, 167, 197, 235, 253, 275, 283, 315, 349, 394, 438, 451, 465, 480]
logs_monomial/n9_monomial5.txt.bz2.greedyext.20260220_210834.txt

29 57 86 113 223 285 289 307 327 331 402 403 419 420 426 467 480 499
Iter#245 New set #5 of size 18 (49.0 its/hit = 0.000s/hit): seed=3063218514401710092 [29, 57, 86, 113, 223, 285, 289, 307, 327, 331, 402, 403, 419, 420, 426, 467, 480, 499]
logs_monomial/n9_monomial5.txt.bz2.greedyext.20260223_083631.txt

54 65 66 79 106 152 184 190 191 212 245 354 375 404 425 427 459 507
Iter#216 New set #4 of size 18 (54.0 its/hit = 0.000s/hit): seed=12719281263908506790 [54, 65, 66, 79, 106, 152, 184, 190, 191, 212, 245, 354, 375, 404, 425, 427, 459, 507]
logs_monomial/n9_monomial5.txt.bz2.greedyext.20260223_083631.txt

63 99 110 122 145 169 170 173 191 202 214 224 226 235 264 277 283 354
Iter#65736 New set #2000 of size 18 (32.9 its/hit = 0.000s/hit): seed=15827517976191045523 [63, 99, 110, 122, 145, 169, 170, 173, 191, 202, 214, 224, 226, 235, 264, 277, 283, 354]
logs_monomial/n9_monomial5.txt.bz2.greedyext.20260222_000855.txt

0 23 35 70 252 298 314 320 340 360 370 371 374 391 401 414 432 464
Iter#16242490 New set #500000 of size 18 (32.5 its/hit = 0.000s/hit): seed=1742835366122068899 [0, 23, 35, 70, 252, 298, 314, 320, 340, 360, 370, 371, 374, 391, 401, 414, 432, 464]
logs_monomial/n9_monomial5.txt.bz2.greedyext.20260223_083632.txt

67 112 169 196 206 222 250 252 293 296 330 342 349 373 400 442 447 473
Iter#16585 New set #500 of size 18 (33.2 its/hit = 0.000s/hit): seed=6686693244798354995 [67, 112, 169, 196, 206, 222, 250, 252, 293, 296, 330, 342, 349, 373, 400, 442, 447, 473]
logs_monomial/n9_monomial5.txt.bz2.greedyext.20260223_083631.txt

26 28 97 119 160 185 211 229 297 299 302 332 347 383 428 463 492 500
Iter#98238 New set #3000 of size 18 (32.7 its/hit = 0.000s/hit): seed=5131970411353177596 [26, 28, 97, 119, 160, 185, 211, 229, 297, 299, 302, 332, 347, 383, 428, 463, 492, 500]
logs_monomial/n9_monomial5.txt.bz2.greedyext.20260223_083633.txt

67 91 126 177 207 241 260 286 307 309 312 359 377 421 425 482 486 498
Iter#1663 New set #60 of size 18 (27.7 its/hit = 0.000s/hit): seed=8237067858080229951 [67, 91, 126, 177, 207, 241, 260, 286, 307, 309, 312, 359, 377, 421, 425, 482, 486, 498]
logs_monomial/n9_monomial5.txt.bz2.greedyext.20260223_083631.txt

42 47 85 87 92 135 171 197 219 249 315 339 395 422 434 467 487 503
Iter#193932 New set #6000 of size 18 (32.3 its/hit = 0.000s/hit): seed=2237056376319611513 [42, 47, 85, 87, 92, 135, 171, 197, 219, 249, 315, 339, 395, 422, 434, 467, 487, 503]
logs_monomial/n9_monomial5.txt.bz2.greedyext.20260222_000855.txt

26 64 97 115 154 156 171 196 210 218 232 253 275 327 334 379 414 426
Iter#9741428 New set #300000 of size 18 (32.5 its/hit = 0.000s/hit): seed=10120692155117673959 [26, 64, 97, 115, 154, 156, 171, 196, 210, 218, 232, 253, 275, 327, 334, 379, 414, 426]
logs_monomial/n9_monomial5.txt.bz2.greedyext.20260223_083632.txt

2 37 41 83 105 109 117 240 248 251 271 274 287 303 314 479 492 507
Iter#195775 New set #6000 of size 18 (32.6 its/hit = 0.000s/hit): seed=7635899727988343303 [2, 37, 41, 83, 105, 109, 117, 240, 248, 251, 271, 274, 287, 303, 314, 479, 492, 507]
logs_monomial/n9_monomial5.txt.bz2.greedyext.20260223_083631.txt

10 37 56 62 113 145 194 211 219 232 303 304 313 316 348 349 434 491
Iter#1628676 New set #50000 of size 18 (32.6 its/hit = 0.000s/hit): seed=7835373846033915805 [10, 37, 56, 62, 113, 145, 194, 211, 219, 232, 303, 304, 313, 316, 348, 349, 434, 491]
logs_monomial/n9_monomial5.txt.bz2.greedyext.20260223_083632.txt

