47 56 130 143 178 210 228 229 251 271 284 288 317 366 376 383 393 486 492
Iter#2009554 New set #900 of size 19 (2232.8 its/hit = 0.021s/hit): seed=11885821916104645979 [47, 56, 130, 143, 178, 210, 228, 229, 251, 271, 284, 288, 317, 366, 376, 383, 393, 486, 492]
logs_monomial/n9_monomial3.txt.bz2.greedyext.20260223_083631.txt

14 38 59 63 94 177 196 202 222 232 237 250 263 389 399 434 472 474 507
Iter#1055052 New set #500 of size 19 (2110.1 its/hit = 0.018s/hit): seed=5730482066395660234 [14, 38, 59, 63, 94, 177, 196, 202, 222, 232, 237, 250, 263, 389, 399, 434, 472, 474, 507]
logs_monomial/n9_monomial3.txt.bz2.greedyext.20260222_000855.txt

35 78 99 107 186 216 221 222 228 232 249 254 290 318 349 355 372 431 508
Iter#43868497 New set #20000 of size 19 (2193.4 its/hit = 0.020s/hit): seed=4001063874545222392 [35, 78, 99, 107, 186, 216, 221, 222, 228, 232, 249, 254, 290, 318, 349, 355, 372, 431, 508]
logs_monomial/n9_monomial3.txt.bz2.greedyext.20260220_210834.txt

48 68 70 82 90 103 128 157 208 212 242 251 279 336 352 368 403 428 445
Iter#86941537 New set #40000 of size 19 (2173.5 its/hit = 0.020s/hit): seed=15131140737273634529 [48, 68, 70, 82, 90, 103, 128, 157, 208, 212, 242, 251, 279, 336, 352, 368, 403, 428, 445]
logs_monomial/n9_monomial3.txt.bz2.greedyext.20260220_210834.txt

110 144 168 177 186 189 216 220 280 330 348 362 379 386 412 425 427 451 499
Iter#223552 New set #100 of size 19 (2235.5 its/hit = 0.020s/hit): seed=17613207511844645367 [110, 144, 168, 177, 186, 189, 216, 220, 280, 330, 348, 362, 379, 386, 412, 425, 427, 451, 499]
logs_monomial/n9_monomial3.txt.bz2.greedyext.20260222_000855.txt

55 66 77 83 99 129 134 219 232 236 266 285 291 340 358 364 392 448 490
Iter#195617 New set #90 of size 19 (2173.5 its/hit = 0.011s/hit): seed=14148108532386243410 [55, 66, 77, 83, 99, 129, 134, 219, 232, 236, 266, 285, 291, 340, 358, 364, 392, 448, 490]
logs_monomial/n9_monomial3.txt.bz2.greedyext.20260220_210834.txt

11 19 30 85 91 98 120 160 176 205 236 282 305 321 355 439 440 475 479
Iter#213143 New set #90 of size 19 (2368.3 its/hit = 0.022s/hit): seed=7610518632453423416 [11, 19, 30, 85, 91, 98, 120, 160, 176, 205, 236, 282, 305, 321, 355, 439, 440, 475, 479]
logs_monomial/n9_monomial3.txt.bz2.greedyext.20260223_083633.txt

26 121 125 134 145 164 222 239 266 275 277 327 335 352 354 386 401 404 424
Iter#64772 New set #30 of size 19 (2159.1 its/hit = 0.000s/hit): seed=13749915465694914578 [26, 121, 125, 134, 145, 164, 222, 239, 266, 275, 277, 327, 335, 352, 354, 386, 401, 404, 424]
logs_monomial/n9_monomial3.txt.bz2.greedyext.20260220_210834.txt

17 40 41 47 105 127 131 202 222 259 278 286 293 335 377 409 420 422 470
Iter#22966 New set #8 of size 19 (2870.8 its/hit = 0.000s/hit): seed=10937809523881781648 [17, 40, 41, 47, 105, 127, 131, 202, 222, 259, 278, 286, 293, 335, 377, 409, 420, 422, 470]
logs_monomial/n9_monomial3.txt.bz2.greedyext.20260223_083632.txt

15 18 27 28 190 230 253 323 334 364 390 412 416 440 459 473 474 475 499
Iter#79332 New set #30 of size 19 (2644.4 its/hit = 0.000s/hit): seed=10066576634594576033 [15, 18, 27, 28, 190, 230, 253, 323, 334, 364, 390, 412, 416, 440, 459, 473, 474, 475, 499]
logs_monomial/n9_monomial3.txt.bz2.greedyext.20260222_000855.txt

18 60 64 121 141 147 174 177 202 209 222 277 278 283 390 417 455 463 466
Iter#18440 New set #5 of size 19 (3688.0 its/hit = 0.000s/hit): seed=9471206123129205191 [18, 60, 64, 121, 141, 147, 174, 177, 202, 209, 222, 277, 278, 283, 390, 417, 455, 463, 466]
logs_monomial/n9_monomial3.txt.bz2.greedyext.20260223_083632.txt

20 67 101 120 127 142 175 240 263 265 277 286 381 383 387 389 435 465 477
Iter#119109 New set #60 of size 19 (1985.2 its/hit = 0.017s/hit): seed=7911270249074996725 [20, 67, 101, 120, 127, 142, 175, 240, 263, 265, 277, 286, 381, 383, 387, 389, 435, 465, 477]
logs_monomial/n9_monomial3.txt.bz2.greedyext.20260223_083633.txt

0 28 29 119 189 194 226 231 249 279 287 296 358 384 396 431 437 483 500
Iter#12894791 New set #6000 of size 19 (2149.1 its/hit = 0.020s/hit): seed=5441808904266029473 [0, 28, 29, 119, 189, 194, 226, 231, 249, 279, 287, 296, 358, 384, 396, 431, 437, 483, 500]
logs_monomial/n9_monomial3.txt.bz2.greedyext.20260222_000855.txt

4 6 39 42 49 52 232 236 270 298 314 330 372 375 404 436 446 469 509
Iter#15008124 New set #7000 of size 19 (2144.0 its/hit = 0.020s/hit): seed=5789445193197307565 [4, 6, 39, 42, 49, 52, 232, 236, 270, 298, 314, 330, 372, 375, 404, 436, 446, 469, 509]
logs_monomial/n9_monomial3.txt.bz2.greedyext.20260222_000855.txt

94 112 116 158 160 207 250 255 260 294 320 334 336 361 376 383 436 471 477
Iter#179770 New set #80 of size 19 (2247.1 its/hit = 0.013s/hit): seed=12276727774440473901 [94, 112, 116, 158, 160, 207, 250, 255, 260, 294, 320, 334, 336, 361, 376, 383, 436, 471, 477]
logs_monomial/n9_monomial3.txt.bz2.greedyext.20260220_210834.txt

54 80 100 125 200 231 248 262 271 298 358 375 381 402 436 452 470 492 502
Iter#4331559 New set #2000 of size 19 (2165.8 its/hit = 0.023s/hit): seed=2684748880205757214 [54, 80, 100, 125, 200, 231, 248, 262, 271, 298, 358, 375, 381, 402, 436, 452, 470, 492, 502]
logs_monomial/n9_monomial3.txt.bz2.greedyext.20260223_083632.txt

4 17 77 78 84 119 121 152 160 224 232 237 283 298 325 377 390 409 504
Iter#1518756 New set #700 of size 19 (2169.7 its/hit = 0.020s/hit): seed=4866206053423552171 [4, 17, 77, 78, 84, 119, 121, 152, 160, 224, 232, 237, 283, 298, 325, 377, 390, 409, 504]
logs_monomial/n9_monomial3.txt.bz2.greedyext.20260220_210834.txt

28 54 74 122 125 151 195 255 269 322 359 366 386 403 405 445 467 486 506
Iter#407710 New set #200 of size 19 (2038.6 its/hit = 0.020s/hit): seed=3346707897815782771 [28, 54, 74, 122, 125, 151, 195, 255, 269, 322, 359, 366, 386, 403, 405, 445, 467, 486, 506]
logs_monomial/n9_monomial3.txt.bz2.greedyext.20260223_083631.txt

2 4 8 79 145 178 185 229 294 311 329 349 375 377 386 419 445 448 507
Iter#8517716 New set #4000 of size 19 (2129.4 its/hit = 0.020s/hit): seed=14681992593569815255 [2, 4, 8, 79, 145, 178, 185, 229, 294, 311, 329, 349, 375, 377, 386, 419, 445, 448, 507]
logs_monomial/n9_monomial3.txt.bz2.greedyext.20260220_210834.txt

6 12 31 41 65 101 142 147 210 219 242 266 274 285 287 329 425 431 435
Iter#91441 New set #50 of size 19 (1828.8 its/hit = 0.000s/hit): seed=14998632739330985160 [6, 12, 31, 41, 65, 101, 142, 147, 210, 219, 242, 266, 274, 285, 287, 329, 425, 431, 435]
logs_monomial/n9_monomial3.txt.bz2.greedyext.20260223_083631.txt

10 19 55 64 153 168 174 230 234 239 252 264 271 338 342 345 369 396 403
Iter#134273 New set #60 of size 19 (2237.9 its/hit = 0.017s/hit): seed=6758886466854957828 [10, 19, 55, 64, 153, 168, 174, 230, 234, 239, 252, 264, 271, 338, 342, 345, 369, 396, 403]
logs_monomial/n9_monomial3.txt.bz2.greedyext.20260220_210834.txt

31 87 125 138 157 180 195 241 251 273 278 332 379 383 416 452 469 474 500
Iter#15081038 New set #7000 of size 19 (2154.4 its/hit = 0.020s/hit): seed=1343170570174658273 [31, 87, 125, 138, 157, 180, 195, 241, 251, 273, 278, 332, 379, 383, 416, 452, 469, 474, 500]
logs_monomial/n9_monomial3.txt.bz2.greedyext.20260220_210834.txt

14 64 83 85 90 123 124 168 169 173 193 234 247 260 285 318 328 440 479
Iter#10430 New set #5 of size 19 (2086.0 its/hit = 0.000s/hit): seed=3914842906805136056 [14, 64, 83, 85, 90, 123, 124, 168, 169, 173, 193, 234, 247, 260, 285, 318, 328, 440, 479]
logs_monomial/n9_monomial3.txt.bz2.greedyext.20260220_210834.txt

9 19 44 47 154 155 172 211 218 258 286 311 313 325 348 366 418 422 502
Iter#15299589 New set #7000 of size 19 (2185.7 its/hit = 0.024s/hit): seed=8833340168641775475 [9, 19, 44, 47, 154, 155, 172, 211, 218, 258, 286, 311, 313, 325, 348, 366, 418, 422, 502]
logs_monomial/n9_monomial3.txt.bz2.greedyext.20260223_083632.txt

31 34 55 56 83 89 149 199 235 242 246 287 314 316 346 384 448 468 476
Iter#9508 New set #1 of size 19 (9508.0 its/hit = 0.000s/hit): seed=10131965993179594874 [31, 34, 55, 56, 83, 89, 149, 199, 235, 242, 246, 287, 314, 316, 346, 384, 448, 468, 476]
logs_monomial/n9_monomial3.txt.bz2.greedyext.20260222_000855.txt

26 70 132 147 162 211 212 236 237 276 297 327 356 392 397 400 445 489 501
Iter#17822 New set #8 of size 19 (2227.8 its/hit = 0.000s/hit): seed=10525777751672562371 [26, 70, 132, 147, 162, 211, 212, 236, 237, 276, 297, 327, 356, 392, 397, 400, 445, 489, 501]
logs_monomial/n9_monomial3.txt.bz2.greedyext.20260223_083633.txt

17 18 19 77 82 86 95 144 149 158 184 196 225 235 298 331 389 402 432
Iter#865657 New set #400 of size 19 (2164.1 its/hit = 0.020s/hit): seed=15906322217742881686 [17, 18, 19, 77, 82, 86, 95, 144, 149, 158, 184, 196, 225, 235, 298, 331, 389, 402, 432]
logs_monomial/n9_monomial3.txt.bz2.greedyext.20260223_083633.txt

14 51 67 106 132 180 183 197 260 271 273 283 305 377 391 431 457 475 484
Iter#13671 New set #7 of size 19 (1953.0 its/hit = 0.000s/hit): seed=18408891531394705166 [14, 51, 67, 106, 132, 180, 183, 197, 260, 271, 273, 283, 305, 377, 391, 431, 457, 475, 484]
logs_monomial/n9_monomial3.txt.bz2.greedyext.20260223_083633.txt

0 5 61 77 100 121 152 168 194 233 245 341 379 387 420 447 458 501 508
Iter#4371037 New set #2000 of size 19 (2185.5 its/hit = 0.021s/hit): seed=8128725531819494182 [0, 5, 61, 77, 100, 121, 152, 168, 194, 233, 245, 341, 379, 387, 420, 447, 458, 501, 508]
logs_monomial/n9_monomial3.txt.bz2.greedyext.20260223_083633.txt

106 133 134 169 183 202 236 264 273 294 299 346 348 418 453 465 468 470 497
Iter#162160 New set #70 of size 19 (2316.6 its/hit = 0.014s/hit): seed=4402458528985915059 [106, 133, 134, 169, 183, 202, 236, 264, 273, 294, 299, 346, 348, 418, 453, 465, 468, 470, 497]
logs_monomial/n9_monomial3.txt.bz2.greedyext.20260222_000855.txt

0 1 44 52 104 139 141 275 284 337 360 371 376 384 393 405 433 435 490
Iter#141070 New set #60 of size 19 (2351.2 its/hit = 0.017s/hit): seed=4993371784215989625 [0, 1, 44, 52, 104, 139, 141, 275, 284, 337, 360, 371, 376, 384, 393, 405, 433, 435, 490]
logs_monomial/n9_monomial3.txt.bz2.greedyext.20260223_083632.txt

26 48 49 84 98 168 173 176 206 231 244 331 337 343 422 432 475 476 499
Iter#216704294 New set #100000 of size 19 (2167.0 its/hit = 0.020s/hit): seed=6040832471893700002 [26, 48, 49, 84, 98, 168, 173, 176, 206, 231, 244, 331, 337, 343, 422, 432, 475, 476, 499]
logs_monomial/n9_monomial3.txt.bz2.greedyext.20260222_000855.txt

14 42 82 94 111 120 142 181 189 200 214 272 297 321 324 345 455 472 496
Iter#8753 New set #4 of size 19 (2188.2 its/hit = 0.000s/hit): seed=7989454341919487813 [14, 42, 82, 94, 111, 120, 142, 181, 189, 200, 214, 272, 297, 321, 324, 345, 455, 472, 496]
logs_monomial/n9_monomial3.txt.bz2.greedyext.20260220_210834.txt

8 46 74 80 111 146 196 258 266 269 290 302 307 383 437 464 470 475 486
Iter#21553520 New set #10000 of size 19 (2155.4 its/hit = 0.022s/hit): seed=12115116605834151524 [8, 46, 74, 80, 111, 146, 196, 258, 266, 269, 290, 302, 307, 383, 437, 464, 470, 475, 486]
logs_monomial/n9_monomial3.txt.bz2.greedyext.20260223_083633.txt

26 35 44 57 93 171 192 201 214 222 248 250 254 309 333 419 442 467 504
Iter#38491 New set #9 of size 19 (4276.8 its/hit = 0.000s/hit): seed=17944020897188949679 [26, 35, 44, 57, 93, 171, 192, 201, 214, 222, 248, 250, 254, 309, 333, 419, 442, 467, 504]
logs_monomial/n9_monomial3.txt.bz2.greedyext.20260222_000855.txt

19 46 51 72 94 165 166 168 177 210 233 257 259 264 265 331 361 429 449
Iter#17295637 New set #8000 of size 19 (2162.0 its/hit = 0.020s/hit): seed=3696189212341703750 [19, 46, 51, 72, 94, 165, 166, 168, 177, 210, 233, 257, 259, 264, 265, 331, 361, 429, 449]
logs_monomial/n9_monomial3.txt.bz2.greedyext.20260222_000855.txt

15 78 107 130 172 175 226 231 245 253 281 290 319 359 393 407 408 439 443
Iter#6395925 New set #3000 of size 19 (2132.0 its/hit = 0.019s/hit): seed=7743713212954647000 [15, 78, 107, 130, 172, 175, 226, 231, 245, 253, 281, 290, 319, 359, 393, 407, 408, 439, 443]
logs_monomial/n9_monomial3.txt.bz2.greedyext.20260222_000855.txt

1 15 46 55 81 83 123 150 205 214 237 275 276 298 385 396 415 453 481
Iter#3851 New set #3 of size 19 (1283.7 its/hit = 0.000s/hit): seed=6377472430083378452 [1, 15, 46, 55, 81, 83, 123, 150, 205, 214, 237, 275, 276, 298, 385, 396, 415, 453, 481]
logs_monomial/n9_monomial3.txt.bz2.greedyext.20260223_083631.txt

13 14 34 67 87 167 222 239 247 330 333 339 343 396 407 411 447 472 504
Iter#4548 New set #1 of size 19 (4548.0 its/hit = 0.000s/hit): seed=11849927843268425209 [13, 14, 34, 67, 87, 167, 222, 239, 247, 330, 333, 339, 343, 396, 407, 411, 447, 472, 504]
logs_monomial/n9_monomial3.txt.bz2.greedyext.20260223_083632.txt

0 13 60 131 150 189 210 259 339 340 342 355 369 375 400 401 418 426 459
Iter#13171379 New set #6000 of size 19 (2195.2 its/hit = 0.021s/hit): seed=411914423257820118 [0, 13, 60, 131, 150, 189, 210, 259, 339, 340, 342, 355, 369, 375, 400, 401, 418, 426, 459]
logs_monomial/n9_monomial3.txt.bz2.greedyext.20260223_083631.txt

12 22 48 76 123 127 130 149 219 228 293 337 448 468 481 494 496 504 510
Iter#23133 New set #8 of size 19 (2891.6 its/hit = 0.000s/hit): seed=483916184904009341 [12, 22, 48, 76, 123, 127, 130, 149, 219, 228, 293, 337, 448, 468, 481, 494, 496, 504, 510]
logs_monomial/n9_monomial3.txt.bz2.greedyext.20260220_210834.txt

6 28 35 41 203 253 257 262 295 329 340 401 429 440 456 467 474 475 497
Iter#8162 New set #4 of size 19 (2040.5 its/hit = 0.000s/hit): seed=6935723212548350759 [6, 28, 35, 41, 203, 253, 257, 262, 295, 329, 340, 401, 429, 440, 456, 467, 474, 475, 497]
logs_monomial/n9_monomial3.txt.bz2.greedyext.20260223_083633.txt

4 22 35 47 48 92 143 150 155 171 204 217 246 256 293 318 357 434 499
Iter#896664 New set #400 of size 19 (2241.7 its/hit = 0.020s/hit): seed=14679477926212440194 [4, 22, 35, 47, 48, 92, 143, 150, 155, 171, 204, 217, 246, 256, 293, 318, 357, 434, 499]
logs_monomial/n9_monomial3.txt.bz2.greedyext.20260223_083632.txt

36 69 94 152 161 168 170 242 291 327 341 344 354 376 393 408 458 461 481
Iter#37697 New set #20 of size 19 (1884.8 its/hit = 0.000s/hit): seed=17036366142970858847 [36, 69, 94, 152, 161, 168, 170, 242, 291, 327, 341, 344, 354, 376, 393, 408, 458, 461, 481]
logs_monomial/n9_monomial3.txt.bz2.greedyext.20260223_083631.txt

11 28 63 100 141 146 175 182 242 252 254 257 294 295 303 358 371 477 497
Iter#18138 New set #7 of size 19 (2591.1 its/hit = 0.000s/hit): seed=6945590495278723378 [11, 28, 63, 100, 141, 146, 175, 182, 242, 252, 254, 257, 294, 295, 303, 358, 371, 477, 497]
logs_monomial/n9_monomial3.txt.bz2.greedyext.20260220_210834.txt

27 28 96 168 207 213 219 232 238 240 283 376 408 420 437 439 486 490 509
Iter#44633 New set #20 of size 19 (2231.6 its/hit = 0.000s/hit): seed=4353888240431651675 [27, 28, 96, 168, 207, 213, 219, 232, 238, 240, 283, 376, 408, 420, 437, 439, 486, 490, 509]
logs_monomial/n9_monomial3.txt.bz2.greedyext.20260223_083633.txt

37 129 162 190 215 230 249 253 255 302 337 354 357 363 412 421 426 448 478
Iter#8821101 New set #4000 of size 19 (2205.3 its/hit = 0.021s/hit): seed=7756451032949931828 [37, 129, 162, 190, 215, 230, 249, 253, 255, 302, 337, 354, 357, 363, 412, 421, 426, 448, 478]
logs_monomial/n9_monomial3.txt.bz2.greedyext.20260223_083631.txt

43 45 49 66 74 93 95 107 157 164 178 227 298 301 377 391 397 409 462
Iter#146418 New set #70 of size 19 (2091.7 its/hit = 0.014s/hit): seed=11643309594700854959 [43, 45, 49, 66, 74, 93, 95, 107, 157, 164, 178, 227, 298, 301, 377, 391, 397, 409, 462]
logs_monomial/n9_monomial3.txt.bz2.greedyext.20260223_083633.txt

46 138 164 167 174 175 219 220 226 257 268 338 350 360 366 399 406 449 463
Iter#7141 New set #3 of size 19 (2380.3 its/hit = 0.000s/hit): seed=17341219127311288379 [46, 138, 164, 167, 174, 175, 219, 220, 226, 257, 268, 338, 350, 360, 366, 399, 406, 449, 463]
logs_monomial/n9_monomial3.txt.bz2.greedyext.20260223_083633.txt

40 54 66 117 153 154 163 171 177 179 186 205 210 233 256 303 336 473 477
Iter#1929372 New set #900 of size 19 (2143.7 its/hit = 0.019s/hit): seed=3521797569130420955 [40, 54, 66, 117, 153, 154, 163, 171, 177, 179, 186, 205, 210, 233, 256, 303, 336, 473, 477]
logs_monomial/n9_monomial3.txt.bz2.greedyext.20260222_000855.txt

4 19 23 55 85 96 133 140 143 217 240 275 313 320 327 328 350 368 494
Iter#1122364 New set #500 of size 19 (2244.7 its/hit = 0.020s/hit): seed=16966315073946965039 [4, 19, 23, 55, 85, 96, 133, 140, 143, 217, 240, 275, 313, 320, 327, 328, 350, 368, 494]
logs_monomial/n9_monomial3.txt.bz2.greedyext.20260220_210834.txt

1 33 71 80 116 118 132 157 247 256 285 312 344 383 400 403 460 476 503
Iter#206774 New set #90 of size 19 (2297.5 its/hit = 0.011s/hit): seed=11148987466114904868 [1, 33, 71, 80, 116, 118, 132, 157, 247, 256, 285, 312, 344, 383, 400, 403, 460, 476, 503]
logs_monomial/n9_monomial3.txt.bz2.greedyext.20260222_000855.txt

30 78 82 137 171 177 178 189 223 224 255 264 283 295 302 310 360 434 494
Iter#87368150 New set #40000 of size 19 (2184.2 its/hit = 0.020s/hit): seed=1396349128305615926 [30, 78, 82, 137, 171, 177, 178, 189, 223, 224, 255, 264, 283, 295, 302, 310, 360, 434, 494]
logs_monomial/n9_monomial3.txt.bz2.greedyext.20260222_000855.txt

4 43 120 142 163 173 198 248 268 271 284 414 428 446 465 467 487 492 504
Iter#24912 New set #9 of size 19 (2768.0 its/hit = 0.000s/hit): seed=1282886525162449241 [4, 43, 120, 142, 163, 173, 198, 248, 268, 271, 284, 414, 428, 446, 465, 467, 487, 492, 504]
logs_monomial/n9_monomial3.txt.bz2.greedyext.20260223_083632.txt

86 98 126 169 172 196 279 335 355 361 370 374 386 387 400 411 454 465 472
Iter#1471892 New set #700 of size 19 (2102.7 its/hit = 0.019s/hit): seed=2359681757171371518 [86, 98, 126, 169, 172, 196, 279, 335, 355, 361, 370, 374, 386, 387, 400, 411, 454, 465, 472]
logs_monomial/n9_monomial3.txt.bz2.greedyext.20260222_000855.txt

1 3 28 73 89 133 140 150 165 203 245 249 250 338 354 399 401 485 508
Iter#108563569 New set #50000 of size 19 (2171.3 its/hit = 0.020s/hit): seed=1105577866827307387 [1, 3, 28, 73, 89, 133, 140, 150, 165, 203, 245, 249, 250, 338, 354, 399, 401, 485, 508]
logs_monomial/n9_monomial3.txt.bz2.greedyext.20260220_210834.txt

25 119 124 129 156 214 237 264 282 297 302 353 359 431 439 470 471 489 491
Iter#2122519 New set #1000 of size 19 (2122.5 its/hit = 0.019s/hit): seed=17983265557131041018 [25, 119, 124, 129, 156, 214, 237, 264, 282, 297, 302, 353, 359, 431, 439, 470, 471, 489, 491]
logs_monomial/n9_monomial3.txt.bz2.greedyext.20260222_000855.txt

7 43 52 72 84 85 92 99 110 162 243 255 268 297 302 369 375 415 463
Iter#54436 New set #20 of size 19 (2721.8 its/hit = 0.000s/hit): seed=8251202403050522335 [7, 43, 52, 72, 84, 85, 92, 99, 110, 162, 243, 255, 268, 297, 302, 369, 375, 415, 463]
logs_monomial/n9_monomial3.txt.bz2.greedyext.20260222_000855.txt

4 8 10 64 89 100 123 146 201 234 253 263 299 389 400 464 465 473 503
Iter#705600 New set #300 of size 19 (2352.0 its/hit = 0.020s/hit): seed=251371279394973449 [4, 8, 10, 64, 89, 100, 123, 146, 201, 234, 253, 263, 299, 389, 400, 464, 465, 473, 503]
logs_monomial/n9_monomial3.txt.bz2.greedyext.20260223_083632.txt

43 68 85 96 138 171 175 179 199 200 225 243 258 303 321 397 407 432 491
Iter#216491496 New set #100000 of size 19 (2164.9 its/hit = 0.020s/hit): seed=15848659966986607506 [43, 68, 85, 96, 138, 171, 175, 179, 199, 200, 225, 243, 258, 303, 321, 397, 407, 432, 491]
logs_monomial/n9_monomial3.txt.bz2.greedyext.20260220_210834.txt

38 43 59 91 114 133 184 194 195 219 238 270 309 316 347 367 377 445 463
Iter#96178 New set #40 of size 19 (2404.4 its/hit = 0.000s/hit): seed=6036685881925355882 [38, 43, 59, 91, 114, 133, 184, 194, 195, 219, 238, 270, 309, 316, 347, 367, 377, 445, 463]
logs_monomial/n9_monomial3.txt.bz2.greedyext.20260220_210834.txt

17 38 65 87 88 100 162 212 249 291 311 315 332 366 408 429 432 460 464
Iter#25366 New set #5 of size 19 (5073.2 its/hit = 0.000s/hit): seed=12927221715178486238 [17, 38, 65, 87, 88, 100, 162, 212, 249, 291, 311, 315, 332, 366, 408, 429, 432, 460, 464]
logs_monomial/n9_monomial3.txt.bz2.greedyext.20260222_000855.txt

11 33 34 35 51 64 88 100 126 148 182 187 261 286 326 483 484 490 503
Iter#1086619 New set #500 of size 19 (2173.2 its/hit = 0.020s/hit): seed=7536633881485169678 [11, 33, 34, 35, 51, 64, 88, 100, 126, 148, 182, 187, 261, 286, 326, 483, 484, 490, 503]
logs_monomial/n9_monomial3.txt.bz2.greedyext.20260223_083633.txt

30 32 59 70 74 135 145 182 183 215 358 402 415 448 467 472 480 506 508
Iter#1766493 New set #800 of size 19 (2208.1 its/hit = 0.020s/hit): seed=1230220462149941270 [30, 32, 59, 70, 74, 135, 145, 182, 183, 215, 358, 402, 415, 448, 467, 472, 480, 506, 508]
logs_monomial/n9_monomial3.txt.bz2.greedyext.20260223_083632.txt

3 6 10 40 91 118 123 179 187 243 261 304 307 391 417 442 480 495 497
Iter#10860 New set #2 of size 19 (5430.0 its/hit = 0.000s/hit): seed=2723227520834111732 [3, 6, 10, 40, 91, 118, 123, 179, 187, 243, 261, 304, 307, 391, 417, 442, 480, 495, 497]
logs_monomial/n9_monomial3.txt.bz2.greedyext.20260222_000855.txt

3 54 75 78 120 128 149 225 256 264 267 268 288 336 351 356 408 477 484
Iter#659572 New set #300 of size 19 (2198.6 its/hit = 0.020s/hit): seed=467109057999049970 [3, 54, 75, 78, 120, 128, 149, 225, 256, 264, 267, 268, 288, 336, 351, 356, 408, 477, 484]
logs_monomial/n9_monomial3.txt.bz2.greedyext.20260220_210834.txt

22 23 86 112 114 126 185 218 228 265 275 291 314 333 424 466 477 491 510
Iter#22004504 New set #10000 of size 19 (2200.5 its/hit = 0.020s/hit): seed=4336269910650585563 [22, 23, 86, 112, 114, 126, 185, 218, 228, 265, 275, 291, 314, 333, 424, 466, 477, 491, 510]
logs_monomial/n9_monomial3.txt.bz2.greedyext.20260222_000855.txt

9 19 25 51 55 80 85 105 114 152 158 307 327 371 406 425 461 481 511
Iter#406707 New set #200 of size 19 (2033.5 its/hit = 0.015s/hit): seed=6898877306058291958 [9, 19, 25, 51, 55, 80, 85, 105, 114, 152, 158, 307, 327, 371, 406, 425, 461, 481, 511]
logs_monomial/n9_monomial3.txt.bz2.greedyext.20260222_000855.txt

32 51 90 97 117 121 137 174 180 193 194 215 253 376 416 423 424 430 464
Iter#20680 New set #7 of size 19 (2954.3 its/hit = 0.000s/hit): seed=2344728756897283315 [32, 51, 90, 97, 117, 121, 137, 174, 180, 193, 194, 215, 253, 376, 416, 423, 424, 430, 464]
logs_monomial/n9_monomial3.txt.bz2.greedyext.20260223_083632.txt

7 39 123 170 230 249 258 274 332 333 345 355 356 383 390 404 420 427 493
Iter#699 New set #1 of size 19 (699.0 its/hit = 0.000s/hit): seed=16524771896317918461 [7, 39, 123, 170, 230, 249, 258, 274, 332, 333, 345, 355, 356, 383, 390, 404, 420, 427, 493]
logs_monomial/n9_monomial3.txt.bz2.greedyext.20260220_210834.txt

4 42 58 64 69 198 202 258 294 324 351 363 377 402 412 415 452 453 495
Iter#620165 New set #300 of size 19 (2067.2 its/hit = 0.020s/hit): seed=3809196641580453494 [4, 42, 58, 64, 69, 198, 202, 258, 294, 324, 351, 363, 377, 402, 412, 415, 452, 453, 495]
logs_monomial/n9_monomial3.txt.bz2.greedyext.20260223_083631.txt

58 81 116 135 137 138 207 219 256 283 295 306 333 336 370 382 452 498 505
Iter#1748279 New set #800 of size 19 (2185.3 its/hit = 0.020s/hit): seed=15059332345869360400 [58, 81, 116, 135, 137, 138, 207, 219, 256, 283, 295, 306, 333, 336, 370, 382, 452, 498, 505]
logs_monomial/n9_monomial3.txt.bz2.greedyext.20260220_210834.txt

18 27 48 52 96 125 135 164 166 178 186 208 332 349 371 384 400 432 503
Iter#19716826 New set #9000 of size 19 (2190.8 its/hit = 0.024s/hit): seed=7334521595064645924 [18, 27, 48, 52, 96, 125, 135, 164, 166, 178, 186, 208, 332, 349, 371, 384, 400, 432, 503]
logs_monomial/n9_monomial3.txt.bz2.greedyext.20260223_083632.txt

82 91 122 141 146 174 183 185 188 189 195 279 280 376 425 436 441 453 492
Iter#15078732 New set #7000 of size 19 (2154.1 its/hit = 0.022s/hit): seed=18107478410667490248 [82, 91, 122, 141, 146, 174, 183, 185, 188, 189, 195, 279, 280, 376, 425, 436, 441, 453, 492]
logs_monomial/n9_monomial3.txt.bz2.greedyext.20260223_083633.txt

3 62 79 116 121 146 198 249 250 254 278 282 284 319 326 333 344 354 501
Iter#9193 New set #5 of size 19 (1838.6 its/hit = 0.000s/hit): seed=17323296988308897829 [3, 62, 79, 116, 121, 146, 198, 249, 250, 254, 278, 282, 284, 319, 326, 333, 344, 354, 501]
logs_monomial/n9_monomial3.txt.bz2.greedyext.20260223_083633.txt

12 22 50 68 117 152 161 191 199 200 228 240 344 395 413 416 455 479 489
Iter#245244 New set #100 of size 19 (2452.4 its/hit = 0.020s/hit): seed=14928984607965943718 [12, 22, 50, 68, 117, 152, 161, 191, 199, 200, 228, 240, 344, 395, 413, 416, 455, 479, 489]
logs_monomial/n9_monomial3.txt.bz2.greedyext.20260223_083632.txt

80 90 91 123 147 180 194 215 232 244 297 307 356 393 434 467 482 493 501
Iter#729 New set #1 of size 19 (729.0 its/hit = 0.000s/hit): seed=5911967435216952424 [80, 90, 91, 123, 147, 180, 194, 215, 232, 244, 297, 307, 356, 393, 434, 467, 482, 493, 501]
logs_monomial/n9_monomial3.txt.bz2.greedyext.20260223_083633.txt

47 54 95 116 185 193 295 325 332 338 346 370 372 374 406 416 431 437 465
Iter#12984475 New set #6000 of size 19 (2164.1 its/hit = 0.022s/hit): seed=3852175790615515805 [47, 54, 95, 116, 185, 193, 295, 325, 332, 338, 346, 370, 372, 374, 406, 416, 431, 437, 465]
logs_monomial/n9_monomial3.txt.bz2.greedyext.20260223_083633.txt

62 105 147 164 177 188 192 219 258 260 261 278 310 335 336 416 450 468 489
Iter#1986637 New set #900 of size 19 (2207.4 its/hit = 0.021s/hit): seed=14374576968766632684 [62, 105, 147, 164, 177, 188, 192, 219, 258, 260, 261, 278, 310, 335, 336, 416, 450, 468, 489]
logs_monomial/n9_monomial3.txt.bz2.greedyext.20260223_083633.txt

2 73 88 196 216 230 256 265 283 308 337 341 373 413 432 438 444 462 468
Iter#457771 New set #200 of size 19 (2288.9 its/hit = 0.020s/hit): seed=2230658811348121584 [2, 73, 88, 196, 216, 230, 256, 265, 283, 308, 337, 341, 373, 413, 432, 438, 444, 462, 468]
logs_monomial/n9_monomial3.txt.bz2.greedyext.20260223_083633.txt

51 65 117 193 213 252 300 304 307 351 393 409 411 419 427 437 462 468 505
Iter#2246567 New set #1000 of size 19 (2246.6 its/hit = 0.020s/hit): seed=18251574511470135611 [51, 65, 117, 193, 213, 252, 300, 304, 307, 351, 393, 409, 411, 419, 427, 437, 462, 468, 505]
logs_monomial/n9_monomial3.txt.bz2.greedyext.20260220_210834.txt

9 36 78 120 138 158 175 195 276 283 353 356 371 393 394 410 426 472 500
Iter#39267 New set #10 of size 19 (3926.7 its/hit = 0.000s/hit): seed=17821103695069300378 [9, 36, 78, 120, 138, 158, 175, 195, 276, 283, 353, 356, 371, 393, 394, 410, 426, 472, 500]
logs_monomial/n9_monomial3.txt.bz2.greedyext.20260222_000855.txt

6 48 69 74 78 82 83 91 99 134 165 191 245 255 257 271 368 381 489
Iter#622119 New set #300 of size 19 (2073.7 its/hit = 0.017s/hit): seed=7410685740464517679 [6, 48, 69, 74, 78, 82, 83, 91, 99, 134, 165, 191, 245, 255, 257, 271, 368, 381, 489]
logs_monomial/n9_monomial3.txt.bz2.greedyext.20260222_000855.txt

104 139 191 196 197 201 206 233 236 268 277 284 373 391 422 444 451 460 506
Iter#21910798 New set #10000 of size 19 (2191.1 its/hit = 0.022s/hit): seed=10929097042857111148 [104, 139, 191, 196, 197, 201, 206, 233, 236, 268, 277, 284, 373, 391, 422, 444, 451, 460, 506]
logs_monomial/n9_monomial3.txt.bz2.greedyext.20260223_083631.txt

1 46 61 79 84 120 159 183 188 208 224 239 241 283 339 359 405 478 503
Iter#1267947 New set #600 of size 19 (2113.2 its/hit = 0.018s/hit): seed=11877774657437358435 [1, 46, 61, 79, 84, 120, 159, 183, 188, 208, 224, 239, 241, 283, 339, 359, 405, 478, 503]
logs_monomial/n9_monomial3.txt.bz2.greedyext.20260222_000855.txt

42 56 144 148 176 189 201 220 242 284 323 328 363 369 440 447 471 489 501
Iter#659133 New set #300 of size 19 (2197.1 its/hit = 0.020s/hit): seed=4601602608393586113 [42, 56, 144, 148, 176, 189, 201, 220, 242, 284, 323, 328, 363, 369, 440, 447, 471, 489, 501]
logs_monomial/n9_monomial3.txt.bz2.greedyext.20260223_083633.txt

64 85 107 115 143 179 189 239 249 269 295 313 376 396 399 408 431 448 501
Iter#14335 New set #8 of size 19 (1791.9 its/hit = 0.000s/hit): seed=5141368568127881598 [64, 85, 107, 115, 143, 179, 189, 239, 249, 269, 295, 313, 376, 396, 399, 408, 431, 448, 501]
logs_monomial/n9_monomial3.txt.bz2.greedyext.20260223_083631.txt

13 24 33 42 82 131 155 159 163 165 195 206 230 311 342 444 451 464 498
Iter#2248425 New set #1000 of size 19 (2248.4 its/hit = 0.021s/hit): seed=1109101933157528033 [13, 24, 33, 42, 82, 131, 155, 159, 163, 165, 195, 206, 230, 311, 342, 444, 451, 464, 498]
logs_monomial/n9_monomial3.txt.bz2.greedyext.20260223_083631.txt

18 27 63 81 85 105 106 133 136 164 184 258 290 308 323 338 393 422 454
Iter#1991376 New set #900 of size 19 (2212.6 its/hit = 0.020s/hit): seed=3810887267645974811 [18, 27, 63, 81, 85, 105, 106, 133, 136, 164, 184, 258, 290, 308, 323, 338, 393, 422, 454]
logs_monomial/n9_monomial3.txt.bz2.greedyext.20260220_210834.txt

8 16 45 49 57 99 125 173 242 251 316 339 344 351 407 468 480 481 495
Iter#195081525 New set #90000 of size 19 (2167.6 its/hit = 0.020s/hit): seed=13338496032654433058 [8, 16, 45, 49, 57, 99, 125, 173, 242, 251, 316, 339, 344, 351, 407, 468, 480, 481, 495]
logs_monomial/n9_monomial3.txt.bz2.greedyext.20260222_000855.txt

32 64 103 111 135 144 148 163 173 181 194 247 254 267 274 304 338 382 502
Iter#6477 New set #4 of size 19 (1619.2 its/hit = 0.000s/hit): seed=6899856220781330962 [32, 64, 103, 111, 135, 144, 148, 163, 173, 181, 194, 247, 254, 267, 274, 304, 338, 382, 502]
logs_monomial/n9_monomial3.txt.bz2.greedyext.20260223_083631.txt

14 38 59 70 90 161 173 181 218 248 308 322 367 391 432 449 462 471 498
Iter#208935 New set #100 of size 19 (2089.4 its/hit = 0.020s/hit): seed=9974699523066197602 [14, 38, 59, 70, 90, 161, 173, 181, 218, 248, 308, 322, 367, 391, 432, 449, 462, 471, 498]
logs_monomial/n9_monomial3.txt.bz2.greedyext.20260223_083631.txt

52 63 70 112 124 196 245 255 312 314 362 365 389 390 400 414 419 486 501
Iter#108053 New set #50 of size 19 (2161.1 its/hit = 0.020s/hit): seed=2626555919975997227 [52, 63, 70, 112, 124, 196, 245, 255, 312, 314, 362, 365, 389, 390, 400, 414, 419, 486, 501]
logs_monomial/n9_monomial3.txt.bz2.greedyext.20260220_210834.txt

9 29 43 60 78 103 121 144 163 242 324 327 351 354 363 379 403 408 492
Iter#1539435 New set #700 of size 19 (2199.2 its/hit = 0.020s/hit): seed=6286527046700048149 [9, 29, 43, 60, 78, 103, 121, 144, 163, 242, 324, 327, 351, 354, 363, 379, 403, 408, 492]
logs_monomial/n9_monomial3.txt.bz2.greedyext.20260223_083632.txt

38 60 75 82 98 132 174 194 206 272 291 297 301 316 341 352 353 398 419
Iter#19388555 New set #9000 of size 19 (2154.3 its/hit = 0.022s/hit): seed=6446432389484439245 [38, 60, 75, 82, 98, 132, 174, 194, 206, 272, 291, 297, 301, 316, 341, 352, 353, 398, 419]
logs_monomial/n9_monomial3.txt.bz2.greedyext.20260223_083633.txt

14 25 48 71 117 127 155 211 249 292 320 337 350 368 402 405 456 507 511
Iter#10753547 New set #5000 of size 19 (2150.7 its/hit = 0.020s/hit): seed=11559320751407203775 [14, 25, 48, 71, 117, 127, 155, 211, 249, 292, 320, 337, 350, 368, 402, 405, 456, 507, 511]
logs_monomial/n9_monomial3.txt.bz2.greedyext.20260222_000855.txt

46 59 69 101 151 169 173 195 222 234 240 288 312 368 391 420 428 432 449
Iter#169556 New set #70 of size 19 (2422.2 its/hit = 0.014s/hit): seed=10283593676929137732 [46, 59, 69, 101, 151, 169, 173, 195, 222, 234, 240, 288, 312, 368, 391, 420, 428, 432, 449]
logs_monomial/n9_monomial3.txt.bz2.greedyext.20260223_083632.txt

0 42 47 77 146 147 148 160 230 235 250 277 299 312 328 456 466 472 489
Iter#13007560 New set #6000 of size 19 (2167.9 its/hit = 0.024s/hit): seed=15771738666422849919 [0, 42, 47, 77, 146, 147, 148, 160, 230, 235, 250, 277, 299, 312, 328, 456, 466, 472, 489]
logs_monomial/n9_monomial3.txt.bz2.greedyext.20260223_083632.txt

8 28 46 49 98 160 214 225 249 253 285 297 311 345 404 418 435 475 499
Iter#25906 New set #6 of size 19 (4317.7 its/hit = 0.000s/hit): seed=15291557154303061285 [8, 28, 46, 49, 98, 160, 214, 225, 249, 253, 285, 297, 311, 345, 404, 418, 435, 475, 499]
logs_monomial/n9_monomial3.txt.bz2.greedyext.20260222_000855.txt

55 61 72 94 120 122 206 220 231 242 336 402 403 410 427 428 440 451 480
Iter#156241 New set #70 of size 19 (2232.0 its/hit = 0.014s/hit): seed=9900558579167247843 [55, 61, 72, 94, 120, 122, 206, 220, 231, 242, 336, 402, 403, 410, 427, 428, 440, 451, 480]
logs_monomial/n9_monomial3.txt.bz2.greedyext.20260220_210834.txt

88 98 199 200 222 240 246 265 269 298 310 315 362 365 370 382 460 461 488
Iter#12943443 New set #6000 of size 19 (2157.2 its/hit = 0.020s/hit): seed=3449015241818465252 [88, 98, 199, 200, 222, 240, 246, 265, 269, 298, 310, 315, 362, 365, 370, 382, 460, 461, 488]
logs_monomial/n9_monomial3.txt.bz2.greedyext.20260220_210834.txt

27 73 88 94 153 163 194 244 254 302 314 325 342 414 425 430 448 478 480
Iter#648547721 New set #300000 of size 19 (2161.8 its/hit = 0.020s/hit): seed=432533678115789560 [27, 73, 88, 94, 153, 163, 194, 244, 254, 302, 314, 325, 342, 414, 425, 430, 448, 478, 480]
logs_monomial/n9_monomial3.txt.bz2.greedyext.20260222_000855.txt

26 40 45 92 133 151 155 176 177 199 201 336 353 355 363 414 435 479 485
Iter#4558 New set #2 of size 19 (2279.0 its/hit = 0.000s/hit): seed=13109329704251919841 [26, 40, 45, 92, 133, 151, 155, 176, 177, 199, 201, 336, 353, 355, 363, 414, 435, 479, 485]
logs_monomial/n9_monomial3.txt.bz2.greedyext.20260223_083632.txt

8 15 31 34 39 41 42 78 90 105 215 280 294 326 362 403 426 439 456
Iter#91295 New set #40 of size 19 (2282.4 its/hit = 0.000s/hit): seed=16681953139187686180 [8, 15, 31, 34, 39, 41, 42, 78, 90, 105, 215, 280, 294, 326, 362, 403, 426, 439, 456]
logs_monomial/n9_monomial3.txt.bz2.greedyext.20260223_083632.txt

16 73 161 179 212 245 270 313 338 351 364 396 435 448 460 462 480 489 506
Iter#432771617 New set #200000 of size 19 (2163.9 its/hit = 0.020s/hit): seed=14021765706261814366 [16, 73, 161, 179, 212, 245, 270, 313, 338, 351, 364, 396, 435, 448, 460, 462, 480, 489, 506]
logs_monomial/n9_monomial3.txt.bz2.greedyext.20260222_000855.txt

13 44 106 120 144 201 277 279 281 291 304 313 341 362 390 395 437 471 480
Iter#8688545 New set #4000 of size 19 (2172.1 its/hit = 0.021s/hit): seed=10576275468491926728 [13, 44, 106, 120, 144, 201, 277, 279, 281, 291, 304, 313, 341, 362, 390, 395, 437, 471, 480]
logs_monomial/n9_monomial3.txt.bz2.greedyext.20260223_083633.txt

6 28 52 95 124 152 178 198 221 262 290 315 327 330 364 369 372 402 497
Iter#52164 New set #30 of size 19 (1738.8 its/hit = 0.000s/hit): seed=12689809114074585598 [6, 28, 52, 95, 124, 152, 178, 198, 221, 262, 290, 315, 327, 330, 364, 369, 372, 402, 497]
logs_monomial/n9_monomial3.txt.bz2.greedyext.20260223_083631.txt

11 25 115 137 222 242 252 265 379 387 393 404 423 446 463 474 475 490 494
Iter#30564 New set #10 of size 19 (3056.4 its/hit = 0.000s/hit): seed=1459323400496961392 [11, 25, 115, 137, 222, 242, 252, 265, 379, 387, 393, 404, 423, 446, 463, 474, 475, 490, 494]
logs_monomial/n9_monomial3.txt.bz2.greedyext.20260223_083632.txt

74 119 124 142 149 169 188 195 222 240 252 260 263 265 321 341 436 479 506
Iter#44723 New set #20 of size 19 (2236.1 its/hit = 0.000s/hit): seed=8562116881841473929 [74, 119, 124, 142, 149, 169, 188, 195, 222, 240, 252, 260, 263, 265, 321, 341, 436, 479, 506]
logs_monomial/n9_monomial3.txt.bz2.greedyext.20260220_210834.txt

15 43 73 82 102 116 145 146 159 200 201 226 265 295 311 328 333 455 459
Iter#68563 New set #30 of size 19 (2285.4 its/hit = 0.000s/hit): seed=7661109913032733641 [15, 43, 73, 82, 102, 116, 145, 146, 159, 200, 201, 226, 265, 295, 311, 328, 333, 455, 459]
logs_monomial/n9_monomial3.txt.bz2.greedyext.20260223_083632.txt

6 59 77 119 132 199 206 283 284 295 313 320 326 359 383 470 476 482 498
Iter#1977788 New set #900 of size 19 (2197.5 its/hit = 0.020s/hit): seed=7181586431510574928 [6, 59, 77, 119, 132, 199, 206, 283, 284, 295, 313, 320, 326, 359, 383, 470, 476, 482, 498]
logs_monomial/n9_monomial3.txt.bz2.greedyext.20260223_083632.txt

11 30 112 118 130 134 139 183 195 215 225 233 335 363 416 427 430 466 489
Iter#229317 New set #100 of size 19 (2293.2 its/hit = 0.020s/hit): seed=14564868253557120651 [11, 30, 112, 118, 130, 134, 139, 183, 195, 215, 225, 233, 335, 363, 416, 427, 430, 466, 489]
logs_monomial/n9_monomial3.txt.bz2.greedyext.20260223_083633.txt

25 88 124 129 186 232 265 290 321 339 393 403 406 412 436 472 481 495 498
Iter#23290 New set #4 of size 19 (5822.5 its/hit = 0.000s/hit): seed=14268366113003577620 [25, 88, 124, 129, 186, 232, 265, 290, 321, 339, 393, 403, 406, 412, 436, 472, 481, 495, 498]
logs_monomial/n9_monomial3.txt.bz2.greedyext.20260222_000855.txt

10 15 56 126 146 147 167 181 185 229 235 321 323 329 370 401 444 455 509
Iter#821669 New set #400 of size 19 (2054.2 its/hit = 0.020s/hit): seed=6188652433455545645 [10, 15, 56, 126, 146, 147, 167, 181, 185, 229, 235, 321, 323, 329, 370, 401, 444, 455, 509]
logs_monomial/n9_monomial3.txt.bz2.greedyext.20260223_083631.txt

7 16 20 52 86 99 134 140 143 218 243 272 314 323 324 331 349 371 493
Iter#2230599 New set #1000 of size 19 (2230.6 its/hit = 0.021s/hit): seed=12936487198520805953 [7, 16, 20, 52, 86, 99, 134, 140, 143, 218, 243, 272, 314, 323, 324, 331, 349, 371, 493]
logs_monomial/n9_monomial3.txt.bz2.greedyext.20260223_083633.txt

5 8 10 19 91 153 180 186 193 257 269 301 314 318 332 366 387 438 474
Iter#8687 New set #3 of size 19 (2895.7 its/hit = 0.000s/hit): seed=16774496089481349360 [5, 8, 10, 19, 91, 153, 180, 186, 193, 257, 269, 301, 314, 318, 332, 366, 387, 438, 474]
logs_monomial/n9_monomial3.txt.bz2.greedyext.20260223_083632.txt

14 16 20 118 130 141 157 166 173 216 217 277 339 349 385 407 429 446 493
Iter#108819435 New set #50000 of size 19 (2176.4 its/hit = 0.020s/hit): seed=4569654032868264096 [14, 16, 20, 118, 130, 141, 157, 166, 173, 216, 217, 277, 339, 349, 385, 407, 429, 446, 493]
logs_monomial/n9_monomial3.txt.bz2.greedyext.20260222_000855.txt

9 27 58 61 114 116 164 188 196 197 248 250 266 356 367 399 402 453 510
Iter#991 New set #2 of size 19 (495.5 its/hit = 0.000s/hit): seed=1725160576741697100 [9, 27, 58, 61, 114, 116, 164, 188, 196, 197, 248, 250, 266, 356, 367, 399, 402, 453, 510]
logs_monomial/n9_monomial3.txt.bz2.greedyext.20260220_210834.txt

4 30 87 130 150 153 190 232 234 251 262 269 330 332 370 403 413 430 475
Iter#1325825 New set #600 of size 19 (2209.7 its/hit = 0.020s/hit): seed=7363073379786743354 [4, 30, 87, 130, 150, 153, 190, 232, 234, 251, 262, 269, 330, 332, 370, 403, 413, 430, 475]
logs_monomial/n9_monomial3.txt.bz2.greedyext.20260223_083632.txt

10 33 102 155 186 255 257 270 277 310 315 319 404 445 453 455 461 468 472
Iter#164075 New set #80 of size 19 (2050.9 its/hit = 0.025s/hit): seed=949087575393676052 [10, 33, 102, 155, 186, 255, 257, 270, 277, 310, 315, 319, 404, 445, 453, 455, 461, 468, 472]
logs_monomial/n9_monomial3.txt.bz2.greedyext.20260223_083633.txt

52 65 93 102 136 189 203 211 220 229 247 314 333 378 397 439 457 459 502
Iter#191403 New set #80 of size 19 (2392.5 its/hit = 0.013s/hit): seed=14569126991391138298 [52, 65, 93, 102, 136, 189, 203, 211, 220, 229, 247, 314, 333, 378, 397, 439, 457, 459, 502]
logs_monomial/n9_monomial3.txt.bz2.greedyext.20260223_083632.txt

55 59 90 101 114 143 158 170 184 207 225 261 272 371 376 405 407 423 499
Iter#10701638 New set #5000 of size 19 (2140.3 its/hit = 0.020s/hit): seed=5125000273642157488 [55, 59, 90, 101, 114, 143, 158, 170, 184, 207, 225, 261, 272, 371, 376, 405, 407, 423, 499]
logs_monomial/n9_monomial3.txt.bz2.greedyext.20260220_210834.txt

3 45 78 110 130 147 201 279 331 344 388 397 409 410 467 482 483 493 504
Iter#15306 New set #10 of size 19 (1530.6 its/hit = 0.000s/hit): seed=5701386926737056142 [3, 45, 78, 110, 130, 147, 201, 279, 331, 344, 388, 397, 409, 410, 467, 482, 483, 493, 504]
logs_monomial/n9_monomial3.txt.bz2.greedyext.20260223_083631.txt

22 73 105 110 114 122 166 180 338 344 352 356 369 401 416 448 470 486 505
Iter#6528576 New set #3000 of size 19 (2176.2 its/hit = 0.024s/hit): seed=7274959775282208240 [22, 73, 105, 110, 114, 122, 166, 180, 338, 344, 352, 356, 369, 401, 416, 448, 470, 486, 505]
logs_monomial/n9_monomial3.txt.bz2.greedyext.20260223_083632.txt

1 75 89 138 140 154 168 183 214 217 238 266 271 314 337 378 387 449 450
Iter#1732333 New set #800 of size 19 (2165.4 its/hit = 0.020s/hit): seed=2792488610718457646 [1, 75, 89, 138, 140, 154, 168, 183, 214, 217, 238, 266, 271, 314, 337, 378, 387, 449, 450]
logs_monomial/n9_monomial3.txt.bz2.greedyext.20260223_083633.txt

78 86 133 142 218 223 257 259 278 324 361 374 389 401 409 414 426 443 483
Iter#166566 New set #80 of size 19 (2082.1 its/hit = 0.013s/hit): seed=9684183820539349261 [78, 86, 133, 142, 218, 223, 257, 259, 278, 324, 361, 374, 389, 401, 409, 414, 426, 443, 483]
logs_monomial/n9_monomial3.txt.bz2.greedyext.20260223_083631.txt

26 37 52 158 217 233 249 265 276 345 349 370 379 441 461 463 467 475 494
Iter#404965 New set #200 of size 19 (2024.8 its/hit = 0.015s/hit): seed=13867794977379348563 [26, 37, 52, 158, 217, 233, 249, 265, 276, 345, 349, 370, 379, 441, 461, 463, 467, 475, 494]
logs_monomial/n9_monomial3.txt.bz2.greedyext.20260220_210834.txt

8 29 31 37 73 129 132 220 231 243 252 282 331 338 378 379 417 452 458
Iter#173469421 New set #80000 of size 19 (2168.4 its/hit = 0.020s/hit): seed=24858040011713387 [8, 29, 31, 37, 73, 129, 132, 220, 231, 243, 252, 282, 331, 338, 378, 379, 417, 452, 458]
logs_monomial/n9_monomial3.txt.bz2.greedyext.20260222_000855.txt

70 112 135 151 154 160 185 197 207 260 263 280 323 368 392 450 459 476 506
Iter#21979788 New set #10000 of size 19 (2198.0 its/hit = 0.024s/hit): seed=3973290637399321594 [70, 112, 135, 151, 154, 160, 185, 197, 207, 260, 263, 280, 323, 368, 392, 450, 459, 476, 506]
logs_monomial/n9_monomial3.txt.bz2.greedyext.20260223_083632.txt

5 36 39 65 85 115 132 140 227 232 237 268 300 373 392 418 422 445 504
Iter#65221771 New set #30000 of size 19 (2174.1 its/hit = 0.020s/hit): seed=2466855287112378829 [5, 36, 39, 65, 85, 115, 132, 140, 227, 232, 237, 268, 300, 373, 392, 418, 422, 445, 504]
logs_monomial/n9_monomial3.txt.bz2.greedyext.20260220_210834.txt

15 64 98 121 180 220 224 238 246 271 305 344 351 368 374 383 385 485 501
Iter#21677332 New set #10000 of size 19 (2167.7 its/hit = 0.020s/hit): seed=7573393568503060436 [15, 64, 98, 121, 180, 220, 224, 238, 246, 271, 305, 344, 351, 368, 374, 383, 385, 485, 501]
logs_monomial/n9_monomial3.txt.bz2.greedyext.20260220_210834.txt

104 119 136 138 184 192 266 268 279 285 296 348 375 378 383 414 454 463 481
Iter#6606143 New set #3000 of size 19 (2202.0 its/hit = 0.022s/hit): seed=8031158291121050565 [104, 119, 136, 138, 184, 192, 266, 268, 279, 285, 296, 348, 375, 378, 383, 414, 454, 463, 481]
logs_monomial/n9_monomial3.txt.bz2.greedyext.20260223_083633.txt

59 84 103 119 140 172 203 218 246 296 306 317 358 376 379 433 462 466 508
Iter#182063 New set #90 of size 19 (2022.9 its/hit = 0.011s/hit): seed=16130759187479738550 [59, 84, 103, 119, 140, 172, 203, 218, 246, 296, 306, 317, 358, 376, 379, 433, 462, 466, 508]
logs_monomial/n9_monomial3.txt.bz2.greedyext.20260223_083631.txt

22 58 93 95 134 139 169 188 220 229 241 264 303 318 416 421 426 438 442
Iter#73225 New set #40 of size 19 (1830.6 its/hit = 0.000s/hit): seed=16457761047487624460 [22, 58, 93, 95, 134, 139, 169, 188, 220, 229, 241, 264, 303, 318, 416, 421, 426, 438, 442]
logs_monomial/n9_monomial3.txt.bz2.greedyext.20260223_083631.txt

21 39 64 105 188 203 207 220 254 257 360 408 414 463 466 471 478 488 502
Iter#17006 New set #4 of size 19 (4251.5 its/hit = 0.000s/hit): seed=1932111222608806270 [21, 39, 64, 105, 188, 203, 207, 220, 254, 257, 360, 408, 414, 463, 466, 471, 478, 488, 502]
logs_monomial/n9_monomial3.txt.bz2.greedyext.20260223_083632.txt

6 22 26 35 67 87 128 139 153 230 238 314 330 347 349 368 398 424 465
Iter#195021183 New set #90000 of size 19 (2166.9 its/hit = 0.020s/hit): seed=7759169308608373062 [6, 22, 26, 35, 67, 87, 128, 139, 153, 230, 238, 314, 330, 347, 349, 368, 398, 424, 465]
logs_monomial/n9_monomial3.txt.bz2.greedyext.20260220_210834.txt

50 58 92 119 159 164 220 232 265 268 279 293 297 309 341 370 381 448 494
Iter#12568 New set #6 of size 19 (2094.7 its/hit = 0.000s/hit): seed=8744325963809029553 [50, 58, 92, 119, 159, 164, 220, 232, 265, 268, 279, 293, 297, 309, 341, 370, 381, 448, 494]
logs_monomial/n9_monomial3.txt.bz2.greedyext.20260223_083633.txt

24 45 58 130 227 272 310 312 317 323 329 364 441 442 443 485 503 506 510
Iter#1063590 New set #500 of size 19 (2127.2 its/hit = 0.020s/hit): seed=17759046079724015344 [24, 45, 58, 130, 227, 272, 310, 312, 317, 323, 329, 364, 441, 442, 443, 485, 503, 506, 510]
logs_monomial/n9_monomial3.txt.bz2.greedyext.20260223_083631.txt

79 94 99 100 110 151 153 162 201 214 240 266 348 350 385 397 406 441 506
Iter#6444161 New set #3000 of size 19 (2148.1 its/hit = 0.020s/hit): seed=7796095448372600656 [79, 94, 99, 100, 110, 151, 153, 162, 201, 214, 240, 266, 348, 350, 385, 397, 406, 441, 506]
logs_monomial/n9_monomial3.txt.bz2.greedyext.20260220_210834.txt

30 46 50 84 92 122 136 137 154 240 261 308 321 371 409 426 442 449 500
Iter#111897 New set #50 of size 19 (2237.9 its/hit = 0.020s/hit): seed=6440853317087296515 [30, 46, 50, 84, 92, 122, 136, 137, 154, 240, 261, 308, 321, 371, 409, 426, 442, 449, 500]
logs_monomial/n9_monomial3.txt.bz2.greedyext.20260223_083632.txt

25 26 30 36 38 77 81 124 139 142 147 185 205 311 331 381 437 452 487
Iter#2170766 New set #1000 of size 19 (2170.8 its/hit = 0.020s/hit): seed=6035067183561915032 [25, 26, 30, 36, 38, 77, 81, 124, 139, 142, 147, 185, 205, 311, 331, 381, 437, 452, 487]
logs_monomial/n9_monomial3.txt.bz2.greedyext.20260223_083632.txt

2 9 18 35 49 94 132 189 220 222 224 232 238 247 338 403 420 474 477
Iter#6601 New set #5 of size 19 (1320.2 its/hit = 0.000s/hit): seed=7108298325539966369 [2, 9, 18, 35, 49, 94, 132, 189, 220, 222, 224, 232, 238, 247, 338, 403, 420, 474, 477]
logs_monomial/n9_monomial3.txt.bz2.greedyext.20260223_083631.txt

4 40 55 75 86 87 95 96 109 161 240 252 271 298 301 370 372 412 460
Iter#17285247 New set #8000 of size 19 (2160.7 its/hit = 0.020s/hit): seed=13599147731912826082 [4, 40, 55, 75, 86, 87, 95, 96, 109, 161, 240, 252, 271, 298, 301, 370, 372, 412, 460]
logs_monomial/n9_monomial3.txt.bz2.greedyext.20260220_210834.txt

78 85 89 116 127 128 217 229 234 286 354 400 427 436 441 448 458 470 510
Iter#3330 New set #1 of size 19 (3330.0 its/hit = 0.000s/hit): seed=17123947549132204495 [78, 85, 89, 116, 127, 128, 217, 229, 234, 286, 354, 400, 427, 436, 441, 448, 458, 470, 510]
logs_monomial/n9_monomial3.txt.bz2.greedyext.20260223_083631.txt

11 26 72 79 99 161 197 215 218 224 250 282 291 296 298 368 422 455 476
Iter#15089 New set #9 of size 19 (1676.6 its/hit = 0.000s/hit): seed=4381352133728943615 [11, 26, 72, 79, 99, 161, 197, 215, 218, 224, 250, 282, 291, 296, 298, 368, 422, 455, 476]
logs_monomial/n9_monomial3.txt.bz2.greedyext.20260223_083631.txt

50 97 101 106 125 131 189 199 245 324 337 366 394 399 417 452 454 470 487
Iter#17514087 New set #8000 of size 19 (2189.3 its/hit = 0.022s/hit): seed=9920551919861675954 [50, 97, 101, 106, 125, 131, 189, 199, 245, 324, 337, 366, 394, 399, 417, 452, 454, 470, 487]
logs_monomial/n9_monomial3.txt.bz2.greedyext.20260223_083631.txt

10 11 14 47 62 92 106 131 147 210 216 254 262 405 422 429 465 470 491
Iter#10878071 New set #5000 of size 19 (2175.6 its/hit = 0.024s/hit): seed=17434233368605537823 [10, 11, 14, 47, 62, 92, 106, 131, 147, 210, 216, 254, 262, 405, 422, 429, 465, 470, 491]
logs_monomial/n9_monomial3.txt.bz2.greedyext.20260223_083632.txt

20 32 63 77 90 117 125 165 187 205 233 236 318 356 381 385 419 440 491
Iter#22986 New set #3 of size 19 (7662.0 its/hit = 0.000s/hit): seed=5024441059022532466 [20, 32, 63, 77, 90, 117, 125, 165, 187, 205, 233, 236, 318, 356, 381, 385, 419, 440, 491]
logs_monomial/n9_monomial3.txt.bz2.greedyext.20260222_000855.txt

11 38 125 135 136 158 187 206 249 271 275 327 367 370 403 433 484 488 508
Iter#12456 New set #7 of size 19 (1779.4 its/hit = 0.000s/hit): seed=12169944790693321822 [11, 38, 125, 135, 136, 158, 187, 206, 249, 271, 275, 327, 367, 370, 403, 433, 484, 488, 508]
logs_monomial/n9_monomial3.txt.bz2.greedyext.20260223_083631.txt

55 93 193 200 213 214 225 247 260 280 286 353 355 398 411 438 444 468 504
Iter#173425136 New set #80000 of size 19 (2167.8 its/hit = 0.020s/hit): seed=15000657711530746523 [55, 93, 193, 200, 213, 214, 225, 247, 260, 280, 286, 353, 355, 398, 411, 438, 444, 468, 504]
logs_monomial/n9_monomial3.txt.bz2.greedyext.20260220_210834.txt

1 55 69 80 114 171 186 187 203 212 241 293 305 332 371 377 406 452 470
Iter#28442 New set #7 of size 19 (4063.1 its/hit = 0.000s/hit): seed=5990869699288355772 [1, 55, 69, 80, 114, 171, 186, 187, 203, 212, 241, 293, 305, 332, 371, 377, 406, 452, 470]
logs_monomial/n9_monomial3.txt.bz2.greedyext.20260222_000855.txt

47 127 141 168 183 202 222 230 346 360 361 367 378 444 448 464 487 489 491
Iter#1273696 New set #600 of size 19 (2122.8 its/hit = 0.020s/hit): seed=17001661183320743009 [47, 127, 141, 168, 183, 202, 222, 230, 346, 360, 361, 367, 378, 444, 448, 464, 487, 489, 491]
logs_monomial/n9_monomial3.txt.bz2.greedyext.20260223_083631.txt

17 63 162 194 212 231 261 278 300 321 405 406 412 414 423 427 460 469 506
Iter#6534185 New set #3000 of size 19 (2178.1 its/hit = 0.021s/hit): seed=16192179457022563299 [17, 63, 162, 194, 212, 231, 261, 278, 300, 321, 405, 406, 412, 414, 423, 427, 460, 469, 506]
logs_monomial/n9_monomial3.txt.bz2.greedyext.20260223_083631.txt

15 21 133 149 167 204 217 228 232 280 299 322 329 403 413 444 459 491 503
Iter#19684953 New set #9000 of size 19 (2187.2 its/hit = 0.022s/hit): seed=8820375125478971970 [15, 21, 133, 149, 167, 204, 217, 228, 232, 280, 299, 322, 329, 403, 413, 444, 459, 491, 503]
logs_monomial/n9_monomial3.txt.bz2.greedyext.20260223_083631.txt

27 41 48 66 76 107 119 131 211 215 345 346 358 380 422 431 473 494 495
Iter#1304956 New set #600 of size 19 (2174.9 its/hit = 0.020s/hit): seed=15638800004200000885 [27, 41, 48, 66, 76, 107, 119, 131, 211, 215, 345, 346, 358, 380, 422, 431, 473, 494, 495]
logs_monomial/n9_monomial3.txt.bz2.greedyext.20260223_083633.txt

0 84 100 117 122 177 182 219 223 236 276 298 317 337 347 355 447 477 503
Iter#4397955 New set #2000 of size 19 (2199.0 its/hit = 0.020s/hit): seed=4864739878196195166 [0, 84, 100, 117, 122, 177, 182, 219, 223, 236, 276, 298, 317, 337, 347, 355, 447, 477, 503]
logs_monomial/n9_monomial3.txt.bz2.greedyext.20260220_210834.txt

3 36 68 77 123 144 145 198 239 253 254 276 286 366 398 431 476 486 499
Iter#901074 New set #400 of size 19 (2252.7 its/hit = 0.020s/hit): seed=10458177156631286986 [3, 36, 68, 77, 123, 144, 145, 198, 239, 253, 254, 276, 286, 366, 398, 431, 476, 486, 499]
logs_monomial/n9_monomial3.txt.bz2.greedyext.20260220_210834.txt

40 52 115 131 164 183 191 301 303 340 389 396 411 416 421 453 467 468 498
Iter#17079 New set #6 of size 19 (2846.5 its/hit = 0.000s/hit): seed=16592416706500663372 [40, 52, 115, 131, 164, 183, 191, 301, 303, 340, 389, 396, 411, 416, 421, 453, 467, 468, 498]
logs_monomial/n9_monomial3.txt.bz2.greedyext.20260220_210834.txt

1 13 16 19 29 36 94 182 200 206 226 253 268 298 398 422 429 446 504
Iter#19555026 New set #9000 of size 19 (2172.8 its/hit = 0.020s/hit): seed=4222810383967532008 [1, 13, 16, 19, 29, 36, 94, 182, 200, 206, 226, 253, 268, 298, 398, 422, 429, 446, 504]
logs_monomial/n9_monomial3.txt.bz2.greedyext.20260220_210834.txt

6 98 104 131 138 225 229 245 260 284 287 312 325 336 338 413 416 444 489
Iter#1505523 New set #700 of size 19 (2150.7 its/hit = 0.020s/hit): seed=315470151685541385 [6, 98, 104, 131, 138, 225, 229, 245, 260, 284, 287, 312, 325, 336, 338, 413, 416, 444, 489]
logs_monomial/n9_monomial3.txt.bz2.greedyext.20260223_083631.txt

15 117 143 161 163 175 188 191 232 254 270 287 312 333 385 405 463 490 499
Iter#20446 New set #9 of size 19 (2271.8 its/hit = 0.000s/hit): seed=14104764953497499429 [15, 117, 143, 161, 163, 175, 188, 191, 232, 254, 270, 287, 312, 333, 385, 405, 463, 490, 499]
logs_monomial/n9_monomial3.txt.bz2.greedyext.20260223_083633.txt

6 27 32 94 130 142 161 174 176 310 338 375 405 406 443 452 460 475 478
Iter#4351289 New set #2000 of size 19 (2175.6 its/hit = 0.020s/hit): seed=16438833728604862708 [6, 27, 32, 94, 130, 142, 161, 174, 176, 310, 338, 375, 405, 406, 443, 452, 460, 475, 478]
logs_monomial/n9_monomial3.txt.bz2.greedyext.20260223_083631.txt

24 38 67 77 110 152 203 228 263 268 280 305 307 332 350 382 492 495 508
Iter#129927798 New set #60000 of size 19 (2165.5 its/hit = 0.020s/hit): seed=12960216717266706426 [24, 38, 67, 77, 110, 152, 203, 228, 263, 268, 280, 305, 307, 332, 350, 382, 492, 495, 508]
logs_monomial/n9_monomial3.txt.bz2.greedyext.20260220_210834.txt

0 34 105 119 161 184 188 194 195 288 319 359 388 425 456 464 473 474 480
Iter#68484 New set #30 of size 19 (2282.8 its/hit = 0.000s/hit): seed=10396971498364684346 [0, 34, 105, 119, 161, 184, 188, 194, 195, 288, 319, 359, 388, 425, 456, 464, 473, 474, 480]
logs_monomial/n9_monomial3.txt.bz2.greedyext.20260223_083633.txt

21 63 75 98 170 204 236 263 290 299 304 316 375 377 386 415 444 445 511
Iter#495580 New set #200 of size 19 (2477.9 its/hit = 0.020s/hit): seed=4300613635728875434 [21, 63, 75, 98, 170, 204, 236, 263, 290, 299, 304, 316, 375, 377, 386, 415, 444, 445, 511]
logs_monomial/n9_monomial3.txt.bz2.greedyext.20260223_083632.txt

2 13 22 45 112 117 184 212 236 238 249 309 315 336 394 395 419 442 491
Iter#27813 New set #9 of size 19 (3090.3 its/hit = 0.000s/hit): seed=11151565747709949502 [2, 13, 22, 45, 112, 117, 184, 212, 236, 238, 249, 309, 315, 336, 394, 395, 419, 442, 491]
logs_monomial/n9_monomial3.txt.bz2.greedyext.20260220_210834.txt

110 120 131 159 185 186 206 207 240 248 266 311 315 341 361 401 403 453 468
Iter#151782610 New set #70000 of size 19 (2168.3 its/hit = 0.020s/hit): seed=3842020094183587869 [110, 120, 131, 159, 185, 186, 206, 207, 240, 248, 266, 311, 315, 341, 361, 401, 403, 453, 468]
logs_monomial/n9_monomial3.txt.bz2.greedyext.20260220_210834.txt

23 36 38 60 69 106 111 120 157 181 239 279 297 304 406 449 454 459 471
Iter#65667711 New set #30000 of size 19 (2188.9 its/hit = 0.020s/hit): seed=18030863822066352335 [23, 36, 38, 60, 69, 106, 111, 120, 157, 181, 239, 279, 297, 304, 406, 449, 454, 459, 471]
logs_monomial/n9_monomial3.txt.bz2.greedyext.20260222_000855.txt

10 12 33 116 162 170 178 201 206 237 241 260 338 430 467 476 477 478 480
Iter#149962 New set #70 of size 19 (2142.3 its/hit = 0.014s/hit): seed=8513796564466940772 [10, 12, 33, 116, 162, 170, 178, 201, 206, 237, 241, 260, 338, 430, 467, 476, 477, 478, 480]
logs_monomial/n9_monomial3.txt.bz2.greedyext.20260223_083631.txt

15 35 70 79 121 139 144 193 195 204 294 327 391 410 415 456 476 480 508
Iter#10736395 New set #5000 of size 19 (2147.3 its/hit = 0.021s/hit): seed=18201156641717241360 [15, 35, 70, 79, 121, 139, 144, 193, 195, 204, 294, 327, 391, 410, 415, 456, 476, 480, 508]
logs_monomial/n9_monomial3.txt.bz2.greedyext.20260223_083633.txt

14 35 54 110 116 125 227 256 263 299 328 346 363 426 428 459 468 476 489
Iter#10925008 New set #5000 of size 19 (2185.0 its/hit = 0.021s/hit): seed=1780601830587946842 [14, 35, 54, 110, 116, 125, 227, 256, 263, 299, 328, 346, 363, 426, 428, 459, 468, 476, 489]
logs_monomial/n9_monomial3.txt.bz2.greedyext.20260223_083631.txt

4 35 40 49 122 135 137 167 168 182 206 235 265 315 372 384 461 465 487
Iter#130024960 New set #60000 of size 19 (2167.1 its/hit = 0.020s/hit): seed=3907105732786411182 [4, 35, 40, 49, 122, 135, 137, 167, 168, 182, 206, 235, 265, 315, 372, 384, 461, 465, 487]
logs_monomial/n9_monomial3.txt.bz2.greedyext.20260222_000855.txt

25 32 41 63 82 119 133 135 180 201 209 311 316 324 349 357 367 467 495
Iter#121624 New set #60 of size 19 (2027.1 its/hit = 0.017s/hit): seed=7741176703611983230 [25, 32, 41, 63, 82, 119, 133, 135, 180, 201, 209, 311, 316, 324, 349, 357, 367, 467, 495]
logs_monomial/n9_monomial3.txt.bz2.greedyext.20260223_083631.txt

16 35 53 85 200 230 269 290 315 336 348 353 354 361 363 438 475 481 498
Iter#215498 New set #90 of size 19 (2394.4 its/hit = 0.022s/hit): seed=3204020696411248767 [16, 35, 53, 85, 200, 230, 269, 290, 315, 336, 348, 353, 354, 361, 363, 438, 475, 481, 498]
logs_monomial/n9_monomial3.txt.bz2.greedyext.20260223_083632.txt

4 45 104 117 120 185 214 217 258 332 339 367 374 376 380 381 403 410 443
Iter#1774950 New set #800 of size 19 (2218.7 its/hit = 0.020s/hit): seed=10736660181532288961 [4, 45, 104, 117, 120, 185, 214, 217, 258, 332, 339, 367, 374, 376, 380, 381, 403, 410, 443]
logs_monomial/n9_monomial3.txt.bz2.greedyext.20260223_083631.txt

22 35 103 109 118 125 188 189 192 353 366 391 393 394 450 475 478 495 505
Iter#8749687 New set #4000 of size 19 (2187.4 its/hit = 0.024s/hit): seed=7349385014605515414 [22, 35, 103, 109, 118, 125, 188, 189, 192, 353, 366, 391, 393, 394, 450, 475, 478, 495, 505]
logs_monomial/n9_monomial3.txt.bz2.greedyext.20260223_083632.txt

16 31 97 105 124 153 159 169 190 193 198 213 254 369 370 380 384 408 482
Iter#17537596 New set #8000 of size 19 (2192.2 its/hit = 0.024s/hit): seed=7824734145138554317 [16, 31, 97, 105, 124, 153, 159, 169, 190, 193, 198, 213, 254, 369, 370, 380, 384, 408, 482]
logs_monomial/n9_monomial3.txt.bz2.greedyext.20260223_083632.txt

30 57 68 101 152 176 178 181 271 327 396 408 409 416 445 455 496 500 504
Iter#22289 New set #10 of size 19 (2228.9 its/hit = 0.000s/hit): seed=10050181406458867901 [30, 57, 68, 101, 152, 176, 178, 181, 271, 327, 396, 408, 409, 416, 445, 455, 496, 500, 504]
logs_monomial/n9_monomial3.txt.bz2.greedyext.20260223_083633.txt

10 32 84 125 181 211 243 280 291 303 308 317 358 360 384 413 418 419 480
Iter#1092802 New set #500 of size 19 (2185.6 its/hit = 0.020s/hit): seed=11047427577884398715 [10, 32, 84, 125, 181, 211, 243, 280, 291, 303, 308, 317, 358, 360, 384, 413, 418, 419, 480]
logs_monomial/n9_monomial3.txt.bz2.greedyext.20260223_083632.txt

22 31 64 82 98 161 210 216 238 242 294 324 339 395 403 423 440 464 505
Iter#1717890 New set #800 of size 19 (2147.4 its/hit = 0.019s/hit): seed=7907252204657188022 [22, 31, 64, 82, 98, 161, 210, 216, 238, 242, 294, 324, 339, 395, 403, 423, 440, 464, 505]
logs_monomial/n9_monomial3.txt.bz2.greedyext.20260222_000855.txt

14 22 37 43 98 134 139 143 144 260 272 277 307 358 441 451 479 499 501
Iter#8541862 New set #4000 of size 19 (2135.5 its/hit = 0.020s/hit): seed=4544075996499554260 [14, 22, 37, 43, 98, 134, 139, 143, 144, 260, 272, 277, 307, 358, 441, 451, 479, 499, 501]
logs_monomial/n9_monomial3.txt.bz2.greedyext.20260222_000855.txt

0 65 89 93 118 142 145 168 188 194 258 275 308 339 379 393 407 445 505
Iter#3527 New set #2 of size 19 (1763.5 its/hit = 0.000s/hit): seed=8106950146348412714 [0, 65, 89, 93, 118, 142, 145, 168, 188, 194, 258, 275, 308, 339, 379, 393, 407, 445, 505]
logs_monomial/n9_monomial3.txt.bz2.greedyext.20260223_083631.txt

17 46 52 60 64 71 94 104 159 295 312 357 362 429 456 460 472 490 498
Iter#134377 New set #60 of size 19 (2239.6 its/hit = 0.017s/hit): seed=5337657706272115568 [17, 46, 52, 60, 64, 71, 94, 104, 159, 295, 312, 357, 362, 429, 456, 460, 472, 490, 498]
logs_monomial/n9_monomial3.txt.bz2.greedyext.20260222_000855.txt

15 88 117 134 178 181 187 191 192 213 222 254 304 345 371 413 433 450 480
Iter#8511 New set #3 of size 19 (2837.0 its/hit = 0.000s/hit): seed=1327151014198824621 [15, 88, 117, 134, 178, 181, 187, 191, 192, 213, 222, 254, 304, 345, 371, 413, 433, 450, 480]
logs_monomial/n9_monomial3.txt.bz2.greedyext.20260220_210834.txt

9 50 62 85 101 130 135 197 256 262 284 342 345 355 356 372 423 455 473
Iter#17118483 New set #8000 of size 19 (2139.8 its/hit = 0.022s/hit): seed=6521329958582211301 [9, 50, 62, 85, 101, 130, 135, 197, 256, 262, 284, 342, 345, 355, 356, 372, 423, 455, 473]
logs_monomial/n9_monomial3.txt.bz2.greedyext.20260223_083633.txt

43 120 138 163 180 233 245 265 266 271 297 302 307 319 365 409 436 444 500
Iter#32174 New set #10 of size 19 (3217.4 its/hit = 0.000s/hit): seed=6682719777915123214 [43, 120, 138, 163, 180, 233, 245, 265, 266, 271, 297, 302, 307, 319, 365, 409, 436, 444, 500]
logs_monomial/n9_monomial3.txt.bz2.greedyext.20260220_210834.txt

15 74 137 152 165 175 242 243 256 261 264 270 330 337 395 406 443 456 478
Iter#28923 New set #8 of size 19 (3615.4 its/hit = 0.000s/hit): seed=16245774129794611065 [15, 74, 137, 152, 165, 175, 242, 243, 256, 261, 264, 270, 330, 337, 395, 406, 443, 456, 478]
logs_monomial/n9_monomial3.txt.bz2.greedyext.20260222_000855.txt

24 30 40 61 80 128 132 170 225 245 282 293 311 344 352 475 498 499 507
Iter#211670 New set #100 of size 19 (2116.7 its/hit = 0.010s/hit): seed=8913903800826272902 [24, 30, 40, 61, 80, 128, 132, 170, 225, 245, 282, 293, 311, 344, 352, 475, 498, 499, 507]
logs_monomial/n9_monomial3.txt.bz2.greedyext.20260220_210834.txt

17 58 63 78 89 180 193 212 221 274 304 308 391 427 452 460 485 509 510
Iter#181170 New set #80 of size 19 (2264.6 its/hit = 0.013s/hit): seed=6509589533965664241 [17, 58, 63, 78, 89, 180, 193, 212, 221, 274, 304, 308, 391, 427, 452, 460, 485, 509, 510]
logs_monomial/n9_monomial3.txt.bz2.greedyext.20260222_000855.txt

66 78 95 106 183 184 207 216 248 280 293 309 331 345 351 432 441 501 507
Iter#8338 New set #6 of size 19 (1389.7 its/hit = 0.000s/hit): seed=17139085209576190542 [66, 78, 95, 106, 183, 184, 207, 216, 248, 280, 293, 309, 331, 345, 351, 432, 441, 501, 507]
logs_monomial/n9_monomial3.txt.bz2.greedyext.20260223_083631.txt

9 104 134 146 174 178 201 209 212 257 264 311 321 365 386 397 399 453 478
Iter#2653 New set #2 of size 19 (1326.5 its/hit = 0.000s/hit): seed=2125660043107619236 [9, 104, 134, 146, 174, 178, 201, 209, 212, 257, 264, 311, 321, 365, 386, 397, 399, 453, 478]
logs_monomial/n9_monomial3.txt.bz2.greedyext.20260223_083633.txt

3 8 16 39 94 95 116 120 135 171 174 178 235 245 260 317 334 394 438
Iter#15360732 New set #7000 of size 19 (2194.4 its/hit = 0.021s/hit): seed=17917065704491768886 [3, 8, 16, 39, 94, 95, 116, 120, 135, 171, 174, 178, 235, 245, 260, 317, 334, 394, 438]
logs_monomial/n9_monomial3.txt.bz2.greedyext.20260223_083631.txt

39 45 84 129 177 185 209 221 230 231 269 345 390 407 410 414 443 469 478
Iter#4210411 New set #2000 of size 19 (2105.2 its/hit = 0.019s/hit): seed=6820572420614100872 [39, 45, 84, 129, 177, 185, 209, 221, 230, 231, 269, 345, 390, 407, 410, 414, 443, 469, 478]
logs_monomial/n9_monomial3.txt.bz2.greedyext.20260222_000855.txt

14 28 31 76 100 131 257 334 342 354 374 390 412 464 468 473 479 498 506
Iter#20559 New set #6 of size 19 (3426.5 its/hit = 0.000s/hit): seed=8310138786143772622 [14, 28, 31, 76, 100, 131, 257, 334, 342, 354, 374, 390, 412, 464, 468, 473, 479, 498, 506]
logs_monomial/n9_monomial3.txt.bz2.greedyext.20260223_083632.txt

55 79 98 150 203 232 248 251 271 317 334 362 372 391 396 408 425 433 485
Iter#1318526 New set #600 of size 19 (2197.5 its/hit = 0.020s/hit): seed=5501776628178807882 [55, 79, 98, 150, 203, 232, 248, 251, 271, 317, 334, 362, 372, 391, 396, 408, 425, 433, 485]
logs_monomial/n9_monomial3.txt.bz2.greedyext.20260220_210834.txt

15 55 57 62 91 120 129 133 152 191 197 210 212 223 271 279 319 369 429
Iter#94640 New set #40 of size 19 (2366.0 its/hit = 0.000s/hit): seed=4557053410379447562 [15, 55, 57, 62, 91, 120, 129, 133, 152, 191, 197, 210, 212, 223, 271, 279, 319, 369, 429]
logs_monomial/n9_monomial3.txt.bz2.greedyext.20260222_000855.txt

97 130 147 229 230 257 283 315 324 338 349 374 392 406 422 427 430 441 443
Iter#43691790 New set #20000 of size 19 (2184.6 its/hit = 0.020s/hit): seed=12726474864753504172 [97, 130, 147, 229, 230, 257, 283, 315, 324, 338, 349, 374, 392, 406, 422, 427, 430, 441, 443]
logs_monomial/n9_monomial3.txt.bz2.greedyext.20260222_000855.txt

33 36 43 44 96 119 201 231 274 317 330 398 440 446 460 471 476 495 509
Iter#41872 New set #20 of size 19 (2093.6 its/hit = 0.000s/hit): seed=5440896924390434524 [33, 36, 43, 44, 96, 119, 201, 231, 274, 317, 330, 398, 440, 446, 460, 471, 476, 495, 509]
logs_monomial/n9_monomial3.txt.bz2.greedyext.20260223_083632.txt

60 105 115 161 173 205 213 296 302 316 318 349 367 372 420 470 472 495 499
Iter#151676793 New set #70000 of size 19 (2166.8 its/hit = 0.020s/hit): seed=15511779890760009204 [60, 105, 115, 161, 173, 205, 213, 296, 302, 316, 318, 349, 367, 372, 420, 470, 472, 495, 499]
logs_monomial/n9_monomial3.txt.bz2.greedyext.20260222_000855.txt

8 17 36 49 55 56 58 99 121 126 186 228 286 331 347 371 441 485 486
Iter#82471 New set #40 of size 19 (2061.8 its/hit = 0.025s/hit): seed=10757498925143686679 [8, 17, 36, 49, 55, 56, 58, 99, 121, 126, 186, 228, 286, 331, 347, 371, 441, 485, 486]
logs_monomial/n9_monomial3.txt.bz2.greedyext.20260223_083633.txt

9 50 57 62 170 176 184 205 218 278 295 310 321 383 420 433 480 490 494
Iter#1529338 New set #700 of size 19 (2184.8 its/hit = 0.020s/hit): seed=13361361313357456441 [9, 50, 57, 62, 170, 176, 184, 205, 218, 278, 295, 310, 321, 383, 420, 433, 480, 490, 494]
logs_monomial/n9_monomial3.txt.bz2.greedyext.20260223_083633.txt

0 85 96 108 122 166 249 259 306 329 381 385 392 400 426 456 461 470 472
Iter#19680965 New set #9000 of size 19 (2186.8 its/hit = 0.020s/hit): seed=14282581607187543035 [0, 85, 96, 108, 122, 166, 249, 259, 306, 329, 381, 385, 392, 400, 426, 456, 461, 470, 472]
logs_monomial/n9_monomial3.txt.bz2.greedyext.20260222_000855.txt

28 53 83 84 89 97 126 189 200 270 307 323 330 350 403 412 444 447 452
Iter#105927 New set #50 of size 19 (2118.5 its/hit = 0.020s/hit): seed=4400776048654628471 [28, 53, 83, 84, 89, 97, 126, 189, 200, 270, 307, 323, 330, 350, 403, 412, 444, 447, 452]
logs_monomial/n9_monomial3.txt.bz2.greedyext.20260223_083633.txt

27 81 103 171 179 250 261 264 274 297 329 331 390 393 400 438 450 462 502
Iter#111893 New set #50 of size 19 (2237.9 its/hit = 0.020s/hit): seed=2412622100883370409 [27, 81, 103, 171, 179, 250, 261, 264, 274, 297, 329, 331, 390, 393, 400, 438, 450, 462, 502]
logs_monomial/n9_monomial3.txt.bz2.greedyext.20260222_000855.txt

9 59 70 178 213 227 255 259 273 282 310 328 388 405 410 437 443 473 508
Iter#811500 New set #400 of size 19 (2028.8 its/hit = 0.018s/hit): seed=415283831415181450 [9, 59, 70, 178, 213, 227, 255, 259, 273, 282, 310, 328, 388, 405, 410, 437, 443, 473, 508]
logs_monomial/n9_monomial3.txt.bz2.greedyext.20260222_000855.txt

