55 59 63 79 81 112 182 195 212 218 242 259 302 309 381 409 411 452 510
Iter#109702 New set #100 of size 19 (1097.0 its/hit = 0.010s/hit): seed=4421166306092671038 [55, 59, 63, 79, 81, 112, 182, 195, 212, 218, 242, 259, 302, 309, 381, 409, 411, 452, 510]
logs_monomial/n9_monomialInverse.txt.bz2.greedyext.20260223_083633.txt

35 67 149 159 187 200 215 224 233 264 309 315 399 402 413 452 467 471 486
Iter#75806108 New set #60000 of size 19 (1263.4 its/hit = 0.012s/hit): seed=18174626142393904533 [35, 67, 149, 159, 187, 200, 215, 224, 233, 264, 309, 315, 399, 402, 413, 452, 467, 471, 486]
logs_monomial/n9_monomialInverse.txt.bz2.greedyext.20260220_210834.txt

29 171 172 176 196 205 234 239 258 330 345 371 376 416 471 472 473 489 497
Iter#7132 New set #5 of size 19 (1426.4 its/hit = 0.000s/hit): seed=7432731280490755961 [29, 171, 172, 176, 196, 205, 234, 239, 258, 330, 345, 371, 376, 416, 471, 472, 473, 489, 497]
logs_monomial/n9_monomialInverse.txt.bz2.greedyext.20260220_210834.txt

1 4 49 83 139 148 162 174 214 223 237 261 291 340 357 365 383 468 505
Iter#9942826 New set #8000 of size 19 (1242.9 its/hit = 0.012s/hit): seed=13412645586291969458 [1, 4, 49, 83, 139, 148, 162, 174, 214, 223, 237, 261, 291, 340, 357, 365, 383, 468, 505]
logs_monomial/n9_monomialInverse.txt.bz2.greedyext.20260223_083632.txt

9 36 50 82 102 106 149 164 167 169 175 239 283 307 313 334 412 425 439
Iter#4948070 New set #4000 of size 19 (1237.0 its/hit = 0.011s/hit): seed=4544094448493645507 [9, 36, 50, 82, 102, 106, 149, 164, 167, 169, 175, 239, 283, 307, 313, 334, 412, 425, 439]
logs_monomial/n9_monomialInverse.txt.bz2.greedyext.20260222_000855.txt

13 17 31 62 74 90 106 133 140 237 284 294 313 319 340 403 407 431 491
Iter#25122982 New set #20000 of size 19 (1256.1 its/hit = 0.012s/hit): seed=16007992867703569745 [13, 17, 31, 62, 74, 90, 106, 133, 140, 237, 284, 294, 313, 319, 340, 403, 407, 431, 491]
logs_monomial/n9_monomialInverse.txt.bz2.greedyext.20260222_000855.txt

14 31 46 67 104 118 241 249 255 265 299 355 426 439 458 485 486 501 505
Iter#1108449 New set #900 of size 19 (1231.6 its/hit = 0.011s/hit): seed=4985467900515221244 [14, 31, 46, 67, 104, 118, 241, 249, 255, 265, 299, 355, 426, 439, 458, 485, 486, 501, 505]
logs_monomial/n9_monomialInverse.txt.bz2.greedyext.20260220_210834.txt

32 60 72 107 126 166 185 199 221 229 256 286 338 385 406 443 462 490 508
Iter#11445 New set #8 of size 19 (1430.6 its/hit = 0.000s/hit): seed=6528178609616297853 [32, 60, 72, 107, 126, 166, 185, 199, 221, 229, 256, 286, 338, 385, 406, 443, 462, 490, 508]
logs_monomial/n9_monomialInverse.txt.bz2.greedyext.20260222_000855.txt

72 73 95 108 111 112 116 183 244 251 278 326 367 396 417 435 443 449 499
Iter#101055634 New set #80000 of size 19 (1263.2 its/hit = 0.012s/hit): seed=9869304716988416745 [72, 73, 95, 108, 111, 112, 116, 183, 244, 251, 278, 326, 367, 396, 417, 435, 443, 449, 499]
logs_monomial/n9_monomialInverse.txt.bz2.greedyext.20260220_210834.txt

6 42 89 119 205 233 238 247 301 326 398 422 442 468 470 473 481 491 495
Iter#13380 New set #9 of size 19 (1486.7 its/hit = 0.000s/hit): seed=13249440971361737167 [6, 42, 89, 119, 205, 233, 238, 247, 301, 326, 398, 422, 442, 468, 470, 473, 481, 491, 495]
logs_monomial/n9_monomialInverse.txt.bz2.greedyext.20260222_000855.txt

2 4 12 31 34 41 70 79 101 131 212 330 348 366 384 391 397 497 499
Iter#3789591 New set #3000 of size 19 (1263.2 its/hit = 0.011s/hit): seed=2953296735346210163 [2, 4, 12, 31, 34, 41, 70, 79, 101, 131, 212, 330, 348, 366, 384, 391, 397, 497, 499]
logs_monomial/n9_monomialInverse.txt.bz2.greedyext.20260220_210834.txt

48 66 95 100 155 168 175 185 193 249 313 338 354 380 389 444 470 472 507
Iter#3965 New set #4 of size 19 (991.2 its/hit = 0.000s/hit): seed=1537160930515333825 [48, 66, 95, 100, 155, 168, 175, 185, 193, 249, 313, 338, 354, 380, 389, 444, 470, 472, 507]
logs_monomial/n9_monomialInverse.txt.bz2.greedyext.20260220_210834.txt

75 102 128 132 147 152 206 220 236 306 328 341 349 372 379 388 442 474 502
Iter#11371709 New set #9000 of size 19 (1263.5 its/hit = 0.013s/hit): seed=9550764996091330497 [75, 102, 128, 132, 147, 152, 206, 220, 236, 306, 328, 341, 349, 372, 379, 388, 442, 474, 502]
logs_monomial/n9_monomialInverse.txt.bz2.greedyext.20260223_083631.txt

3 24 38 47 85 91 149 152 159 250 285 330 348 355 399 403 405 445 469
Iter#979154 New set #800 of size 19 (1223.9 its/hit = 0.011s/hit): seed=12125383729038297743 [3, 24, 38, 47, 85, 91, 149, 152, 159, 250, 285, 330, 348, 355, 399, 403, 405, 445, 469]
logs_monomial/n9_monomialInverse.txt.bz2.greedyext.20260223_083632.txt

2 23 60 64 123 128 133 178 182 186 219 258 285 342 377 401 435 492 498
Iter#8649865 New set #7000 of size 19 (1235.7 its/hit = 0.011s/hit): seed=8528739791625296864 [2, 23, 60, 64, 123, 128, 133, 178, 182, 186, 219, 258, 285, 342, 377, 401, 435, 492, 498]
logs_monomial/n9_monomialInverse.txt.bz2.greedyext.20260223_083632.txt

7 24 112 120 127 164 185 214 240 246 262 295 297 380 400 413 435 491 510
Iter#37820598 New set #30000 of size 19 (1260.7 its/hit = 0.012s/hit): seed=9069970247184932129 [7, 24, 112, 120, 127, 164, 185, 214, 240, 246, 262, 295, 297, 380, 400, 413, 435, 491, 510]
logs_monomial/n9_monomialInverse.txt.bz2.greedyext.20260222_000855.txt

20 30 78 131 132 135 151 156 183 207 213 260 261 265 365 383 401 443 445
Iter#127759 New set #100 of size 19 (1277.6 its/hit = 0.010s/hit): seed=13189676338811052615 [20, 30, 78, 131, 132, 135, 151, 156, 183, 207, 213, 260, 261, 265, 365, 383, 401, 443, 445]
logs_monomial/n9_monomialInverse.txt.bz2.greedyext.20260223_083631.txt

17 24 33 34 62 69 155 156 192 237 265 300 312 327 363 377 419 490 507
Iter#757713343 New set #600000 of size 19 (1262.9 its/hit = 0.012s/hit): seed=12188745554550645056 [17, 24, 33, 34, 62, 69, 155, 156, 192, 237, 265, 300, 312, 327, 363, 377, 419, 490, 507]
logs_monomial/n9_monomialInverse.txt.bz2.greedyext.20260222_000855.txt

2 52 61 75 112 119 123 139 141 186 287 299 319 324 351 359 397 456 468
Iter#48653 New set #40 of size 19 (1216.3 its/hit = 0.000s/hit): seed=14386246438342368549 [2, 52, 61, 75, 112, 119, 123, 139, 141, 186, 287, 299, 319, 324, 351, 359, 397, 456, 468]
logs_monomial/n9_monomialInverse.txt.bz2.greedyext.20260223_083631.txt

6 24 45 52 127 166 211 218 229 249 299 305 349 361 365 459 477 490 501
Iter#252252326 New set #200000 of size 19 (1261.3 its/hit = 0.012s/hit): seed=11621387611371078991 [6, 24, 45, 52, 127, 166, 211, 218, 229, 249, 299, 305, 349, 361, 365, 459, 477, 490, 501]
logs_monomial/n9_monomialInverse.txt.bz2.greedyext.20260220_210834.txt

12 63 117 124 130 144 178 197 216 219 240 291 292 300 370 399 427 462 505
Iter#201 New set #1 of size 19 (201.0 its/hit = 0.000s/hit): seed=8409720021428495476 [12, 63, 117, 124, 130, 144, 178, 197, 216, 219, 240, 291, 292, 300, 370, 399, 427, 462, 505]
logs_monomial/n9_monomialInverse.txt.bz2.greedyext.20260223_083631.txt

19 20 49 52 87 96 139 176 204 227 242 265 290 372 404 423 454 461 511
Iter#83931 New set #80 of size 19 (1049.1 its/hit = 0.000s/hit): seed=10379131138562446318 [19, 20, 49, 52, 87, 96, 139, 176, 204, 227, 242, 265, 290, 372, 404, 423, 454, 461, 511]
logs_monomial/n9_monomialInverse.txt.bz2.greedyext.20260223_083633.txt

19 23 84 92 117 122 124 180 218 276 282 300 303 331 366 430 447 450 507
Iter#126162231 New set #100000 of size 19 (1261.6 its/hit = 0.012s/hit): seed=16596095997069793148 [19, 23, 84, 92, 117, 122, 124, 180, 218, 276, 282, 300, 303, 331, 366, 430, 447, 450, 507]
logs_monomial/n9_monomialInverse.txt.bz2.greedyext.20260220_210834.txt

61 88 89 99 115 127 174 251 254 259 273 282 346 355 366 379 406 427 437
Iter#2519478 New set #2000 of size 19 (1259.7 its/hit = 0.012s/hit): seed=910476788107429836 [61, 88, 89, 99, 115, 127, 174, 251, 254, 259, 273, 282, 346, 355, 366, 379, 406, 427, 437]
logs_monomial/n9_monomialInverse.txt.bz2.greedyext.20260220_210834.txt

21 24 70 102 115 128 143 145 172 195 225 245 305 319 352 413 500 510 511
Iter#8897 New set #7 of size 19 (1271.0 its/hit = 0.000s/hit): seed=4761964121541595166 [21, 24, 70, 102, 115, 128, 143, 145, 172, 195, 225, 245, 305, 319, 352, 413, 500, 510, 511]
logs_monomial/n9_monomialInverse.txt.bz2.greedyext.20260220_210834.txt

6 33 44 69 115 116 167 185 188 196 246 259 266 310 327 424 447 472 483
Iter#2445607 New set #2000 of size 19 (1222.8 its/hit = 0.011s/hit): seed=5071681581739239811 [6, 33, 44, 69, 115, 116, 167, 185, 188, 196, 246, 259, 266, 310, 327, 424, 447, 472, 483]
logs_monomial/n9_monomialInverse.txt.bz2.greedyext.20260222_000855.txt

22 47 97 104 235 274 279 289 321 344 355 369 371 383 388 393 453 464 500
Iter#10166029 New set #8000 of size 19 (1270.8 its/hit = 0.014s/hit): seed=9962657036461697840 [22, 47, 97, 104, 235, 274, 279, 289, 321, 344, 355, 369, 371, 383, 388, 393, 453, 464, 500]
logs_monomial/n9_monomialInverse.txt.bz2.greedyext.20260223_083631.txt

22 29 61 91 209 232 274 280 296 318 379 392 431 432 447 449 451 496 503
Iter#1841 New set #2 of size 19 (920.5 its/hit = 0.000s/hit): seed=15347783686302403127 [22, 29, 61, 91, 209, 232, 274, 280, 296, 318, 379, 392, 431, 432, 447, 449, 451, 496, 503]
logs_monomial/n9_monomialInverse.txt.bz2.greedyext.20260220_210834.txt

1 27 40 71 72 118 134 158 179 200 240 269 373 431 438 440 453 464 495
Iter#129757 New set #100 of size 19 (1297.6 its/hit = 0.010s/hit): seed=2341432958948531478 [1, 27, 40, 71, 72, 118, 134, 158, 179, 200, 240, 269, 373, 431, 438, 440, 453, 464, 495]
logs_monomial/n9_monomialInverse.txt.bz2.greedyext.20260222_000855.txt

30 33 134 160 162 172 180 189 190 221 232 233 315 339 380 406 428 473 494
Iter#11227012 New set #9000 of size 19 (1247.4 its/hit = 0.013s/hit): seed=17082015756712125736 [30, 33, 134, 160, 162, 172, 180, 189, 190, 221, 232, 233, 315, 339, 380, 406, 428, 473, 494]
logs_monomial/n9_monomialInverse.txt.bz2.greedyext.20260223_083632.txt

103 179 205 206 218 226 248 271 290 300 308 334 391 405 407 446 450 455 486
Iter#378360 New set #300 of size 19 (1261.2 its/hit = 0.010s/hit): seed=6104143841163193284 [103, 179, 205, 206, 218, 226, 248, 271, 290, 300, 308, 334, 391, 405, 407, 446, 450, 455, 486]
logs_monomial/n9_monomialInverse.txt.bz2.greedyext.20260223_083631.txt

3 35 39 79 87 135 164 213 215 230 249 282 291 337 411 433 444 474 498
Iter#2477970 New set #2000 of size 19 (1239.0 its/hit = 0.011s/hit): seed=5092808727008050128 [3, 35, 39, 79, 87, 135, 164, 213, 215, 230, 249, 282, 291, 337, 411, 433, 444, 474, 498]
logs_monomial/n9_monomialInverse.txt.bz2.greedyext.20260223_083632.txt

2 41 116 127 147 181 192 220 225 246 282 301 306 337 352 425 436 442 470
Iter#102909 New set #100 of size 19 (1029.1 its/hit = 0.000s/hit): seed=2393117655259893450 [2, 41, 116, 127, 147, 181, 192, 220, 225, 246, 282, 301, 306, 337, 352, 425, 436, 442, 470]
logs_monomial/n9_monomialInverse.txt.bz2.greedyext.20260220_210834.txt

2 73 80 107 128 197 205 217 227 257 262 311 361 384 390 405 407 414 458
Iter#37813 New set #30 of size 19 (1260.4 its/hit = 0.000s/hit): seed=385394984613366724 [2, 73, 80, 107, 128, 197, 205, 217, 227, 257, 262, 311, 361, 384, 390, 405, 407, 414, 458]
logs_monomial/n9_monomialInverse.txt.bz2.greedyext.20260223_083631.txt

33 40 64 87 126 140 143 189 221 229 259 292 314 326 397 400 401 427 461
Iter#24313 New set #20 of size 19 (1215.7 its/hit = 0.000s/hit): seed=7203680123083885695 [33, 40, 64, 87, 126, 140, 143, 189, 221, 229, 259, 292, 314, 326, 397, 400, 401, 427, 461]
logs_monomial/n9_monomialInverse.txt.bz2.greedyext.20260222_000855.txt

76 101 114 127 189 229 259 280 341 342 368 376 378 414 428 455 483 486 503
Iter#12590242 New set #10000 of size 19 (1259.0 its/hit = 0.014s/hit): seed=11390978754662230213 [76, 101, 114, 127, 189, 229, 259, 280, 341, 342, 368, 376, 378, 414, 428, 455, 483, 486, 503]
logs_monomial/n9_monomialInverse.txt.bz2.greedyext.20260223_083633.txt

11 77 93 111 119 209 223 231 234 262 294 357 422 434 435 472 488 491 492
Iter#11326467 New set #9000 of size 19 (1258.5 its/hit = 0.012s/hit): seed=11489973513971767832 [11, 77, 93, 111, 119, 209, 223, 231, 234, 262, 294, 357, 422, 434, 435, 472, 488, 491, 492]
logs_monomial/n9_monomialInverse.txt.bz2.greedyext.20260222_000855.txt

7 24 33 64 73 92 93 94 118 143 160 261 267 313 327 361 370 437 487
Iter#652360 New set #500 of size 19 (1304.7 its/hit = 0.012s/hit): seed=1743214512958607944 [7, 24, 33, 64, 73, 92, 93, 94, 118, 143, 160, 261, 267, 313, 327, 361, 370, 437, 487]
logs_monomial/n9_monomialInverse.txt.bz2.greedyext.20260223_083633.txt

5 62 84 144 148 165 173 178 181 203 205 225 263 368 381 419 465 479 493
Iter#8815272 New set #7000 of size 19 (1259.3 its/hit = 0.013s/hit): seed=16770585193498496919 [5, 62, 84, 144, 148, 165, 173, 178, 181, 203, 205, 225, 263, 368, 381, 419, 465, 479, 493]
logs_monomial/n9_monomialInverse.txt.bz2.greedyext.20260223_083633.txt

3 4 12 35 40 59 66 116 130 159 194 246 310 328 331 340 396 487 505
Iter#14175 New set #10 of size 19 (1417.5 its/hit = 0.000s/hit): seed=9953020525621648986 [3, 4, 12, 35, 40, 59, 66, 116, 130, 159, 194, 246, 310, 328, 331, 340, 396, 487, 505]
logs_monomial/n9_monomialInverse.txt.bz2.greedyext.20260223_083632.txt

22 174 176 220 237 242 292 306 322 351 393 396 413 430 437 446 474 475 477
Iter#50940770 New set #40000 of size 19 (1273.5 its/hit = 0.012s/hit): seed=6473462934276822980 [22, 174, 176, 220, 237, 242, 292, 306, 322, 351, 393, 396, 413, 430, 437, 446, 474, 475, 477]
logs_monomial/n9_monomialInverse.txt.bz2.greedyext.20260220_210834.txt

19 36 49 63 105 110 113 154 169 221 232 251 256 259 325 360 366 376 392
Iter#93776 New set #80 of size 19 (1172.2 its/hit = 0.000s/hit): seed=7712476224141615885 [19, 36, 49, 63, 105, 110, 113, 154, 169, 221, 232, 251, 256, 259, 325, 360, 366, 376, 392]
logs_monomial/n9_monomialInverse.txt.bz2.greedyext.20260220_210834.txt

33 41 74 90 178 183 231 238 271 389 419 439 454 465 478 479 497 507 509
Iter#4684 New set #3 of size 19 (1561.3 its/hit = 0.000s/hit): seed=11587549911563563605 [33, 41, 74, 90, 178, 183, 231, 238, 271, 389, 419, 439, 454, 465, 478, 479, 497, 507, 509]
logs_monomial/n9_monomialInverse.txt.bz2.greedyext.20260223_083633.txt

2 16 58 129 142 146 161 220 237 242 272 275 300 357 359 393 473 482 504
Iter#107181 New set #90 of size 19 (1190.9 its/hit = 0.000s/hit): seed=3568679748423917137 [2, 16, 58, 129, 142, 146, 161, 220, 237, 242, 272, 275, 300, 357, 359, 393, 473, 482, 504]
logs_monomial/n9_monomialInverse.txt.bz2.greedyext.20260223_083632.txt

4 9 38 41 49 64 71 76 128 153 163 178 204 316 356 359 378 390 454
Iter#51565 New set #40 of size 19 (1289.1 its/hit = 0.000s/hit): seed=1081754091687051639 [4, 9, 38, 41, 49, 64, 71, 76, 128, 153, 163, 178, 204, 316, 356, 359, 378, 390, 454]
logs_monomial/n9_monomialInverse.txt.bz2.greedyext.20260222_000855.txt

15 28 67 93 115 118 145 158 173 196 200 240 285 316 317 329 364 379 455
Iter#7401157 New set #6000 of size 19 (1233.5 its/hit = 0.011s/hit): seed=10436481466993154814 [15, 28, 67, 93, 115, 118, 145, 158, 173, 196, 200, 240, 285, 316, 317, 329, 364, 379, 455]
logs_monomial/n9_monomialInverse.txt.bz2.greedyext.20260222_000855.txt

49 55 57 167 173 177 181 216 241 250 261 280 301 331 341 458 487 499 500
Iter#936 New set #1 of size 19 (936.0 its/hit = 0.000s/hit): seed=1280663643779725599 [49, 55, 57, 167, 173, 177, 181, 216, 241, 250, 261, 280, 301, 331, 341, 458, 487, 499, 500]
logs_monomial/n9_monomialInverse.txt.bz2.greedyext.20260220_210834.txt

9 36 55 60 114 154 155 162 184 234 336 359 374 377 404 423 443 446 486
Iter#744 New set #2 of size 19 (372.0 its/hit = 0.000s/hit): seed=4385548102186799140 [9, 36, 55, 60, 114, 154, 155, 162, 184, 234, 336, 359, 374, 377, 404, 423, 443, 446, 486]
logs_monomial/n9_monomialInverse.txt.bz2.greedyext.20260223_083631.txt

22 59 65 88 143 148 168 172 217 271 326 348 367 375 385 396 430 464 491
Iter#2553 New set #3 of size 19 (851.0 its/hit = 0.000s/hit): seed=12018900556599250175 [22, 59, 65, 88, 143, 148, 168, 172, 217, 271, 326, 348, 367, 375, 385, 396, 430, 464, 491]
logs_monomial/n9_monomialInverse.txt.bz2.greedyext.20260220_210834.txt

13 81 132 139 151 172 174 177 208 231 253 290 291 345 428 444 483 486 498
Iter#276884 New set #200 of size 19 (1384.4 its/hit = 0.010s/hit): seed=5808097900677626631 [13, 81, 132, 139, 151, 172, 174, 177, 208, 231, 253, 290, 291, 345, 428, 444, 483, 486, 498]
logs_monomial/n9_monomialInverse.txt.bz2.greedyext.20260223_083631.txt

26 29 52 56 57 112 126 154 158 173 193 238 252 308 330 351 362 373 473
Iter#100227 New set #80 of size 19 (1252.8 its/hit = 0.000s/hit): seed=9440812426556915810 [26, 29, 52, 56, 57, 112, 126, 154, 158, 173, 193, 238, 252, 308, 330, 351, 362, 373, 473]
logs_monomial/n9_monomialInverse.txt.bz2.greedyext.20260223_083632.txt

9 12 27 90 115 132 136 139 226 228 250 306 324 325 373 462 488 495 499
Iter#6688 New set #8 of size 19 (836.0 its/hit = 0.000s/hit): seed=17681080357883305102 [9, 12, 27, 90, 115, 132, 136, 139, 226, 228, 250, 306, 324, 325, 373, 462, 488, 495, 499]
logs_monomial/n9_monomialInverse.txt.bz2.greedyext.20260223_083633.txt

23 63 90 113 159 175 246 302 311 314 367 388 391 442 444 464 472 490 505
Iter#997843 New set #800 of size 19 (1247.3 its/hit = 0.011s/hit): seed=3289139428633565434 [23, 63, 90, 113, 159, 175, 246, 302, 311, 314, 367, 388, 391, 442, 444, 464, 472, 490, 505]
logs_monomial/n9_monomialInverse.txt.bz2.greedyext.20260220_210834.txt

21 33 36 42 80 82 101 151 169 243 245 255 315 395 402 454 459 474 487
Iter#7195 New set #6 of size 19 (1199.2 its/hit = 0.000s/hit): seed=263700740715307250 [21, 33, 36, 42, 80, 82, 101, 151, 169, 243, 245, 255, 315, 395, 402, 454, 459, 474, 487]
logs_monomial/n9_monomialInverse.txt.bz2.greedyext.20260223_083632.txt

29 36 62 75 84 101 117 154 168 230 256 279 292 298 341 382 443 456 485
Iter#5012137 New set #4000 of size 19 (1253.0 its/hit = 0.012s/hit): seed=4230713244289261021 [29, 36, 62, 75, 84, 101, 117, 154, 168, 230, 256, 279, 292, 298, 341, 382, 443, 456, 485]
logs_monomial/n9_monomialInverse.txt.bz2.greedyext.20260223_083632.txt

6 54 90 114 157 158 172 178 204 271 302 329 354 411 431 462 469 474 493
Iter#10049826 New set #8000 of size 19 (1256.2 its/hit = 0.014s/hit): seed=4406124170913041464 [6, 54, 90, 114, 157, 158, 172, 178, 204, 271, 302, 329, 354, 411, 431, 462, 469, 474, 493]
logs_monomial/n9_monomialInverse.txt.bz2.greedyext.20260223_083633.txt

15 65 80 100 122 123 150 175 271 291 340 353 358 360 362 418 479 495 498
Iter#2185 New set #3 of size 19 (728.3 its/hit = 0.000s/hit): seed=7538164770971433811 [15, 65, 80, 100, 122, 123, 150, 175, 271, 291, 340, 353, 358, 360, 362, 418, 479, 495, 498]
logs_monomial/n9_monomialInverse.txt.bz2.greedyext.20260222_000855.txt

19 79 90 101 120 151 276 305 322 324 342 348 409 418 445 476 482 497 499
Iter#38249079 New set #30000 of size 19 (1275.0 its/hit = 0.012s/hit): seed=225271354803568540 [19, 79, 90, 101, 120, 151, 276, 305, 322, 324, 342, 348, 409, 418, 445, 476, 482, 497, 499]
logs_monomial/n9_monomialInverse.txt.bz2.greedyext.20260220_210834.txt

6 18 60 84 96 193 235 278 286 302 309 334 342 412 418 433 454 479 480
Iter#7419 New set #7 of size 19 (1059.9 its/hit = 0.000s/hit): seed=14469859656004425203 [6, 18, 60, 84, 96, 193, 235, 278, 286, 302, 309, 334, 342, 412, 418, 433, 454, 479, 480]
logs_monomial/n9_monomialInverse.txt.bz2.greedyext.20260223_083632.txt

115 145 192 219 234 247 257 258 266 285 324 334 357 440 469 490 494 506 507
Iter#126049263 New set #100000 of size 19 (1260.5 its/hit = 0.012s/hit): seed=5570236726617982655 [115, 145, 192, 219, 234, 247, 257, 258, 266, 285, 324, 334, 357, 440, 469, 490, 494, 506, 507]
logs_monomial/n9_monomialInverse.txt.bz2.greedyext.20260222_000855.txt

32 43 48 96 126 170 181 230 231 319 325 328 340 396 411 436 439 468 510
Iter#4981349 New set #4000 of size 19 (1245.3 its/hit = 0.012s/hit): seed=4507296123952004815 [32, 43, 48, 96, 126, 170, 181, 230, 231, 319, 325, 328, 340, 396, 411, 436, 439, 468, 510]
logs_monomial/n9_monomialInverse.txt.bz2.greedyext.20260223_083633.txt

13 31 119 122 143 172 193 199 212 229 267 326 330 338 343 359 405 417 486
Iter#252082081 New set #200000 of size 19 (1260.4 its/hit = 0.012s/hit): seed=16502901988775101625 [13, 31, 119, 122, 143, 172, 193, 199, 212, 229, 267, 326, 330, 338, 343, 359, 405, 417, 486]
logs_monomial/n9_monomialInverse.txt.bz2.greedyext.20260222_000855.txt

21 32 42 65 81 164 179 181 186 217 244 263 315 341 355 388 469 472 509
Iter#394887 New set #300 of size 19 (1316.3 its/hit = 0.010s/hit): seed=4026843455606618747 [21, 32, 42, 65, 81, 164, 179, 181, 186, 217, 244, 263, 315, 341, 355, 388, 469, 472, 509]
logs_monomial/n9_monomialInverse.txt.bz2.greedyext.20260222_000855.txt

5 23 37 49 74 90 136 222 244 255 308 374 403 406 412 421 446 464 501
Iter#10687 New set #5 of size 19 (2137.4 its/hit = 0.000s/hit): seed=11449321386440274051 [5, 23, 37, 49, 74, 90, 136, 222, 244, 255, 308, 374, 403, 406, 412, 421, 446, 464, 501]
logs_monomial/n9_monomialInverse.txt.bz2.greedyext.20260223_083631.txt

25 42 51 72 128 200 257 263 297 309 315 316 351 360 377 395 423 498 510
Iter#6263871 New set #5000 of size 19 (1252.8 its/hit = 0.013s/hit): seed=1362107515233734089 [25, 42, 51, 72, 128, 200, 257, 263, 297, 309, 315, 316, 351, 360, 377, 395, 423, 498, 510]
logs_monomial/n9_monomialInverse.txt.bz2.greedyext.20260223_083633.txt

11 21 49 67 110 176 232 283 290 299 315 368 373 379 385 386 444 461 510
Iter#11444257 New set #9000 of size 19 (1271.6 its/hit = 0.012s/hit): seed=1032499850276796964 [11, 21, 49, 67, 110, 176, 232, 283, 290, 299, 315, 368, 373, 379, 385, 386, 444, 461, 510]
logs_monomial/n9_monomialInverse.txt.bz2.greedyext.20260220_210834.txt

1 14 47 90 112 120 122 135 156 186 191 236 255 269 306 352 383 448 492
Iter#238604 New set #200 of size 19 (1193.0 its/hit = 0.010s/hit): seed=9755161896565588109 [1, 14, 47, 90, 112, 120, 122, 135, 156, 186, 191, 236, 255, 269, 306, 352, 383, 448, 492]
logs_monomial/n9_monomialInverse.txt.bz2.greedyext.20260220_210834.txt

82 85 87 110 114 237 254 264 302 326 357 366 398 403 405 411 441 480 484
Iter#88549098 New set #70000 of size 19 (1265.0 its/hit = 0.012s/hit): seed=9437126848678527667 [82, 85, 87, 110, 114, 237, 254, 264, 302, 326, 357, 366, 398, 403, 405, 411, 441, 480, 484]
logs_monomial/n9_monomialInverse.txt.bz2.greedyext.20260220_210834.txt

4 33 35 85 94 97 102 143 179 238 247 270 272 368 383 419 431 492 508
Iter#6159 New set #4 of size 19 (1539.8 its/hit = 0.000s/hit): seed=4344742757949192062 [4, 33, 35, 85, 94, 97, 102, 143, 179, 238, 247, 270, 272, 368, 383, 419, 431, 492, 508]
logs_monomial/n9_monomialInverse.txt.bz2.greedyext.20260223_083631.txt

57 59 87 122 135 153 167 178 184 232 240 309 371 382 408 452 466 469 477
Iter#50359 New set #50 of size 19 (1007.2 its/hit = 0.000s/hit): seed=12471478176459415501 [57, 59, 87, 122, 135, 153, 167, 178, 184, 232, 240, 309, 371, 382, 408, 452, 466, 469, 477]
logs_monomial/n9_monomialInverse.txt.bz2.greedyext.20260223_083633.txt

24 48 61 124 147 196 200 211 231 242 259 275 284 291 380 409 414 458 464
Iter#86302 New set #70 of size 19 (1232.9 its/hit = 0.000s/hit): seed=2227816071457455230 [24, 48, 61, 124, 147, 196, 200, 211, 231, 242, 259, 275, 284, 291, 380, 409, 414, 458, 464]
logs_monomial/n9_monomialInverse.txt.bz2.greedyext.20260223_083631.txt

2 8 22 29 95 101 108 116 145 203 215 266 288 326 340 445 447 454 496
Iter#25356130 New set #20000 of size 19 (1267.8 its/hit = 0.012s/hit): seed=15997955780544514424 [2, 8, 22, 29, 95, 101, 108, 116, 145, 203, 215, 266, 288, 326, 340, 445, 447, 454, 496]
logs_monomial/n9_monomialInverse.txt.bz2.greedyext.20260220_210834.txt

20 22 28 56 106 134 139 171 200 201 224 328 340 379 388 403 434 448 467
Iter#3729305 New set #3000 of size 19 (1243.1 its/hit = 0.011s/hit): seed=9914676995375924611 [20, 22, 28, 56, 106, 134, 139, 171, 200, 201, 224, 328, 340, 379, 388, 403, 434, 448, 467]
logs_monomial/n9_monomialInverse.txt.bz2.greedyext.20260223_083632.txt

3 7 73 90 103 145 180 248 255 256 259 276 277 320 431 453 471 477 500
Iter#6375860 New set #5000 of size 19 (1275.2 its/hit = 0.012s/hit): seed=7950391250446548783 [3, 7, 73, 90, 103, 145, 180, 248, 255, 256, 259, 276, 277, 320, 431, 453, 471, 477, 500]
logs_monomial/n9_monomialInverse.txt.bz2.greedyext.20260220_210834.txt

49 64 108 115 121 144 146 199 204 213 220 278 292 347 373 403 415 446 493
Iter#6210841 New set #5000 of size 19 (1242.2 its/hit = 0.011s/hit): seed=9246553669003900129 [49, 64, 108, 115, 121, 144, 146, 199, 204, 213, 220, 278, 292, 347, 373, 403, 415, 446, 493]
logs_monomial/n9_monomialInverse.txt.bz2.greedyext.20260222_000855.txt

28 46 65 94 137 153 214 221 224 229 234 277 317 336 438 443 447 457 504
Iter#5664 New set #5 of size 19 (1132.8 its/hit = 0.000s/hit): seed=880658663047871814 [28, 46, 65, 94, 137, 153, 214, 221, 224, 229, 234, 277, 317, 336, 438, 443, 447, 457, 504]
logs_monomial/n9_monomialInverse.txt.bz2.greedyext.20260223_083633.txt

46 77 107 112 123 136 143 171 173 175 223 230 277 299 355 401 416 448 478
Iter#60049 New set #60 of size 19 (1000.8 its/hit = 0.000s/hit): seed=14420914035824853480 [46, 77, 107, 112, 123, 136, 143, 171, 173, 175, 223, 230, 277, 299, 355, 401, 416, 448, 478]
logs_monomial/n9_monomialInverse.txt.bz2.greedyext.20260223_083633.txt

8 11 26 60 61 189 199 219 264 274 290 369 405 442 444 459 480 487 505
Iter#8947259 New set #7000 of size 19 (1278.2 its/hit = 0.013s/hit): seed=7769592058659843249 [8, 11, 26, 60, 61, 189, 199, 219, 264, 274, 290, 369, 405, 442, 444, 459, 480, 487, 505]
logs_monomial/n9_monomialInverse.txt.bz2.greedyext.20260223_083631.txt

29 87 91 94 123 132 156 175 200 215 221 257 295 311 324 332 416 441 442
Iter#60594 New set #50 of size 19 (1211.9 its/hit = 0.000s/hit): seed=13085073213559229423 [29, 87, 91, 94, 123, 132, 156, 175, 200, 215, 221, 257, 295, 311, 324, 332, 416, 441, 442]
logs_monomial/n9_monomialInverse.txt.bz2.greedyext.20260223_083631.txt

17 54 67 73 96 112 201 261 287 306 309 311 313 358 410 436 473 484 502
Iter#72171 New set #70 of size 19 (1031.0 its/hit = 0.000s/hit): seed=3147515859901634829 [17, 54, 67, 73, 96, 112, 201, 261, 287, 306, 309, 311, 313, 358, 410, 436, 473, 484, 502]
logs_monomial/n9_monomialInverse.txt.bz2.greedyext.20260223_083632.txt

51 84 91 92 106 118 164 177 196 237 249 255 294 349 371 385 422 475 503
Iter#10890 New set #9 of size 19 (1210.0 its/hit = 0.000s/hit): seed=3629671573792257819 [51, 84, 91, 92, 106, 118, 164, 177, 196, 237, 249, 255, 294, 349, 371, 385, 422, 475, 503]
logs_monomial/n9_monomialInverse.txt.bz2.greedyext.20260220_210834.txt

89 107 114 143 198 201 209 210 215 220 235 253 287 350 411 426 440 452 481
Iter#502855 New set #400 of size 19 (1257.1 its/hit = 0.010s/hit): seed=14449108772775467451 [89, 107, 114, 143, 198, 201, 209, 210, 215, 220, 235, 253, 287, 350, 411, 426, 440, 452, 481]
logs_monomial/n9_monomialInverse.txt.bz2.greedyext.20260220_210834.txt

1 4 11 64 87 90 106 123 133 139 151 180 225 397 399 435 461 469 506
Iter#63195752 New set #50000 of size 19 (1263.9 its/hit = 0.012s/hit): seed=6703873970758859677 [1, 4, 11, 64, 87, 90, 106, 123, 133, 139, 151, 180, 225, 397, 399, 435, 461, 469, 506]
logs_monomial/n9_monomialInverse.txt.bz2.greedyext.20260222_000855.txt

1 13 16 30 46 60 74 78 107 113 138 140 148 194 268 366 416 461 473
Iter#102448 New set #90 of size 19 (1138.3 its/hit = 0.011s/hit): seed=4314675356033879562 [1, 13, 16, 30, 46, 60, 74, 78, 107, 113, 138, 140, 148, 194, 268, 366, 416, 461, 473]
logs_monomial/n9_monomialInverse.txt.bz2.greedyext.20260223_083633.txt

20 56 68 76 98 137 215 232 237 242 243 271 320 331 338 348 361 362 438
Iter#1532 New set #1 of size 19 (1532.0 its/hit = 0.000s/hit): seed=6451336526429600693 [20, 56, 68, 76, 98, 137, 215, 232, 237, 242, 243, 271, 320, 331, 338, 348, 361, 362, 438]
logs_monomial/n9_monomialInverse.txt.bz2.greedyext.20260222_000855.txt

18 46 57 81 154 159 164 186 233 246 271 277 291 347 370 390 464 473 489
Iter#8797 New set #4 of size 19 (2199.2 its/hit = 0.000s/hit): seed=5508955684549594299 [18, 46, 57, 81, 154, 159, 164, 186, 233, 246, 271, 277, 291, 347, 370, 390, 464, 473, 489]
logs_monomial/n9_monomialInverse.txt.bz2.greedyext.20260222_000855.txt

20 40 65 69 91 96 99 129 152 162 228 293 310 343 346 378 422 449 497
Iter#1720 New set #2 of size 19 (860.0 its/hit = 0.000s/hit): seed=2263917504072952812 [20, 40, 65, 69, 91, 96, 99, 129, 152, 162, 228, 293, 310, 343, 346, 378, 422, 449, 497]
logs_monomial/n9_monomialInverse.txt.bz2.greedyext.20260222_000855.txt

8 27 34 53 96 102 141 194 228 241 253 263 288 302 319 363 374 377 464
Iter#11339 New set #10 of size 19 (1133.9 its/hit = 0.000s/hit): seed=17752193681716618943 [8, 27, 34, 53, 96, 102, 141, 194, 228, 241, 253, 263, 288, 302, 319, 363, 374, 377, 464]
logs_monomial/n9_monomialInverse.txt.bz2.greedyext.20260220_210834.txt

3 10 30 38 69 94 142 156 208 209 318 329 350 380 404 414 419 437 460
Iter#12514366 New set #10000 of size 19 (1251.4 its/hit = 0.013s/hit): seed=5126807459433454631 [3, 10, 30, 38, 69, 94, 142, 156, 208, 209, 318, 329, 350, 380, 404, 414, 419, 437, 460]
logs_monomial/n9_monomialInverse.txt.bz2.greedyext.20260223_083632.txt

7 10 40 50 51 90 134 150 201 204 223 314 330 353 403 420 455 467 501
Iter#10052955 New set #8000 of size 19 (1256.6 its/hit = 0.011s/hit): seed=5842918143936844774 [7, 10, 40, 50, 51, 90, 134, 150, 201, 204, 223, 314, 330, 353, 403, 420, 455, 467, 501]
logs_monomial/n9_monomialInverse.txt.bz2.greedyext.20260222_000855.txt

7 43 48 50 55 72 108 134 176 214 246 248 256 277 406 423 455 459 482
Iter#31108 New set #20 of size 19 (1555.4 its/hit = 0.000s/hit): seed=2988258707234138410 [7, 43, 48, 50, 55, 72, 108, 134, 176, 214, 246, 248, 256, 277, 406, 423, 455, 459, 482]
logs_monomial/n9_monomialInverse.txt.bz2.greedyext.20260223_083631.txt

9 27 91 108 135 219 260 281 290 316 334 349 424 460 481 484 493 501 504
Iter#778669 New set #600 of size 19 (1297.8 its/hit = 0.012s/hit): seed=4347479852622985900 [9, 27, 91, 108, 135, 219, 260, 281, 290, 316, 334, 349, 424, 460, 481, 484, 493, 501, 504]
logs_monomial/n9_monomialInverse.txt.bz2.greedyext.20260223_083631.txt

28 31 79 99 112 169 174 178 200 204 251 269 298 315 392 407 457 465 481
Iter#10583 New set #8 of size 19 (1322.9 its/hit = 0.000s/hit): seed=10867868497542922479 [28, 31, 79, 99, 112, 169, 174, 178, 200, 204, 251, 269, 298, 315, 392, 407, 457, 465, 481]
logs_monomial/n9_monomialInverse.txt.bz2.greedyext.20260220_210834.txt

19 29 51 94 173 184 201 218 240 255 262 266 271 280 387 392 393 455 470
Iter#9348 New set #9 of size 19 (1038.7 its/hit = 0.000s/hit): seed=8613348124972374808 [19, 29, 51, 94, 173, 184, 201, 218, 240, 255, 262, 266, 271, 280, 387, 392, 393, 455, 470]
logs_monomial/n9_monomialInverse.txt.bz2.greedyext.20260223_083633.txt

6 78 91 95 159 161 170 188 202 218 324 400 417 429 431 460 478 494 501
Iter#2510547 New set #2000 of size 19 (1255.3 its/hit = 0.012s/hit): seed=2731043198693585905 [6, 78, 91, 95, 159, 161, 170, 188, 202, 218, 324, 400, 417, 429, 431, 460, 478, 494, 501]
logs_monomial/n9_monomialInverse.txt.bz2.greedyext.20260223_083633.txt

2 50 67 68 129 132 179 183 188 195 208 218 270 299 381 416 453 477 496
Iter#7548440 New set #6000 of size 19 (1258.1 its/hit = 0.013s/hit): seed=14732738005840314579 [2, 50, 67, 68, 129, 132, 179, 183, 188, 195, 208, 218, 270, 299, 381, 416, 453, 477, 496]
logs_monomial/n9_monomialInverse.txt.bz2.greedyext.20260223_083633.txt

8 62 67 75 194 197 219 239 247 250 294 320 387 417 429 442 458 460 489
Iter#11330279 New set #9000 of size 19 (1258.9 its/hit = 0.014s/hit): seed=1583559544909207214 [8, 62, 67, 75, 194, 197, 219, 239, 247, 250, 294, 320, 387, 417, 429, 442, 458, 460, 489]
logs_monomial/n9_monomialInverse.txt.bz2.greedyext.20260223_083633.txt

36 38 54 142 151 201 211 214 274 285 317 353 387 400 422 431 433 434 453
Iter#874884 New set #700 of size 19 (1249.8 its/hit = 0.011s/hit): seed=12097436446787809324 [36, 38, 54, 142, 151, 201, 211, 214, 274, 285, 317, 353, 387, 400, 422, 431, 433, 434, 453]
logs_monomial/n9_monomialInverse.txt.bz2.greedyext.20260220_210834.txt

19 24 28 42 92 95 167 179 238 289 312 322 346 348 413 422 444 469 484
Iter#818 New set #1 of size 19 (818.0 its/hit = 0.000s/hit): seed=14109671395893393991 [19, 24, 28, 42, 92, 95, 167, 179, 238, 289, 312, 322, 346, 348, 413, 422, 444, 469, 484]
logs_monomial/n9_monomialInverse.txt.bz2.greedyext.20260223_083633.txt

27 36 47 86 106 116 129 137 178 231 245 275 324 394 422 427 451 467 506
Iter#75841809 New set #60000 of size 19 (1264.0 its/hit = 0.012s/hit): seed=10522638399080616344 [27, 36, 47, 86, 106, 116, 129, 137, 178, 231, 245, 275, 324, 394, 422, 427, 451, 467, 506]
logs_monomial/n9_monomialInverse.txt.bz2.greedyext.20260222_000855.txt

62 122 180 184 219 225 264 358 367 370 393 405 433 450 463 468 505 508 511
Iter#34367 New set #30 of size 19 (1145.6 its/hit = 0.000s/hit): seed=4627481747955224382 [62, 122, 180, 184, 219, 225, 264, 358, 367, 370, 393, 405, 433, 450, 463, 468, 505, 508, 511]
logs_monomial/n9_monomialInverse.txt.bz2.greedyext.20260223_083632.txt

32 54 117 134 138 225 234 235 267 293 336 357 369 376 385 388 408 477 496
Iter#5067510 New set #4000 of size 19 (1266.9 its/hit = 0.012s/hit): seed=758053348459368276 [32, 54, 117, 134, 138, 225, 234, 235, 267, 293, 336, 357, 369, 376, 385, 388, 408, 477, 496]
logs_monomial/n9_monomialInverse.txt.bz2.greedyext.20260223_083631.txt

5 29 31 35 58 113 127 162 164 241 277 302 309 374 417 444 453 467 468
Iter#40983 New set #30 of size 19 (1366.1 its/hit = 0.000s/hit): seed=1159663100673237529 [5, 29, 31, 35, 58, 113, 127, 162, 164, 241, 277, 302, 309, 374, 417, 444, 453, 467, 468]
logs_monomial/n9_monomialInverse.txt.bz2.greedyext.20260222_000855.txt

54 95 139 165 178 258 271 316 329 346 367 410 426 427 429 453 462 490 497
Iter#7687390 New set #6000 of size 19 (1281.2 its/hit = 0.013s/hit): seed=2040530206774172432 [54, 95, 139, 165, 178, 258, 271, 316, 329, 346, 367, 410, 426, 427, 429, 453, 462, 490, 497]
logs_monomial/n9_monomialInverse.txt.bz2.greedyext.20260223_083631.txt

56 75 106 111 114 174 205 209 219 264 284 318 343 393 416 425 454 456 504
Iter#911570 New set #700 of size 19 (1302.2 its/hit = 0.011s/hit): seed=8702996632766175261 [56, 75, 106, 111, 114, 174, 205, 209, 219, 264, 284, 318, 343, 393, 416, 425, 454, 456, 504]
logs_monomial/n9_monomialInverse.txt.bz2.greedyext.20260223_083631.txt

29 31 65 108 142 166 279 294 297 315 318 322 334 394 450 458 478 484 510
Iter#505029347 New set #400000 of size 19 (1262.6 its/hit = 0.012s/hit): seed=8876945414613409151 [29, 31, 65, 108, 142, 166, 279, 294, 297, 315, 318, 322, 334, 394, 450, 458, 478, 484, 510]
logs_monomial/n9_monomialInverse.txt.bz2.greedyext.20260222_000855.txt

2 14 23 46 49 51 53 67 68 73 203 221 232 261 281 415 423 482 496
Iter#748827 New set #600 of size 19 (1248.0 its/hit = 0.010s/hit): seed=12738406813053975437 [2, 14, 23, 46, 49, 51, 53, 67, 68, 73, 203, 221, 232, 261, 281, 415, 423, 482, 496]
logs_monomial/n9_monomialInverse.txt.bz2.greedyext.20260222_000855.txt

15 88 109 113 132 160 166 175 207 256 258 259 305 321 324 332 347 376 412
Iter#20409 New set #20 of size 19 (1020.5 its/hit = 0.000s/hit): seed=8336800772204870236 [15, 88, 109, 113, 132, 160, 166, 175, 207, 256, 258, 259, 305, 321, 324, 332, 347, 376, 412]
logs_monomial/n9_monomialInverse.txt.bz2.greedyext.20260220_210834.txt

12 42 45 49 58 72 103 146 163 177 225 229 284 299 331 376 442 476 477
Iter#8661 New set #8 of size 19 (1082.6 its/hit = 0.000s/hit): seed=12063305423802303968 [12, 42, 45, 49, 58, 72, 103, 146, 163, 177, 225, 229, 284, 299, 331, 376, 442, 476, 477]
logs_monomial/n9_monomialInverse.txt.bz2.greedyext.20260223_083632.txt

24 32 82 101 132 136 171 172 228 242 274 278 280 301 423 431 457 464 506
Iter#628760 New set #500 of size 19 (1257.5 its/hit = 0.010s/hit): seed=340798214234442437 [24, 32, 82, 101, 132, 136, 171, 172, 228, 242, 274, 278, 280, 301, 423, 431, 457, 464, 506]
logs_monomial/n9_monomialInverse.txt.bz2.greedyext.20260222_000855.txt

43 92 100 104 136 149 205 244 313 322 323 336 365 370 381 386 393 484 489
Iter#3934 New set #3 of size 19 (1311.3 its/hit = 0.000s/hit): seed=3396318364003233740 [43, 92, 100, 104, 136, 149, 205, 244, 313, 322, 323, 336, 365, 370, 381, 386, 393, 484, 489]
logs_monomial/n9_monomialInverse.txt.bz2.greedyext.20260223_083631.txt

30 41 78 90 108 204 229 242 244 245 247 257 280 351 369 406 414 464 502
Iter#792214 New set #600 of size 19 (1320.4 its/hit = 0.013s/hit): seed=9780198478396487401 [30, 41, 78, 90, 108, 204, 229, 242, 244, 245, 247, 257, 280, 351, 369, 406, 414, 464, 502]
logs_monomial/n9_monomialInverse.txt.bz2.greedyext.20260223_083633.txt

6 34 96 101 133 166 178 200 203 210 214 262 277 289 314 388 425 431 476
Iter#516460 New set #400 of size 19 (1291.2 its/hit = 0.010s/hit): seed=10470098063079026741 [6, 34, 96, 101, 133, 166, 178, 200, 203, 210, 214, 262, 277, 289, 314, 388, 425, 431, 476]
logs_monomial/n9_monomialInverse.txt.bz2.greedyext.20260223_083631.txt

7 45 163 173 195 246 260 280 299 309 316 344 350 354 411 428 459 467 493
Iter#860829 New set #700 of size 19 (1229.8 its/hit = 0.010s/hit): seed=11267226687608528311 [7, 45, 163, 173, 195, 246, 260, 280, 299, 309, 316, 344, 350, 354, 411, 428, 459, 467, 493]
logs_monomial/n9_monomialInverse.txt.bz2.greedyext.20260222_000855.txt

61 92 113 136 166 172 177 232 239 246 250 251 264 280 308 314 345 408 410
Iter#15969 New set #9 of size 19 (1774.3 its/hit = 0.000s/hit): seed=13618328521181489242 [61, 92, 113, 136, 166, 172, 177, 232, 239, 246, 250, 251, 264, 280, 308, 314, 345, 408, 410]
logs_monomial/n9_monomialInverse.txt.bz2.greedyext.20260223_083631.txt

9 10 57 66 67 137 139 188 215 249 254 275 279 293 324 340 434 445 499
Iter#76645 New set #70 of size 19 (1094.9 its/hit = 0.000s/hit): seed=2502894137662182571 [9, 10, 57, 66, 67, 137, 139, 188, 215, 249, 254, 275, 279, 293, 324, 340, 434, 445, 499]
logs_monomial/n9_monomialInverse.txt.bz2.greedyext.20260220_210834.txt

6 41 62 86 107 125 186 204 224 259 268 297 346 372 396 430 439 464 505
Iter#10157904 New set #8000 of size 19 (1269.7 its/hit = 0.012s/hit): seed=1846808001961168150 [6, 41, 62, 86, 107, 125, 186, 204, 224, 259, 268, 297, 346, 372, 396, 430, 439, 464, 505]
logs_monomial/n9_monomialInverse.txt.bz2.greedyext.20260220_210834.txt

4 17 126 153 186 196 198 221 235 236 241 265 365 370 388 393 441 490 505
Iter#98183 New set #90 of size 19 (1090.9 its/hit = 0.000s/hit): seed=5021318244653099911 [4, 17, 126, 153, 186, 196, 198, 221, 235, 236, 241, 265, 365, 370, 388, 393, 441, 490, 505]
logs_monomial/n9_monomialInverse.txt.bz2.greedyext.20260220_210834.txt

1 11 38 54 165 224 245 260 281 301 327 382 411 425 432 443 475 477 511
Iter#1315112 New set #1000 of size 19 (1315.1 its/hit = 0.012s/hit): seed=9501085984146266952 [1, 11, 38, 54, 165, 224, 245, 260, 281, 301, 327, 382, 411, 425, 432, 443, 475, 477, 511]
logs_monomial/n9_monomialInverse.txt.bz2.greedyext.20260223_083631.txt

39 71 78 142 158 198 218 219 260 263 271 290 341 355 370 397 417 466 488
Iter#1034497 New set #800 of size 19 (1293.1 its/hit = 0.012s/hit): seed=1181845136313650203 [39, 71, 78, 142, 158, 198, 218, 219, 260, 263, 271, 290, 341, 355, 370, 397, 417, 466, 488]
logs_monomial/n9_monomialInverse.txt.bz2.greedyext.20260223_083633.txt

9 21 34 55 71 136 152 176 212 220 231 240 272 354 355 377 449 459 481
Iter#1090994 New set #900 of size 19 (1212.2 its/hit = 0.011s/hit): seed=4509119701443905374 [9, 21, 34, 55, 71, 136, 152, 176, 212, 220, 231, 240, 272, 354, 355, 377, 449, 459, 481]
logs_monomial/n9_monomialInverse.txt.bz2.greedyext.20260223_083632.txt

31 37 71 86 88 97 137 170 202 241 245 249 268 333 353 356 358 415 430
Iter#69531 New set #60 of size 19 (1158.8 its/hit = 0.000s/hit): seed=3469030578691151049 [31, 37, 71, 86, 88, 97, 137, 170, 202, 241, 245, 249, 268, 333, 353, 356, 358, 415, 430]
logs_monomial/n9_monomialInverse.txt.bz2.greedyext.20260220_210834.txt

46 66 103 116 141 142 156 176 202 210 223 255 285 297 302 368 378 440 478
Iter#496578 New set #400 of size 19 (1241.4 its/hit = 0.010s/hit): seed=14149333735965835451 [46, 66, 103, 116, 141, 142, 156, 176, 202, 210, 223, 255, 285, 297, 302, 368, 378, 440, 478]
logs_monomial/n9_monomialInverse.txt.bz2.greedyext.20260223_083632.txt

63 133 139 173 187 215 267 282 287 334 337 356 390 434 448 450 454 463 472
Iter#8703 New set #9 of size 19 (967.0 its/hit = 0.000s/hit): seed=3572921498106279275 [63, 133, 139, 173, 187, 215, 267, 282, 287, 334, 337, 356, 390, 434, 448, 450, 454, 463, 472]
logs_monomial/n9_monomialInverse.txt.bz2.greedyext.20260223_083632.txt

63 73 84 105 109 148 184 197 214 236 237 256 263 287 351 393 400 483 501
Iter#266424 New set #200 of size 19 (1332.1 its/hit = 0.010s/hit): seed=672363417582325558 [63, 73, 84, 105, 109, 148, 184, 197, 214, 236, 237, 256, 263, 287, 351, 393, 400, 483, 501]
logs_monomial/n9_monomialInverse.txt.bz2.greedyext.20260222_000855.txt

58 59 197 225 271 290 293 294 300 357 366 371 373 399 412 414 423 441 450
Iter#9945 New set #6 of size 19 (1657.5 its/hit = 0.000s/hit): seed=251868368803200420 [58, 59, 197, 225, 271, 290, 293, 294, 300, 357, 366, 371, 373, 399, 412, 414, 423, 441, 450]
logs_monomial/n9_monomialInverse.txt.bz2.greedyext.20260222_000855.txt

3 45 50 87 108 111 146 191 229 231 269 326 356 357 371 423 425 483 490
Iter#384404 New set #300 of size 19 (1281.3 its/hit = 0.013s/hit): seed=15617679725669923524 [3, 45, 50, 87, 108, 111, 146, 191, 229, 231, 269, 326, 356, 357, 371, 423, 425, 483, 490]
logs_monomial/n9_monomialInverse.txt.bz2.greedyext.20260223_083633.txt

12 57 78 115 125 158 161 162 184 217 246 341 383 399 401 447 474 482 502
Iter#6265 New set #3 of size 19 (2088.3 its/hit = 0.000s/hit): seed=13909950946025740726 [12, 57, 78, 115, 125, 158, 161, 162, 184, 217, 246, 341, 383, 399, 401, 447, 474, 482, 502]
logs_monomial/n9_monomialInverse.txt.bz2.greedyext.20260223_083632.txt

6 10 15 48 52 59 117 158 241 249 291 310 334 355 389 407 416 438 510
Iter#43763 New set #40 of size 19 (1094.1 its/hit = 0.000s/hit): seed=9962902749669612428 [6, 10, 15, 48, 52, 59, 117, 158, 241, 249, 291, 310, 334, 355, 389, 407, 416, 438, 510]
logs_monomial/n9_monomialInverse.txt.bz2.greedyext.20260223_083633.txt

108 130 154 182 190 198 202 237 260 263 308 319 353 412 433 444 483 508 510
Iter#379208 New set #300 of size 19 (1264.0 its/hit = 0.010s/hit): seed=16767075428299256791 [108, 130, 154, 182, 190, 198, 202, 237, 260, 263, 308, 319, 353, 412, 433, 444, 483, 508, 510]
logs_monomial/n9_monomialInverse.txt.bz2.greedyext.20260223_083632.txt

7 14 39 66 68 105 122 160 170 287 304 326 352 377 435 446 479 486 489
Iter#56248 New set #50 of size 19 (1125.0 its/hit = 0.000s/hit): seed=12134761377182584700 [7, 14, 39, 66, 68, 105, 122, 160, 170, 287, 304, 326, 352, 377, 435, 446, 479, 486, 489]
logs_monomial/n9_monomialInverse.txt.bz2.greedyext.20260220_210834.txt

11 22 24 36 82 95 123 141 153 159 200 240 288 325 376 384 433 438 477
Iter#11639 New set #10 of size 19 (1163.9 its/hit = 0.000s/hit): seed=17873238824978155392 [11, 22, 24, 36, 82, 95, 123, 141, 153, 159, 200, 240, 288, 325, 376, 384, 433, 438, 477]
logs_monomial/n9_monomialInverse.txt.bz2.greedyext.20260223_083633.txt

45 65 99 105 112 127 146 165 173 199 210 211 223 245 372 404 413 415 420
Iter#8534 New set #6 of size 19 (1422.3 its/hit = 0.000s/hit): seed=4872901485847221508 [45, 65, 99, 105, 112, 127, 146, 165, 173, 199, 210, 211, 223, 245, 372, 404, 413, 415, 420]
logs_monomial/n9_monomialInverse.txt.bz2.greedyext.20260220_210834.txt

87 112 119 123 149 165 180 231 233 240 250 255 288 324 346 367 386 473 508
Iter#7035 New set #5 of size 19 (1407.0 its/hit = 0.000s/hit): seed=15293968539008523350 [87, 112, 119, 123, 149, 165, 180, 231, 233, 240, 250, 255, 288, 324, 346, 367, 386, 473, 508]
logs_monomial/n9_monomialInverse.txt.bz2.greedyext.20260223_083632.txt

7 32 41 51 160 174 178 209 231 295 360 401 414 417 439 460 467 469 511
Iter#2257 New set #2 of size 19 (1128.5 its/hit = 0.000s/hit): seed=18263456835592616702 [7, 32, 41, 51, 160, 174, 178, 209, 231, 295, 360, 401, 414, 417, 439, 460, 467, 469, 511]
logs_monomial/n9_monomialInverse.txt.bz2.greedyext.20260223_083632.txt

44 84 136 153 175 199 205 222 227 235 277 309 340 357 366 373 379 463 467
Iter#1198041 New set #900 of size 19 (1331.2 its/hit = 0.012s/hit): seed=10487413602743612661 [44, 84, 136, 153, 175, 199, 205, 222, 227, 235, 277, 309, 340, 357, 366, 373, 379, 463, 467]
logs_monomial/n9_monomialInverse.txt.bz2.greedyext.20260223_083631.txt

34 48 66 73 120 129 141 146 162 210 258 380 426 427 443 451 471 506 509
Iter#864272 New set #700 of size 19 (1234.7 its/hit = 0.010s/hit): seed=8462780066485914035 [34, 48, 66, 73, 120, 129, 141, 146, 162, 210, 258, 380, 426, 427, 443, 451, 471, 506, 509]
logs_monomial/n9_monomialInverse.txt.bz2.greedyext.20260223_083632.txt

58 87 103 126 191 206 211 266 269 296 368 372 395 436 451 468 480 495 511
Iter#5399 New set #4 of size 19 (1349.8 its/hit = 0.000s/hit): seed=8835167175502518763 [58, 87, 103, 126, 191, 206, 211, 266, 269, 296, 368, 372, 395, 436, 451, 468, 480, 495, 511]
logs_monomial/n9_monomialInverse.txt.bz2.greedyext.20260223_083633.txt

26 54 91 107 108 129 135 147 169 289 306 311 317 338 368 419 445 486 497
Iter#6545 New set #7 of size 19 (935.0 its/hit = 0.000s/hit): seed=9531356067063874020 [26, 54, 91, 107, 108, 129, 135, 147, 169, 289, 306, 311, 317, 338, 368, 419, 445, 486, 497]
logs_monomial/n9_monomialInverse.txt.bz2.greedyext.20260223_083633.txt

42 76 105 122 125 210 231 288 296 306 318 323 408 412 423 440 466 490 497
Iter#11370 New set #7 of size 19 (1624.3 its/hit = 0.000s/hit): seed=17201566823001338626 [42, 76, 105, 122, 125, 210, 231, 288, 296, 306, 318, 323, 408, 412, 423, 440, 466, 490, 497]
logs_monomial/n9_monomialInverse.txt.bz2.greedyext.20260222_000855.txt

28 32 49 83 87 88 102 171 172 233 236 306 322 400 413 447 465 467 491
Iter#6349827 New set #5000 of size 19 (1270.0 its/hit = 0.013s/hit): seed=10580551317032634027 [28, 32, 49, 83, 87, 88, 102, 171, 172, 233, 236, 306, 322, 400, 413, 447, 465, 467, 491]
logs_monomial/n9_monomialInverse.txt.bz2.greedyext.20260223_083631.txt

50 82 105 107 110 113 184 209 254 263 275 317 320 326 352 422 436 442 502
Iter#2561311 New set #2000 of size 19 (1280.7 its/hit = 0.012s/hit): seed=13449753277115572199 [50, 82, 105, 107, 110, 113, 184, 209, 254, 263, 275, 317, 320, 326, 352, 422, 436, 442, 502]
logs_monomial/n9_monomialInverse.txt.bz2.greedyext.20260223_083631.txt

25 68 80 159 172 191 244 284 286 313 319 337 342 347 363 439 456 474 492
Iter#1042926 New set #800 of size 19 (1303.7 its/hit = 0.011s/hit): seed=18294219797762982331 [25, 68, 80, 159, 172, 191, 244, 284, 286, 313, 319, 337, 342, 347, 363, 439, 456, 474, 492]
logs_monomial/n9_monomialInverse.txt.bz2.greedyext.20260223_083631.txt

13 46 58 74 77 80 101 144 200 230 232 241 301 305 323 337 371 423 450
Iter#84134 New set #70 of size 19 (1201.9 its/hit = 0.000s/hit): seed=10691215445865319561 [13, 46, 58, 74, 77, 80, 101, 144, 200, 230, 232, 241, 301, 305, 323, 337, 371, 423, 450]
logs_monomial/n9_monomialInverse.txt.bz2.greedyext.20260222_000855.txt

8 17 61 101 148 159 183 196 219 259 275 290 292 296 326 441 455 493 510
Iter#1003319 New set #800 of size 19 (1254.1 its/hit = 0.011s/hit): seed=13780394390731850615 [8, 17, 61, 101, 148, 159, 183, 196, 219, 259, 275, 290, 292, 296, 326, 441, 455, 493, 510]
logs_monomial/n9_monomialInverse.txt.bz2.greedyext.20260222_000855.txt

35 44 89 104 115 149 163 173 255 260 308 326 331 365 367 428 431 450 479
Iter#63390787 New set #50000 of size 19 (1267.8 its/hit = 0.012s/hit): seed=8237099758829013445 [35, 44, 89, 104, 115, 149, 163, 173, 255, 260, 308, 326, 331, 365, 367, 428, 431, 450, 479]
logs_monomial/n9_monomialInverse.txt.bz2.greedyext.20260220_210834.txt

17 144 155 163 176 185 191 287 288 293 360 367 404 406 460 465 495 496 509
Iter#25201 New set #30 of size 19 (840.0 its/hit = 0.000s/hit): seed=5843285081021485563 [17, 144, 155, 163, 176, 185, 191, 287, 288, 293, 360, 367, 404, 406, 460, 465, 495, 496, 509]
logs_monomial/n9_monomialInverse.txt.bz2.greedyext.20260220_210834.txt

18 95 130 150 158 169 177 180 217 253 261 283 349 367 381 398 443 448 481
Iter#5050255 New set #4000 of size 19 (1262.6 its/hit = 0.012s/hit): seed=11686905790675335191 [18, 95, 130, 150, 158, 169, 177, 180, 217, 253, 261, 283, 349, 367, 381, 398, 443, 448, 481]
logs_monomial/n9_monomialInverse.txt.bz2.greedyext.20260220_210834.txt

24 48 62 132 136 149 175 176 249 259 324 332 333 371 420 432 438 463 494
Iter#88548356 New set #70000 of size 19 (1265.0 its/hit = 0.012s/hit): seed=512955268009864706 [24, 48, 62, 132, 136, 149, 175, 176, 249, 259, 324, 332, 333, 371, 420, 432, 438, 463, 494]
logs_monomial/n9_monomialInverse.txt.bz2.greedyext.20260222_000855.txt

43 59 83 104 130 137 182 199 201 237 287 294 321 390 394 439 448 478 502
Iter#3746372 New set #3000 of size 19 (1248.8 its/hit = 0.012s/hit): seed=5077452500148907053 [43, 59, 83, 104, 130, 137, 182, 199, 201, 237, 287, 294, 321, 390, 394, 439, 448, 478, 502]
logs_monomial/n9_monomialInverse.txt.bz2.greedyext.20260223_083633.txt

35 41 51 183 215 217 246 306 330 347 350 359 364 444 445 471 481 486 511
Iter#3742556 New set #3000 of size 19 (1247.5 its/hit = 0.011s/hit): seed=5752761937318257102 [35, 41, 51, 183, 215, 217, 246, 306, 330, 347, 350, 359, 364, 444, 445, 471, 481, 486, 511]
logs_monomial/n9_monomialInverse.txt.bz2.greedyext.20260222_000855.txt

2 6 10 26 48 61 170 213 236 352 354 357 386 407 420 427 449 463 476
Iter#626328 New set #500 of size 19 (1252.7 its/hit = 0.010s/hit): seed=14975877270949712327 [2, 6, 10, 26, 48, 61, 170, 213, 236, 352, 354, 357, 386, 407, 420, 427, 449, 463, 476]
logs_monomial/n9_monomialInverse.txt.bz2.greedyext.20260220_210834.txt

16 32 91 115 165 167 230 260 305 324 349 350 367 377 430 454 457 471 484
Iter#7644013 New set #6000 of size 19 (1274.0 its/hit = 0.012s/hit): seed=15177534637436234 [16, 32, 91, 115, 165, 167, 230, 260, 305, 324, 349, 350, 367, 377, 430, 454, 457, 471, 484]
logs_monomial/n9_monomialInverse.txt.bz2.greedyext.20260220_210834.txt

25 45 70 81 112 127 161 163 247 258 324 337 348 371 376 433 445 454 462
Iter#13491 New set #10 of size 19 (1349.1 its/hit = 0.000s/hit): seed=16929941806073392672 [25, 45, 70, 81, 112, 127, 161, 163, 247, 258, 324, 337, 348, 371, 376, 433, 445, 454, 462]
logs_monomial/n9_monomialInverse.txt.bz2.greedyext.20260222_000855.txt

111 116 137 149 159 186 196 212 224 279 281 286 289 300 334 371 395 442 457
Iter#38932 New set #40 of size 19 (973.3 its/hit = 0.000s/hit): seed=9826617535999602383 [111, 116, 137, 149, 159, 186, 196, 212, 224, 279, 281, 286, 289, 300, 334, 371, 395, 442, 457]
logs_monomial/n9_monomialInverse.txt.bz2.greedyext.20260220_210834.txt

89 151 157 176 224 226 249 343 354 357 358 361 386 414 442 451 458 505 508
Iter#58704 New set #50 of size 19 (1174.1 its/hit = 0.000s/hit): seed=18069534950272964006 [89, 151, 157, 176, 224, 226, 249, 343, 354, 357, 358, 361, 386, 414, 442, 451, 458, 505, 508]
logs_monomial/n9_monomialInverse.txt.bz2.greedyext.20260222_000855.txt

69 78 184 200 201 220 235 258 310 318 321 344 361 383 417 424 450 483 492
Iter#76479 New set #60 of size 19 (1274.7 its/hit = 0.000s/hit): seed=15240075873177888273 [69, 78, 184, 200, 201, 220, 235, 258, 310, 318, 321, 344, 361, 383, 417, 424, 450, 483, 492]
logs_monomial/n9_monomialInverse.txt.bz2.greedyext.20260223_083631.txt

41 111 121 182 233 243 246 247 261 262 270 301 305 329 340 359 420 432 492
Iter#118632 New set #100 of size 19 (1186.3 its/hit = 0.010s/hit): seed=16431327602657827961 [41, 111, 121, 182, 233, 243, 246, 247, 261, 262, 270, 301, 305, 329, 340, 359, 420, 432, 492]
logs_monomial/n9_monomialInverse.txt.bz2.greedyext.20260223_083632.txt

62 73 74 79 127 154 155 176 185 264 287 340 407 419 425 439 441 490 505
Iter#7417239 New set #6000 of size 19 (1236.2 its/hit = 0.012s/hit): seed=9249860077891911385 [62, 73, 74, 79, 127, 154, 155, 176, 185, 264, 287, 340, 407, 419, 425, 439, 441, 490, 505]
logs_monomial/n9_monomialInverse.txt.bz2.greedyext.20260223_083632.txt

77 95 105 152 172 203 257 323 351 357 392 417 422 451 461 463 466 482 506
Iter#1277827 New set #1000 of size 19 (1277.8 its/hit = 0.012s/hit): seed=12903715807436347517 [77, 95, 105, 152, 172, 203, 257, 323, 351, 357, 392, 417, 422, 451, 461, 463, 466, 482, 506]
logs_monomial/n9_monomialInverse.txt.bz2.greedyext.20260223_083633.txt

3 4 17 94 103 121 130 218 226 242 261 298 302 307 377 389 420 489 497
Iter#378081194 New set #300000 of size 19 (1260.3 its/hit = 0.012s/hit): seed=3239999614075569187 [3, 4, 17, 94, 103, 121, 130, 218, 226, 242, 261, 298, 302, 307, 377, 389, 420, 489, 497]
logs_monomial/n9_monomialInverse.txt.bz2.greedyext.20260222_000855.txt

11 63 98 110 139 149 176 265 282 290 311 323 328 334 361 421 442 458 472
Iter#29096 New set #20 of size 19 (1454.8 its/hit = 0.000s/hit): seed=13644346020388398110 [11, 63, 98, 110, 139, 149, 176, 265, 282, 290, 311, 323, 328, 334, 361, 421, 442, 458, 472]
logs_monomial/n9_monomialInverse.txt.bz2.greedyext.20260223_083632.txt

5 10 128 149 156 172 224 225 251 279 317 323 360 376 436 461 466 484 495
Iter#9242 New set #5 of size 19 (1848.4 its/hit = 0.000s/hit): seed=17862214408718790026 [5, 10, 128, 149, 156, 172, 224, 225, 251, 279, 317, 323, 360, 376, 436, 461, 466, 484, 495]
logs_monomial/n9_monomialInverse.txt.bz2.greedyext.20260222_000855.txt

1 75 80 88 102 119 132 158 161 175 222 223 252 312 360 420 434 462 507
Iter#1128930 New set #900 of size 19 (1254.4 its/hit = 0.011s/hit): seed=3485603943973751079 [1, 75, 80, 88, 102, 119, 132, 158, 161, 175, 222, 223, 252, 312, 360, 420, 434, 462, 507]
logs_monomial/n9_monomialInverse.txt.bz2.greedyext.20260222_000855.txt

13 48 83 84 106 116 173 174 183 203 224 239 248 252 267 301 452 492 504
Iter#8742626 New set #7000 of size 19 (1248.9 its/hit = 0.011s/hit): seed=18431758487983299530 [13, 48, 83, 84, 106, 116, 173, 174, 183, 203, 224, 239, 248, 252, 267, 301, 452, 492, 504]
logs_monomial/n9_monomialInverse.txt.bz2.greedyext.20260222_000855.txt

39 109 114 119 228 242 276 336 355 383 402 433 435 448 462 497 498 504 510
Iter#60857 New set #60 of size 19 (1014.3 its/hit = 0.000s/hit): seed=6373276513008217537 [39, 109, 114, 119, 228, 242, 276, 336, 355, 383, 402, 433, 435, 448, 462, 497, 498, 504, 510]
logs_monomial/n9_monomialInverse.txt.bz2.greedyext.20260223_083632.txt

95 100 116 132 140 144 158 231 254 256 257 290 294 334 406 431 434 464 494
Iter#12639989 New set #10000 of size 19 (1264.0 its/hit = 0.014s/hit): seed=10530824974370706377 [95, 100, 116, 132, 140, 144, 158, 231, 254, 256, 257, 290, 294, 334, 406, 431, 434, 464, 494]
logs_monomial/n9_monomialInverse.txt.bz2.greedyext.20260223_083631.txt

13 81 96 178 205 264 279 283 287 307 328 363 405 435 462 487 497 498 507
Iter#3491 New set #2 of size 19 (1745.5 its/hit = 0.000s/hit): seed=11220218172221227312 [13, 81, 96, 178, 205, 264, 279, 283, 287, 307, 328, 363, 405, 435, 462, 487, 497, 498, 507]
logs_monomial/n9_monomialInverse.txt.bz2.greedyext.20260223_083633.txt

6 52 69 86 96 99 118 154 207 231 245 259 262 322 332 341 363 432 462
Iter#520864 New set #400 of size 19 (1302.2 its/hit = 0.013s/hit): seed=13887984941326386016 [6, 52, 69, 86, 96, 99, 118, 154, 207, 231, 245, 259, 262, 322, 332, 341, 363, 432, 462]
logs_monomial/n9_monomialInverse.txt.bz2.greedyext.20260223_083633.txt

63 64 92 158 166 184 200 210 213 252 282 313 319 356 391 406 436 457 464
Iter#631705310 New set #500000 of size 19 (1263.4 its/hit = 0.012s/hit): seed=6718474399297619783 [63, 64, 92, 158, 166, 184, 200, 210, 213, 252, 282, 313, 319, 356, 391, 406, 436, 457, 464]
logs_monomial/n9_monomialInverse.txt.bz2.greedyext.20260222_000855.txt

13 22 33 120 133 160 163 185 222 264 282 288 299 346 357 364 376 443 497
Iter#117619 New set #90 of size 19 (1306.9 its/hit = 0.011s/hit): seed=14279812718098352780 [13, 22, 33, 120, 133, 160, 163, 185, 222, 264, 282, 288, 299, 346, 357, 364, 376, 443, 497]
logs_monomial/n9_monomialInverse.txt.bz2.greedyext.20260222_000855.txt

6 26 116 152 168 174 183 184 201 211 256 276 295 299 314 333 372 431 450
Iter#96427 New set #80 of size 19 (1205.3 its/hit = 0.000s/hit): seed=3829153538007359053 [6, 26, 116, 152, 168, 174, 183, 184, 201, 211, 256, 276, 295, 299, 314, 333, 372, 431, 450]
logs_monomial/n9_monomialInverse.txt.bz2.greedyext.20260222_000855.txt

4 27 79 200 217 318 329 332 371 385 405 411 413 425 451 452 456 477 488
Iter#378175725 New set #300000 of size 19 (1260.6 its/hit = 0.012s/hit): seed=17406989504135240412 [4, 27, 79, 200, 217, 318, 329, 332, 371, 385, 405, 411, 413, 425, 451, 452, 456, 477, 488]
logs_monomial/n9_monomialInverse.txt.bz2.greedyext.20260220_210834.txt

7 45 59 67 154 239 309 314 315 324 339 370 395 425 454 459 461 486 508
Iter#113277 New set #90 of size 19 (1258.6 its/hit = 0.011s/hit): seed=11486367488778753508 [7, 45, 59, 67, 154, 239, 309, 314, 315, 324, 339, 370, 395, 425, 454, 459, 461, 486, 508]
logs_monomial/n9_monomialInverse.txt.bz2.greedyext.20260223_083631.txt

18 26 52 68 128 129 149 189 207 217 309 323 328 345 360 371 411 417 479
Iter#914045 New set #700 of size 19 (1305.8 its/hit = 0.013s/hit): seed=9895951742014259662 [18, 26, 52, 68, 128, 129, 149, 189, 207, 217, 309, 323, 328, 345, 360, 371, 411, 417, 479]
logs_monomial/n9_monomialInverse.txt.bz2.greedyext.20260223_083633.txt

23 63 64 87 108 121 132 179 197 220 278 287 309 391 415 416 467 483 493
Iter#712261 New set #600 of size 19 (1187.1 its/hit = 0.010s/hit): seed=4176494507835217346 [23, 63, 64, 87, 108, 121, 132, 179, 197, 220, 278, 287, 309, 391, 415, 416, 467, 483, 493]
logs_monomial/n9_monomialInverse.txt.bz2.greedyext.20260223_083632.txt

17 18 70 132 144 181 220 228 242 268 334 370 379 382 416 452 467 477 510
Iter#601042 New set #500 of size 19 (1202.1 its/hit = 0.010s/hit): seed=10609462939962899801 [17, 18, 70, 132, 144, 181, 220, 228, 242, 268, 334, 370, 379, 382, 416, 452, 467, 477, 510]
logs_monomial/n9_monomialInverse.txt.bz2.greedyext.20260223_083632.txt

38 54 65 98 150 152 180 230 231 234 258 266 343 360 364 393 431 482 485
Iter#103566 New set #80 of size 19 (1294.6 its/hit = 0.000s/hit): seed=7515439626000965195 [38, 54, 65, 98, 150, 152, 180, 230, 231, 234, 258, 266, 343, 360, 364, 393, 431, 482, 485]
logs_monomial/n9_monomialInverse.txt.bz2.greedyext.20260223_083631.txt

22 56 64 68 71 73 259 264 281 284 303 359 406 423 424 443 463 477 507
Iter#6332 New set #4 of size 19 (1583.0 its/hit = 0.000s/hit): seed=11286222777180171170 [22, 56, 64, 68, 71, 73, 259, 264, 281, 284, 303, 359, 406, 423, 424, 443, 463, 477, 507]
logs_monomial/n9_monomialInverse.txt.bz2.greedyext.20260223_083632.txt

46 84 89 123 174 229 300 304 307 333 340 362 369 375 407 411 412 438 501
Iter#1255559 New set #1000 of size 19 (1255.6 its/hit = 0.011s/hit): seed=8569761233092768959 [46, 84, 89, 123, 174, 229, 300, 304, 307, 333, 340, 362, 369, 375, 407, 411, 412, 438, 501]
logs_monomial/n9_monomialInverse.txt.bz2.greedyext.20260220_210834.txt

12 69 99 103 134 154 202 205 224 240 246 250 265 276 317 450 483 486 503
Iter#44610 New set #40 of size 19 (1115.2 its/hit = 0.000s/hit): seed=5092989016384590288 [12, 69, 99, 103, 134, 154, 202, 205, 224, 240, 246, 250, 265, 276, 317, 450, 483, 486, 503]
logs_monomial/n9_monomialInverse.txt.bz2.greedyext.20260223_083632.txt

29 32 48 70 95 128 137 152 220 226 228 276 316 327 338 353 358 411 468
Iter#70760 New set #60 of size 19 (1179.3 its/hit = 0.000s/hit): seed=3193732368757267341 [29, 32, 48, 70, 95, 128, 137, 152, 220, 226, 228, 276, 316, 327, 338, 353, 358, 411, 468]
logs_monomial/n9_monomialInverse.txt.bz2.greedyext.20260222_000855.txt

10 29 51 54 77 86 117 155 183 192 196 245 246 274 275 343 346 501 510
Iter#245358 New set #200 of size 19 (1226.8 its/hit = 0.010s/hit): seed=7984029787094723281 [10, 29, 51, 54, 77, 86, 117, 155, 183, 192, 196, 245, 246, 274, 275, 343, 346, 501, 510]
logs_monomial/n9_monomialInverse.txt.bz2.greedyext.20260223_083633.txt

25 54 75 113 134 135 152 154 159 187 204 248 261 320 336 393 431 487 495
Iter#261538 New set #200 of size 19 (1307.7 its/hit = 0.010s/hit): seed=4468778597034912462 [25, 54, 75, 113, 134, 135, 152, 154, 159, 187, 204, 248, 261, 320, 336, 393, 431, 487, 495]
logs_monomial/n9_monomialInverse.txt.bz2.greedyext.20260223_083632.txt

14 38 61 64 167 180 199 247 274 343 361 388 456 459 465 492 498 500 508
Iter#442 New set #1 of size 19 (442.0 its/hit = 0.000s/hit): seed=11838590693323206779 [14, 38, 61, 64, 167, 180, 199, 247, 274, 343, 361, 388, 456, 459, 465, 492, 498, 500, 508]
logs_monomial/n9_monomialInverse.txt.bz2.greedyext.20260223_083632.txt

34 39 79 99 116 130 138 144 224 244 268 322 393 400 406 412 452 476 499
Iter#751765 New set #600 of size 19 (1252.9 its/hit = 0.010s/hit): seed=16765074450797078863 [34, 39, 79, 99, 116, 130, 138, 144, 224, 244, 268, 322, 393, 400, 406, 412, 452, 476, 499]
logs_monomial/n9_monomialInverse.txt.bz2.greedyext.20260220_210834.txt

4 32 37 63 75 87 126 181 246 276 288 292 344 441 452 458 467 507 508
Iter#640618 New set #500 of size 19 (1281.2 its/hit = 0.010s/hit): seed=5019763832168563117 [4, 32, 37, 63, 75, 87, 126, 181, 246, 276, 288, 292, 344, 441, 452, 458, 467, 507, 508]
logs_monomial/n9_monomialInverse.txt.bz2.greedyext.20260223_083631.txt

25 26 41 87 96 198 243 289 310 321 358 366 407 425 447 452 465 475 477
Iter#113562672 New set #90000 of size 19 (1261.8 its/hit = 0.012s/hit): seed=1964738298883188987 [25, 26, 41, 87, 96, 198, 243, 289, 310, 321, 358, 366, 407, 425, 447, 452, 465, 475, 477]
logs_monomial/n9_monomialInverse.txt.bz2.greedyext.20260220_210834.txt

11 14 34 40 112 114 146 149 170 183 213 225 262 278 300 315 440 470 493
Iter#50397215 New set #40000 of size 19 (1259.9 its/hit = 0.012s/hit): seed=4208159859117520449 [11, 14, 34, 40, 112, 114, 146, 149, 170, 183, 213, 225, 262, 278, 300, 315, 440, 470, 493]
logs_monomial/n9_monomialInverse.txt.bz2.greedyext.20260222_000855.txt

16 24 49 65 105 113 127 156 179 201 238 244 271 291 298 320 348 376 435
Iter#6266497 New set #5000 of size 19 (1253.3 its/hit = 0.011s/hit): seed=17062153560647622250 [16, 24, 49, 65, 105, 113, 127, 156, 179, 201, 238, 244, 271, 291, 298, 320, 348, 376, 435]
logs_monomial/n9_monomialInverse.txt.bz2.greedyext.20260223_083632.txt

15 80 127 149 160 246 327 371 375 379 380 382 397 416 426 437 448 454 471
Iter#12557792 New set #10000 of size 19 (1255.8 its/hit = 0.012s/hit): seed=8859258815158339496 [15, 80, 127, 149, 160, 246, 327, 371, 375, 379, 380, 382, 397, 416, 426, 437, 448, 454, 471]
logs_monomial/n9_monomialInverse.txt.bz2.greedyext.20260222_000855.txt

26 38 80 134 136 161 167 173 181 233 296 315 319 324 362 398 418 498 507
Iter#1219506 New set #1000 of size 19 (1219.5 its/hit = 0.011s/hit): seed=1391345835910738194 [26, 38, 80, 134, 136, 161, 167, 173, 181, 233, 296, 315, 319, 324, 362, 398, 418, 498, 507]
logs_monomial/n9_monomialInverse.txt.bz2.greedyext.20260223_083632.txt

52 65 108 145 148 156 170 194 206 209 229 283 318 351 407 424 479 490 508
Iter#522646 New set #400 of size 19 (1306.6 its/hit = 0.010s/hit): seed=2140832795803158277 [52, 65, 108, 145, 148, 156, 170, 194, 206, 209, 229, 283, 318, 351, 407, 424, 479, 490, 508]
logs_monomial/n9_monomialInverse.txt.bz2.greedyext.20260222_000855.txt

30 47 77 105 160 192 250 252 262 293 299 305 306 332 340 361 364 370 468
Iter#74819 New set #70 of size 19 (1068.8 its/hit = 0.000s/hit): seed=3339272863773787796 [30, 47, 77, 105, 160, 192, 250, 252, 262, 293, 299, 305, 306, 332, 340, 361, 364, 370, 468]
logs_monomial/n9_monomialInverse.txt.bz2.greedyext.20260223_083633.txt

5 40 59 105 140 165 183 192 202 267 278 316 317 358 383 384 459 471 488
Iter#1162271 New set #900 of size 19 (1291.4 its/hit = 0.012s/hit): seed=11772095981885515839 [5, 40, 59, 105, 140, 165, 183, 192, 202, 267, 278, 316, 317, 358, 383, 384, 459, 471, 488]
logs_monomial/n9_monomialInverse.txt.bz2.greedyext.20260223_083633.txt

4 39 72 90 102 113 218 262 266 295 321 335 372 380 387 409 413 433 457
Iter#12658 New set #6 of size 19 (2109.7 its/hit = 0.000s/hit): seed=17545471064533870005 [4, 39, 72, 90, 102, 113, 218, 262, 266, 295, 321, 335, 372, 380, 387, 409, 413, 433, 457]
logs_monomial/n9_monomialInverse.txt.bz2.greedyext.20260223_083631.txt

17 20 22 43 53 82 93 148 166 177 222 258 290 388 442 454 464 467 511
Iter#1230689 New set #1000 of size 19 (1230.7 its/hit = 0.011s/hit): seed=16927057639450284230 [17, 20, 22, 43, 53, 82, 93, 148, 166, 177, 222, 258, 290, 388, 442, 454, 464, 467, 511]
logs_monomial/n9_monomialInverse.txt.bz2.greedyext.20260222_000855.txt

59 96 106 222 228 233 239 256 296 301 310 335 357 370 390 391 404 488 495
Iter#18735 New set #10 of size 19 (1873.5 its/hit = 0.000s/hit): seed=11583869306658752632 [59, 96, 106, 222, 228, 233, 239, 256, 296, 301, 310, 335, 357, 370, 390, 391, 404, 488, 495]
logs_monomial/n9_monomialInverse.txt.bz2.greedyext.20260223_083631.txt

13 16 36 43 99 109 118 193 225 260 291 321 326 338 371 410 421 474 505
Iter#56313 New set #50 of size 19 (1126.3 its/hit = 0.000s/hit): seed=936443339276122456 [13, 16, 36, 43, 99, 109, 118, 193, 225, 260, 291, 321, 326, 338, 371, 410, 421, 474, 505]
logs_monomial/n9_monomialInverse.txt.bz2.greedyext.20260223_083632.txt

24 61 82 123 178 198 220 228 235 298 368 399 427 434 435 447 466 468 487
Iter#8916651 New set #7000 of size 19 (1273.8 its/hit = 0.012s/hit): seed=8831432558800379662 [24, 61, 82, 123, 178, 198, 220, 228, 235, 298, 368, 399, 427, 434, 435, 447, 466, 468, 487]
logs_monomial/n9_monomialInverse.txt.bz2.greedyext.20260220_210834.txt

30 46 67 90 114 151 158 172 180 226 239 244 262 275 385 386 437 439 504
Iter#12850 New set #7 of size 19 (1835.7 its/hit = 0.000s/hit): seed=2035007207462273176 [30, 46, 67, 90, 114, 151, 158, 172, 180, 226, 239, 244, 262, 275, 385, 386, 437, 439, 504]
logs_monomial/n9_monomialInverse.txt.bz2.greedyext.20260223_083631.txt

42 51 57 120 134 171 203 206 241 270 295 321 329 357 386 398 400 459 478
Iter#100905469 New set #80000 of size 19 (1261.3 its/hit = 0.012s/hit): seed=9993237417156312589 [42, 51, 57, 120, 134, 171, 203, 206, 241, 270, 295, 321, 329, 357, 386, 398, 400, 459, 478]
logs_monomial/n9_monomialInverse.txt.bz2.greedyext.20260222_000855.txt

14 59 117 122 125 137 159 231 280 282 328 339 377 425 432 453 475 479 485
Iter#12739467 New set #10000 of size 19 (1273.9 its/hit = 0.012s/hit): seed=980410924442085882 [14, 59, 117, 122, 125, 137, 159, 231, 280, 282, 328, 339, 377, 425, 432, 453, 475, 479, 485]
logs_monomial/n9_monomialInverse.txt.bz2.greedyext.20260220_210834.txt

35 41 45 58 67 94 117 196 250 253 284 300 317 364 457 471 480 495 500
Iter#20655 New set #20 of size 19 (1032.8 its/hit = 0.000s/hit): seed=4987286711132548319 [35, 41, 45, 58, 67, 94, 117, 196, 250, 253, 284, 300, 317, 364, 457, 471, 480, 495, 500]
logs_monomial/n9_monomialInverse.txt.bz2.greedyext.20260223_083633.txt

32 47 104 128 158 165 171 203 277 329 330 352 360 422 423 426 445 453 464
Iter#13056 New set #8 of size 19 (1632.0 its/hit = 0.000s/hit): seed=8152806190813019527 [32, 47, 104, 128, 158, 165, 171, 203, 277, 329, 330, 352, 360, 422, 423, 426, 445, 453, 464]
logs_monomial/n9_monomialInverse.txt.bz2.greedyext.20260223_083631.txt

6 8 44 76 94 106 108 184 206 237 239 243 288 344 348 349 390 427 466
Iter#6092 New set #6 of size 19 (1015.3 its/hit = 0.000s/hit): seed=3222292729326632293 [6, 8, 44, 76, 94, 106, 108, 184, 206, 237, 239, 243, 288, 344, 348, 349, 390, 427, 466]
logs_monomial/n9_monomialInverse.txt.bz2.greedyext.20260223_083633.txt

33 34 59 84 148 157 205 221 236 238 316 337 343 391 426 450 457 460 465
Iter#3829624 New set #3000 of size 19 (1276.5 its/hit = 0.012s/hit): seed=15173880210657609131 [33, 34, 59, 84, 148, 157, 205, 221, 236, 238, 316, 337, 343, 391, 426, 450, 457, 460, 465]
logs_monomial/n9_monomialInverse.txt.bz2.greedyext.20260223_083631.txt

4 30 55 85 96 100 107 191 233 250 274 297 319 338 350 358 377 490 493
Iter#32108 New set #30 of size 19 (1070.3 its/hit = 0.000s/hit): seed=5653327089249354252 [4, 30, 55, 85, 96, 100, 107, 191, 233, 250, 274, 297, 319, 338, 350, 358, 377, 490, 493]
logs_monomial/n9_monomialInverse.txt.bz2.greedyext.20260223_083633.txt

4 18 28 49 65 72 85 128 133 151 187 227 248 260 267 279 414 426 459
Iter#386834 New set #300 of size 19 (1289.4 its/hit = 0.010s/hit): seed=2017545676357805 [4, 18, 28, 49, 65, 72, 85, 128, 133, 151, 187, 227, 248, 260, 267, 279, 414, 426, 459]
logs_monomial/n9_monomialInverse.txt.bz2.greedyext.20260220_210834.txt

16 23 38 91 101 103 108 114 187 207 208 214 242 290 303 380 400 446 505
Iter#113427601 New set #90000 of size 19 (1260.3 its/hit = 0.012s/hit): seed=11752906882440322244 [16, 23, 38, 91, 101, 103, 108, 114, 187, 207, 208, 214, 242, 290, 303, 380, 400, 446, 505]
logs_monomial/n9_monomialInverse.txt.bz2.greedyext.20260222_000855.txt

